[505 701 -133 -75 43 67 -267 -43 243 -63 -138 319 -154 211 -520 182 206 -448 -64 -95 -91 196 -278 -39 -684 -215 -319 -236 44 3 -279 72 -311 133 -220 213 36 -166 276 228 -20 -253 -809 -183 -15 -210 -224 126 188 -174 5 138 535 -370 186 -103 105 -230 -78 -189 -155 -332 -92 -381 -135 -34 411 -514 -22 -276 169 -4 9 -6 318 -92 74 -29 -61 -86 165 -211 444 -101 66 21 34 173 -225 -302 623 347 -90 -14 92 197 62 262 174 358 -116 1 -212 88 622 454 348 -311 -177 -78 235 -308 235] 2788.2
[-12 -26 -124 234 -120 483 116 -102 -175 -128 -269 14 -31 -156 265 -100 204 -4 212 -248 -138 -526 -692 -17 -277 -341 -53 476 475 122 -39 20 -50 -10 -323 386 -162 460 -171 277 -115 -33 5 250 374 60 415 -48 241 -163 26 -66 -14 -5 32 211 337 -227 42 329 206 426 46 568 -428 135 7 -325 74 38 -40 -166 -104 61 277 24 75 46 165 124 -763 19 167 -57 180 214 -627 -394 633 223 406 33 -68 -444 59 -59 -112 -290 -100 -519 -298 -137 -93 -101 254 -55 155 515 -215 240 605 -77 244] 2838.01
[-9 -396 21 144 130 -247 -16 30 -30 -325 -58 -31 141 -203 47 -101 -272 -73 -50 281 -106 -60 203 39 -437 911 88 -117 332 -257 344 420 19 131 432 172 164 -442 -109 173 131 -205 367 -293 -430 161 -203 -162 285 17 -416 213 -475 -123 -248 -191 -520 213 185 -253 -61 -362 88 58 -280 241 -96 290 111 307 187 -242 256 103 -121 -208 81 -331 -10 -522 -164 -119 429 -13 525 175 146 85 -381 57 -24 340 -676 -496 -212 88 64 266 251 -278 -179 169 225 -163 -206 -102 -115 -87 -532 -360 45 96 -578] 2853.95
[-138 -91 -317 439 258 490 712 -302 -303 -496 -401 349 40 92 113 -160 -52 -208 219 66 -132 -224 45 -53 -533 298 785 397 494 547 -68 131 -393 467 -189 318 34 177 162 551 -333 -575 285 181 93 475 -194 10 491 46 107 225 -232 -144 272 14 -126 26 -127 -406 -300 -69 -311 -48 -341 133 -48 -173 654 -190 -322 -366 129 499 -464 174 46 -108 -12 173 -415 -143 272 -120 213 -4 176 -11 152 -208 108 48 -739 110 -297 -341 -24 -103 -58 69 176 -47 128 36 -32 -416 568 -112 -466 -213 512 20 3] 3170.02
[632 -700 -87 -314 234 -253 -91 -76 -312 734 63 175 266 -155 -241 -89 -85 -383 -8 27 -118 -126 -269 297 -12 -669 -480 92 176 -315 118 259 -82 -24 -161 -222 -162 45 -431 -441 163 452 401 254 248 -56 468 -22 -466 -222 -310 -330 362 149 -34 357 -117 -113 406 529 322 187 78 82 -436 -147 162 186 -303 -68 -137 200 395 -109 494 314 232 -227 328 -311 -25 285 -187 248 89 247 -69 -381 163 427 -133 7 349 -167 83 -381 313 -660 -88 199 -100 -106 -143 -258 75 4 -436 123 542 -180 434 582 68] 3121.12
[124 -382 60 -67 124 159 -288 -126 311 -424 175 -124 388 -64 -388 319 -52 -259 -320 317 -327 33 -690 223 -659 26 -337 -207 391 -195 -532 121 21 139 183 -108 416 -388 860 -260 25 -477 275 -400 -266 -372 -80 -192 -23 -290 -322 47 436 -387 -266 260 -105 -161 -119 144 -60 -477 455 -72 -154 -276 395 -217 -75 -135 187 -391 431 -85 386 -18 704 -474 -274 -373 -928 73 553 -267 330 379 -166 -104 1 315 229 35 -52 -609 -236 -106 -138 94 398 -168 -28 130 -160 368 -128 222 -278 69 -108 -156 368 -636 -190] 3345.59
[-16 583 164 57 -85 -228 -212 141 -659 136 -189 219 98 -36 107 -93 -190 238 117 -164 -342 -609 -279 -399 -134 -776 159 223 325 -507 110 211 -180 -262 -551 -433 -84 -206 -232 -208 -179 -87 225 -264 453 -354 446 199 -385 329 -278 -2 -220 -69 9 273 -64 -145 204 328 50 63 443 249 -59 241 126 334 -304 219 -209 186 -23 -263 22 504 -19 -351 188 369 -39 620 -341 174 -185 -25 6 -177 395 4 163 507 -30 -239 69 87 81 -69 115 -408 -775 367 57 -65 -41 -159 -305 635 793 -314 161 366 -23] 3143.75
[-803 414 582 124 -189 178 -543 192 413 -161 142 116 68 -105 -133 7 -104 244 100 141 484 78 237 -563 549 29 138 -178 -74 -235 -331 -138 63 -314 -308 -1010 -286 -120 174 -604 36 363 -41 -667 -185 -458 342 -313 -755 218 -160 -121 -157 -320 -8 -280 199 12 -386 -245 357 0 23 -160 178 -327 -196 120 -380 58 282 86 -174 -378 -322 199 -34 -337 23 650 280 -86 -628 373 -394 460 -14 21 -497 -36 -352 -241 541 82 254 365 -82 339 -142 -353 -197 88 -82 468 -173 6 -496 501 649 415 -316 140 589] 3524.48
[-656 -405 -26 180 -57 33 87 111 26 49 -120 -538 577 -217 241 165 131 -141 -351 499 412 -445 -60 246 -201 -53 285 42 89 119 -740 597 226 189 -649 -666 181 131 404 -632 -264 277 603 233 -205 -374 322 407 -1121 -279 -76 -309 -133 143 -53 -151 290 527 359 49 248 -18 213 303 -190 -132 128 234 -61 54 219 -88 605 121 -49 390 280 -391 -294 553 -166 158 -96 33 -399 502 2 -296 87 180 -263 -374 504 368 604 -239 39 -168 -154 302 19 175 -141 134 -62 -84 -317 -51 260 -78 176 452 29] 3419.59
[-51 -389 -499 -401 203 21 160 -16 381 652 -296 -136 67 -31 -411 35 195 -389 -426 284 261 358 226 -25 -69 131 271 -590 -422 97 -683 -328 186 303 -174 -361 153 114 -14 -667 -183 -173 -200 339 -182 32 196 -16 -456 -506 -153 -101 36 101 153 -106 249 226 489 303 -336 51 22 -245 -266 7 247 152 -144 -544 -565 619 311 434 -233 -186 -167 -286 117 -163 277 -643 -180 -385 -173 -387 726 -151 561 -343 -639 -489 262 416 384 -16 271 -27 -303 516 298 -40 -19 157 -17 79 119 -711 18 -50 -630 334 131] 3432.33
[60 260 -193 196 534 -230 99 -270 -2 -190 -244 603 212 264 -423 -259 169 -363 389 281 -285 400 441 -215 -303 511 169 -279 255 111 93 27 -108 -95 -469 -525 36 -259 37 -352 -666 -874 126 -364 238 94 87 -228 216 60 229 267 330 75 307 32 -260 -151 -162 -363 -511 -523 118 -464 -92 34 -233 -490 -129 -396 109 -328 612 -26 -95 478 -397 -390 112 -402 -299 -341 -323 -182 570 -122 514 268 -43 -134 255 690 -604 -1 -108 -405 95 127 57 744 -437 333 -266 74 -50 70 8 -409 270 141 -177 -179 -153] 3394.29
[-215 -257 -410 96 513 -204 -578 -525 91 132 -541 -247 485 11 188 -63 261 91 -351 212 -234 -917 -274 63 -85 -159 -122 -90 256 -350 -438 -342 -22 -379 -634 -464 -212 14 -389 -1349 -159 362 152 -167 339 -39 615 93 -518 -201 -339 208 -5 292 -183 492 120 -219 142 452 -26 -171 44 495 -167 196 141 -403 -386 408 21 61 624 292 289 341 273 -526 13 -286 -568 345 -467 -807 126 225 -241 307 714 362 -196 185 108 -381 569 -34 384 -219 -256 129 -411 289 -651 -201 128 -76 -449 472 642 127 -30 -85 272] 3855.06
[294 460 -85 26 -152 -274 -270 -421 686 -218 -15 -580 -130 -46 -366 -4 -171 266 -119 -344 -355 -6 -318 124 -352 344 -18 219 -220 418 -482 -418 -112 -689 -118 140 122 -179 628 -3 298 178 -122 91 -389 -154 -837 -81 207 367 213 321 267 -310 -29 -91 -169 -139 -548 46 155 -83 172 -176 454 -210 334 -448 117 -330 199 -846 -346 -549 260 -353 569 302 -759 -303 -334 -43 161 -696 361 -127 -528 116 -382 5 -365 -285 262 -227 -192 231 -479 -140 -40 -198 161 -346 175 67 46 -217 592 -72 -90 155 -294 -897 92] 3544.97
[-146 458 62 44 -279 -247 -278 474 -190 -455 -68 -673 199 -12 165 537 131 829 -56 -72 -315 85 170 410 468 654 68 -378 -11 -9 -256 536 711 -454 -457 -712 450 195 597 247 240 -405 458 -621 -128 -551 321 511 -515 184 534 532 114 494 -33 -50 -120 297 426 259 -370 -406 1295 546 665 -24 294 71 -433 112 1 -154 -137 -85 130 69 -136 279 -447 343 -307 9 -607 -504 -134 -114 270 -43 329 -222 -98 360 212 221 -44 254 -779 97 401 404 -396 156 -193 266 -377 -49 201 -69 229 320 -641 -260 -248] 3981.52
[326 4 389 -131 -606 43 242 582 -598 730 -222 -370 71 -61 -304 518 -478 231 132 -219 -20 149 -153 -231 97 -410 130 313 -408 -576 -107 64 643 -232 238 -238 237 -55 -208 359 404 -273 528 -7 383 -736 510 327 -364 116 -542 -8 60 385 -187 -155 391 514 736 313 -211 115 402 314 538 191 450 311 229 -212 -889 573 -34 -69 124 -62 -490 63 460 260 349 154 -485 -510 -569 -474 513 -390 366 -194 -115 394 495 96 -85 147 -374 -190 723 -261 -244 164 303 -155 -279 164 -70 59 566 264 -137 645 -480] 3860.57
[432 -687 -362 -448 194 -377 465 -562 -366 267 208 -57 201 76 -78 503 -266 -330 -192 79 124 419 453 51 -9 289 -248 -93 596 248 48 -305 -140 593 790 -52 -63 -659 -253 -516 -680 -124 402 -111 86 787 -580 -610 359 38 34 -407 -25 258 -212 634 -198 -74 12 -82 -582 -253 -216 -507 -152 310 -358 36 -236 -540 -263 -43 1052 118 -594 211 -100 -317 644 -916 24 -471 123 -338 640 -229 971 -6 270 155 23 505 -499 -185 -221 -525 84 39 188 426 264 265 -158 -383 -693 -404 -122 -492 -302 -96 29 -297 -440] 4117.75
[-307 -443 -595 -374 529 816 529 336 -43 -279 -461 159 -62 -17 -102 253 562 -118 183 -87 -170 -175 -86 13 45 -939 288 -177 -522 44 -436 267 -339 510 -591 142 29 560 103 175 472 -208 -96 415 452 -481 306 673 31 -899 -264 441 -266 477 294 150 363 135 -232 -1 -529 -88 -335 255 -385 -5 602 -339 450 220 -438 611 -246 990 432 151 -138 392 -55 717 472 190 -56 -280 -525 267 184 443 719 -464 37 -335 291 27 90 -160 51 -409 49 810 128 -100 95 190 438 -154 -15 -483 63 -122 848 349 429] 4101.99
[382 323 -322 -416 -11 -384 106 102 0 -4 65 518 26 249 -863 299 -68 -174 34 -969 -673 777 232 -538 32 -547 -170 -515 391 247 408 356 -634 29 -788 -832 -132 -322 691 -170 231 -85 -114 -246 221 -474 -361 -153 -230 57 437 110 137 -372 -86 -9 -245 -373 -33 84 -276 -677 262 -331 -370 -11 430 66 -299 -742 -246 91 -339 -322 -389 451 18 255 -321 -62 808 -188 -300 949 -189 -187 315 -308 -350 -470 92 340 13 271 -122 -229 -201 -812 -358 144 -450 -372 444 270 -175 -402 135 -297 147 -270 -36 362 104] 3989.88
[-415 -190 -178 38 -85 161 609 -33 21 -131 -95 -740 132 -50 436 140 487 547 473 -547 449 -502 -3 -316 573 -76 291 484 -20 259 413 -647 404 -92 -101 548 -391 196 -438 -149 -514 174 -45 928 575 -18 -63 2 -137 63 -383 455 -426 343 -605 451 566 -74 -208 -283 -427 451 -771 566 160 514 -124 -127 566 314 206 332 104 691 -121 -142 -549 251 246 385 51 254 138 -295 -197 419 -938 54 498 -181 283 348 15 -82 56 -186 -508 240 -22 39 -102 -249 -73 -359 -240 -603 101 81 -135 762 -191 114 -221] 3897.86
[751 416 -864 -310 -102 -528 271 -139 122 1073 60 -380 -255 -136 -374 236 -210 -335 303 -191 72 51 -330 563 241 -241 -625 241 362 345 -218 284 165 -216 254 484 -110 152 11 409 373 658 -110 18 -115 713 -631 -37 -51 -303 -291 282 -30 -314 97 48 -80 -36 -36 391 56 44 -395 -10 -619 21 213 -86 -174 106 -392 147 -41 -89 181 -322 344 433 560 -224 16 -457 780 -1000 593 122 -223 -246 50 72 -208 -95 244 -305 -151 9 -314 -152 171 272 -106 -281 -113 -831 265 30 100 -62 -444 -120 319 -225 571] 3712.41
[-220 735 467 337 -184 -359 99 110 114 135 -167 -542 -240 -291 -308 -325 -34 394 -474 186 217 396 280 -896 635 -217 665 175 -717 -347 -42 -689 103 -320 -263 -251 -104 65 -781 49 -726 -420 -531 -187 -39 -184 176 -270 163 420 -54 -541 -91 9 158 -132 -259 48 -328 221 43 916 280 -488 733 -288 -502 479 -82 -156 -347 525 -324 -588 -244 -188 -873 -243 274 -90 -83 -113 -803 -158 -399 -579 254 -302 184 211 -344 -40 -31 -74 824 383 -31 532 82 -271 -249 561 -22 229 -284 -292 43 75 925 789 -827 -225 -225] 4228.42
[756 -400 -407 -676 -208 -313 -749 -375 -248 1106 736 -339 -18 21 394 24 -611 18 -903 -526 -5 -175 138 1116 -44 469 -848 -119 -111 77 -137 -485 186 165 204 70 226 -50 18 -510 672 838 -235 400 -629 -172 -171 138 -340 353 365 -75 22 -63 -235 -34 -444 319 684 657 6 -302 759 230 -365 -264 275 179 -492 -191 -214 -87 -76 127 -154 -348 739 -165 67 -106 656 65 -279 62 332 -200 295 349 -179 -211 -736 -419 515 385 -398 504 21 -785 -435 273 814 -81 -41 -169 -126 -92 382 -180 -285 -526 -442 -394 -3] 4392.14
[-692 200 236 124 -621 137 308 -551 271 -160 253 -47 5 238 500 -312 -67 -22 577 -96 482 -203 -242 377 84 631 -266 816 -141 543 -97 209 601 -552 -282 -475 -11 101 685 -601 -334 -67 176 772 5 35 131 -171 -511 487 477 -153 -189 -317 84 -255 -90 207 107 106 72 -110 -71 547 269 -73 -289 -319 -375 -11 775 -775 -217 -267 409 452 173 -83 -535 214 -394 -63 -152 163 -235 -147 -559 -197 36 -136 390 -72 449 79 -88 -471 -897 -479 -282 286 -164 127 370 123 157 209 392 -126 304 207 -9 34 16] 3705.21
[-305 -680 412 285 -404 -136 -490 -93 125 291 -356 -537 275 -20 336 -411 -72 28 585 -137 -333 -133 262 313 -510 532 -615 495 -206 358 172 -324 412 47 96 78 398 -564 -274 -529 265 781 762 468 126 -324 -18 132 741 266 465 -608 -181 869 -177 -148 760 73 -229 345 263 343 7 250 111 456 -280 -779 507 -350 226 -897 403 196 64 -108 -101 296 -126 -324 -417 185 -24 -584 368 -144 -331 147 365 880 4 -394 -28 -227 -333 -54 428 -521 -281 -866 -165 -302 -254 71 52 107 25 320 -544 544 -104 -463 -490] 4149.64
[613 -664 103 271 403 198 -219 -697 -274 92 -99 332 -9 122 -46 -2 -452 -314 674 -79 -293 -65 -21 1009 -132 36 -490 284 -59 -39 -193 385 -163 -64 10 -177 288 65 189 50 722 182 616 309 -75 163 604 -25 573 -503 162 126 22 319 -74 578 -546 -357 -445 122 198 31 -35 -154 597 -616 122 -624 449 -29 -264 -617 -77 212 774 -541 296 244 168 238 57 114 96 -307 114 297 -154 16 -141 330 188 -571 73 -239 -781 -115 -177 -636 461 493 709 -298 -241 198 -89 65 277 -189 303 406 1022 -256 -83] 3886.98
[860 -446 84 315 -204 -194 -176 -902 -246 92 -538 -458 301 305 -453 -589 -386 283 543 -263 -506 -144 -84 -162 -181 252 351 455 -146 -343 168 -246 84 -175 -289 -70 -257 -181 -419 -507 3 -503 179 315 631 417 564 -577 176 275 -523 304 -430 -10 -288 910 -1323 -618 -62 255 -664 68 -512 -47 280 102 66 -86 275 -309 -498 -360 354 696 651 -192 528 -459 297 -516 -302 -124 161 -695 185 -4 -2 -301 608 147 176 298 -628 -844 -499 -113 106 340 379 -298 47 252 -101 318 411 -318 467 239 204 227 268 106 -612] 4288.38
[-123 1341 509 2 -654 -90 306 -76 -283 -216 -389 157 -70 -68 241 -282 230 560 427 -590 470 108 -34 -229 152 100 82 210 256 153 -377 408 172 482 -721 -13 -43 394 -630 353 -792 -545 -878 -196 694 296 409 -353 379 103 546 -124 -410 38 580 61 -400 -326 -47 584 -110 759 82 16 191 466 -118 33 -727 -394 -80 -352 -285 -138 451 375 -108 342 425 306 27 -742 -647 -148 14 -384 445 -877 970 -234 595 749 -471 -632 -312 369 -92 -18 96 341 -535 349 -419 311 482 162 678 445 142 -13 5 165 215] 4425.62
[142 -61 -711 312 -2 214 -2 -562 -472 -62 -500 -150 -165 220 -140 566 405 206 -106 -399 -565 -141 -259 517 -327 -122 318 -80 238 577 -37 145 -224 -485 -412 258 -113 433 39 217 215 223 -41 -279 390 280 19 172 255 -373 162 210 442 -198 -144 142 -223 -432 271 236 -280 -695 -691 303 242 -5 56 -502 382 -679 -591 150 301 507 70 -183 235 52 -438 -490 -318 177 700 -294 -170 -112 -153 309 152 395 194 -154 -455 221 163 -213 67 -267 167 381 378 69 29 364 220 249 448 -161 -581 211 808 93 -243] 3524.6
[-362 320 217 254 -560 -568 -438 -688 -192 738 -94 -542 -279 40 580 -71 -441 672 254 -537 -21 -908 190 504 -174 222 -541 467 -346 465 -125 -208 400 -1101 456 197 204 -455 -444 -544 35 1079 575 339 39 454 -404 116 264 67 378 30 -289 266 -915 142 -95 319 -23 177 -149 156 -332 304 749 436 -95 -414 125 152 458 -638 259 -335 -250 -235 149 136 -452 -338 -44 353 618 -155 31 -379 -488 466 -61 533 260 -252 -200 -301 -310 -28 -462 35 72 -304 -389 -257 275 -598 -362 -116 -689 398 -809 394 -226 -193 -478] 4349.39
[-591 960 -219 139 -562 -442 -656 148 -70 1293 120 -84 -344 -303 183 -588 342 418 359 -387 -821 -676 -333 399 -217 -1110 -239 -30 -350 109 -420 149 93 -553 -1359 -17 625 92 -204 -320 369 -24 -250 301 499 -251 212 279 213 -221 418 -359 -467 211 -314 12 466 -148 -53 507 -96 403 623 357 -266 192 86 108 -441 -363 563 -251 -623 -276 -92 -118 -35 341 109 592 28 196 245 258 157 -311 -601 594 842 383 52 -688 362 -34 -58 690 107 12 -123 -62 -936 49 -182 -209 419 303 -586 618 -178 -361 -12 -454 -146] 4551.66
[30 325 -193 -481 -14 -862 -631 185 -262 -133 -528 125 -117 209 597 -625 -722 180 96 -302 -60 -536 -148 786 -161 366 -202 327 30 -367 125 796 36 381 -404 -57 622 -149 -101 310 149 543 38 275 7 -170 854 560 -39 22 302 530 -1073 520 81 59 -562 339 647 711 15 496 935 296 -232 293 440 729 -164 963 -478 139 -658 57 399 -343 519 -189 10 492 523 165 -190 133 -155 -861 383 -551 299 -456 -606 -467 -356 -288 -496 760 240 -238 -315 -340 -437 -219 422 -337 -381 -388 470 -125 140 -410 -204 432 -200] 4553.82
[44 159 -285 -662 -191 -211 -19 290 15 274 381 17 -380 -214 339 374 -225 -54 -435 -227 324 74 -241 347 432 -180 -803 417 -21 -331 -31 -95 -563 386 500 550 344 43 27 899 230 -71 -819 -279 -240 210 5 -256 395 -128 -331 -374 -438 164 -336 426 -613 516 -338 103 -420 613 423 -82 -16 -44 75 713 -829 583 -325 463 -520 -12 367 -160 118 -239 711 130 347 -193 288 215 -16 -70 243 179 592 -284 155 241 77 -743 251 312 -346 -147 273 288 -313 -115 -211 -80 -255 -652 -263 -110 -199 -546 76 26 88] 3790.3
[752 -205 -141 314 -501 540 -10 74 252 616 -119 -109 -271 331 -770 266 161 -581 586 63 -293 775 -314 -498 317 -472 14 -50 120 -522 -14 -363 198 17 361 -41 211 -185 792 307 604 -56 -81 262 411 238 297 -398 -209 54 -294 -326 -47 72 -308 711 634 -350 146 -16 33 315 -30 -372 -196 323 12 -502 286 -985 -550 128 -161 172 -128 -752 134 106 507 39 243 -604 615 -369 -133 -227 -416 -373 340 -211 -181 -76 1401 165 137 -378 102 -24 12 -1146 307 -629 -132 140 180 583 -15 69 236 189 104 -283 393] 4186.25
[158 -336 -7 -305 -411 481 -86 -546 180 -144 112 110 -580 68 -69 -497 142 291 -466 530 319 210 -144 143 184 -359 -527 354 -15 -13 7 -246 -325 59 317 227 -693 216 -1164 -151 -235 29 -191 162 247 900 75 -617 5 363 -16 -668 -67 -139 -274 71 -563 -142 46 78 392 903 -283 -53 -400 92 -624 -144 -516 133 1450 -40 -175 -796 339 50 114 -106 84 -671 -58 -302 -110 499 386 -335 -86 -122 -363 643 -326 -107 172 -358 -85 -386 183 -141 -182 224 106 -279 505 -315 256 -42 -399 117 270 -163 793 -91 494] 4036.34
[-161 12 -658 -104 581 -487 -101 397 611 -666 -172 -223 -122 -104 154 168 861 -132 -692 60 -167 292 -153 -254 -271 175 90 -204 -686 -179 644 -81 -508 187 169 1077 139 150 17 486 -127 -124 -1187 -484 128 -534 -373 143 732 -200 -334 671 96 727 526 -155 5 346 -383 -263 11 -521 -79 -146 17 124 110 -429 336 305 317 292 168 -19 232 -366 -480 432 -592 -693 922 221 -282 -150 -164 -482 -80 841 -425 -288 -329 -25 70 -205 949 972 430 140 -294 508 44 561 -66 -453 -6 381 -344 -534 -669 -412 -56 -542 -720] 4536.01
[-258 37 354 78 -122 724 -579 -189 3 -372 90 326 -13 488 203 98 -55 157 152 -17 -463 -168 -487 -230 -472 -978 -43 -193 439 399 276 -311 -212 96 465 312 -232 -337 507 33 -736 -415 -12 -289 184 253 51 -205 -262 292 185 152 235 -52 -126 717 126 -809 -120 -17 -49 -98 125 -374 51 -475 194 -86 204 373 703 -280 9 -216 -572 581 274 -241 -879 348 -463 1084 348 1162 -523 -74 -141 -77 -102 -106 995 -209 -734 173 36 16 311 531 -95 -534 -232 -145 -205 180 -298 94 -302 915 -437 -575 -10 0 262] 4166.28
[320 789 -441 -318 372 -444 -310 -1070 682 -659 -105 -258 -176 602 -125 112 819 -445 51 133 649 -351 -203 24 -278 142 123 -448 -196 566 -589 -183 263 -338 -394 -409 65 165 532 -832 -774 247 -166 509 -167 919 -169 432 -161 -88 1374 -20 404 -244 -96 492 256 141 188 -477 -334 212 147 -383 735 -104 52 -361 -482 -372 231 -24 773 -293 161 -365 406 -341 -629 67 -309 -442 997 -192 -13 -269 -13 -385 177 -463 -339 -404 198 352 408 -675 -115 1009 -490 451 584 -193 -63 93 10 -44 302 -958 -7 654 -922 -786 391] 4852.71
[182 -322 70 367 166 -129 -711 -377 591 337 253 -417 -233 280 425 144 -254 -582 -324 -311 -532 -21 42 -290 487 1204 -317 -383 107 -36 315 -394 -36 -910 684 -280 -408 55 -608 -733 247 -317 -289 -88 -309 1013 78 -829 -36 140 -18 -72 -156 357 -161 9 60 -330 40 -520 272 -376 27 194 149 -106 -341 -213 -358 -130 312 -151 -653 -455 -348 -495 -699 622 160 -658 -95 -812 -1112 -76 249 -495 114 75 -191 -352 84 295 -187 55 774 754 -228 474 -166 -218 -224 135 -271 -772 91 -172 -18 261 -581 111 -949 123 -100] 4416.16
[-268 -52 -35 -104 -802 498 -945 -312 137 -353 -716 -353 -33 728 -465 303 -322 -106 118 -496 -69 -186 -197 -536 -1160 87 41 332 -887 -44 289 -95 -53 -562 -206 -243 -685 -414 65 -180 469 409 -382 -487 141 -865 261 199 1 714 -212 271 -822 -241 382 -847 -133 168 626 203 -229 -866 -393 452 -667 -107 477 -676 45 438 289 -213 -231 154 -222 -177 222 -433 -331 321 1010 485 38 -438 -208 -462 182 276 -441 -317 23 -219 -234 -605 220 721 326 -61 166 -656 42 678 1141 257 439 692 922 -55 -137 71 456 -183 357] 4776.6
[290 -152 271 93 661 500 -111 -201 -273 124 -102 562 -16 -285 394 -750 -44 301 488 -637 70 -91 366 -1 -796 131 412 453 -267 382 1096 -1004 -166 109 296 1090 -688 401 -312 592 62 109 -308 312 206 -15 -156 78 542 140 -461 194 161 234 -17 -91 -67 282 -581 -409 -87 107 -795 13 -36 -120 -192 -249 892 53 -108 -414 -110 386 -203 -86 -76 -325 -372 -147 -41 519 377 958 331 778 -340 458 -399 -552 615 -375 -607 -284 -39 116 523 358 -708 -458 435 47 -256 238 364 -321 -181 512 -1192 -47 9 29 255] 4460.04
[-293 -205 -250 -529 -358 428 -486 -63 652 -180 -191 269 107 28 212 -415 10 290 -68 -141 655 9 -123 788 -280 322 -306 252 -719 -315 -730 73 17 -59 -441 -199 -270 601 -352 80 1100 499 -258 364 -27 -316 922 101 -553 -248 -372 61 -84 364 -127 -845 -108 1079 450 -199 -125 767 475 623 -273 187 746 257 -432 88 1116 -315 -713 -75 1007 -418 179 -458 77 235 309 -865 -712 115 354 -89 132 541 429 -533 -329 -158 911 -325 93 60 -315 -444 -419 485 -191 -327 286 61 952 -26 -189 -16 -13 214 154 401 586] 4691.17
[-778 -1000 25 616 347 160 243 -47 167 187 503 120 793 -8 542 135 61 -489 375 -138 -179 -71 84 409 241 -74 72 332 604 133 645 -415 -81 374 560 619 122 -648 793 114 665 280 77 435 -420 323 161 -153 211 -116 -552 -443 -556 -239 -74 352 446 -57 -201 386 -168 -228 -575 166 -390 -24 -314 -163 719 515 225 -365 -359 993 -833 -639 -86 -305 116 97 -273 481 623 138 306 649 -730 772 206 112 338 -338 108 280 573 -483 202 -628 -528 -457 315 228 -517 -424 -174 424 198 432 -285 -168 102 -424 211] 4388.05
[724 -444 -70 -139 678 -32 10 -270 8 55 130 569 -453 -332 -511 -666 42 -551 272 305 -134 278 179 -136 209 -73 112 209 -53 424 -463 -11 -97 54 -318 -602 141 139 432 -371 -109 197 139 148 315 134 -751 99 -69 187 649 46 358 399 902 393 240 183 -864 -391 -147 -637 -68 -551 -520 251 -235 -701 -280 -286 10 -621 523 73 -37 416 324 365 -49 -311 420 10 -149 -355 226 210 192 779 -230 -455 -763 -206 1122 397 -39 -384 22 -62 31 126 128 -202 -197 -262 505 -45 -430 -187 -40 -609 104 -221 499] 3988.03
[396 234 100 -221 310 -131 120 -363 1187 -573 252 -15 -27 -493 -954 -827 390 -497 -69 2 -47 25 -714 -274 346 -920 -129 148 363 356 -583 19 -359 455 -596 373 142 -224 -221 395 -174 634 -180 444 -72 602 -987 -375 786 163 460 -320 1017 -637 218 744 357 -266 -1174 -532 515 911 -460 -872 -204 -83 180 39 194 -280 510 130 -407 116 -68 -565 674 723 160 -56 -650 -243 551 167 168 574 -892 -215 -204 277 -281 -332 133 -403 58 -448 -121 95 -211 -155 -304 -1004 -528 -319 688 -641 -182 372 -5 8 306 -315 587] 4979.39
[-732 -234 360 -205 41 -109 537 -705 780 -339 136 -583 75 -338 -65 -81 -603 360 351 -309 380 275 416 -313 627 -468 749 187 -452 224 -407 -941 122 -109 -496 -155 -249 406 84 -30 -491 -373 -469 723 -386 342 -186 -653 259 -31 -75 -345 -500 203 -590 257 -32 -45 -898 -655 -406 478 -149 -487 1198 -258 -89 612 -27 298 -204 164 -602 -289 -322 -520 -89 221 -137 421 49 244 -31 -59 -341 205 47 154 161 -490 -164 -556 159 -305 160 246 -54 47 379 -25 429 -296 19 244 -221 -928 182 -81 317 17 -329 411 -413] 4220.45
[-193 -386 575 318 -142 453 -360 16 -138 318 387 755 82 392 154 -135 433 -1540 803 -553 132 -111 -481 -227 -348 -369 -824 -22 303 -182 99 295 -20 -322 312 -311 38 -358 -129 -847 264 769 48 318 74 -390 859 127 189 -645 479 -349 -200 -176 13 -350 734 -65 -70 308 277 -189 -394 -219 -130 -213 -27 -697 61 -741 105 -79 610 -273 784 293 -1003 -4 27 330 553 58 308 943 40 424 -222 -86 -207 73 999 815 -242 84 467 -144 -190 -480 163 -44 -296 601 4 124 488 1075 -166 115 -511 520 230 802 -278] 4713.36
[625 543 593 -443 213 -88 -118 -620 -57 1114 752 147 -94 392 -100 -676 -1178 -592 490 -467 -210 -332 142 58 458 -573 -847 413 -573 543 147 10 182 -57 204 -66 -223 381 -86 -834 256 517 -405 536 -96 394 -171 -104 -136 431 156 -765 72 -482 221 -580 -315 -210 -58 -76 491 -239 -399 -284 -761 -914 -6 182 -478 138 -48 -413 -310 -584 -61 921 977 275 -282 -31 -97 333 -341 518 -90 -169 52 -340 -1073 241 -338 -656 459 289 -138 -201 601 -489 -362 -82 -22 228 -96 -85 507 320 -527 866 4 -520 -297 -59 747] 4778.74
[-180 519 664 -127 97 723 53 -39 260 -1182 -361 355 -119 132 -50 229 349 108 -402 81 686 362 -444 -507 -449 113 -159 162 -283 -282 -815 -193 -85 571 1094 187 -148 135 -321 745 -352 -149 -283 -449 230 4 199 -3 733 -154 -89 -545 548 -73 498 -94 454 56 -207 -357 414 880 -306 -258 -264 -123 -83 -308 -217 -153 438 -287 -100 -241 108 -129 523 -429 138 -276 -416 -551 194 183 190 -141 709 -562 -351 216 -49 492 -109 -855 546 -493 -47 560 -75 -538 -180 440 -60 218 -3 382 -102 404 143 567 -48 -362 576] 4195.31
[565 170 133 626 -42 648 130 -667 -458 -244 -366 514 -498 129 -457 -420 174 200 -309 -182 126 338 514 -262 73 528 -209 258 364 98 150 -78 55 -400 19 -199 -665 851 -579 555 243 330 -129 -224 -195 56 3 91 152 297 538 -100 -58 -303 -572 -111 -557 535 104 -507 -84 -629 -233 346 181 19 -618 -542 13 102 78 -369 58 137 235 228 -432 -19 -72 -415 134 -485 143 188 310 168 10 291 -1082 -84 457 996 -211 -299 848 -452 -691 -81 93 -34 -231 542 -309 60 785 -70 -104 353 -303 432 811 536 151] 4125.65
[291 167 -309 149 354 190 -50 315 185 -380 -178 -234 -53 264 -132 -380 -168 -395 133 536 -61 1214 -479 -392 379 -594 831 520 -345 124 386 -491 -386 -603 -210 -156 139 182 382 598 -656 -457 44 -25 538 266 -108 -167 -395 259 -903 30 585 336 544 -92 148 49 -894 -982 198 279 -16 -777 53 100 -352 -350 1031 -712 214 15 45 -958 175 -227 -145 45 -166 63 -152 737 -366 -278 36 -504 -312 5 -230 -246 -357 -551 884 493 -153 -673 364 81 -5 -401 178 -488 747 62 215 -149 -331 -365 519 67 500 139 28] 4461.48
[132 463 -143 -72 781 207 137 -225 -397 -113 -157 1131 50 1095 -213 -80 350 306 -76 -269 215 552 950 -46 1041 738 696 -973 1 314 413 83 -289 129 489 -320 -610 591 126 39 -579 418 -574 -610 922 273 289 -301 -31 -366 913 357 578 296 242 245 136 -381 388 -505 -203 -568 -555 -93 -739 374 -289 -331 -275 -570 -447 314 -266 469 -479 269 438 689 546 -232 619 -1101 -396 344 93 -568 760 -326 -641 -194 -456 56 -246 148 -932 -134 899 535 -789 536 615 -206 149 -24 -150 504 -498 -352 -271 123 -365 141 734] 5152.57
[-129 -498 317 -426 -91 321 -109 142 81 -863 535 148 -742 145 550 -18 -538 413 658 279 5 -10 94 303 372 -172 -137 196 48 -370 392 -360 231 712 564 218 -166 -174 16 332 26 114 -518 388 -299 -59 -106 413 -194 -39 506 130 58 595 395 105 382 -651 -484 -212 -190 385 321 -255 546 -361 -61 -190 -3 1153 385 166 -581 -545 240 52 245 -272 -435 140 -378 682 -265 394 -352 -413 -126 817 35 -445 150 -186 154 149 -662 259 209 61 -111 -199 539 -556 273 401 -134 -11 432 6 654 552 258 -648 301] 4032.49
[586 418 -214 -448 2 21 481 594 -234 -192 145 674 120 210 -628 590 -155 -202 -286 560 -453 270 -62 37 183 -91 -466 -100 -66 313 327 -354 -789 509 474 458 521 -496 193 429 374 -756 -153 -581 -669 18 -118 -103 714 698 -274 288 336 -1659 15 -617 -640 -179 411 648 -167 -781 14 89 135 -254 81 865 211 -359 -735 774 -445 771 78 259 -51 100 -14 -22 -435 120 221 -145 -90 -325 292 -166 -68 578 -244 -27 -1093 636 -983 -200 -391 -193 532 773 324 -264 259 639 -409 219 852 -558 42 -704 95 -123 -132] 4877.21
[-29 -445 -44 -412 129 -177 1 20 -50 922 -684 -705 -333 -329 -545 190 -277 771 343 167 341 131 701 592 114 189 -134 20 -48 121 -1054 394 154 297 313 -302 897 51 302 234 206 489 394 -383 -339 404 -465 -51 -527 -581 -679 111 -561 531 -167 491 -536 217 -237 248 -22 -215 -394 -348 401 87 -87 211 69 194 -753 4 293 490 -130 -568 591 499 -91 362 616 -271 -226 -1301 -59 -413 482 -790 210 91 -936 -869 308 114 -171 96 12 -173 634 740 245 -506 -199 819 -279 51 81 -97 -110 -561 211 343 360] 4583.23
[-149 306 -502 64 -255 -134 335 -195 -200 -80 -336 291 255 5 -385 -61 198 -228 329 622 -415 539 -83 363 -1016 782 1009 337 449 176 -286 506 -430 324 -802 -624 178 -599 533 151 248 -1047 446 -715 87 -526 168 317 158 107 -9 -269 -607 -129 35 -445 -280 312 294 61 -422 243 337 -594 333 -756 139 872 -142 -527 -421 -22 316 -437 224 -19 -186 -1208 600 -35 -499 -525 534 -336 704 -185 713 96 34 91 -626 178 -577 -508 129 -30 -154 -9 330 731 158 715 251 866 -469 -316 619 -497 765 298 335 -83 -821] 4810.63
[-16 709 253 931 114 -457 408 100 -78 176 -212 981 -453 449 -576 -409 173 -260 -648 1551 -340 416 182 24 -4 -893 36 140 -68 13 -397 -68 -205 179 -332 -521 -128 67 3 702 -797 -399 -125 -459 -388 459 16 610 -391 96 834 -10 919 653 692 303 392 136 -342 -260 220 106 453 -879 592 -139 124 -386 -91 671 674 44 -166 -655 -744 -184 -528 538 397 129 12 91 -120 83 -473 -431 190 387 -729 569 185 -179 477 532 485 231 -250 409 20 942 -135 -108 -696 -659 -161 704 -394 262 692 -34 660 -513 85] 4940.54
[393 -335 -324 -1394 595 -240 -60 -621 173 611 343 434 -97 -2 -614 57 254 -202 662 -80 473 552 14 516 413 -659 -128 -527 931 -438 500 -718 464 307 290 -274 -353 -242 -582 -728 -257 509 -442 164 503 21 447 -674 285 -407 -86 -364 432 -40 -781 -45 1247 -795 467 -112 39 46 -311 -489 573 551 -372 244 -405 -751 327 940 426 -727 164 -509 -776 -27 409 -792 129 102 144 144 434 -351 102 181 -142 -396 -545 580 -37 760 -75 119 763 56 570 814 376 -339 368 38 -220 626 -571 -454 109 235 -715 147 46] 5051.43
[-459 -306 -743 249 -20 144 -541 -170 -45 855 -194 -912 -449 -889 58 -170 -210 463 799 73 386 225 147 455 372 1028 484 261 55 -23 -629 637 815 -909 -256 -235 -260 310 -298 -151 153 706 41 1 -254 461 -106 -294 -959 -574 -509 185 -580 736 -184 318 -142 343 338 -94 -333 -282 -437 278 87 146 -673 -52 -5 157 -128 303 173 227 82 -956 -92 -334 413 -12 -12 -612 91 -758 565 628 66 242 241 -812 -433 -257 622 -613 870 37 -314 815 301 -117 -106 55 -336 38 339 -193 -293 -136 -199 589 -39 772 -8] 4685.41
[241 -248 -155 -858 112 388 -137 317 123 84 149 79 -203 -264 728 -95 421 55 -323 677 -299 -622 -13 411 159 428 -240 -499 -14 -96 -82 1 -36 -36 741 825 250 -565 -639 -90 449 726 207 -387 -203 457 -333 299 147 -230 -250 -263 -72 237 51 -51 433 -145 14 -587 429 -318 -305 56 -62 21 -110 288 -484 188 385 -544 348 426 364 338 915 246 234 -893 -441 -57 985 -122 445 173 284 533 -117 374 -146 -115 74 66 60 -207 680 510 314 151 234 -124 94 -308 55 508 -76 -145 -750 -539 99 -297 163] 3975.81
[-396 -593 411 -340 757 -27 437 294 156 -1532 351 799 391 151 -303 80 198 -425 159 -121 355 281 -52 526 -58 115 -191 -514 292 866 363 64 -667 812 384 -149 -232 -366 584 -1 -488 -220 363 333 118 45 -305 -357 416 -154 -597 -267 189 -465 -235 188 644 -76 -601 -675 141 -145 -1249 48 -342 233 49 -49 562 -301 833 504 -37 278 -368 -125 -142 149 -403 165 81 104 1032 695 46 788 -499 -360 -774 597 390 -605 -587 44 -1240 -356 200 -223 -206 185 185 -297 488 259 -146 -40 -135 -410 -241 -224 681 243 295] 4798.38
[-689 -730 -716 -597 -92 -20 -363 -61 85 -357 1 -87 212 -319 223 323 -34 384 -557 325 -468 -92 -346 -78 -338 -361 -715 -650 -527 763 -497 70 -372 -478 -500 -237 -504 371 -504 -1735 424 656 328 581 -353 -532 432 -455 -168 -714 89 -67 147 269 -389 223 84 -408 99 248 248 -209 -4 378 -294 -13 251 46 -172 -528 266 3 793 132 216 -148 167 -293 -567 -376 -140 -738 -421 157 49 277 5 571 -39 522 -605 -1382 670 493 463 100 55 592 -768 -250 140 -172 6 183 -14 -242 -401 -55 -680 564 658 -458 -539] 4762.4
[-40 247 272 524 -695 -122 -109 222 -756 -206 22 -805 195 -423 139 452 -409 -223 388 -419 -542 -657 -249 -253 -151 -490 726 573 -308 -40 -665 592 71 -685 -505 -79 541 -498 72 430 358 81 558 109 -72 123 -328 563 336 785 261 313 92 417 277 756 -331 512 -270 114 -349 129 915 -113 17 -93 735 -332 295 -852 -163 -351 33 51 -422 -707 687 294 202 750 233 358 -170 -399 177 393 21 321 582 -98 -99 0 666 -699 -739 274 -1010 485 756 -177 258 -58 601 -290 -371 -457 -150 33 -483 -122 1077 -845 -1053] 4860.81
[54 215 1179 -126 -172 127 -278 -253 -258 350 379 -243 118 232 309 16 -86 750 859 -233 -113 -730 -63 535 -198 -36 55 181 36 -8 -143 388 5 -382 637 -153 90 -380 -148 -422 505 588 780 43 217 -881 -162 15 -317 860 -242 -618 642 -4 835 -8 413 -685 110 235 802 404 542 124 645 -345 251 644 -42 10 311 -679 -458 -479 527 683 112 466 -62 186 -303 734 -1384 -860 41 -686 -88 -49 65 901 -236 -13 329 34 -435 547 -80 -513 200 265 -117 212 -316 136 -33 699 133 789 1768 319 -563 246 -47] 5039.91
[-135 724 -37 -546 41 78 995 -4 43 -412 47 516 -247 -63 226 502 -614 -200 300 410 241 -51 350 -181 85 87 -95 220 406 507 -205 384 11 -58 724 -38 -294 20 -120 162 -257 -99 -38 -381 -255 204 -340 -101 -258 341 -410 508 -917 -347 251 -565 160 84 405 374 168 -264 116 21 -109 192 497 -242 -89 246 -399 -502 -51 -514 -345 818 -62 -210 -284 49 -239 -342 -343 -966 -48 -766 877 -378 -368 -416 -221 387 407 67 -162 229 -310 -320 178 103 -43 692 327 -303 -277 -437 120 203 15 -684 773 -240 506] 3982.39
[-760 690 252 -487 -790 -245 105 405 116 244 421 182 143 -150 499 652 441 77 200 65 849 -643 -496 117 830 265 482 66 -108 25 -494 89 232 48 441 19 -64 279 -530 308 -93 177 -411 115 44 456 422 -287 -291 -165 0 -585 -17 -195 -266 805 621 521 566 -856 -249 425 -239 101 567 87 -234 339 -732 -927 -257 572 -49 -345 53 -180 113 -269 97 463 156 -773 257 699 -450 -122 164 482 -97 -221 -538 212 56 -185 -27 298 -282 1097 -404 340 -247 404 333 -469 -66 215 -363 67 -208 -28 410 1163 173] 4423.65
[-268 92 312 479 673 345 -417 674 -287 -681 -86 -746 401 58 285 -90 186 244 -172 686 -78 -61 -19 921 484 -532 -246 143 -606 130 -612 256 -67 -204 -155 134 334 488 103 516 187 293 250 -785 197 305 779 380 -340 52 -1033 36 364 625 -404 356 -481 613 -412 -1 -91 204 76 -165 -76 -81 442 -749 847 519 -219 523 118 367 -29 -575 140 -158 59 548 -459 840 495 -454 -364 937 -377 -258 -54 699 -74 -647 639 -12 -132 -395 228 289 463 92 115 93 -590 878 36 -73 -677 652 0 434 588 238 377] 4605.9
[183 -562 -139 63 -544 738 -163 22 -288 -312 472 -108 -199 -392 -241 -36 -666 554 -72 -558 -51 1295 -5 136 -207 -312 72 -156 -378 271 413 -221 -135 -143 338 120 -522 276 437 465 141 660 -188 -202 -2 -977 -282 -383 -44 42 -133 -444 1281 303 1015 -210 198 -188 -877 -139 172 210 1 -592 -53 -622 -116 -271 185 -812 -340 287 88 -23 -788 181 441 -487 -605 -35 367 -89 -243 997 -452 10 707 316 -562 -337 90 -923 801 34 96 242 656 -229 -283 -494 574 346 79 1041 150 -80 -190 127 -163 292 687 -236 129] 4705.17
[671 -948 -842 157 114 -644 -379 -756 350 551 -258 11 67 400 -548 765 -793 -335 -203 316 -518 -117 -389 510 -111 -66 -832 162 -157 -360 -160 -334 -88 -420 -140 43 -103 430 216 -584 37 -780 409 -159 -138 501 -106 -588 -56 -212 -80 322 693 634 -249 596 -47 -399 89 -168 -2 -754 597 204 191 -254 200 -550 -625 -181 -521 -16 57 -406 -1 -412 286 383 -82 -626 -531 -509 -893 -750 3 -198 511 -298 123 -33 -373 -272 337 102 -58 203 344 -277 453 447 244 -695 -391 -412 -284 4 309 -457 -42 -521 -21 -272 -60] 4382.15
[357 250 -463 -544 489 -115 8 531 -122 689 -294 503 -689 -686 -79 -639 51 -207 208 -195 60 157 91 341 -225 3 -1342 -271 166 95 -261 465 6 434 502 457 479 32 -267 747 16 677 22 -115 -576 -284 62 -488 599 -76 72 -63 -75 471 644 336 69 689 -62 470 149 -21 717 -100 -683 230 112 -540 -389 680 -67 -145 133 560 524 -108 -282 193 525 -50 346 -751 -111 -311 279 282 330 106 540 -174 -98 -16 501 -216 426 -233 -162 -77 181 -297 -820 -173 -84 -725 422 130 -668 -45 -615 -251 -123 -312 609] 4281.49
[-489 -544 -363 153 171 721 938 443 -348 -463 187 -619 -159 -602 192 616 -135 -194 -13 -99 -507 71 -250 -139 -134 944 216 239 -346 105 381 159 185 -325 -107 -384 -375 442 -153 223 131 -1002 642 923 -122 -936 267 -1 318 88 -142 -235 186 237 154 -493 400 88 409 181 -177 151 119 950 -589 -127 -212 -521 393 -425 -584 610 -454 -85 35 -27 -397 -11 -30 -827 -947 12 -405 25 0 173 -160 -68 195 397 412 66 324 -685 322 166 -640 -1055 -222 -42 110 33 821 -158 -469 -338 311 -479 280 771 530 -121 -611] 4550.05
[73 -302 -622 833 775 84 -487 -189 770 76 642 12 233 -570 201 -776 120 -175 211 -295 -207 -112 -254 -247 651 250 -552 -290 -190 -606 103 -68 154 -388 -491 228 552 444 -90 -815 191 -486 40 -59 601 209 527 -980 172 -732 -472 946 -511 16 -426 -249 -606 -101 -929 -259 -356 -150 137 415 -359 -18 -157 -107 440 336 -383 299 -356 686 363 -374 -309 197 558 -196 -878 -793 -402 -42 283 201 -607 -142 970 88 597 46 -293 -912 189 161 -35 -169 536 -424 -488 -248 -835 84 263 -17 -991 794 -648 580 -630 130 -153] 4892.4
[-1179 -1442 128 409 261 421 -19 -191 634 -668 328 -245 397 -355 178 -27 821 -198 -740 -64 308 -865 -724 -336 232 244 372 -345 -154 235 -775 -156 -659 -502 186 -372 211 639 216 -747 52 -64 -150 -111 328 776 728 -905 50 -1091 237 -694 -318 -34 3 311 132 143 -349 -283 -280 133 -149 574 -153 -12 -306 -96 -357 -112 349 96 535 454 238 561 -31 149 -253 -343 -646 -331 137 220 -239 -410 -419 -78 1117 516 -288 -805 -113 -797 474 -148 302 -255 -251 -243 -275 27 406 239 482 51 -1085 347 -507 43 -94 587 336] 4915.47
[683 235 117 -575 609 -13 -321 -399 474 446 -488 -70 183 -537 -320 161 -205 -468 368 189 -243 -3 -324 215 12 -939 -306 -127 28 626 -135 -134 -54 -472 -669 -211 -782 -308 -38 -904 630 738 19 55 -4 647 59 -111 108 -38 -68 -71 318 184 28 434 615 -368 93 456 252 259 87 -817 39 128 477 -263 -155 -189 128 503 49 -461 -165 -228 -813 662 -356 -746 282 299 -210 165 -23 442 -141 -299 -23 128 220 -868 257 173 -181 405 35 -200 -123 573 -102 -750 -379 -881 86 -6 463 66 47 445 124 494 657] 4190
[-515 1113 150 207 53 -117 214 -64 -880 573 117 491 -379 28 776 407 331 0 262 102 -123 -93 589 -86 45 -662 380 -569 -624 -22 47 -316 163 -434 -27 370 99 539 -824 617 -889 -289 49 29 105 580 -780 501 289 -44 950 312 -275 218 78 -127 -501 -30 226 -315 -59 -192 -353 -404 -102 82 -358 296 -132 -314 -539 -79 83 -792 -658 328 394 -98 -155 362 -82 524 434 745 352 -17 431 696 -139 -279 699 359 -322 307 253 39 149 1104 -151 -69 219 261 65 -422 317 343 -568 -150 -518 -912 135 -30 -204] 4456.29
[786 -753 -387 -851 313 255 -203 336 110 645 832 -159 -938 -270 -562 -13 -24 -673 101 -459 78 -153 -166 -748 48 -1229 -537 -485 -240 -548 301 494 100 323 61 729 -22 444 -392 162 -21 -10 -162 1114 -18 147 -639 -44 557 -456 433 -628 23 136 -101 672 -29 -230 -352 297 -85 855 474 -150 -1356 90 -138 315 -492 203 -476 290 376 40 -93 -385 23 344 454 -497 622 14 506 603 55 421 -519 -192 499 -1 435 424 463 -30 259 -563 284 -242 128 -528 -8 -528 -220 -115 -95 -227 -519 68 -634 -27 -697 -120 376] 4760.71
[268 -178 -245 -341 46 -258 260 -115 -437 764 160 -147 311 921 545 468 -428 -176 -177 647 209 147 18 632 794 517 -144 129 -83 -138 -255 -415 88 -107 1061 -38 99 -419 237 23 148 435 352 21 458 85 -322 -193 -405 372 -481 -181 365 717 379 287 120 -36 789 -267 335 -422 -499 -164 804 -415 -223 194 -74 207 -340 -400 -23 -146 522 462 585 -261 667 -540 -584 75 -774 -868 249 -787 306 338 149 27 -397 391 375 336 540 -566 261 -470 -48 165 548 42 -177 -811 -357 -68 52 46 1239 -35 -305 -64 10] 4425.95
[-251 -8 99 -785 352 412 -23 -494 -495 -133 469 1179 -317 233 -29 202 -143 -152 82 -433 229 178 453 -547 -44 -86 -21 -637 791 -117 954 -526 228 -189 671 41 431 -539 -152 -590 -901 522 -451 -104 -174 -124 182 -316 -66 -276 543 7 -137 64 -397 405 73 -656 50 -633 -457 -796 745 -282 -148 -75 -116 -356 -255 -558 447 -255 85 -416 246 929 123 -725 -457 -428 412 256 -106 1218 368 -628 529 -8 -506 -258 576 689 -520 -284 -436 -356 -205 256 -128 415 198 84 364 130 -1100 446 -238 -613 79 215 423 -562 -348] 4737.96
[-334 576 -581 337 231 -963 357 288 197 -502 -122 42 379 29 -321 73 358 -336 159 -102 -692 369 423 -168 356 -37 193 -937 -97 -424 587 -208 189 43 -923 -333 711 -229 457 261 605 -250 414 69 -748 -518 337 302 728 35 -438 395 -1159 -223 -523 -141 -31 -579 -207 -511 -262 -333 1083 -53 -413 -166 372 926 -61 -449 -198 -149 -639 103 -430 -228 -329 -179 -275 -22 -274 302 513 378 534 3 -432 -125 163 491 -168 -67 -478 -654 -132 772 -602 163 106 -327 -908 268 -9 379 -960 -113 279 -58 203 384 -99 -355 -582] 4646.21
[-365 544 -356 148 -58 7 428 193 272 929 109 555 50 -391 26 -719 -352 135 187 87 170 21 307 250 -16 792 159 311 -278 740 -400 3 69 371 -481 -205 -427 821 901 -355 383 -1056 8 -32 -183 -100 112 -176 213 185 468 286 -393 81 98 -374 -33 496 -55 41 310 505 275 8 -108 -720 -124 -244 40 58 173 -170 -45 -651 245 147 -467 309 54 339 755 -1081 -399 97 129 141 111 -468 42 -183 -627 -480 -118 597 -434 -40 -459 -819 -682 389 -32 -510 34 -27 103 -200 -126 226 -289 -38 -1174 169 39] 4235.53
[-486 191 323 -331 -685 766 165 -81 123 -179 -93 -141 -763 -196 -923 265 -625 -712 568 -422 473 -99 -281 -455 -346 385 236 321 244 301 -279 157 798 -205 -46 -200 51 -9 234 284 -156 -651 -206 -116 185 -388 -497 -33 389 488 -252 121 132 -1030 326 -37 212 507 -307 -173 -560 -609 354 281 -1057 114 -58 -805 239 -235 -555 667 -508 194 -503 -80 -534 -333 161 -150 -409 -154 507 -509 -100 -331 -22 321 190 -963 323 -28 -127 -544 -594 71 -430 260 246 -659 -1058 108 843 -156 -10 -70 6 -401 46 227 392 -26 221] 4461.78
[-311 157 -85 -86 -197 574 620 376 -250 605 291 325 478 184 11 367 113 -733 240 -375 255 -114 -465 286 456 26 -469 248 939 31 -123 134 27 435 65 -398 229 203 1233 -657 -192 -20 -746 233 -309 266 440 -146 -327 -419 -45 -601 189 -599 206 430 257 -93 548 378 -352 -660 -143 152 -262 316 -205 -830 -462 -825 -205 -637 647 275 -243 347 636 -103 -183 -142 -447 -813 191 361 492 151 -131 -856 622 -270 907 -148 609 285 427 -253 82 -460 -340 724 92 328 -232 727 -424 975 143 -66 -411 -114 348 -590 479] 4627.44
[314 -61 -733 -678 -123 -437 663 267 988 -116 -474 -733 -131 -180 -352 229 -36 -69 1206 458 -166 266 -33 6 126 385 -218 41 -459 -102 954 484 473 -159 57 628 -31 90 73 756 501 -487 247 -225 -299 150 -364 -58 341 -196 -874 89 109 -82 610 -137 -315 193 145 187 -36 723 370 396 -431 -173 572 919 -931 430 -206 859 -694 -35 600 -762 92 224 192 -757 -709 -216 21 -1204 332 37 -208 -556 1021 246 -354 -205 413 -1240 -409 -281 -528 -715 316 517 -258 -443 298 413 302 348 481 -33 322 158 -285 348 22] 5002.36
[-263 931 -15 -186 -35 -185 108 482 186 -443 -278 -24 -500 -822 601 -470 191 -277 206 595 83 -295 547 -1082 -484 118 301 -235 -149 200 -628 292 -35 -666 -547 -315 209 531 -123 474 -218 -700 -156 523 -387 229 253 277 329 -366 572 3 -546 -153 533 -351 -393 904 53 407 -45 425 1030 312 -156 568 -359 14 -456 -16 -415 -327 -584 -513 -72 -212 -675 -172 -237 -22 -631 -302 715 -34 967 9 36 312 677 -463 70 368 95 -452 1135 -68 -435 695 -59 -962 -1313 738 467 -289 549 -753 -338 -142 -381 -322 -32 500 -384] 4977.77
[-601 1312 109 313 -875 -30 110 433 -117 177 -459 -590 -468 8 492 216 36 -370 -90 1034 502 69 -213 -353 678 230 -145 513 431 524 304 168 -626 -467 271 198 -305 -151 -374 485 -16 306 -973 -917 -54 254 -412 307 -187 820 261 -720 -1136 -339 328 -337 202 755 143 -312 61 63 -505 145 342 45 -658 596 -849 147 -36 481 -48 -821 -117 774 111 -509 330 274 -393 175 405 17 69 -119 -82 13 -250 292 140 287 -323 -231 783 731 348 978 186 -46 -56 558 189 -330 445 106 221 287 366 124 484 275 564] 4785.12
[-455 -148 -77 433 -158 -137 15 -404 -268 -973 250 659 218 438 -296 -76 -1029 -126 621 783 96 -39 293 283 180 -136 -118 279 987 -596 313 -489 -751 384 365 -185 92 -620 1234 -98 621 -268 288 -171 -603 292 246 -637 168 1165 -389 120 -446 -929 -883 90 -569 -566 -34 -365 -41 194 -303 -366 907 523 -190 540 565 179 -121 616 -270 293 -439 -102 -113 -709 149 624 11 153 393 215 -378 289 -329 591 -231 -178 55 186 -196 1018 -470 -184 -514 -71 489 -525 333 -393 123 381 -148 -275 -49 -224 609 -197 160 -463 -365] 4819.89
[-598 -96 -74 275 -795 1189 181 531 -87 -359 25 -248 363 -765 208 -262 278 187 -315 -84 -301 -517 -457 182 -1037 510 628 -134 468 501 -415 318 659 218 -114 441 -172 376 -95 572 -159 -648 977 -143 -408 -758 -420 294 146 778 1044 521 447 15 154 -449 45 420 535 416 127 175 402 256 450 -513 655 -1035 1047 -141 -169 -457 624 -93 -641 568 95 255 -808 261 -575 485 -68 344 -270 338 -242 -133 -106 -222 110 -76 -305 -27 -165 124 -409 -641 102 25 476 273 461 192 -455 96 -137 358 -1012 96 150 -365 61] 4816.58
[439 87 -36 -489 -268 -547 615 36 -219 -47 601 -125 -163 -268 33 217 124 7 -422 -546 30 12 114 -153 341 -1 -104 -308 -203 561 277 998 -159 -335 322 -132 -247 -353 98 509 265 1027 747 318 -95 475 -1347 202 -298 -443 9 275 -372 -402 558 326 -664 332 139 117 -37 -48 -575 -471 28 327 336 516 -117 -451 -9 -85 -168 434 63 295 -43 487 -287 -621 535 -172 614 561 -131 63 620 -527 -221 -11 287 95 -134 -172 186 -229 -403 -325 -264 373 -348 230 632 -338 504 -563 69 -83 -754 -1048 551 766 -517] 4360.42
[120 -429 297 637 -35 -399 -106 -358 -68 163 -603 630 372 132 -625 345 -89 -202 801 436 637 19 67 277 -572 1004 -27 -55 1157 582 262 88 203 60 245 -147 -555 209 -507 285 -193 -620 -31 -940 -88 496 75 -190 -238 -1 -839 237 136 -438 578 292 163 -146 341 425 -64 -295 -627 79 222 -237 178 -779 -109 788 -44 -232 529 227 -313 -137 -528 -657 74 -693 -713 -4 -334 -1277 427 107 -764 14 -64 200 85 764 -215 -378 123 -48 418 -406 301 408 -287 247 -635 -639 578 194 -72 1027 95 -170 636 445 827] 4781.63
[-395 -1 1046 -21 252 -278 -906 458 -25 -372 167 808 397 311 23 198 -467 260 90 -243 339 -5 22 183 322 39 -345 -163 42 456 111 703 -50 -445 175 -252 -28 -561 297 -724 414 764 -328 -748 -189 -135 -203 158 -616 -180 65 616 426 -63 304 -2 -320 -436 -14 326 -12 -316 -386 -244 99 472 817 -410 82 910 361 -174 -47 22 -27 163 753 -112 -366 71 170 501 237 -156 -617 144 264 -100 -170 278 159 -456 193 -67 -794 529 708 461 236 -203 -117 -124 -195 386 -72 478 -217 281 -195 -587 -29 73 447] 4058.38
[-130 159 -354 -156 -237 -196 -453 -176 64 693 648 -300 419 275 513 311 -15 573 458 124 157 -638 -853 366 119 -264 -87 233 -531 -166 832 -892 233 -604 565 804 -148 325 144 188 290 142 44 27 -141 -342 273 -115 -144 35 -594 725 1047 -187 51 -5 226 -228 735 -485 -68 455 -230 27 431 -687 411 296 114 687 -306 562 20 -332 -309 -124 569 -537 149 647 -111 1100 -68 -228 -343 38 -724 1348 180 -123 -619 -519 -51 -71 -117 781 -3 -198 -444 98 -27 -573 127 -827 -268 294 -692 343 156 -153 -520 164 -432] 4659.53
[323 925 652 935 306 -871 -462 248 -471 372 105 -118 95 145 169 -597 -59 -356 0 -192 319 -416 -387 80 434 -314 443 373 587 461 491 -52 -276 515 -254 373 -307 -325 -823 218 -14 314 -301 -31 266 539 -842 -307 143 513 53 -328 -24 -601 302 -290 -69 146 -451 -419 -197 417 -372 121 -510 335 101 703 253 -21 534 44 -531 61 -617 -337 -395 -286 903 198 -838 181 -28 438 278 952 -528 299 208 265 302 -33 -432 125 -424 221 114 1255 32 -249 -307 -161 -219 -588 466 -500 -325 924 -352 403 -660 -324 778] 4666.35
[-110 451 -69 -125 -166 102 -361 309 -547 245 456 -378 640 -147 -64 402 122 478 -13 -161 -45 -335 -127 -7 105 -463 247 -656 956 431 361 -182 340 466 106 -208 -29 -420 -92 -690 217 288 808 310 -339 -286 542 378 -1073 696 -680 -300 -116 -595 -149 -136 1224 114 805 489 252 -144 584 987 -20 444 -20 134 440 -462 129 352 150 266 -572 356 -81 -428 -429 302 -1057 767 527 43 -125 256 -356 -161 671 55 -343 259 224 421 -383 -458 391 130 -407 -708 -402 -24 -393 156 -206 276 -911 756 376 260 -110 103 135] 4615.84
[828 -26 -133 767 -290 349 -430 -12 -130 36 -13 -241 -49 604 -20 -86 -702 -567 -273 -330 -393 236 -508 109 256 214 -44 839 99 -165 666 370 -271 42 748 381 -1157 129 49 179 1170 859 -428 -581 -255 43 356 128 -124 -557 -404 216 152 -130 152 -560 -384 -495 297 166 208 -213 -355 -69 -869 145 192 -809 461 769 459 -201 -871 -192 226 366 -72 63 -633 -492 -340 -276 -67 394 -309 283 -238 448 -807 -90 685 538 -714 -925 213 345 -189 -345 -380 -541 -444 275 146 -480 1037 -96 -632 697 -1192 448 936 470 901] 5118.38
[-215 345 -533 -217 -98 -58 285 830 -395 -743 -601 -45 331 817 336 726 566 827 -43 366 336 -307 -41 -368 704 -372 382 -346 -225 177 -738 -115 -786 -196 17 99 -181 327 384 -402 -220 10 460 -594 389 -126 158 163 -485 -342 -885 856 -611 705 205 -80 427 558 38 -60 -626 -268 -323 207 1017 148 180 400 132 356 -416 -54 907 787 436 437 2 449 799 1024 434 -406 -564 -1762 -21 128 532 41 1173 143 78 154 699 533 148 44 -145 236 460 688 245 -177 -327 35 -475 -41 -273 -64 -88 60 -518 20 -193] 5079.36
[-155 271 568 111 -155 116 357 221 347 -402 540 260 617 -25 1259 13 526 187 409 186 601 21 199 -69 576 118 263 -557 136 429 340 436 -3 79 749 -125 -424 234 352 -378 168 490 -86 -572 544 209 236 -344 320 -500 -197 -213 423 -45 813 -83 384 -537 -457 -222 759 317 -705 40 372 -50 -300 -285 126 104 704 -883 60 -482 -485 52 -88 480 76 348 -10 -573 319 -345 17 -296 -480 -303 -135 689 -45 -139 422 308 -201 310 -26 256 -267 -39 361 183 -167 19 -619 1070 -656 585 -116 514 -241 -677 637] 4350.83
[317 -154 221 -718 427 -515 -77 -108 -160 1 933 267 -142 178 28 -289 -115 -1049 521 -239 630 -312 -212 -35 35 165 -19 760 -6 90 139 -113 -140 -471 251 230 537 -244 235 108 -718 -391 422 613 17 597 -361 147 690 -37 238 -18 -139 407 430 348 -265 794 -387 -150 -308 357 -203 -827 211 15 -296 -336 -271 41 -340 33 695 -481 -129 -130 -45 155 734 80 95 -180 430 512 970 437 -228 -585 76 -323 273 217 -132 -410 -337 -394 -563 -118 93 342 322 404 143 -537 -680 -762 -11 -858 -295 -378 -216 -430 -510] 4269.1
[197 -99 -419 -331 85 266 147 -22 -82 281 -329 477 -313 -323 -348 137 154 640 784 136 -391 55 486 -21 -133 460 5 346 280 412 305 51 -451 25 15 567 -510 -209 104 670 109 146 167 -392 423 36 -284 -879 158 817 -531 531 -318 -92 425 482 147 -251 132 106 44 -681 -457 -134 -560 566 -200 -60 487 150 -520 -577 -104 941 -602 -264 648 195 447 -454 171 -78 456 -693 240 318 26 207 -186 384 -726 132 99 -182 -51 -217 34 -163 511 -190 -379 -408 -77 134 -12 -298 112 399 -480 -522 179 705 14] 3987.6
[227 577 104 270 227 413 -622 687 -547 1 -385 -432 -64 321 728 -148 641 -37 -1175 283 -126 -227 -723 136 -1151 204 -950 107 71 -600 131 255 249 11 117 14 393 264 -24 -48 768 -1275 479 -776 65 103 670 941 -186 227 -492 721 302 7 -185 -452 -98 226 653 18 -360 8 879 436 -754 260 425 -567 508 1019 -19 509 -311 176 206 156 -489 2 263 95 -959 775 113 3 -462 -169 113 -518 365 -220 1052 133 -412 -381 637 514 -463 435 -266 -224 -1032 121 32 -223 272 139 -189 150 -400 160 -330 -355 410] 5045.43
[574 -389 -350 -79 55 -45 138 18 144 1142 -101 -176 -60 -584 -644 225 620 93 -120 -180 159 -264 335 -211 683 -43 48 68 301 763 352 -60 -115 -446 -322 67 76 -89 -48 -557 609 485 86 26 410 185 110 74 -707 -86 -627 162 -412 -569 -326 17 -86 -52 482 619 321 451 -361 640 -283 17 -76 78 195 -380 -4 136 64 313 -225 258 -662 453 437 5 622 82 -289 -288 44 -77 -957 -71 207 58 -395 -630 846 593 382 -213 -406 -1067 -631 213 -191 -414 -317 -969 -349 -272 -613 -222 598 220 22 397 420] 4278.49
[-388 515 1038 47 219 -571 133 550 -501 -547 855 -630 651 255 742 -239 -111 114 173 -231 -234 109 1043 -106 959 54 94 -124 -407 -13 842 555 -367 -6 -113 340 427 -363 -153 -115 -785 -44 -361 373 309 -497 -313 -54 287 430 626 -890 -408 462 187 417 -843 347 -575 190 -121 401 326 -481 254 -27 -685 792 -81 320 80 20 118 -235 551 161 -224 472 101 377 289 -332 -589 -132 441 64 268 -388 30 1040 247 242 -196 -430 136 68 541 209 119 56 -50 792 144 304 296 417 -455 251 314 -230 -367 -327 -675] 4590.18
[-580 -5 185 197 405 306 -263 107 -40 -255 385 -755 344 -85 910 542 151 190 -1167 311 99 2 -153 405 -298 791 -446 -329 -254 284 -722 -75 -122 -343 695 498 862 233 -92 507 0 -131 -108 -402 -673 -31 -385 55 861 -506 -66 296 168 -58 -7 -39 -674 1007 -99 -103 -306 -688 -171 116 569 -24 228 -592 652 132 -356 20 846 537 -267 -1141 180 0 -137 -337 -57 356 -609 -759 138 266 197 426 -202 324 -214 352 143 544 948 61 -336 42 743 1070 981 707 -337 597 15 575 -187 151 -919 -44 -89 -567 -442] 4939.11
[-665 976 800 537 -165 35 156 120 -336 -306 -417 210 -296 523 189 -631 289 268 163 573 1072 -213 1002 -398 419 940 201 -334 359 178 -479 848 566 1205 452 -484 274 -281 -513 -156 26 190 289 -579 124 428 -235 805 -260 447 193 372 -453 24 607 -642 -114 506 -498 -240 -286 132 -869 -207 -85 539 20 -713 -36 227 -35 51 884 293 -517 516 -104 34 71 -155 354 -609 -15 -112 -163 -378 813 170 -411 134 48 715 -867 566 -104 -266 25 375 -12 118 -354 318 -222 -93 184 631 -288 39 -338 215 -355 288 233] 4755.6
[-990 -244 471 26 -709 -309 -376 958 -204 2 -335 -635 -683 146 -256 884 -543 19 635 -439 -390 66 172 -7 -114 165 -205 -424 -7 -132 -651 500 -408 -1100 -351 -759 200 -512 -189 -343 295 -177 346 -213 19 183 275 -269 -563 -293 -202 -553 -930 535 -584 -726 205 -129 -237 1204 52 308 261 472 416 857 104 280 -729 -95 -781 -79 -1120 -572 -154 72 -433 248 122 131 -71 -119 75 -171 -308 -464 281 -295 773 -268 502 -222 70 -835 -291 584 -226 -25 748 -351 -720 -64 76 524 -619 -520 -59 -287 190 312 -233 791 217] 4936.68
[237 -138 244 20 -530 439 -368 -169 48 82 -19 -93 -523 365 -323 -31 211 -510 -27 82 48 -389 22 -23 -613 -178 180 -457 105 514 38 108 -400 -681 696 43 -695 -617 -229 6 -188 895 -69 498 -312 327 -802 -116 -888 105 153 -55 62 -253 173 275 -128 -6 -402 -784 290 333 -402 -464 -466 567 434 165 -251 -1013 1101 -205 101 348 301 -130 196 320 -127 252 683 -4 875 176 -44 153 -89 639 -497 297 746 -67 -42 -321 -215 253 123 922 -188 69 242 -162 -37 -119 715 218 -228 64 -834 -490 625 425 -106] 4307.93
[514 -253 201 -735 -182 -61 -4 718 491 -525 -345 339 123 176 1 246 437 -291 -128 75 677 96 213 -597 296 -193 -1314 -145 287 184 466 363 -12 803 -347 -792 -104 1 -378 -643 -78 786 -839 -484 99 -998 436 418 448 299 213 -569 603 7 453 -118 960 -180 187 -13 258 -305 199 153 -869 -66 331 -840 -545 690 352 636 305 -47 -193 399 -375 89 455 -9 977 -287 -434 -275 -504 -67 332 -374 -90 209 227 301 448 268 1044 224 -102 -474 -362 -279 -598 -202 -304 470 423 75 529 -217 291 682 117 384 41] 4742.23
[232 -658 -319 347 21 239 599 252 -725 -277 533 251 655 96 624 -804 -270 -627 751 -105 -585 22 -586 466 916 556 211 224 1305 319 -150 564 226 524 333 555 -169 648 479 -42 1 -1601 -235 670 -233 332 501 -371 -527 -78 204 400 -74 381 68 349 -392 -257 227 -326 -709 -469 544 182 -468 -451 56 483 -140 52 18 164 213 -56 -145 205 -248 -249 250 336 -1150 -18 -446 222 860 274 -339 63 324 -537 736 615 -96 509 -138 -221 -482 217 365 293 -482 525 -297 125 374 2 239 523 -632 -402 -137 230 -586] 4900.11
[206 241 205 -298 -341 1 -23 237 -466 -288 -467 951 -746 254 441 -467 320 288 204 205 302 -118 103 -32 -107 475 -83 -347 521 165 -157 -226 -219 641 574 -130 -99 -375 -400 378 -891 6 108 62 403 303 524 82 -150 100 416 514 -500 -19 -221 1291 -257 -786 -516 594 -234 882 302 -577 47 763 -190 200 -479 -324 -332 -237 485 761 715 254 -220 70 761 -148 -23 -368 326 490 -210 15 440 -469 679 -126 -44 203 -882 -166 -1375 625 -77 913 -115 -363 141 -1010 23 312 -825 -501 18 -255 -578 -114 -497 200 -266] 4812.56
[850 374 -8 -334 473 -528 321 -245 -735 79 -681 318 188 -474 -547 -424 -708 -161 10 -179 50 -260 474 -479 -517 -318 369 585 -1196 -320 299 -283 -956 407 -191 -36 -545 -782 -367 -150 -52 -170 -633 372 -61 218 -473 101 230 117 -1078 188 -297 -248 504 -42 -1424 -169 63 -245 -589 156 -658 -710 569 -257 1107 391 596 332 262 138 -4 517 250 -215 -216 -467 384 -363 1005 230 -170 -307 -292 411 753 -71 148 -691 411 -165 -295 -409 283 312 -198 438 -23 386 402 294 863 112 716 -675 461 -803 314 -294 -111 -422 -493] 5046.84
[366 619 -133 -644 168 564 338 332 -303 -476 102 -50 28 -61 235 430 -108 339 100 -498 -250 882 -242 -348 145 -129 756 -441 -265 302 -24 524 45 221 286 34 -483 292 182 315 446 -371 9 -622 247 56 -469 -163 424 -480 74 16 -616 -411 496 37 -363 -227 572 346 -271 194 90 -328 -405 -367 291 509 101 -901 -511 -281 -522 -293 86 587 205 247 -300 -109 317 -76 85 35 742 -397 1026 -379 -3 -515 -594 -285 10 -1019 28 61 -98 276 20 105 444 803 438 382 -398 95 34 274 -300 -129 -438 -14 588] 4132.19
[980 2 -666 -469 -256 -245 -628 55 83 725 -602 -277 -380 769 85 -48 670 4 721 335 -42 182 232 564 -339 712 -155 428 180 579 735 195 -9 -231 103 315 -330 -292 -765 634 -9 508 291 -226 301 575 -12 -64 -725 717 37 -430 380 429 500 66 -441 -122 894 -310 -88 3 -416 222 -277 360 -164 -31 -188 -235 8 -888 181 77 838 -245 485 222 366 -434 -397 -458 129 -1084 510 -617 450 -353 361 211 -196 76 -171 -13 89 -240 854 21 46 568 197 -504 6 -65 395 616 1213 -229 -124 -491 329 309 695] 4706.41
[201 45 -381 -541 357 335 -79 -273 -390 321 80 364 -243 603 375 214 -230 -888 1026 -339 -374 591 -1375 478 379 -638 -688 800 -79 247 1429 213 293 140 334 357 -113 502 -197 740 132 -429 -388 861 178 210 1467 -206 681 396 -21 -344 194 160 524 320 312 -151 33 -422 -284 70 406 451 32 -238 -73 307 151 205 -156 499 -385 425 932 -120 -445 225 287 169 -62 1074 -438 253 -492 -360 -24 261 300 -139 464 -18 215 302 335 -199 75 -527 -135 387 -462 94 -287 -506 44 111 426 211 60 -102 316 613 -81] 4797.38
[200 165 251 -258 -276 400 -2 66 373 674 884 -356 20 -231 -535 -175 -226 7 -513 -185 213 633 -22 -498 -190 -873 282 -485 -67 -215 -675 -140 515 31 226 479 558 -132 543 427 339 -188 138 -113 -119 -134 -909 -459 371 -409 254 -63 572 -441 -215 -351 -202 -194 15 383 185 242 71 -729 -853 -343 404 106 -6 -586 320 -609 140 -808 -775 191 789 164 -59 124 46 -355 171 10 718 -84 -10 139 -510 -173 66 -203 690 -262 -97 -39 -278 -312 192 -404 309 226 362 -285 -117 284 -658 375 -635 -431 -42 -1225 379] 4307.66
[-165 679 -276 1610 203 -783 585 132 -372 823 -666 137 735 -17 -114 -204 -23 -329 128 -21 -320 144 410 481 -490 -49 128 467 215 -393 327 621 251 279 -430 103 412 243 -287 1167 14 -28 964 92 -446 641 183 616 337 -640 242 316 -665 462 26 -486 -583 495 236 462 -152 482 681 -138 23 290 -124 8 1105 127 -198 -287 316 286 5 85 -1073 515 -150 122 -171 -171 -3 143 118 -157 667 -896 61 335 -50 -71 -692 -99 22 -304 243 -305 -471 -205 -187 466 -793 -894 -160 13 -14 362 -32 -250 -521 100 -773] 4833.93
