4762.808835 2836.352423 1.028307541 57
[[-115 -1004 293 1020 -234 66 210 -146 -307 -205 -12 -387 58 -262 -221 -267 168 -59 81 707 -469 -471 -245 346 106 -777 -16 143 -256 386 217 120 44 83 1011 -71 -93 -36 -376 -164 1115 64 -178 467 369 81 -50 -434 251 -551 30 -1 11 142 -60 -1139 104 622 -60 -458 108 -164 360 749 43 664 108 381 420 95 -893 -132 -378 -439 -630 -204 289 -452 -509 3 198 -979 -105 -126 31 -745 252 13 -375 1225 -694 -372 555 -323 37 -538 579 269 -797 -605 11 105 -80 -581 -724 -44 -385 463 499 252 -44 -839 767]
[-51 235 100 -863 -425 -1231 634 15 -738 76 -461 -69 760 -44 -155 19 -373 551 -235 -365 421 -416 713 13 -50 167 283 273 533 497 -367 110 441 -316 4 -32 -204 -813 533 435 27 154 -819 -78 313 93 431 -265 -173 269 -592 164 499 -36 -307 244 63 129 -673 453 -613 -188 1000 -216 -101 -386 -268 25 506 -452 -476 399 179 -102 587 -1029 -477 204 -113 14 -297 782 322 270 52 441 -366 -368 349 -416 905 -270 -663 -242 285 -300 -874 -1055 752 -256 192 298 210 897 -862 -233 537 -76 -280 898 516 -250 -513]
[431 -119 255 -388 191 -49 -395 83 1061 135 -401 522 -96 -179 -228 -168 -87 100 -99 181 324 -452 -172 102 584 87 -73 -295 833 88 -414 -395 -163 337 11 390 150 -558 321 -87 -94 262 -37 247 -215 -233 720 268 -496 696 185 -264 331 972 319 858 185 -737 449 142 -1567 -553 214 394 -81 282 -319 -539 -711 233 -1223 268 -433 449 485 631 673 -309 487 -377 -484 1018 -572 386 -253 475 -51 363 407 -118 109 296 -446 -270 1 37 -158 -425 -150 -316 -523 -283 -76 945 687 -1057 558 -914 136 473 559 -252 -428]
[34 -515 -306 482 -376 -366 -463 -940 100 -956 359 120 108 268 -454 -893 -433 -787 303 -308 -785 -85 181 -330 -141 -773 -579 133 -294 512 330 3 -226 -682 154 -534 84 411 24 -182 954 -55 -204 -374 -644 497 18 -817 42 -159 154 115 445 169 192 78 78 903 -209 1090 -203 -643 -116 -561 395 905 435 527 -221 281 923 58 -16 -427 -142 -360 270 297 -180 -641 417 -538 667 209 443 -1062 -121 -169 -53 857 287 -149 618 -418 101 -156 -1359 251 -130 -43 80 -117 164 342 -510 399 -173 -359 13 190 721 -1010 891]
[265 -159 -438 525 -555 -18 636 -670 408 -282 -9 420 -76 188 -677 247 25 49 446 -571 -347 48 197 -331 -369 -218 602 198 138 608 559 -91 -180 240 -201 -494 -405 72 -868 44 982 -803 589 -142 -102 21 842 171 -11 -163 224 -628 -401 -213 -699 657 -129 -124 -52 806 -67 125 197 -152 551 -227 684 -832 -87 246 1199 -73 -246 188 470 -395 -180 1123 934 -662 749 -690 478 328 139 -602 -897 -197 -318 578 -681 -102 98 380 -500 141 -184 175 -260 -192 -295 329 -42 614 -300 164 283 -655 -403 197 -126 -885 129]
[92 -16 717 -2 287 497 -343 1012 -162 94 284 -423 993 -100 1091 -22 150 -108 -588 400 526 -294 766 745 585 -188 -1071 -443 591 -353 -616 -160 -45 957 175 -364 119 -797 1027 -77 -281 289 -889 282 65 239 -801 -242 -43 -45 -768 215 787 88 85 583 507 -546 188 -392 -488 -105 -99 805 -491 -46 -415 -468 -616 338 -310 484 -708 -32 -279 126 -518 -649 324 -380 -851 1251 -800 -278 -313 1345 238 -415 34 -942 604 156 -726 287 122 143 571 -865 692 -26 306 -412 -458 35 51 -598 -81 210 -36 -331 -210 700 135]
[-298 679 -874 -1018 90 -397 -1114 55 200 -325 692 13 878 679 -52 135 -261 11 600 -892 61 -97 465 697 253 219 -845 -249 -841 603 -683 -155 51 -703 -258 560 459 72 635 587 -237 -6 -216 50 -538 -334 -963 165 -78 -97 -100 889 697 -479 1102 -176 -285 454 231 454 121 -200 1095 -540 -111 733 398 772 -278 132 76 35 97 -476 -613 624 367 -232 -444 -451 -808 265 204 -109 -164 -62 310 -360 984 -312 429 -52 -372 -821 -152 41 -625 -713 631 -353 63 -544 -63 -5 -12 -362 6 183 -44 362 146 -1124 -198]
[-410 232 -637 -1480 -416 566 641 -901 -201 49 -600 34 996 616 18 585 -80 188 353 -877 8 -304 -159 460 78 749 305 640 -542 415 -80 67 374 -557 -254 552 -385 146 -95 710 332 212 305 199 439 -627 399 477 427 57 -222 149 -477 -702 339 -508 -1222 336 -427 -540 238 67 740 -583 -206 -948 630 656 380 58 424 384 -255 -465 -319 638 -738 350 -1077 602 209 387 338 -216 -29 -591 651 -109 621 -73 -622 -440 520 -547 -23 -141 197 -400 600 413 924 46 -681 -12 -443 466 -44 781 298 186 -738 -313 292]
[589 436 -1140 -269 -509 -637 -932 -861 273 -1058 223 140 -37 1113 164 503 -334 -180 190 -314 -290 138 918 -548 -413 -348 -410 190 215 814 -193 -410 -108 397 -127 145 368 356 81 174 422 -469 319 -327 58 -218 1167 -6 -339 179 211 -61 -134 -301 156 854 589 -352 639 609 322 849 545 -930 1038 721 181 105 224 -168 755 -34 -24 790 586 299 -639 929 -38 -1268 -52 -451 587 -197 404 -245 -820 -92 1043 -388 -981 324 -991 -177 -549 221 -287 42 -46 260 -78 98 534 711 -93 416 38 -659 -711 -239 -406 -742 -341]
[411 902 -708 -184 551 255 -974 -340 454 -460 7 439 237 969 873 640 448 -528 272 -334 -231 -372 256 1137 497 -116 -590 -861 65 -580 -148 -269 -32 1127 -225 796 -478 -417 218 681 963 -388 446 1143 -592 -144 14 -59 -121 637 745 139 -192 718 101 646 89 -862 688 -699 -342 144 -272 933 -233 230 -414 -172 -643 -49 -389 401 -793 712 -538 1437 -245 94 -285 -968 -67 193 -433 -268 25 184 364 238 524 -700 -811 434 -182 -341 278 718 737 -698 -49 -18 -471 -1007 -622 1056 63 40 15 86 -624 -148 -1132 -340 -59]
[-741 52 280 525 -573 -404 76 69 -300 -315 651 -490 353 -786 -1459 90 -833 367 337 258 52 -341 -240 325 -248 -927 -402 181 -718 997 -360 -90 130 -457 857 -451 -125 -97 346 621 -542 -14 -633 4 15 413 -70 -387 242 -164 141 1054 1033 104 231 -977 348 1306 -167 737 -218 -1150 482 780 -49 877 212 -86 -561 94 -113 -34 295 -864 -328 -478 1326 -401 -144 -254 -1086 -169 308 -71 -455 320 -584 598 -135 957 149 -371 -66 169 6 129 -660 -97 -211 -1053 614 131 -166 -433 -1006 -3 -276 -339 -46 462 -161 -1091 375]
[-1041 667 -73 -275 -1084 -316 649 113 -583 -1279 506 55 1189 377 -255 290 -417 950 -1295 -321 372 -139 603 -770 -386 -105 -17 570 -238 786 63 -82 -262 801 633 -792 -200 -206 206 62 -96 -210 -577 -34 58 -449 430 224 788 -559 -326 -225 217 -1126 -361 347 394 -42 -366 345 364 -460 536 -303 -291 -679 188 96 -1106 235 672 466 -146 40 489 -582 -749 716 676 463 -807 854 402 -407 -127 949 -594 -7 -414 -842 -296 -339 -278 314 -89 234 -250 -255 892 227 1174 341 280 -663 -831 20 -256 -271 -406 192 -977 108 -390]
[310 1057 35 498 87 539 518 -258 -365 1338 306 202 -803 -304 349 -183 277 -733 -68 -1100 -200 555 -291 55 -82 -100 -115 -784 468 13 200 150 612 795 -748 -328 -341 90 -280 21 139 -297 -120 82 -468 542 -16 -444 407 537 125 -226 415 41 -1150 489 -710 -368 -298 435 85 387 -960 315 209 159 200 -1533 -73 64 1058 -91 154 80 -398 -1018 -137 540 349 -717 547 295 824 -180 -958 -207 -324 42 -1053 -205 511 66 -61 685 330 1137 22 264 373 -293 -28 501 -684 997 -158 -120 1401 -193 20 -769 -454 959 487]
[391 -1050 993 42 -710 872 -311 -964 -80 -222 489 -571 36 -387 336 -1278 585 -686 -395 237 -365 -540 -210 -296 472 -608 -682 -81 452 -201 -295 195 464 -100 913 -993 -15 285 99 106 428 913 -815 -999 429 124 607 -708 740 707 -1109 660 677 535 -28 68 -93 571 8 370 -518 -1519 -35 180 -203 406 -240 -302 291 1043 -446 85 -905 -1016 -915 -814 -45 -510 -71 -466 -167 860 -161 68 -588 -897 683 -61 -416 697 346 -715 378 -350 691 -254 -133 429 463 -556 545 26 -413 45 609 -510 628 -157 1094 -87 493 836 1463]
[103 -136 13 723 193 302 -428 -166 1079 -309 119 450 -963 -13 -422 -319 23 -66 692 427 -434 234 -683 -192 -421 -33 87 -265 -4 -1564 -70 -315 -158 -202 -705 -310 -858 -63 -133 105 -1042 -595 431 -535 188 733 753 500 -508 1154 918 129 -372 1090 -148 1142 939 282 473 940 -454 -942 -723 308 52 -758 -633 -1004 72 210 610 80 819 -114 -276 1053 1333 705 407 -217 53 420 -16 460 324 -67 -310 511 768 457 280 -37 -287 595 -56 713 -604 793 -321 597 -565 -100 135 655 1263 221 -941 -754 312 -613 32 696 316]
[-341 129 510 -899 372 615 56 -313 -256 316 496 -660 -634 -736 -612 39 364 -190 -358 210 547 -259 30 -167 102 -247 -509 508 -749 -133 473 445 292 -420 339 -436 143 900 -312 846 -194 155 -223 -968 232 158 -638 -54 865 -290 -566 1043 -40 -556 133 -1027 -450 721 198 -780 1074 -525 -881 -875 -583 -166 339 -113 93 755 164 -470 -488 -846 -334 -430 -46 -380 -1041 432 106 409 -52 276 -141 -454 -52 -97 -531 548 5 -703 466 709 336 -516 237 10 -494 -325 404 580 52 -1602 59 561 320 -526 202 -181 93 637 565]
[898 98 1038 -840 611 -76 -137 1237 -126 215 -53 -138 -578 -227 491 -145 125 135 -327 364 631 39 367 501 253 1057 -2 111 -320 -495 -467 -296 317 30 -382 221 366 695 -434 -162 -347 31 -487 -581 408 -310 -458 816 487 -728 -593 553 -359 -563 -128 -574 76 -3 601 -758 811 468 83 -818 -142 -143 -166 269 779 143 -296 -444 -514 593 -186 -420 -175 -593 24 808 -115 152 -758 653 308 945 118 88 -249 109 30 351 198 -494 -72 -1281 210 -373 588 464 -864 285 680 -843 790 -512 558 -308 -46 422 355 104 -743]
[-511 -246 -1140 173 778 640 -78 -112 74 158 -44 -217 650 631 848 881 637 121 1634 -778 -62 568 110 891 -222 614 60 278 -833 -1230 9 -42 -25 -350 -1109 434 -133 167 271 653 -614 -140 695 518 111 85 382 135 -578 957 718 45 -638 -224 637 -73 -531 -281 51 237 -1 631 -222 -382 -708 -1026 -477 1056 771 -757 944 -407 127 69 -343 1251 -703 84 -990 -473 232 -570 -164 -299 -144 -122 567 -494 1012 -572 -151 373 -208 -290 -403 485 -85 332 214 1106 619 -50 -828 560 203 1386 -1596 1544 210 -1027 -397 632 -171]
[-10 499 -51 -306 -409 267 259 -48 122 -810 682 98 865 128 842 582 -230 23 495 -650 977 111 609 489 203 770 -136 394 -727 -223 106 118 -694 593 -833 -526 -589 541 253 1026 -376 89 20 669 -127 -154 -462 632 598 484 -446 414 -272 -658 342 469 57 -84 330 816 349 -843 -161 423 -803 -423 -187 72 -828 278 1036 784 -1183 109 -202 206 122 287 553 -91 -582 -21 -1003 175 192 1330 -32 1006 -26 -476 -616 607 563 -236 -355 234 -764 -309 805 -75 807 -897 -562 271 258 722 -272 391 -1623 -115 -1168 -298 -331]
[888 222 851 -511 -12 -913 368 -265 203 762 -887 -49 -544 -537 -157 -365 71 -24 424 -63 -181 249 -240 50 -256 988 1076 -385 1053 25 52 -630 295 -602 -870 -759 -92 564 168 807 346 359 -260 -716 -349 166 1086 -518 346 800 -349 72 567 738 -468 635 326 163 -33 913 -150 -532 -402 -347 355 359 -920 260 568 -58 64 40 442 14 311 -884 -461 425 262 -200 717 -70 -64 802 255 214 -95 227 -506 -46 700 352 -29 -901 -187 -459 -1409 -353 1232 143 -551 78 40 740 -21 738 1038 -406 -894 489 265 544 -875]
[-334 -71 503 -268 -24 115 175 286 -898 -142 130 -198 1039 296 410 -1047 -305 166 -243 -294 228 439 467 -144 840 -110 67 -70 -122 -795 42 360 -107 -237 -262 -498 599 -963 403 -288 228 557 -451 173 -638 751 -540 -192 -6 246 746 -55 96 85 -401 195 -106 -677 -589 720 -919 -425 -350 810 -661 -836 -343 742 -750 -522 1126 -18 26 318 765 -1109 -1005 -808 862 -425 -222 1378 -408 -9 142 528 482 -853 -330 -1209 2022 371 427 156 810 361 -1137 234 1008 80 486 -362 40 1679 -750 -45 43 175 71 359 835 825 -31]
[-361 -140 197 -1002 -549 497 -1136 -1672 -38 -737 180 -714 -125 500 -615 163 -186 -603 -31 506 -47 -238 -234 30 162 -207 -60 622 -921 256 202 -295 2 -327 81 341 393 477 -577 1073 107 238 533 -766 -182 -562 1386 266 446 -12 553 785 -204 -132 706 -776 -118 512 1016 261 1009 -513 -296 -482 345 451 -34 1325 -540 446 121 -213 -1038 302 -384 620 319 -357 -811 -717 -727 -396 -222 149 195 -752 748 920 904 393 -1019 347 426 -1129 -349 -806 -773 66 31 698 522 -121 -41 208 333 -10 489 -1018 93 128 -1238 -586 557]
[187 586 231 -913 226 574 675 134 389 498 325 25 164 -201 183 113 -114 968 32 -458 398 55 95 637 758 207 -697 -463 -160 185 -921 -477 334 452 -114 -153 257 -288 486 472 793 386 -771 -210 395 130 378 594 499 399 -528 96 566 -208 333 127 310 -297 195 -271 -637 -695 -54 -265 -60 -592 -91 -346 -525 658 378 369 -332 -926 89 -539 -873 12 -670 -531 -930 2118 204 -189 -413 321 -713 -647 107 -281 289 -629 -237 291 105 866 271 -139 905 -409 733 668 -781 -214 -466 -187 365 -1077 182 -740 475 854 582]
[395 -202 -428 -76 -352 579 755 -209 718 575 -381 257 -170 -297 435 -321 -243 -803 -237 -1182 103 -706 206 452 -248 -488 -540 539 328 574 398 201 -283 -120 -435 362 -465 469 131 -511 999 88 -463 678 -83 96 -285 -328 282 494 -1190 -180 -84 290 -215 -94 -1174 409 -751 117 -961 -87 742 -1179 -74 395 794 281 822 -38 142 174 -827 2 -388 -470 47 229 -569 3 397 -124 -82 605 -328 -378 94 122 -802 915 -156 -768 181 -119 -38 104 -18 117 -623 -328 367 507 -635 477 -411 496 -5 742 813 -40 553 -238 655]
[867 -1206 -40 779 -12 795 -178 -399 75 -976 20 416 -176 11 744 -368 836 -787 263 -294 -771 585 -364 -611 78 2 -149 11 -39 497 -93 234 281 -5 707 -780 172 958 -806 -457 995 108 180 -667 472 337 1075 -765 693 -633 -604 137 -588 -482 28 42 -590 381 -13 -658 -78 491 -1151 -627 699 792 453 -381 -167 928 1199 -811 -981 -43 -183 -520 -165 -581 -444 32 900 -1053 29 -210 4 -916 2 22 -1236 625 -938 -265 1722 -505 230 -513 437 1075 -164 137 -194 956 -301 -310 325 150 488 -114 252 -364 1157 50 678]
[1354 -715 604 1813 80 -213 -601 -261 95 -622 -20 -104 -212 254 132 -169 -703 -760 154 953 -626 320 -177 700 -130 -699 -632 -888 625 -493 -437 -772 -180 912 -188 -585 -593 55 51 -669 204 129 52 699 -1027 -234 120 -31 -193 -467 -330 -650 600 976 423 346 1116 140 631 551 2 -327 -1498 591 914 499 -256 -770 -698 386 -34 1062 -49 -259 -229 276 -112 815 558 -627 307 -1094 214 -218 729 423 19 1233 -336 332 -530 1120 990 61 -209 -475 -108 -491 -27 884 -534 -1097 109 -221 200 -288 -207 -277 -1280 -595 -232 -322 992]
[-322 -478 -382 -168 -426 -309 773 1001 -179 452 -336 294 728 -180 912 -343 506 626 -1618 -147 686 308 188 -440 228 -546 33 321 740 -78 447 267 -587 961 189 -167 -318 -714 -330 -1231 165 -241 -654 479 248 170 -478 890 540 -736 -443 -565 -990 -402 -853 156 -421 -406 -173 -143 122 616 47 -224 -332 -987 26 -147 -284 -393 394 -7 132 -8 117 -919 -595 607 -115 677 -21 835 -838 -122 246 406 -71 -678 -1317 -328 776 -342 -8 537 -180 -214 627 151 -776 581 169 1356 733 -130 -782 -335 -38 74 727 -238 270 1228 -253]
[561 -786 1392 -224 -375 247 -357 -797 493 520 -689 392 435 -242 908 -1123 -106 -370 82 460 -516 -58 657 -738 865 782 488 303 1207 585 437 175 16 -627 -456 -611 523 -70 145 3 702 758 -415 -52 613 229 116 -475 -14 477 -133 -58 493 229 -178 1379 300 -590 214 98 -690 -49 -416 178 148 519 -634 287 185 853 -86 210 -259 571 56 381 91 -532 96 420 928 751 -627 590 684 -161 945 -195 186 -725 240 -60 693 -643 -137 -296 -1518 300 500 243 5 -224 496 1549 12 108 343 -256 -311 455 476 771 12]
[370 -645 875 960 -163 1161 954 258 -883 544 -1163 -983 -311 -106 121 -153 -562 40 -477 224 527 -469 3 710 43 -1590 104 177 -178 -95 -142 64 951 553 -297 -191 -478 -393 -196 -114 827 -12 -868 572 712 587 1149 -232 144 -18 -444 -533 531 526 -926 -1103 -403 507 -463 229 -1429 138 460 371 -136 -174 227 -646 683 -383 -55 -155 -437 460 -154 -1842 -48 -581 -59 -1047 -139 356 -227 -61 -915 -128 317 12 -684 929 914 486 206 357 231 -694 434 -106 72 -156 133 1215 -310 1359 -1021 -496 624 454 1246 400 356 -184 641]
[-213 699 -209 -844 469 -129 -662 -261 596 -1624 -494 875 141 479 -363 643 100 322 -152 259 -43 493 -589 638 -230 443 134 -632 -341 -339 -832 -518 -128 -153 -107 387 -445 -164 343 1122 -511 -455 103 -710 -537 -179 958 335 74 313 -34 -309 219 276 666 396 455 623 -196 -302 -451 -1052 -709 -134 -426 -410 -552 475 -1459 126 -366 377 418 219 294 469 742 39 -173 315 -765 -138 -437 -92 268 634 632 1192 -61 -498 229 931 455 -861 99 -410 -295 -773 864 497 -787 -648 -309 463 604 -535 486 -917 -586 -61 -395 122 -1017]
[601 -305 1003 -581 -226 -497 343 1245 250 758 -168 -345 670 -640 -676 9 -809 -6 -704 57 798 -499 15 -531 142 185 196 149 823 -300 -173 -160 -345 393 254 -479 -72 -582 -252 -974 -1025 304 -166 411 109 340 -223 705 -524 129 -922 560 -420 559 -534 416 -233 -540 -101 333 -969 -174 774 742 140 -496 678 -679 -314 164 177 12 -609 252 1150 -858 -195 -211 2127 257 -481 692 -966 754 -58 2035 -859 134 -261 -317 826 -276 -1269 487 76 -209 466 -385 214 -656 -369 -280 50 186 1360 -769 220 -427 48 1082 579 213 -645]
[121 -101 -105 120 836 284 -232 567 414 1059 -517 121 74 -429 -216 -13 164 -568 241 -433 280 347 454 267 431 -25 -412 -464 296 -195 310 -88 26 -215 -872 -269 -408 241 -31 -707 -1228 -722 330 -424 -1029 65 -1340 138 -1009 -1334 -134 47 716 -56 335 783 -338 -427 453 -73 -59 1006 -947 -1008 397 -281 428 -1074 -669 -1 1246 -798 -691 -128 1 148 -259 494 -22 -152 537 536 237 -88 -17 -62 -19 -984 -531 -219 1009 497 501 714 -65 -443 -47 -1029 10 1826 -881 79 314 -536 403 -257 120 -253 -60 97 1280 26 247]
[-835 255 660 560 62 -158 -845 -479 530 -14 -561 -685 244 -150 227 107 466 226 -767 681 -726 -795 -359 69 -170 -137 422 -851 57 -1007 73 355 -55 34 695 152 -726 -873 -301 20 55 -327 300 257 -621 -600 9 -405 -471 136 -383 569 450 898 353 850 1015 -364 -78 -775 -515 -915 -493 605 341 -706 -862 511 -103 331 -1665 106 -543 -467 -923 811 307 -297 130 249 -820 -116 -57 67 228 -92 829 720 -170 -704 -522 -490 262 -290 769 60 833 -508 202 392 -872 -1118 -11 185 795 -368 -463 -90 -69 640 -582 299 328]
[-573 1384 -439 -623 234 -844 365 560 -794 816 68 -565 -326 -626 237 355 -126 172 945 -344 -182 121 -390 170 -422 1113 -227 -69 -242 348 -466 218 -9 -920 -768 284 397 24 695 714 191 -84 -41 622 -480 780 -1757 -660 406 -165 507 1358 200 -318 300 -566 223 676 -360 -321 935 555 239 785 428 679 -260 -222 290 88 -154 671 1500 -1376 -1126 444 728 -152 -876 230 80 -355 455 260 93 -74 -191 191 539 480 207 -643 -2 71 232 909 -161 298 -26 -1209 699 -288 -197 -213 -1036 801 218 894 -794 -342 -492 -967 169]
[952 -643 180 744 355 -985 635 882 -469 879 164 -248 -714 -82 319 -990 79 -258 386 -93 44 -323 -497 1298 -307 65 -192 -294 668 -687 -228 -787 617 394 -248 569 -454 -72 378 -533 1268 1069 -877 456 -392 440 411 -605 281 119 -550 -15 405 990 -326 -746 178 482 -401 338 231 -166 -17 -651 200 25 -659 586 1360 -803 -1035 206 -448 -141 -866 -815 -579 -211 -923 257 176 7 83 261 1 -446 104 -472 -582 673 346 -342 72 -998 149 -471 -255 -1155 362 634 -584 -105 -373 -425 -968 101 -34 649 384 -99 528 101 875]
[374 -471 1642 821 -78 811 -221 -144 -184 -456 224 -246 192 -838 941 -245 -563 683 -303 821 -842 -225 -7 61 287 -966 -26 -685 -278 -562 44 797 -321 -345 530 -363 -185 -385 -470 -460 999 -111 -396 -122 745 163 -923 -199 -101 400 -679 326 -271 598 -477 67 535 171 78 -337 -336 -1064 248 1293 -369 6 -752 -104 -385 370 -310 519 -15 -260 -335 -566 575 -1021 793 94 -624 -350 -1256 709 320 245 549 318 -399 428 243 48 771 -58 506 379 937 814 184 -1022 215 -835 -22 751 377 -363 -378 106 -55 -91 -278 108 1026]
[-98 617 -461 -400 722 -666 -1162 598 993 -85 246 123 -175 327 -1442 -824 -355 474 421 -720 -26 28 -300 592 -128 -127 -146 -190 -568 433 -234 -339 -145 -479 -232 58 262 -399 453 893 709 -316 -643 173 -797 701 515 -342 817 550 939 605 940 34 716 -175 -19 704 -456 720 -1097 -1117 174 -1022 -338 1030 -263 587 -19 207 -1194 -377 495 -460 -56 200 874 -819 -598 183 -466 599 -180 926 -190 270 294 452 41 234 953 -331 -87 -518 556 -996 -1104 -555 344 -1000 -1104 -77 569 889 -641 -509 430 -11 730 397 933 -1124 -624]
[171 -788 -60 1718 -243 -147 224 439 71 -528 874 -360 -503 -253 35 -941 295 -426 -156 -322 -29 281 -728 -830 691 -648 20 -387 -790 -1241 420 479 -580 444 563 -259 -182 171 -650 -1200 361 775 162 335 -283 666 -238 169 397 -143 135 -488 178 780 55 -484 260 423 -101 892 106 -699 33 973 -315 51 -580 479 -251 -452 270 -512 -354 -279 -475 -1315 241 44 1280 22 -230 -11 51 -462 -178 -722 0 -12 -690 798 844 -43 526 154 133 348 76 837 -229 -315 129 -537 61 -723 535 -119 -487 726 1257 -386 516 120 473]
[412 -710 353 -262 -679 -1 630 574 851 677 -389 -306 1003 -852 -415 825 78 -377 334 7 265 -863 1387 180 122 493 33 649 1170 824 362 -225 -1312 -569 -248 -92 -139 -774 -315 -627 304 -511 170 240 180 64 -429 302 -601 -961 -1025 -148 253 33 -257 1000 104 -228 251 -157 -618 334 742 565 799 -91 366 -61 99 373 128 701 -808 91 24 405 267 340 968 -143 -408 -563 -604 599 253 507 -330 -465 531 666 -596 -755 -612 433 -613 -335 292 -1031 281 -42 328 -341 -337 138 235 -504 81 -51 388 703 198 -1187 144]
[-263 -563 -439 1456 100 -1002 -1224 -475 1088 -631 1155 829 105 572 -446 101 532 514 82 -442 -1087 101 674 15 126 -678 390 -975 -609 -329 957 381 -885 179 6 -221 -364 -588 -655 -217 1442 -903 547 568 103 -395 -1051 457 -411 -704 -416 -548 -158 39 711 580 1010 -44 702 711 697 -458 994 -468 388 697 -85 55 -531 741 -80 38 -876 -583 -433 101 188 1063 857 -116 561 -866 237 438 1033 -591 -245 -531 62 626 -427 -926 153 -507 -858 325 -277 691 -1338 -510 -791 -652 567 -898 334 215 -917 -25 -158 -14 13 -839 414]
[46 -420 -466 -431 530 561 -458 440 -54 -837 287 449 1095 577 -16 238 578 -260 -120 -126 -561 19 -972 511 226 493 -1159 -535 285 -557 -862 3 402 531 971 221 -28 358 23 -230 -402 152 376 894 -569 -147 -745 438 649 327 77 -102 -403 600 476 -537 -846 -214 204 -1611 731 -79 -183 492 -891 -838 327 -144 -1052 211 -1290 306 530 -530 -456 1207 -584 -228 -352 430 258 376 322 -454 -481 27 749 -307 176 -822 -106 -456 776 -247 429 -36 1461 -177 231 -198 495 -624 -476 -1274 468 -669 -768 728 817 -627 -361 1017 -11]
[246 669 -722 49 -38 -974 433 678 -252 -843 -81 127 570 86 -956 655 -110 -867 710 -1315 195 -210 134 1044 -324 -100 194 -137 -528 -703 -354 -391 -247 -93 -351 -61 -1382 -497 -448 165 -670 -922 104 195 -922 1 -250 137 -114 -592 789 977 -150 366 63 -1 -203 968 -580 1342 236 -275 430 316 147 -89 221 -877 -392 -484 2203 146 214 -631 -66 212 312 1273 927 -183 48 -407 516 158 479 891 -1046 530 -119 314 140 381 -370 553 -172 -16 -1421 -874 55 657 -446 -22 111 370 -122 225 12 358 -618 904 469 -1554 -280]
[-183 -173 337 824 85 -1504 793 -402 -440 644 -348 268 63 -823 -955 -96 -15 0 11 -202 -444 73 37 -296 155 16 1368 -628 708 204 1037 132 -546 -196 136 -441 -423 -690 -256 90 575 -78 318 317 -508 243 -627 -827 -381 -498 306 -452 -273 516 76 -500 158 778 -500 366 936 76 -14 542 426 1061 -215 -138 -244 -379 -95 183 306 -665 526 -372 156 23 425 584 1426 -1072 548 368 591 -110 -627 127 -325 541 269 -186 726 -242 -423 450 -473 146 -915 -812 -404 130 31 -174 -232 651 684 319 -870 677 275 -732 23]
[403 -201 569 -1259 -719 439 584 -630 -280 296 181 414 73 -225 802 -435 -30 1090 -572 255 1266 -245 604 -633 703 -686 -1109 566 942 499 -645 -96 784 866 445 -84 -3 378 610 -167 -560 952 -1174 -215 419 -1111 908 542 7 651 -817 -413 527 -346 -469 665 -311 -1253 451 -397 -997 -416 -603 -845 -391 -650 -552 -835 -261 -456 -507 206 -1278 360 778 -582 -1019 377 -1036 90 -932 2327 -211 -297 -750 601 94 68 -261 -1069 -310 144 -207 463 458 -404 49 -252 489 1024 873 505 117 -126 -96 -689 874 -1041 -364 107 857 1421 267]
[69 2104 -905 -292 241 163 -121 -219 27 -505 554 284 -1741 296 -426 -211 -504 690 136 -577 -19 150 -720 -653 -121 -125 -106 -927 -524 -1020 -580 -260 -51 35 -355 618 372 871 3 189 -603 96 539 -361 -1524 -426 496 -63 718 1140 1767 215 -324 716 -519 -70 -34 -403 587 524 -412 -621 -283 -75 -657 511 -775 409 -778 -919 -25 -482 1412 724 262 165 778 -456 589 -711 -561 449 14 -221 -1181 -409 -224 68 190 172 615 219 100 362 1209 2171 123 1221 828 -685 41 -192 -54 686 634 47 380 -949 -122 140 183 -303 -740]
[18 -506 1132 532 117 731 658 331 627 -847 859 349 -135 -346 1080 659 520 929 124 723 772 -108 805 -95 402 911 583 795 -657 -146 374 -688 228 1001 -87 -322 -169 108 -430 925 1024 -29 273 -543 758 -517 896 -44 755 -346 -532 -582 -552 -563 23 308 786 -316 852 -643 868 254 -596 250 -1191 -718 -1124 -651 -804 1305 129 -784 -1185 904 -278 900 182 -267 514 682 562 141 -1417 151 6 -11 -198 -403 -196 -4 -1183 138 757 100 -1335 -313 1037 -777 217 294 -90 785 -276 -1004 373 -75 -323 -548 -670 -308 -761 385 -287]
[-751 402 -525 -144 -349 806 455 -1163 -57 12 346 614 -388 -61 -282 -301 573 248 -441 -592 144 59 -226 -892 917 -222 343 -121 -1111 179 402 698 -278 -746 -134 462 -144 32 -349 306 -1059 82 500 -437 62 -440 -852 860 -3 123 637 -215 214 -550 611 -30 -667 512 -38 158 340 -711 -67 -107 -896 -324 -149 -399 -381 102 -38 167 1147 -760 -841 238 1030 311 408 845 -344 922 724 -383 -270 -975 312 479 513 -348 644 -19 884 528 729 730 -516 915 -285 304 1084 164 538 58 739 -121 503 282 794 -366 -170 797 289]
[278 -256 669 293 431 885 248 -31 648 665 -309 237 -1314 475 176 -498 -297 -1108 -925 984 -237 -120 -1374 -587 49 357 517 289 367 -23 619 -723 -37 1547 33 429 486 51 -253 -1416 2144 163 787 314 345 -297 554 147 -204 -590 880 -1605 -342 575 -23 118 191 -795 83 -134 295 335 -495 571 214 278 279 -125 -929 673 -1004 306 -321 487 65 490 -339 -214 730 469 738 536 380 -104 321 -524 -57 -115 408 209 -837 567 -77 -563 -127 -154 639 54 4 205 -307 242 -121 -859 640 -465 515 -391 717 -475 -811 -40 557]
[137 175 -804 500 761 -69 -1115 821 -175 -1213 823 1062 -40 1424 1325 -159 244 -152 -170 -171 -421 829 82 853 -350 -252 -229 -493 -1042 85 -107 139 96 412 -450 631 -198 495 -272 -153 95 -963 81 135 -508 -607 -466 277 -422 -668 433 -676 -325 -551 407 -312 104 -566 869 392 1023 706 247 -1124 112 211 135 120 -450 395 283 -19 428 1321 -341 889 491 204 -384 -998 -161 -1160 -13 -235 634 -429 299 -52 -230 -534 -62 1301 818 -738 -893 -564 -806 -92 -265 736 -628 495 710 56 -520 -1451 -572 -399 -506 -752 472 -58 -124]
[230 1040 -27 -1171 879 -212 179 -549 61 320 -42 -136 -415 276 557 -690 -482 238 203 -171 -101 -64 745 485 406 686 -316 -1209 -230 -148 206 300 42 -632 -1129 -146 77 110 512 1375 806 -592 -6 -882 -873 516 -2099 -712 104 392 -320 -451 622 -184 110 563 900 -336 -57 601 750 -609 330 -220 -160 -430 -181 -718 176 489 469 859 1036 -931 -420 -558 -123 728 -58 -1595 382 663 720 649 478 -881 -187 -1637 692 92 1629 -352 163 414 140 588 -1083 -620 1610 -1094 -229 -606 -325 1064 -504 -284 904 -577 -721 -275 535 -579 376]
[-512 -360 319 -482 -563 158 859 -386 -817 26 597 37 -146 -36 -363 534 -220 1125 553 265 329 -489 232 947 -799 571 317 475 -338 -511 -1016 348 974 -712 -47 1056 377 -917 -251 470 -193 -39 -163 -1234 985 -559 812 111 -137 558 -446 -278 -582 -722 -338 -487 119 -35 -653 -152 1275 534 1671 -951 -79 -1655 -137 -175 1915 -771 -429 -524 -403 265 368 -385 -441 -10 -58 416 -675 302 136 572 -396 -701 42 -605 1158 138 -577 -596 -1341 -33 -325 -301 377 -207 163 -97 164 -202 -386 147 -2 -699 -802 -195 265 -209 -566 118 231]
[678 -159 170 -193 570 568 -126 -183 -41 -449 -304 -380 -508 28 433 205 373 -514 202 374 45 308 -262 993 -548 633 103 196 -131 -1253 -579 -100 284 -71 -93 55 -70 106 540 220 -675 268 119 330 101 -440 499 -25 263 1216 24 1022 -764 352 1216 -770 531 -11 -176 -677 -156 -254 -508 285 -153 -227 -1166 152 702 66 -793 -156 -162 -409 -345 187 -372 -133 -673 208 -400 16 -308 217 120 755 701 1280 -222 9 -688 529 259 132 658 -502 249 932 -171 133 441 -544 -149 704 911 1010 -487 1643 199 -824 -72 1371 59]
[-275 -689 -386 -523 -100 477 -112 -437 1629 -345 -301 232 365 334 -1212 -773 118 571 28 479 211 -457 -200 -926 754 606 549 756 -143 -136 401 -624 -1053 555 -137 -743 44 722 -186 405 54 -333 986 83 -133 250 -60 1182 336 -652 937 -361 -996 -663 200 498 525 -200 1185 494 -379 -1423 -355 378 -305 -356 715 -249 -1185 1109 -89 172 -378 -793 -183 1456 591 217 90 -153 742 200 -576 421 540 -321 61 138 40 1359 -689 -682 906 -220 181 -165 -186 674 -48 -364 -419 274 48 -475 727 90 19 -999 -34 601 67 -1255 249]
[-367 1064 -355 912 -379 -710 -289 151 -473 -1093 676 -92 -254 446 97 -648 -983 341 -601 -339 -733 763 -140 -1252 -465 -189 36 146 -415 -792 -734 360 279 -263 -497 395 318 -324 314 -353 -373 988 -455 230 45 788 466 -209 -118 562 118 973 -6 220 224 267 1034 824 -622 590 13 181 -26 -648 312 -26 -930 1334 -48 -79 565 -598 1231 545 576 -388 285 -505 -26 429 -145 489 761 199 125 -269 -61 870 -14 -955 1172 -497 -400 -845 340 1523 -1395 863 163 59 143 595 538 820 -144 601 -1105 -140 -260 -560 405 1050 -268]
[-80 -288 -434 769 1065 -146 179 298 241 -574 334 649 -433 189 1480 179 333 -246 368 -502 323 288 233 734 241 363 -135 73 -860 -1051 625 -162 35 434 -788 839 -382 198 -111 -124 -228 -236 113 -313 527 516 -125 930 -493 521 -423 -351 -648 -61 -286 534 -462 76 -189 -62 -339 108 -82 149 -1097 -1537 330 -4 1235 -765 1197 318 -135 923 -611 60 216 327 295 582 575 -210 -431 -123 575 164 -195 182 26 511 4 1229 71 -639 -343 250 600 -613 -279 1113 -831 -671 -245 485 886 896 -485 546 -58 -572 -1178 -166 -379]
[679 -657 -407 -296 368 551 11 -606 1007 -965 50 900 630 -403 237 -256 -529 -185 762 -919 -427 -351 1193 73 268 57 -1302 339 15 283 251 -533 -1035 -908 -197 661 331 866 484 -565 -578 -38 -111 -84 -623 -103 -698 -203 -753 485 -482 -338 -603 -23 703 430 -520 327 169 -273 -935 -177 51 -709 -397 269 158 573 17 -206 825 192 -201 649 44 1438 417 435 -525 233 784 -361 -243 629 158 -88 533 375 214 876 -220 244 653 -556 -561 120 223 84 73 793 869 -282 -261 710 815 824 -1003 452 496 -592 436 -810 442]
[1080 -676 214 -228 625 616 -586 -1227 382 -900 -159 -45 -583 -341 -753 257 -207 -393 646 550 -532 488 -70 35 248 -105 -402 -37 872 -1136 -74 -585 -536 -55 -381 60 642 537 -353 746 -283 456 448 -115 -214 366 1427 121 623 1542 964 269 -713 871 281 145 -177 -433 784 118 -492 -1015 -1532 109 11 -12 -740 -229 -481 301 284 1121 -45 -160 972 958 -289 66 -1108 -902 903 -484 -618 736 474 259 9 1435 115 686 -754 684 327 -50 26 12 -914 1148 -622 265 375 -218 -59 1286 33 1114 323 -577 -517 -656 315 51 386]
[-350 514 -277 -711 -1862 512 1271 -772 353 -414 18 -626 -55 407 -60 -471 112 374 -1285 370 340 -78 -574 -1315 -126 -708 683 -67 493 203 193 -474 -373 702 462 -780 263 432 180 316 476 481 466 -873 -18 -182 1530 -97 510 853 -122 -374 -126 153 55 780 492 -134 -204 706 774 -314 -42 -175 1306 -99 -847 -391 -100 -120 1734 -71 -130 -166 764 -433 -1044 1130 620 -788 -316 1524 552 -252 -52 -324 -845 460 -3 -1051 -387 -552 -1097 300 -468 727 8 1074 615 297 1250 971 -80 -30 -99 993 188 -430 81 -414 -162 1614 -174]
[131 -427 772 60 -338 -268 384 514 265 248 -749 54 456 -755 -205 -508 -1065 638 -787 1449 365 112 -533 553 54 -191 34 -246 853 638 357 -873 10 -409 210 -46 -651 -796 531 -129 -954 898 -349 -366 -536 -125 235 203 -410 -699 -842 68 989 502 85 137 1058 369 542 -650 -246 -596 -344 304 769 -154 -827 -396 -1228 263 37 718 -498 290 157 5 358 -78 -298 627 -1429 1009 -511 604 472 793 31 -54 -593 14 447 -67 397 214 -792 -84 -166 -1146 6 1539 445 -254 -264 -643 -870 -450 -520 -519 -806 410 -9 392 410]
[63 -941 -555 -45 -753 585 -39 665 524 237 435 -674 1000 343 -746 -328 807 27 1108 -1000 200 52 -952 -67 -79 -146 868 506 -218 1090 183 333 101 -201 731 -1442 -27 62 26 371 606 82 808 -16 -402 219 674 75 842 -320 181 112 351 -42 158 -446 -825 95 180 1024 -84 -755 578 648 188 615 735 -259 -397 379 970 -872 -169 -503 12 -259 -261 -243 1191 -1004 -82 -324 332 -92 -788 -1146 68 -596 -561 123 234 -843 399 249 -817 -798 -292 73 457 -1355 529 647 -340 -112 -418 -60 113 676 691 555 768 -513 13]
[-699 879 20 -193 41 211 1610 521 -956 888 -1250 122 -628 -224 -401 295 -264 46 -774 -1129 -48 -652 -601 551 -338 -124 459 5 -136 -822 169 89 647 -22 -891 316 -1438 -43 -791 359 285 -551 -727 351 -46 50 716 144 1107 212 -101 -545 -446 -393 -1249 -686 -905 680 -541 -942 473 128 -64 -1138 -501 -878 1 -437 598 187 748 -312 667 622 -49 -265 -233 633 -686 1057 747 814 937 810 -325 8 452 404 -714 -410 607 -1174 -556 -240 409 421 -671 -392 1253 1255 228 1602 -215 -114 260 -105 195 49 789 286 -34 1083 -483]
[964 26 -284 601 -517 -1012 119 952 417 -1304 129 95 994 968 -576 -364 367 11 -167 -476 -592 -496 692 763 -673 -278 326 28 660 278 -373 -868 244 505 409 -480 -1015 -651 -113 67 822 -696 -151 394 206 393 -125 -107 302 -653 -1022 781 -137 128 -454 1202 1099 637 -197 -22 159 -244 1547 197 493 -52 176 -831 290 681 201 260 -204 -455 -620 200 -366 995 1023 293 584 152 -109 488 398 274 -538 -721 -606 -128 -598 -1608 -471 -432 -256 -239 424 -1024 255 272 -730 164 429 167 -973 329 -801 397 -268 1047 230 -638 246]
[-968 476 -755 153 362 -308 -1161 94 -1036 161 891 -114 -344 193 -417 1115 1218 1288 302 -450 815 26 -157 -843 -228 352 634 -351 -1460 -119 552 204 931 48 560 664 464 680 -1278 763 -1092 37 96 772 291 -713 -363 695 -67 -508 363 1304 -286 -631 -163 -919 -490 -424 345 -443 817 191 398 -167 -980 -499 333 30 -609 -359 -716 -955 335 44 -819 -849 463 -523 228 388 -48 -562 -183 -820 -1147 -100 161 -567 -626 -1142 75 79 114 -126 339 158 -109 572 -358 158 -169 500 843 -932 891 31 233 388 -142 1095 -600 441 -1182]
[-51 -64 -468 -834 529 484 -42 -452 -44 -1124 748 920 8 801 792 144 337 -347 -255 -845 -314 -279 1187 -5 326 -8 -1355 -46 -60 -43 -884 -37 229 -669 -3 783 361 214 714 -583 -685 420 -769 -904 635 -689 145 5 -725 714 -642 -265 661 -530 374 396 -560 -497 91 -78 -622 32 1070 -2045 -966 -139 651 962 712 303 253 790 431 294 -12 435 -579 18 -597 -11 -536 1087 740 -915 -302 -403 -226 -1637 1141 -312 252 166 -1089 30 -280 1075 -655 177 130 475 1157 213 -16 -48 372 320 -294 -456 851 -396 1221 876 260]
[-830 316 -569 -441 -24 -377 1119 463 -692 528 225 329 -160 -877 -574 353 14 1241 76 -681 482 210 -404 -894 -67 134 21 45 171 546 76 -304 -154 -247 104 1155 866 -24 -311 -318 -1097 610 106 -258 -823 -757 -33 174 -1016 116 683 -861 154 69 -133 -421 -1228 -667 -416 477 -227 867 741 -560 -40 -178 -311 -909 -94 -880 -341 43 1222 911 673 362 467 34 1117 149 -469 -59 453 333 -930 -279 -796 447 38 -447 590 639 -853 102 -701 823 63 307 -603 303 483 213 421 54 262 -575 724 6 83 -105 152 -187 -896]
[312 518 -898 298 385 347 -1268 -177 1026 353 301 538 -291 907 -516 468 -615 -973 -277 -798 -738 681 -591 143 -728 -160 8 -741 200 225 468 -890 44 370 -819 319 349 31 -109 -731 938 -377 799 476 -1393 -548 370 -93 332 -263 -95 -1212 -10 -249 223 665 -587 -575 544 435 86 499 -361 -914 682 719 998 -413 -1804 1175 520 208 8 342 672 137 -891 1025 833 -571 903 -15 655 4 50 -21 115 -401 5 -101 336 548 -438 -161 -819 365 493 -394 332 388 -86 106 -400 -487 476 -377 207 -695 -53 -428 -408 -325 92]
[288 -331 -272 -1035 -847 154 -537 -637 -189 738 -676 -509 738 -167 -730 618 -7 853 769 19 127 26 238 448 -158 154 1072 -176 205 535 -78 -337 -80 -1754 -250 246 559 -533 -288 649 -468 481 93 -1052 705 -566 518 185 -179 -594 -615 682 -273 493 208 -30 -312 190 -183 1100 -295 266 1479 -45 175 -614 588 197 794 -53 699 -263 899 -692 -1 -45 -192 271 997 -459 180 75 -1070 -278 -162 -591 337 -1094 390 70 512 -255 -424 43 -348 -134 -354 -387 160 275 46 -669 316 569 -354 -10 68 315 249 187 -777 -93 -476]
[-792 521 -502 -719 442 397 -387 22 921 426 171 -28 146 506 17 -81 99 414 -898 111 -454 -93 -170 -489 54 -48 319 -188 328 230 898 -426 -439 891 327 -49 444 613 -17 -72 348 21 651 96 562 -1461 -1128 863 613 -35 600 -127 -385 -454 486 -109 -169 -476 809 43 763 -166 1094 33 113 910 108 -63 -163 947 -151 459 1050 -363 -430 1682 128 -57 290 658 533 261 -85 -160 -71 -422 216 -596 726 260 -862 -272 -603 -48 -672 1191 973 876 -360 -830 -155 138 712 -1068 889 271 -57 92 320 458 -754 -460 -387]
[81 12 -252 510 73 -1323 314 123 -442 249 -1152 -501 67 49 266 -643 -694 -162 -572 930 97 343 717 11 297 94 -728 219 314 20 -105 -498 231 365 -384 -427 46 278 410 -705 -636 -196 -985 55 445 467 48 522 -148 -432 -167 -719 43 -969 -30 -333 936 1034 738 -270 651 815 25 128 -99 571 127 930 1314 -281 -777 270 917 -247 -311 -28 338 575 -1798 201 222 170 638 -814 525 -73 91 -224 563 1260 190 736 -713 -975 -111 -308 28 -260 73 562 -707 626 587 -455 223 450 85 -33 -375 328 -379 -460 -517]
[553 -713 211 -629 -856 786 -843 -1106 380 404 -391 -356 -119 366 852 -360 265 -973 -65 20 182 -868 80 -381 282 101 -614 214 1084 637 233 -216 2 -111 -382 93 588 795 -94 239 -383 863 333 141 -215 -764 892 -215 -118 929 -745 275 159 571 336 455 -770 -716 1065 605 -579 -87 209 -317 900 1128 -25 100 44 823 -131 767 -1397 498 -481 663 169 -426 132 -1135 -104 -628 -867 345 -449 -622 881 112 163 163 -789 138 -102 -942 -398 -306 -174 521 -161 483 409 228 61 1227 595 0 906 95 3 462 -164 -6 728]
[-316 1012 117 305 -13 364 -1274 -343 1120 -562 836 514 253 329 224 -34 244 -886 -1530 317 -855 -459 639 -458 -326 -671 -1358 -831 36 231 -214 477 -286 925 1028 -69 -145 -59 113 -451 -611 -774 -569 -219 143 75 -365 -566 -102 330 -500 989 358 105 362 982 572 273 593 -249 575 153 363 -523 489 993 379 -78 -422 988 -88 -202 -837 623 -565 886 1210 219 199 -640 -544 333 391 -448 64 663 -456 400 757 -113 -482 -724 -939 514 -104 836 571 649 -1155 -633 -244 130 110 -175 630 -399 -567 -1637 181 -462 -981 93 212]
[113 -656 -940 -281 -914 614 1214 -88 416 -280 136 604 989 -281 -1805 -22 -876 904 1033 -84 -144 632 -1123 321 181 -514 769 524 -125 1086 103 -380 -413 -1176 243 286 -122 -730 -187 46 -406 1021 942 -133 151 -402 491 922 -95 283 926 -312 -493 -277 -45 -140 -1380 -253 -461 704 -1299 -814 -229 855 -142 -650 800 -949 -725 154 869 562 925 -423 1560 966 -98 59 619 872 357 358 -156 246 -14 -454 -718 181 -122 -368 122 38 518 586 -93 517 88 -531 -49 115 766 -438 -61 66 -1266 252 -368 139 -633 525 540 -384 78]
[-403 -118 79 -387 -330 -865 172 -1531 234 -114 -482 376 721 18 -54 -377 148 -1019 -379 -101 -314 -905 1053 -883 332 137 -347 912 1023 462 659 -15 178 -77 416 -532 -277 -524 389 -314 -357 -45 -609 -814 638 -231 87 -479 -1705 56 -149 338 -11 126 -398 1896 -178 -178 -353 771 -1767 -96 -245 -122 109 -332 682 -1304 -152 461 437 934 -319 -165 429 552 -55 1117 285 -27 595 1020 747 -87 668 -248 -1060 -332 522 175 -56 137 -846 112 541 393 -819 -1060 -900 827 -338 311 285 632 276 512 139 -985 -488 429 -191 -623 539]
[-682 240 -938 120 -59 -1376 -555 -579 144 -566 257 -157 -694 -78 -175 -298 -201 -1330 -377 900 183 283 787 -507 74 -815 78 889 -551 -580 1609 609 -1537 -659 -54 75 531 909 399 -188 57 -326 306 -863 -560 -100 -880 -946 -314 -661 360 -834 -14 -312 565 -606 139 465 370 730 1196 516 -453 -754 -494 1249 -937 1915 435 -690 -289 -1263 -402 892 550 -5 225 78 -939 -189 770 -1239 -74 430 1236 -939 285 -99 -62 525 383 517 -14 20 -610 -289 -1144 85 -1232 565 -119 -710 674 -1260 -197 1426 -695 292 -541 -580 138 -302 -828]
[613 692 -53 199 -153 -731 -1201 -331 92 -1216 1244 710 -455 732 338 -528 247 -599 -1240 -681 -944 672 -389 -920 -134 -296 -112 -40 15 535 -391 -65 -102 584 -110 -168 -305 71 -916 -613 -61 -677 -83 -1022 -456 290 991 -116 -162 -109 495 149 83 -377 -1018 1363 43 -143 758 1102 201 253 -81 -972 13 621 -386 -1083 -781 683 581 28 429 979 233 -347 109 1064 1544 -386 -325 -444 463 527 -262 25 -679 530 -571 -133 241 275 -1008 -515 331 -129 -691 10 -165 669 -70 611 900 728 282 -967 792 -1122 -292 -1061 -719 411 23]
[-696 -369 -246 -848 -418 -715 155 -696 884 13 -303 -489 618 -822 -653 152 -74 1276 265 777 195 -50 -117 659 690 -606 911 -145 211 910 30 -46 -393 -527 901 526 -17 -774 333 978 243 324 305 -480 508 -75 -55 22 -217 186 -173 467 188 287 941 -490 588 452 -101 167 -635 -1329 535 1519 -197 301 -786 167 -428 -288 -1620 95 -14 -1000 -293 218 1209 -1010 -1293 109 -977 112 -607 -78 189 -554 268 379 -117 333 -566 -177 397 -693 -141 224 35 -836 -169 -1495 -287 -609 -220 647 -789 297 755 166 -351 747 12 -1066 -136]
[-261 -189 141 -576 -522 84 -639 -401 28 -673 1071 382 -162 -240 -1078 549 700 385 488 1140 153 -336 161 597 -250 786 -102 -119 133 707 -448 -349 -232 242 1223 357 528 374 -395 346 -1157 90 -134 -957 671 -824 81 955 -67 -484 257 666 -210 -595 192 -513 860 175 734 -174 1621 -520 471 400 150 281 638 -230 316 236 -476 270 -875 356 -33 666 988 625 -268 28 -9 -833 -19 -605 -47 -215 -288 677 795 685 -1893 374 -855 -11 -814 -393 -119 48 -708 -355 155 -644 542 -1144 811 -300 -341 -1606 -552 276 -1347 -423 33]
[1266 -49 73 -485 171 -921 109 -501 402 -588 -1596 610 130 -780 -415 195 -195 -274 560 -36 -360 466 438 -289 56 295 300 281 919 313 -180 -740 -201 -501 -64 81 181 794 41 -38 444 121 -229 -171 -144 927 1360 -952 -409 148 687 78 715 629 -769 411 198 162 42 376 -1769 -7 -724 550 353 780 -818 420 793 -603 -157 1 481 917 66 -522 -89 183 -524 38 427 -451 142 174 707 90 -4 882 -1134 832 131 1137 680 -623 618 -523 -1047 8 178 -111 -68 -61 334 1494 -1178 1473 719 124 -813 933 255 -527 -698]
[291 -1073 -443 664 320 885 387 75 685 -161 460 235 551 -356 -545 -239 653 542 1025 217 -290 1040 -689 712 -76 -139 -412 -474 78 -411 -846 -598 -103 -352 -99 178 66 729 420 -397 -363 641 -327 -63 41 -203 -67 2 -141 -337 -343 -143 486 -532 968 -417 -478 724 200 276 240 -174 -66 -305 0 551 -435 112 -471 243 -486 -121 99 -1142 -952 617 73 -435 -751 488 -618 -277 -439 -477 -640 -445 917 -71 -972 793 -234 712 582 -649 -391 14 248 475 320 416 281 -721 -948 -997 27 155 -335 1300 430 -842 743 330 738]
[-12 -578 6 470 968 -318 625 984 945 655 -644 625 294 -745 -429 -102 265 917 127 -366 -309 862 152 -17 158 683 821 73 1073 -551 -73 331 -426 -427 -180 -585 195 -870 513 -390 -1048 46 233 -759 -398 297 213 130 -315 70 -332 -428 8 500 354 883 -299 -390 -929 37 -1421 303 -162 -828 -651 -1050 -392 -19 28 -307 213 -647 845 502 1103 317 -245 -247 744 844 846 375 30 436 14 293 -128 -175 -948 -375 1265 -658 335 426 -313 674 -968 417 -397 -311 -597 475 -446 487 -120 323 -806 88 182 -421 1505 688 -912]
[-782 643 -296 57 -449 -1103 520 63 -1513 248 314 557 794 -311 -519 1133 -204 343 147 -567 -250 687 36 -219 -526 150 -222 -849 474 318 -229 144 243 -380 467 -248 -671 -1325 452 -205 -562 -585 -565 -478 -125 399 348 -564 -550 -415 107 -219 347 -355 -872 693 -513 244 -995 -75 -18 174 -423 454 437 -512 320 -112 -532 -878 1008 494 668 13 765 -711 -277 487 -160 103 -656 -354 1327 -1108 -388 351 -1088 -182 -103 -618 417 -2 -994 248 75 993 -463 -374 791 331 136 -123 -832 224 -353 141 456 -707 -666 237 -294 -102 -89]
[-522 -909 705 401 186 -205 684 439 -958 91 288 421 -363 -754 -1477 88 -465 106 18 56 -218 352 -644 -510 -375 -160 157 893 -765 554 403 440 289 -1234 845 319 470 -198 -187 -530 -433 358 -164 -57 726 331 -312 148 -81 -488 -563 676 -24 -375 288 -1295 -585 829 -881 -1088 -184 -799 -336 -403 195 -443 719 558 -371 476 -30 -668 -441 277 332 -1599 296 -1063 -350 1637 -247 -657 902 630 214 423 -132 390 -869 85 386 -1421 929 -341 565 -379 -630 299 -396 420 447 375 193 -895 -599 340 -701 -319 730 366 888 244 570]
[202 -566 -200 275 -778 435 294 -1065 470 139 424 -35 -27 437 -1189 402 598 839 322 135 -711 244 2 -518 -304 -323 948 178 -629 1183 817 -191 -115 -647 369 -266 149 134 -1111 426 641 -121 974 247 115 -1537 206 441 -186 -405 398 -289 258 -649 309 -619 258 -446 616 64 482 -67 1250 -248 1128 606 227 499 366 420 -47 -626 -21 -342 -226 -334 -872 847 777 -199 -384 -1000 806 1 -258 -826 -386 -272 548 44 -827 -666 433 19 -466 -511 129 1325 -165 96 409 -233 237 -1049 151 -173 -472 614 513 110 -95 -513 383]
[-37 475 -300 -112 813 317 -308 -616 -450 -510 -1090 308 -1286 650 998 116 272 -736 -608 -172 -279 -641 -697 -1070 161 -445 126 264 19 -128 391 762 466 255 44 876 307 79 56 -871 104 131 524 132 663 -608 748 -723 -5 -340 1048 -763 -715 343 -473 550 -1037 -348 -312 -1322 -575 1160 -881 70 -117 730 322 -248 -63 -420 -2 -344 258 954 173 1085 297 -298 -1320 908 1122 -11 751 -647 -6 -936 155 223 491 -325 -563 458 155 221 87 327 412 498 -891 859 561 896 9 49 248 194 193 -104 992 68 173 -338 -74]
[-172 -724 -418 -27 257 -439 -1182 -760 780 359 -12 288 303 346 495 -246 151 -400 -232 786 -432 -654 -82 -236 227 -534 -1417 -176 1063 209 604 95 -822 470 426 -38 159 -164 571 -47 743 -332 52 311 -599 408 -680 92 -231 186 722 234 95 600 508 1095 405 304 756 -238 71 -554 -1024 190 -145 523 -247 970 117 12 -785 629 -66 18 -927 1767 147 398 -1284 77 33 -138 29 434 1073 -557 351 -180 1075 -153 -257 28 -234 -144 -19 -425 28 -710 -606 552 -357 -533 521 -155 -414 898 -1222 -318 -255 -584 -1041 -650 439]
[-115 675 -56 -1262 117 -797 1347 -150 -699 1304 -218 320 -354 -375 -468 1287 -563 135 586 -656 1058 -667 189 975 248 810 792 311 -374 -336 -61 -219 711 336 -716 1281 -509 -138 -423 501 -798 -30 117 395 662 -31 1275 821 -852 530 66 -130 -517 -204 -296 -837 -1207 -470 -70 72 -116 613 262 4 553 -1211 304 -640 1028 -626 748 900 -755 595 1029 -205 -31 505 -599 115 -423 551 450 -81 -184 569 -907 886 583 88 -807 807 -942 -398 -284 85 -789 -986 207 491 -31 532 -579 701 613 -481 1332 -523 -578 321 -329 -325 35]
[-328 -15 -107 329 -347 -1316 340 46 -1763 -372 -517 355 345 -346 155 144 106 231 -1045 -1354 -381 271 -133 -584 -728 165 591 -471 825 105 395 108 242 -202 190 -547 -145 -551 -218 -887 263 35 -562 322 -1533 -356 1344 -1479 507 221 55 -264 -805 49 -333 -432 -1031 -378 -716 344 -27 544 -346 -988 -73 71 29 139 -596 -442 709 -152 -13 438 651 -1236 -1543 131 -209 -151 310 -702 1035 117 -502 302 -39 -273 -1839 -729 185 111 103 -351 359 -297 -961 -578 568 890 469 926 301 660 -840 -75 700 820 5 -66 438 514 -347]
[-38 1159 -48 -1623 -23 -596 283 519 261 522 49 57 683 322 -118 1065 -606 901 -275 -780 1038 -272 828 -78 117 1052 839 767 -445 283 436 -234 -717 26 -836 673 905 -549 -160 561 1588 671 180 776 424 -132 -397 322 122 -258 -452 -506 -974 -1080 187 213 66 -781 -203 -682 149 508 503 -618 77 -667 241 237 -154 470 412 963 -601 218 1587 420 -1754 861 -149 1020 563 1103 -382 305 797 433 -484 -647 231 -962 -183 -544 -1003 132 -600 122 218 -834 283 -125 1028 209 -259 -932 -1044 585 -167 277 -686 35 -488 54 -241]
[387 891 -332 -80 157 -790 -1423 973 687 520 175 -135 -104 355 -391 447 201 566 900 -722 133 456 760 599 752 130 473 -820 -8 353 129 -739 307 -30 -350 -1036 -403 -450 -414 868 488 -688 -452 49 662 511 221 850 227 8 268 527 460 -181 197 979 1010 -591 1098 446 -418 -500 236 742 765 385 357 -1581 195 1148 624 -178 492 -720 -397 -180 319 483 162 -1051 -138 1065 431 -263 512 330 -665 -729 302 -472 349 -426 -812 119 -283 86 -776 -912 944 -346 -1406 439 992 329 669 -374 1237 -1240 -471 1055 247 -165 -650]
[-236 231 428 70 136 -772 60 -1735 159 966 -177 -631 -618 -230 -98 -716 -70 -192 -352 663 -444 -643 -774 -342 477 -798 1 181 509 109 417 223 595 1480 1246 -529 -24 170 53 130 771 635 200 860 -639 -78 1015 -573 388 628 713 181 -193 798 -466 -457 114 -1005 917 44 -1047 -844 -1421 932 -167 497 -154 273 -754 523 -1277 -40 -1218 -133 351 164 -269 238 -700 -812 685 167 437 -384 -233 -242 -322 402 -824 549 -1217 -384 449 457 518 845 68 189 -1432 -799 130 -405 -615 169 -784 547 502 -1424 -582 -121 -195 348 670]
[-955 38 299 108 -603 -407 484 -374 866 34 -344 369 1581 239 -1231 -662 -235 -521 150 -172 -531 -759 80 488 445 -1066 -293 5 828 1000 212 -265 -613 107 959 -388 -929 -703 231 548 1221 -937 -909 1568 -265 878 -734 -682 -433 273 583 -394 1090 646 -347 283 207 718 -976 215 -1340 -809 624 1797 541 492 1196 -560 31 330 -133 224 229 -677 -14 552 805 414 -254 -404 340 509 868 -203 151 469 297 -61 90 48 -318 -1217 153 267 -208 268 -83 -638 -190 -1234 33 9 -407 831 -1292 -746 -363 -34 624 558 262 -577 497]
[-325 344 466 563 210 -1009 -95 -1067 -1654 192 494 -1053 -444 174 -105 -631 -607 -783 -656 773 178 -89 1072 -400 -226 -1035 -1454 7 455 -264 39 -311 1024 691 -456 -408 623 -345 605 266 622 -47 -1295 310 -354 1613 -113 -1129 -98 132 427 640 748 -150 -758 -151 1157 830 126 318 504 316 -1209 401 109 548 -1043 595 -156 -292 248 139 272 -407 -264 -1516 -486 577 -1620 -1109 -274 450 275 13 27 -68 -131 -326 -73 -132 797 503 -1756 13 776 -136 -994 -82 -47 364 161 553 505 1297 -950 782 380 -445 -472 -253 -278 626 899]
[-397 532 266 -401 -710 760 730 375 368 903 82 650 932 462 -960 130 -691 423 -892 -1359 31 -246 399 367 305 -37 253 -386 184 269 -503 -194 3 194 -843 457 -674 -1675 -83 -490 173 -200 20 651 -250 -706 199 668 -509 -288 -638 -1441 -17 181 -323 457 -914 -570 -581 107 -941 353 1236 -199 587 -739 893 -995 -1063 91 466 519 -659 692 815 888 95 -10 1554 -25 -214 1418 404 483 -1205 289 66 -18 612 -530 505 -778 -254 -149 -367 435 939 -1009 657 119 -244 197 -815 337 145 -2169 828 -711 1146 195 -294 -625 307]
[376 1538 -744 -448 -252 -326 -1524 -241 32 -1243 1664 740 -1207 585 480 880 -1 -189 -465 -717 81 -263 368 -490 -428 -545 -863 -938 165 441 -564 166 -612 115 328 959 392 -213 523 -352 711 -64 73 629 -898 -901 -245 -770 -10 650 121 581 325 642 344 352 96 -903 200 -320 -370 91 554 390 80 1841 -295 334 -1267 -320 -774 252 486 1020 -62 71 493 -642 672 -400 -1499 -126 -400 -897 -1051 -10 -382 244 401 -1023 -751 361 -392 -1 957 1554 693 -3 38 -1404 334 -1349 132 133 830 -290 374 118 -438 397 -11 -51 -121]
[15 -406 -652 -258 -260 -413 -258 -554 358 -775 -794 456 565 -455 134 -336 -175 19 -308 207 -214 -320 64 -877 35 -401 -128 -128 646 1247 782 -111 -368 -52 785 -544 -552 -112 392 -35 314 -225 219 -855 -178 135 -395 -1186 -699 -531 73 -277 -169 415 -384 789 270 171 -54 51 -1105 -321 -460 -107 297 770 -150 -867 -1085 -64 -188 273 590 -426 713 281 433 92 -109 221 458 -3 -209 -221 66 -728 -537 -476 -123 146 331 121 670 53 513 121 33 -586 87 196 -301 195 379 187 236 292 348 -98 -283 449 528 -1022 -11]
[-398 978 504 1 867 735 17 528 445 -10 -287 143 88 -439 -395 1199 511 -343 274 -355 904 -222 447 1038 93 281 -333 280 -353 -75 254 -165 335 1299 74 -113 -600 -143 -200 1241 -1073 -744 110 -83 -518 -276 -103 -338 285 -897 114 -478 935 -243 -567 -387 -179 -334 86 -678 -90 185 -1160 325 -1012 153 -87 -890 -1826 158 529 -356 -1185 972 167 677 572 258 216 63 -297 45 -190 -625 -856 1012 165 8 -1154 -33 -456 518 -51 1025 -800 -225 177 -1083 -210 397 -408 373 -817 -440 -661 -506 757 1 -23 -141 -1176 -299 -632]
[-580 -625 558 1553 -2 -692 1270 413 90 -994 -331 215 -267 -368 -561 -301 89 122 -174 7 -713 -143 -189 634 -830 -867 830 294 -126 -660 384 -640 471 -257 -420 -174 -661 -289 -934 -494 1992 -204 -258 299 -575 491 768 -280 639 -205 217 -896 211 793 -908 -701 773 1081 -367 531 -270 -506 -443 24 -678 -289 -975 316 -954 411 -233 -229 610 -17 -403 -1249 653 297 224 406 249 -530 295 644 407 -1183 -207 -830 -849 672 477 -651 872 -106 -356 343 -785 -657 -122 692 -769 764 279 343 -1055 -369 -447 -414 886 1006 1139 -205 88]
[-259 -92 -400 881 -757 -219 -898 -441 -420 -474 1000 416 573 573 20 -610 1560 -50 636 -678 -903 488 862 -213 444 -520 370 -1490 362 -195 284 775 -466 -564 -419 -474 -694 -1244 -46 941 252 -437 8 9 -629 156 -1190 -377 -47 -680 -21 -679 626 -268 -328 935 496 619 -188 1244 529 -515 345 1083 276 822 -125 -660 79 575 223 72 85 -712 -418 -228 143 777 1071 -653 930 -1025 839 61 -4 -908 442 -504 218 -231 1002 -137 512 157 -576 331 -570 -156 130 -873 -917 -829 23 426 126 -558 1077 676 -208 156 155 -697 115]
[634 -421 3 -151 -969 -216 669 144 428 718 -193 573 -137 -224 456 -415 -26 371 -954 -237 581 133 86 111 -675 -147 5 -178 744 293 -271 -603 101 -47 -419 265 -52 -394 -314 -823 -153 383 -355 -287 147 -292 -422 397 120 -42 -1226 -1366 -161 -324 -351 -140 134 499 -1213 1408 420 72 1177 -474 872 -719 695 -740 1030 -269 269 421 604 -518 -251 -1259 76 1663 691 367 9 2 590 -58 -172 -335 -118 288 -655 23 705 294 -552 -288 -895 -648 -74 23 -314 -227 -878 699 52 71 448 -864 1005 175 187 23 88 203 32]
[-4 -346 69 -666 -45 703 728 -791 311 551 -401 -42 292 -220 -572 609 -187 466 600 261 1057 -1263 61 617 566 -532 304 403 -632 -89 688 -60 -53 -300 -101 798 -476 -365 -706 943 1269 -61 358 476 618 114 -55 115 -210 743 306 -57 -991 478 20 -890 -970 619 223 252 -288 -229 1037 648 -1132 -635 448 -437 466 -122 212 54 -526 -529 589 168 753 -93 393 -551 715 -103 -939 810 -437 -598 -255 -799 1516 1058 -76 -259 -477 604 -239 269 -90 -855 -1091 -1062 -278 123 -650 1249 175 -180 244 -295 -239 1172 0 -1071 326]
[66 232 -164 -977 -619 -725 181 87 -112 637 573 113 0 -694 -1693 -407 -280 -478 637 -55 469 -928 -148 -693 -152 -951 538 567 264 1024 582 263 -367 -1148 593 -144 36 -1100 -86 369 482 -163 473 56 -607 1173 -235 -236 -304 -273 679 1471 -269 540 -176 -244 -690 1161 -365 709 58 -427 1036 946 245 1276 593 342 -495 -86 507 -653 56 -842 637 -399 966 -630 544 -14 -28 -265 -937 712 104 -707 -787 -526 488 1271 967 -713 -824 264 102 -418 -516 -622 -1367 -1681 -402 174 79 631 -12 -138 374 -729 -252 1507 1096 -1702 275]
[148 -143 -600 501 -492 875 -78 -306 727 -847 143 690 808 455 -577 -298 -272 -362 1174 414 -769 197 141 175 200 429 -220 -33 167 868 -179 -445 -361 555 230 -351 -408 -457 1008 -61 -216 -259 948 823 -37 936 -326 18 -480 -238 973 -594 104 150 172 570 382 254 570 -521 -681 90 432 1898 632 1141 38 -828 -1009 115 -286 981 -266 -20 157 1922 927 -26 218 -133 379 -238 -136 -152 180 78 -107 814 1197 731 -848 -408 260 -75 -126 695 380 773 -455 -354 306 -1251 -1040 876 149 486 -395 478 -576 -88 -594 -1750 795]
[-478 -136 -796 486 208 388 62 -127 -500 458 896 -9 -75 499 -1253 568 879 74 768 -472 -722 409 -573 516 -280 -302 823 -147 -1291 -854 863 396 -16 -345 -504 963 -192 -424 -1134 640 -39 -573 1261 829 -825 -363 -499 595 407 -449 1138 667 -725 -335 -242 -765 -1585 -124 211 -236 1259 812 410 -218 -566 -761 60 666 194 -193 100 -1052 559 509 -701 451 -301 42 590 -55 624 -1332 -593 559 236 -853 1093 -170 -255 57 244 -44 560 546 -96 -255 -161 571 -1033 331 139 -398 343 -4 -560 3 -963 779 358 -240 -844 -233 -304]
[295 -513 -186 -130 -194 -119 348 -148 153 -802 -1674 -356 671 -38 129 489 -1122 -491 -719 -147 1171 204 791 -308 587 696 -176 736 377 -618 -390 -115 -946 26 -514 -322 505 179 -280 -1130 -240 176 -762 66 -251 -333 1476 691 121 -478 -285 -1224 173 141 425 729 -133 -40 -254 497 -1542 151 -328 -702 131 -1033 -222 861 -926 -319 225 442 -1044 661 1248 -1027 -755 -175 308 -273 -376 384 -328 259 576 1214 -329 218 46 -470 275 1288 774 -63 145 -570 -724 -437 795 1280 164 438 138 822 79 -171 -11 -344 -124 630 715 -670 -694]
[-614 -936 -80 -306 -480 -731 388 -470 272 329 -448 -94 814 -217 -614 -505 -1434 332 249 -184 -88 -580 -584 69 189 -94 135 895 -526 114 372 32 -407 76 638 376 -563 -712 -338 -777 1377 5 -276 444 159 584 675 -36 -454 -205 959 -272 -957 102 22 -423 263 57 -569 1106 -315 -345 534 -91 73 -507 531 1127 -251 -644 30 111 -560 -46 610 -90 90 -480 -20 926 -60 288 -230 535 963 -89 -423 -397 365 809 -77 -327 187 -842 70 -61 -970 90 -52 -477 -309 366 114 881 -618 383 -1131 -433 -1 674 12 -1664 479]
[-78 405 0 -99 944 -1806 271 443 -595 219 -219 1207 -465 -753 -169 432 126 156 -1003 -157 996 292 31 -538 712 487 -132 -345 1033 434 152 561 183 226 1030 1084 240 -1068 186 -518 -743 518 -606 257 261 159 -604 -261 -549 -313 -639 -646 289 214 661 329 -100 -279 -821 -1068 -126 387 -539 -208 -873 -492 -280 -27 -534 -389 -1715 -323 399 332 905 -1069 109 -110 -796 1301 -187 1175 916 -569 49 544 -531 -380 -630 -1549 666 147 -284 41 504 43 -572 -1156 -753 235 -294 211 457 -168 -199 -686 521 -713 -38 -51 1078 1162 -996]
[754 -893 -218 523 727 -86 -1246 -136 -204 -1306 777 43 -249 274 784 -1233 394 -389 -142 807 -83 146 -32 -329 677 -1143 -1466 -316 195 -609 -670 -55 -337 1471 351 -328 289 -54 404 -337 430 325 -911 125 506 1411 -71 305 306 1077 419 1273 -33 379 433 85 1374 431 222 -55 -78 -623 -514 659 -517 269 -684 -692 -552 41 74 759 294 -984 -429 -831 240 -212 -572 -488 233 543 -661 251 379 309 -173 -18 449 626 626 222 -761 -254 947 280 -433 645 -853 -609 -218 -320 815 1003 486 13 -47 -139 349 -1133 245 114 694]
[-443 -455 -509 -614 -268 -980 -39 -607 -535 -108 -1090 802 48 260 122 -541 -785 633 -49 913 -244 473 -1264 -963 351 151 189 -386 392 386 -235 336 189 -375 580 631 -180 -597 870 -113 -88 1390 -178 369 491 4 277 -424 -589 7 496 -549 55 628 636 -489 780 290 -501 165 -897 -54 253 1046 421 917 -460 996 -954 -503 -473 188 504 -538 1066 -350 523 111 -676 942 -273 730 146 -1010 181 -413 93 -119 1053 -316 954 235 -609 -933 648 195 -744 319 342 -287 173 -458 180 -183 147 -451 294 259 -32 530 487 33 -172]
[-669 -167 -961 -967 32 -918 -319 -1033 896 -209 614 825 464 534 -184 166 332 -845 212 -1181 420 5 654 1 -549 -23 89 193 250 834 545 93 -801 -21 -326 91 -88 236 298 370 879 -247 241 -57 -1084 -470 -308 -16 -36 941 -1089 -295 271 197 708 746 -365 -199 -937 788 752 -387 -31 -1951 -1178 306 -36 1581 -1086 -275 -15 327 -553 58 258 -399 -397 919 -2 320 363 -97 -83 126 425 -46 288 -721 150 -1392 510 -362 -459 -998 -613 -152 -1024 -1253 642 168 -118 -606 -377 405 166 525 328 -14 -192 319 98 131 -825]
[-309 1084 -98 -218 210 100 -947 887 586 653 881 122 258 -249 50 -759 -440 -179 593 -315 -545 2 84 670 -14 171 -909 -483 -679 637 29 -712 12 -398 -177 575 504 -41 353 -608 199 83 -379 -42 -1050 553 -2037 102 202 -613 1132 668 936 -257 -492 36 260 75 120 -386 295 -328 -259 645 148 658 423 404 -176 -97 1084 137 858 -246 -900 738 222 -42 -157 66 -387 77 418 37 -11 187 17 -532 131 -446 300 -157 -917 443 528 674 -370 -772 922 597 -400 -1156 116 -117 -3 -205 -242 -236 89 312 -469 -312 767]
[937 179 -735 -36 57 80 -531 358 792 -593 -406 170 -351 134 405 595 343 345 423 -406 -357 -577 868 479 -133 -1125 -194 -595 430 466 -615 389 91 242 -292 -300 -86 -436 432 788 1205 -813 33 -527 9 62 -178 -278 -558 528 -669 134 -53 294 -428 1286 546 -773 281 -67 -460 -22 619 -1127 566 736 -147 -1028 232 84 801 -270 22 -180 981 -176 -542 275 628 -1475 315 -39 -307 546 276 -289 -778 -469 202 -390 357 -380 -1281 553 -172 456 -467 54 -111 -838 -761 406 255 1414 124 -219 449 -1182 -970 287 1702 -156 -433]
[-87 788 -336 -625 1786 -670 -649 986 159 1426 -393 220 -1959 -470 658 760 746 629 -773 234 125 186 -1048 -981 -70 227 -98 -854 126 -734 24 128 -264 486 -224 1013 992 -197 438 -944 -402 -197 191 -27 178 345 612 -52 -660 296 853 90 -237 121 -474 342 -95 -1746 879 -682 -321 626 -1155 -1018 201 206 -498 382 -384 -975 -1287 -122 487 918 -133 -341 450 -439 -934 -74 -1086 215 -292 -101 -291 641 -270 127 183 -580 382 483 -904 -203 659 436 519 962 -493 169 -50 404 225 -529 971 -522 958 -973 672 -821 381 842 -798]
[-902 -314 782 103 109 230 -252 -678 -760 -534 548 -589 969 -298 -242 137 -273 19 -260 491 -665 -388 666 -7 180 -884 -347 80 -386 494 75 384 -33 -209 780 -946 294 -73 262 304 137 367 -840 -596 394 407 -211 -582 51 -108 -657 1081 219 -555 -5 -256 307 7 431 -532 297 -487 -6 -230 275 328 285 481 -723 866 643 174 -332 -614 263 -409 -625 -640 -341 -464 -332 86 -267 57 551 349 -381 -187 -456 284 782 -498 -116 225 -11 475 -542 1216 -320 -529 1258 192 -551 -406 -540 864 -793 -997 -481 -552 -143 439 1326]
]
