5060.180728 2834.791709 1.028929189 57
[[740 122 464 -50 657 -238 -235 -537 -452 127 217 -399 452 403 627 70 314 -77 -404 122 -640 -124 395 964 161 562 -623 -279 -28 -456 344 341 -430 -339 -518 -610 -914 418 420 -955 967 81 -543 618 -372 -209 836 417 555 -512 -465 -168 356 142 718 207 -530 -428 59 -510 603 381 272 -322 55 150 101 -123 457 360 -418 -876 -457 -242 54 850 335 -311 266 162 19 -438 -189 -968 198 462 184 -40 -732 476 -132 -631 116 1023 1256 -327 85 -404 -327 -83 194 547 83 -752 776 -592 300 495 -363 61 -304 -323 541]
[126 -8 293 -102 -75 116 557 -255 -1122 -74 80 442 612 1435 557 211 496 409 185 -554 42 -706 -24 141 -100 903 -70 -1324 -521 -639 68 -396 82 -265 -722 347 80 536 -319 212 297 -486 -741 -436 -756 -231 -924 96 415 -251 229 691 312 90 -20 -420 -107 753 408 -966 115 455 -410 -53 -337 579 0 282 322 353 -633 -195 -279 -777 -100 830 -124 -597 99 -737 250 -710 140 -424 39 -188 265 -464 -580 297 288 -212 -640 603 541 -18 565 270 53 -483 351 641 -758 226 -513 -985 -344 -492 -258 65 539 -1025 884]
[-565 -803 395 -250 49 -85 443 -193 -1455 228 -115 380 335 782 375 346 271 583 179 -830 623 -864 240 -436 -989 1179 -36 406 -131 -581 -21 847 -148 -195 579 18 337 -216 -344 -332 243 235 -154 -704 102 252 121 182 492 -602 -298 687 -312 711 856 183 189 56 463 -551 382 -100 499 246 177 386 -392 895 98 -277 -681 -683 95 -751 31 -108 380 234 -587 -822 -197 -100 -227 -328 -810 -611 421 -833 -54 493 123 -689 141 976 625 -577 445 -504 -275 351 1089 -291 -40 -586 -54 -635 -49 -279 -633 -515 200 506 663]
[-861 -364 576 -688 -1117 -50 269 -279 -412 313 347 408 -223 511 319 -172 -232 -261 1011 -311 913 -477 247 -230 -918 -27 -75 -105 217 35 -642 394 389 18 386 -303 901 -419 89 -477 -685 644 -11 -314 -887 756 -687 -544 1027 -250 -232 1083 -280 59 265 -326 -111 -163 539 148 655 57 127 -374 350 813 -92 -56 58 -1246 -459 200 -1048 -519 -808 286 9 4 -714 250 -442 -7 127 -353 469 323 -433 -201 1077 284 -868 140 454 236 347 -497 -446 -196 84 -231 1114 -670 -533 -360 -444 -603 869 -430 111 159 179 226 239]
[-1045 397 643 -225 -1704 -372 67 -466 -130 -614 -367 930 -234 738 -936 -807 -697 -126 823 -510 1378 -696 83 -650 -486 757 71 738 -54 711 -283 -510 46 -375 368 988 1012 -55 -344 273 -347 512 -206 -950 -540 -536 -894 -306 -442 197 861 1412 -115 761 -41 -877 44 116 882 -445 -264 537 248 -471 -116 538 -298 339 -257 -979 -1380 138 -436 -642 -1134 -451 -270 289 -479 -1682 -263 3 -701 557 -26 -2 -75 -456 363 840 -343 34 244 -133 -244 300 9 188 -222 -288 864 -887 -167 249 -380 -392 596 -1108 -93 -544 -370 327 144]
[-205 -767 -124 -1222 397 203 839 242 -971 74 -243 337 53 696 474 -146 455 343 45 -347 1148 -324 -477 -1100 -236 -302 -349 -1100 466 225 -425 1085 -130 338 528 21 472 -561 513 -554 -494 -172 334 -148 -87 493 204 -7 692 -332 64 765 -161 360 691 -112 389 506 235 154 692 -687 14 448 457 325 -205 -311 -221 33 242 44 1063 -182 80 670 -359 -57 -411 -338 539 -432 1156 -148 -428 -333 970 -220 -182 -252 -135 529 -394 953 -905 -289 89 289 218 -103 460 108 -570 1496 -557 -299 -178 -317 183 -272 1474 -983 629]
[-460 62 -640 24 1229 1161 -12 318 -26 23 -870 -142 185 -607 -13 12 257 233 -958 94 145 -471 713 -1020 379 -1388 474 -409 312 261 -428 609 368 958 523 -166 -164 -87 -514 -77 12 -64 1063 -221 378 -285 835 269 -144 353 264 -524 138 411 308 546 -70 98 -895 1126 -21 -434 -402 612 315 -733 -634 -492 -487 277 420 -386 1062 1199 1165 -576 123 -467 -439 -744 338 413 508 605 49 282 324 -48 -249 -541 575 649 -48 -491 -784 -328 -229 658 -486 1296 -336 -933 477 1159 379 443 93 862 449 -44 1083 -247 -80]
[186 501 -85 424 660 292 286 655 -5 554 -74 -302 760 45 629 711 247 -247 -404 -106 -472 -47 730 1130 637 136 655 -432 529 -289 284 -314 101 517 -1168 -387 -822 216 -722 466 -1098 -217 -71 -402 -256 660 -737 59 -642 584 -122 -656 384 152 -756 -730 258 605 -1091 -570 -467 47 -213 469 150 -193 115 247 341 80 684 -494 -633 780 -275 -358 657 -972 -220 883 -144 -404 104 -212 234 460 -462 219 -276 -1210 -367 34 -10 266 285 -249 -601 771 -508 42 -23 -182 418 -868 -472 -1034 -657 909 455 572 223 -185 -380]
[542 -1353 851 83 -691 -620 -1034 -518 -1126 930 634 -549 -425 57 990 116 263 -90 405 151 -822 89 117 459 -801 248 -504 336 -375 -1290 363 -184 -637 -370 160 -277 -35 206 437 -484 447 512 429 578 -281 153 -18 310 808 -579 -1111 -276 10 -349 406 830 347 -569 244 811 636 -231 209 450 -379 203 365 201 689 -290 -254 -629 -1179 -480 607 130 -137 385 -183 1400 -265 922 -434 -1506 -449 -164 -696 -919 1140 215 -176 -506 -111 -183 228 233 -189 -911 510 -200 -302 619 -263 -1614 1013 829 844 -217 -793 43 -75 663 -193]
[-677 -1119 210 -315 -315 713 -633 -135 -772 -57 -393 -408 58 460 890 326 293 610 232 326 1266 -644 996 -621 -1035 -618 176 129 -284 -81 44 -12 580 -124 462 583 -66 641 -668 453 -693 -9 482 -996 -366 556 -362 693 437 -78 -361 -6 -199 -260 207 -263 577 842 -542 778 189 -631 -33 1307 -463 429 16 -85 -123 -33 523 -758 -132 199 -114 -453 443 -655 -564 64 -121 674 -77 -606 -259 130 55 315 788 -231 713 250 -561 -852 -463 324 -293 -12 426 165 -296 -611 -91 497 66 -530 383 473 -176 221 148 -696 478]
[-27 317 458 84 -870 8 -1302 -1037 39 -233 86 -548 -547 -473 -20 -1132 -654 -771 588 779 -279 -193 859 312 47 -143 -375 -66 -263 -772 -227 -367 322 -460 -62 -489 -594 378 -134 234 668 -144 399 776 -1444 -328 580 -99 906 -864 -83 -448 -517 -958 73 -510 -232 -512 612 1198 238 524 361 -501 -849 83 433 -482 -81 589 -776 -1364 -618 147 -36 92 520 -1165 162 -109 86 374 -750 -796 571 744 -339 349 807 615 166 222 -259 -823 528 647 -489 -54 428 -134 -897 257 271 809 947 383 1565 256 60 -90 -346 -966 -459]
[324 -582 -87 -552 -272 713 16 678 -1008 451 106 1170 97 -36 219 38 542 -133 81 -358 242 -501 299 -252 367 -805 647 -842 551 363 -90 1023 -81 337 -895 -187 960 -423 -697 -377 -114 -436 156 -218 -179 -57 -672 236 -255 327 291 791 1309 910 368 -329 474 813 -199 254 742 38 -1467 424 335 217 -459 763 95 22 73 -802 414 31 891 280 551 -199 -159 -1118 1281 -84 601 228 -387 327 401 -898 -199 -623 -76 397 -720 759 -587 171 -217 750 -493 364 715 -1015 -637 -142 -405 279 -442 -656 -522 510 1444 -1044 715]
[191 -396 295 230 519 -147 -967 -646 -1072 535 133 329 382 -346 -754 87 360 210 95 159 87 171 802 161 76 480 -213 1181 -34 99 456 898 632 -200 338 339 668 -699 427 -515 1361 201 185 750 942 -587 427 457 -213 -10 -265 186 130 598 666 541 642 149 106 312 28 226 -243 -357 -404 -436 655 1056 363 -282 -645 -609 478 -149 445 -514 652 364 331 -1044 876 1158 -658 -379 -555 494 176 -1177 -197 912 181 272 -608 147 57 284 372 -1075 -540 643 -140 1 201 -985 1104 1717 -111 -545 -408 -297 -521 1153 661]
[709 217 -141 35 249 228 -398 -452 337 281 579 -754 109 -30 765 172 359 -142 535 181 -263 577 254 1677 522 876 161 -327 -84 -224 283 -525 -441 292 -471 -150 -859 580 350 126 -204 266 38 322 48 580 -431 -660 78 90 278 -724 -674 -1279 63 331 567 -113 -552 -22 -566 -372 423 27 -777 -806 1651 -319 1447 -344 671 312 -253 -159 245 -22 164 31 -218 1245 -620 718 -15 -1467 375 823 -981 839 1117 -637 71 -123 -718 -728 311 35 -357 -384 913 -546 -1102 1115 -507 -443 310 50 -231 351 779 243 -745 426 -1037]
[299 -70 450 -221 -194 338 -319 -1214 398 -157 -49 -659 -300 188 1030 -867 -265 393 175 384 594 13 -237 706 52 948 -101 34 663 64 355 -405 -609 -438 363 -56 -891 303 -63 -1031 94 415 26 -150 77 182 1216 622 816 -290 -852 -351 -221 426 971 -157 137 -482 10 -241 -207 -719 1026 66 -541 -338 -80 -222 405 1080 -453 -1098 602 -152 -720 -60 391 -53 -1443 126 -344 0 -358 -1412 -452 412 -555 626 951 -201 -332 -421 193 983 -24 -116 -556 -348 62 264 511 -586 284 440 371 -854 815 668 78 -24 -120 179 452]
[-1415 -193 425 8 552 -288 825 -1219 -873 -29 -469 572 813 463 145 -41 67 669 763 -67 275 -833 -204 -145 -477 1323 -608 -665 -262 -997 301 -548 883 132 148 116 686 -135 286 -350 348 -90 249 -144 -475 3 -114 79 1231 -332 -579 292 -870 -39 548 521 -136 -276 555 -596 -185 381 843 -829 103 250 -37 39 -696 793 -466 558 333 21 2 223 280 -650 -533 -498 -127 -7 180 -643 2 -201 509 -732 424 770 370 506 726 339 -57 -810 393 -273 -61 43 -208 -475 166 221 -353 -174 641 -1291 962 227 194 575 545]
[25 108 -62 436 -1591 286 -246 -44 759 -914 413 450 -318 -469 -439 -909 -1179 -233 1193 -293 -152 217 -458 425 -837 750 1293 979 -162 -14 -532 431 -462 -1401 39 977 -1092 -631 -1571 884 -359 -168 -981 -790 357 598 -491 -515 413 -622 490 -43 -795 -46 419 -803 560 -27 864 -1191 -722 -27 237 -223 -421 260 19 1013 629 171 -322 -110 694 -1224 -951 334 941 415 77 -778 -414 -666 -1306 420 -199 -414 -453 564 533 126 317 -1056 152 123 874 698 -145 -434 -494 -190 1058 -763 -296 -97 -638 -344 -698 -196 -336 -189 -822 -111 -146]
[-1189 364 163 -763 394 280 404 -563 -932 -530 -567 818 804 241 -146 -956 -84 11 -378 -613 -709 -705 233 -451 -618 434 -501 300 -442 -820 15 5 -775 -72 -533 713 -640 381 -138 347 550 -533 -494 288 -862 271 716 285 95 -1367 577 194 -138 383 774 -367 -140 -838 892 -585 372 494 100 -19 947 201 -420 -480 -36 932 -856 -219 490 -659 939 984 492 -1019 409 -1378 265 -860 80 239 287 -939 1113 -737 -677 895 720 -1096 308 571 728 19 580 115 -600 120 -578 -249 417 21 351 -730 575 -813 -89 -384 413 -1328 411]
[-948 561 -222 21 710 228 227 181 -807 532 241 352 1263 -277 348 271 356 142 -263 -428 -646 175 352 796 151 902 262 -22 260 -999 -154 271 -37 1371 -480 301 -832 -361 107 1135 95 -460 797 436 539 304 372 -458 441 -224 -171 -495 -471 29 335 39 799 152 -30 -169 -978 -368 -317 122 949 -629 546 326 100 18 -85 -194 51 146 16 -264 1209 -1055 413 356 564 -493 266 252 -119 -513 -46 -1106 -178 -436 542 -55 241 93 -361 202 -286 345 -1180 704 -847 91 533 181 -60 81 -749 -23 947 -726 1161 472 -312]
[-261 272 8 505 190 -169 140 -212 1270 307 468 56 -500 -238 87 1098 521 1021 -485 49 564 148 -777 54 7 693 61 308 -597 281 402 -1078 -67 557 805 911 922 143 -465 595 921 -552 468 -66 1339 -1198 885 -28 -337 555 395 -65 -17 -52 545 994 273 578 318 -174 -675 -73 33 442 -658 -812 125 -121 -262 340 414 689 1196 -267 -393 -1034 47 678 -442 -41 -112 547 -360 237 13 -300 -499 -272 454 -546 456 117 270 -339 -947 -107 344 108 -210 87 -26 -9 -45 193 224 523 -725 -189 -253 -353 -50 1449 -69]
[449 -788 -326 184 -709 -372 152 843 -39 -375 65 688 -612 -945 -735 -462 -181 140 966 15 -319 322 -1128 -292 -120 -167 417 -163 1430 204 -239 695 -820 -401 -900 -345 658 -289 154 -806 -1324 141 576 -504 121 507 -1353 447 -835 1108 -236 17 247 1118 -154 -343 549 -342 -685 -503 178 -767 -144 142 331 -254 -33 722 398 -88 843 -48 948 649 -54 70 -52 1458 -610 768 418 -86 655 -88 -1440 79 616 -561 97 -447 -19 468 97 506 -1196 167 -469 607 -105 -176 553 -565 -539 -710 -798 781 -547 -400 192 516 283 436 -1129]
[-300 -395 -109 -375 1006 471 -60 -51 -861 454 -364 -485 712 610 217 1166 1051 848 -609 24 1611 -875 391 -956 -206 -534 -92 -334 -712 1004 -86 430 332 6 503 616 1084 193 -546 194 20 -409 69 -441 636 -489 164 378 -940 -188 452 476 427 -427 -614 363 1050 1538 -645 312 283 -562 105 1310 -954 -317 58 450 -449 -121 745 676 -4 -300 887 -522 -298 -151 -462 -1423 621 1297 -51 74 -388 -197 -278 193 -338 -3 745 105 -517 -677 -173 386 944 -312 524 140 -521 485 -477 278 1 462 -662 169 -510 -418 415 -553 784]
[51 -1370 4 99 -422 -394 -1425 -205 321 242 -25 160 -473 -667 640 214 -102 -580 616 1196 136 333 102 969 31 -969 -55 623 -246 521 949 -368 1037 -550 51 104 377 -2 599 -480 865 -93 543 294 640 234 1007 176 819 -54 -720 -497 -420 60 871 504 85 504 97 583 -77 455 106 -226 -709 723 227 -385 -811 341 312 -704 336 -213 -377 128 745 -229 288 480 482 707 -773 -575 677 1245 -478 -105 555 -630 -143 879 -139 -234 -804 52 -481 -220 -246 -743 -379 -389 -203 -319 976 1254 -11 -930 80 914 -822 243 350]
[-1105 443 -215 -306 -201 77 -246 754 664 -368 494 -804 -448 -538 -562 159 -132 1055 -141 -56 -125 574 -351 -916 -1424 46 116 -99 -44 -524 -292 682 44 -12 922 -330 289 -528 20 1078 -497 -650 567 731 807 -443 609 -111 292 -792 38 -223 -762 -718 -793 68 556 210 591 200 64 -854 582 526 384 -820 567 155 -544 49 921 369 621 333 -608 -174 163 637 517 818 258 -196 521 1156 -593 -1048 224 584 -34 751 819 -251 409 -518 -425 750 694 -420 614 197 -457 810 341 983 -1223 767 -795 945 -420 -531 300 -185 47]
[795 423 43 662 -259 -361 79 -613 184 -38 551 -287 -434 299 -138 -213 -471 236 -27 -602 -589 290 -970 -462 -202 787 -142 -99 -497 -131 -757 -412 -1233 -521 405 813 -447 51 -365 -120 258 609 -981 600 36 -304 -709 -238 209 -639 -363 165 -160 -240 -179 337 682 -1340 150 -159 -376 -151 -14 -228 22 78 -67 400 275 443 -336 1593 -426 -1260 599 -17 -677 245 -257 -139 -304 130 34 -149 -500 -656 -387 726 -153 623 416 -930 813 -294 1245 261 252 -480 858 120 -125 259 -486 207 -116 -157 311 -477 -245 -23 -379 164 -597]
[1071 -195 -1097 201 530 1529 159 216 211 -8 126 -123 -538 -475 66 -210 323 -153 -775 -1090 -849 150 85 627 936 -310 1224 84 -528 -26 583 692 27 479 -438 -1209 -19 679 237 -411 1394 -222 -553 754 1377 -21 658 -8 -300 -1052 -830 -256 -68 597 -211 768 -494 -1004 -76 -19 -201 -23 -839 -1076 330 -289 -386 190 517 640 -286 -1010 594 -696 1413 -91 478 345 -128 -516 778 -360 901 344 -167 -224 -660 121 -740 64 261 -1310 -528 565 957 -716 733 -80 -135 1211 321 293 -366 -779 15 -338 -43 464 -890 314 -639 -371 627]
[325 568 174 -60 828 642 -394 -74 239 -1376 170 -191 526 179 500 913 428 595 -102 327 1019 -481 507 1120 -491 -489 329 -445 -441 791 325 1031 -234 -208 -156 -897 232 701 -294 -108 1051 -96 -51 -338 494 -573 1019 99 433 -483 952 461 -78 -618 1232 902 -700 413 -192 -763 531 -16 118 -416 -325 -500 -353 -119 -244 -183 361 -482 -18 -211 65 951 823 734 169 -1295 638 113 -365 -135 -161 134 -459 468 -631 46 726 -553 -6 -452 656 51 922 3 -343 467 618 -347 -377 -371 94 -495 -452 1323 -827 -307 -399 -458 936]
[267 -564 516 338 -338 325 461 -573 -692 729 11 -321 642 181 847 -176 963 227 491 -614 3 -730 461 206 45 179 774 -1221 -51 -908 -733 816 91 505 441 -371 -2 -1045 -295 -624 -204 631 503 -323 -168 183 -301 -38 1047 -248 -942 237 60 125 -439 78 -832 -165 594 -333 357 -320 107 -245 443 -522 -4 334 912 -1072 -492 -102 -809 149 -167 412 -429 672 -1110 625 -755 -134 -94 -235 506 247 -929 -392 253 622 -724 -357 520 283 -9 -707 -360 -454 -1069 904 755 59 -3 -894 -500 -35 39 711 324 -292 759 691 995]
[746 665 36 492 -81 571 -644 -307 1266 -680 395 -115 -718 -759 473 -1145 -482 -809 159 -149 -1333 1279 -319 675 374 -46 306 744 -135 -119 353 -986 -660 -327 124 -73 -449 -443 614 315 1495 422 -633 1098 604 -218 1312 -348 881 -1105 -393 -424 2 -49 528 63 -758 -1749 995 -294 -120 348 -613 -1638 774 -380 -325 -752 -79 597 -1255 -808 -55 -728 178 821 -256 114 603 -96 101 -328 -1141 371 655 -461 -476 325 -307 167 -587 -701 678 -215 222 -22 -538 -146 -1081 395 290 -358 545 341 594 148 380 227 -1083 437 -375 -810 688]
[1120 -131 -270 1106 834 588 533 -830 396 885 -291 -141 -219 -721 160 109 647 -624 -431 194 -354 -245 344 667 1388 1235 479 515 -93 -614 121 -436 -357 484 -354 80 -295 -954 -375 -440 1233 8 91 151 255 -495 652 125 -580 229 45 -828 703 585 293 -105 -112 -392 -254 167 -256 599 33 33 -550 -985 414 791 715 188 -685 -633 534 -168 1278 -913 26 -364 -1360 -228 -709 683 -1658 -845 -49 873 -609 -396 428 -202 -586 280 -506 490 394 -1341 -430 -202 -619 956 -318 -354 485 -1443 1170 519 305 213 -590 261 115 1317 147]
[-61 411 56 321 709 -368 -428 -468 -943 -180 -39 -290 854 -216 35 86 546 -232 -171 -35 48 -499 638 393 -607 1001 -11 474 15 -402 3 97 -1449 -755 111 747 -562 -410 -544 186 585 284 -129 -89 -244 544 950 -177 126 -1087 589 -288 -655 -153 1476 -387 988 -330 -201 -489 211 -168 1486 -13 106 -363 433 376 -8 -108 -164 -765 61 -1252 352 389 88 9 -750 -1333 -381 226 -1481 -699 -547 401 -17 153 -281 341 483 -214 811 77 485 -11 -96 151 -374 -111 -569 -558 442 -607 727 -484 -468 326 -770 -225 114 -111 550]
[-1126 -640 670 -1032 -467 -743 490 -545 -550 -148 -1069 207 -546 817 348 -664 -746 407 697 -406 1377 -229 -151 -725 -1226 968 -601 -80 -148 -479 536 -523 116 -109 -153 753 -858 -914 187 764 -1884 -55 432 -253 -884 983 -561 -19 341 -729 598 112 -1417 69 185 -1000 897 -18 192 -565 36 -227 1048 1092 260 631 276 -125 -497 -247 -113 779 390 -334 -698 -215 53 -1440 -810 521 -449 -246 413 -688 -371 -387 326 -564 916 -748 -718 243 -429 757 -452 -42 97 -31 853 -1223 -311 -201 193 36 -846 -549 323 -1186 355 103 441 -927 -368]
[-239 431 589 129 -1489 69 74 6 573 -341 395 322 -696 409 -167 63 -1232 -233 984 370 1001 710 41 670 -351 61 449 767 -320 -230 -56 -1078 996 -208 380 859 414 -839 -15 1410 -1164 -889 -865 46 329 531 -1656 -105 102 313 138 156 -345 268 -1013 -1779 492 1176 596 -766 -719 855 -755 -695 -1055 677 500 153 100 -69 -119 279 -243 -18 -2808 -607 203 -332 267 1510 648 -337 -313 -17 243 -445 -791 -416 808 -763 -1058 721 -139 -321 -505 486 -67 248 -710 228 1115 -174 -362 -20 -689 -261 376 833 -101 54 -156 533 76]
[231 -121 310 391 260 -590 -53 -287 505 -65 -209 -616 556 -513 289 -435 -29 -560 763 407 180 273 -254 465 873 1664 -98 1337 100 449 -427 413 -955 -479 1029 434 -1382 -767 -297 -214 -834 253 -684 -827 795 444 649 -539 -185 313 -317 -591 -446 -452 212 4 183 -210 71 -561 -254 -119 1284 -55 -180 -195 612 777 763 -102 363 -153 203 608 -166 -438 -6 688 519 383 -692 390 -1451 9 -409 -1014 81 1419 490 -482 150 -1064 1146 429 446 -296 -902 -543 -974 543 278 -674 1069 307 206 -346 2 92 173 -969 -404 957 -622]
[333 512 -104 -630 456 144 -101 18 592 -484 83 -164 1023 -357 653 -25 101 609 -214 836 653 -169 -340 1060 -30 302 -192 -819 611 241 185 1201 -709 578 -722 -124 -1390 367 -354 159 -440 -641 478 -395 -42 -410 909 484 158 74 1345 -110 256 -693 814 -101 324 510 414 -759 -15 -759 372 1071 469 -695 97 615 66 1242 570 -266 820 716 272 765 1661 -805 -341 -227 -138 -617 -148 -455 -216 326 1254 627 157 -56 915 -329 -614 721 14 80 40 -145 -302 154 -428 104 -46 379 -349 -381 -945 520 509 -371 182 -419 255]
[-384 209 929 -159 -209 -1296 -1092 -355 113 -149 157 -163 -23 468 385 -493 311 243 -295 210 -414 -300 -289 262 -186 -164 -969 -953 164 84 435 -660 -528 246 -571 664 -321 333 797 -328 -423 762 1088 151 -1358 -1303 -267 519 574 -233 331 949 274 260 -123 -108 -966 -303 295 407 242 540 -237 466 1233 123 104 -229 -493 -102 -973 707 -1237 394 203 625 -257 -495 290 287 34 -228 302 292 392 533 646 -192 -1 464 53 293 138 91 -614 438 -250 310 273 -561 -622 122 40 202 -487 296 125 -848 181 70 355 -802 434]
[-96 -229 229 747 -11 209 -661 613 -897 309 -503 -688 358 80 328 447 -462 -131 484 -673 -246 -521 612 -1037 -1140 -506 506 -137 -1236 -817 -58 610 1259 -449 925 -289 220 362 -1124 218 195 568 -41 -518 317 -390 -372 -340 235 -849 -190 -466 -840 -62 -32 1022 623 -313 122 500 126 -10 592 38 -431 511 -1073 403 -400 -21 206 -718 -248 -84 390 -381 574 -371 -527 -489 -556 1158 -979 -182 395 382 62 33 -397 527 232 -206 -109 -638 1299 -113 364 -275 58 -281 508 53 -214 -59 328 257 -149 96 -827 195 -1001 -521 -307]
[146 -314 -1135 -867 -817 298 -65 -269 1320 -122 171 120 -1180 -854 -937 -543 -413 95 500 -318 960 360 85 -731 -653 -609 -258 1684 155 1171 386 308 645 -142 590 -678 147 -112 288 -516 364 -233 -415 -460 163 469 590 -105 15 68 468 53 -591 -577 -420 -38 -999 -865 550 145 150 -112 244 -279 553 472 165 241 -106 -39 -257 109 400 -88 -142 -817 -96 637 -176 -161 -1234 -104 489 229 116 435 529 766 1302 338 -235 -85 -60 -59 327 -883 178 -665 869 33 422 -127 -201 -245 169 254 609 -146 -408 392 -1865 400 -314]
[-886 -1300 -114 -1063 -1289 -237 201 269 275 -154 -823 170 -854 189 -142 -1042 -674 -413 -75 -282 1063 161 -385 -849 76 -933 -365 2032 647 932 200 -131 -242 14 431 -104 1168 875 1193 -612 -732 704 -184 -86 588 1074 -84 1093 -1784 439 -312 439 392 1373 -624 -788 211 -842 -57 170 493 -103 119 -166 101 898 -495 -601 40 -536 -61 -913 151 206 -387 -826 -446 558 -549 94 -352 207 493 432 -414 -348 1210 204 -703 642 -644 -192 125 487 -1012 -144 -404 -462 -35 25 274 -223 342 -146 525 -25 958 -345 458 316 -956 691 -618]
[655 30 167 173 259 -192 -1250 458 823 -392 892 361 -401 -175 -199 202 -563 -84 -12 419 -1312 -4 777 591 -1099 -852 -173 1360 908 212 151 407 -211 -1246 539 427 -563 155 -1196 -581 -44 -45 -968 -38 -688 189 38 207 683 -4 -232 296 -7 -58 1139 -377 -824 -198 356 -436 843 717 8 -349 42 609 -271 -274 435 262 567 -681 -176 28 -875 406 500 992 837 234 -751 -718 -492 -61 577 578 459 429 -93 176 234 -468 763 198 1445 -136 -154 -139 -175 52 1259 -614 -226 -913 648 -453 370 882 -701 824 -1245 308 152]
[1292 668 -181 110 -697 102 292 -80 1899 112 202 136 -486 -48 283 -848 -819 -1222 -518 237 -444 153 -947 1482 1369 509 743 -800 1193 1029 -1164 219 -1400 196 -182 252 -1272 -155 204 -390 -355 205 -178 870 -454 -544 1075 -454 404 389 -192 458 -7 616 -58 -581 -156 -656 457 50 -636 -24 158 -225 575 -95 -107 -163 467 -218 -299 -97 -636 -377 -499 457 518 -730 -320 408 -68 -1201 -491 -65 886 710 -1747 1018 10 -240 -727 -530 705 1074 820 -426 -1380 689 -485 31 210 -510 -544 715 92 -1118 673 36 319 -305 567 387 -349]
[782 -488 -158 -357 26 648 769 470 -150 -848 -746 580 -177 965 550 -431 -590 274 258 -1125 798 157 -808 -1368 -5 217 329 -151 -257 258 -745 192 -474 -413 1848 961 -2 -680 -147 712 -461 426 -806 -831 969 243 -1122 -352 153 189 751 447 -515 -661 235 449 538 -415 234 -530 54 -276 -179 -507 -87 215 -342 339 668 260 166 1502 393 -835 816 -168 -1149 1356 222 -1326 -327 48 405 550 -543 -1386 1211 914 -409 -125 440 -89 -328 299 113 -49 72 -467 772 48 973 14 -740 2179 -464 9 -466 -542 -250 -262 622 -153 -112]
[-744 -133 -473 179 576 -135 -151 -341 249 414 543 575 -243 357 328 923 -71 790 -458 -611 -563 -319 311 -630 -681 680 -135 1529 -449 -153 -47 -392 -745 1141 900 776 -454 784 -919 12 1022 582 446 -873 468 -1215 499 -148 274 -1 343 363 19 -67 803 1301 -95 -526 24 260 -961 293 -406 796 14 -333 -568 75 4 33 -298 446 161 -75 1375 -1163 507 -331 235 -1097 -911 454 -459 598 206 -385 807 -563 375 40 1305 -765 796 -973 330 -632 358 -348 -17 583 -23 -411 71 27 992 -190 -403 -739 319 -182 -929 1051 -766]
[-480 739 439 815 107 959 -194 -851 401 76 -393 588 -249 -434 -467 -318 64 -503 -508 89 -728 -287 649 658 147 741 308 -631 -376 -988 423 -1173 604 -628 -1822 -149 -245 555 -819 655 502 -903 -719 951 -1074 -694 -291 355 -99 -258 -418 -430 428 199 -136 -414 72 25 11 -322 271 1035 -642 -751 -628 -100 499 -209 -22 492 -318 -917 -59 -112 58 -94 796 -1401 -199 120 601 -437 -530 -1065 670 557 -832 -412 35 320 705 -341 -425 445 1396 347 -157 555 -371 -504 -709 -171 -42 -812 298 -109 1207 -444 -478 601 -123 -1019 -77]
[-25 -491 74 100 190 105 71 -361 361 34 -131 -423 -836 -214 14 780 276 -92 -597 75 514 -368 911 180 -343 -537 274 -7 -16 332 99 76 -1210 276 632 -656 203 734 84 -871 -853 1050 281 333 -854 272 0 155 -477 -403 -45 184 4 -796 -113 275 -409 -313 -746 818 424 -241 257 528 -358 -819 384 -1193 0 -1018 929 364 -1059 341 431 -616 -631 418 -1166 1080 -666 668 852 -532 649 893 -545 712 871 177 -200 -515 787 -1212 -91 -425 307 65 750 295 -233 -479 -52 -805 641 -616 702 1441 369 151 -481 186 -52]
[-78 966 -193 1534 -121 -747 387 356 -120 -392 -1040 175 504 651 -749 -378 -576 -345 283 -77 -994 601 -642 65 -39 1615 677 -451 98 -805 226 -917 -288 -512 14 483 -656 -178 371 111 -679 405 -1055 -809 509 -357 -1215 -107 -891 596 380 -623 -468 916 -1381 -465 38 255 407 -1820 -1213 497 912 -442 -223 -558 279 1136 500 963 -577 541 426 -143 -556 349 -611 795 -162 289 -593 -542 -667 495 -195 -5 918 362 -171 394 15 -74 9 424 -270 -27 485 490 -191 -348 369 228 322 155 -601 -5 -1403 -212 -169 -280 -633 388 148]
[-874 -19 -99 -197 -349 605 1115 -414 1374 307 235 275 -265 -291 705 119 2 -617 -101 564 529 -283 -631 526 620 194 278 301 51 748 -595 -1152 -161 460 470 594 515 -834 -50 252 -672 432 -436 -544 445 1018 95 -1109 -310 444 448 11 768 -293 116 -450 106 -306 6 -591 -145 255 489 -630 533 -575 232 -446 -331 -445 10 1906 -292 -897 -167 -328 -1087 848 -729 607 -1026 -173 -644 593 688 142 -974 990 870 -811 -762 177 1163 -544 -133 -1110 -772 -267 -323 216 138 -685 -180 -221 -841 -11 -299 -147 802 486 184 1543 -400]
[-822 508 -95 -512 -464 513 447 -165 101 547 705 -434 -128 -254 406 484 -163 426 -49 -254 64 -312 277 -48 -925 392 -811 -343 -326 -495 -118 -1081 -11 94 223 -580 46 385 -116 391 -119 -598 -134 -625 -620 340 -138 -861 25 400 1551 -43 107 -1429 -217 73 176 100 77 41 195 25 472 223 -523 -732 360 -181 146 -163 -168 387 20 247 416 -376 -826 -161 -255 528 -829 525 -49 -657 534 -223 -368 53 1470 -778 355 96 -23 -813 993 -702 286 -640 369 -166 204 961 -622 -83 -189 -198 -193 595 -266 40 -259 458 -796]
[158 -700 61 -316 304 449 302 526 -261 122 -511 556 -248 -240 -86 706 -202 -876 17 184 625 397 288 -965 55 -654 1004 -130 -676 -524 -593 1369 132 585 839 466 204 -1675 67 1013 -221 -573 1081 502 1145 -112 929 -333 535 -688 -399 -348 -273 222 583 -38 1199 519 -33 971 -158 -426 -427 650 332 -31 -139 -394 -785 -110 1137 -150 665 567 -343 -271 702 -791 538 535 1344 130 -159 664 -116 -204 -75 -256 -102 -707 -346 378 -621 -75 -1311 388 -30 887 -996 41 -181 -568 153 683 220 1071 -482 12 -260 -585 1339 -432 32]
[-1464 -562 32 -619 663 -36 822 -223 500 386 -204 187 589 -540 -1108 155 709 937 -973 -296 1788 -81 -176 -835 -278 169 -183 1125 223 668 479 540 328 424 98 883 641 -616 -620 676 -528 -265 -293 -138 388 -9 248 404 -668 -84 -558 630 377 -11 91 170 225 1048 388 -331 290 -883 -150 216 764 221 -200 228 -772 -287 376 315 1195 67 -786 -30 -74 193 434 -838 246 -662 367 970 -357 -1089 1259 -543 -457 697 352 -113 830 -31 -918 498 -256 -479 -569 -220 -152 -330 668 445 -899 -761 -436 -843 375 -714 124 -492 999]
[-298 -126 -12 224 -607 -793 1299 554 -128 -175 -744 -321 -200 -775 -915 -498 15 -915 -710 -714 589 -563 -79 -1524 108 -1138 3 815 -598 327 -712 607 -784 721 494 627 -1148 -1111 180 -345 550 780 474 -534 376 -19 781 -734 -594 -23 255 -125 -118 42 268 67 -268 -1068 279 502 218 -556 59 397 1093 171 -943 -914 -726 -1971 -685 564 252 -470 -377 -180 -1502 470 -361 -550 -1133 -396 98 1083 -283 -1105 -127 -815 -902 128 -535 164 1129 -154 -1203 -60 -300 -297 -924 810 206 -526 873 75 722 -92 527 456 91 -1199 746 365 -294]
[-494 655 -904 988 1648 1235 1099 -278 870 675 810 2 802 238 632 983 491 -243 -700 -398 -1143 -159 158 996 1107 593 185 -363 979 -531 195 -964 -75 955 -1217 -1155 -54 1307 -691 -130 956 -858 -98 -531 438 375 458 -217 -189 446 -720 -655 268 -246 -144 742 -153 584 -1169 -713 -1155 143 16 -606 -691 -829 156 -241 745 1250 352 -366 211 159 850 -337 603 -148 -111 -21 190 -469 470 -87 236 -145 -716 -255 281 -1664 766 -149 -40 -103 906 -1092 -49 1389 -836 503 -66 -176 38 -369 519 -548 -490 270 586 431 726 825 -683]
[667 -1498 -265 -225 -1116 -909 -262 915 -811 -363 235 467 -537 -294 690 117 -629 -908 1370 -130 -969 109 -1128 152 -358 -1423 526 -173 -215 43 -160 -423 -889 -752 416 590 1373 -511 366 83 -912 120 112 438 -11 402 -1402 -563 636 -500 -243 348 118 -726 -123 462 226 -90 421 478 669 99 -224 -407 -183 1332 -652 -82 -926 -244 1136 667 -1392 -76 504 455 -1385 593 313 560 -419 550 204 -33 -89 -329 -92 -295 431 -445 -190 508 1051 -1188 -1238 878 148 224 493 -928 105 -183 -790 53 -293 1122 85 -1067 107 861 348 -565 -316]
[41 -404 156 217 -1044 755 72 366 63 -1095 -299 -121 126 -131 -586 -331 -297 -11 566 -673 936 -707 980 -508 543 -44 1114 203 -246 890 -426 778 -10 -1236 -49 793 -214 -163 -708 764 -712 190 357 -1576 177 -427 -1323 -553 -273 181 -132 867 -58 49 18 -349 264 649 -223 -530 -250 -100 -38 -20 -181 202 -516 515 -79 -703 550 -239 77 105 -61 349 56 449 914 -2647 23 -184 -458 1060 161 302 361 831 -458 1 651 -404 84 -509 -74 522 -459 -81 -156 -493 1029 -493 -32 744 -1269 -1383 -1053 -641 -190 -401 -1004 -1536 574]
[-742 258 404 289 -487 -623 979 -575 1005 -288 657 548 -417 -909 -436 -300 -418 -440 554 20 56 86 -357 -112 -222 -261 30 642 -977 -392 397 470 616 -93 191 44 -269 -1731 -596 894 503 294 -284 -346 -45 5 -205 -605 645 -433 248 119 -855 -1204 385 455 -764 -613 870 85 116 577 -157 -925 520 -426 -173 -158 -775 -292 -524 1018 523 -556 -134 69 96 315 1122 -861 -535 -189 -359 542 220 -978 249 -427 484 27 -602 161 383 -764 -459 463 -50 -909 281 -101 -204 -324 630 -294 -461 1082 -238 -446 330 -432 -532 297 -148]
[245 469 705 195 192 -1067 -583 -202 -1211 630 -86 705 566 1893 171 248 721 -158 -236 155 -557 262 -361 -335 -606 308 -222 -415 -753 -40 -874 357 -345 -275 450 1558 479 -749 310 -50 815 522 -870 664 160 -928 -429 -156 822 58 -75 1086 603 329 -65 -253 278 520 366 91 457 363 -405 -60 -119 247 260 -37 200 -1461 -820 569 -1176 -1106 -340 950 -1191 103 683 -468 239 278 -1223 33 70 -74 -423 -473 -1079 1664 -138 -70 -53 177 21 1046 537 -234 -303 33 -204 140 -270 -162 617 814 -217 -428 -670 -631 861 83 1401]
[415 -397 -338 355 -615 259 -631 1098 280 -278 432 -124 -1153 -180 932 721 42 -222 308 650 -91 79 -433 632 235 1061 1131 -991 -375 92 435 -623 -172 -154 -845 -24 279 584 -497 1030 -459 -638 311 -686 397 -908 -585 -370 -267 -142 365 -336 126 -248 -616 -419 1101 1052 60 107 -908 -105 -725 1050 -95 66 736 1031 -851 1264 206 -527 72 -67 316 -638 1154 -940 64 380 768 -102 -321 351 -870 -123 -606 980 517 -1452 1040 -350 -1047 -186 -975 340 -263 936 809 -1131 -674 570 -239 398 -1197 22 -1657 -620 -642 1017 -106 -1202 -445]
[982 -365 210 -218 674 -647 -319 -176 -508 -200 -889 -584 -308 -848 -446 -583 -872 -1316 -680 1028 22 -934 294 568 1298 190 -249 783 477 772 628 862 -1253 -346 -550 -375 -688 -247 -547 -1396 323 -484 -80 429 6 -1029 1153 810 -759 -244 -356 -691 822 659 317 -81 349 -125 -158 798 -38 308 781 -73 -195 290 -697 547 -1069 1723 -194 -1720 486 1241 342 -64 382 -458 -28 -861 1050 137 -373 -353 -1625 -185 106 -647 -572 -277 -105 270 1137 665 -546 -183 -540 705 -1079 1216 46 -1289 1250 -211 1017 -90 1232 388 -530 -173 277 -611 -90]
[-514 538 -864 -500 -279 -226 -311 5 -454 -795 -33 479 -497 500 -269 656 201 954 -481 469 414 -220 -556 -753 -912 -188 -1109 -555 -415 1068 -764 -1436 -527 -310 177 475 681 2280 144 346 -68 -324 -981 -515 -1141 565 -336 -128 249 294 974 161 -823 -830 67 272 -414 235 -93 407 143 -183 -281 89 -699 750 94 -1019 -842 123 47 1223 -350 -1312 660 292 -768 19 -92 -169 -146 -115 1329 -193 319 -349 223 612 317 -193 1264 -376 390 -871 352 196 376 653 1088 -800 -747 665 -1051 906 247 -1337 7 -345 400 55 -459 -583 -411]
[1495 11 197 53 -51 170 675 940 255 416 635 332 -206 -1034 927 278 468 -107 15 -35 -509 -125 -907 493 1796 1094 617 -471 446 281 -769 552 -1213 -344 -858 159 -1041 -552 -1020 412 637 -718 -284 -58 -67 -334 1257 -555 -417 283 708 -644 1260 185 -38 -937 227 197 329 -679 10 95 -885 594 -186 -970 -70 137 -78 980 59 -1077 829 -634 33 196 552 -298 742 -277 416 -955 -1172 -261 6 43 181 403 -967 -751 -825 -504 159 759 85 22 -905 48 -530 -82 460 716 -114 1174 -269 22 -1131 691 101 -526 700 -866 -1407]
[-1048 -759 -1031 -532 -596 1005 1232 -497 135 -973 580 400 -878 -331 -3 23 -113 130 1050 -54 1251 -535 -737 -1011 -691 -768 356 731 -367 678 -940 -7 431 -9 -75 -626 1862 -179 570 -506 602 -91 -291 -831 -64 1402 261 397 -292 -508 -86 257 368 -165 -212 -1042 -660 -420 -749 191 499 -690 -303 -177 -717 -144 -412 -16 -213 -643 -79 605 599 -1169 497 -343 -384 483 -1721 -168 -223 1043 343 373 -419 -398 -407 280 381 -305 -150 566 -327 -825 22 -432 401 -635 84 558 785 -656 -251 4 55 -213 10 1068 -62 604 -196 -377 542]
[500 226 -174 950 -93 91 -832 253 -873 464 -322 -170 -231 301 175 -598 -123 -400 130 17 -1602 -143 1152 370 1163 230 1004 -746 -6 -620 125 -411 833 -145 -612 -365 -794 -91 -388 224 -461 -209 80 -1122 1027 -238 -1127 128 -247 1059 -864 -782 270 811 -481 128 316 401 -624 -303 -355 65 -226 -68 -806 -14 94 1246 1038 4 -1028 -1628 -498 578 158 -301 -229 -479 -56 -606 -139 291 -273 119 -154 685 -262 -1114 621 -990 -152 265 -1099 1003 -283 32 -976 787 -886 246 809 56 99 -573 -237 284 -607 -159 -133 187 600 305 219]
[-230 129 -235 778 1265 -317 209 -20 -79 -530 -554 126 694 50 -298 639 327 737 -327 24 -1427 -393 276 452 -100 1196 -707 -61 -6 -1136 482 -698 52 130 -153 338 -767 374 937 41 192 -65 -452 -210 -310 -687 -943 -29 -298 926 164 64 -331 264 260 429 -773 -236 -134 -1822 176 723 -75 -460 269 -217 497 149 684 -174 -168 746 54 122 253 688 -415 71 1177 -74 -519 -548 -432 113 705 -96 1292 -1607 -903 428 639 71 947 350 732 -948 342 -324 -531 -444 299 1177 -400 -951 519 -659 -1000 -217 -197 430 -427 493 338]
[-1208 407 -113 -111 236 -829 1019 757 -686 1324 933 305 921 3 394 1169 547 -160 -335 -505 -298 -330 353 727 -201 1363 164 -430 512 -295 -156 1210 -788 638 199 -862 285 -482 205 -1000 -210 1346 -11 323 60 306 -20 -386 70 -158 -272 143 -941 684 139 270 -6 173 215 117 143 -45 708 -168 811 -717 876 625 287 -1833 446 427 -5 -614 -104 -101 852 804 -634 630 -518 -269 797 -272 236 710 164 156 -237 442 -318 -113 788 889 285 -604 -139 -604 287 -199 -147 304 330 -1010 -695 -499 -1393 384 872 -421 -331 1691 -49]
[-747 -233 574 -155 -224 -494 1961 -92 -602 216 -230 578 422 817 825 124 -278 185 840 -750 818 -215 -929 -82 -551 1054 -550 -833 -79 -620 97 145 705 614 13 419 1055 -1056 164 975 -1450 -599 52 26 -641 877 -1660 -351 346 124 -23 716 -830 -171 -546 -221 405 -176 1048 -285 319 -12 337 82 822 -38 -283 953 -94 -619 235 954 -96 -55 -120 -514 223 -447 -1121 963 -874 126 427 -701 -242 -1223 -405 -1043 1205 -219 -945 250 -463 825 -226 -713 261 22 145 4 31 -154 121 -1211 -1455 -842 621 -1177 -84 -184 906 791 120]
[145 216 302 -670 -785 -1524 33 757 -13 271 -38 -239 -480 663 255 546 -227 -214 -973 466 -75 -191 -533 245 281 -170 -761 -707 -114 -750 -594 -299 -1103 638 -277 -184 -152 336 587 527 56 -617 -242 645 -754 -254 277 252 -144 460 556 -23 379 -418 -500 -243 -284 287 282 802 706 213 -110 369 -44 1312 -57 -154 -52 -453 36 510 -1071 -89 -554 725 -533 -372 1139 1171 -24 -571 202 307 -505 -812 310 -210 -284 121 -105 541 171 -27 -207 478 -185 594 543 -497 -415 660 -234 268 378 -499 355 -193 -598 -354 1063 314 -471]
[178 235 -376 21 -93 128 499 -424 1535 -755 659 789 -995 -823 -689 -1292 -174 -249 715 -42 -589 688 -838 -324 -414 -373 182 -219 284 607 7 -32 -1039 -551 -398 485 497 -641 820 -1150 -54 366 -705 805 451 -42 -15 -95 66 -601 502 653 -563 189 543 -245 640 -1833 471 -748 720 -76 -290 -1288 430 -373 512 -595 508 449 400 416 868 -915 360 903 -257 657 -184 -441 690 -283 542 140 462 512 684 690 361 316 84 -39 488 1038 -173 -708 222 110 -402 -3 346 -1023 -957 -793 -479 573 -83 -805 -441 1191 30 -55 673]
[-807 -622 -627 -409 -116 634 321 -419 -747 114 -480 1112 -1011 158 61 -252 -487 620 -376 -460 574 -319 -48 -1308 -1084 -570 572 -686 -294 -1046 -776 -123 287 -204 977 -693 646 -576 -394 138 -107 -227 91 -601 -694 703 467 323 1065 -809 275 197 -642 204 480 -166 -557 -208 353 -82 348 44 -132 -85 -292 65 -1116 63 -509 853 -657 44 1073 -494 1140 132 -186 -109 -595 -659 272 -206 890 418 6 -368 720 -107 464 -538 406 182 24 -43 404 -626 546 266 43 580 785 -317 -810 1117 -315 -35 -103 -392 -62 55 509 -264 321]
[263 -1687 -276 627 -362 -407 -186 -64 -152 -114 -414 -385 -802 -140 498 -531 96 256 670 404 47 -198 -1516 -644 -991 -675 396 -764 521 -603 -1055 768 24 -368 -345 -474 -115 -233 -79 -772 -1220 146 41 -852 -511 935 -870 590 847 -313 -747 -198 -881 687 -589 203 152 -51 194 -227 -138 -675 112 747 -406 1277 -458 1047 -189 1223 53 48 250 -88 151 606 616 -221 -1205 899 434 -582 1 36 -1043 -272 239 110 300 -316 671 -118 284 985 -93 -508 -142 146 682 -511 470 -17 -661 -144 -459 154 45 -595 186 338 421 -234 -602]
[339 -53 -755 1556 -1337 -1096 -587 325 834 -449 840 879 -201 -956 -712 199 -435 -728 -15 853 -1251 171 -1007 112 -226 -1190 233 -455 -244 -846 -2 -634 -114 -384 -139 -10 -404 -225 -717 947 627 -64 571 -153 -657 -682 -264 -96 513 137 -119 125 148 -763 -11 -488 -612 -165 428 338 -523 753 -680 -239 402 557 -1130 816 -1127 -64 -58 431 -295 -498 306 -9 304 -208 306 47 -244 -928 -1033 1350 -115 -15 -313 -152 -358 107 1053 437 139 -978 -158 728 237 353 725 -666 -1066 -592 -92 184 37 760 -950 -563 -37 672 -641 312 -130]
[-1208 511 -19 665 320 520 -924 -803 871 50 105 -648 -334 -568 -695 4 634 772 -75 661 178 471 1031 -736 -66 645 -359 383 315 142 -287 -1145 632 -332 930 -235 471 119 -27 197 -333 671 640 -257 -328 -413 675 523 446 308 -1152 -250 -427 54 -467 -166 -540 158 -395 1044 -424 -281 320 -187 -701 -611 614 -746 -820 349 -162 -828 -164 1160 -901 -1166 -260 -111 223 239 200 359 81 617 464 741 274 934 413 665 355 351 1096 -694 -648 45 -307 9 -256 417 -25 -363 987 1028 42 220 -72 896 471 -27 -250 435 989]
[632 253 -478 815 -799 -431 1030 -721 894 -414 214 -428 7 -597 -705 -238 -922 284 412 315 -569 676 -1423 -489 164 303 240 383 -1374 -855 -678 -1080 -964 -276 540 355 -914 -956 -846 787 288 -635 -497 31 25 -196 -592 -565 141 -21 1098 -1395 -413 -1299 -312 458 -379 -242 546 -408 -633 417 272 390 -923 -172 -334 126 -253 623 1 2083 837 -354 1194 -56 -1092 100 -78 -423 -933 269 -782 292 -438 -1171 -270 181 454 -216 -113 -357 355 -777 -145 -59 856 -847 619 168 -743 292 558 -657 -104 396 -178 162 424 -293 -17 752 -825]
[-887 355 -613 1006 174 1232 436 228 433 546 44 -684 483 -536 -502 313 318 589 -410 -16 -666 268 140 -369 51 -34 622 -294 184 -828 -68 -938 406 964 -60 -232 144 1265 762 423 -219 199 543 106 422 -10 -999 -325 -31 849 -307 -393 -748 -97 -313 1431 116 -37 -756 1000 -988 -719 -428 -115 651 -240 405 -359 345 -11 343 596 15 396 922 -312 104 -427 -750 496 38 287 712 -13 506 -252 -449 -210 1540 29 994 98 -404 -602 -211 -1148 -114 378 665 641 -945 -805 148 183 -379 -899 668 166 321 48 91 834 342]
[71 -557 45 156 -569 127 -297 266 -1012 8 566 580 145 269 7 1058 636 619 129 -363 561 -20 1304 1205 312 120 545 -825 334 600 650 133 -593 402 -1204 364 578 50 283 506 -990 261 364 50 418 796 -1626 60 -1183 188 688 913 659 89 5 -185 1144 756 -1237 -490 -523 -115 -588 308 386 -479 1018 706 429 -490 328 853 -724 -354 444 -303 107 23 -29 -269 1520 331 1331 317 -319 368 -434 32 -221 -951 516 -113 -681 -1193 -195 444 -186 698 85 -197 -499 -158 -777 -700 -1331 95 -1496 -677 438 682 568 -152 432]
[908 966 -237 100 373 -808 -134 223 747 907 373 -288 -343 -504 -454 -746 -273 -112 -774 -295 -1048 969 -364 893 506 1013 266 -107 796 12 208 1280 -1316 -142 -505 -1817 -666 -380 -242 -105 -502 105 -99 1210 480 148 95 -318 -429 -477 250 -253 -199 -690 -185 -5 415 -313 -517 390 -54 -474 291 -161 340 -387 727 952 613 -153 -2 -137 -813 102 880 -178 598 -437 151 -247 -54 -253 -50 437 -761 223 -116 1066 44 137 -181 -929 -475 1378 1107 428 8 -90 632 -23 -4 410 822 -1081 -389 230 -842 108 78 -151 -96 215 -525]
[-793 -1586 -91 -519 -337 1153 -193 -641 825 -173 -273 -196 -441 532 1009 -184 473 917 269 36 29 134 -100 328 -1064 72 402 674 -470 335 -152 -112 480 -93 728 234 -384 -270 967 -689 166 587 415 -181 893 1248 747 -43 1534 -381 -945 72 -712 -173 483 652 -836 95 336 136 -412 -453 64 498 -266 51 570 -635 693 -677 256 1745 -116 -627 -96 1010 -461 757 -268 1165 -615 -77 -59 291 844 111 -1232 353 1323 -20 130 -520 -501 272 153 -857 227 -1443 447 470 860 106 -92 -568 -208 342 -98 -238 397 1 -159 607 1034]
[606 -493 -824 617 -1248 -856 -413 1433 1262 -539 359 488 -657 -289 -449 574 -275 -814 312 942 -848 861 -978 138 618 -890 -194 843 -570 1504 -323 -25 -648 -199 -133 -360 212 211 795 32 619 -33 -779 -707 1352 -559 315 -455 -798 1011 196 -292 834 -738 -1082 419 131 70 60 -6 -245 -69 -630 -260 90 42 -469 203 -884 -171 -17 143 -1025 -42 523 289 -727 886 2082 -92 320 332 -577 1563 -427 -475 207 634 -302 -493 283 -324 193 -1194 -597 543 70 34 -497 -51 -12 -234 -718 511 594 1601 -1203 -443 -968 -143 -519 435 -588]
[-201 570 -151 -471 283 508 124 -30 31 332 -589 -7 288 240 -54 -334 75 203 -731 110 883 -338 691 -267 -143 -327 572 -174 34 723 -55 512 1477 -350 444 91 -718 -604 -983 1285 -826 -866 -1088 -612 -297 1005 -7 637 -481 246 972 -4 246 -527 -893 -1326 -145 985 -203 -399 -343 401 -299 665 268 145 197 460 -249 105 -525 452 -404 -315 -127 -550 452 -1298 159 -469 -332 -361 -419 715 821 276 -29 515 -290 -70 -345 236 -562 41 691 -39 -454 97 -559 67 -88 -138 531 579 -378 -7 -825 472 73 86 385 -713 615]
[-687 -34 -129 484 -618 -269 281 232 1138 -1121 -130 71 -593 -731 -233 -320 -1246 276 343 -359 -381 -310 -591 202 -196 386 595 1356 -720 -958 642 115 446 -596 544 112 -983 -68 -1192 1383 -858 -628 74 -656 1038 73 13 70 -181 -511 300 -587 -1043 248 278 61 -386 79 323 -1053 -277 620 616 -554 -628 -125 -415 -181 172 527 225 -377 1437 225 -921 -564 390 760 183 383 -532 -826 -435 646 -255 -1671 173 -207 -387 -613 311 -920 23 573 114 153 299 -329 -561 120 535 744 339 -346 -617 429 -196 483 367 -631 -1091 1107 -1226]
[-485 -30 431 -118 -286 -634 926 795 -483 1312 433 347 474 723 -90 938 449 -37 -165 -865 -487 101 -650 -1190 -680 -39 -527 614 51 -231 239 -253 1241 471 626 12 887 353 554 644 -473 -173 -153 -109 -10 1239 -586 -370 -661 889 285 454 -178 -568 -528 140 0 -89 128 81 -22 -262 1 2 1173 569 -283 -71 757 -1043 181 1188 -985 -25 -766 -807 -635 445 -155 1382 -769 125 196 63 405 -1365 -345 -985 658 -207 -433 -183 -861 242 570 -619 474 75 176 -356 698 -57 147 -1182 326 15 338 -169 -461 -393 32 1405 -536]
[875 806 -326 10 677 -116 -102 -487 724 340 676 524 -540 -22 -1080 -252 -535 -377 -82 -558 -684 -40 -594 -196 -111 271 311 -1313 -308 -344 -268 -238 13 -280 -912 260 -242 170 -837 271 717 -968 -211 114 -421 -1134 -766 -85 68 260 1439 412 -703 -821 -71 -144 49 106 52 -722 -560 690 -398 58 -788 -246 589 -82 842 866 -211 483 1497 60 575 761 319 -763 260 -990 307 -72 539 -250 306 311 632 -369 -482 -103 755 362 -877 171 666 167 434 104 -8 -441 216 959 -1091 334 102 379 -570 -240 262 573 -528 -1133 -772]
[718 -369 -673 191 43 -581 584 1161 642 382 1235 -371 -150 -460 -698 -385 -386 -753 -166 -1048 -1307 598 -1430 -716 -220 -628 220 -514 522 -406 -437 983 -1015 -604 -324 139 -315 -273 60 542 -531 -1122 117 304 313 -339 -642 -393 -72 -421 -446 133 -390 -533 -948 -454 1019 -19 -38 -252 -321 -929 -302 -243 558 22 107 224 -141 -278 1049 -773 235 525 30 598 -208 221 1040 342 814 -945 647 767 -294 -560 649 -140 -988 -7 411 140 593 619 29 422 -186 862 -1073 -185 208 963 -817 1255 -786 178 -1052 206 -302 -557 935 -688 -666]
[320 -52 -820 -1451 444 356 106 53 285 536 643 -475 -834 -499 -106 -680 -170 -258 -513 -148 147 436 -149 154 -278 713 59 1342 1041 280 688 1414 -78 -512 -510 -1617 -977 -462 -181 -356 341 -256 -222 34 9 676 1069 930 201 -805 -612 -496 170 -60 168 -852 -80 -234 -779 529 29 -600 561 343 556 -215 601 677 386 -424 -419 -1952 29 -9 454 -1143 1082 24 -276 -44 -733 -504 82 -993 -1360 293 211 445 402 419 -540 -374 -784 1324 832 -25 -414 -771 1044 -239 -465 397 580 -555 154 -404 327 1015 -478 78 -692 258 4]
[-776 1410 392 447 891 384 -1198 164 1153 -112 438 195 84 -393 -907 -908 -313 467 633 468 -922 374 1061 -254 -166 -809 309 265 657 -147 -871 -543 830 -158 246 814 217 -1144 -1113 1106 -1295 -596 100 -495 -605 -429 -465 -46 -78 240 208 -127 247 294 -1715 -1805 -464 821 467 -542 -344 508 -989 217 -343 -959 5 -167 473 -340 -339 -126 317 1859 -856 177 193 -587 175 21 -152 249 -1270 1069 1072 511 -442 -247 250 -89 -431 90 -178 -814 -441 251 -604 212 -618 396 497 -96 814 246 -454 228 -190 1118 591 270 -142 -674 -23]
[-580 217 1061 560 -430 -888 364 -616 -993 211 1025 948 -374 -454 -1153 374 -1 -270 1029 -686 -115 -79 704 -518 -22 837 -611 -776 53 -564 -387 600 119 -75 -607 -703 1408 -192 760 -840 901 -375 -153 1515 -719 -1076 -532 -446 -106 -340 -353 874 106 -258 116 569 547 -414 963 -61 965 811 -637 -553 -310 85 499 249 50 -429 -1 -327 56 -62 102 81 753 -527 511 -679 1161 473 1117 -393 -76 239 529 -937 -133 752 308 -86 312 59 537 206 328 -91 -20 -507 594 198 -363 -639 480 -101 756 -1208 -201 53 -529 -602 -242]
[-43 331 -475 -583 318 -1063 -762 101 -349 887 213 -1581 160 87 496 -341 170 198 -847 878 -681 223 -206 170 300 -676 -1156 -678 541 65 381 -533 -396 805 -202 -598 -846 994 1008 -531 -932 -398 786 863 63 61 861 -198 39 174 -527 -756 73 180 -913 -47 310 604 -1003 251 108 -848 581 533 -32 395 -9 -456 -319 -125 800 -670 -1115 756 -222 497 -745 -147 171 1862 266 -551 1273 -291 -64 279 -610 -481 266 -1176 -230 42 785 529 -674 273 -18 630 69 -196 -395 1012 404 -128 -130 -1135 -115 843 123 -173 633 -274 -339]
[-132 -663 596 643 1001 -468 1616 -455 114 -378 369 329 -215 16 91 762 486 623 307 464 1194 -547 -782 -887 -294 -126 -630 -759 -94 -322 -280 300 678 75 349 766 1428 -594 198 -621 -16 348 100 78 -209 831 -957 323 986 -360 -1233 784 -332 211 924 -34 304 -65 96 -440 658 -457 173 -756 327 324 -315 -377 -677 -128 396 1591 548 -636 -581 409 -384 719 -1147 377 111 -352 290 -655 -649 -215 651 -122 -88 509 112 1088 326 -67 -520 -776 293 -154 372 -535 490 -343 -163 -727 -989 -771 129 -347 -207 850 39 676 729]
[453 190 -165 720 246 -167 506 393 100 -149 -817 485 746 76 109 -717 -211 44 570 648 -53 585 -470 1011 839 -93 -191 -357 544 265 1284 -616 1609 402 -1454 -173 -378 -165 390 -103 177 -346 -243 -138 748 -134 -792 -20 -423 638 -212 26 186 645 -699 -524 -712 1236 195 -863 -879 317 7 -424 -134 320 -293 179 -734 1086 -735 -339 671 268 -686 55 665 -861 58 -555 809 -726 -351 542 -552 55 67 -738 -864 -84 -599 824 -1111 243 -703 74 845 175 -432 -30 -538 13 306 9 -971 381 -521 -707 492 507 -76 -387 1171]
[514 -31 -50 229 -550 -903 499 123 1749 -606 -383 415 -259 -736 -329 -392 -908 -1102 528 542 -469 925 -894 471 368 -731 -154 294 865 881 872 -1129 -608 -21 -798 470 -25 -1022 509 13 -353 12 349 34 771 -560 -92 0 -632 594 -381 -429 589 427 -238 105 -367 -213 4 -624 -536 -276 586 -44 877 -687 -613 -562 -426 638 462 725 150 403 -941 455 -758 755 674 193 130 -416 -134 1327 97 62 -481 -219 191 -863 -1305 747 877 -535 -1759 559 -914 1052 -974 -879 -48 -162 -72 -559 -230 611 -383 -996 -181 300 -41 -82 137]
[678 -605 -332 864 444 216 -309 -132 251 -1469 -62 -434 129 -192 118 87 80 626 917 -183 372 -25 -1333 72 -329 -229 -22 -655 221 187 245 29 -276 -155 -867 980 171 482 -211 346 424 -165 744 -137 887 -750 -920 190 -115 -125 -315 -204 -287 185 570 613 1011 -140 -894 -295 -362 -555 -225 529 -471 -278 191 589 -157 456 827 638 933 -609 1028 117 502 219 -1286 -408 103 1215 -560 -595 -1530 209 114 -169 -701 -268 642 700 -761 -886 -383 701 -109 69 183 376 -341 693 -1341 466 -33 929 -404 -65 71 353 -24 -747 -311]
[919 618 -110 -25 -634 -564 593 -27 -127 31 222 -866 247 199 -433 291 173 -194 -401 -562 1393 -199 772 -562 300 326 -281 -513 -290 402 -619 595 -983 121 -784 41 -1624 379 249 163 303 -335 296 -216 -114 -948 -221 76 -44 699 65 -102 171 -243 -457 -283 694 190 -885 -2 -132 -751 552 791 -204 -323 435 -316 424 -1581 583 -304 -9 102 -721 -309 -497 -530 130 210 -1125 -83 306 -1152 124 864 44 52 -387 251 302 613 356 -812 254 528 -800 571 -20 -223 -351 867 -137 136 479 -1011 129 920 2 -598 -755 -641 -574]
[9 -651 -431 -310 1054 -38 212 -56 181 -966 -485 -359 280 -177 -278 -457 160 -362 -321 -441 72 -225 -121 -306 225 -640 -378 1027 22 487 -534 1537 -450 -168 115 285 -1801 -986 302 -282 116 -156 -231 -205 -5 1165 1770 126 -75 -1167 -68 -348 -496 1294 428 -575 -1609 -215 188 -391 600 224 720 112 664 -68 -584 80 59 -319 -410 -683 1390 144 -32 752 -330 403 837 345 -286 -769 -265 695 250 -315 564 611 -910 -554 -332 -1168 -551 204 949 -79 90 -239 -925 57 59 393 249 186 423 13 43 658 -250 -1303 -441 -708 -207]
[1031 317 -304 262 -513 340 -20 223 137 -76 255 634 266 -654 -145 -22 631 -283 -23 758 -923 -86 -65 1164 804 1192 -82 -394 402 -115 421 -578 -854 306 -1938 -897 -156 615 -82 -89 604 64 -256 -102 -834 -717 401 106 -813 894 440 -125 1965 -102 497 -169 -210 -348 -103 -72 -1 -134 -776 -21 532 10 116 1211 -231 612 -398 -1488 -838 770 367 167 350 -25 328 2 111 -681 -684 -206 -934 501 378 182 -799 181 622 -473 -145 365 349 -172 -204 -200 -169 411 -37 -290 -57 -689 337 -268 -125 185 -481 55 615 534 128]
[60 226 55 507 -1145 229 -556 -1463 1081 -576 364 -256 -317 -881 -844 -455 -379 171 749 625 32 -823 565 -93 999 -1207 1165 -823 -409 868 -885 83 744 -420 215 925 -179 -262 -1098 -115 -407 62 -374 30 193 -89 -618 117 -157 938 385 321 261 -726 -847 225 -66 -141 -637 -151 -20 403 -346 -397 -956 -332 657 414 1049 -89 1022 1073 415 343 329 69 -185 163 278 -1190 258 871 355 603 790 937 -675 1209 879 -142 264 -47 257 -1145 86 516 -522 -382 72 147 -168 -1329 -611 109 -256 850 -81 -463 1056 811 -652 557 -124]
[-970 -134 233 -154 1301 -316 -684 -62 -590 -14 -260 -4 -51 1202 654 498 599 499 -279 -190 467 -1100 1263 -649 169 1455 201 -163 255 -290 199 214 -84 983 77 574 252 742 -1036 -133 -107 120 -258 -666 -442 -1092 -268 303 -1093 -76 504 525 743 352 30 -688 465 922 -583 -300 710 829 -276 803 -555 -547 765 1226 496 -242 -25 -1787 438 1111 428 -1013 500 -792 88 -1136 95 596 -732 358 -439 633 1824 545 -513 198 1140 -207 -1133 -228 447 226 480 157 322 9 -203 260 132 1077 23 -697 -459 -183 20 278 -228 -934 -132]
[1208 -27 431 -337 -562 -636 -914 164 345 877 480 -544 -428 -774 -155 -835 -211 0 377 -290 -1416 220 -168 1007 -153 510 -233 383 1333 -938 -98 -160 -671 -285 -118 69 -575 562 -876 -877 -1096 -96 96 -30 -874 1218 32 -202 293 -10 -1020 -779 -331 -265 130 -727 733 -1121 547 283 -56 -1002 911 641 -110 -40 -163 -121 1124 897 276 -1162 52 698 -285 -4 205 69 -949 1846 -789 -259 -48 -950 -230 333 -884 460 1105 -200 -594 -783 -216 956 523 -272 -1152 -194 252 -112 49 224 -40 -1162 -89 -743 380 -215 165 531 -734 806 -928]
[620 -347 -523 -456 209 240 -357 -224 -1445 10 -747 610 595 548 -43 116 -14 -47 -226 18 772 360 1100 -679 -254 -1878 304 34 592 258 -221 -106 -253 523 213 -167 -431 -302 17 922 -482 -112 502 124 77 1203 209 235 -42 -119 -887 -515 541 -748 -537 -420 511 481 -489 455 152 -992 -259 459 305 199 -620 -392 -416 381 414 438 -1122 170 -116 -301 -1008 -316 55 172 417 -362 1254 201 -51 -657 -276 -329 360 -833 -60 39 -58 -1278 -1217 1043 418 708 102 373 -668 -57 577 511 91 65 348 395 617 -496 997 -748 145]
[808 196 -88 -530 223 768 412 403 -1158 -163 -850 913 62 694 156 105 226 -265 -160 -203 522 -458 695 -699 401 -533 561 -507 27 -36 71 403 212 785 -8 -38 1435 15 -862 -445 -216 82 24 -515 87 207 -1161 383 -952 -149 732 196 627 918 -348 -937 695 -5 130 415 4 107 -655 135 236 -376 -601 -103 226 1539 244 -566 1038 672 554 -435 86 -92 -604 -1304 1090 5 1264 333 -858 -202 637 171 -544 -363 -187 5 -990 160 -1404 259 511 1287 507 828 -4 -637 190 239 -470 -352 -54 -56 -121 261 567 -1112 372]
[109 1962 378 108 -162 576 -98 -695 373 -244 545 133 193 866 116 -20 -75 26 -167 -273 -182 91 58 761 1109 1559 -281 -897 -280 -329 572 -538 276 807 -947 -801 -333 697 -493 344 183 385 -271 72 66 -811 50 -263 42 243 -103 97 624 -125 521 -402 332 -458 -215 -338 -474 308 -544 -930 -547 -578 92 259 567 -307 -574 -86 -920 108 -415 -270 462 -296 -407 63 150 -196 -728 -525 -300 135 -915 488 59 52 385 -404 -561 1196 1361 145 -31 179 269 522 164 -84 457 -39 -648 -930 310 -1 247 -164 70 757 -222]
[495 325 -82 -6 744 573 125 -630 289 3 455 -1190 -287 796 721 -522 547 236 -153 229 -11 540 -260 -502 136 -71 -1009 457 479 -5 -201 -463 -283 341 -560 -120 -556 346 1305 -168 243 145 165 538 468 -740 616 882 -305 55 -1214 -504 614 340 -768 -96 299 -682 -665 -142 20 -1021 -272 190 496 -256 460 -522 407 594 -1 -724 -660 556 -507 -314 -370 -478 -27 955 -234 -420 484 -640 -1010 -612 -173 -83 -497 -74 -49 -683 -347 364 -356 -156 -237 -77 -373 630 -358 1064 178 79 899 345 833 1241 111 -202 91 -192 -186]
[-427 8 25 -793 -967 145 -378 572 -86 -347 -1419 130 314 444 297 -1127 -695 -110 -1088 -135 280 -1093 112 274 44 -497 831 122 -91 736 134 921 -221 121 381 682 -1243 380 -204 174 -896 -58 -304 -804 1660 -466 1112 349 -877 512 307 -343 170 1269 411 222 621 67 203 -310 -251 -603 929 784 470 110 -1126 -24 209 -395 -487 -937 -203 -227 -861 -26 358 377 -201 -1333 93 -365 -95 765 -331 -235 8 -934 -1025 -53 -105 -892 97 1304 -407 446 -594 156 -934 530 470 -958 -230 523 -130 -544 -313 507 -302 -1271 1013 256 446]
[837 91 -1 -1330 -314 245 21 843 -287 -359 -29 273 -192 -428 907 -192 -481 -1061 730 -223 -62 -12 -254 460 1044 -332 390 -1050 -156 -149 -151 363 -732 462 308 -17 167 -603 620 188 -14 -356 421 448 322 -164 374 -317 475 -472 421 -106 -233 -470 -227 65 504 -463 314 414 71 141 81 -712 -99 -349 388 -812 181 649 492 -198 426 394 276 674 -372 108 1090 233 928 172 560 -193 196 -87 -193 353 -228 -583 -933 915 400 -531 -1256 349 -504 480 -65 -666 -388 983 -659 1061 11 1153 -143 -104 213 830 579 -797 -649]
[755 -948 825 1399 -1041 -601 4 382 885 -141 -289 -810 -330 159 81 245 467 537 323 12 -879 537 -710 -260 -229 581 -70 -227 -973 -1020 209 -1735 -855 -297 -155 1220 -641 713 26 184 198 -503 -152 -241 210 -1582 -1195 119 109 643 -155 -953 693 -490 -613 407 -225 57 431 -334 -57 275 -751 866 -455 70 179 -802 375 326 954 616 190 345 -274 297 -1237 794 960 1923 -1325 302 -918 -35 324 -776 293 304 273 371 660 -184 34 -986 -1098 293 24 -79 -248 -64 -573 774 -290 -368 470 456 -182 -269 -615 531 -550 53 -379]
[817 -584 -472 -161 739 -184 349 399 1241 -587 -81 -453 -1228 549 1060 763 -197 755 -813 168 669 981 -807 -2 -39 -891 -586 534 307 564 207 -633 -303 11 903 -129 -187 31 737 -258 488 -219 -129 634 546 -253 402 725 76 466 -286 49 -8 -830 -132 303 -999 238 -556 147 379 -130 -838 381 -1455 257 -314 -1053 72 527 873 771 680 -107 -625 -289 -827 554 373 882 145 402 772 29 -169 -432 733 145 -889 -1145 -4 815 -487 -401 -144 354 104 124 745 -370 537 712 -231 1721 935 226 -309 1342 -467 106 257 -556 88]
[960 781 -40 1665 121 -89 83 958 1468 -754 309 -422 -105 -215 -315 767 -564 -357 -150 469 -1588 127 -955 1290 846 1267 1218 -1104 1093 -315 63 -48 -1064 -615 -1377 -126 538 -155 -625 620 -407 -651 -923 1094 49 -956 -276 -113 -848 556 293 -119 402 276 -603 -94 315 594 202 -1318 -148 -188 162 127 -869 -1006 153 708 -25 1050 787 -648 552 262 -142 882 495 541 -282 350 -280 -443 -913 6 -486 53 -869 95 -591 -696 -210 -637 -479 302 853 276 107 527 -410 -376 384 495 -274 -878 -487 98 -680 452 -882 536 127 269 -57]
[950 -368 223 -492 21 -247 -850 -808 -983 423 55 503 -29 223 487 -944 233 363 -542 361 -679 500 -378 -857 -58 -1549 -591 -758 255 64 -324 24 -546 -189 -562 392 -859 -143 -246 -853 -574 207 208 495 -1267 812 -750 1076 1285 106 -884 775 1358 248 542 -286 -396 -524 -119 286 893 158 -1297 361 675 423 -1263 -544 73 802 1 346 17 759 1054 1189 -653 -560 -33 196 431 -289 858 -713 145 -668 230 -528 156 -547 206 -411 -23 700 -233 459 -75 202 -126 388 -26 -877 624 -594 115 -31 756 -851 334 857 164 -1601 816]
[672 -1437 -828 -188 -814 514 -108 422 863 -1170 165 165 -626 -341 701 -234 -460 340 769 603 132 575 -1502 -545 -153 -1288 -510 -586 341 888 470 -74 209 -273 -187 120 -632 314 669 -544 -265 17 -602 -79 475 -148 -853 243 1000 455 112 210 13 -33 990 858 390 267 324 -302 482 -186 -627 448 -234 643 136 -155 -693 -97 1158 702 1117 125 493 257 -422 503 654 935 -402 -138 596 -678 -130 -11 991 37 380 -510 792 790 -403 -166 -501 178 81 -570 735 -538 -146 56 -1608 942 -517 835 -150 -922 177 1068 -32 -225 128]
[-309 -184 194 30 273 120 -105 -527 -1348 506 139 -289 1201 -679 -199 -156 -2 -800 126 -90 -258 -46 -79 -1079 -434 -1066 -293 748 -84 111 -92 508 288 -23 901 364 160 26 -329 9 -889 864 244 -127 -62 763 185 -182 -32 -649 -386 48 -12 -531 235 535 1131 -853 -205 805 159 -951 296 74 224 -58 -902 -247 -641 -296 285 -11 -552 251 428 -290 -43 -135 -1234 141 -502 1061 -161 -567 -270 -176 -173 -849 641 301 -257 -311 475 -197 -223 69 200 -595 -392 822 -235 -582 216 -976 1091 466 753 563 430 -584 -225 315 -116]
[92 -578 808 716 1073 -102 701 -437 246 154 278 340 361 88 -259 737 446 739 510 -59 241 -499 -383 83 645 1391 -308 -261 -229 60 83 236 743 -948 -657 -8 655 235 -858 -811 -202 -401 -719 18 -347 -809 -694 1060 -409 114 -1336 67 280 117 -239 762 168 521 11 -1150 120 113 89 -455 -1020 122 -124 458 240 129 688 150 570 287 -500 -424 760 64 -165 -169 735 307 233 -535 -287 -162 120 -873 -854 588 313 -283 462 1296 1126 -656 451 -187 -951 -237 894 -509 38 -700 -423 -485 15 -849 -93 296 -480 -147 644]
[113 -371 -10 -907 -1011 -119 -69 613 -1159 -234 419 132 617 1169 1228 -200 42 -268 887 667 -179 554 52 884 -505 132 -818 885 803 253 693 -177 -508 -251 -832 3 172 592 1045 -1283 -105 218 -608 -63 184 597 -430 171 163 -3 -1195 -37 218 587 510 -413 1186 243 -196 21 537 -583 412 385 108 1236 34 -257 131 -123 942 -557 -614 -762 -85 381 735 -76 88 -62 131 33 649 -886 -840 -140 -171 205 -59 -319 191 335 62 608 -346 619 -264 -179 895 -796 -654 -584 -162 -306 241 -941 145 -1249 -418 903 64 -749 767]
[1114 -189 -121 -940 958 -97 968 317 -1406 1244 239 428 452 518 13 411 872 -626 -520 -742 6 -440 135 295 431 506 692 39 510 -187 192 1948 -1122 113 -441 -289 37 -1215 -459 -778 -517 81 -696 571 325 471 219 -157 -20 -920 -235 731 40 693 -120 -384 1210 450 -42 -379 585 -78 288 -89 -49 244 384 279 976 -480 678 -309 437 -998 541 691 297 -6 -298 -350 658 -963 -12 -998 -411 -423 -727 -27 -786 140 -607 -301 500 1700 513 -241 51 16 398 55 267 467 -191 -1411 -554 -183 -230 -57 -114 263 288 -195 190]
[-101 71 70 -483 -1336 -160 -901 182 -486 232 252 1001 -374 108 -327 -565 481 -122 556 -969 24 -605 -333 192 342 1181 -123 211 -580 372 612 -633 139 -330 -276 -197 1012 322 368 39 626 192 -8 141 684 -1163 -1156 -998 -1112 723 556 865 350 21 266 619 412 666 -249 321 -164 832 50 -892 -721 -189 887 416 847 -1614 -269 -1 -426 -693 571 -1238 -485 1563 253 -1024 322 934 -50 582 -454 377 -514 -828 33 697 458 -354 -339 523 44 455 256 -355 341 -232 340 126 -594 -683 243 1000 -376 -1023 -675 -20 -56 360 467]
[148 -27 -152 355 158 -504 1039 92 -635 415 38 270 265 325 -793 347 568 97 16 -964 922 -63 -1158 -810 432 763 -303 -369 -731 286 -190 -237 90 -470 249 1433 522 -582 398 258 880 -503 -652 553 581 -575 -383 -467 -525 -281 -49 -113 -604 775 176 -147 398 533 740 -572 -451 -178 -173 -134 -470 625 66 -48 -851 -516 -48 267 677 -1491 -856 -458 -448 23 -519 -395 -35 -534 408 -280 -86 329 47 -793 -849 718 -447 333 477 572 -910 163 611 195 -530 -486 383 1115 -498 671 446 -270 -746 -172 85 -526 94 -32 294]
]
