[110 439 -298 353 -108 -66 350 102 44 233 121 -236 572 -55 -250 -96 -124 538 -247 465 -87 317 -104 -29 57 -84 -41 -128 -99 -13 -132 314 293 100 -187 -29 -131 -77 115 -137 72 184 -205 220 671 -180 -229 122 -151 -12 -134 -137 20 98 53 31 313 67 252 -43 334 636 -131 126 158 -537 166 -345 54 -19 56 60 -346 367 183 26 -278 12 466 -375 95 167 422 -267 151 -102 430 279 -66 442 -105 803 -88 271 321 -265 170 21 -38 -267 153 -511 438 -473 -567] 2760.05
[417 -219 266 -575 243 268 -70 -47 377 -236 94 57 -309 -281 -260 -10 314 -687 93 39 231 291 -293 120 27 408 -263 -264 93 -301 453 -283 449 -163 -160 -184 92 425 103 533 148 161 -86 -735 453 147 -63 -68 85 -217 -106 -195 135 -125 -132 -326 -564 -153 -55 -103 -362 -71 77 109 -145 208 -276 216 -135 -209 113 -174 120 -60 -328 -242 88 -70 -340 12 737 93 101 280 319 30 -89 -180 -117 -268 228 260 318 -248 -200 382 454 60 -567 19 107 84 -151 299 -204] 2782.24
[-688 -83 -21 372 -172 108 -33 150 479 213 231 16 487 240 -263 706 -340 258 -428 109 -238 -187 261 -372 128 -318 342 394 50 193 -264 -84 -43 -40 122 50 285 -265 159 -173 -129 -194 459 -2 -281 -496 -157 -54 523 262 -298 164 -182 158 381 -491 -147 58 141 687 -418 60 210 -51 38 290 -209 104 387 -121 -155 185 -27 537 -325 451 72 -77 426 361 158 -32 264 39 -43 -105 356 410 131 -32 27 -221 -262 65 289 -43 -11 212 300 -221 -154 -61 346 -92 403] 2821.68
[-156 240 12 -177 -160 -554 239 -93 138 223 109 -268 168 300 -166 216 -167 381 -514 184 -249 -94 -27 -341 -144 -147 -314 -439 -50 -29 -68 9 590 -7 230 274 471 -334 -73 -72 151 122 -310 216 -110 -492 45 -184 -207 225 257 275 -88 41 425 -692 139 -102 -153 298 -516 -35 459 20 105 -759 323 24 385 -88 39 249 196 -156 -203 369 -279 -451 165 22 -476 -198 85 -117 283 -145 457 60 432 204 -404 281 45 50 252 -54 60 -515 178 -114 72 -460 400 55 -599] 2885.59
[14 -228 -355 -284 29 -197 -350 -545 98 -473 -258 9 -441 435 -321 229 212 -63 -364 -57 -2 -524 -318 187 -246 -52 -280 -394 89 -236 -50 -192 230 -186 318 -37 -41 -109 143 38 223 57 -501 -293 -17 -128 -35 -115 -134 -214 132 -227 121 -348 -133 -96 276 -536 -521 48 -564 -409 622 -563 192 -203 236 131 607 47 597 -168 99 -360 -291 -323 245 79 -166 394 460 -256 -390 -349 34 -433 -273 1 441 -480 121 -387 89 -315 -300 -23 -32 -234 112 -227 -127 591 160 634 316] 3068.89
[134 -377 -55 -45 290 93 -513 224 621 -381 -374 -195 -257 136 -167 288 216 34 215 22 152 -326 68 365 -226 -101 -120 92 539 -564 456 -315 -74 -344 -48 -253 -355 249 220 337 132 148 3 -610 336 -45 433 -187 -222 -145 -497 -302 632 -227 -326 169 319 -515 278 111 -674 -305 -160 52 296 833 58 431 146 -553 335 107 293 -305 -266 -237 -176 210 -96 570 885 135 243 -224 33 295 -436 88 108 -677 480 -219 162 -529 183 126 378 388 107 -72 219 144 -117 226 417] 3347.64
[50 699 -58 -338 -58 181 -53 278 -523 255 39 19 -29 -361 387 -134 -210 299 -34 -396 -106 -10 -501 447 -435 376 25 16 -432 382 -74 508 -2 -66 173 175 -43 -389 228 -409 -48 -102 -79 494 50 405 109 -349 35 162 463 335 -460 482 99 476 47 187 221 -62 306 123 -321 -265 -228 -410 71 -143 -90 -110 -360 -44 38 -182 460 274 132 -274 -38 -505 -341 600 -91 120 -602 216 206 -252 -47 -206 -144 129 239 361 -604 39 -4 -97 18 -101 -331 -261 -439 -595 -335] 3004.35
[-75 -458 315 214 -239 -422 -226 -128 196 -289 -307 -363 15 402 223 213 320 -303 528 364 -24 -60 -244 75 -126 -41 250 -36 223 -225 -151 -71 -19 -259 -18 15 25 143 -45 183 193 -45 -10 141 -170 -287 723 39 182 357 -87 223 312 -101 191 -268 -407 -101 -28 -25 -413 -233 93 -352 -88 16 190 410 -289 -302 -171 595 58 -535 -217 761 331 -154 -1 621 -144 -72 79 -129 392 449 -466 15 490 -126 -617 106 172 -118 475 -36 -50 -408 83 -517 -50 -379 -246 356 498] 2951.15
[-172 254 -149 237 -81 163 -160 -269 -444 -374 118 404 12 60 -153 -268 -201 61 -448 -120 156 -302 156 69 -496 -153 -110 -244 -349 140 112 115 -148 207 186 -334 155 -3 172 -538 210 -56 -778 479 149 379 -305 426 325 -327 365 -295 -225 -83 -185 271 156 -477 -373 -119 83 -18 86 -54 -331 -673 -383 -106 807 8 75 -382 -88 -100 131 -155 296 -55 200 -32 -44 -567 139 -423 -613 -485 -76 169 287 -206 619 -563 64 185 -369 -27 -684 -197 13 505 -70 -52 340 -154 -274] 3096.87
[2 326 175 120 53 547 -34 894 543 220 194 -86 -41 -5 123 197 167 223 -47 -606 -76 -32 229 -30 17 77 273 333 262 -105 551 -297 -193 -91 -112 -83 -634 -344 258 510 -362 -171 739 -287 -468 92 653 -391 -185 -191 -749 153 -19 76 229 409 -43 792 245 -314 -95 173 -371 -223 55 893 -161 387 -499 -260 103 609 11 -29 -73 -20 -327 36 -35 111 -253 179 -44 621 -81 403 179 20 88 -393 -658 122 -113 251 79 175 620 219 100 -91 -13 -218 -99 -162 203] 3325.13
[-357 -222 -91 214 -628 -215 -124 -19 -282 154 65 32 172 205 32 508 -330 523 -61 -175 -68 253 297 372 -178 -364 95 189 -289 194 -607 563 163 152 145 -252 96 -948 -54 -368 131 -66 -115 -272 -945 -49 -362 -141 -289 95 -407 93 -53 212 30 -103 190 -10 -442 -95 62 -59 629 -540 -40 -284 375 -147 -1 704 274 224 -26 -127 116 -41 27 -326 369 -92 -104 -2 -25 287 511 -7 70 224 284 316 -160 65 -226 -284 -340 -567 280 -64 72 -581 92 -55 426 210 112] 3076.3
[11 217 -100 -231 6 -150 319 159 49 -354 127 99 58 346 82 -56 289 -1 -355 421 -556 -275 23 -389 289 19 242 -365 -187 -88 247 -411 -268 -309 -94 37 257 43 -262 161 91 -423 116 126 -548 435 284 12 591 416 611 562 -351 -142 388 -133 -351 464 706 174 -348 -811 -689 49 -162 128 -82 258 250 -769 -704 -107 500 -170 -192 600 -170 -67 -5 99 -419 -207 246 94 -622 -74 304 -410 -19 215 -288 -169 217 -74 29 388 8 -495 92 177 -5 -503 -132 90 -253] 3273.76
[-444 28 -76 516 -223 -190 416 201 144 578 -236 -22 141 244 -61 537 -403 292 256 49 -413 205 100 -143 6 -174 71 186 -236 -82 -54 52 -322 171 -35 249 -239 -184 -285 -670 -90 547 238 715 326 -215 -109 -326 -36 298 228 316 -264 6 36 -395 106 -218 -115 -56 151 580 49 -50 532 -29 42 192 233 -287 160 387 -510 353 195 302 297 65 518 106 -723 370 138 -521 274 387 336 -239 484 218 -514 275 -692 324 619 -143 -313 254 145 -69 -528 -501 -428 -124 -369] 3262.97
[-148 199 -400 -158 265 211 -156 277 202 43 330 287 258 -81 508 -271 -174 241 -53 -601 -265 -639 -402 237 118 -24 -352 -247 -146 318 -246 -24 -431 -99 417 -236 97 -18 308 4 -284 -226 -178 -104 133 112 -147 -62 165 -91 -273 329 -150 -176 -271 212 -333 283 320 -37 99 91 222 -11 -42 -230 176 -154 -148 381 -238 -31 11 -184 -162 217 -373 -9 493 -634 154 47 249 670 -381 -330 168 243 -593 -263 -214 -481 13 323 -601 26 -288 11 216 -84 240 -208 64 -167 -195] 2778.53
[24 -63 128 351 770 155 -534 241 606 29 147 -347 661 -9 -252 -157 -20 188 -325 -90 544 -1165 -185 -289 437 122 -318 -168 348 -136 -19 152 -37 6 287 -3 412 799 557 148 -115 223 -6 -52 1019 -981 -284 -34 7 -89 -377 -426 255 -429 -37 501 206 60 175 253 -478 334 265 628 38 240 20 44 94 36 -57 209 -371 344 -359 64 7 211 214 -256 1133 -69 740 -566 113 -226 -483 485 -948 -237 515 -18 -211 -90 806 294 100 443 -241 16 382 -201 800 -199 -73] 4025.65
[-324 -232 -533 -116 62 -160 -38 217 201 -373 -120 -339 45 -128 -69 -97 269 414 77 120 93 54 296 38 -375 8 569 353 268 -126 484 -174 -389 -400 188 192 -568 -343 224 517 -250 -405 551 -205 62 -22 310 248 354 287 -182 73 207 66 99 -4 -151 -65 301 49 -115 618 -133 -188 118 678 -108 257 -252 -11 276 -113 241 3 79 -166 -154 247 25 247 32 57 -707 67 47 -399 -197 532 487 -313 181 19 195 -220 187 203 287 56 310 -205 -774 257 293 -115 957] 3049.1
[-806 -330 -586 -124 524 -362 493 -205 -221 279 -359 34 -547 -113 338 286 -101 105 262 -351 -279 -126 -173 -10 -291 -164 -408 207 -367 59 -379 195 -101 81 481 545 -68 -745 247 70 -80 10 46 179 -164 115 -375 -366 18 182 521 551 -136 -287 -438 -466 76 -108 286 311 -186 547 83 -772 55 44 149 340 -90 324 372 372 -110 -49 351 92 640 523 -8 -463 -544 234 -466 27 -23 -72 -253 -179 58 -268 -104 -489 53 271 -9 24 -646 257 395 -21 -418 108 -487 -177 163] 3331.27
[429 -100 -253 554 -17 -287 -180 -603 34 -238 -541 7 -229 537 -224 25 214 -177 378 -222 2 -651 -415 227 291 -147 -411 -282 -145 -669 -155 147 -168 -102 145 63 110 684 -159 -124 640 -198 -582 635 420 109 456 -127 69 49 744 -297 135 -461 255 121 810 -337 43 419 -331 -473 96 -292 484 -384 68 303 -12 130 159 482 -358 -217 546 194 577 -201 -236 141 -276 -524 489 -818 -243 43 -475 -686 541 -267 -343 -125 138 63 373 -224 -550 -523 -145 36 490 -290 -599 109 370] 3736.52
[-144 167 -277 71 52 307 8 -177 11 -500 66 157 119 11 -343 153 87 -299 -409 38 281 422 233 -261 -36 -283 437 329 151 -216 -158 67 235 -139 -234 -262 227 136 143 548 43 -373 -81 -1027 -72 -67 -825 343 276 -691 -281 -343 555 470 95 -249 643 -437 169 594 -285 21 47 -404 -446 615 -131 89 16 502 295 -259 -500 470 248 -398 280 299 -420 498 999 -253 314 17 -183 -390 499 222 79 -44 1250 -333 216 -41 -191 218 911 0 -285 -322 -299 -6 530 -491 500] 3824.45
[-446 283 -252 -15 -214 222 -85 17 427 -171 313 680 -173 82 -754 251 -308 -501 -129 196 -137 -368 27 -71 -334 366 31 98 -273 536 38 -221 -635 468 -317 -378 -87 -183 -124 -279 -54 -33 -171 254 -361 388 -92 -56 261 -180 -269 -117 -512 -190 -717 454 -244 365 -303 -301 451 -675 -274 -76 282 197 -553 -366 759 14 254 -296 367 225 -266 -36 232 217 281 -478 -10 -345 133 688 -875 69 86 -405 -522 -89 152 -753 -203 -223 -233 -28 -551 232 -57 127 49 82 -168 348 143] 3449.8
[-160 -134 -299 354 2 -339 599 -75 106 109 -262 46 193 828 -442 488 351 -106 -305 -321 -232 -294 2 36 362 270 -362 -248 -116 304 -454 100 -102 597 419 80 292 -131 -232 216 340 -188 -452 203 -318 -465 -325 -312 135 -309 -62 -216 -178 343 82 -353 558 -171 -681 437 -331 -433 386 -701 169 -494 92 204 -346 588 1045 579 -650 -149 411 280 572 437 -287 -60 -181 -631 149 80 426 -4 166 -406 342 226 -612 43 -106 154 429 -818 101 -396 309 -84 -24 -526 -254 350 31] 3706.32
[-412 -693 382 232 501 364 314 398 654 -71 -173 -326 115 -393 572 110 105 -126 -42 9 366 339 -274 330 296 123 380 144 64 47 563 286 275 69 89 -385 -358 -137 246 -82 -262 80 55 -74 588 -39 128 -137 242 -235 -441 -4 154 256 -198 -184 -362 -391 -156 66 -427 794 218 -31 20 371 -588 620 -734 -406 395 606 -580 -146 249 200 435 153 49 886 246 203 350 229 739 -280 -322 548 53 -169 -183 549 -224 47 -44 477 580 261 -266 -79 -39 -631 30 -238 -55] 3565.34
[-313 -40 19 -246 348 -175 468 -455 -133 -291 -121 202 -441 -708 217 -189 136 131 -18 126 344 19 -131 412 47 52 53 -112 -81 25 282 106 -172 -321 34 202 -15 -332 193 -175 -71 231 -557 -37 241 -18 -94 3 97 -128 83 486 -93 -322 -606 -92 501 -14 70 291 -59 714 -20 213 342 -161 -215 143 -120 -188 377 167 -408 -236 316 -320 -185 88 -153 49 -294 171 470 -373 -206 -481 -10 207 -250 33 691 -77 -484 467 385 342 -303 165 -120 272 -393 -437 111 -647 -251] 2936.4
[-253 949 -134 225 -27 257 215 623 237 221 -402 -2 229 551 377 -598 -275 -49 597 -54 -607 316 -130 -527 -362 246 33 -242 49 -237 -27 -200 -482 19 -609 29 -399 741 -247 -488 -57 160 142 551 569 507 -136 95 154 87 338 315 -20 407 -175 64 -359 -233 483 -441 399 -297 -766 114 -421 496 -57 122 -485 -144 11 -344 -305 -116 461 -113 35 628 262 -669 -81 -17 247 141 -542 438 566 -355 124 -7 -88 -21 96 541 405 -613 -82 71 67 86 -206 -513 -698 -349 -491] 3715.87
[157 -390 496 378 233 18 602 318 -101 -135 -164 -19 73 -334 459 110 9 175 172 177 108 504 121 418 -103 -134 43 254 103 331 362 583 -504 666 8 -251 -279 -412 184 -320 -213 273 214 131 351 143 -68 354 443 -71 168 257 -666 -22 302 4 167 39 -94 145 250 846 -177 153 260 198 -79 -28 165 -957 152 -134 -344 -3 120 467 404 -123 158 290 -437 507 12 -511 284 -63 86 271 -36 396 152 386 -432 -94 95 103 250 313 -479 65 -557 -141 -226 -297 -45] 3171.38
[-57 564 -22 -847 -319 -354 540 67 -366 -155 3 70 158 597 438 -720 404 169 149 -442 -135 -41 197 -135 309 657 165 -583 96 35 402 -769 -14 -462 227 703 85 334 -443 623 -153 -218 -8 -430 -851 91 -243 -204 162 168 144 271 474 181 124 302 -528 392 -163 -336 167 -635 -257 555 -287 462 678 -225 -604 -221 -296 -144 250 -561 -200 -195 -757 540 -344 -86 -7 -119 -996 657 131 -161 376 -41 -77 179 -456 54 484 549 188 -49 629 -437 570 194 -672 -239 284 556 -628] 4106.61
[26 -184 -38 -247 -280 310 570 638 -53 665 -31 316 463 -377 -245 -76 154 382 -348 -363 -68 524 40 -28 -327 562 -183 -535 -366 -259 716 305 397 -119 -32 -464 -268 114 -204 -12 514 644 -215 -387 492 483 -283 20 51 -150 -433 216 -311 403 257 -747 -378 -567 -247 -92 -37 1017 520 -441 -224 -650 -401 472 -287 78 481 -67 -484 -81 446 -467 -86 -381 16 -483 -308 23 354 365 836 -416 223 -5 289 -259 198 793 -499 248 -294 -364 32 -223 -151 261 -656 -382 115 -160 -416] 3889.11
[-357 822 222 -684 -200 158 193 286 545 -128 458 -108 39 -759 135 -646 292 -466 -392 286 45 51 -244 -552 -1392 -74 19 -703 506 68 622 -441 -304 -297 -665 -412 -364 146 -241 -301 -529 472 -33 75 706 -623 563 128 -372 -548 -254 720 23 217 3 -540 223 -243 305 80 180 353 -60 30 301 407 130 269 140 -812 130 -352 301 -405 -177 149 -676 -787 -127 -318 -505 271 -148 138 -585 -201 953 246 -351 -639 641 18 -407 259 244 447 79 -401 -311 -39 -596 -171 176 -565 -6] 4314.65
[-44 470 196 641 78 604 625 501 -136 -113 425 729 880 254 381 -64 -310 504 -83 -703 98 -23 -72 -177 82 226 24 -142 -356 386 218 168 -530 92 -22 -385 -274 -177 123 -159 103 -353 -27 -800 -357 371 -302 341 818 -281 -607 99 -244 594 381 95 -616 119 111 -113 213 43 583 486 -128 72 -57 -425 371 -270 -537 55 4 246 -103 317 -336 -136 882 460 -207 -65 900 468 -464 -157 920 537 -365 199 615 -54 -189 530 -678 68 309 -112 -180 41 -424 -749 274 -210 -358] 4028.43
[301 115 401 252 -334 384 -442 705 82 319 360 -122 208 -32 303 22 -412 247 506 -374 -119 278 897 290 39 -681 6 454 511 -352 -94 368 -602 489 135 -103 646 567 -263 -343 115 -70 856 199 -310 -485 -312 449 -140 -379 347 -82 -281 589 545 55 358 -331 344 390 94 -151 -454 760 -395 490 -398 737 315 111 -225 -490 291 441 100 31 -34 -629 169 -34 -277 -54 217 -816 -94 687 -91 87 585 5 774 -43 -40 -362 88 -514 -190 766 -407 259 598 49 -21 -342 87] 3998.42
[-93 -149 -95 316 68 -547 18 -380 -29 -390 -510 -434 64 540 169 -18 192 -249 201 760 -8 -1065 -400 -178 -7 -76 4 -401 -62 -185 -344 146 -82 -147 45 311 7 20 -230 919 217 319 -577 -104 16 126 140 182 -367 489 601 270 198 -482 49 39 751 -113 228 161 -357 -264 182 -805 172 -64 1264 34 395 -196 -362 205 -202 -74 303 404 613 -46 -175 158 -455 234 -296 -698 130 176 136 -115 -314 382 -98 -251 -25 14 244 -138 167 -652 -4 -225 -705 -162 -152 34 68] 3634.22
[-605 -422 -179 369 517 404 -254 421 -331 190 62 292 -143 217 660 501 -283 595 -279 -1067 -196 -389 258 99 430 -557 -596 506 172 546 20 245 -494 518 771 -512 -173 -1026 875 -551 -481 -325 296 103 276 -378 93 -371 301 -158 -591 -50 -326 -258 -69 299 -397 20 -750 -96 -101 79 322 -41 -184 702 300 131 597 -533 463 81 24 178 -483 231 83 244 459 647 269 348 -510 46 -510 195 -142 803 -70 -851 -199 -1105 -116 225 -429 1 265 472 284 -40 -166 779 58 417 157] 4366.9
[316 -217 83 100 -225 -6 294 324 386 112 308 -155 482 36 -691 519 369 121 -57 -220 102 -89 373 498 -607 -505 -255 80 422 152 35 142 -650 674 294 -311 207 252 -242 -210 -167 81 -31 95 273 -206 -50 294 74 -544 13 -57 -255 205 374 -158 156 501 549 33 34 192 -490 -124 122 -453 -163 380 -106 -227 -28 54 -74 350 182 281 -115 -42 519 -455 -416 -148 157 -108 130 -14 -168 -195 -418 99 123 447 -481 -276 220 -199 -688 225 -203 511 197 -748 -223 -525 -418] 3222.23
[-294 684 147 -295 -144 -740 328 -230 -431 411 -303 -22 -200 536 276 226 -275 41 -86 -269 130 309 116 -586 -438 -377 -108 236 240 -222 471 141 507 767 363 577 392 119 433 -216 8 21 167 329 229 -167 -339 51 -15 -498 344 241 -285 -370 853 -176 162 279 -345 -197 -227 804 80 -329 -673 352 450 648 1164 -482 253 -117 49 518 -416 -462 509 62 212 -41 -489 -314 -1145 -479 -509 49 -242 124 454 -378 166 -825 491 298 186 750 -60 251 -190 287 -881 233 439 -341 -60] 4189.11
[-536 709 -210 -249 239 214 -66 842 -238 993 414 189 -197 221 266 332 29 573 -762 229 -974 162 808 -366 -177 -761 -283 67 376 -441 42 -122 -96 -62 78 310 220 -730 100 125 43 -37 397 49 -221 -397 -117 -509 26 513 -235 719 -258 204 505 -701 848 -124 579 534 -528 506 -416 -342 -361 301 614 628 -50 -366 47 16 -76 -75 90 654 -509 -331 -422 -278 -324 -15 -91 -166 248 353 1222 -240 106 -284 -400 -53 -168 75 298 -310 540 -191 408 108 -497 -229 -134 -170 -382] 4217.78
[84 -115 -595 -600 -397 -258 -193 -166 -457 -421 401 81 218 -965 -596 244 38 796 -335 -151 -381 771 455 204 -246 -530 -351 255 1 156 -507 412 850 -247 -123 204 583 -660 17 -367 55 -144 66 -252 360 -208 302 -40 139 363 261 281 -202 -132 955 -661 -105 398 590 1036 -4 -100 -230 395 -52 -319 185 -640 125 100 -159 -210 308 396 -20 161 -599 -918 235 -496 608 387 -423 315 -301 -290 324 279 638 -138 361 -124 147 92 124 -406 -91 -166 -131 52 276 376 328 -245 -47] 4017.06
[-857 -447 601 -53 725 177 132 330 424 -226 -125 -478 -143 -134 700 -227 -604 -366 21 -559 46 -132 -708 -780 -499 547 -247 -298 -230 73 177 1 138 -77 18 -120 175 -209 405 -216 -802 212 842 -18 -77 -485 -355 -148 503 135 158 791 359 -231 -211 -903 -676 263 -452 -438 -76 200 687 -399 -424 429 -101 -29 -878 67 -122 264 -618 -479 -695 385 686 414 -205 4 87 685 255 415 683 -539 241 -4 -176 -177 -213 -47 53 12 32 644 568 -305 -232 -1078 -502 -180 86 13 356] 4325.38
[470 406 -199 -39 88 -171 642 241 -832 -97 183 307 381 -774 561 -11 155 481 -207 206 416 870 -135 541 492 426 438 476 -168 292 364 461 -13 383 -278 446 -577 -524 238 -364 190 -584 468 885 445 -235 699 -223 649 439 -283 346 -631 527 -128 585 -288 316 168 -451 436 1235 -152 365 -12 194 -470 -216 -395 -374 467 346 -65 268 421 -55 106 -91 285 475 55 583 -439 73 -607 123 -268 32 324 317 -289 505 59 473 -68 440 -106 10 -260 -103 -426 -467 -183 -628 -195] 4203.94
[-33 -351 -168 -244 367 535 -618 -31 1111 174 318 19 -554 -348 388 98 -303 -408 57 -469 -249 -79 -268 371 245 -906 -45 -192 825 -322 158 -313 -304 -560 586 216 226 515 -487 508 -511 212 120 -879 602 -493 -261 -45 -527 -439 220 -169 339 84 529 -681 413 -744 -36 1056 -987 -62 801 659 985 181 355 127 -14 348 159 -103 -292 -282 -368 536 -593 -545 -87 672 -242 137 -333 -401 958 -337 253 380 240 -311 -416 171 -533 -432 -276 421 361 418 166 -144 -117 232 -375 338 -167] 4539.91
[113 -112 -80 245 323 -448 -591 -450 -524 246 -248 -177 63 45 589 -342 116 -138 180 -236 341 -672 -73 -426 -307 -241 -669 -328 268 -244 -312 502 78 302 265 230 236 -239 112 -285 451 -320 142 238 771 -686 483 -642 -46 553 613 412 -155 -830 648 -345 -251 -246 56 239 -907 138 1108 -258 -58 617 828 368 -59 73 313 311 -140 -47 190 206 408 -430 -182 -518 332 -300 -1020 -454 68 -433 -784 -7 -380 -496 -158 -400 255 52 475 -25 -511 -145 -53 134 339 370 -248 71 360] 4109.79
[-157 373 -101 -553 -534 -266 -81 -331 -667 -259 -91 215 -82 -387 499 -783 -330 700 155 -168 -633 214 -713 -84 -397 -275 725 -581 -439 124 -115 548 280 -736 189 148 -185 -59 -97 -107 43 -107 -196 71 -421 1092 -234 406 235 204 684 686 279 -238 276 -44 -373 332 383 351 24 -251 -293 -190 -423 -708 64 -405 403 237 -544 -241 3 -632 -202 69 -459 -19 401 -260 -727 43 187 435 -394 -833 -28 523 225 -440 -306 -208 -130 816 -496 -397 -257 -771 333 -395 -363 -49 336 -726 -130] 4179.99
[599 -187 632 -171 -372 275 -544 -137 -205 -314 52 -138 -49 -374 105 -750 551 -1208 464 176 467 -232 335 -81 -487 74 468 -90 -204 -200 954 -475 -340 -458 -477 -478 -179 1453 -133 256 -367 232 289 462 246 336 -115 111 -358 -142 -196 -634 433 -789 235 214 181 -317 -86 -737 463 252 -284 229 319 249 -294 519 -415 -476 -606 -275 -96 -484 -178 -298 -35 -85 -524 111 111 -17 -21 -452 222 218 -228 -19 -328 -535 102 -222 -118 -336 626 842 337 -63 -66 441 -220 -223 398 -440 793] 4250.49
[-1109 130 -748 93 -166 153 -629 -415 889 60 -151 -190 -720 -13 446 -395 -520 -123 556 -79 165 -535 -154 772 -328 -564 104 -77 112 -67 9 -530 -445 -721 214 367 -248 -470 265 196 -682 -150 -142 76 -318 -699 477 417 61 -20 -45 -106 282 -78 -924 135 393 22 277 33 -1 580 306 -254 182 -100 5 -213 -251 803 152 126 170 -316 338 105 359 -212 36 11 -461 -213 -716 155 161 -490 -236 56 374 -516 -299 -6 103 -137 -205 -232 -642 209 458 -450 -152 463 -94 467 696] 3968.97
[-239 -201 -197 668 611 -313 -403 -342 -292 -184 28 -431 -706 64 -406 119 -348 -74 182 124 -435 -531 -68 -264 500 -197 -369 -250 -768 226 -448 -28 345 151 534 372 13 -955 43 -205 -247 -36 111 -109 127 -9 455 -91 -464 431 794 -52 -184 -913 296 -787 365 635 270 280 -384 -480 814 -803 158 -265 200 -305 386 470 124 75 -21 984 82 41 647 -524 171 -247 -665 -116 6 -363 -226 -95 119 -680 776 319 -297 -420 20 -193 -112 -91 109 -120 -335 166 102 644 -770 570 485] 4179.35
[280 47 340 533 -847 -690 -268 82 -161 254 -432 -447 560 36 -453 19 -258 563 -338 -67 410 69 359 -175 -269 -537 127 318 -184 -14 663 448 392 -167 -91 -355 -118 -44 319 -391 -41 48 114 478 503 -267 194 126 -359 581 -264 -251 81 112 674 129 -102 -274 -365 -482 -570 326 288 -12 -475 -270 -319 323 587 -549 -33 20 49 259 190 -342 -82 -249 508 842 320 -46 273 -238 -73 296 -184 98 591 198 254 102 -331 -91 407 -163 329 -46 6 155 -239 -341 640 1 -902] 3617.69
[320 762 -3 -765 287 548 -734 -420 422 -330 -62 -44 90 739 304 1045 153 241 -260 106 -430 86 -543 676 540 383 265 112 807 -494 -1132 -543 665 -718 -60 698 74 932 412 -521 58 190 -194 -593 -110 -514 -399 0 350 -167 -547 399 70 453 -189 118 -219 176 399 74 -217 -196 105 564 -44 417 287 -245 7 -338 -738 -376 113 110 -717 -631 -710 334 479 -50 1649 681 213 -452 -101 -113 852 518 -392 -280 602 -190 -50 250 -627 63 -145 924 86 188 -122 326 203 -16 -148] 4816.36
[-164 -87 -390 153 598 -331 134 29 471 -501 338 -554 -519 -16 -466 651 -159 656 -165 -70 15 -628 18 439 297 -41 210 51 -190 -446 345 129 -633 -41 459 545 -932 -1187 -13 661 149 -27 284 280 -550 -134 395 -115 -14 -205 698 226 -284 -670 -151 512 881 582 244 458 -225 -163 -341 162 1017 738 -229 155 555 -30 137 123 604 139 -256 -36 36 -135 697 295 -888 401 -187 -896 -320 24 170 284 569 -71 -342 -102 -175 -393 105 160 98 209 -261 154 -350 366 519 173 642] 4267.39
[414 377 -134 -55 338 185 -469 25 753 -168 23 10 -351 -102 45 -350 755 -699 513 66 -40 -673 -1012 -145 -244 193 76 55 -51 -21 -603 506 -261 -520 -285 -29 -367 726 849 26 72 -361 807 -92 -326 -259 -122 -92 -246 516 -122 -102 -200 -172 221 443 -135 583 656 132 -234 -326 30 -354 -15 718 -457 155 -255 -426 378 104 357 -395 -34 451 555 -175 -68 -630 552 -311 580 297 -259 34 -460 -361 -360 -531 73 209 -170 -537 369 127 400 98 -53 -566 148 266 -174 530 1003] 4014.13
[167 -319 -675 -364 751 328 -74 428 9 -583 -107 592 -359 -374 -7 384 153 -658 280 -698 -465 857 440 -256 -93 -283 -742 480 -481 120 -195 -260 -384 302 109 -460 -136 33 421 363 -677 58 -156 -694 347 1033 -365 -162 287 -240 110 -65 -652 -422 -285 -423 -744 -645 -470 -339 143 918 206 116 147 -135 -530 112 53 863 278 201 42 -271 159 289 313 -117 -346 -354 350 -271 312 532 -207 158 333 -458 710 -109 681 -1376 205 -360 -620 884 -221 506 -671 393 46 38 -625 -114 164] 4555.96
[384 -340 -406 -376 -64 436 -552 552 -16 694 -44 681 -379 -166 147 -217 -432 468 -170 -1072 35 -114 228 310 -310 -217 -1047 289 310 -301 417 -124 117 -839 221 -405 361 146 534 286 54 -496 230 -586 -67 17 74 -238 -155 -23 -470 -62 -343 527 165 -210 -125 -430 87 7 -280 355 475 63 121 -334 -72 -232 67 187 -562 -494 726 -640 165 383 -479 -118 -349 -181 269 -68 13 616 459 -77 94 -20 -485 -1105 43 -87 68 -521 -1037 -58 139 544 325 -560 644 455 -180 63 -66] 4088.71
[912 -814 835 374 96 -479 -60 87 -119 697 -82 -701 -15 -173 -310 -65 332 -189 375 -236 357 441 -195 -221 -398 -350 -107 694 750 303 -167 723 170 306 318 -687 -304 57 205 634 64 335 456 -63 -101 -128 660 143 -576 -615 213 -262 223 305 251 100 84 168 -124 93 353 261 -518 -404 -770 182 -339 57 -366 137 -331 530 281 -27 84 392 235 205 -280 417 -163 99 -48 280 511 843 -827 11 -251 31 -46 269 230 102 -162 -18 -180 496 97 -67 1260 837 334 10 202] 4101.31
[-102 374 -585 22 -70 -155 16 147 235 -466 231 258 237 410 285 -316 -148 -306 -7 673 -121 -51 -340 -236 396 -314 700 205 -126 -125 -225 277 -482 -307 -506 -327 -81 359 -89 -177 -31 -599 -272 719 -162 -252 334 339 352 -501 327 -56 184 99 -462 479 -41 -247 511 -542 412 -50 -801 -227 -112 468 -385 -95 -283 277 561 -139 -72 -15 44 -21 484 338 462 950 10 -707 -54 250 -687 -288 -32 137 375 198 -392 -384 -222 272 105 329 113 -337 -92 -715 -8 -510 743 -41 -37] 3647.9
[-446 -335 -904 -6 -319 783 -697 217 721 9 -296 238 -210 -92 -618 272 -212 -72 433 -446 343 -769 181 -89 -220 -8 886 674 197 15 747 327 -159 -519 347 -297 -281 109 401 550 -253 649 119 360 303 777 360 -476 -201 -94 47 -449 325 -388 -118 362 685 -342 -388 13 -301 394 109 -578 467 709 -565 237 649 -445 76 731 -202 388 446 232 664 116 -439 987 -224 78 -308 -45 16 -297 -802 7 366 -1385 466 -180 -413 140 -35 812 180 374 443 -282 -348 -406 105 -407 734] 4610.35
[-637 20 -337 -317 291 -425 56 28 -737 -252 -363 -110 -1 -99 364 -446 14 681 106 -1067 -89 -430 138 2 -752 108 -630 -650 -512 -271 630 191 6 -52 102 -117 -433 -471 -42 -212 33 -113 -516 274 -682 -228 308 -183 -468 -890 -400 -61 811 -497 -57 174 508 -411 26 -49 58 -672 -74 50 202 -131 252 653 -177 317 613 300 128 -630 349 -758 -265 241 -72 -48 -350 -292 -178 223 -160 -165 -21 267 -1 -1005 417 -384 380 411 325 -584 29 -345 785 1202 -173 -202 477 -493 368] 4267.97
[-219 -590 -666 248 -9 377 -115 73 -541 365 -69 -58 33 -171 -139 404 -370 170 -200 -15 -137 -416 588 303 585 -6 244 589 -752 224 650 -347 -41 13 144 -331 359 -728 -22 -1003 220 -57 97 1350 467 463 513 -784 303 54 402 -475 18 -180 -68 374 930 -580 319 458 -5 -129 -439 -62 357 254 -561 -88 -13 -722 -316 -286 416 731 102 -52 313 20 150 35 361 348 146 -392 -725 -76 -11 -521 418 -843 -232 -878 271 -476 -119 447 42 386 730 309 355 186 -320 -153 867] 4377.09
[-170 698 545 401 296 850 191 362 -251 224 393 231 570 -386 -62 -210 -575 -64 -217 26 502 199 32 -584 -364 -439 52 333 18 -94 218 285 394 -31 450 294 395 614 177 383 -190 -783 284 -367 610 199 -447 124 164 -279 590 -723 425 509 698 168 -447 -49 161 426 225 653 -131 71 -207 -97 -54 105 72 -197 -939 -31 -733 842 97 304 221 212 7 334 100 24 -406 -223 -382 -392 382 477 -878 74 557 147 494 1127 -544 714 -231 609 -250 337 -175 -333 -7 -1372 -776] 4469.17
[771 852 232 -347 -250 21 20 -380 152 230 -117 486 -497 13 433 -582 -382 -165 -256 337 300 -207 -548 -495 972 -364 -5 -435 -80 -348 158 26 645 295 -288 865 516 198 -259 -384 661 -421 287 501 295 73 -515 -408 -75 511 936 -473 -418 341 310 610 394 -108 -358 571 -165 -229 -272 903 -504 224 118 -41 730 154 162 -375 367 -10 -308 -472 236 -391 -102 -336 349 -87 -161 -429 -656 53 -34 -247 -258 87 -476 78 664 -5 -52 -16 308 -207 -424 54 785 603 193 414 -797] 4224.98
[-729 280 -502 111 -196 317 -684 -232 206 465 7 158 124 451 -558 -169 29 387 -559 68 -291 -338 612 414 -502 323 749 47 571 -45 -45 -421 166 -654 -31 207 -227 -467 -295 -129 259 118 26 -279 -465 -195 -38 -239 368 38 -15 -572 -274 225 -189 728 46 223 919 714 11 -376 -19 151 276 751 50 -697 99 -407 -335 -362 413 55 261 15 83 319 -230 -849 1011 -1 -972 -47 -184 -399 -138 90 -291 -616 -4 -402 106 246 60 -280 -256 868 716 396 44 1139 430 126 465] 4234.72
[130 -492 1 438 136 1145 -126 36 231 534 -143 151 67 -44 -158 147 -179 -222 82 -854 -37 -681 499 -502 -316 -266 63 210 -66 -91 132 225 -841 190 -252 -507 58 6 -544 154 -463 12 517 53 -400 715 487 -386 -287 128 360 -34 31 88 -175 713 515 615 610 -769 398 -1040 -25 -456 340 180 203 -73 -605 357 -862 567 233 226 419 126 200 87 -1087 -731 -1013 47 -143 2 -450 104 -634 -729 -1093 -41 163 -229 -172 -260 -240 525 -1031 61 -114 67 1010 -21 -586 -508 236] 4642.5
[-200 -618 128 376 161 163 -423 88 30 -282 -328 -195 -11 -230 79 -527 78 -31 327 1004 196 25 562 -507 -165 101 552 -13 695 -11 69 -89 141 -90 -405 -312 150 504 438 682 238 561 -60 194 1275 -5 422 436 -666 237 78 -374 185 149 -486 153 542 -566 80 92 150 170 173 -337 293 267 108 -13 185 -695 303 -512 -270 74 286 146 446 464 -788 -18 756 235 -405 -849 -338 478 -624 489 67 -30 785 138 474 393 580 69 218 134 -262 -436 193 442 22 -262 570] 4052.23
[481 509 -465 -139 623 258 657 107 -102 -57 -63 -604 476 -244 445 -92 471 386 529 -165 -337 542 -182 5 -236 107 -119 234 204 160 438 209 -108 257 70 349 -400 -31 661 313 -95 -307 340 -666 646 209 -405 73 723 -15 603 291 44 576 738 305 -82 -51 263 167 -157 -25 -374 1081 -436 -50 207 270 283 -1100 -572 -309 51 -114 254 493 -591 321 259 533 618 151 -133 -309 -98 -52 1229 481 -94 -15 544 475 675 -71 119 129 862 226 573 212 -248 -616 -94 -415 -290] 4236.41
[451 -173 171 289 -940 -538 -387 -57 -160 336 -432 -153 166 -52 -618 278 -336 74 330 506 721 -69 723 -88 -44 -54 664 232 212 -5 419 -555 259 -392 167 -221 735 765 -123 465 115 151 -48 -632 253 -806 283 44 -608 65 -770 -63 801 21 -433 -133 165 -555 -339 613 -652 481 341 -129 129 165 190 -178 511 308 461 -370 22 765 -30 -499 -427 -153 -233 36 16 -244 632 421 -185 -77 -647 147 179 -516 425 -275 -367 -121 711 -301 117 -62 143 -273 -70 154 -70 -847 1297] 4274.83
[335 213 495 -33 2 392 256 155 341 244 -197 -228 -414 -4 -463 44 -470 90 203 3 15 1397 737 -833 -536 -444 -190 442 539 -237 -254 20 359 806 -973 -343 -95 339 62 186 -72 871 728 -352 248 514 -467 -21 -885 -409 -343 -142 294 -383 -349 -637 204 -653 317 -235 -170 116 -551 100 -125 491 -510 -270 274 -119 680 150 -393 139 125 -399 -170 683 -175 132 270 438 -384 113 282 601 -482 -68 589 181 451 632 -122 8 706 -84 44 347 -31 -624 1287 -160 -309 -874 -472] 4541.15
[490 88 49 -149 -261 -284 113 -73 244 275 -276 -567 229 -249 -119 -72 -16 -297 434 921 -407 538 -762 256 663 428 -214 -160 160 3 117 1282 833 346 -602 141 -287 372 -292 212 435 631 -23 966 374 -115 14 -328 -217 961 478 -123 -151 -559 -15 642 193 -205 -625 140 -116 -500 -198 585 768 148 -207 -320 -256 -685 551 317 -48 -263 -73 28 36 -402 -206 317 73 564 357 -319 739 306 -110 -63 185 141 -529 890 -470 -338 714 -301 749 257 -697 -523 -17 -235 -105 420 -827] 4449.37
[-295 -625 -205 -10 78 -559 -121 7 -73 -764 76 -76 290 889 -618 -10 -493 126 166 -262 206 -958 274 348 78 442 -115 -46 -480 -102 22 83 68 -144 663 307 780 9 -197 89 -239 -10 -873 -595 -1047 123 -98 356 -259 82 84 -276 259 24 -595 555 -268 -16 36 8 138 -960 344 393 -185 -508 159 -643 82 224 -634 -313 987 131 -75 331 230 300 219 133 -9 -612 71 397 -446 -262 -483 -156 -411 298 179 -1050 106 -880 -337 98 -500 183 -189 643 -28 30 392 367 185] 4185.56
[110 190 -1178 68 -31 39 306 -334 137 431 -116 -256 -608 216 231 -29 304 214 462 -18 -382 -29 158 -409 64 -581 -277 55 217 -586 -558 283 -92 -321 -22 86 -690 -580 46 -497 -299 595 -168 936 343 -938 -273 39 -418 -300 -108 -170 -194 -239 -23 399 -692 -156 -307 -1124 759 1079 578 -34 242 -802 175 286 200 111 28 -259 -89 48 425 23 -99 9 386 103 -877 -320 -980 -816 532 -338 397 612 413 -137 -945 671 -483 185 353 37 -550 -341 514 -362 -350 382 570 450 51] 4544.89
[53 -192 -439 331 49 -111 352 -462 -475 -43 -14 396 128 -395 -57 176 12 641 248 -261 -606 447 789 0 536 -618 -657 -735 -366 -196 92 -686 -361 436 170 -192 129 -7 -302 -495 106 15 -409 -435 383 -17 -370 -191 339 -328 -11 -310 202 -885 -58 -553 126 -331 -408 884 -267 -610 -101 656 491 -806 173 -104 362 126 443 -387 -78 86 -240 115 -594 -185 235 -282 366 -162 307 -688 -292 26 35 34 706 366 148 -245 387 401 656 -618 -404 -90 115 602 869 267 -150 369 73] 4045.45
[665 -274 364 438 34 689 -637 691 182 -823 515 -164 144 -19 -812 978 -14 529 214 -124 318 362 135 602 -169 286 602 255 -540 -342 554 713 489 -237 36 -242 -686 148 647 71 -77 -129 197 -575 207 263 -60 -135 -11 262 -108 -900 663 94 -98 50 -66 -156 -105 -59 -75 747 126 -258 717 146 -649 -114 -231 -160 328 560 -97 247 59 -363 362 -153 461 854 523 634 327 -372 159 -165 19 544 796 -161 194 690 -345 -437 -215 368 248 258 -578 -165 80 -977 633 -341 335] 4379.38
[127 -469 -674 604 129 324 -635 -1 245 -145 96 -299 193 113 355 -491 577 -589 382 180 68 -313 1 -190 158 -199 -115 -434 361 -330 -577 27 129 -886 -91 -1009 236 819 101 381 -7 493 223 -907 425 -397 -673 606 -621 200 -343 -410 106 -363 -359 -71 -297 -77 401 -39 -150 156 596 -156 36 344 889 -407 -243 527 -551 -59 -101 -191 409 -37 376 -368 -22 -957 358 427 487 -309 729 -49 8 327 -529 -71 -33 380 -516 -869 362 -283 619 178 -390 -1105 400 264 370 13 711] 4404.84
[-811 183 -83 276 -450 -32 506 6 -24 738 1100 -112 -63 154 -645 5 -23 333 -416 -237 -67 309 676 148 85 -314 -46 264 -532 395 -264 464 -387 688 317 343 44 -1216 -147 -34 -165 -528 776 -117 -947 176 -1102 -472 -586 -305 677 -809 -130 -24 83 277 -96 1193 622 24 478 165 -527 12 390 -96 -93 -7 175 213 -392 -32 12 1069 799 487 221 191 99 -474 -981 -701 -268 70 45 -290 -6 -658 -500 528 -549 997 -207 -433 98 114 371 -75 -534 -471 507 -238 45 -142 -8] 4770.09
[-177 -181 -525 -493 598 -493 -139 -194 -727 483 79 -175 -335 -163 402 -279 1 1004 -123 -30 -670 406 920 -307 -122 -185 -483 229 29 97 -284 236 388 427 -177 269 61 -1447 382 -117 -204 204 121 523 -536 -217 258 181 -644 134 -865 -166 -142 -485 -94 -23 462 -170 569 122 2 681 -57 334 387 -836 189 -571 292 191 21 57 797 -132 0 142 -629 -20 -415 74 -150 184 -230 485 140 -238 -23 -49 -355 -286 -640 -384 -56 -115 83 -65 213 -187 616 341 95 469 386 -173 -122] 4050.44
[-304 195 231 407 -504 -32 308 -101 -940 -315 165 190 -194 464 326 650 -184 -585 8 -322 -118 28 615 -248 367 -229 -293 359 -821 184 -496 -769 191 191 -378 363 464 -145 -193 43 101 28 173 283 -1421 100 -659 133 104 130 855 -27 -426 25 491 -611 255 231 246 -306 303 -382 -54 -422 116 252 313 -451 416 -57 -460 -3 314 272 -50 -31 621 -208 83 274 -629 138 -561 -463 118 489 452 -496 615 664 264 -837 -27 -85 -286 291 70 332 71 -170 -583 -7 -152 407 -401] 4073.57
[115 351 3 912 -114 793 170 -165 -584 265 -283 97 120 204 319 -689 -330 140 -410 -605 242 -868 167 -138 -403 -424 -1026 -489 -267 -379 -419 -134 65 -199 -71 -558 -39 -130 515 -356 -86 325 -566 438 341 -445 211 503 -168 -70 -6 16 -110 264 -259 -387 185 265 -470 -892 136 119 963 -692 -548 -995 315 113 -184 -60 -279 -277 -800 -306 527 -369 119 169 -121 -419 -481 -543 152 -314 -295 -327 416 -125 -562 -235 134 34 -655 812 -435 -1325 -1447 -441 160 -112 6 246 -257 -277 -716] 4662
[1136 341 -319 -849 456 -246 373 715 473 -870 -45 630 298 294 -184 -27 111 3 538 -1068 -446 -201 -657 -790 -357 -9 -328 -293 63 -635 -22 -330 -1107 -211 140 118 -628 762 285 6 -442 -530 96 -373 185 543 -65 202 463 -510 780 266 -293 439 -141 551 -305 -322 653 -90 1 -151 -252 0 -47 31 31 -90 682 732 -19 -603 549 -274 -294 -234 -143 408 150 -345 83 -184 1012 -79 -940 -274 500 -253 369 -274 448 -611 200 140 -374 349 45 68 -356 -45 -22 203 -690 -951 133] 4625.27
[-166 -288 -559 378 521 105 241 293 271 -325 128 -115 618 486 184 745 634 -241 -371 -361 -410 -790 -364 -561 907 254 -211 -68 -342 -551 -498 -197 -272 -64 408 -131 -98 175 932 402 -282 -248 -10 277 251 -1337 -311 -230 149 -84 -383 -170 200 19 -919 81 -785 -513 -25 -30 -182 364 348 -658 117 -325 -307 692 -414 -67 556 461 -296 -241 -87 718 422 665 77 504 438 216 412 -1077 -32 14 -352 596 188 -139 -161 -29 131 103 643 809 -31 213 -25 -268 212 -273 228 -573 89] 4365.47
[-444 -208 -449 -249 -317 -923 335 400 -276 -105 159 -742 529 -73 -712 169 192 328 -99 26 -98 238 -671 -333 577 -283 -51 -246 -301 248 -73 532 1096 -145 570 -114 132 31 -19 73 -355 -599 18 -271 -118 -510 5 -241 -255 72 -255 -168 252 333 300 -898 -626 637 225 -46 477 800 494 -569 105 -308 -241 519 -423 11 187 1044 362 232 14 316 -43 -302 417 -247 -357 -255 -284 580 336 -110 -249 460 -247 -333 -655 712 427 359 31 721 978 -141 -719 -811 363 -712 731 -80 -169] 4423.05
[253 -263 198 -787 493 -292 2 51 -369 -634 165 589 -673 -219 -187 82 -85 36 -555 309 -86 -486 478 432 -325 -271 -103 4 -794 -8 63 40 -205 449 333 820 91 -1200 -87 241 236 -391 252 -110 -1234 803 210 -597 131 601 47 -195 -515 -233 459 529 540 540 -12 -229 -31 -443 -46 -38 -53 -841 95 442 -75 755 -195 202 593 -482 -358 -61 0 -178 -94 -663 -328 -399 217 73 338 324 -11 -525 392 222 -202 -707 501 -772 -255 43 -326 -342 64 843 -292 -212 -487 -78 78] 4299.58
[599 305 143 -11 171 125 -192 -101 -434 -70 -32 -596 77 297 130 -1430 -353 -154 -92 -341 292 -218 -833 -608 6 361 -283 -990 -411 -305 53 -35 2 -624 336 11 41 290 306 391 -568 197 -104 -400 219 -711 -486 153 -946 -988 137 -160 633 -467 -30 337 -513 -329 -1144 -571 394 468 227 -182 24 -366 -42 162 -74 369 136 -446 -160 28 -420 -151 196 321 -286 -638 147 -180 -99 -481 252 -142 28 -35 -67 -305 -288 306 -248 644 23 -388 342 85 -314 -426 216 361 655 380 -242] 4166.83
[114 823 -189 282 -150 -575 -381 1192 187 229 -213 122 570 38 -287 174 -875 553 -44 -671 -16 -308 260 -947 -601 521 473 -45 -286 -450 1145 -333 429 -574 28 518 370 37 2 131 -154 -406 893 -288 -883 -190 334 -411 407 688 -167 156 -30 319 424 -602 -208 185 714 218 -139 -321 667 -77 -77 439 -62 16 128 251 -5 551 590 91 -348 -192 149 -435 -40 -448 -47 413 113 539 -373 -91 -101 -672 324 -5 -207 309 661 -257 264 667 101 -188 275 -73 114 -337 379 -418 175] 4309.12
[218 -106 -59 -108 134 1216 -569 -407 -649 -761 227 264 -677 -185 -464 -297 478 -252 -400 215 586 -218 262 27 -83 221 -24 226 437 57 108 715 632 -233 -72 -412 380 -694 540 49 -69 -208 -28 -571 69 453 144 765 281 -611 -299 -194 -204 -736 454 742 161 951 -7 -529 -35 -103 -746 -516 -642 597 395 -252 736 -476 -199 -207 44 239 -167 -399 262 -107 -495 -242 25 193 -272 -272 139 -383 -555 405 -585 -631 524 185 -191 -41 -319 -630 434 479 -383 -158 -36 356 596 89 223] 4298.03
[-686 -671 -822 -112 160 93 126 -53 372 415 201 489 -68 125 -553 746 160 157 -703 171 289 -326 313 121 282 -636 -121 659 1054 508 129 35 -470 361 121 -5 -203 -663 -59 282 -61 164 -223 285 -65 295 72 -712 167 -57 -468 533 -398 -443 -202 450 967 -103 -87 1037 -329 549 -231 -6 1120 808 -359 -518 17 -1 391 563 -53 315 288 381 -117 600 -502 700 463 -183 -17 683 -210 -159 195 -88 -327 -284 170 -1005 -815 -204 43 -284 -1006 497 821 372 175 526 -162 482 380] 4636.37
[373 -49 130 -1066 -768 -480 156 -83 -588 -607 -5 -203 80 390 -354 169 316 -426 129 958 -165 929 -118 552 246 445 138 -916 -402 23 117 359 535 386 18 -173 83 345 -1258 0 239 191 -495 -561 26 590 -358 -262 -343 -873 100 51 463 -71 447 -657 410 -540 -95 83 651 -449 257 -590 357 -209 260 -94 -132 161 -11 -470 -59 7 -88 132 415 -669 -568 293 136 222 -848 480 522 -110 694 -305 471 220 257 572 155 -241 -931 -831 609 -818 -538 -105 -393 -243 183 883 49] 4670.03
[-348 -231 628 1032 -268 -257 454 118 277 -454 83 -535 490 -301 -199 -411 -146 -336 -624 -83 494 134 187 -654 -254 -219 12 118 55 276 -136 -238 -377 577 -586 309 -367 414 -241 -126 -623 -810 220 414 -106 -123 263 580 313 188 153 556 223 47 -140 -190 422 -208 199 884 204 -490 -534 -268 -38 -36 -663 247 -948 -181 310 -358 -279 -276 587 250 164 242 -504 426 -631 -301 -151 33 -489 -179 -242 156 504 239 61 -19 40 70 998 -456 -699 -504 37 -152 402 -288 -96 62 777] 4080.37
[-311 301 293 -549 -611 88 -650 -638 -187 -220 -219 -510 -1083 127 -329 -520 68 -202 433 59 783 660 -105 874 -174 -228 364 63 287 -913 440 91 134 -861 -80 -342 -806 -158 226 703 158 -182 -81 -714 318 -119 146 308 -10 -295 -236 -528 786 303 -541 481 -130 143 -456 -526 -250 -140 -434 296 -419 534 51 87 18 280 -36 149 54 -713 399 21 -780 46 -235 630 268 -66 67 139 164 73 -806 172 -212 -814 151 -324 -81 -585 -380 -182 321 -295 -655 -561 -496 412 -50 -291 165] 4304.44
[276 -18 598 331 -7 -455 344 -900 208 944 -431 -799 -197 -11 132 -88 -176 406 390 -229 424 213 -312 -159 -236 79 -214 541 305 -371 -290 567 34 -83 -477 611 -289 -275 590 441 345 266 416 108 -861 -370 789 203 -160 -377 282 493 312 -410 669 777 415 419 499 187 516 533 -554 431 463 -306 -130 -168 -484 -156 -252 893 -145 146 393 500 -480 285 -529 608 -394 -611 296 42 304 -241 -422 -70 -570 136 -137 852 48 389 738 -198 -1134 -20 94 -185 722 454 -85 25 496] 4468.07
[128 590 396 401 -476 107 139 264 -208 677 13 137 -22 664 220 655 -629 303 -51 19 -203 304 587 -414 283 -568 104 855 174 -866 -356 -89 798 9 -90 773 -121 273 92 11 45 -86 550 -266 -302 609 -201 -843 -518 152 -354 -605 112 216 467 -210 872 -222 698 476 -103 1073 178 95 619 91 407 -276 -34 -252 -299 604 -122 274 52 288 -3 209 -492 235 -127 18 -301 -344 -341 493 28 -179 735 321 -596 -348 305 238 123 407 -441 534 268 -327 211 69 -431 -485 16] 4156.86
[-582 -246 -215 -245 -167 -714 201 496 -149 87 -372 -115 206 438 1107 296 -175 234 -20 -108 -205 -413 273 -528 642 -734 434 -370 -406 3 -428 -302 194 -900 -61 -44 -246 -431 -531 -265 -311 -127 1 -100 -813 1 -157 -596 -533 448 -70 149 109 158 -277 -720 152 -412 806 782 -828 -379 454 375 186 515 -29 52 -384 23 -4 237 293 -435 -121 -121 -199 3 303 299 386 169 586 -243 -873 60 696 321 207 -65 -64 -567 -450 -146 397 334 830 -31 631 343 -7 271 341 -568 333] 4181.73
[796 -349 -476 264 -197 110 -459 215 143 -6 110 361 124 -248 -739 -425 -90 -662 -239 -381 765 61 -397 -590 -11 234 -553 376 88 -473 -193 326 194 -382 -562 -60 66 486 411 1166 248 15 -74 125 572 759 -43 615 -1229 -349 -210 -442 128 -49 150 599 130 -29 260 -409 162 987 23 -363 40 -225 -50 -840 228 750 75 87 -64 601 417 -513 167 -207 -431 -854 205 -244 -123 201 261 114 -323 -575 -196 311 174 -33 373 -577 -34 72 -222 -150 -16 283 -48 390 -188 -171 -400] 4155.36
[338 390 476 343 -614 416 318 -449 -270 -167 -169 -166 -498 459 244 -56 482 -339 -229 -769 216 -120 -326 553 463 -4 -170 -741 -409 667 325 -735 98 -246 99 -109 250 324 130 -958 -171 -136 -284 864 201 -35 -450 -227 -493 -502 584 -310 -728 503 507 -178 917 -337 -1181 103 -133 108 750 185 106 -196 -575 514 338 -511 564 -97 -478 -552 308 -170 140 174 80 269 135 120 14 -1053 -139 -294 802 242 668 -423 -277 -99 -207 229 238 -57 197 262 496 330 -286 -84 131 460 -547] 4363.33
[-430 172 539 -920 456 140 490 334 338 158 298 -15 -992 -568 718 -685 369 -559 -234 -271 278 121 569 121 -33 -36 -579 -602 -222 495 498 19 249 326 138 566 -132 -431 178 5 -513 -86 645 -437 -402 195 -102 -1026 -843 407 80 238 -615 -428 -19 204 -292 86 -23 -191 -1066 62 368 471 -361 713 141 470 -343 -582 628 372 127 -531 107 79 -109 4 95 336 157 -137 -597 646 190 -24 121 -344 -101 -395 15 70 -244 -329 125 88 770 143 -586 130 165 -376 -280 594 -744] 4306.67
[326 116 1462 217 648 143 193 258 684 46 -409 -370 428 248 1082 63 -250 -205 312 -184 151 -158 -291 -456 -788 -58 476 653 -197 122 -454 142 327 -32 -154 -250 134 266 678 -2 75 -468 491 -281 -19 -67 -141 119 408 598 452 -203 267 1032 -232 -274 -492 -867 467 94 -901 -34 -30 378 -242 193 -18 264 -412 -798 -602 100 41 -668 -241 479 533 100 75 11 556 395 333 6 -90 483 572 827 625 -16 208 -138 651 499 272 347 1067 -158 -137 12 340 -435 89 -702 -432] 4518.55
[-65 307 -318 222 -643 469 709 -96 -547 574 -20 191 381 48 -410 411 -200 -346 -307 -370 557 876 527 -442 -748 -514 -204 161 -362 716 177 88 751 510 106 -339 -37 -1077 473 -535 -521 345 -515 674 -332 -129 -26 -154 -40 -652 -176 -403 -186 915 -450 204 -103 -134 -203 -505 567 349 90 -388 -122 -1011 -380 -193 -498 70 571 401 451 -281 530 272 293 112 -524 215 -620 94 -41 505 -643 629 627 265 166 -234 311 334 98 676 242 -329 -36 195 354 -113 159 -418 163 -722 -593] 4443.36
[-505 -180 96 154 -52 85 568 -609 -941 49 -485 -132 347 375 -117 510 -306 -115 -1018 -117 295 298 162 275 -226 -221 -454 -421 -1105 203 -451 331 638 466 -318 184 -401 -486 98 -741 590 -321 -354 570 96 227 -349 214 319 71 1079 -429 -26 283 -236 -562 254 -27 454 -26 44 -523 -374 -41 -448 -660 144 -922 223 -543 129 -589 517 -30 351 96 423 14 115 148 -128 -480 -719 -460 -261 -420 -96 69 317 186 284 -343 644 -282 -343 -1168 -654 -425 343 786 -201 339 -84 19 -367] 4432.6
[-669 201 -276 72 -270 -501 -520 53 163 506 361 94 281 -88 264 -59 -192 -237 -87 -109 -397 -226 208 -710 -167 -284 296 -308 224 58 -154 -127 304 -730 -515 -205 646 347 133 -526 -308 453 -166 321 -200 -1454 161 119 -1007 -758 -654 496 393 -58 -3 -348 -1 60 113 650 -494 -281 777 -155 291 -349 -246 352 -360 15 239 -172 -175 -413 -30 837 -426 -313 -8 344 56 -668 149 618 -508 -99 300 270 -157 -225 -185 -780 -425 483 854 92 -741 110 504 275 486 -274 884 -359 213] 4305.93
[420 197 229 -139 687 -106 507 651 -718 -292 -231 405 -568 -539 692 -882 -430 1026 585 297 -326 966 190 243 223 -122 -151 -497 -348 -599 81 120 -49 -6 -257 543 -169 -131 164 -770 -348 140 856 -943 20 137 -834 356 -346 223 -574 488 371 -172 -347 546 -226 221 590 -610 558 338 160 775 -397 108 735 -392 169 318 -54 -728 -394 -9 -392 -635 -613 130 439 -452 247 726 170 425 250 128 281 -261 -200 816 182 739 116 -382 135 -66 603 -119 -564 -235 59 47 -258 315 -810] 4658.51
[-901 -365 1019 -178 -110 37 -205 -258 -271 366 624 47 -650 36 -485 -174 -123 -242 249 -290 -313 -248 295 -74 -500 153 -191 -237 69 -28 518 -191 -163 -346 94 436 709 674 -32 382 173 -457 694 295 -698 -294 -35 -411 314 733 512 154 257 -326 356 -480 -46 113 59 922 -518 -286 -4 283 -110 15 -834 587 -296 -153 201 458 -155 -80 43 399 357 265 -849 -113 -241 -271 -433 -292 613 374 -143 -369 649 -510 -243 8 93 449 1449 -332 114 -42 177 22 -375 -649 19 -119 115] 4211.1
[159 438 -73 -598 497 -179 132 304 -309 -500 -419 19 504 218 431 -217 -320 171 -931 374 -15 -376 218 -285 -703 816 -353 -233 -340 320 462 601 560 413 -170 109 576 147 -127 566 131 -24 -238 -117 -548 -258 62 -735 -432 -534 -89 227 426 272 -38 924 705 -326 -293 -913 -464 -592 -160 706 -459 334 381 358 642 -41 254 410 555 -152 -243 -311 -33 425 -541 616 688 -528 -107 404 -635 117 -118 -254 58 409 837 -530 606 -512 -217 322 262 -356 200 101 510 -1077 846 190 -343] 4528.3
[238 137 524 56 10 -154 665 128 300 726 -140 57 110 267 -107 58 -224 6 201 -580 -86 13 -595 174 150 233 -7 -950 -97 -209 -8 85 -680 -73 132 -115 491 672 -643 -148 324 225 370 -246 -40 -319 -326 -663 62 -283 487 -349 64 617 113 41 1201 261 -197 678 691 -410 -200 1109 164 -210 588 -447 -308 231 232 228 -444 -190 -285 804 57 198 -57 -815 -91 208 684 -260 515 311 31 -717 -257 -363 -493 400 105 -58 522 -233 555 -86 -38 126 421 -190 -15 -35 72] 4040.75
[298 -345 903 -127 571 347 -142 308 27 273 3 262 -462 -850 322 -168 -444 -462 513 -277 708 1026 150 931 -594 430 -378 240 -524 252 598 544 389 -175 -226 -346 -387 17 53 461 284 -13 72 290 53 665 222 563 470 92 573 -802 209 705 -409 119 -198 -652 539 666 -338 390 -567 945 -213 264 -1069 -274 -825 591 586 -14 585 -626 821 -34 748 -88 -621 237 121 291 539 588 155 472 -905 -367 114 -216 499 735 626 -441 -247 -366 -471 252 191 471 778 196 -107 -377 78] 4906.73
[341 739 -370 -242 49 -364 -260 -74 -126 -2 -335 374 -1107 101 504 61 -762 -12 383 -461 -475 660 123 84 -496 -509 -305 466 48 -632 271 316 -504 45 -199 -278 -553 281 617 357 -56 -207 206 -22 295 320 -254 -289 -724 376 188 -172 -19 -4 -209 689 471 61 -117 -506 -183 55 194 234 477 997 335 -531 -435 301 817 -538 203 -298 524 -380 -413 391 -41 -286 462 396 -450 543 -633 330 628 -660 -14 -193 34 -1008 -4 -179 -388 419 623 356 -377 -482 -773 482 -167 237 -484] 4344.25
[-478 -140 -104 257 -540 280 -232 -41 766 -620 636 -408 380 -192 -265 693 134 -675 -439 114 289 -547 22 -244 177 202 -427 36 -125 -127 -343 -889 -158 -178 50 66 -8 415 901 321 -504 344 -351 531 480 35 -386 -102 161 193 -432 -41 -339 -475 -580 167 33 -280 236 80 257 513 -130 155 627 -355 -197 -296 82 -594 -279 45 100 48 -146 1010 63 -4 -9 -280 1411 596 455 -565 -98 163 211 269 -630 440 -406 947 167 -22 770 386 66 -38 -381 -539 213 -410 566 -256 269] 4232.17
[-67 165 -995 528 38 -141 -414 -363 -351 270 389 76 149 -203 -283 80 110 830 -687 460 -54 -807 -274 -444 317 -267 -557 -374 -762 -676 -234 628 146 -322 386 70 189 -334 -120 174 645 117 -3 514 -221 -314 -34 -159 -793 133 -547 259 110 -488 310 297 -67 -238 570 61 -93 -367 -206 -136 -358 -688 139 376 1094 265 -579 459 499 229 -387 984 -44 -225 848 -139 -572 -256 711 -406 -159 642 -282 278 -402 -253 -133 241 -45 -191 518 -671 -594 -166 191 -36 447 -403 1140 335 260] 4437.23
[-451 489 723 370 -726 -538 -306 561 157 413 -430 -288 929 158 -263 -48 -318 -385 -248 -250 195 35 1058 -262 -398 225 596 86 -408 586 46 200 576 79 -320 -57 608 821 -93 -127 -548 474 -260 85 -449 -170 -874 232 43 870 -561 -707 -155 515 82 -133 -419 -367 -428 -36 -9 280 479 38 -1095 107 -197 -184 -300 -39 -510 -218 -353 -62 681 -122 526 -55 -5 -183 436 -313 -584 524 419 526 -127 101 401 615 469 -442 -176 143 459 716 455 -12 177 519 -489 -683 681 -63 -379] 4456.89
[-669 230 -664 -133 52 132 -116 -411 297 -811 210 -73 358 70 -824 70 429 -707 -694 283 630 -277 -826 -489 -100 791 -181 44 355 -385 290 -238 358 63 -391 -138 -575 538 3 349 230 -764 470 57 576 99 499 186 -210 634 -597 -387 15 224 665 -278 -950 137 -361 49 -232 -471 361 -27 -352 102 -207 237 97 -673 355 -160 407 469 -89 -257 319 75 319 225 473 162 -990 95 -197 -148 -544 353 135 -482 436 -542 523 -757 -138 -125 -97 95 293 753 -893 386 -93 273 828] 4393.6
[537 289 136 870 -293 416 130 467 528 274 -238 -453 -16 652 296 -83 359 329 174 -461 -192 86 475 -2 689 -312 494 160 352 77 -460 -126 -967 185 348 -349 -472 181 -77 345 -233 -424 745 358 -167 -742 248 450 -2 -481 -834 -640 77 975 436 318 252 257 116 104 296 309 -434 -503 434 430 181 -79 -489 137 -363 349 -55 337 353 171 196 -32 -321 -92 -699 -289 -115 -277 365 236 491 315 1 519 -700 582 -303 480 -451 -668 307 344 -149 -154 -107 103 -740 -334 238] 4128.35
