[242 18 164 478 -107 -29 -153 -31 -469 -2 -151 -343 -64 -290 130 273 195 -142 404 140 -414 219 401 331 -98 75 61 -168 21 144 -360 -173 284 -396 208 -224 -147 486 128 -423 -234 -298 -160 -339 -411 295 -202 -170 159 275 -307 394 48 159 -40 461 205 299 1 125 76 -515 -109 -486 40 -170 -98 38 -306 227 310 827 3 683 -256 -688 130 376 58 -16 137 85 -52 96 305 -3 418 -243 -258 -406 454 195 -324 32 -10 607 -193 693 -589 359 -317 -25 496 -510 -43 -521 329 177 84 -24 93 -9 122 326 368 -267 -43 426 -245 -420 -224 276 -73 377 -158 -98 -390] 3344.88
[-159 109 -321 -226 -96 200 215 -140 -426 -392 -148 230 53 -339 52 -279 -464 123 -325 -80 -127 -376 -345 -325 -526 -75 59 55 411 189 -614 655 495 462 -385 399 221 -114 -731 397 -8 372 -19 -7 297 333 -375 186 445 -564 -131 -20 396 275 -521 92 396 77 -265 -410 -330 253 8 296 42 89 545 -484 223 542 -407 43 -659 -91 -95 406 -411 190 251 -176 -481 228 -60 395 -167 -137 189 243 195 43 276 472 398 88 340 -408 63 127 92 -71 -86 156 64 405 139 728 -55 -40 441 -108 -372 267 -564 -215 -141 104 186 -100 -217 -262 -286 96 -474 -128 303 -196 -90] 3499.56
[-218 81 -456 -378 166 386 22 -235 -404 -158 -118 358 -370 159 -522 205 -593 -335 -65 -222 -351 -2 -46 -260 25 498 -148 -202 758 -52 -642 476 192 879 428 123 332 282 -453 265 -294 687 95 62 230 -15 38 -326 73 -113 829 -253 454 450 -4 -48 315 50 259 -419 -357 -157 -141 115 392 -131 -397 -198 77 -42 -50 168 -268 -90 -279 -599 -69 -182 125 183 -172 604 -49 525 -170 459 525 -230 602 -491 457 275 -28 -608 52 -303 -234 253 314 -198 162 -74 259 267 174 321 6 45 222 465 74 362 -631 214 83 -229 92 -188 -29 8 -240 -190 -346 -284 409 -246 -383] 3657.93
[341 -320 293 301 -264 -10 813 172 -56 92 297 221 -84 193 -177 -199 415 -482 -298 309 539 620 221 198 42 233 427 -68 327 -109 293 -239 -608 -235 -17 -159 -576 47 610 -158 -76 -440 46 233 -72 394 -266 -226 -449 -515 144 -267 -153 -287 108 138 29 -817 554 -344 155 -256 -498 -77 154 254 -196 43 -175 -652 194 -85 1139 507 -53 53 337 -179 -360 463 35 -42 -332 -505 107 -244 -318 -49 -177 -93 -314 -557 -351 393 342 305 63 -492 -338 -399 -184 -25 -369 103 257 -296 -262 191 -215 89 126 20 443 126 -343 -413 -240 -290 17 -247 -74 -99 439 -434 82 334 -317] 3692.45
[-177 345 -30 -230 -133 -199 199 -585 -325 -238 -134 149 12 384 -105 -328 -459 278 -189 415 108 281 -323 -998 -25 -366 -24 323 -264 -95 -85 -117 -400 320 -244 287 280 -136 125 -223 -161 -74 -532 354 -134 279 -133 391 28 -608 88 261 675 96 501 -218 31 37 258 -70 -296 213 -571 33 -144 356 319 -822 269 11 341 165 -248 86 -200 85 285 550 -246 -43 186 472 155 567 -269 -175 -71 -59 -279 -271 59 514 446 205 44 -916 614 39 481 -175 -172 652 -258 468 -78 683 -269 -231 -295 -126 103 31 -480 -290 -284 22 7 -7 -69 -370 -120 -468 88 -551 -118 -95 356] 3660.32
[-158 40 -387 -152 -135 5 393 -288 -116 -753 287 773 -137 -6 93 -238 -430 -294 -413 -312 572 213 -22 -125 -130 250 229 -314 20 234 110 62 -340 487 509 182 14 46 727 -96 -402 222 -96 253 -149 137 -156 146 -904 33 -202 0 556 -178 191 -18 23 -580 287 -286 418 -22 -537 -113 -163 25 -146 -529 29 -247 123 -514 77 -29 105 341 -161 -357 -658 269 384 951 -105 485 -13 223 -633 114 529 -261 512 202 -3 336 190 -392 132 -528 328 -200 195 604 -377 541 -97 751 -613 385 176 173 647 233 117 648 -183 -723 -74 -73 97 431 -411 -493 306 -433 75 -378 633] 4040.7
[2 526 38 266 -103 -209 38 -326 -828 597 -414 -355 158 694 358 74 -533 220 259 234 -429 103 -170 60 33 76 52 27 -262 -441 -7 -240 -48 -161 -594 252 25 -121 -91 -229 48 -464 -238 15 -463 463 62 328 204 -118 143 923 -350 85 456 88 -19 368 825 186 6 -11 -161 -88 -139 -173 706 -88 375 -415 -49 147 -39 465 -411 -155 299 -107 119 202 405 -300 -260 -354 -339 -640 169 -222 -266 -165 -59 -197 57 -135 391 409 665 83 -18 203 -148 31 279 -66 124 -349 -26 -105 -299 -120 -41 -455 -335 -638 -118 -196 -711 -237 548 -470 -307 22 69 59 -857 -304 141] 3694.29
[42 389 -297 53 -229 426 258 -427 -537 -111 -312 59 -404 -420 511 143 -114 409 -211 -261 283 -124 86 104 -507 -95 619 231 30 -159 227 597 -164 -303 -127 826 336 721 249 -110 -558 -123 -495 67 -330 295 -707 936 59 -440 -372 54 63 -546 44 109 62 -1 -25 -197 488 92 125 125 -74 -183 487 -57 581 574 -573 287 -291 -148 269 776 -615 361 -336 71 -343 -299 292 -328 65 -229 -573 516 -442 174 -64 266 -158 -282 -15 10 690 -152 134 -328 -135 82 38 563 47 23 -377 -297 -106 -249 -237 90 380 44 -236 -393 281 311 -75 -13 -444 332 -436 631 4 -66 863] 3960.15
[-86 -306 683 156 405 -129 230 219 -51 -503 94 -114 119 253 -120 -196 -19 -754 -158 713 -410 419 50 -66 218 -237 336 112 261 389 -80 -262 626 -241 -300 -456 -333 -152 -291 193 -120 -228 -33 313 560 326 -476 -392 239 -630 579 -25 -118 225 -179 849 127 194 -259 -134 -549 421 -217 -452 225 141 79 -355 -242 -393 276 356 435 554 -642 -434 247 59 -148 440 -488 255 134 -238 165 -548 763 39 175 -364 55 -330 -527 -46 276 129 46 1031 -899 -461 -235 329 442 -244 715 107 169 -16 -311 51 167 332 -313 -558 70 -230 100 172 485 -972 -379 308 -795 74 119 304 -965] 4304.57
[-89 -72 -116 547 207 -153 -670 -296 499 633 507 -581 195 -459 -165 -595 430 510 678 142 331 404 -6 -58 -12 68 -568 488 -642 66 -39 -513 -95 -388 302 -681 -127 21 131 -214 746 -200 -618 177 -48 -327 430 455 202 153 -518 -510 643 539 164 -836 -84 -4 423 213 312 -53 -180 218 -298 66 -211 140 -342 398 1267 -91 -75 323 435 -654 665 840 18 -111 273 -268 223 151 64 -389 -435 -273 -830 156 -298 36 451 1112 -33 -359 44 97 -141 353 -549 64 -705 -551 -677 128 351 -681 -522 -397 128 -469 470 435 331 787 52 -12 -345 -311 800 -455 608 127 -188 -213 375] 4768.25
[-7 -25 -5 -79 -187 76 -817 -127 468 664 -428 187 -83 -133 245 -155 -501 447 23 454 191 235 -578 -112 411 48 -477 248 151 -240 -224 -359 170 3 -482 -737 371 -97 -509 -45 466 464 143 72 253 -436 330 9 582 -105 16 -310 -97 338 -104 -459 -104 296 -350 -52 -276 422 3 140 -153 209 46 963 432 282 607 -389 -790 -566 539 -345 511 255 488 -204 451 -182 -285 268 409 267 39 -926 373 -288 -168 -586 483 43 -683 388 -373 281 146 -379 306 -331 -185 -228 -444 1 3 -151 20 38 -210 -213 172 169 272 586 -430 -158 497 180 945 -84 29 -129 -102 170 249] 4061.87
[144 -561 211 45 -622 -118 -616 -53 20 499 -81 49 372 155 252 -438 -64 498 -305 681 280 7 -453 -314 60 362 -396 -53 -822 -111 -458 -434 -162 -43 -176 -81 -55 -1257 150 -584 300 -363 -127 -60 -290 -340 656 -349 -455 60 -340 116 460 198 666 -171 -441 -12 -378 -138 98 -141 -571 -22 -516 182 176 111 -64 632 -20 -229 427 -374 -153 390 -27 75 328 -518 -285 541 -43 -103 -324 122 262 -385 247 24 -321 261 602 621 -324 148 119 -622 293 440 131 472 -651 -92 -319 613 -131 278 232 -392 96 140 -237 281 37 427 -116 -460 -553 -38 234 -235 385 -31 -671 595 289] 4106.46
[482 -107 -2 12 -7 285 -951 -64 4 874 58 -78 -235 195 45 3 427 466 482 269 -429 -275 -243 694 -173 171 -275 -340 -909 -755 24 -478 176 -48 260 -370 -323 -10 294 -45 -35 -53 -147 1 -871 -283 283 229 -367 260 260 65 323 -722 46 -26 -524 223 464 49 952 -787 260 -265 24 -414 388 472 159 59 59 -25 72 445 -502 -586 24 -88 103 -19 747 147 406 -523 -312 -338 -372 -539 -361 -56 124 -401 10 12 -42 696 486 -135 88 207 -93 -137 -10 -685 -245 -427 -32 -96 -90 -496 -592 -126 -391 -1 1021 -395 -9 137 269 272 408 -90 356 309 -829 -342 422] 4294.09
[364 -491 -503 72 654 470 -426 -66 135 113 -120 64 82 44 -390 -82 401 301 967 -668 5 97 196 764 170 -39 -69 -234 240 -277 584 -60 -262 -57 297 342 365 65 -310 375 -72 14 -66 23 308 313 -108 619 -5 144 765 -361 221 -209 275 303 -267 -181 574 340 487 -261 786 158 374 -256 -312 206 370 -1160 -251 -42 226 271 -153 -687 48 -551 -247 1046 408 -354 169 -772 -486 -582 -770 373 98 371 154 -469 -227 -643 -26 459 507 -375 -360 -196 -151 -48 356 11 410 -923 645 -64 -504 -434 120 12 334 78 -20 48 417 -143 608 305 -41 180 38 305 -387 -358 230] 4401.63
[322 -53 -323 111 -407 113 -457 -111 -600 496 -261 -140 58 113 161 -511 5 276 769 823 198 213 -441 -545 419 -1102 -213 194 -540 -111 -120 -886 -712 -465 -569 -581 402 -604 -313 -105 540 284 252 321 17 272 612 664 -56 -151 -317 698 20 -14 -229 -193 -351 330 268 172 65 551 433 -2 -315 884 597 218 282 -758 210 -625 -193 -149 -653 -345 708 -37 489 -35 995 -202 -449 1 -337 -250 -668 -371 -119 194 -83 -119 239 -30 122 146 445 221 -100 -61 -137 64 -28 20 -338 -420 168 483 159 -406 -723 188 -314 -432 82 699 -342 -312 -41 -169 61 -575 783 -322 -772 142 578] 4646.53
[-363 863 -12 -144 236 -275 1102 184 -130 -108 -40 -529 239 594 -2 149 351 -1243 -117 -155 33 -210 -112 -409 500 -262 509 629 220 -241 365 270 -63 244 -142 410 -194 -25 41 779 -174 -57 186 -358 574 -180 462 -713 -421 201 342 345 -1266 443 505 235 30 -213 329 -345 -423 1182 -345 64 75 -268 -194 234 -38 -1022 -552 -26 -41 -140 -432 202 480 -877 304 -63 -163 -165 -389 -45 -781 -53 149 911 97 -160 -684 62 -549 -737 883 -205 -72 155 367 -102 432 -149 247 325 353 -43 118 -19 239 444 -3 314 -3 -357 -614 -335 66 -156 89 -57 -888 -362 -171 -580 -311 2 -106] 4770.13
[3 -313 -286 -501 61 291 -346 -324 107 605 -194 115 192 66 -391 -31 160 -177 625 233 42 -186 -283 -188 -153 304 50 -74 -247 -337 -628 655 547 19 65 -284 -570 -177 -38 691 35 -214 115 124 -104 -162 -88 -651 -229 -720 157 -637 96 281 332 368 139 32 196 -958 85 -494 -15 25 -78 94 231 124 269 381 -134 194 154 899 -153 -403 -37 -463 -115 -373 -388 277 468 -670 -884 -793 424 -268 -447 -398 -511 -257 -80 213 192 -540 199 -49 -220 82 -103 31 366 413 275 915 -433 -237 475 -445 -465 -37 -581 -5 637 37 1017 8 -341 -423 45 -192 -146 250 -171 -119 -401] 4177.05
[476 -574 -42 469 38 516 -157 295 -496 300 461 542 -434 75 223 167 -770 -516 128 677 -124 628 820 570 -71 1270 283 -690 49 451 20 186 28 176 484 -327 -57 -623 145 -305 -167 298 65 152 -119 -109 223 -403 -114 -73 553 421 25 297 -217 78 367 93 581 -54 435 -702 -437 -133 -406 321 -453 451 -892 -796 813 -350 1058 379 -238 -795 125 -6 -127 568 -128 395 40 -150 556 -80 122 -593 685 -146 345 -1054 -63 365 -15 1068 58 -218 -720 -20 -294 -559 -493 -692 -9 -785 378 231 434 398 902 -113 141 229 321 -158 -907 -889 379 -238 -65 236 -414 478 -962 141 -219] 5188.51
[-81 183 177 -264 4 -371 -145 29 407 -57 81 -319 192 498 362 -550 274 -149 -542 84 -416 367 -360 -451 -282 -735 -281 369 -81 -60 -444 -340 741 -77 -313 -339 -669 312 -189 -336 -68 -36 -141 -491 -94 688 -121 -601 295 -332 -128 -508 473 225 -84 517 -302 263 -620 -290 -23 349 -213 -339 180 -330 958 -1041 -73 480 374 201 -509 670 -75 -269 19 727 86 -221 284 742 254 -102 -182 -605 439 -465 93 -473 -34 158 -158 -6 -19 57 -229 732 -720 340 163 338 396 -415 515 573 12 -359 258 -167 -855 403 -384 -568 961 -411 412 483 344 -974 126 376 -569 -19 653 -81 -583] 4629.43
[278 334 -105 -568 -255 -2 -68 -39 255 516 471 -547 -409 -741 -594 385 913 -229 602 -859 544 -359 890 -129 -255 -557 -547 251 -581 383 561 453 -485 -356 1326 -28 -25 308 74 409 -28 327 188 -265 -244 -570 159 562 68 579 -422 -363 -283 -454 -434 -791 -370 91 -165 -60 101 -138 442 307 169 -265 -628 109 -765 756 11 33 348 -208 560 764 -399 -156 27 45 -156 -593 252 -498 -401 148 -663 157 -304 349 -450 -458 -311 49 -152 -465 56 -722 197 711 123 -578 -647 -247 -505 -585 238 -106 125 578 -1248 226 242 143 765 327 487 283 -439 448 31 0 114 343 222 -55 337] 4970.77
[-66 -334 -948 -136 -125 -271 -288 464 430 205 120 -143 -182 -262 240 215 960 123 465 120 -499 -157 243 35 -606 -511 -180 126 -172 -256 -352 -61 -152 -822 128 67 -88 -129 152 87 -69 -221 709 -587 -368 114 238 -387 -504 630 -303 -177 -204 -541 5 -320 102 -310 -160 507 856 -476 362 117 208 -936 -518 19 90 510 -789 -116 -132 -164 -15 36 -457 318 183 -789 609 50 755 -6 96 659 189 248 -209 352 267 723 -585 -323 -290 62 -251 -134 -221 839 26 -358 239 119 -69 -747 -32 215 640 -458 -988 479 -81 493 569 -372 616 225 -1202 1057 116 140 621 41 282 171 -395] 4771.27
[-91 -128 132 220 -395 1027 178 330 -355 253 60 430 -716 -520 922 312 167 12 -950 232 -476 60 -10 704 -392 -269 480 -82 324 268 -320 203 -127 -75 -760 76 -79 597 682 -262 -296 748 107 30 -484 -13 -445 288 -158 -126 -739 311 72 -85 -324 142 -15 -80 -535 -259 268 4 595 -453 -316 528 194 -1 -241 462 -548 84 -143 -729 10 -75 -124 897 150 -800 -606 -483 -75 426 58 381 -649 312 72 182 374 584 -187 -707 212 1095 -61 96 25 -849 102 -175 -481 53 -293 238 -615 235 691 152 -364 1 199 -161 55 85 383 210 -164 -114 -216 176 -62 768 -105 643 265] 4583.92
[-156 182 -65 654 374 -677 -736 -85 -3 -458 56 -598 111 237 47 -536 -387 162 564 138 110 372 -212 236 425 -304 -27 594 36 316 285 -395 107 -387 101 -368 236 569 35 -736 267 -661 -455 80 242 -330 118 -62 709 831 -310 -379 -586 -52 87 32 401 450 166 492 291 510 -276 -418 137 -238 -180 279 400 -566 641 -2 -171 834 -64 -101 356 641 -260 209 417 168 259 50 1176 98 -183 213 29 98 -738 -21 -425 132 58 -424 14 905 -331 222 -6 186 350 -90 -48 306 270 -514 -164 -290 689 -487 915 183 -290 101 -28 412 106 -725 215 -11 -11 422 -72 -840 67] 4427.51
[-538 11 -509 -273 883 720 80 -176 331 273 310 -601 -586 -221 -58 129 179 -483 515 -358 -591 949 796 -389 322 2 -73 603 227 -17 -622 90 -22 -688 -98 -40 15 951 -68 261 -468 149 356 534 496 266 320 -200 -189 15 136 -382 304 1233 355 -263 -226 272 122 -251 179 -281 191 569 23 -280 -697 -163 -236 565 519 -51 39 -508 -260 -855 227 366 302 -171 -593 -244 940 207 -727 -100 466 378 -417 -23 -108 1358 -576 -1033 347 -458 -440 957 -633 -104 165 603 181 442 299 97 72 -1156 -495 26 -394 286 199 297 409 -144 914 195 -507 -564 -308 119 -595 1329 604 159 -118] 5379.67
[167 -33 42 -623 301 48 816 -77 -37 -356 -367 -9 -135 274 -6 -105 29 -68 -472 -719 448 -169 -209 61 646 -43 76 -221 524 -157 280 -102 -492 442 -721 218 -333 -189 -320 323 -297 -458 848 129 257 583 208 131 -224 -241 38 221 -104 -9 -118 795 -682 -334 76 110 -193 178 -27 630 303 44 534 -560 456 -26 -782 -105 189 106 -444 190 29 -1135 126 256 679 -14 -609 -15 -644 47 -123 -248 113 -317 215 273 -154 -200 -8 -345 -219 -420 -110 -649 601 287 -127 388 690 -282 -300 411 -244 28 -438 167 -543 -610 130 -1047 -270 366 431 378 -82 -812 96 -667 566 -123 225] 4389.83
[-55 22 -53 -738 -346 -438 691 -67 672 86 -454 164 -97 -325 -681 -375 615 425 -161 127 363 -28 180 -588 -157 -475 -413 289 413 -435 -287 520 -473 493 -688 801 220 -858 -532 390 -12 -477 874 -184 127 346 284 -137 92 -239 596 -159 940 -100 152 -10 365 -267 -84 -62 -446 -207 -1295 -129 463 -590 -103 -620 755 4 -218 749 93 21 -355 416 -202 419 69 -213 -88 -172 352 209 -350 492 533 -115 -335 -94 -349 16 79 -423 -325 -1247 117 -1088 214 -155 341 640 -361 409 570 289 -161 30 -124 -144 -655 399 -501 -646 -28 78 773 -131 -795 521 458 -305 182 -950 174 -1 -361] 5006.93
[-106 608 -29 481 350 -788 -371 -49 -336 -819 -253 45 175 328 21 836 -1014 237 -452 -10 307 -112 -319 76 337 115 112 -68 -106 -228 10 -39 81 -227 193 488 414 835 313 -944 -259 -87 -520 -262 -509 -306 -219 468 8 100 -262 272 -476 -206 619 -53 95 -6 -28 408 324 -318 76 102 216 -511 299 550 624 208 -372 170 -236 523 -175 11 98 -232 -293 64 633 416 -213 132 265 -147 279 49 -582 -336 1054 160 -144 -112 -28 -16 216 348 680 -115 159 -91 552 234 -322 172 -237 -544 -465 -209 604 -944 203 40 -546 -1136 -672 334 125 520 -280 258 -346 -7 101 -897 52] 4491.22
[295 -329 213 348 -126 83 -188 25 327 -43 -28 -158 232 166 141 -476 129 -166 -111 -182 -298 357 -427 -38 -573 -17 -192 227 282 431 -831 451 824 -5 379 -957 -393 -447 -274 217 -30 -92 206 -233 463 -13 -216 -228 -420 203 -119 -508 365 -52 174 -182 -224 -162 -13 -608 140 243 574 16 -14 -756 -363 -27 382 -328 -18 -230 -158 95 703 442 -426 -261 -59 201 -156 857 263 571 -483 -561 -160 232 487 -196 -391 -360 -125 760 1107 -264 67 392 -242 190 257 586 237 365 118 1020 -60 268 161 -51 -105 207 -114 1095 193 64 330 41 364 -478 -251 289 139 245 18 -130 -24] 4173.13
[498 815 564 234 152 544 1129 -399 -224 -164 14 26 -1064 -895 1113 -210 300 -375 -498 203 -246 -91 599 -161 -226 -1020 1205 -17 -92 1284 304 213 223 -248 -194 -401 -292 195 359 582 -697 426 -125 270 -121 -259 -706 848 -402 79 -510 1230 -166 -202 -1007 302 -367 206 -195 283 344 464 689 -217 -220 -344 -110 -374 -449 381 -240 421 -554 23 -250 788 -602 -8 -151 -55 94 -305 612 672 154 -295 -745 719 -835 -231 674 -92 -360 -504 494 -151 423 359 -77 -333 -70 526 -254 472 -388 -311 -194 427 -245 217 -107 337 -416 -465 832 -1173 20 604 339 -194 -77 -312 -488 699 -362 -119 860] 5612.63
[-197 314 -51 -327 301 -305 4 -222 404 659 521 -737 153 360 -976 342 819 -589 -521 -515 232 -481 530 -611 246 -725 -227 162 185 99 586 -384 -34 652 404 -245 -757 25 -1 130 731 335 -324 -384 -118 -397 -60 -746 557 338 -151 -218 -215 159 -796 -533 159 -153 -72 358 -314 -99 -101 107 382 -546 -387 -645 -343 380 543 -177 -280 -16 180 -286 296 250 593 -283 272 -76 72 -84 168 72 1092 282 -198 -150 340 251 170 216 -563 -583 -517 -156 100 864 -334 -543 220 -346 -259 39 156 -113 472 365 -850 -357 -339 -349 298 519 130 259 -126 204 735 -336 528 -510 699 -50 -1058] 4763.4
[495 -405 146 419 337 -317 59 -217 269 -428 -1205 -46 833 -180 443 -476 423 372 -4 -280 -295 -616 -298 813 -18 230 -581 243 -229 -312 -60 -439 592 46 -299 298 -117 80 82 -132 -422 -977 494 -416 179 165 -361 310 -308 290 -390 106 90 -512 1032 1424 -318 164 -738 85 -344 -6 570 -872 -325 -325 -8 61 -259 136 -713 1099 -154 769 158 142 -210 -573 -402 -52 172 131 -524 77 -277 -202 -524 383 52 -289 325 -46 -404 459 49 962 233 143 582 -22 422 800 703 -267 168 -2 -31 1033 -608 -253 215 213 -282 127 346 -678 329 996 104 653 -619 251 27 285 -491 -293 1] 5118.47
[-732 -100 -203 610 528 -526 -243 -331 634 828 -73 58 338 256 533 -336 -278 86 -121 -693 1 -163 463 1040 -365 125 -453 -36 819 -73 264 -136 895 -88 -156 -147 304 -112 -157 -103 563 120 593 -383 315 279 -439 -228 82 662 -622 -416 -454 213 51 -23 436 -458 613 647 544 224 -4 -65 -363 -840 84 297 169 -277 317 -832 -661 -252 969 422 79 -690 90 242 250 338 -588 387 778 20 -310 335 1264 387 456 -174 187 610 376 601 52 135 -454 488 155 354 386 196 253 150 -236 463 250 -273 -457 -113 274 236 -17 195 -348 -208 828 631 -19 234 446 445 -190 -748 251] 4883.87
[-431 446 -708 350 352 82 91 87 -446 301 528 -239 343 338 -161 -588 146 -793 -424 -753 172 -365 672 711 -254 281 -559 -39 374 4 466 -94 230 696 606 0 -423 -167 -139 -27 377 253 848 -383 443 838 -49 -156 -77 550 104 247 -297 73 -397 386 411 -502 655 204 116 400 46 38 -197 -257 275 -122 153 -261 -168 -780 116 375 441 -270 -273 -288 -129 787 -109 590 -588 19 521 -498 -59 401 1070 -66 -144 -293 -707 681 810 -117 -382 346 -228 -2 224 -154 364 -290 619 314 -445 -67 227 616 142 79 -428 -127 -54 -363 -326 30 205 285 -259 37 30 525 725 -651 -391] 4569.54
[397 -192 -457 -31 80 -97 -335 588 -445 343 -61 -571 -181 256 -427 446 -39 -384 -50 -119 380 -61 335 -153 1010 511 -448 -45 -144 -39 654 436 -97 855 236 149 -400 -341 -722 -67 669 -314 787 84 646 -90 814 -394 -468 357 623 712 -603 -507 -313 217 -217 -33 406 227 -171 -164 93 774 274 289 76 321 428 -583 -252 -681 678 -161 62 -151 -25 -453 196 545 -417 -49 -317 -443 -252 -132 209 -399 670 180 -601 -474 -267 724 469 -175 212 -314 -29 -212 256 -321 -265 -261 568 -539 9 222 -332 405 270 -318 -918 211 -199 213 -603 -22 -116 917 -245 -463 116 -160 -38 487 -329] 4587.77
[854 -336 -31 -127 -88 212 -26 -242 288 1341 -91 -93 67 7 693 -186 669 309 134 30 428 72 -510 -431 682 154 799 -791 24 -717 62 -557 233 -542 -641 -883 -543 157 -203 -242 218 -663 -131 475 25 -435 108 -416 -482 112 -457 734 -421 -1006 -399 -375 -269 307 302 -443 342 -712 448 106 46 77 600 623 394 105 -219 -673 -65 -547 -78 455 28 -1376 794 -395 962 -503 -190 -34 82 4 -35 -572 -10 327 -383 545 443 104 -436 268 257 -192 -69 919 191 312 605 666 -112 -542 -174 813 -230 -1056 -691 -724 -462 694 -96 183 -710 228 -140 228 524 23 1083 -407 -211 -137 187] 5415.88
[491 -832 -524 583 325 402 -52 577 232 -543 69 656 562 -410 342 -783 -424 82 -253 821 438 600 -238 338 -656 690 164 484 385 279 -280 739 160 -529 -889 -632 326 -955 -485 297 94 -359 566 415 530 115 -373 816 581 110 -150 -313 582 -94 -261 119 587 129 315 -156 158 146 33 -406 -470 -277 428 66 304 -1045 220 -647 454 543 89 -34 -48 525 -460 -119 1029 -53 54 572 844 -341 -664 -417 -466 233 418 -656 -313 1123 -313 -523 116 -132 -770 -845 -93 -429 -323 -154 344 -483 -167 -26 68 -496 152 -1198 273 -506 -765 201 -78 38 -103 77 389 929 -15 -364 -394 -329 -265] 5364.56
[493 -237 440 90 -65 -346 432 -246 44 -289 -329 -138 394 -987 -870 -389 351 -178 91 477 948 -429 266 -224 -343 475 -106 846 -976 -270 -326 -53 -1 165 5 -548 -273 -523 -37 824 508 -314 22 387 -54 264 -223 -115 69 -195 -298 -984 476 396 -556 -182 -19 -150 93 -468 241 -394 -1052 315 -361 67 422 168 -877 376 1033 26 -71 78 -69 300 430 -564 478 -381 -20 416 -368 -130 -349 -402 -596 -235 -1320 -376 244 145 514 1701 361 42 -45 -81 243 352 -353 356 -303 -313 -416 593 12 -218 -57 -373 -619 408 -588 -116 -82 -245 323 -280 -1243 308 -168 -630 802 -1001 -316 477 104] 5342.75
[-538 -19 -735 -341 102 -517 621 -436 188 -549 -24 181 299 -24 148 388 -464 -363 906 -598 436 480 61 411 139 -300 37 -80 763 12 62 116 -302 -185 -97 649 231 147 -138 85 217 -719 97 -358 311 1104 -176 428 -439 -6 647 -83 -68 -130 -44 -378 45 -96 278 89 204 821 -331 261 375 -102 57 44 847 -901 -423 -621 44 -50 579 -17 -157 -536 -688 316 -41 -536 -289 -105 -425 66 -421 467 285 274 -566 4 -568 -641 340 21 591 -109 -213 344 301 599 257 978 705 -63 -549 67 -382 126 276 -144 352 360 17 -108 -164 -47 712 717 -895 -60 -310 -387 377 -609 -4] 4651.59
[22 -273 523 92 -19 165 -524 -114 -149 -662 -42 1137 -413 184 285 764 -583 269 561 188 151 569 -487 1335 162 -930 396 -528 445 521 455 635 -40 -166 -292 138 370 476 538 11 52 610 -106 -460 -614 37 -847 -100 176 -618 -24 -855 -788 183 195 -214 89 136 -585 60 373 516 753 -142 18 844 377 947 470 -1272 -220 205 463 724 84 -85 -85 -432 -881 204 406 -449 -501 -689 -65 -592 -1027 29 130 547 -229 -1400 171 -1018 261 761 769 -419 -217 -360 5 -409 427 683 -293 -220 -39 298 604 -22 112 -655 323 -424 378 73 -5 -508 942 26 -183 -135 -182 301 -94 -110 -10] 5578.88
[-533 327 474 -121 -320 100 -301 -205 -464 -585 333 371 16 -619 -164 444 533 228 528 68 -187 -641 200 -51 -191 -1115 -11 -102 -638 367 -345 92 458 79 -37 67 346 -13 754 410 -28 249 34 75 -1195 104 -632 74 -66 244 -1449 733 224 -120 -1139 -190 433 -268 -690 504 93 -574 125 -198 -376 595 478 17 -292 427 -3 276 -713 -65 -306 169 -406 827 375 -579 418 -148 16 545 565 -36 -327 2 -337 119 698 303 712 178 337 -365 360 -112 442 372 -348 -373 247 -401 -976 -37 -293 410 773 -44 -7 254 -453 -457 242 542 443 334 -688 550 135 -527 350 67 -290 621 -115] 4985.56
[807 -595 1069 -424 -111 538 -93 287 438 -784 593 162 -32 -323 -108 512 1633 -51 599 -345 -309 290 -9 238 -271 440 183 -720 -37 -538 444 811 196 499 -206 283 -472 143 591 421 -1470 -619 -226 -424 -361 289 -704 -466 -477 -91 -125 294 8 -381 336 236 -49 -758 -578 -51 -388 -1227 234 415 502 195 -437 -80 -408 254 -672 1449 257 -12 -117 -568 37 414 111 -423 -145 62 121 637 -266 283 -847 -122 -426 287 -24 1263 663 -243 313 455 457 -55 -314 258 -63 383 -538 92 167 -1614 1174 455 220 -324 -538 32 -12 1194 183 -327 534 668 -329 -68 -24 420 -469 -459 -497 582 108] 5923.9
[83 224 -175 265 -1095 564 673 -416 -480 295 -1019 -197 -2 -447 -228 67 323 -75 -16 222 -97 274 268 -896 289 -475 231 322 249 -136 -1207 54 -9 -184 296 -48 -201 1210 116 -398 -98 -93 93 737 37 -8 -362 465 -209 -876 -122 123 804 -599 -18 4 87 -249 -75 -873 -662 -433 975 -656 615 597 -723 -224 -26 443 -267 1076 -12 93 -82 67 -164 161 -424 237 -531 -439 -136 -153 -647 -136 226 -322 -320 -766 20 -1135 -198 -278 530 546 333 -533 523 -163 -37 -131 3 137 -695 771 -395 1125 -966 237 52 905 -71 -140 566 271 137 -168 -593 -586 -1046 -691 588 177 -228 835 -751] 5547.57
[-75 -529 399 27 -161 438 -1181 -184 885 263 133 458 762 481 -43 54 -144 -212 -327 849 1167 241 -257 -432 -32 347 558 549 -511 31 74 298 673 -130 457 -1017 -495 -674 652 -56 411 -761 -659 471 82 -1174 -433 117 -499 417 -387 -434 239 -1054 -205 -605 -522 -133 -713 88 299 125 75 137 -133 -2 142 868 969 153 319 -1366 132 -476 707 852 -334 275 -848 -545 149 777 414 -84 508 113 -27 -744 -298 -301 -1078 -488 -126 1632 -635 -304 492 34 381 119 352 -367 -174 -210 16 683 -408 54 -48 -455 210 -604 131 434 308 558 596 335 158 734 47 -50 113 -140 -319 863 318] 5843.34
[159 419 -751 -260 -384 381 169 38 252 285 -311 200 -24 447 698 296 -855 674 -169 544 -630 64 -686 -413 -216 230 -57 -327 -371 -560 108 -325 -124 130 289 528 813 532 -417 -477 -2 -17 -727 30 349 -316 48 622 317 -310 912 160 34 -488 578 -735 -155 384 369 -145 37 -33 258 -67 -169 347 271 -80 375 140 -177 173 -236 -412 384 369 -309 -51 -565 -331 80 -545 290 512 -393 48 45 85 125 608 -252 161 866 -498 -165 -246 1115 -606 622 124 -261 -327 -303 601 -289 351 -288 -168 -679 -113 29 -1374 -364 206 -654 207 -379 -207 172 -177 -96 152 3 -497 -539 58 271] 4659.97
[375 -282 -483 -292 -61 -308 100 420 161 381 193 898 398 42 451 -144 -956 -189 -657 319 129 -221 345 -226 876 -543 -43 -372 -255 586 438 -740 427 -100 -388 619 196 -906 -244 -465 603 12 26 48 523 -421 -96 -237 570 -466 430 458 -522 78 -542 -97 230 760 -577 270 -263 276 -708 -250 -62 371 141 549 329 106 41 -784 46 -109 -313 824 -288 -179 328 -450 -222 -78 232 166 252 -16 949 897 1279 393 224 -720 421 -193 333 -319 239 -363 -192 228 454 300 -26 461 -142 496 -550 -365 400 25 70 -1056 -180 -726 -111 351 -570 -485 682 -94 239 598 -804 307 -744 -282 -405] 5084.98
[370 -472 69 -382 266 -63 -870 1098 655 -307 1171 210 64 -19 -931 -325 831 570 482 -515 -499 432 -162 169 677 -475 -1341 47 -142 277 -44 -114 -165 -439 840 -133 81 -123 -311 -255 235 703 -154 356 259 -701 731 305 104 1183 -244 -11 835 -123 -162 -458 -439 792 -429 262 -505 -616 -302 -171 849 -198 -162 -568 -646 -593 435 -811 654 -114 -781 -142 408 379 105 395 727 199 438 43 -692 776 -499 -371 485 453 346 -62 102 -359 164 -605 68 -94 182 -96 167 285 -88 -874 109 -617 556 -67 -409 369 -451 -585 -51 32 209 958 404 368 424 8 592 643 106 -559 476 -101 -71] 5494.03
[-533 -32 490 -744 172 -323 46 462 1634 -379 911 644 572 -39 273 196 232 42 -40 -350 601 436 603 367 336 -53 -668 -77 -150 88 -95 -104 84 -775 30 -536 -288 196 719 -682 317 -336 514 314 -29 442 -101 289 -168 209 -369 -455 208 214 -156 -603 -264 -433 -90 506 64 -71 -657 142 464 659 853 -678 -245 594 794 -731 82 130 499 532 244 1 -660 -609 131 -145 96 21 -285 174 -711 -1082 -393 -114 32 -552 -71 373 369 -430 288 -4 -784 -219 221 279 -990 -36 -208 -73 -1122 -411 -1008 279 -885 -535 -589 -1061 757 -292 244 -70 574 243 328 -205 -344 -367 659 -72 -137] 5391.06
[535 391 82 -307 -133 -354 1204 409 624 892 -444 205 484 -233 247 -175 938 -323 -586 -269 121 -51 885 795 736 -280 386 -280 -66 -864 1468 -350 -274 -182 -642 907 -436 160 -58 17 32 109 -350 -280 196 746 -203 -792 199 137 1016 29 15 184 141 933 -625 -393 341 435 -253 -236 -648 -339 406 88 132 316 -289 -849 18 481 295 119 -412 -1207 862 -871 23 426 -242 -272 -74 -232 -285 -116 159 217 -577 -337 583 -510 -21 -1058 6 738 -643 -436 -344 -823 -156 624 107 -331 789 -446 -156 -740 -650 -374 566 -500 327 -1081 -1113 -392 86 346 96 -123 222 847 17 -536 -215 680 -144] 5834.68
[-206 -216 168 -55 206 -356 749 -934 -187 402 -363 -43 56 309 -599 -192 449 192 -218 -218 574 -276 -19 -753 -329 -96 609 134 707 -402 -423 466 334 132 -208 575 209 322 -101 220 -444 -230 23 309 44 345 -207 -191 -47 -1075 -66 -625 207 226 763 -267 799 -1248 -485 -273 -613 80 230 369 247 -322 -857 5 262 130 -260 566 380 -41 -104 575 -187 11 580 220 -698 -194 -67 -327 -60 -352 1466 170 -250 147 -287 105 224 -307 -48 -679 -255 -385 176 537 -867 554 483 756 -60 591 417 304 333 -987 -382 865 263 8 -809 576 411 -371 -783 -355 199 588 296 232 545 -79 -868] 5170.71
[-485 190 581 45 324 -670 441 34 -230 145 23 -339 748 254 -203 128 -743 -236 -12 40 -439 -503 193 281 -78 69 -28 -27 835 152 228 -31 -222 216 -497 196 -256 -282 -576 78 278 106 493 -285 70 338 -165 -285 1211 347 95 702 -901 -61 -426 -177 -22 834 1023 431 -407 -293 -603 -25 -126 46 149 -224 -442 388 -111 -285 -73 -15 -268 311 151 -543 208 -203 -59 -620 -502 501 91 93 279 635 205 264 -112 613 197 479 -76 -496 -827 123 256 95 494 -631 -3 -42 -58 -169 -129 -268 -285 31 64 -887 -178 -502 -376 -16 -1176 -1 337 -521 -284 -229 350 -426 463 -939 -393] 4600.14
[663 567 -34 -192 -437 379 -618 53 -462 -391 531 -717 -117 367 -741 352 862 -144 -67 583 -97 -48 329 -528 425 -367 -654 106 -1116 -418 219 -666 -1579 -9 1256 -417 383 -465 143 -252 -298 226 -485 -1143 -1 -412 871 -246 538 538 781 125 168 -74 350 -760 -244 842 -22 295 -641 636 -12 -264 130 159 -114 222 786 -233 -120 697 399 -371 -52 -417 600 222 185 -160 727 523 474 485 -450 703 348 345 79 -532 -613 -54 -271 -625 -566 -168 125 583 326 524 609 -942 25 -484 -476 -289 758 -555 -119 927 19 51 -686 166 219 111 -172 -488 -609 2 -116 -1054 202 -632 167 -36 21] 5630.74
[11 -67 -971 823 410 986 673 354 -129 723 512 402 -810 -1402 227 -825 509 636 -579 -784 -70 34 222 341 -408 32 -500 -942 423 422 -226 248 74 103 537 322 477 380 -475 -566 17 576 -100 367 552 -169 -495 1144 -334 -459 7 489 766 -4 358 530 330 -917 1148 -178 646 -1066 412 534 -85 282 -172 -675 -336 897 -624 782 -271 643 -96 -359 11 -171 -94 408 -417 71 16 1001 49 -82 -1046 653 -409 20 1383 796 199 412 702 -47 478 -373 26 -495 -634 319 -310 880 51 -139 -48 -108 -807 -253 -222 -234 -401 448 -216 -555 575 108 -942 367 436 -70 -194 475 -114 -505 245] 5994.46
[-94 10 7 362 37 -415 -326 351 -93 585 -391 -346 20 48 -21 -178 491 239 -242 -246 -368 -397 620 1036 -71 -299 -715 213 120 -96 350 395 -63 -16 -279 -260 64 86 -678 335 500 480 1406 55 665 -30 635 88 329 444 177 -359 -389 38 498 155 -91 399 -22 973 -1152 684 379 -175 507 -322 113 199 -651 81 56 492 197 -95 -251 -358 37 1 120 156 -263 -383 -951 -200 -39 557 42 -777 452 165 -118 -815 -574 92 551 635 -511 535 -79 -724 661 -217 -269 -1244 221 -390 401 370 -565 222 -702 -383 -466 -677 72 321 -688 132 31 114 -629 -28 330 406 397 -84 -97] 4956.31
[-156 601 244 -33 334 -1140 -66 727 -62 -679 -63 98 724 -79 -118 112 -869 -380 127 -1074 317 -121 -7 261 -356 491 187 180 27 638 848 -150 203 -313 11 181 -333 -193 700 -349 -11 258 -266 -211 -208 708 -1184 995 415 0 -760 126 -1177 297 141 -161 645 157 112 -453 30 237 -449 7 -43 -60 159 70 -367 -56 144 -263 -123 295 663 779 168 -73 -38 317 -229 112 -558 -223 160 -828 -760 831 312 39 398 -947 -288 788 944 348 249 218 -135 -384 73 43 -264 369 -23 115 -255 -712 304 545 193 -518 594 51 -819 -740 -625 -27 738 -512 -212 1057 -520 -62 -4 -807 454] 5307.82
[24 468 -25 -470 -283 176 307 114 -216 313 400 327 194 376 -34 -848 834 -352 -283 365 -321 -545 -19 -346 -416 -871 230 534 -176 -542 511 -572 -457 115 -440 -422 -606 60 284 -525 218 181 -42 99 -59 -417 89 -232 754 -106 -148 21 -304 -711 -329 -316 426 866 387 225 -417 298 -364 -526 93 338 151 -1049 -840 441 594 -19 -330 167 -608 -188 446 -77 315 -597 333 118 241 -68 -117 347 -81 473 53 -7 -368 652 -155 237 487 -166 46 792 443 125 302 93 236 -201 -231 413 -3 81 786 -374 -1169 41 -233 -833 149 -345 481 88 -33 -728 -412 -359 882 -795 -414 -43 268] 4768.47
[-77 423 -231 -49 620 188 385 144 638 -112 1376 211 151 659 7 -371 57 -348 -382 -71 -166 795 661 -570 -606 253 -545 376 167 224 295 -102 303 191 -589 617 145 -1014 14 74 -54 -393 217 -450 692 174 -43 116 589 -248 106 588 701 326 -550 -1093 529 -309 22 459 -575 167 154 466 -553 -588 -71 -360 206 -365 446 -123 706 -7 586 297 -521 1222 -523 443 -210 -496 673 -6 702 -850 514 549 618 883 -361 210 359 298 312 -715 472 -381 -127 696 417 7 -198 168 390 -155 445 -704 -98 595 468 -630 414 -91 -100 232 189 -607 555 481 254 452 -1091 599 359 -99 -403] 5357.59
[155 -225 295 357 -18 -573 559 284 -180 -52 324 152 185 0 374 220 -33 -47 351 -380 266 187 -376 679 -581 143 61 -153 144 421 97 -327 -162 -740 644 -704 -766 -563 -240 1437 618 -483 506 -162 770 933 19 476 616 -103 18 40 -751 -541 -22 -404 -632 -235 338 515 28 428 174 704 55 -369 -261 -50 338 -448 -407 -627 415 312 932 323 214 -1072 -654 824 870 -542 -706 -254 -793 -444 -435 -510 685 -361 -557 -959 -509 1010 486 508 -413 -105 -812 85 247 -1088 -253 -294 -15 462 421 168 189 -89 151 -559 374 679 142 -182 -615 -266 940 -553 -54 -1026 936 -356 697 59 -206] 5672.17
[-1600 -122 -87 397 185 -402 -252 -231 105 25 83 -172 302 -461 113 -356 -238 -634 305 -214 -1021 -462 -212 942 -498 650 -1015 326 203 -197 -833 87 1487 893 214 341 97 -2 358 457 13 -28 679 -435 -636 855 147 -474 -855 529 206 -124 -95 690 501 -139 892 -249 225 -426 263 622 -749 -952 -496 -1093 -264 114 -269 711 -233 142 -1143 -187 768 -358 -818 529 123 -355 -640 -128 -202 453 185 -191 119 688 664 -13 -111 80 -335 -246 690 802 -230 123 115 619 225 -77 59 -339 -120 277 -498 365 174 844 317 1110 -431 223 1160 -235 -52 43 291 203 199 357 -469 184 -170 -423 52] 5761.77
[-97 1099 -801 332 -751 -640 408 -366 -415 915 -647 -150 551 -249 -194 -1091 -236 -467 208 362 173 440 24 -1343 -692 66 -352 700 -161 -481 -58 -883 32 -465 -649 876 -315 -17 -389 1048 817 -15 49 -330 207 977 98 -314 -289 -512 18 456 -291 1421 101 148 374 137 485 -810 -656 310 -684 -91 -528 -554 710 45 541 505 724 45 -716 301 626 579 209 401 559 51 -59 -142 -735 -1007 187 -86 505 829 -584 -79 -225 52 105 89 168 -68 -313 -491 184 632 -196 183 -9 450 304 -523 500 -618 -193 1040 -513 541 -243 -553 358 -238 58 -750 -473 -324 625 540 -136 -291 187 234 -139] 5776.78
[-208 -244 349 -60 -181 -118 7 -722 -483 70 3 384 -257 569 135 456 -964 -90 -381 790 -90 -79 -304 -857 -506 460 508 59 -505 376 152 -540 -542 337 1189 -68 862 504 382 -287 -1058 346 -816 409 211 -331 -224 437 -174 70 1602 -60 -154 -604 589 483 -627 474 -460 82 -408 732 -514 -357 -270 124 -569 -381 -945 562 100 -134 -81 -878 41 1073 -586 748 -159 -210 -508 533 161 -203 604 1036 594 -155 191 -559 -307 602 -290 345 -1570 31 -15 692 953 575 -350 -506 -360 -68 -156 -375 20 97 -777 553 246 207 -113 190 176 209 -852 56 107 -401 -520 669 -695 -158 278 209 -203] 5765.01
[95 -76 -306 -657 -704 -389 674 -86 -567 -405 403 151 -290 -285 -272 -1024 -443 177 -199 -254 277 670 136 116 80 -677 -348 195 249 979 -739 -161 -839 -856 -51 -602 356 -866 -94 -313 -434 738 794 398 -613 1138 324 589 32 333 -854 262 497 126 -774 -717 -103 -748 617 94 -70 6 -479 224 104 156 362 -509 16 -61 165 -1129 321 -250 -96 966 211 -17 554 225 1120 14 -101 93 188 291 -374 -697 340 -433 -40 -1175 -19 27 102 -72 -632 -906 -264 -278 472 -193 -881 181 -418 616 -747 84 406 179 149 483 111 -598 -227 -559 -505 -606 211 221 760 -456 640 -665 377 -168 61] 5559.14
[502 934 -395 720 117 -798 1355 521 30 -553 -151 -765 -287 -538 128 -240 598 151 -3 -163 161 -463 196 770 -318 -74 10 541 -129 -399 775 -496 -371 -37 -217 1231 289 622 -139 -182 -252 -621 -151 -824 93 557 281 166 268 -81 -520 196 -658 125 372 506 425 -562 -92 600 437 215 -32 -113 -70 -343 -106 25 -711 -194 -490 1190 297 1297 35 -798 282 661 -179 -66 -128 -717 -560 -111 748 -52 -868 847 -801 811 -301 673 -436 -636 831 -61 -36 -94 394 -540 -560 317 -76 -105 253 57 178 -156 203 -130 534 -49 1012 -449 -718 -616 386 1082 -567 -369 184 471 -597 724 492 -134 205] 5724.85
[-14 -253 416 195 300 386 30 -983 -1051 1304 104 -1092 330 426 263 -77 733 11 -62 -459 -230 -66 -545 292 346 788 -309 309 59 -302 48 86 595 -117 -93 -276 -163 469 402 -31 -91 324 -666 292 -436 -218 -684 443 -78 88 -935 428 -149 228 740 -38 -591 -302 793 -742 -534 467 270 -165 -712 240 819 320 -808 565 -311 -372 348 -430 344 587 370 -94 864 -144 -293 -1576 -768 -950 -36 -805 -106 -211 -7 11 -374 39 416 325 -693 665 309 -147 154 794 -719 -862 -14 -327 -561 -1304 -378 543 -714 -59 -304 -303 -136 75 -465 966 -777 193 788 -68 435 357 411 394 -163 55 -23] 5756.92
[327 -324 103 -540 67 145 -166 -111 498 -392 -136 -171 -62 928 -411 605 330 -123 -186 178 -650 506 -290 -442 98 46 -3 868 -422 -842 -246 48 -233 53 -433 148 171 68 707 -285 -607 -572 585 280 398 197 150 -552 -835 -588 921 -43 115 -582 1503 -555 -558 -155 -3 -204 -156 365 427 305 54 -347 -685 405 279 -75 48 57 -231 -971 241 -218 -75 243 196 -292 90 303 332 406 -435 304 107 -81 57 -61 -463 983 -270 -721 337 541 98 1073 111 282 161 918 275 271 -195 -387 -369 -179 -418 -368 -382 780 23 786 251 -206 306 381 374 726 -386 388 178 333 288 242 -175] 4936.4
[291 1007 -43 14 -869 286 -7 602 427 1103 630 321 -874 -600 201 534 200 -194 -626 386 766 320 312 594 -74 987 -142 -425 101 -959 636 905 -461 638 156 391 379 -345 -278 -475 301 764 -225 -661 505 -960 232 72 -407 -206 24 150 -54 -259 -117 -864 207 -856 981 -659 58 89 -802 589 247 -1294 -60 1293 1007 121 697 -239 527 -223 646 614 -148 -418 10 902 -957 -5 157 -913 462 165 211 -411 240 298 -16 -1438 91 298 521 449 661 -661 -106 -524 -305 -163 -705 204 -108 -958 -229 -78 -467 517 -272 -119 534 1187 -429 -256 -659 -831 302 713 421 506 -356 -39 -376 548 1756] 6480.48
[24 208 -613 -117 -752 510 167 101 -962 1061 -534 26 -39 129 630 378 -619 322 -78 133 -37 -735 -196 327 458 345 -6 -671 403 238 -644 4 101 853 -517 209 -525 -168 -948 -496 743 -292 -103 -91 17 -408 789 -843 937 456 35 906 -1362 587 -906 178 -242 496 -526 186 -129 -718 -869 583 -135 513 563 508 -93 956 -430 -273 -812 -298 -123 -513 -219 352 1246 -679 -1307 -605 -1 -440 379 646 706 -423 742 -602 -856 364 425 -584 485 289 -575 104 29 523 463 -747 365 -221 -352 182 35 -201 1161 291 661 -763 54 96 144 198 -551 -308 -81 -659 224 -68 -283 308 -793 454 -395] 6032.15
[-272 252 529 346 132 141 -830 962 -347 -1552 410 -353 27 -165 -81 504 -245 -112 194 540 -740 -640 -181 396 -388 -69 891 -15 453 762 220 511 59 397 -542 -337 -206 -336 -28 232 234 486 313 532 -4 -412 59 -125 216 -272 -456 691 -785 -134 -1035 120 1079 460 -405 653 128 66 591 331 587 571 134 -461 -543 283 -31 -181 -946 113 -606 -169 -216 816 53 -728 -466 37 380 -113 475 347 246 278 -298 753 -118 398 34 512 667 162 -234 810 179 -491 -794 -178 -682 -577 -491 524 211 13 937 -80 469 101 -148 -434 189 222 45 -242 54 -260 -288 -904 -404 203 -48 -330 -308] 5257.38
[467 281 -104 -579 -167 340 790 -396 192 -516 -822 -117 816 886 654 802 116 373 -58 -884 -567 -224 434 258 -501 849 258 -776 -1141 -1099 382 8 -673 91 -276 212 -332 1034 1197 272 -965 -572 -128 111 -823 326 165 200 -718 127 261 286 472 -329 988 86 -316 -120 -24 442 107 -694 364 -200 49 619 335 -862 15 -293 -217 596 -302 118 274 88 394 -306 -701 -1224 374 -571 282 381 -1258 238 -151 -398 -1195 -242 -484 921 218 -92 -168 775 -660 -300 681 829 86 383 114 -371 139 421 -141 -452 -219 -391 347 -183 399 -113 -567 -154 395 -18 -170 302 -399 -447 398 285 -473 -653 697] 5875.88
[697 -409 -152 562 102 -443 700 -157 41 -124 -656 -698 -301 -551 393 863 205 869 175 -275 -129 1 345 238 -168 856 467 -583 49 -387 361 -71 -515 -281 145 173 -113 1252 -333 40 -158 -816 26 197 887 214 230 238 -512 -528 405 -161 -229 -631 -464 646 106 -97 223 606 -292 -429 812 561 156 59 -314 218 117 234 -221 615 525 253 639 -789 -208 130 -155 702 -225 -1070 -107 171 563 -184 486 -185 -312 536 169 268 -274 253 -221 206 -229 825 -678 -353 -471 -60 345 -249 702 -675 88 182 -1011 -253 774 -516 457 1203 -921 126 -1372 803 -488 -419 157 272 220 297 895 56 292] 5508.09
[304 -662 420 491 117 -433 341 478 1017 -134 321 375 11 -1018 -511 -608 718 419 384 160 401 -843 463 111 -273 173 -492 26 -924 -227 686 -586 108 313 357 340 -187 464 315 532 786 -324 72 -256 348 213 477 472 -114 -160 1127 -957 653 -552 -247 425 -347 184 146 234 368 -493 -517 -565 233 278 6 -340 -1269 342 1126 465 282 130 279 -23 -6 21 -635 -59 -677 -738 -264 -917 -383 -295 -1201 205 -993 746 309 30 605 603 203 108 278 -603 -534 -155 -424 545 -765 -757 27 -648 274 -191 -1034 -516 -341 -139 445 -184 2 400 648 64 -18 70 317 203 38 -777 -581 378 -177] 5642.34
[-554 334 -1 -282 -47 193 709 -94 -486 208 -1093 286 -519 430 82 589 -996 543 -556 -961 -419 -1012 564 -71 -532 -175 765 -1106 282 150 932 917 -893 1634 -431 984 468 42 -105 -151 181 911 89 38 -402 169 -807 85 283 -738 1076 534 49 -602 44 451 -265 -127 1169 317 197 -636 -225 234 27 459 -73 -1236 -111 -283 -399 535 -814 -572 406 -319 -319 -666 113 498 -715 -236 -84 682 -311 303 -193 441 328 -172 1012 192 793 -296 -319 -157 -39 -1081 301 -597 -102 -820 248 121 378 -108 -262 51 126 -34 952 386 -194 -221 -758 246 -580 -214 228 283 -400 -413 508 -15 32 103 191] 6009.79
[571 690 -209 -394 -778 267 -535 -756 -843 -548 838 -606 -53 -102 -720 -498 698 -198 420 -361 260 187 -95 228 258 660 -502 -355 -560 -573 -162 -426 -822 937 775 -63 -620 -87 573 229 -72 -240 -591 357 -486 -147 479 -1081 -220 173 -223 29 173 794 188 48 241 -625 542 -983 -699 -726 -1013 -86 101 -306 -464 113 -179 160 919 521 482 701 -579 -395 89 -393 575 979 -303 714 -510 -586 27 294 -176 459 205 -383 -509 156 190 -328 539 -282 44 -598 490 694 -367 688 -571 -302 -627 -179 268 -331 184 1173 427 103 -59 1118 -443 -677 -391 -523 -249 -989 389 -600 542 32 -505 -320 -376] 5789.67
[-331 -664 -841 -384 266 194 -770 395 -50 -747 -934 -467 -409 -239 24 731 -753 -14 625 -125 -542 180 -262 -214 48 -15 -134 668 179 -106 -843 619 358 187 424 -766 952 659 -1080 -367 -475 140 566 497 444 130 -67 171 119 365 261 -1155 -176 -796 205 250 -71 323 530 -124 1115 -172 618 248 505 -509 -226 34 904 -167 -340 -758 -990 -422 -76 -128 -868 -373 105 -30 -80 543 769 43 -415 -359 -419 -33 569 126 -39 321 -884 -50 -120 -165 25 497 -469 -70 400 -457 639 345 438 170 -357 -37 -227 -739 -430 521 129 330 223 -503 889 227 -103 70 -970 179 -327 767 -215 -150 638] 5458.31
[860 761 -597 53 191 534 -805 -65 -74 -618 -289 -321 -125 21 -549 621 -370 55 69 -330 -51 472 780 -587 -253 -64 -46 692 -77 -10 411 1072 -132 684 803 1060 487 917 -370 -653 -460 749 336 -1221 17 36 728 -109 209 564 254 746 684 -137 132 172 62 882 249 345 226 -464 336 -147 -410 -111 164 -315 19 -49 776 1010 -140 840 -417 134 -713 1138 -541 514 462 682 -152 775 -187 -135 -408 552 -510 681 246 815 152 531 -613 -755 -222 -168 792 -155 191 -29 101 -331 -273 -572 700 -452 -365 67 -396 -502 -225 -358 307 -287 413 777 -557 311 -430 77 -453 831 342 -953 351] 5741.44
[-276 452 451 19 -1298 418 -32 13 -767 356 -640 261 -607 300 -70 257 -40 561 -771 1669 -574 -333 -358 244 -1034 20 -172 -81 -176 -738 -694 -25 -370 300 -142 -252 510 -460 -378 305 56 -338 770 376 -687 774 118 195 55 151 1370 485 -219 -712 425 582 263 -192 793 -105 219 -390 -723 -825 -113 -283 -109 -429 535 587 103 798 -208 -673 -188 -197 -482 567 35 550 -625 -56 -307 -151 445 368 85 -1067 486 -303 42 -240 -558 -637 -191 152 413 293 -302 -1266 -75 -92 -421 -721 183 -360 -527 273 -225 82 -369 138 -909 -186 -585 -824 12 -181 86 -214 -163 -65 797 -816 -836 933 -647] 5808.26
[-248 -264 418 -182 254 -699 85 -102 839 -745 347 -181 -470 -920 -297 -47 -19 -302 260 197 -495 299 196 429 -125 -14 -842 126 -364 -18 -221 -101 991 -742 666 80 522 1038 -146 917 -1045 -467 36 -175 39 34 -329 62 -231 887 -146 44 716 -129 13 331 -336 101 -105 137 340 -651 -746 -787 81 -474 -684 -154 -501 177 238 641 -355 -252 164 14 599 117 -328 -8 71 564 352 1145 -159 566 -122 -101 29 -821 150 967 -172 -186 266 -118 430 485 -32 -118 196 402 -797 -365 -49 736 428 -117 -779 409 -147 760 -381 311 705 -509 560 990 -15 -131 -534 34 -460 -85 -246 338 353] 5186.53
[-39 -383 119 -63 159 -967 105 -478 176 40 -910 58 876 41 175 730 -254 311 528 -1043 -49 -341 468 350 508 513 -404 -307 944 252 430 -130 -74 133 -518 410 25 27 512 107 -172 -7 553 -320 148 34 -332 -117 -663 355 -817 1225 -173 129 355 647 164 -80 449 767 -730 -678 149 -762 -100 -118 -259 -372 -40 -306 -91 225 -918 -98 906 -660 556 -725 13 -285 558 -743 -740 -321 -203 227 205 -26 432 -278 609 301 18 -87 -869 819 -213 -819 507 656 -304 337 295 159 12 -243 -291 1171 -81 626 943 43 -90 784 273 343 -104 241 1177 1496 -260 -376 246 -47 105 -610 -144] 5610.28
[492 -499 371 -432 146 638 -352 294 219 -744 -786 72 708 360 432 -288 -128 389 175 -448 101 68 -116 -624 -80 579 338 -332 299 299 91 69 743 -76 -586 -465 -190 -1295 -724 540 -226 -850 988 367 1058 272 -777 634 917 81 -336 395 -14 -127 -411 558 250 386 -963 -273 -125 237 631 626 -184 -310 385 -383 972 20 -521 -392 95 -319 217 1717 -827 -408 141 -97 250 -114 706 -546 747 -346 1031 -384 791 172 152 -1067 317 469 -633 -562 347 -70 -1463 469 44 54 639 507 159 -299 344 803 320 -163 -457 -451 71 -13 -247 364 329 -234 902 -173 578 416 -554 193 -592 417 58] 5926.68
[-819 105 81 -354 373 -552 -420 -621 -140 -534 1068 -164 -315 -1071 -548 677 395 633 563 -1503 1082 -698 296 548 -167 345 -270 -498 -350 -629 142 286 -441 -1076 391 -145 719 -83 95 -244 -653 -62 -293 469 -593 -159 132 1047 -58 32 -1257 -846 -76 -257 -404 -988 692 -59 -36 512 285 2 551 1066 487 -122 20 120 -169 968 -316 -207 367 -691 -64 329 -465 -1460 -147 239 350 -316 -344 -1009 92 -100 -42 -208 -750 656 532 19 -3 383 -361 -287 409 -388 136 421 82 -169 132 366 -42 -204 40 266 -450 -137 -848 718 -87 -444 -374 -441 -769 -486 -620 870 -588 -877 228 -341 383 -179 814] 6014.57
[-162 -1074 759 158 436 -268 -380 64 1037 204 -781 500 246 308 550 644 -844 117 160 148 134 361 576 941 553 -320 376 -465 560 352 1062 -1041 -123 -159 -1604 57 -306 -414 49 68 92 -117 613 431 615 179 -363 -45 -121 -663 93 -140 -1057 878 -334 296 -479 -54 -613 1748 -419 159 526 246 16 319 -33 220 1153 -273 140 -534 -42 -685 443 -367 368 -389 -451 -606 324 -1235 117 -635 233 -255 893 276 274 546 -14 -71 164 -155 -238 344 -419 -265 -1507 -311 133 142 105 403 207 113 437 201 -210 -247 199 -438 -467 -635 454 133 -441 -377 1073 322 584 -508 452 -2 63 226 -101] 5941.38
[601 179 97 354 169 -262 494 283 -553 -167 259 584 -662 -1656 916 -512 -161 514 57 437 361 -95 72 -413 326 -491 -188 23 -760 1467 108 105 101 -629 -94 -464 777 -971 -837 -286 224 48 186 448 286 99 183 1633 595 -109 -52 1159 312 147 -480 351 277 323 310 628 22 227 -474 3 -209 110 352 -321 -249 320 156 649 -1090 165 -100 -125 213 -103 300 879 744 -1 256 1009 -297 -1133 -963 -847 238 -557 1600 -32 377 429 633 180 805 405 -920 153 48 638 -711 -128 -290 -132 395 -345 -231 -923 472 -731 -563 -439 156 -422 -250 -289 68 -327 234 115 -295 -311 -1338 -943 631] 6278.82
[-72 -139 172 -399 -550 -260 -92 329 32 -112 122 -136 -141 318 335 441 357 -372 1416 814 -571 598 -307 -698 312 -225 433 78 -732 -589 -743 -329 316 -1029 -351 -1445 -523 1135 244 869 -360 -1090 407 756 204 -722 7 -135 -372 -764 37 -373 -160 -668 -470 -177 39 42 -621 -183 -331 274 471 -27 761 136 -165 1164 491 -71 219 478 -109 -102 -574 -736 209 287 -299 -250 489 -97 573 -6 373 264 647 -1389 -595 -449 -725 43 -238 248 647 -553 37 1226 -679 212 204 -69 271 -730 333 -154 -184 -444 -393 -138 -369 492 716 325 572 366 -139 349 -37 -358 -657 -364 133 -239 -693 750 485] 5799.75
[-501 -20 416 631 -559 275 -435 -337 -571 -347 -1072 -150 -305 -267 507 512 -771 777 38 -414 -109 -374 93 233 329 370 -86 -379 16 -190 -501 41 -73 500 547 516 1005 -31 -110 -1066 -5 -327 -94 -553 -634 18 409 -136 -261 224 -309 4 28 -264 621 520 -8 -270 138 -66 535 -161 -363 -35 -414 104 91 261 373 880 155 1164 -728 -117 293 357 -543 -26 407 535 114 174 -289 511 570 146 346 -281 541 -284 504 -410 223 539 -649 560 76 -124 -182 -668 129 -366 124 -772 -1127 -84 147 472 -356 81 845 752 -399 765 -209 -67 -1026 116 110 278 -348 -629 20 30 -525 434 574] 5086.55
[-263 -901 722 -352 290 -252 179 -179 101 -956 319 90 656 -334 -80 52 -65 -463 923 666 372 1061 -195 332 195 -336 -496 916 274 35 -119 -211 -510 -1450 -355 -716 -147 -170 169 334 39 -1666 8 -378 292 255 -507 134 457 469 -275 -531 -642 -13 363 -507 -319 507 370 -160 -302 166 -689 -149 130 146 -749 -30 468 -208 113 243 1286 976 -363 531 264 -671 -398 149 772 -887 88 -402 -974 -679 301 252 -1095 -52 -617 -299 -880 411 -137 -669 918 -142 -605 -423 103 -454 -236 277 -297 -382 -105 -260 -1254 -28 -520 -1139 98 30 -755 -210 288 52 390 -549 -594 -71 220 -535 -400 577 -599] 5971.02
[266 -757 -244 -952 543 -86 -471 48 1025 -299 -297 -534 71 1141 -1262 261 -441 607 -374 -64 45 388 28 -517 383 -573 -837 -81 -524 -162 33 -676 -596 534 -122 -309 -129 -391 -416 237 -250 590 578 634 703 23 -7 -86 778 -1038 336 -853 104 -8 -233 419 -1139 -124 -628 211 -612 -922 1013 413 -189 864 97 -437 -43 -59 163 -369 405 -256 -286 -702 719 -260 -126 -56 517 206 47 -123 -225 89 -238 -370 343 -365 -161 -429 222 -89 -954 618 -364 -163 -67 34 826 -810 142 -266 250 531 796 -28 383 440 -302 22 60 -719 673 -443 139 -92 134 89 473 -1128 -10 33 218 109 -656] 5530.27
[-174 -122 25 -206 22 337 -15 -777 -595 -756 214 -210 -82 641 -411 -6 -1174 -57 -372 -499 605 303 -496 -394 263 680 -267 -29 -463 85 472 -1049 -241 996 -20 506 -329 -390 -141 511 381 -676 -1303 434 -325 547 -620 69 162 -1303 744 -276 320 385 74 67 -483 -529 -480 -817 105 411 -515 491 -343 33 457 -1024 53 453 523 -264 423 -182 734 440 -280 514 -657 760 -748 238 -633 -1008 391 -552 -140 220 551 283 -275 773 724 1265 -333 -756 468 -597 -62 -303 -221 690 170 153 332 310 -473 -84 -507 1033 760 229 -152 512 -603 -39 -475 -65 894 -247 -281 -233 -687 -146 237 1056 -262] 5909.22
[15 250 -209 -170 -344 -353 330 -210 -905 216 -355 -130 19 401 -141 -264 -1002 -349 -329 -64 1110 27 -209 -1049 24 -178 224 -141 114 -281 -133 -68 -711 574 -540 451 411 -855 32 307 -56 457 139 271 28 141 353 1350 -27 -1644 -298 623 354 -307 3 15 330 -106 -82 -338 -692 371 -1258 -87 99 -568 574 -549 666 -287 108 -78 231 -107 -849 487 263 -145 287 542 535 315 -776 -125 -376 276 559 -127 282 -512 573 -281 -43 568 -132 -191 418 -1030 92 -531 483 -107 276 -210 392 345 135 279 759 137 -888 365 197 140 -708 -2 -601 -384 -348 67 -457 -576 57 -990 -472 -326 867] 5414.41
[400 -359 128 -383 433 1110 249 18 1068 -276 784 108 -153 -248 590 -323 451 272 -105 -283 597 9 258 -588 80 1038 651 -283 62 -471 -62 365 660 532 449 -82 -148 -165 -363 -131 -131 -307 18 368 664 295 800 -553 -621 -345 1244 -299 630 -591 -715 39 154 -605 -207 -127 127 -304 360 536 121 758 413 125 223 145 -71 -673 -50 -301 497 -108 -980 356 166 325 -1241 -193 508 -335 178 -539 149 -501 -241 625 -1552 75 147 -529 -605 -68 145 -51 -602 -9 -95 410 24 82 697 200 -176 -523 -177 -335 338 17 -369 24 -201 -18 582 -422 309 -356 658 1247 -1681 1110 254 494 -406] 5715.92
[-9 537 -467 -122 -326 23 220 -148 -102 -13 -96 -887 -227 133 104 621 75 -859 -187 62 113 1019 33 -121 474 627 186 562 -278 -595 206 10 469 -119 -379 -390 -543 749 -256 566 -410 186 300 581 667 358 707 -189 -1206 66 -712 288 -436 842 -113 128 279 -692 15 -1075 284 298 -381 148 -339 -951 -313 493 701 -778 1194 -279 456 -377 -281 -292 339 233 582 567 -144 -304 -255 -1032 -308 -1082 975 -226 498 206 -461 -788 -638 29 1053 263 147 121 -767 -579 -380 231 -125 -283 334 -2 16 119 -38 740 -77 331 319 751 -456 95 -527 283 593 -540 -183 475 -224 677 -394 613 373] 5539.7
[439 -595 986 681 931 122 -257 -32 1410 -243 156 -557 348 35 210 -47 631 -613 -924 398 489 851 920 310 546 -23 -476 639 12 76 403 413 -51 88 -636 -306 -800 -181 87 -361 319 -747 -9 -503 872 -999 56 -1447 -245 798 -690 -84 -247 687 508 696 -403 107 -155 308 51 -475 49 -214 -684 -407 -50 -417 -589 -348 627 211 370 970 219 -384 778 289 -8 -228 110 444 395 399 -20 -248 -488 2 -407 91 347 644 -57 595 -162 998 521 239 -290 414 684 604 -498 -102 -189 574 605 227 -443 -653 513 -1231 297 -485 364 -80 567 260 -184 -138 295 -375 -328 845 -1045 -71 -15] 5840.44
[386 -98 650 387 -184 -92 -645 276 282 -595 -312 960 -1055 -22 115 431 144 254 235 783 -712 860 395 730 -640 -975 215 -532 31 624 967 -39 -130 6 -256 -380 -37 241 372 -470 -459 151 276 -771 -441 -428 -333 407 -23 103 980 362 499 -629 187 -304 -344 96 -456 997 1049 -457 -86 -146 218 -314 -977 726 270 -653 379 1220 596 359 -641 -703 -352 760 -694 134 -169 325 954 466 766 194 -267 456 -331 -111 275 40 -183 -61 453 47 360 392 283 -888 115 872 -331 -170 -245 -700 732 -455 -411 -79 578 93 759 695 466 -1176 638 51 -99 824 -45 -193 -63 466 -536 -151 621] 5833.4
[-8 -389 791 -156 -43 -112 769 64 277 3 -102 263 -265 -268 122 566 -394 -283 -803 337 427 -163 195 522 -172 712 560 -203 -284 9 213 645 74 35 73 303 -224 -7 708 -42 -273 -485 -429 296 -771 -570 -368 -175 -341 37 564 -488 143 -335 274 -130 -251 -534 281 11 890 -68 -961 -9 -315 329 -197 309 44 472 -344 69 314 -43 385 -281 683 15 -543 -987 -686 16 658 804 452 637 133 30 -622 -261 -46 168 381 131 -221 -444 -10 -401 -514 -240 4 477 -894 422 228 790 -800 -622 -101 -677 429 9 290 -272 93 -509 391 333 -170 465 54 -375 -45 -1103 -657 212 370] 4810.45
[119 453 465 155 -130 -335 -376 535 -165 -777 131 -545 266 600 -482 961 -825 723 408 -296 -1149 -210 -567 -663 -45 -148 -117 259 264 339 -903 311 -453 757 82 538 -293 492 -498 -221 259 -36 129 -188 -241 -249 1030 -882 433 15 170 482 -203 870 149 115 207 1317 -38 192 -545 -512 -333 134 628 -452 511 -1150 -242 104 1102 527 -979 846 -537 -337 -410 1008 101 -1209 399 55 -132 -65 -385 916 757 -287 -1285 290 53 1010 433 -190 278 -1602 -1131 534 313 135 28 -105 601 -434 83 -370 448 -113 569 786 -207 -1058 -316 -50 325 188 -258 311 -265 -937 657 -107 -218 -365 733 -501 -901] 6332.98
[-307 -5 357 -483 -23 8 233 -282 816 -503 -41 408 -187 -508 199 -312 -154 -315 -487 -293 -184 479 -438 144 -565 657 84 84 323 294 -175 -43 327 700 -149 -25 -72 -214 112 502 78 -311 -704 -58 480 -595 -356 343 -30 -217 561 -1136 1287 -288 -72 -933 -306 -354 -272 -437 -531 1166 12 -133 304 -618 -467 168 326 70 140 515 657 128 412 90 -53 -255 -686 442 -52 -54 364 721 210 546 180 98 192 -462 242 -1178 -539 278 -431 74 -175 -608 -197 -359 635 -341 -1054 -656 -134 539 300 0 -821 620 611 642 -2 -207 977 -658 33 -229 229 734 142 -951 -209 -940 52 -30 367] 5244.45
[1191 -224 139 355 -754 200 -138 305 306 -509 -357 83 813 -802 570 -1037 -278 -308 398 968 649 -37 370 211 292 914 -258 -55 220 182 381 129 322 109 251 -265 -149 -115 -399 134 -136 -512 11 -250 147 -363 15 279 313 106 -217 223 47 32 -715 799 310 -397 -742 131 -774 -696 1 -631 474 236 -235 369 576 330 -26 937 -68 932 383 -69 0 342 -861 -94 395 435 22 343 1071 286 -206 -1030 -580 -370 -383 -702 -45 601 -273 -177 -707 -267 -587 -363 24 -226 -827 -848 47 -525 768 203 525 142 813 -155 -21 476 -153 -104 56 192 -551 -467 710 719 -263 -455 -301 -130 -412] 5308.38
[328 287 -295 92 -457 28 561 823 535 -1055 116 334 855 -568 -752 -708 1027 -351 48 -284 163 19 247 -1123 312 467 -593 587 -275 -278 91 412 -437 1301 239 719 274 -607 -156 225 236 190 453 87 1070 -496 21 -22 -234 555 247 464 371 -492 282 376 544 -676 769 -343 -457 -362 -585 -72 239 58 -728 -214 149 -1090 431 -498 -331 -87 177 194 165 508 294 542 277 265 -97 339 665 400 -1003 389 920 -6 -139 -399 -54 551 581 -510 4 -617 709 -599 427 -92 105 -268 313 -568 225 269 -195 510 911 479 109 554 -694 316 572 -429 -588 864 139 184 69 -610 -180 735 -31] 5582.29
[897 -1104 -471 308 -62 -138 384 640 -105 167 -486 -252 -133 1101 -20 -970 -587 1049 -431 632 -135 -37 -614 -398 366 744 -200 218 -276 -372 55 -1406 -1017 -235 -695 -350 -174 -332 -571 -418 289 -742 -420 802 63 -285 882 129 223 -661 589 -1131 -250 -107 -455 -237 -648 -403 550 679 625 -322 -52 652 610 -154 198 -619 -243 -164 -351 -532 1297 -135 -1023 52 -20 -121 195 453 147 59 289 -1266 276 -136 -332 33 -130 816 -81 223 581 93 -359 280 266 -1176 260 -338 -34 -376 257 -86 602 -292 -213 -333 -656 -13 -286 276 335 -165 -588 -311 -590 -784 -330 -122 237 -558 340 -366 147 977 288] 5855.67
[268 -907 854 52 56 -631 -796 86 31 -613 133 431 410 368 -374 -592 12 1331 -536 191 489 -163 -233 -253 374 -369 -231 323 -78 141 -127 -317 -295 -59 -652 -33 176 -907 225 -957 -813 -261 295 233 -415 278 -717 597 308 -654 -598 -199 929 -1180 432 -232 -336 212 -510 -12 -385 -466 -132 234 -206 36 654 661 754 365 -43 555 746 -497 9 935 -323 66 135 51 -5 771 -134 401 864 -36 -1048 60 774 117 -106 -464 688 862 527 -304 294 188 476 -500 1127 1053 68 477 -123 291 -511 -638 -650 -582 415 232 -118 614 -568 -563 -434 83 131 344 322 167 -163 87 226 -59 800] 5626.67
[-873 398 -274 200 -574 146 263 -20 -198 496 -281 572 -153 163 -272 -1181 -439 154 -160 673 -630 151 81 -521 888 -360 -376 229 -135 -553 -468 -484 710 314 -656 -530 220 424 -327 346 159 506 568 1130 31 787 -329 -543 -385 -322 -77 -28 508 845 -214 788 700 -548 1030 101 -647 192 -848 -395 28 157 908 -389 525 465 548 -428 -735 2 -498 41 438 107 215 291 -27 238 -280 -8 683 66 118 -254 455 -158 278 102 678 84 509 -197 -406 319 249 -308 244 513 413 338 450 841 -714 -78 -1279 -371 573 -354 171 -567 -530 -132 187 -540 438 -342 450 -65 -47 141 -280 161 345] 5291.59
[-283 -68 -628 -710 61 720 1602 -320 810 -165 929 -425 -879 -1110 126 276 78 375 -665 -499 376 298 607 966 -619 471 738 -60 122 97 -113 338 -792 146 441 235 -316 483 86 168 70 -585 -464 -177 -202 691 -336 287 505 -61 -213 -696 218 -164 -1091 -453 443 -563 239 -279 659 200 -807 470 -259 -211 -62 -216 -252 962 393 -841 -14 -741 1237 827 -246 856 -199 159 62 -1014 192 230 313 427 -29 230 276 611 -851 -199 -131 623 -1107 948 188 -606 -505 124 106 -950 -591 -380 -50 586 -609 -172 65 253 -43 -985 838 -2 386 268 -700 0 321 292 151 -15 20 -583 285 66 412] 5951.43
[-570 -956 230 -351 836 513 -425 -253 -402 -612 761 204 -264 65 -413 680 -50 28 -451 -344 364 -702 -691 432 1228 -16 -190 -160 -310 65 90 -929 -215 625 -520 871 -258 -141 747 -37 -335 404 -226 481 229 316 470 853 -331 -399 -275 105 42 249 -149 -45 -686 -236 -1190 219 -617 703 712 320 -39 81 14 111 367 240 -900 -532 615 -1008 -1278 -323 -255 -552 540 55 -442 -292 -387 -366 -1130 511 290 1288 162 211 886 1014 -180 -1175 -196 454 305 -253 795 -639 -446 569 -26 649 -605 62 -166 655 -185 579 -336 30 -163 31 575 -369 22 310 511 256 -143 -469 -827 691 494 424 497] 5938.06
[-815 903 -669 422 -656 -635 586 156 369 574 -77 134 -78 -449 425 133 94 522 -253 -503 619 -753 256 356 -371 179 134 -684 191 521 143 864 65 415 757 1462 341 393 -226 -739 529 272 81 -978 -86 -228 756 -329 -331 254 -171 -111 -430 855 588 586 459 -176 116 125 572 -631 -681 262 -332 -131 290 -322 -921 1105 -772 734 132 722 145 97 -809 -451 187 67 -1059 -307 -307 -583 -141 -182 -380 150 691 298 -323 -506 214 -510 359 -383 84 -1125 502 480 -63 3 -782 113 -114 833 -235 -105 631 -678 1320 -304 545 -403 290 -257 43 -137 -1056 -538 289 -192 -46 504 234 -264 -65] 5795.34
[527 -704 480 230 401 332 717 -28 90 -574 -573 -62 236 -714 25 415 798 460 468 -217 127 -25 511 106 183 -236 431 661 204 -230 -429 858 490 327 -227 38 -26 537 -116 519 -181 701 -198 49 22 581 -504 -165 -176 451 -192 -1336 859 581 -997 216 -280 -60 -487 606 -276 -88 638 331 604 842 -116 506 -437 -994 443 26 -515 -446 -61 -978 512 790 729 -670 -468 139 -326 980 -454 155 -640 38 -1114 75 564 -289 575 37 843 328 -324 840 50 -507 -185 -487 85 102 -686 -723 541 555 -395 -339 114 -87 -698 -431 -77 828 -122 28 -619 -525 -401 385 -145 195 -65 911 68] 5589.47
[739 290 331 -428 968 155 1109 309 864 -1198 -183 -524 -282 612 -744 268 554 147 -855 -457 -694 -915 -265 -381 805 395 -597 777 -564 -916 231 -51 822 1121 58 353 -54 333 42 666 -175 -339 410 457 462 96 616 -630 -525 1220 455 -636 373 -179 -525 216 -29 229 -784 350 292 -208 -52 -352 14 -1204 151 -451 236 -1568 309 179 -1142 -1013 258 527 -936 -340 56 76 568 378 304 425 -174 26 -351 358 -376 643 26 505 606 -948 477 -835 -127 205 948 121 604 952 1358 71 353 680 -92 351 -364 419 49 345 -642 -410 -464 -294 532 568 310 769 747 -41 282 -336 202 305 452] 6413.62
[578 335 22 -419 -874 89 -716 471 52 111 109 249 9 226 797 -417 413 924 502 272 -279 -402 -522 -443 858 -89 -28 66 -337 -1374 984 -28 -270 291 -1077 297 334 317 84 -524 -633 71 124 -36 -382 -643 712 -76 497 152 -77 894 180 -773 -354 185 18 333 91 479 135 -385 -632 -109 342 237 101 339 280 -690 -298 247 -942 -235 -731 -259 668 175 434 -656 808 -368 311 -721 40 315 -196 -993 411 82 -379 -110 1200 -842 -681 488 211 -703 411 633 196 -297 -384 -244 -144 -1417 939 416 323 -816 -516 318 841 192 268 491 -160 -435 362 -98 314 356 -107 -479 -1492 66 1065] 5941.57
[274 -293 1202 -285 -440 446 -1108 160 -365 -27 -165 235 -82 -469 -886 415 -314 322 846 271 501 -184 420 876 -999 807 -468 -399 815 -42 -445 49 -360 -500 11 131 1026 416 -45 -458 -261 -993 559 -243 -558 325 -471 -172 1464 7 39 -746 -643 211 -280 -350 390 -490 -518 210 -193 -1000 -117 158 -249 945 187 1459 194 1440 259 1326 347 531 361 300 -511 524 -1 684 -841 -612 -602 -779 539 121 514 -692 147 378 -638 362 553 -82 -579 295 -419 -225 -278 -299 -94 -584 -438 -81 -121 -303 248 -912 -133 346 -510 -486 757 363 -129 -239 675 -211 -696 171 -93 174 -1047 332 609 -227 -320] 6186.4
[-138 237 -203 418 132 -24 871 267 -699 -791 636 -738 -514 -441 -279 -561 -583 -430 875 721 -206 -170 919 16 100 -603 39 -439 -1499 1238 1127 -1196 -487 -306 962 580 205 -619 0 334 584 -456 -11 846 -101 952 109 741 -366 685 -129 1324 -132 314 -686 698 436 289 309 636 602 392 -1208 -736 -633 258 -25 -477 -293 -346 1052 -153 267 133 -406 411 127 169 -877 1105 212 -56 -70 124 11 -56 184 374 116 700 68 -344 580 705 93 -202 -162 70 -1302 317 -919 992 -284 -754 357 -384 77 -175 -232 -208 1058 215 286 380 164 -195 -974 139 -147 -17 -105 -453 261 -90 -830 -127 555] 6336.06
[133 -90 263 -636 508 353 67 -31 -401 -708 379 541 118 131 -1089 -419 -5 734 231 -25 -15 112 -204 167 232 -168 -1030 -303 -718 361 -431 384 97 614 381 638 677 353 -290 39 -67 245 329 653 59 663 -437 50 -231 -18 -499 34 763 913 362 808 389 -907 -2 -219 -712 -502 -92 882 -308 1112 540 -336 -848 -67 724 237 304 777 -465 72 49 -148 53 872 -411 563 -645 -164 -517 -708 65 -357 18 25 1130 -374 1084 657 489 -133 345 185 113 -587 -438 626 -103 28 189 859 -560 -15 -139 -254 32 -282 -1097 -316 -243 28 169 -103 -358 516 -15 -112 138 -341 44 199 -427] 5344.37
[244 365 -277 -398 400 -321 78 -603 387 -755 590 -111 490 417 700 364 301 -250 -147 -158 6 452 94 305 -225 244 666 229 -126 -875 -100 145 326 -710 -1382 752 -1199 -244 255 10 176 -1223 -437 -110 -389 -95 -325 -331 -566 -219 -592 199 441 199 25 174 89 367 -398 53 631 -65 151 235 -54 -1153 247 -639 345 -399 489 -369 -148 406 -74 116 -602 125 -118 -401 -199 -191 825 -1615 298 -306 871 762 -1418 242 453 485 -257 -24 -123 -298 600 60 31 354 -21 1039 579 542 363 -336 91 -228 -403 -361 56 -360 -217 -282 78 -880 93 -238 485 864 -141 660 -116 840 -239 -416 -185] 5546.68
[1074 -587 -576 -472 79 -533 -1234 -155 307 -59 -438 24 206 -213 -677 872 -418 -359 642 139 148 -445 -27 -299 779 -696 -902 171 -716 25 892 -650 -653 705 -215 -97 -33 250 -62 351 -220 375 808 -143 367 39 343 272 -160 -195 456 158 -727 -901 -853 141 -562 511 -141 -111 -336 -496 1071 -52 0 209 -586 1067 853 -615 -404 -745 -294 -263 201 -169 79 -489 300 -430 173 -135 -126 -476 -859 -1270 -416 269 475 448 -77 -99 119 -268 31 270 557 68 215 -290 712 276 -294 336 -536 322 -365 -94 358 372 -634 -818 113 1367 223 432 -30 525 891 1102 98 379 58 409 -493 -1034 392] 5825.2
[565 -197 1032 339 673 -18 447 272 34 788 220 -146 -100 -516 542 -111 856 242 -4 -426 -317 229 484 348 437 554 -158 -208 304 476 -164 -108 59 76 -292 -297 -306 -84 -466 -1030 -31 67 -589 -529 172 92 -592 -719 644 -389 -182 523 22 225 -21 189 -259 -512 -270 340 -36 -889 246 1101 -212 810 4 -359 -1319 583 -2 534 -216 277 237 -729 506 94 946 55 -1588 -347 709 39 512 -407 -312 -160 -402 -552 46 608 96 890 -23 568 -336 286 254 305 -370 32 -291 -110 -501 -420 497 -720 -418 241 1101 1029 -277 -255 -80 336 162 -9 -672 -354 593 -391 -551 666 293 957 -106] 5543.09
[202 427 -423 860 -232 53 361 -447 -692 60 -100 -227 440 180 1400 -208 -411 97 -1285 616 -366 191 -107 461 -328 106 108 794 801 247 -1421 -916 -81 -148 80 115 -549 4 660 -1542 419 -460 -139 -764 -475 819 -839 501 816 294 -507 179 457 469 601 -276 169 -283 -666 -29 310 -217 55 -276 -122 -652 5 341 231 826 -868 -366 56 562 612 164 -451 244 -354 -426 371 -27 -470 748 -201 -368 693 312 246 -589 218 -396 -70 -605 211 457 502 -72 645 778 116 -557 311 295 -261 673 -1106 98 364 358 247 -410 -321 -264 216 -680 -637 -112 -9 -388 -91 43 489 141 -51 228 -1207] 5775.2
[439 -772 280 458 437 360 -64 136 -267 -324 582 546 282 -557 36 -1268 760 -767 -236 -397 680 -62 100 400 518 261 783 -117 616 1110 362 291 773 389 -177 197 -354 -692 -73 721 -63 703 -667 -251 580 -547 -594 -405 6 -555 -535 317 285 441 -712 357 535 -264 -581 -261 -1013 907 -318 -493 315 385 624 221 -213 -449 -407 -107 579 320 -732 325 126 185 -198 141 -482 61 -482 -9 389 -300 -132 870 715 114 -266 -407 140 931 -17 -374 363 -423 -475 -563 291 -564 -560 -268 493 178 698 578 323 220 768 487 -281 -364 292 653 -170 -127 133 -299 -76 -153 -274 -231 254 -112 -3] 5301.01
[-280 -260 -118 -408 373 -234 535 -38 465 26 -819 600 78 -277 459 -100 -233 482 -508 -227 -113 113 -358 -302 -471 -851 231 -622 1536 50 -337 -336 -291 -35 -402 -243 94 175 -351 20 148 590 -364 4 221 861 -993 77 1079 -646 -987 -361 -91 -356 -125 110 -474 -195 -1021 132 -904 -350 674 240 -50 663 737 -1288 -619 433 -284 146 -292 322 491 100 -2 -21 -328 -239 -227 -584 -184 74 725 -47 -215 -281 -203 -336 386 -98 -198 -564 -1034 964 -89 125 -228 -344 10 -924 941 897 415 -62 57 520 148 -111 -429 -60 142 -723 -978 244 300 353 -156 -1393 911 152 246 -467 1068 1074 -181] 5816.66
[-518 426 -353 -371 240 76 531 -318 328 -736 178 4 37 -165 232 450 182 -396 214 395 -927 14 -198 -626 544 -322 28 602 -283 72 -27 444 -285 587 -387 822 4 254 538 252 -414 403 125 157 364 328 377 -369 -852 -1379 288 199 -255 931 1103 40 188 -590 -610 -460 -1142 256 -183 718 -490 776 -90 -71 -145 -39 -78 370 -787 -9 16 27 -443 517 -228 -1045 -938 -149 836 430 -393 -528 478 1226 -1336 281 -500 589 137 -82 1146 -886 236 742 819 -322 -263 283 247 687 -624 564 57 -543 73 719 877 -63 -504 116 -512 95 383 -23 -743 -646 15 -105 -713 164 6 563 88] 5820.17
[423 425 183 -651 -844 372 424 -46 44 358 -299 163 -146 -783 -464 680 -804 -255 423 418 -52 423 -1112 -749 -67 -458 640 -795 347 592 -850 -140 41 93 -643 -729 -153 702 -333 -418 240 -383 -909 -120 -581 474 -1089 242 1088 -807 3 919 -315 -91 -1164 -339 574 -214 240 -1009 -60 -798 420 -132 72 1639 -483 -155 482 139 349 648 -352 536 484 -327 953 593 666 -55 296 -447 -4 1255 5 -617 -182 -340 -450 -602 -6 139 377 331 -197 405 606 326 -117 164 -1052 179 -473 564 -1017 624 -402 -499 110 -521 47 -654 -373 289 134 485 169 163 -167 -539 -10 -456 504 -619 -278 -554 -1306] 6183.05
[200 -101 -285 689 308 164 998 464 -639 -122 411 332 494 -700 -300 -206 526 302 -596 -53 248 -727 -129 -463 -683 608 613 -490 -200 655 139 182 536 196 673 996 334 335 -379 520 408 -451 -1278 -2 732 223 -282 392 -235 -757 402 66 538 -505 66 381 206 -302 439 -387 -258 553 58 631 -365 1340 1103 707 -295 53 -764 12 -26 -36 202 210 -396 603 215 -179 -1466 -296 -179 -5 377 -277 -372 1008 -246 902 -392 448 277 1029 625 167 349 485 437 456 -554 -412 -677 -356 516 7 890 -400 -236 -455 1559 -36 52 356 -460 404 246 -293 -249 754 -862 66 -802 -382 439 -250 289] 5942.5
[-924 66 -17 -154 613 608 -95 -236 954 -837 -585 250 1026 435 -493 -35 55 -1118 -249 602 1058 -559 -655 -666 222 -527 289 128 -378 -611 -285 -639 146 849 21 -1387 -11 -600 265 215 367 46 84 502 257 -925 39 1019 -1149 366 -253 -743 1081 233 191 563 -754 -323 -1122 -24 108 1150 351 -705 -659 465 461 468 544 -589 411 -695 -850 -365 -311 -805 -57 195 -52 -789 657 886 -189 837 96 266 -19 -666 -938 -1005 338 -50 -307 631 -353 -311 -183 452 968 -929 179 336 -57 -232 -201 971 -494 283 -178 -305 570 -501 4 -691 149 -99 717 570 87 988 -316 -636 -51 -322 -319 -89 637] 6417.86
[-2 127 508 352 -357 -186 392 -149 -895 -290 282 334 241 -655 -299 -532 -499 87 1077 785 -152 360 -346 543 -89 -135 -496 665 -593 -33 -946 -852 -252 -581 230 610 189 -405 170 -669 -451 -294 -36 -425 -1248 788 -110 921 -434 55 -336 823 284 424 534 79 -11 100 178 -167 55 297 -1556 -376 -18 150 -260 625 115 519 207 -536 -165 270 -717 538 581 587 480 173 393 -382 -539 -59 -470 278 420 -341 -5 -624 -219 420 -68 409 108 323 -265 513 545 31 10 348 90 -787 -586 -1207 -40 0 -85 223 80 1133 191 449 498 -171 -799 -283 240 356 -457 793 223 -40 -928 -68 586] 5504.68
[-1216 900 607 828 -349 -10 -107 60 277 856 -316 -985 -16 994 236 455 636 -299 21 342 -1594 284 -475 660 -672 -122 679 24 441 28 -140 223 621 -382 -503 -128 -365 888 -662 362 453 -160 47 46 -238 -873 307 -777 -1074 571 353 -313 -900 532 -31 1 -5 -402 700 134 -308 345 864 -75 292 -1270 39 396 607 -674 24 408 -105 -400 -213 139 -555 -531 53 -87 -498 120 18 -245 301 498 1286 -10 -7 622 -193 -278 375 -197 1490 56 30 392 -124 35 -327 48 622 -192 834 -227 468 332 257 430 -16 209 -161 211 45 -199 129 -522 -99 321 -291 -119 1102 -190 -187 547 102] 5775.6
[578 -267 179 602 123 -478 373 366 -5 -518 100 -47 599 22 -519 -680 147 -130 -956 121 208 225 -842 123 -452 46 -437 651 -309 1045 27 201 366 -375 170 -597 -450 -222 593 543 176 -261 476 449 1131 -136 -305 251 -432 -215 -823 22 -495 200 914 972 214 -649 8 -418 -480 337 -476 -65 -346 -395 271 -618 -253 500 -322 -85 -175 1106 -312 1041 162 194 -717 -17 108 1091 -149 328 -738 -756 -70 479 -129 -621 85 739 -61 1959 1298 -1046 -203 704 -82 -358 -309 1086 4 214 103 1702 -787 -388 146 108 -339 -554 265 494 -810 -28 855 790 -359 -296 -74 -331 294 -298 408 -801 -182] 6203.28
[0 -158 -717 11 -124 348 -78 184 -3 -309 -416 18 335 811 928 140 -176 124 64 470 -486 244 -587 -670 85 932 -60 759 -358 -1202 323 640 319 44 -732 453 537 97 -199 -530 -761 -729 -646 47 -353 -298 138 -376 544 -443 565 -35 142 -590 963 -181 -438 -144 560 421 -506 524 -220 368 -28 -159 -448 -580 26 -589 -54 352 -522 -261 209 -207 490 486 -165 22 647 -18 811 78 -215 -4 379 -250 199 -712 560 -430 601 677 -159 -290 514 -284 -94 -725 -518 -984 -218 -288 -155 -1432 377 318 -815 -117 372 422 -647 -239 -770 238 -881 64 478 -95 -584 550 -56 -995 -805 1221 -65] 5587.78
[-273 -276 396 47 -795 -332 525 136 -424 62 770 -35 77 1423 170 42 -726 319 -125 569 -1070 360 -619 -115 -382 -468 166 339 1119 437 -629 292 -229 465 -1057 -228 -328 -997 -153 717 248 82 -195 185 -270 523 -13 150 488 -1367 445 -164 321 -332 -776 -340 636 102 108 203 -753 725 -410 118 999 -535 221 -778 315 -853 -386 -581 177 249 -243 203 55 1141 -556 -166 130 -338 -524 -4 296 155 -221 -421 650 343 -797 -1028 92 123 412 360 140 259 -100 -300 266 -149 -283 -446 1223 9 -247 508 658 816 -498 285 -54 -489 642 643 -1208 -300 1829 -628 413 -582 -199 -1130 480 -578 -258] 6232.83
[618 -276 -848 -397 147 -401 -1153 149 516 145 426 1223 424 381 -200 -585 -206 -326 59 129 353 -351 -11 -474 -20 -1177 -258 -1188 -99 473 976 -1017 -383 551 367 201 77 -121 433 -422 -683 1162 -422 -409 -115 -589 293 79 -612 595 264 365 -223 -309 95 -376 -313 -17 -770 664 -658 198 934 -628 214 660 -308 25 -1025 -663 40 -391 478 524 -209 -476 322 317 -219 -103 1055 132 -2 -396 -312 -116 -346 371 919 244 302 -287 251 -568 -171 574 161 -647 991 595 613 -276 -463 -42 -258 -406 596 362 -4 309 444 -466 -340 115 372 268 -652 -204 612 62 63 318 -733 -134 -179 -576 459] 5640.93
[290 -173 -305 43 239 -126 21 213 -110 815 -73 -551 562 -296 -591 86 550 -20 -237 -318 567 -228 397 46 448 -52 -253 666 -181 507 600 -552 -361 -133 294 364 -373 228 -342 85 486 323 380 222 -56 261 896 107 644 14 -263 -368 -198 652 -785 -204 -216 185 -284 123 -176 27 -4 504 -701 390 183 -271 -1122 152 116 -652 320 -313 156 5 588 14 573 225 -60 -609 9 -653 -890 -1189 113 774 418 367 -16 -217 929 1117 303 -148 -231 -812 -59 279 -311 -328 -524 -413 -51 739 83 -677 397 -109 -854 -661 670 -943 -226 779 -27 -236 -314 -666 226 280 782 -666 -4 85 -155] 5124.65
[-603 291 -87 -571 38 -392 -124 -216 257 642 -287 -1044 -875 488 26 549 -320 195 -271 -953 -31 -244 50 37 -216 166 91 459 -303 -130 608 205 -186 -110 230 -440 34 -61 -53 451 -338 -481 478 -185 -448 308 555 17 -731 -86 -779 -870 -1239 -422 813 -219 -428 -546 420 353 527 761 -96 1082 28 -770 188 492 837 1098 -166 -758 -482 -519 1068 1067 -455 -571 -96 -26 360 410 -41 -113 146 -39 22 -541 928 373 -823 -181 -300 397 48 659 -261 -5 -632 87 876 -3 -138 106 72 317 -212 -245 165 160 -832 95 474 796 188 -723 -331 251 596 790 -199 -645 106 5 -233 -180 1285] 5617.39
[450 -323 -948 187 452 153 -330 958 606 -23 490 -138 -308 542 717 78 588 21 -828 383 -313 31 -351 646 -932 -328 30 -21 549 -133 715 532 43 -591 -492 183 224 -414 -641 -462 335 -517 350 201 1074 -154 -82 677 121 -451 302 -165 -156 -1233 -395 111 185 -325 96 81 343 545 1371 132 801 -302 474 -456 55 -684 -483 -36 930 777 77 377 -410 216 -937 711 -703 -556 480 -619 368 -286 -332 76 339 1269 17 -586 -856 -165 446 413 1398 -172 -801 -620 -660 -285 -1188 6 679 -641 -20 -57 -575 -488 -1409 -340 -236 -936 -254 40 -39 253 629 -264 -354 223 -455 143 -36 -397 -532] 6083.13
