4233.953708 2647.541249 1.030116197 39
[[290 -582 -157 -171 51 -568 90 -548 348 79 192 -510 74 728 -444 236 645 -10 -265 -342 -78 -515 -267 -424 -384 -210 -329 -231 125 -34 -155 603 69 821 -246 -412 -355 -316 -163 -593 -959 -128 695 -53 371 4 427 -109 -376 582 -439 -143 292 727 244 377 27 990 -38 -1140 162 -54 635 574 162 -435 359 270 -303 86 -567 -285 586 793 163 0 543 -230 -5 -183 -476 260 1027 618 -57 31 -437 13 -37 -8 216 -123 217 -77 -723 -886 -229 -111 432]
[-489 -254 -176 -941 223 638 403 504 204 -767 -677 716 -35 -7 -172 -331 -1339 299 127 -461 -186 569 623 -663 -126 627 -182 609 557 -27 -409 -505 157 -250 -272 563 -34 -43 112 57 491 -253 -90 479 -144 -473 -148 -262 -199 -173 -17 411 -386 125 -242 -398 774 -502 522 959 613 -290 95 -70 235 39 -186 -141 161 -476 326 -42 146 -334 -262 -622 190 -235 -574 -312 789 429 -1185 -474 -350 92 101 -770 244 792 689 -74 -90 437 646 584 -71 256 38]
[-43 849 -38 246 15 38 -483 275 173 254 711 -549 -4 -631 -129 309 81 -657 137 170 -631 599 -516 654 327 287 579 -495 -551 169 -326 -161 419 23 293 -659 781 452 248 893 573 201 250 535 123 1075 -247 587 -276 -656 353 -706 -522 -525 570 171 144 -304 -773 -792 298 369 -270 -160 -591 -165 -704 334 -334 708 -407 402 -130 -255 -85 321 -192 131 153 791 -355 -350 266 -235 -190 208 -39 -92 922 -654 -475 -60 -86 97 35 83 890 -284 86]
[486 -910 -500 -116 680 -84 -427 551 -234 -671 13 -440 446 686 253 -846 455 237 -105 -506 231 58 395 -492 -215 -127 -241 -432 569 -16 255 -106 100 -210 -285 240 -810 -712 -195 -990 93 -370 -123 99 54 -202 693 -366 87 -236 51 903 382 -58 -17 -736 -547 72 193 75 447 53 231 345 312 464 420 -442 589 -645 -352 -1305 550 -693 516 267 192 210 -423 -521 36 397 -42 -159 -192 -661 262 516 -442 -84 81 182 95 1059 716 251 -26 -643 -358]
[98 610 -306 -608 454 -877 -694 572 787 -376 279 -1141 -602 388 -235 -334 79 -370 -43 -948 -468 730 -29 -118 150 352 421 -151 -162 -133 130 407 865 793 -400 401 -121 115 536 8 -318 73 -231 -339 345 501 -202 -137 -149 -206 269 -130 -756 327 44 -419 -591 -297 66 -475 663 -831 -132 437 301 77 -618 5 344 67 -716 -702 948 -470 169 281 286 319 -431 288 247 522 643 672 -5 488 145 -11 578 -236 -99 226 164 832 757 101 1203 -236 354]
[-686 -272 20 -116 -1159 -723 -79 -270 105 982 -94 12 -399 247 19 106 227 -90 -498 -62 560 -802 -222 94 -163 -809 -40 69 -1357 -643 -305 867 -216 918 240 2 -373 370 694 1008 -326 931 260 -1130 260 138 -903 174 -191 805 -363 -303 -252 572 -106 201 -231 457 388 -794 -303 -131 402 -406 281 386 483 898 275 -420 37 334 577 717 353 -37 275 216 -681 281 -24 214 794 419 40 622 -393 30 -576 -325 55 211 48 -586 -212 -1289 492 489 487]
[-606 781 -38 -231 1115 -17 432 -100 744 -649 -531 -151 -565 62 -724 117 -331 452 -490 -407 -725 -224 -342 274 6 1129 132 152 31 245 -234 680 861 857 -418 -23 735 -215 423 -218 -172 118 352 314 442 181 -567 -158 -491 256 -394 -359 -183 -52 98 296 421 -158 -362 292 902 -1229 -4 313 -23 -692 -1072 312 -227 471 -222 -800 1293 619 -229 277 59 -345 -53 381 -345 227 -540 101 -82 792 -146 -315 454 799 -535 292 405 -316 -67 409 135 -460 755]
[599 1005 259 -228 -71 -309 -869 -10 -236 -680 114 -866 -491 -136 306 487 -217 -337 554 -272 52 452 202 104 1156 -315 -163 -612 734 -263 474 -410 230 -27 12 117 -361 317 -211 -719 -80 -177 -1177 78 -479 40 768 -538 97 -769 945 -490 -202 271 505 -330 -1264 -346 322 10 -271 21 -576 -371 -275 -107 74 -222 110 164 -383 597 -454 -199 -252 -112 -374 -827 -197 73 769 -316 521 -378 983 251 642 241 770 76 -193 -69 -146 647 1023 766 300 -370 -519]
[287 -182 -253 -83 159 186 710 198 310 -406 -115 695 -341 -546 -185 14 -134 -258 502 521 -385 241 546 -839 -306 563 -128 652 501 874 -507 -486 -808 -792 -486 719 227 -478 266 22 377 -374 -166 159 677 -311 -210 -65 -104 229 22 55 336 -155 -691 98 661 -36 103 1346 -357 -189 -168 564 -63 -147 -244 -697 12 187 -485 -793 -476 -1097 -281 -903 -780 448 636 -37 193 36 -897 263 188 -271 -696 234 -357 822 -269 96 -576 199 -38 81 -1014 138 -519]
[295 925 453 -928 136 71 -112 -1313 27 318 172 -384 -160 478 354 440 321 -533 -218 -478 -19 12 -335 135 675 -204 345 28 297 -307 934 219 -65 976 596 -92 410 787 -501 -505 -1594 -561 -348 -20 -482 -44 953 -67 213 167 -643 -314 204 801 -314 242 -14 1358 -20 -683 -552 -30 447 57 -219 -589 701 232 -494 -261 575 838 -399 488 -457 96 306 -1319 -114 -314 84 -175 846 628 353 341 271 -620 568 742 515 -314 -243 -787 -2 240 -381 610 491]
[560 -593 287 -172 -157 -1011 -189 -238 279 905 717 323 384 1271 593 -589 627 -250 -641 -898 484 -317 -294 658 -188 -804 811 422 -1121 -653 648 545 -293 872 1180 107 -1379 416 -20 213 -532 168 -132 -1335 -107 215 183 139 437 144 -167 714 -89 -275 -302 -124 -40 311 726 -295 -268 459 517 449 260 94 568 -70 347 183 635 -76 9 -17 -467 268 1126 -173 -70 -369 -434 143 1160 792 -20 -604 -162 626 -545 -345 437 157 -49 -408 -54 -75 551 70 202]
[-233 667 -213 -708 1072 -1052 564 452 525 -993 217 -230 -288 769 -268 295 -205 -602 -252 -511 -824 476 -139 -498 -684 731 587 52 228 194 20 -97 -176 466 -397 -171 199 -397 307 -241 -484 -442 -217 -32 87 540 4 115 -246 336 42 -583 662 208 88 -114 651 521 867 623 -128 -429 104 635 -10 -1046 -949 208 -409 598 -522 -312 169 -78 -473 -140 674 -481 60 115 -871 4 -514 481 350 447 -714 -92 -10 913 -333 601 22 67 559 369 19 -630 623]
[979 -162 317 -487 4 -645 -508 -143 958 -867 93 -297 15 156 -345 373 103 -237 441 -981 104 -458 209 -66 154 -164 -393 47 12 -198 216 111 -89 692 -276 -266 -1392 -489 126 -527 -568 -531 -457 -65 471 -389 50 -687 -321 -202 468 5 -997 -168 55 65 -838 -331 523 -986 450 -579 205 1021 261 -561 400 -1337 781 633 -74 -795 -36 72 -89 -185 764 -215 -191 -179 75 698 1469 485 435 -455 207 357 -87 -211 -43 196 603 858 -459 -107 476 -730 -420]
[-448 -810 151 542 206 157 317 -674 -6 -430 -551 513 1085 -325 -541 -46 109 296 -211 -253 504 -846 -6 -422 -1150 348 -1077 360 1042 439 186 760 118 -142 -1072 -402 370 -564 -84 -616 -771 -337 329 415 -237 -625 -934 -46 763 857 -623 269 473 66 24 177 65 -446 194 -107 -613 -672 -12 22 940 -463 2 -529 -191 -435 809 413 285 1447 311 438 -153 537 -341 -173 -918 520 -419 -140 -235 -436 211 -693 -897 -40 127 242 6 -239 -1430 -968 -381 -100 -117]
[-513 85 -53 314 -213 474 -40 -1061 -33 651 -277 -30 -1177 -203 -154 402 538 -78 345 924 -235 -427 -142 172 160 -380 -128 -521 -741 154 -535 -43 -119 -153 257 363 1298 188 -151 707 -100 184 382 -206 -346 -21 225 181 -495 447 -565 -226 539 221 -99 506 741 439 -328 -469 142 177 -266 -402 -1097 -15 -577 947 -503 -339 -575 17 -132 426 -20 -118 -770 181 309 321 439 -813 -51 -235 -152 708 -997 -131 360 -220 -969 44 497 -217 -901 78 -881 236 -200]
[-382 604 64 887 -66 -1048 -1323 212 338 -766 0 -1156 -127 -575 -143 -19 782 -577 -96 22 213 -1062 109 -292 369 -270 100 -1257 -594 -188 379 789 482 933 -323 -714 389 11 897 381 295 -540 -393 887 295 924 -739 67 -491 228 355 -254 0 -122 856 -727 -1134 -54 -394 -1069 -80 -1152 -449 -358 175 -212 -521 716 -13 -608 -758 -824 762 457 642 891 -369 106 -1044 245 -517 337 78 -191 318 453 -295 -82 -82 -440 -1037 322 783 713 17 -610 713 -893 -567]
[-120 234 -172 -1364 558 785 -122 -310 622 453 49 235 -37 -270 -300 -885 -445 -539 468 -491 -463 1039 462 -151 48 538 51 977 741 848 -424 -212 656 -280 -131 -192 587 -456 59 6 -275 -15 -131 150 20 -919 19 58 129 -58 -146 307 -910 168 -1065 457 763 -294 -315 -37 248 60 557 351 -171 143 -271 -276 150 -839 174 370 -171 -445 -262 -369 149 511 -350 230 553 374 577 363 -1039 152 477 -354 1324 97 190 -651 -306 152 -272 -351 -149 597 -210]
[-482 -379 276 -252 -798 -254 -510 -184 -810 248 -11 -3 1272 13 267 252 -538 -550 -624 -600 19 -324 -441 236 398 -569 -320 -211 437 -726 135 -362 -908 190 -29 -311 -783 661 -1 361 -710 -121 -546 -266 -353 734 -697 38 745 -536 -406 139 -34 523 -13 134 -637 563 866 -560 -263 110 566 -503 90 224 1492 -566 741 -216 1098 862 26 91 164 288 215 -458 -680 -359 -292 610 580 -517 738 -711 106 -253 -758 -111 1133 151 -419 -424 973 11 771 172 -70]
[-97 -49 176 -1146 -166 372 662 -283 -390 800 -372 372 76 1268 -63 -197 -152 438 -1035 -555 196 611 -481 362 -419 373 481 716 -262 298 449 319 442 750 -307 450 345 -123 -329 -131 -1239 534 747 -326 -38 -371 1191 -18 5 388 -509 -152 427 -147 -191 333 914 833 535 432 -134 341 -67 326 385 -135 174 374 37 160 842 667 -148 353 -375 -454 605 -317 51 -36 -301 113 -294 522 -759 -16 64 -399 -165 411 661 183 68 -945 -567 -194 -172 -188 1205]
[315 -979 -529 -171 799 1128 885 516 -717 67 -449 142 679 716 63 -36 496 696 -639 -8 -137 -203 263 -206 -925 841 -1 -39 -420 274 120 36 265 -186 -226 198 24 -494 -281 71 -3 137 1795 415 682 -200 867 27 -1036 42 -361 -400 28 -100 410 -225 259 906 -492 -182 1111 -195 298 513 91 -116 1636 134 -259 -225 -89 -1453 415 -273 319 200 384 250 -109 60 -525 478 -427 329 -1367 -351 -76 -51 -908 613 -96 100 50 167 297 -766 -224 -415 988]
[-16 125 -54 1151 762 -562 -89 764 71 -141 144 -793 589 317 -343 -517 904 -487 125 239 -562 475 -429 -237 -403 356 465 -486 629 975 -49 42 1103 -624 38 -521 559 -352 -430 204 -214 60 119 768 -346 346 109 558 479 -552 510 -274 294 -41 404 -362 235 -559 -529 38 180 -426 -646 -23 67 -335 -608 566 -1165 -33 -996 -625 -89 -822 725 532 626 799 319 307 -282 -447 -395 165 -1174 24 -623 201 214 -405 -896 54 628 667 -377 -288 507 -361 225]
[75 204 252 610 -522 -344 398 -17 92 -362 -499 -621 26 -324 -817 253 -369 136 193 209 -160 -330 -312 -484 634 -106 -236 23 841 590 -168 88 303 -29 -62 -947 -309 -661 -592 -1053 -466 -240 -264 1020 482 -573 268 -252 -720 -131 218 194 -229 774 -47 966 -239 328 -396 -94 -11 -40 -223 46 -417 -30 201 369 -482 115 -302 482 -444 447 288 -357 243 -812 -319 -786 558 180 -130 -725 49 467 -645 151 643 57 -353 -89 649 -335 -236 -345 -406 -57 -429]
[-822 -265 -920 -269 284 319 -92 545 401 -848 -337 -986 363 -111 -143 514 -92 -202 113 255 -475 520 -159 -333 346 300 -305 -936 1220 267 -1121 -382 -128 -747 -546 234 85 -233 -14 190 380 8 162 872 -50 913 379 167 107 -599 -206 -491 657 43 76 431 1203 -150 -418 305 894 206 196 196 -401 -152 -211 358 -317 190 -961 -972 124 -626 584 135 -672 -21 23 155 218 -24 -1035 -671 -74 -181 87 -466 191 157 -455 500 6 815 676 308 280 -485 177]
[961 360 442 584 -673 992 310 -1345 -442 384 480 837 348 -969 -118 0 941 -383 235 948 687 -134 -7 -73 308 -182 -15 -536 280 640 504 -312 -290 119 220 -71 738 218 195 420 -132 -230 -482 900 39 -199 -566 521 168 -135 79 -805 44 -191 -329 -40 -198 775 -1023 -789 -533 -441 -249 -35 240 -528 1019 -281 -553 34 168 -180 -695 -1064 188 -49 -211 43 70 280 -201 -147 252 245 -481 -293 -242 244 -306 400 -386 -626 -462 -443 -1017 0 -866 698 -195]
[-846 872 409 433 -358 -148 -201 -3 -58 -808 -224 -140 -830 -1033 -146 417 205 -606 256 298 -159 261 322 -297 -847 230 -372 40 -703 21 -368 -214 -52 -356 54 -195 776 -75 572 349 408 16 -766 -31 -229 -150 -1355 264 -302 838 -139 -294 -518 -34 160 -742 -799 -751 114 55 -775 449 -291 -697 -538 57 -996 18 608 -421 -381 720 -298 615 539 -156 -552 -362 -266 161 223 -557 -1122 -860 316 971 -40 -383 -189 -426 -833 746 -133 249 261 -480 549 169 -264]
[-209 -1196 -462 604 -294 -802 59 482 -268 12 643 410 867 174 -721 148 -533 -108 -585 43 103 7 -1031 195 -613 -722 -227 -485 522 -390 -752 -208 23 -276 401 -1232 -350 -757 325 204 747 302 -363 62 -193 678 -461 463 37 -339 40 192 55 -114 250 202 1057 -146 489 -513 362 490 -79 -571 -209 312 -312 284 -548 292 -558 941 183 -55 637 279 899 282 -814 334 -731 -205 -123 -863 -412 -108 -820 606 181 -855 55 92 515 178 -149 740 224 -841 -216]
[56 -26 123 2 234 -195 -104 -12 -321 183 804 -134 42 478 -94 -674 300 306 372 -248 271 835 454 205 -694 -901 872 -343 -780 -108 552 -172 494 -424 -81 -390 -547 271 -284 243 97 469 138 -1198 -731 -509 -132 -4 390 69 1276 -214 -501 -205 435 344 -849 -473 625 -545 149 638 -459 165 -11 117 -65 586 385 464 155 1138 -201 168 -296 800 675 615 5 266 -389 -192 670 -353 -375 -158 283 256 -131 -1207 -659 471 779 444 174 65 643 -171 -548]
[-389 -525 -150 572 -531 115 877 -124 140 413 -195 523 -319 138 -256 377 -147 618 312 418 334 -522 -130 189 -317 -471 -692 320 -1035 -476 -627 39 -408 6 -88 40 -5 983 -520 712 -863 750 649 -1365 -84 -559 -1437 336 616 -47 -182 -287 -143 693 -949 666 -561 -145 748 -1267 210 -847 48 184 448 74 -66 -228 583 275 139 319 492 -278 611 8 522 1126 471 457 19 -157 908 184 149 370 -922 228 -1003 -569 -89 72 253 -81 -938 -75 157 468 333]
[-109 468 -241 -636 1266 -89 -569 37 274 -1195 134 39 498 -719 -165 -146 -1012 -390 -218 -104 -963 431 224 -52 228 -229 617 -189 976 -265 -73 -865 -217 -444 145 -603 -99 -364 961 -288 1249 -1042 -484 1053 42 305 -422 -210 -593 -133 209 -33 -482 -450 53 216 931 193 -244 543 707 -131 239 523 -520 -260 -182 -93 245 311 150 -156 -446 -804 -403 740 525 -566 -439 -175 -90 230 -882 -455 -150 -340 482 -354 1085 443 309 358 598 227 1429 1273 360 -370 -771]
[-241 753 616 -1244 710 -358 -524 208 341 52 354 -1201 893 94 -11 -88 155 -921 -336 -910 -402 680 49 -141 -180 51 403 -156 1116 -123 648 -244 936 101 -440 -615 281 -26 572 103 -863 -856 -335 223 -422 504 366 -227 604 413 16 -892 -408 456 190 -34 -152 832 -149 -83 -208 -396 152 553 -11 -178 1083 -46 -265 -469 68 694 -345 -295 131 349 954 -52 -462 -4 -304 494 646 1194 -589 -427 1154 -786 730 412 485 6 486 -413 463 -918 670 -248 448]
[-817 9 230 333 133 -583 -721 637 -647 -81 -763 -560 465 747 360 -387 21 271 -1028 -284 -539 113 -736 1033 -96 251 427 412 7 129 126 -172 -282 -154 -995 -460 -615 -854 -103 -563 -2 690 74 22 36 482 111 271 421 -241 533 631 412 -540 403 -247 -424 -387 372 891 505 551 301 294 83 503 -434 -548 864 374 354 -990 464 622 -138 632 -42 23 460 -366 -1057 236 -62 -292 240 -642 1118 265 -797 -845 -313 151 166 87 300 -131 1140 -498 702]
[-678 -217 -270 387 -303 376 -71 1097 -197 350 -165 -207 1041 19 229 -598 214 -394 -335 382 55 605 767 -308 -546 242 344 155 363 667 -489 260 1138 -137 568 18 -460 741 303 706 691 431 253 684 496 512 38 568 264 -621 537 -315 -506 -615 285 -652 507 -742 -358 921 506 -4 824 -510 312 -204 -82 1172 3 -594 -807 -508 459 -590 455 66 -457 -35 -466 694 161 167 -1132 -442 -846 -677 155 -284 -53 371 120 -376 -459 571 1086 -351 197 27 -76]
[518 1047 -134 426 205 22 151 28 -458 229 181 -232 -367 -591 -437 669 162 -495 673 31 -423 1136 -576 167 485 784 -318 -531 176 269 -521 -107 318 -794 3 601 838 356 -362 -113 -74 625 -664 -659 -269 639 -225 -132 -16 -251 543 -1331 103 369 186 260 -643 -75 -2 -4 -993 -441 -1473 -645 -84 -52 187 328 -683 677 -726 1432 -537 -400 136 -309 -236 94 202 927 -15 -497 169 182 76 381 -596 464 514 458 -753 120 -1062 -303 980 29 705 -440 364]
[778 -160 -823 -649 708 150 328 -344 53 -151 1250 414 -306 621 558 -845 882 -264 628 -580 1009 63 1041 -887 -323 150 -570 -267 406 288 524 -86 -400 -204 -530 175 745 -298 295 34 -342 -363 -97 -199 -3 -52 339 185 785 192 -377 668 895 384 -1036 -921 -230 509 466 -472 -749 92 320 471 448 389 -250 -496 26 -1135 -508 -1050 80 -963 -85 -84 -998 786 -254 324 -471 436 872 566 0 253 -33 734 -175 -236 -187 -213 -1326 1005 -654 -550 -838 57 -302]
[-367 186 -288 794 356 559 -561 1078 -303 456 -551 -393 300 -540 898 -33 -793 314 -220 969 66 -660 158 871 854 273 536 -520 -282 -13 472 -12 522 -302 396 -389 229 -196 -112 -22 673 -503 -422 430 -297 151 1025 517 -23 -820 -100 505 357 -718 190 70 -204 -355 -1029 430 233 117 225 -315 -874 176 -388 -99 -200 -543 829 -557 49 566 -437 1078 -657 -100 -143 -687 -116 180 -403 -266 337 233 369 -16 368 -161 -424 -330 1016 -794 329 895 -467 -540 -451]
[64 -48 815 512 -1029 361 -46 -243 126 690 246 2249 892 -1166 -658 -554 -71 -474 301 64 429 -148 546 -268 172 291 -175 644 -137 885 -955 -297 -1082 -545 932 -503 -881 114 914 1377 888 133 -1367 41 1071 -195 -1338 370 313 10 549 229 -1120 -127 -798 601 138 -39 -301 141 -842 430 -51 -134 39 153 544 -309 388 359 90 977 -632 -480 -543 -341 -22 -267 156 -100 -483 370 -292 -570 -272 -530 -614 623 -572 332 200 -108 -529 -1055 34 -522 304 443 -1009]
[455 226 -90 -433 841 544 226 -473 -27 -43 625 461 520 -185 141 -29 -63 -321 -585 -519 -961 -183 -324 363 -588 475 268 948 300 540 -30 22 85 -270 -168 -521 628 382 -256 -350 -389 -431 651 197 402 353 -81 87 693 -586 -566 661 -408 -902 -195 -43 210 -394 -292 250 734 142 1118 1073 -381 -347 -535 -1131 657 369 575 -943 522 -299 -880 629 -1012 -395 442 853 -994 -203 -70 114 169 -447 -166 183 178 116 -377 -210 -690 246 -508 376 -154 -502 -645]
[940 9 227 -409 -785 508 -134 12 577 -180 -5 -717 186 -117 145 -413 910 -684 -474 -497 357 136 -89 -219 -911 48 -131 -235 584 831 -183 211 3 328 -647 304 -478 -608 386 -224 -1229 408 -22 217 1045 -32 -443 562 319 -89 -229 -421 -122 516 172 312 -704 41 -441 -208 47 675 126 886 -184 55 699 -345 260 363 113 -902 53 -1135 138 -314 -176 -66 -458 272 -162 97 -82 156 -87 -664 366 -84 -563 258 -692 916 -931 78 -338 -1087 244 233 223]
[-1654 357 -911 -964 235 379 -220 669 -518 365 -735 -683 -397 281 352 -290 -529 222 -107 -244 -552 1268 196 -164 -188 1360 451 -302 -859 -18 -558 -349 328 -176 -779 1039 707 420 -42 647 315 96 306 -509 -228 100 395 -96 -709 150 -884 198 20 110 -236 362 143 228 -368 -97 1050 -309 89 215 117 587 -815 890 900 -540 -10 169 640 181 84 469 91 421 -102 -38 212 16 -918 104 -889 822 -200 -603 227 47 168 481 51 -257 1272 -287 1280 458 696]
[-1150 -759 276 331 297 -589 -272 126 -769 150 -1369 898 473 -406 262 321 -265 -247 -957 326 -174 -725 314 -39 -451 96 152 949 98 809 -68 -16 -538 -575 -162 -289 338 -759 600 1226 209 66 -146 407 8 -442 -110 384 410 112 -84 604 -259 -150 -487 -129 583 129 564 1127 -30 -559 -315 22 -317 134 417 -700 250 -634 286 -564 -507 -258 12 -172 -139 396 -315 -532 206 -64 -705 -284 -937 267 -527 -301 -1107 166 398 624 1014 -349 -337 -272 -4 -74 -183]
[598 713 469 470 448 -903 -50 310 -358 -880 728 -489 151 578 -29 335 -125 642 -198 227 -56 125 770 118 -274 -139 -231 -255 116 -886 1033 -1082 -440 -77 431 21 -1376 534 198 -934 401 -775 -302 -422 148 -62 -782 -633 -705 -369 1084 -669 -536 -65 457 -974 -1588 -280 855 16 282 -320 -93 510 380 -670 -69 -842 934 469 -16 154 -13 -659 -516 826 816 -294 374 -556 226 200 38 52 1106 -105 375 1028 -743 -403 -66 82 643 640 1452 686 562 -71 -500]
[-578 362 -232 -776 815 -186 447 -127 429 -272 702 -3 -518 774 309 -24 7 421 61 -1171 -24 -27 -671 352 -12 615 514 -404 -178 -391 807 345 -333 789 -272 550 671 -224 726 254 509 159 334 -57 275 949 177 14 -289 219 -796 124 575 -289 55 44 927 638 -104 103 447 292 208 241 216 394 -666 -178 -462 571 -668 -120 1005 -58 -743 9 -73 -186 -35 -94 -495 -88 -207 -55 783 227 292 -83 -23 259 -36 546 -653 -118 -138 695 -446 124 741]
[-629 -760 252 363 -698 121 743 -551 -431 -238 -7 931 526 150 -254 -92 -563 38 59 -126 -202 335 -186 156 -807 191 100 17 -477 -90 -450 -136 60 237 -410 394 -433 442 226 302 333 95 503 -378 -1055 108 -1311 687 417 247 -463 -421 180 -757 933 -66 410 -265 160 -537 23 391 891 211 1013 -468 -368 -305 138 850 523 670 578 507 -335 105 970 -23 351 -21 -532 -346 -69 -19 -419 -179 -647 -456 -351 -362 1215 -266 -513 -650 -622 -75 377 705 888]
[254 563 112 603 -882 378 240 -137 352 -444 193 -427 -466 -380 -5 52 247 448 49 811 567 205 48 -73 954 -205 451 -781 -479 -353 -192 198 1092 340 472 239 -850 1124 236 463 239 -16 -816 -474 91 -478 -6 162 -14 -435 838 -963 -991 -479 421 -228 -938 -567 -899 -278 -88 -240 33 -339 -88 -119 368 523 -214 278 -723 -263 362 -466 903 43 -205 -430 -107 510 659 -460 275 -77 -109 -63 620 -11 285 75 -511 -309 -104 -124 350 573 287 270 -47]
[48 -162 19 558 233 -137 -9 -245 -407 -658 -1181 -228 771 -267 -454 309 648 410 -672 126 553 267 71 -194 -663 -261 -175 339 833 -353 370 182 528 -1063 -355 -324 -66 -589 -356 -1181 -695 90 -535 29 -586 -483 72 -185 701 648 476 41 58 96 235 -532 -202 -255 561 637 -536 -169 -700 -183 601 -185 526 -279 44 -645 407 -16 -739 390 610 923 57 -697 -595 -289 -153 840 -822 422 -960 -113 634 -194 -520 27 -355 564 687 260 57 -135 453 -369 444]
[427 984 -234 154 487 -364 -346 471 -81 -760 83 -128 263 -390 -304 -335 -475 272 424 -795 -35 490 -50 -242 -1 1070 -211 -472 197 -398 335 140 274 -244 -418 333 -136 345 29 255 927 6 160 832 -12 327 -403 -716 -322 -1114 789 312 -902 -465 1005 -729 -741 -1122 -415 -28 400 -682 -1027 -805 789 -178 -749 238 -472 484 194 44 457 -158 -331 399 -336 86 -819 620 642 137 -83 -556 -66 -131 6 470 312 32 551 498 -571 940 1328 413 1386 -430 -511]
[-69 -570 174 197 141 455 -737 -186 -1025 -328 -207 58 731 -252 116 -974 -58 -426 445 396 -553 384 825 -495 -979 536 220 -548 637 1141 288 -177 797 -654 -1473 352 430 -284 217 151 591 -559 567 997 -462 -566 -253 400 -127 -160 441 129 -82 -866 981 -741 -189 -395 139 -288 124 -111 58 -1 464 -298 -382 -478 807 -262 -203 -357 220 547 -226 -17 -598 865 139 -156 -363 306 -214 -708 -697 -637 94 -1187 75 -546 411 -293 259 912 -529 69 29 -182 -705]
[-500 727 -150 -24 -330 -163 98 -1128 -475 475 -171 530 -1011 499 -173 200 182 202 -714 591 -124 -905 -791 245 451 -261 139 -826 -1357 -802 -187 288 -140 1082 182 563 444 708 225 545 -85 702 508 -753 -386 172 -602 -438 -822 416 -313 -855 -245 247 443 -3 -284 935 -274 -812 414 -1361 -137 -833 17 -202 618 1410 -403 168 -383 -478 984 451 -220 381 272 -497 -5 1030 -201 -352 903 588 87 742 -386 13 26 715 -843 -228 -65 -278 253 171 373 284 404]
[-100 -495 -728 -945 -538 100 560 -274 121 607 -346 -361 -154 85 -162 722 107 -184 -112 237 333 593 428 -415 150 344 -679 291 778 408 -1139 -193 -218 -395 490 442 248 -212 58 621 -102 509 456 319 850 -190 482 142 -915 -427 -418 -1011 -204 733 -292 913 1145 393 -450 -242 113 444 65 60 -394 -307 660 628 -763 -854 -595 952 -555 -540 615 -733 20 31 -694 180 1519 -380 -306 -72 -1242 1013 -327 -100 746 149 731 -44 -821 -529 -23 -1009 -436 914 156]
[-324 101 -376 125 -127 -1205 38 412 124 -62 922 -935 455 -547 37 692 645 -1006 -301 144 34 73 -297 -123 105 -1127 953 -303 -933 -241 83 467 63 217 85 -1617 -425 403 593 495 181 -242 -442 -145 464 418 -490 589 -520 479 462 -961 -136 23 468 515 -138 592 -753 -1092 192 -18 776 471 -403 -463 733 1015 -112 90 -402 -87 -116 439 717 805 1034 -581 -955 149 -749 59 664 573 -568 637 -312 240 293 83 -773 335 210 -391 1014 -461 350 -50 83]
[204 170 285 278 942 917 375 420 -413 -1337 -1034 -100 402 -360 -586 -109 -244 1055 333 146 391 -266 773 219 -615 48 -910 -257 572 -394 48 -578 484 -371 -157 -1513 135 -1128 -617 -1137 50 -431 465 897 -228 -481 50 -249 -355 176 628 203 213 481 268 -355 -707 173 338 -352 331 -173 -607 -198 173 -198 -31 -179 97 -668 250 245 105 239 900 527 674 36 -460 92 -115 -115 -380 -752 -464 -223 418 244 20 214 152 276 898 284 -272 -91 -639 -812 419]
[137 -627 -529 -553 325 792 1336 77 -199 -82 -128 668 295 675 -702 -1331 321 856 -220 -1053 465 250 -654 -469 -403 -171 194 8 -324 330 -71 440 335 297 199 220 -236 -559 -52 -605 -655 512 797 -416 189 -219 235 -288 618 121 -834 535 511 22 -276 49 -68 1431 -636 -871 109 484 426 870 900 496 694 -145 489 182 634 -698 1110 -745 632 423 1087 -158 -375 -589 -335 117 -151 -176 -724 -11 -170 393 -752 308 377 952 -100 -619 -138 -589 -296 247 693]
[425 585 394 -405 915 1204 -61 -197 -221 -509 -290 -114 -212 41 204 359 -103 486 1035 -159 787 -200 528 -5 333 469 -1309 314 468 -378 244 -70 320 -505 117 208 522 458 -124 -507 105 -446 -167 32 -396 -627 654 -691 645 -255 416 -269 137 -222 -480 -507 -536 -292 493 1009 -325 -647 -238 -601 119 72 270 -501 -135 -539 -112 -163 51 -554 489 -305 -887 263 -569 454 715 -284 -22 -589 24 -490 1099 110 -45 446 -89 -278 -200 854 474 544 -579 -956 -111]
[-11 -211 -11 172 1026 -7 244 196 -97 -539 234 -203 621 102 135 -255 -309 381 -563 -587 -493 16 401 616 -132 35 111 188 35 -18 77 -85 1284 39 569 -1163 -658 311 26 -535 803 -542 847 619 67 195 625 -75 -346 -470 243 631 -727 -491 901 -208 36 128 -620 -211 1178 676 1046 828 -982 -139 267 517 174 -494 138 -585 441 316 -749 376 605 -1335 -663 -450 187 122 761 -408 -945 -146 337 122 997 254 626 -121 -116 76 876 39 251 -234 -527]
[397 417 -408 -344 1038 710 120 275 -643 -411 -764 -133 402 435 -508 192 -319 375 268 -838 -292 -211 -420 295 -491 664 -299 35 54 1081 583 694 1120 581 -94 -697 -22 -458 -838 -885 -495 187 685 688 326 -638 1294 -317 -525 -628 -86 -117 -762 100 -62 656 -252 568 -410 -557 579 -895 352 347 340 -607 502 288 -162 269 94 269 375 568 173 771 619 -510 -362 328 -450 -242 510 -643 -842 456 -222 -21 380 702 329 526 748 21 220 387 -105 -1013 328]
[-599 -321 11 108 -319 -480 469 338 -426 -139 -569 78 -273 943 -549 -69 -189 653 -269 -12 -282 -370 115 -833 5 182 -322 -706 -358 31 -943 -691 271 732 -252 38 -292 429 40 -429 9 869 286 76 505 778 -624 -295 -635 69 743 -984 256 828 202 -395 -635 1062 1070 146 368 -786 290 214 544 -35 -137 858 392 750 -1153 -399 1328 -448 4 -577 850 -627 -37 -375 -128 634 38 -269 426 206 -818 310 -269 434 220 -55 776 -468 504 -294 438 -431 994]
[819 -459 592 1133 -1051 -1048 323 88 -198 36 592 96 111 164 -262 -159 57 119 -202 -502 237 -1019 -156 -197 112 -91 -580 -162 543 116 192 247 -319 525 -134 -16 -1378 31 426 -144 40 -101 -1117 175 812 -476 -756 -186 -213 8 -48 796 -239 757 41 -385 -551 -403 477 428 200 -566 101 -386 170 171 31 -281 -107 1041 -199 -536 58 289 294 -704 223 -166 340 -583 -306 75 93 -472 354 -133 -879 995 -402 37 74 -79 24 -282 22 389 -291 385 115]
[507 753 450 354 439 -238 -24 -442 -312 -485 996 -514 654 279 282 -161 694 -295 385 -447 35 -211 198 -524 -486 831 557 -641 -605 222 893 118 41 493 -415 -719 350 199 64 -266 -481 -955 973 454 641 554 208 144 -952 801 226 -253 325 -424 723 44 -432 905 395 -780 -548 537 -288 448 61 142 475 210 -593 299 -302 625 -292 -175 -625 121 232 -67 -333 -96 -1266 12 504 185 -205 -699 -65 -338 27 -182 -623 160 -456 58 -479 -1245 525 -479 -124]
[1324 -17 -38 14 -161 -561 399 445 775 419 -388 593 -291 544 148 -203 -204 -141 240 295 813 310 516 -394 -35 64 139 1500 8 850 160 5 457 194 11 566 -908 -368 439 -582 -99 403 -893 -58 1027 -1268 866 12 -210 440 91 313 -342 -210 -1089 -282 -135 -420 249 1422 30 -766 -159 640 490 -295 -153 -777 -246 412 -159 -552 -591 -772 -727 -1143 605 207 639 -497 1270 383 394 1587 -466 -9 -105 578 410 455 800 -428 547 -293 -838 445 -592 203 222]
[71 -1089 -425 -777 671 -243 -199 663 82 -518 -268 -339 -329 557 -6 165 722 176 -803 -525 -2 -104 -4 -238 34 -211 -368 -116 51 -232 -765 498 -446 176 -575 68 -655 -1071 301 -551 342 904 336 -592 230 239 690 -31 -533 793 -87 -271 1218 267 180 -555 -37 691 -42 822 100 412 231 -410 101 673 841 160 -37 -352 -1305 -734 1400 18 437 -580 -32 -348 -232 123 -510 131 327 408 194 35 227 815 -320 1068 9 361 -218 89 832 -37 -261 -1043 1035]
[782 131 -42 373 111 -615 -766 19 -335 344 522 -1081 835 -657 761 211 808 -1804 -302 415 -537 198 232 -437 13 -466 512 -689 1477 601 30 -130 -146 -757 435 -953 -253 -559 -58 -475 -387 -674 -1033 666 -236 488 10 603 -5 -337 46 -534 258 992 179 -237 -1213 462 -678 -210 -619 29 -145 -117 -1089 -385 1360 -108 -684 -231 -156 -291 -635 -201 322 492 -10 -858 -292 -450 -169 7 638 452 197 -315 -42 175 444 129 -382 -50 -170 -314 698 -494 -6 370 -609]
[894 -194 -246 -295 -147 127 783 777 881 -888 71 -159 2 188 97 -335 -441 327 279 56 771 498 545 -282 760 -5 -100 264 735 -295 234 -671 -131 429 915 18 -1335 -169 -481 -1034 682 -586 -56 813 -307 -638 595 -305 -197 -780 733 -14 -199 258 -110 -452 142 -433 -286 888 247 19 -53 110 716 -586 681 -598 -1006 140 96 -548 -354 -834 -14 -240 845 -427 142 -1112 1079 393 355 294 -145 -431 1053 -1 658 404 307 -827 120 277 -416 433 -561 1382 139]
[-395 625 310 -386 -198 -337 336 -253 666 -96 2 -40 -286 60 -492 501 -1183 224 351 -720 -473 294 -282 -60 341 165 -76 -172 915 -461 25 -379 768 667 -543 409 465 50 -468 358 -279 -299 42 954 -962 309 -883 -118 606 -510 264 -7 -774 241 728 166 318 -1159 655 -2 1248 -513 -128 -185 -94 -650 -701 -372 -738 962 787 240 -306 260 -462 -534 339 -108 -92 -80 971 57 81 39 -169 181 168 -545 796 -323 724 -701 597 274 -751 599 521 708 333]
[-544 -581 -86 990 490 371 304 1202 -15 554 -672 -1045 94 412 56 -350 740 165 -59 137 -37 211 -618 394 -675 770 137 -600 -569 -2 -230 459 1309 -436 239 -372 198 -305 -768 -207 150 402 716 31 -5 -103 497 191 -106 -257 -416 580 -372 -310 757 171 -761 -413 -956 -886 774 -71 -150 -59 -457 830 -236 677 -108 76 -826 -1030 798 863 1125 225 734 290 40 -330 -77 150 57 -181 -1059 80 373 63 184 -568 -420 -87 387 314 119 -490 509 -68 905]
[552 -98 -82 313 -5 -834 -62 -280 659 376 576 36 -401 668 -588 -300 651 -616 67 -214 -1213 390 -484 -833 -765 31 149 -358 608 327 -56 -563 -207 465 -180 606 -140 -490 111 -451 -801 -484 -815 -96 341 93 483 -328 -113 32 -436 547 510 648 -93 -405 655 675 124 26 -820 71 653 381 -379 -217 -677 -44 -329 -36 -919 -279 -268 -669 -268 -682 1195 -678 771 -724 14 171 566 1013 524 -784 -1299 629 316 746 582 -426 -284 -78 -117 211 -1210 690 -336]
[329 508 245 1244 247 -120 -105 -525 -632 -293 -169 911 103 -898 58 444 -106 806 -294 129 1258 -685 -117 182 53 112 282 363 359 82 955 136 -109 328 39 -677 536 -122 -176 -274 68 152 -723 441 -765 -687 150 -131 1015 -148 538 -71 444 -301 854 -120 -1143 -617 -136 594 -658 -165 -978 -1070 138 -683 -374 -800 -1039 344 1052 485 -399 895 -388 728 -675 -776 232 61 -924 -119 -246 -249 158 298 763 321 -640 -156 -755 52 228 -238 -1456 397 -462 551 -429]
[57 -246 -251 -1059 -107 977 1112 -60 295 328 133 98 421 -125 -678 47 -316 -217 -451 -565 283 370 -695 203 -1039 657 -149 395 -375 -136 -625 -137 106 -108 -346 95 418 264 0 86 643 490 913 479 623 972 -524 -34 -424 -424 -398 39 219 -670 -59 -751 1424 406 -268 -447 967 -131 529 13 683 215 -578 -150 314 31 396 -216 895 -673 285 -562 374 260 -677 783 -376 427 -306 86 -1127 -103 -160 -116 376 518 322 -251 -328 31 -425 290 27 -299 1223]
[156 386 451 -671 -941 664 -27 -1268 -63 493 -362 -781 -116 -72 -731 63 -14 -562 291 318 -423 421 342 -256 431 544 -487 285 627 878 -375 -546 54 523 -887 -172 371 -39 -82 -940 -693 -448 -376 711 246 -396 -289 -192 -690 650 121 -753 -112 606 -569 879 -208 632 132 -192 216 -951 446 778 394 -653 258 -147 479 95 136 184 -400 170 -468 -221 -159 314 66 -509 77 618 730 777 -252 -584 -60 -360 895 163 -195 -1473 127 -433 -841 -1302 -193 686 659]
[-14 -261 192 612 238 774 -71 -155 -369 -850 -623 571 567 12 405 -257 -390 135 41 -281 860 -1030 619 265 139 275 -578 -88 393 -358 536 254 1174 -319 1164 -113 245 -293 184 -127 542 -591 -617 494 -725 -103 -201 3 185 -107 -816 272 -737 -504 358 -607 -258 -809 -381 -26 289 -109 115 -684 25 36 834 -452 50 -1665 131 -468 170 740 -22 1187 -593 -649 -1252 -254 31 510 -1333 -383 -744 758 298 -778 154 90 -815 -248 -178 504 -423 107 383 23 -473]
[-611 -369 352 504 407 884 -24 178 170 -62 -622 610 181 -483 -39 23 -871 291 538 813 33 -1124 764 13 195 -457 -376 -98 -104 -396 -566 -212 435 -625 398 -546 322 668 28 -253 890 -533 1145 602 -375 -666 -336 -289 -90 177 419 -505 -519 -175 736 22 -218 -326 -235 -624 -179 -176 -176 -227 -26 -49 135 317 117 -479 -93 1175 -118 1169 -82 202 157 8 327 261 295 -247 -608 -539 143 105 433 -1192 543 126 -74 -781 295 -366 -684 -558 -420 -125 -727]
[21 1226 145 271 565 455 -1090 708 -480 -21 762 -196 184 -642 440 153 418 -622 971 -345 63 1169 162 222 -363 -226 1220 135 329 -154 1162 58 350 -285 -407 -1217 1104 301 -424 195 -168 -248 -550 722 -413 73 401 787 978 -430 1105 135 -34 118 27 -494 -574 -363 -527 -355 -384 516 -220 -968 154 292 -952 -284 -501 400 -124 1420 -358 -265 -132 934 -356 89 -107 989 -512 -1041 404 -148 569 -39 943 -345 707 -319 147 -11 -566 599 525 1204 -52 274 -195]
[-586 1876 27 315 766 -676 414 -23 -280 -185 -456 -895 -264 -316 224 767 18 -12 632 130 -882 -175 -857 148 -11 664 472 112 -1095 -96 862 87 223 557 -824 -657 1573 650 -597 327 -913 -559 604 625 -330 645 -938 95 53 -202 -581 -626 -267 -3 -116 513 -499 160 -16 -324 225 -1804 402 221 105 -725 -826 583 -219 578 733 -358 -187 475 485 919 267 -204 199 638 -825 -149 288 572 -24 1031 -446 -258 170 -61 414 -284 415 -281 216 581 284 274 982]
[30 159 791 -223 105 856 -71 -328 -421 -337 -450 314 259 301 -827 229 293 -446 -108 -1111 -711 885 -212 83 581 1055 -790 -154 1145 794 -281 -522 509 188 -710 565 564 547 241 51 -1129 638 59 675 -359 306 179 238 394 -421 -251 -1029 305 446 82 -536 196 371 110 -110 -5 -157 -274 -456 486 62 513 -324 -533 794 -550 461 67 64 -615 -687 9 -642 408 -87 -527 -24 60 -40 -106 -147 8 -628 548 569 289 -529 -491 -24 -105 461 739 -362 1593]
[-702 -487 -624 -827 987 1287 -572 -823 -135 -141 -599 23 824 -256 -160 -1054 684 240 -324 -637 -178 442 253 -528 -781 1009 686 -97 -9 399 316 72 803 -89 -868 361 691 -557 197 336 55 -319 346 456 -585 -738 369 -87 -224 151 -542 153 77 -876 319 -847 -103 372 -698 -783 648 -11 242 156 311 -263 -283 -215 503 -373 730 -671 1090 -423 -110 333 -6 571 -860 -415 -386 598 -409 -202 -1532 -268 164 -291 -585 -68 103 900 595 30 -146 6 324 -41 575]
[210 -173 254 -52 -91 334 -348 -1590 2 293 691 452 15 -88 -292 -68 671 -538 698 -322 -225 378 27 -397 -559 -66 -318 329 -302 -74 -117 100 -541 745 215 433 669 566 423 324 489 -115 664 891 -210 718 320 385 -157 588 -229 10 737 154 226 -187 1505 1023 -282 -671 48 934 689 -59 180 -351 -492 909 -801 510 -35 300 -81 279 -731 -85 -265 -286 320 -115 -22 -259 272 -122 -519 -870 -107 -850 514 -493 1769 -378 -716 -251 -314 -223 68 351 -90]
[-63 1025 461 223 397 -159 257 -778 -423 -230 406 -146 -719 655 24 -18 391 460 -99 -64 -143 408 -588 1394 -234 393 472 33 -930 250 1128 6 949 493 -467 -224 590 585 -291 80 -367 773 366 -350 -564 -834 -95 238 -426 -166 541 -673 -977 -870 209 -4 -362 -367 337 -214 703 -570 -232 -68 -199 -564 -712 -6 737 431 -590 -194 -118 293 -343 233 23 -97 518 949 -22 225 1113 185 -129 170 372 445 86 -529 -1344 530 217 636 -140 857 558 -672 278]
[-382 83 -397 -399 74 1005 455 500 -87 411 400 841 95 -307 416 -940 22 -555 620 436 112 12 -231 -619 -477 216 310 184 -495 862 -500 -297 -116 -596 176 -413 1056 451 139 43 437 218 -468 275 474 113 -603 401 459 162 -178 191 404 -153 -1064 18 47 436 -340 814 -556 239 581 -27 -161 300 -634 486 -162 -285 57 -308 153 -1161 342 -357 -487 345 -130 943 -668 102 -605 -315 -42 -431 140 -293 54 824 -523 276 -911 -63 88 -103 -729 14 23]
[594 205 52 1293 899 -1504 -680 401 837 -84 463 -918 26 312 -40 -136 222 -140 33 -460 -694 82 -585 382 -374 -103 -108 115 -48 -455 423 554 468 -183 -11 -21 -188 401 315 -484 94 -493 85 -25 -164 923 723 -224 648 65 554 575 148 -31 2 31 -78 -484 -465 -398 0 -428 -818 1323 60 3 -1486 18 -111 315 -829 -803 101 487 -417 1123 -51 158 449 -334 -187 296 415 530 381 -602 -341 366 371 -233 -457 596 390 418 -148 -256 1195 -1108 -242]
[45 -561 -424 -83 -1167 -119 -273 -628 -29 224 65 679 -207 -229 -817 -49 -257 248 -631 479 307 32 -1 -988 459 -962 200 38 226 -297 -144 -585 -1062 -217 -944 187 -268 -235 453 409 141 -326 -696 -118 468 -9 430 -437 -647 829 -318 1114 368 -38 -228 -152 749 382 209 593 -578 239 -627 -244 -42 734 425 261 96 -395 168 377 -671 50 32 -643 -543 269 -50 -62 146 636 -638 165 410 -396 -513 84 -150 -4 443 -154 -275 -303 -386 33 -920 856 -651]
[-1073 1342 -20 -53 770 889 1086 -274 48 -454 -736 15 -323 -102 218 440 -840 432 124 849 854 137 880 207 -228 392 111 -433 46 -567 1256 -516 118 199 -325 1109 1360 722 -188 104 38 -942 -228 387 -950 135 -632 -279 357 237 -238 -212 736 -13 -747 388 122 -176 728 956 -104 -2016 -637 163 149 -799 -744 580 -32 175 1073 -137 -706 416 -418 238 -358 380 194 -173 614 402 -1192 -180 495 -130 527 -1427 -253 243 -373 317 722 -132 -117 881 -691 238 463]
[-210 194 567 280 -174 -840 266 -249 314 339 57 583 -515 393 -192 1070 -128 110 -475 271 267 -736 -506 457 179 37 135 -468 -566 -724 351 338 -392 824 -47 234 573 182 162 1209 170 -670 641 194 -141 136 -348 4 -663 108 -274 -519 167 -346 323 660 482 610 181 -651 585 -1614 -807 547 -83 -739 -150 49 -512 1053 -648 261 -96 323 -438 -417 528 -12 117 93 -338 -280 692 650 -48 261 -862 204 -461 564 -361 24 1249 -353 -1092 738 -8 -828 -41]
[-222 -579 338 248 -208 -637 -504 410 372 -391 415 -506 293 311 96 271 746 -580 485 -200 -146 364 -357 -575 -1039 -196 -210 -102 161 152 211 72 400 -472 -125 9 427 259 102 477 111 -656 -11 128 -696 465 -85 -276 569 472 -290 -308 27 -132 715 -1271 287 -632 372 145 -374 36 -521 -196 125 105 -150 -642 -369 -19 -473 394 -349 -569 358 -4 821 230 476 -60 485 -438 127 388 -89 -275 153 -1102 -76 -112 509 508 383 1088 -586 -230 216 301 190]
[465 412 13 -903 -12 -223 -663 623 -233 94 428 346 397 -737 821 -390 -376 -294 -335 -688 -22 69 508 -166 -116 221 -29 167 -549 -678 107 -600 -570 -22 214 -359 -446 174 844 672 1449 -503 -345 242 634 448 -404 -209 -1103 246 95 285 -486 -328 308 -1538 -329 105 289 -50 -167 362 404 244 -336 755 580 -263 489 -1138 78 -110 -520 -609 -240 -326 684 -695 -797 -163 -173 184 -178 442 -267 20 329 492 152 629 -131 39 -664 101 727 -753 257 323 -229]
[-649 25 370 -1078 -779 197 696 -1031 700 -263 4 -7 -440 639 -1485 375 -415 330 486 -533 268 1382 -511 -355 -1080 -16 -79 361 -520 -177 -197 -165 794 594 -769 235 226 552 614 670 -894 -26 446 -843 -300 -305 -88 -78 -171 837 -271 -677 -642 143 208 -241 914 579 428 -986 691 -91 -37 634 542 -390 -143 -227 -199 303 -66 676 284 398 212 -431 1121 182 -551 168 607 138 880 745 -507 -209 322 -1308 -374 -480 623 55 754 706 -1087 -199 -80 636 1079]
[803 -751 161 691 -393 -47 -157 -1391 -535 175 675 48 -517 1047 415 469 922 431 -513 674 688 -736 -667 428 -396 -545 -940 -462 -510 -745 490 205 -731 1114 871 120 -745 -71 -432 -886 221 -375 175 -377 -171 -457 1597 -250 -446 -30 -216 464 517 29 573 -529 -162 527 66 -286 127 1045 422 -7 -824 -757 86 -49 -760 259 -719 -770 416 623 -443 7 -99 -887 212 -885 140 -1003 623 -622 738 -396 254 866 -560 -28 -321 -318 1 137 -934 780 -1393 429 33]
[373 215 -423 346 -658 222 -130 -147 -454 949 -140 458 -375 -829 213 -112 -686 302 -158 -198 373 -97 -1372 102 372 -7 1003 66 -705 0 -250 659 28 751 118 374 -14 443 594 56 629 869 -748 -8 816 647 -887 75 -254 -431 77 654 -284 -575 -354 -300 166 -537 -138 844 60 -679 135 -528 299 764 -309 -295 108 988 632 -776 403 -568 -327 -7 -358 -902 -803 424 -229 -95 -138 -262 574 -245 175 -28 -24 520 -520 -313 -633 -579 193 728 210 477 255]
[-562 107 -74 544 456 -45 103 458 -900 76 -516 -475 -330 40 -4 -338 112 169 -264 1180 11 124 159 143 -265 153 285 -633 -595 517 121 -690 -564 -844 -111 -68 211 -497 -228 -484 937 -154 -205 193 -268 430 346 -202 -125 142 -211 696 542 -431 -611 -655 -258 832 119 1424 -450 -131 -379 -560 -989 896 377 344 -92 -737 -270 -1107 466 -411 527 294 -725 -335 -18 -631 161 -275 -693 -796 108 -147 -344 300 -932 329 -321 244 333 152 1040 955 -886 -471 -454]
[-146 1196 144 -73 569 167 -178 342 -367 -196 -161 -226 -313 -93 -149 -324 -393 -27 4 -181 -536 1511 -1167 -191 790 636 388 -405 466 253 -472 -660 595 -414 -932 558 1622 -360 -447 354 -651 -57 -697 330 -898 844 841 69 1052 -681 -320 697 1015 521 -777 -592 636 347 -262 836 -106 122 -782 -1 -582 453 -667 -213 -281 243 114 -682 -151 -604 789 -216 -77 464 418 -303 251 -232 -770 -144 -109 -231 -254 -521 577 -271 205 -168 199 -325 187 653 497 -213 530]
[-1563 762 -1 45 -369 -541 83 427 -257 -237 -852 -51 -106 -859 -248 102 -1381 692 533 799 294 -609 -52 -47 707 7 -65 -362 305 -611 -532 152 212 218 -538 149 22 -849 643 107 1153 394 -451 97 142 333 -1077 -313 -930 779 345 -673 1008 -261 260 325 692 -208 278 1302 -558 -251 378 -968 742 355 -628 755 445 -122 -85 341 391 1067 641 -508 -29 119 -570 -51 486 647 -804 -543 751 396 466 -380 408 573 377 -29 -85 -769 853 -742 -116 -148 329]
[-890 -660 -418 164 59 -241 584 1368 301 -199 -138 335 261 -193 474 451 -1207 16 -545 157 267 -305 361 253 -860 225 -408 253 211 -764 -457 -189 190 486 -162 -315 282 -56 260 281 -6 -193 90 -521 -434 540 -569 408 913 -260 -794 633 248 -139 -143 -873 28 -600 762 94 116 -546 173 -303 115 78 -997 -609 233 108 671 -51 823 439 640 -222 244 252 170 131 -286 230 -388 180 473 418 308 -599 -212 -11 1139 233 147 -507 -347 763 13 -397 512]
[370 -515 -764 513 -409 -827 -1168 309 -532 -364 176 -223 117 -108 397 497 524 -418 -350 322 435 -192 182 -495 -760 -96 -783 -1822 176 -129 -9 136 -354 511 -623 551 -519 -797 871 -250 -81 -74 -150 438 -23 412 7 181 -600 618 -218 -891 111 258 1035 -254 -1018 460 -175 -1941 -461 -31 -462 204 217 -381 342 468 159 -183 -772 399 116 506 168 346 -118 -56 -510 407 -838 -41 485 230 362 372 -532 -56 -1069 -400 -311 564 209 624 426 -962 631 -768 -466]
[-384 507 -111 57 409 -86 610 766 505 -193 -66 -8 152 -23 -154 376 -439 806 -553 476 656 595 698 -481 -488 265 831 -68 122 -814 1106 -249 248 -447 -201 973 -287 -492 151 429 -61 -651 -353 -227 -314 -20 -686 522 -328 372 -185 92 -713 -141 -220 -139 -4 -289 213 992 -146 -455 -369 -132 -346 243 640 -628 -265 -166 345 -46 -528 -510 89 454 519 -481 -187 -752 389 1456 -845 269 -175 77 421 -412 -539 86 -134 298 743 -33 473 1250 45 116 323]
[1012 -55 324 778 728 -124 -679 -275 501 298 449 -923 -404 -22 285 -93 1245 -577 -85 243 -835 585 -53 -156 -71 -160 951 -56 -66 578 268 119 254 -53 1305 555 230 755 -240 19 351 -34 577 486 768 208 776 867 -330 -565 116 362 12 -526 393 -284 198 121 -656 -587 95 763 -60 755 -711 -249 -962 -461 365 433 -1268 -618 -340 -1567 -652 -382 -292 13 671 -492 415 -340 -221 -296 -130 -397 -461 -271 487 212 -236 64 219 776 -120 738 -74 269 -694]
[4 -143 630 181 -872 -386 -729 -506 55 -151 -928 581 -989 -44 -19 79 -136 100 728 -760 401 -725 -62 44 887 -747 -536 -595 -499 -530 -953 519 122 117 -70 383 70 122 566 682 186 332 -964 -7 -181 642 -413 -510 277 28 5 340 157 314 353 -400 -352 120 207 -394 -26 -861 -798 42 88 432 -235 -8 455 269 -85 -405 338 -70 505 -258 216 -548 -519 -45 374 -472 -337 -234 -74 253 -850 -122 -507 137 -42 386 520 -32 -428 -76 362 -157 -4]
[-554 -856 -10 -102 -273 485 225 -441 -9 -723 252 -558 231 529 -423 170 170 188 -379 -258 227 -404 215 -413 -75 164 -28 -460 -267 46 -222 220 1321 803 363 -728 -23 24 15 -162 -394 -273 971 317 -298 -661 768 -283 -821 7 -186 -357 -893 -182 977 -287 -281 48 326 -1277 470 503 550 -75 -585 -247 279 839 -169 -428 14 533 311 919 167 -166 406 -645 -1108 -105 400 360 424 -1344 -674 -314 -74 -341 557 -844 -123 53 418 556 -326 -1097 -212 -602 -267]
[-553 703 -98 239 887 -1027 325 -399 -13 -480 -129 16 -293 359 -212 76 103 -677 967 -527 -364 -260 -7 -750 565 504 345 -150 249 1042 255 -46 -214 376 -546 26 66 216 -137 -163 -769 -72 -654 -317 -166 248 -3 -124 169 371 464 -203 466 327 -153 -460 -181 -47 469 511 -733 -974 -31 -365 632 -376 -651 -191 -925 93 -603 -542 181 396 -35 46 144 78 662 233 -433 234 248 638 645 419 -189 -278 74 352 -337 6 -160 -178 18 -303 104 409 440]
[282 -1160 -938 -815 -973 48 -313 902 -308 -42 -360 -269 -73 548 151 316 -84 693 -60 -36 -68 -73 -59 60 756 -648 -429 -508 168 -723 -802 195 -265 344 -92 357 -1517 -379 95 -135 -6 607 -45 -792 832 173 1356 -336 -276 -421 -418 -320 662 57 89 344 -60 811 606 -189 402 604 730 -287 160 452 1264 284 1102 -40 -858 -84 687 -360 935 -607 -522 -465 80 -81 23 153 557 -123 672 -459 -361 638 -303 525 988 -257 62 201 822 514 -931 -459 146]
[89 -99 -861 -256 299 -165 526 -1062 14 -364 78 354 -147 476 -480 291 15 393 -241 219 423 574 567 -1012 36 -236 -1210 -30 1814 222 -1110 -535 -472 -298 182 305 -72 -294 108 -147 -278 -146 -546 301 -589 -706 -64 -288 788 132 -322 -407 361 925 -848 123 -91 74 594 -22 -314 -132 22 129 152 -1067 198 -333 -193 -278 -591 825 -320 -55 433 -127 -348 -306 382 45 843 -360 63 -441 21 209 -311 191 -333 44 240 -49 -457 -136 -249 -221 -478 744 -374]
[274 1383 339 -742 -1248 -1047 134 946 732 -76 110 -1021 -112 -301 -835 127 -644 -699 151 652 -181 159 -651 -225 550 11 1097 -395 -706 -164 -351 -342 -125 602 -684 -474 -555 -182 599 402 -271 -189 -825 -1 794 547 -404 455 -864 -227 727 -626 189 -2 432 74 -383 610 64 -17 -45 -630 -222 176 -149 -650 -512 250 -489 349 66 -237 124 -282 42 -109 474 42 -317 358 -603 576 0 592 714 873 -1120 199 421 74 -519 312 1137 -586 -76 20 65 -614 240]
]
