4625.855813 2660.000649 1.03047887 49
[[-113 633 283 -389 377 -262 -9 -123 -85 -26 -53 329 -757 -149 289 158 78 58 402 -597 -218 420 -536 -1260 -17 515 -256 -206 -999 -130 550 -344 315 -332 179 -115 -280 756 -7 -894 -87 177 -217 -521 423 802 339 430 425 659 -125 27 -40 -462 268 -342 372 -301 254 -158 182 -84 532 398 -898 -535 425 250 738 -71 620 606 10 -627 -863 -1092 -172 -292 -147 322 453 66 -187 260 531 -55 -1524 -360 6 -4 143 -618 -188 -870 1 152 279 490 -677]
[719 494 -170 -904 -197 220 -967 378 349 741 489 361 209 145 111 -218 -305 -343 322 185 105 103 369 1281 25 -474 -669 201 24 450 -981 775 -41 -407 111 -18 429 -170 -390 1085 -301 -373 -293 508 247 -653 99 -197 401 34 -100 -91 61 623 -690 66 -632 -174 29 -252 -349 372 -664 119 1114 412 -474 57 42 -35 -236 -12 143 331 874 369 -121 91 -642 -777 -281 -655 -77 -1207 -860 -844 240 597 -157 182 -447 237 205 -478 283 182 -414 526 -654]
[146 3 -150 -268 22 129 -1127 106 -115 646 407 -165 -254 357 68 -971 646 -284 -139 448 -651 -776 180 68 -417 11 -912 203 578 230 -447 755 -21 -276 -691 643 93 161 -388 11 -239 -279 -478 273 -607 -67 861 -378 506 -109 -415 -866 376 -184 -472 -100 -705 -224 451 -99 324 -180 -493 564 860 473 -151 520 426 -8 193 -551 176 586 489 -150 638 930 -352 -6 349 -1044 -632 -899 -299 164 682 -303 -375 231 -112 406 371 -271 320 -554 -668 323 -304]
[-153 -158 75 172 -495 -27 1005 -43 132 -736 -320 369 972 -213 -168 899 -698 -645 -805 35 190 -646 18 1100 67 117 1094 290 289 494 -105 -265 366 504 200 -936 217 -399 57 161 -724 -344 238 680 -144 -137 -839 149 -366 785 -459 -201 -626 -233 128 -74 280 -182 -818 160 -139 -280 181 -470 -288 147 -661 -407 124 -768 -375 -518 426 -32 206 121 -116 108 607 382 -61 -161 639 128 -386 216 326 -248 22 -887 -184 -83 -355 560 597 -536 168 -1349 804]
[-214 -891 198 738 737 211 -504 528 115 70 -270 -345 1272 -804 -377 -297 236 -756 -86 670 -317 -515 -213 788 -519 366 337 183 801 288 -584 1152 110 148 -914 -325 -497 0 1024 211 125 -88 -94 128 -199 -395 878 -1 -195 -223 362 -148 -28 201 -238 -564 -332 273 248 -423 604 93 -725 372 447 275 9 78 -447 -827 -84 -740 -501 40 1030 -207 408 907 333 1349 894 575 -253 680 -106 512 852 180 -366 -94 -428 303 -488 437 570 -488 220 -700 14]
[61 1257 -254 -655 -368 858 164 -638 -331 -94 765 434 155 236 360 363 829 -99 604 -307 480 7 148 -720 600 -440 356 235 -446 -641 683 -56 145 -738 562 -25 -181 153 -446 -401 3 -399 -148 -129 501 534 -958 -12 -167 549 47 149 358 584 502 302 6 -193 -462 36 -864 -328 388 -411 -28 -922 -884 -16 265 450 286 -117 841 -403 -411 -469 -234 11 -818 -686 19 -1008 530 -123 -435 -540 -386 105 8 -101 592 -787 616 -930 -737 -21 135 63 -733]
[-280 147 -289 -213 -161 580 -455 282 -44 352 -740 -239 475 -206 -167 192 -1 -1198 238 -347 -397 -213 -154 1102 -718 837 -308 406 -296 -121 -908 1516 -347 430 -170 -757 -77 554 -160 -221 -621 52 -159 385 286 -877 -131 71 1265 1307 97 315 -330 -23 -141 437 -270 -624 433 -927 668 -240 203 433 185 -398 63 280 406 -667 180 165 257 4 892 -656 175 593 -887 803 199 52 -125 -507 -127 -303 -71 642 34 -117 -595 -161 84 -475 752 -213 319 -1311 -367]
[371 -213 2 -124 -202 -512 420 -302 663 245 -32 636 -880 -561 111 -6 -450 572 -1151 -312 -134 -872 389 479 -82 -64 -146 647 266 619 -380 -115 437 399 181 -340 662 -241 -1228 297 -35 -675 502 482 -831 170 512 416 -89 313 -1494 -838 -1201 -1277 -353 -736 245 213 -122 1184 -209 308 -45 13 662 545 -904 -447 778 -124 -123 -157 -477 322 -51 655 367 -111 734 -793 -686 -648 253 -794 -454 -194 998 -58 -84 -370 580 -170 -325 310 -160 -337 -783 65 1344]
[1162 -462 473 -257 304 390 -760 419 76 650 455 835 -292 167 -184 -554 -294 153 -504 232 -199 -657 120 638 -440 -36 -1 -53 809 599 -911 -201 427 -401 -370 379 590 59 49 372 293 -920 507 810 -756 -246 1091 -236 -282 -19 -578 -890 -789 -729 -1102 -882 -640 351 -136 342 359 -1 -593 506 736 208 116 737 1152 -560 -883 -638 162 1006 398 375 294 792 609 -783 -1013 -743 -293 -969 -964 -395 467 -95 -521 -1133 -271 166 -1027 -57 223 15 -479 350 420]
[777 -310 -116 -326 508 -80 642 207 43 213 -663 641 604 8 19 449 115 54 92 -441 667 165 -715 331 -656 597 159 -87 -63 37 -729 57 -570 556 -637 -621 -617 -305 -326 306 79 -108 464 485 -223 -909 -343 332 -49 836 496 367 -1270 185 289 922 235 164 156 119 898 936 -58 198 -58 -195 173 -174 -526 -360 -428 338 -153 199 827 510 416 72 -558 -134 -701 -334 824 -154 -629 -861 -6 994 130 -622 -174 -91 -726 195 505 609 819 -370 601]
[-211 1171 -855 -49 -825 -177 363 -363 369 -278 -320 797 968 107 -18 1345 -884 -605 217 326 926 -418 296 774 953 -455 230 494 313 335 555 -473 139 219 377 -356 316 -1116 -987 1014 -33 -400 -166 -230 -251 -328 -724 656 -685 756 131 -250 -258 868 -217 827 -332 -377 -343 -12 -122 301 -344 -561 1077 653 -837 -365 -806 527 657 -19 749 90 523 433 -359 -408 263 -545 51 -929 682 -1192 -291 -294 531 -24 461 -23 -413 160 241 315 1035 68 47 -350 -202]
[-96 85 821 -337 1038 301 -141 440 401 -388 107 1038 958 -494 -96 1149 808 -516 1089 717 820 391 -897 -901 115 172 836 -286 72 186 529 -240 493 -353 -382 -188 -142 -434 879 413 1117 83 -173 -555 -234 -694 -186 578 -1302 264 597 -185 154 481 -179 18 283 601 -412 412 626 389 -878 361 -261 -384 -80 812 -581 -157 -422 -530 681 -674 325 -514 -843 228 417 -341 524 501 -9 97 -194 -341 -116 -41 -294 -846 -38 -185 -626 -225 289 505 1018 208 -938]
[75 -8 184 62 614 -626 59 -298 645 -211 -770 885 -300 -350 248 518 -13 147 -615 652 -169 -377 -235 116 -799 970 -490 405 207 -141 -226 202 533 561 -805 53 290 -389 270 -215 678 -232 -554 -432 -948 -338 684 -23 -363 651 -265 -737 -202 -973 -420 -199 -361 751 165 557 567 106 -692 461 -317 -106 151 1058 339 -1211 728 -343 -413 -396 42 -867 -56 67 1372 245 213 -467 -312 -362 720 43 278 -365 -187 -468 -692 133 -975 11 115 -142 507 268 116]
[528 -451 -345 1130 -416 711 168 56 -207 736 -293 480 -575 618 -595 -116 641 1135 211 755 369 -527 294 -246 206 -429 -88 304 1067 -635 666 -282 -18 -642 -447 660 826 -358 292 762 1162 -379 592 -405 -544 36 -104 -671 -532 -583 -245 39 130 775 -39 103 -1195 758 478 240 -141 -413 -306 -502 614 17 -316 447 75 351 227 -178 -340 259 -303 865 464 -410 823 -705 -390 -869 87 -578 294 388 1086 312 -610 -113 -183 211 -485 74 -924 -332 252 396 -45]
[-438 -775 454 431 -397 -478 22 211 -618 -670 405 -323 -178 -143 -456 -278 -424 267 -1377 362 -510 -800 244 256 222 -505 827 -200 1322 995 -309 -890 908 290 558 176 324 -569 -452 -533 -194 -256 762 190 -697 492 73 -225 -1066 -158 184 -613 9 -968 -406 -582 -22 -122 -1345 623 -28 -479 354 -299 203 441 254 253 700 690 -642 -172 10 124 -109 -123 -552 343 659 -457 -488 182 -110 287 -343 545 1194 -416 284 365 467 499 -155 986 1104 169 -479 -148 1005]
[-178 -474 199 13 -120 -76 -108 -441 358 318 -342 -473 -286 -564 1132 211 -270 127 -991 -176 114 465 299 740 -783 175 -220 551 -574 -381 -911 100 -830 1425 -113 -9 337 245 145 -72 261 -30 -551 1069 -168 -614 -111 -759 64 -162 -653 68 -618 -677 -38 -146 -395 401 150 359 89 94 -265 -139 -644 -72 -204 87 -104 -726 -415 -265 -180 110 -118 251 56 782 221 630 -947 403 -243 92 -29 -295 4 -520 -230 -133 -540 274 711 426 -209 524 -177 -368 766]
[727 67 -380 861 -578 227 -121 51 333 244 -758 513 -314 -332 341 114 -701 326 -277 -117 -16 60 381 486 55 -310 -14 352 256 5 -478 358 320 173 -75 237 1091 -203 -462 967 76 -224 -414 52 258 754 225 415 -390 -390 -1130 -188 -450 79 110 -1696 -1063 728 698 -168 -581 -213 -73 -584 139 -120 -977 -982 -330 -565 442 27 -618 -67 53 371 220 192 966 88 -39 -633 -132 -606 390 90 474 550 -662 -368 -330 -320 330 155 -838 -5 -533 709 400]
[114 125 466 -214 325 71 -268 781 648 119 -1 206 -221 -210 -257 170 -2264 -354 278 44 802 44 -71 411 57 464 312 97 -8 449 -106 -320 260 -832 452 -100 -44 817 1520 640 -978 251 419 -103 820 1021 993 -366 416 -295 14 32 -394 312 -475 -354 421 -35 -183 -1078 -355 -360 -307 233 -151 -69 985 -263 774 -1108 -427 504 -68 -19 -164 508 -197 -1066 701 705 413 785 179 620 -343 130 -1449 -381 -415 -392 -311 -425 -1394 119 223 -417 203 336 -609]
[158 1122 907 -888 92 -323 -525 -549 -68 -496 403 -219 -219 390 263 549 -313 -306 237 759 409 346 105 -482 -205 368 433 -577 -196 -465 -296 -104 1083 -355 417 182 124 496 -9 -839 -753 -116 -271 -150 790 686 -636 -650 -374 -145 -175 -197 577 -384 156 -113 42 -152 -1177 -75 -1229 -895 206 -248 -1114 -1093 -334 335 -291 -568 -93 -407 513 -504 -563 -1032 -1532 -252 24 -435 113 -858 510 888 -181 -165 -425 -473 -333 -119 1011 -623 263 -146 -760 133 -197 607 -313]
[-133 574 -304 -270 306 313 -333 -629 445 51 15 -290 -327 612 517 -55 718 812 304 425 679 -500 371 -1081 -292 460 -71 12 -142 -544 42 -80 -404 -347 -708 745 -192 -1414 -553 352 272 480 -740 -483 -839 256 -124 23 -627 -707 -228 -890 495 -401 658 -71 460 705 -79 617 -56 -188 -1262 144 591 -691 -397 -658 -1093 -684 214 -869 -27 312 221 193 406 -392 532 -649 -102 -1157 463 -518 428 362 1139 596 -183 -340 711 123 544 733 -1397 -145 -315 642 842]
[233 -533 -344 -53 -689 723 -37 -499 196 -645 -104 173 537 -721 399 -248 -194 -186 -1306 -725 -932 168 271 1056 131 -849 105 137 460 -352 -744 429 462 682 481 -142 -114 -141 -42 -35 32 -590 119 1098 173 261 -291 -148 -99 136 383 286 24 -519 -363 -794 -747 370 269 -223 -185 -71 979 -17 18 -107 -882 -382 590 172 -627 -662 402 1021 496 -123 485 1155 382 -397 -830 194 -370 93 128 -392 420 696 185 -716 -476 79 416 431 -603 162 -1011 -359 1272]
[-594 208 -442 -168 -183 652 -776 1112 85 812 -322 -125 -61 -405 237 -142 606 -56 828 22 336 601 -1215 -708 -581 186 -937 91 226 354 -21 133 89 -216 -413 628 -500 1100 25 764 -287 746 -1102 -296 393 647 285 -272 567 -34 317 -79 517 1008 129 62 -808 -113 1130 -1459 911 621 -265 664 -1020 -124 -238 -301 -411 162 224 655 584 135 431 -27 372 541 -1197 690 1256 -11 98 544 169 -171 -751 -213 -945 3 -468 -49 602 31 497 169 -150 639 -844]
[913 -843 476 338 -63 -187 562 544 -724 -934 -165 -114 945 1010 172 373 -90 -640 -209 -76 873 -101 45 4 223 376 935 -363 391 131 257 -209 -391 -10 616 219 -454 5 476 -170 -1030 275 692 -94 486 484 -761 -345 -295 -393 370 531 -500 975 379 584 538 -72 -33 -359 -340 -805 602 -561 -493 338 804 -328 -1260 227 -952 261 -307 177 179 879 -293 -182 -359 539 164 804 113 778 -422 -1 -215 -33 -33 332 549 -462 -331 599 259 -225 346 -173 -19]
[-811 -46 112 447 -98 705 36 940 -648 -597 497 255 -650 887 -561 -32 191 -88 27 364 -301 -488 -247 -162 38 443 -123 -318 184 1176 152 -175 371 -282 692 682 732 174 -5 -527 -381 270 -12 -186 -910 579 -230 309 185 139 -17 -1155 488 -758 348 -283 431 -30 -542 -3 523 -747 -89 99 -938 -564 938 580 758 -433 11 -574 632 3 -569 -146 -550 154 359 -610 33 152 -411 -161 90 79 73 -627 -332 -683 -350 -243 -621 -77 116 -163 366 -648 -585]
[-514 88 212 -1312 -315 29 -629 92 690 655 566 434 -506 -996 1475 102 847 1134 -323 -8 640 -636 -140 -101 -189 65 -227 1109 -508 454 -427 425 992 -605 536 42 -17 -220 -292 682 336 20 -265 -187 164 164 -272 -1428 -241 382 -72 -312 1192 196 -266 -933 -115 460 -541 225 -784 329 -1177 89 211 -555 -542 412 983 -327 -139 63 -688 -1019 208 -557 -542 -810 -635 -799 732 75 565 -203 -67 -91 314 215 -406 871 111 -297 284 -813 -760 88 -146 1040 -305]
[-163 -187 -226 -708 -58 -991 1315 343 203 -1352 603 -188 733 471 -484 -390 -994 -482 -764 -436 -903 412 345 1004 -116 -322 151 -461 -57 345 -23 -757 -9 246 52 84 662 -870 -81 409 -1242 508 -1039 -229 222 -578 -653 645 113 -67 -377 124 377 -31 503 206 815 617 -816 236 -974 388 397 -553 -1303 85 -372 -945 88 -823 -586 351 76 -668 287 51 -451 -556 178 373 -7 6 -114 600 83 -64 -1 49 235 -295 -713 604 -41 32 258 -192 -61 -338 -156]
[645 579 -99 722 -300 -565 834 -561 -340 -739 29 159 156 196 477 276 852 290 -537 -143 -353 -143 384 -199 661 -575 159 -99 -123 -218 962 -365 -132 -508 468 -446 -55 -652 -271 -697 7 -273 -206 -551 253 862 -164 816 -302 137 -656 -1 209 525 313 -918 390 -17 301 1052 -735 -60 292 -278 240 871 -301 -120 -426 420 558 380 -7 -786 -578 -426 260 -488 -174 597 456 -248 -434 -453 -200 87 -670 -33 215 376 813 -751 -87 -332 -242 -534 132 1091 233]
[193 96 -217 142 -752 171 853 -91 -681 -1073 631 842 83 144 -37 414 75 58 -1019 -716 -103 205 -324 -351 41 449 494 -507 252 847 443 -950 236 315 669 -97 -594 -128 -63 -981 -97 -487 -317 -379 -628 1276 -146 596 48 800 472 -337 -422 -549 -313 291 916 -445 -1022 -199 127 -144 451 573 -583 214 157 141 169 299 -56 896 432 580 182 -144 381 109 -136 -417 -29 74 -42 576 44 -251 -695 -459 708 -815 -113 -176 -428 435 812 -49 -8 -161 503]
[326 -377 882 -758 551 672 -638 252 720 408 677 -352 82 -450 -56 244 -714 -405 -129 -254 -355 699 1049 469 456 -449 386 -232 143 -517 -355 699 -134 -147 535 -79 452 -454 182 510 312 -46 281 511 -184 -809 324 246 -175 -291 -255 177 -719 -314 -1244 -420 -13 367 65 414 89 -161 -434 497 560 570 -131 -349 1 66 -1485 -1085 -294 915 338 -372 -212 57 1263 -461 -1269 1236 -621 -319 32 -355 654 504 -230 -139 -46 -15 0 510 -456 221 -943 206 706]
[-203 -804 390 892 -165 -296 324 -150 0 -148 -678 882 -362 -240 128 359 -153 859 -247 486 -649 522 -443 451 317 -632 336 166 -628 578 -339 -1079 596 205 643 -794 1239 -169 1117 458 287 323 429 342 220 -145 -593 247 -683 -435 -261 21 526 -776 494 -1007 -284 343 -350 456 424 152 477 -656 -1238 117 -43 496 1296 -408 -186 179 101 -672 -1259 143 -283 -136 1222 -235 -47 427 -201 -360 452 542 -631 -935 -121 -743 -1105 138 -385 71 -80 387 689 15 96]
[698 -702 -71 -834 864 -1089 334 758 167 -1354 -785 -34 436 -119 8 -468 -377 -493 -297 -955 -325 1077 -510 -103 -109 -105 226 -700 -469 220 -99 385 -346 560 -408 -102 -1242 14 -297 -121 -400 592 -138 383 918 -276 211 584 -338 -276 1025 592 -73 356 69 687 975 -241 609 -198 214 808 1320 230 -229 138 1122 -288 -687 199 68 631 -319 312 460 -90 305 -66 -80 -92 16 1000 -487 687 651 33 -458 865 764 209 260 517 -511 94 583 384 50 -105 492]
[31 621 -531 107 -731 688 423 340 -232 -158 168 -167 -456 784 -764 629 1005 -119 354 764 -4 -227 298 -155 193 8 311 28 -57 136 854 -302 -259 -493 169 -635 255 67 -561 -410 689 -147 -529 -168 -245 -733 -984 -1 8 -72 -373 -196 410 255 -568 489 447 -666 -549 460 -112 -152 -594 292 252 -435 -280 660 -601 -467 599 -706 560 136 -325 -361 -113 -656 510 -564 -453 -431 591 -678 761 273 370 -77 96 -477 525 34 -224 0 -365 -594 -43 -648 -35]
[149 555 -1009 114 -774 368 514 20 -32 272 -139 872 47 -224 -130 404 -97 108 -108 -416 14 -14 566 1725 352 -428 -969 915 -432 210 87 298 -184 -401 523 -1144 547 57 -273 811 -224 -572 207 269 549 -770 -490 525 571 -22 -545 438 -329 496 306 584 -247 -34 114 241 -333 463 242 -355 42 -390 -1361 -34 -11 -108 944 148 -268 137 -373 819 270 -196 573 -597 -531 -540 904 -475 -57 -752 611 329 366 -201 -483 -433 -558 -791 -352 -170 -218 -1019 -268]
[-443 356 -286 700 -995 -33 165 413 -753 354 853 -616 -1026 997 -1009 -95 -452 1091 500 -439 63 -203 346 -570 733 -555 -679 -601 -215 332 845 -1595 -462 -879 -62 266 -19 -316 300 78 233 -304 808 -87 -276 317 -562 336 464 -426 48 -92 253 677 220 184 195 108 -814 96 79 -151 -481 9 379 -66 638 -108 20 736 -319 506 407 -117 -560 1319 -427 -1276 -205 -562 -756 265 154 -200 -728 -82 -587 263 178 34 -493 547 -128 -358 295 464 132 321 -548]
[1085 295 65 -221 230 347 -1175 320 159 583 -1297 473 819 -286 -183 161 1044 -152 130 438 -136 -779 122 1023 -727 398 146 915 344 -647 -1205 1755 489 -312 -774 -839 -346 -352 396 262 -709 245 -325 258 550 -306 -679 -54 -498 1141 -94 -46 -134 923 477 -117 -1502 164 235 -563 238 -540 -7 205 646 -286 -1711 264 -325 -702 579 -280 -266 41 833 -694 337 777 -92 388 334 -1220 211 -640 -584 -413 1142 1316 -630 16 95 199 90 208 624 -471 144 -635 581]
[-179 888 -277 -682 -219 491 199 -552 971 46 -549 328 759 -1633 758 970 -1130 -761 6 -347 998 -86 599 806 133 -224 663 1184 240 -744 -513 1472 66 503 114 -667 569 -401 -177 1193 336 -228 -212 120 747 -1288 473 84 -198 610 104 -42 -70 432 -1070 -38 -400 117 -164 -103 -641 751 -451 -379 893 -433 -788 108 -653 -283 306 -475 440 230 478 223 -10 394 796 -153 273 67 911 -490 -508 -535 379 567 416 -319 179 -607 366 21 -613 26 -303 -385 540]
[716 -145 326 -681 -144 459 -291 1049 738 -476 -146 -356 568 8 -310 209 725 -7 211 164 -150 583 246 1036 -44 -469 279 513 -671 -500 -271 449 589 121 501 24 118 -15 730 426 73 358 -880 202 368 -405 -1230 -385 -661 -414 -621 650 564 708 -60 -210 -655 329 453 69 -798 -396 -154 -676 -213 -407 -1363 -240 -1331 -626 -703 -573 -43 -619 228 -169 -666 -51 102 -272 -405 933 -231 372 564 -773 696 705 -896 -122 -16 661 571 228 -728 200 -475 99 -236]
[-474 163 206 459 685 348 681 -8 -477 720 307 -861 -254 -210 -490 -713 785 971 792 87 261 80 -404 -1302 -204 -534 996 348 -39 -296 1083 131 -417 -354 -300 534 -449 1428 67 -568 446 -71 -121 -264 51 865 688 -183 -146 -174 -650 -257 -136 156 1224 402 119 -817 164 524 34 85 325 -602 -291 196 98 -752 -38 346 696 -23 -207 -404 -1315 -41 773 155 -386 632 530 -71 910 1639 -1 355 -332 -910 -548 286 902 -281 27 -204 32 -504 356 -150 -116]
[-732 -220 10 819 606 144 -1177 53 739 506 -203 -229 -22 -1256 -55 -126 561 -465 555 441 -74 1037 155 711 425 -580 -513 497 33 358 2 482 -119 145 319 268 315 1151 -140 554 1224 -255 -119 -511 233 -695 809 872 -580 -1084 -369 -292 -329 -8 -155 -227 206 567 713 419 354 972 -106 53 413 836 -105 -363 -45 373 154 -142 -406 -1 172 286 -401 -114 -233 118 216 1036 -385 462 -46 -110 672 -722 92 444 201 -520 -88 188 339 238 -115 -205 -517]
[275 1698 304 -1292 245 118 39 -461 572 -428 24 -48 265 195 -734 401 -705 -403 1336 286 211 435 278 102 54 -209 555 409 -541 -908 -113 16 350 -449 400 29 -5 362 390 -81 -191 34 -563 -647 672 466 -438 225 -385 -255 -227 238 375 -782 -222 -187 381 24 -619 85 -958 -341 -506 -472 98 -1294 -29 -216 344 -409 156 481 1231 -1572 -159 -880 -1366 -179 161 140 50 -1 508 221 -80 -709 -563 31 -154 -292 635 -393 469 -871 -20 -68 -201 1055 -1601]
[-448 -77 -1204 61 -1048 114 146 -811 -905 -87 -246 -711 482 148 316 -487 -506 -704 538 -776 -219 135 885 -11 282 -1066 74 218 668 -521 -176 27 -1242 644 -236 703 -311 -471 -1083 293 -155 310 -266 -182 462 -946 -606 423 -593 -387 557 780 115 727 575 -75 143 133 -122 -141 49 310 575 -351 603 -160 296 -1001 -425 1094 88 354 -547 -278 448 527 165 697 -470 300 -430 269 311 -575 126 59 1016 -25 924 966 183 -106 1026 -293 354 442 -337 -522 -13]
[-996 314 -194 257 270 896 -376 -158 383 307 290 -1324 792 -1370 -91 -610 243 -168 500 -83 -194 974 184 440 442 -885 317 -257 -586 -865 269 -516 259 -529 168 -112 -1068 642 369 -351 762 356 384 63 1213 -403 175 -235 -435 -584 768 1123 479 648 -163 -714 443 -49 35 -501 -604 469 1155 26 72 -446 -41 -44 494 452 -486 -453 76 138 -92 -242 263 -215 -1569 721 -393 927 -192 1505 -101 443 8 -122 317 191 614 -28 -168 -62 -767 475 -102 -805 327]
[-6 -488 -657 464 407 -217 -118 205 629 54 -94 330 179 -1202 304 -465 -412 1130 -843 -130 364 -488 -253 552 657 -403 238 1091 -79 654 -390 -493 1004 256 459 -109 -958 114 -202 272 421 259 1014 16 -195 423 568 114 -884 -362 1019 -106 -354 -172 -434 -129 -345 510 -269 -1 269 1218 -46 -471 955 359 -4 -156 322 639 -252 -354 -483 177 101 1390 539 -763 155 -532 47 479 490 564 -181 -132 635 -136 68 429 -383 175 -471 1300 746 670 -41 270 740]
[725 -574 -646 72 76 757 113 268 55 54 -686 811 766 -386 -821 -178 535 -82 -280 804 -298 -927 65 828 -835 29 -84 1424 1374 -664 -942 842 279 184 149 -957 -21 -170 49 88 294 -267 198 96 -191 -443 182 -37 -281 1108 219 292 -397 689 -128 440 -767 134 -100 -375 -231 50 737 10 1011 -651 -1044 1095 952 -370 -149 545 421 -145 1133 160 1035 717 -495 -17 -669 -1682 146 -746 -767 -806 1369 671 -354 -316 265 97 -1189 -389 -96 -457 447 -136 288]
[-270 -749 235 -210 666 743 -776 376 302 262 -345 -102 -458 -165 658 -380 570 -128 -225 -108 -251 948 76 -484 -848 940 -983 -220 -679 -452 -437 -392 -275 313 378 395 124 -238 823 -51 291 485 -917 -264 109 19 796 -530 533 326 146 -189 361 -892 -736 -1448 -594 730 1251 -859 949 -5 -566 1060 -1340 -490 733 411 767 -487 -359 268 -64 903 -266 -1269 111 599 161 984 -145 635 -935 -255 894 -182 -1332 32 -528 -627 -564 -86 109 117 -605 378 -123 532 -30]
[-46 -321 644 389 676 -1063 463 290 34 -310 -163 -102 -531 -1070 -467 -252 -780 519 -131 -497 -390 585 -991 -447 -265 503 274 -1101 -4 897 -150 -529 952 394 371 -114 572 1170 346 -626 1273 -2 800 -509 637 -148 1069 1047 -41 -643 -91 113 61 -567 288 -1239 733 487 -151 245 -839 1023 -97 103 -1159 -902 559 41 -527 -356 245 795 -783 -297 -577 -101 -1514 88 520 -417 -768 1005 283 1312 -71 -409 -606 398 557 -399 672 -159 -729 -562 -884 990 -97 406 113]
[-432 125 170 -605 168 -1035 344 251 310 -112 591 -235 -752 784 -485 -69 463 -131 -131 565 -191 -155 -291 -818 311 -79 -699 -1192 916 425 1690 -1637 865 -650 124 781 -190 196 -733 -592 -1025 399 -512 -635 -549 395 586 -147 -233 297 91 -510 -12 153 -415 610 537 -447 700 636 367 17 946 777 -892 1895 74 389 398 833 -186 68 406 393 -39 -606 -218 -1159 -504 21 649 -402 -269 193 386 654 -268 -1822 -421 -21 912 301 -597 898 926 -810 -387 453 557]
[362 915 -44 309 -649 -152 323 -69 270 239 95 144 -46 24 -118 591 -1478 -198 -364 923 772 260 391 1167 406 -370 106 405 306 546 -854 596 184 493 641 -346 845 26 -942 951 -622 -286 -33 566 402 367 -700 1 525 80 -1067 -355 -734 362 102 -88 -491 65 -868 86 -1311 -119 -617 -778 148 541 -661 -448 -1001 -13 0 475 329 -135 -130 976 -1245 -535 -184 -397 -180 -798 -110 -116 -1152 -600 -24 475 -251 601 -195 42 494 430 -59 72 18 735 -470]
[-341 793 254 -1047 322 757 25 173 233 815 983 1047 181 -417 715 -329 -710 166 733 -1322 1168 -111 -926 -369 141 616 476 290 -620 1005 -133 -307 576 -497 -76 277 190 288 26 893 51 32 151 353 -350 105 814 425 61 616 -494 -600 -521 -357 990 -216 545 287 -480 256 15 478 -1076 78 160 -984 -859 -975 342 -447 -299 188 72 -347 65 283 -138 295 -464 -652 -337 -1046 684 -230 -655 -754 -404 68 226 -1093 -97 -773 286 -947 -380 706 -33 299 -222]
[-1 850 -409 -904 -401 1116 -832 -713 -119 1005 -173 231 -631 444 958 107 653 200 339 7 892 456 33 -800 -231 651 -856 195 -1026 -818 92 -1000 -820 131 144 562 -414 -235 327 218 340 126 -238 -179 -693 155 137 -833 69 350 31 182 -38 -281 -85 1848 58 -583 131 -699 546 -482 -433 152 403 -647 483 749 -139 266 -59 932 823 898 -362 -41 486 143 -849 -397 -855 -1011 -71 -895 342 -321 -585 -241 394 314 -13 416 629 150 -125 689 101 161 -965]
[159 386 95 -514 -841 385 309 -125 -418 -105 690 854 -138 505 -423 571 -3 -276 33 681 240 -74 576 840 227 -737 274 706 510 567 -455 -541 233 -13 413 -10 903 -582 370 553 -206 -327 475 -145 -511 -262 -786 -383 -260 270 -277 -298 663 -363 -1149 247 -212 -36 -1551 848 -249 -130 -286 -272 215 -71 -267 909 1057 628 -155 380 660 -521 -359 542 -235 888 194 -1088 -17 -365 -201 -1087 -1208 -444 803 -922 70 -222 -375 -53 -147 -775 611 -255 383 384 -792]
[166 1224 -249 -136 454 807 277 -486 -329 557 449 351 363 -628 664 -809 -224 66 159 -836 103 -325 -106 786 188 13 -837 458 159 -573 102 534 26 -263 120 502 -200 1345 411 -430 818 -614 -131 -17 -576 38 1512 -74 227 300 99 197 190 179 -525 -137 -317 75 767 -554 -315 693 -848 -197 801 -467 545 698 855 -421 780 -35 656 -373 -600 -1035 469 813 -839 543 -418 -558 -249 -370 -696 -698 -1223 -696 509 -50 -245 -1224 -66 -1633 -315 254 95 109 -621]
[396 -445 366 -448 248 179 -1060 390 404 705 1159 296 974 -29 -252 -1010 -859 -257 -129 -54 -604 -672 313 986 629 327 530 -107 503 708 -1007 -324 1238 -271 -222 72 430 -278 567 448 -748 -112 967 342 -125 -801 1043 -26 -128 134 -290 -775 108 -275 -1024 -950 -435 -55 -823 -893 -456 90 -1002 -224 633 401 169 129 830 170 -1173 -655 44 979 814 -334 51 329 181 -384 -51 -318 107 -420 -887 324 645 -151 224 -38 -544 305 -361 -21 542 -430 -1089 69 181]
[386 53 14 -972 471 -332 -779 241 -101 1075 -37 -129 551 -403 -241 203 447 429 -269 1020 -208 -117 621 1302 -400 -168 307 1169 -114 631 -726 -481 588 -367 -333 -423 125 -817 341 843 523 -795 -1272 528 -489 -797 1055 -187 -800 155 185 -1101 22 -926 -1243 -300 -758 -289 -465 803 772 739 -1127 19 834 678 -235 756 553 -1092 208 498 382 0 286 -461 -268 978 1292 441 -12 -388 105 -201 -323 28 763 -980 -229 -353 -940 1380 -143 157 2077 -340 -172 165 -233]
[792 -139 -304 -371 -307 -69 176 425 -111 -7 86 487 -328 499 222 -667 -29 -91 -252 -1423 -743 -697 6 23 -47 410 -269 72 14 463 663 52 409 -665 347 464 300 1407 -466 -476 -550 -363 -395 513 91 220 482 701 1102 645 -1134 -80 -57 67 -92 -508 -150 -365 1661 -456 -381 -623 881 106 119 611 -146 -56 1486 -210 161 131 365 609 -242 -88 1123 174 -93 -18 -264 -508 -474 -715 202 249 -761 -952 -224 -899 -537 -674 -78 -1144 404 -989 -876 -584 21]
[-132 1178 100 -1276 714 -106 -294 396 460 205 242 1064 -529 -384 527 -310 200 163 685 900 479 530 -734 -1030 70 -459 -714 -438 438 163 570 714 453 -689 -683 519 -669 438 251 -9 -309 -442 -672 124 378 808 487 -182 -263 422 -222 -548 713 943 506 754 -107 40 813 513 253 259 -132 1156 -6 158 90 613 -249 323 711 -232 530 -198 -329 -1042 277 167 -223 -417 414 -956 189 84 -200 -337 -860 -59 -372 78 546 -332 -562 -756 -52 14 100 1006 -711]
[298 -889 -10 -759 -13 -454 13 -2 665 1211 -620 -171 -164 -931 -211 -156 -328 218 -685 10 -65 -984 257 1750 -1438 975 -999 516 66 102 -1313 1233 633 729 -1192 -593 -613 487 103 520 -463 -295 400 1410 -290 -413 143 -1510 850 917 -57 706 -497 -838 -535 -247 -926 639 411 -277 -6 214 -175 47 335 -85 -114 317 1188 -654 7 59 -643 -60 972 635 -71 450 -478 591 -115 -362 447 66 -324 -96 747 -327 -485 100 -448 834 -20 -90 538 -549 -373 -1456 500]
[31 -814 72 75 291 425 -737 -372 315 1013 -349 -916 -33 -1398 390 -203 -337 419 -343 -215 -32 395 297 267 -220 298 357 -127 -317 -397 -870 -252 186 501 -351 -25 -799 379 148 316 1026 -154 1117 1170 154 -919 658 -533 -142 -713 333 742 -851 -529 -877 -601 173 -11 -208 -478 116 213 -140 -16 525 74 252 -150 416 251 -742 70 -487 1260 21 149 262 457 -69 13 -819 1676 -428 940 -58 620 237 334 521 591 -116 705 -117 684 -207 358 -212 -822 1442]
[-620 -237 -417 1090 -1354 909 693 -455 -530 -770 -579 -384 298 494 550 226 -85 -211 -785 773 -4 -413 400 36 168 -234 1037 629 1116 -1019 165 -354 -595 463 532 1058 625 -386 199 -424 612 -105 87 -487 -178 398 -457 -670 -834 -543 -171 539 160 607 314 169 -573 500 -245 110 -510 -1273 131 -751 -119 -449 271 318 -429 9 -409 35 606 -917 -78 -326 12 750 -34 442 -307 352 -612 140 322 393 1271 285 192 440 -235 -289 59 54 -591 139 834 363 -683]
[-899 -100 107 -379 -609 466 -1769 1068 -94 60 -315 173 -245 -527 631 885 351 -326 580 -11 157 200 -602 -617 -542 432 -350 432 -118 900 -556 647 114 -355 643 157 234 105 -154 296 451 131 -267 -283 566 712 -110 94 148 -12 948 -379 882 416 171 -684 -590 -173 -201 -714 758 -251 229 1027 -513 -692 -161 699 83 184 -86 469 664 -127 694 346 -486 1088 -990 -366 982 739 -503 -129 -434 -514 73 366 -537 -58 -452 -290 410 -506 392 592 -35 185 -745]
[-709 -338 459 89 733 -803 119 -139 -394 263 467 -135 -358 42 1013 -188 391 1025 -264 716 368 150 -543 -1819 6 59 610 -584 -1035 -737 954 -385 -395 -202 -1054 -483 -453 -280 732 -616 -36 795 -235 551 629 767 254 -854 -19 -254 -772 20 502 992 1392 629 403 137 -629 522 -305 46 -239 276 -745 -449 -317 407 -161 202 170 129 97 -984 -930 166 251 -398 -124 937 564 -982 -224 662 29 994 -743 -598 -463 290 720 -69 172 -493 -577 -73 385 567 -351]
[-581 384 -10 262 -789 127 858 375 -163 -1406 -388 214 1227 356 -476 894 558 -1148 171 -164 172 19 -488 117 -1 12 626 -303 827 -253 558 59 227 258 -13 -496 -76 -279 -380 -287 -414 132 -505 -569 137 7 -1280 468 10 931 -132 14 -97 646 -122 348 208 -581 -481 -199 200 -593 240 323 -484 -225 -664 -510 -387 573 17 558 1250 -373 857 -1001 -422 366 -299 290 831 496 399 -240 -97 -159 147 148 346 -627 11 -459 597 -35 802 -435 -46 94 -237]
[178 976 -695 -1104 -720 373 -850 -291 -593 255 235 -861 -543 1273 321 -555 1025 -833 524 -807 -1067 414 514 -264 399 -450 -168 -16 -1177 -842 204 61 -1032 -513 -125 601 -2 581 -897 -587 -889 712 -915 387 697 -157 -526 333 711 -293 -930 -239 287 65 495 638 540 -322 356 -302 -460 -220 717 155 18 -347 -121 85 439 -40 -371 389 934 177 230 60 -112 526 -987 308 -220 -853 -1286 -875 -132 110 -193 -152 -224 -40 379 -188 1349 -833 -106 -538 -551 420 -1196]
[-1067 515 -734 -735 -109 -296 127 -114 1097 -1010 -78 -273 -328 -388 408 712 283 86 -357 12 543 -202 -126 -906 259 -325 -328 747 -795 -168 1446 -1683 260 477 198 265 -815 44 -1224 -408 91 222 -673 -690 -423 -14 20 -74 -260 -97 -862 -433 -43 -487 -323 687 865 -81 187 732 225 30 397 303 -134 -508 -14 311 185 324 -68 -2 1164 -105 -673 87 -126 -644 148 -161 168 318 92 -40 746 194 0 -1286 -237 -239 -199 681 9 376 365 376 -528 31 -130]
[692 110 -538 568 -935 390 -388 447 -562 -88 105 522 48 1414 -239 -16 471 13 87 281 -171 -213 200 842 248 -35 611 -764 -2 707 -469 510 -43 -73 443 41 691 -545 -719 269 -492 35 263 1214 -105 -47 -1383 612 -434 670 13 -310 469 731 171 549 -383 -346 -604 -422 165 -479 331 -263 461 220 101 139 9 123 -269 60 740 870 1043 407 -63 -169 -670 -1629 -462 -785 -259 -1613 -864 -40 50 283 332 -904 -828 810 470 654 156 511 535 -561 560]
[-918 -582 341 -230 -227 571 377 -467 1055 -14 28 -723 -954 -117 -254 248 461 271 -794 141 -656 162 510 -247 -84 230 -560 803 -777 -529 -32 1564 -479 313 133 -543 248 645 1123 -299 -177 598 -162 360 -344 145 -330 -484 1297 87 -733 138 -199 -891 105 906 -158 93 124 568 183 -878 -301 249 254 162 -510 -229 802 -600 347 -1237 -408 -266 -471 -314 917 -70 1105 291 328 966 -10 254 982 302 288 -215 -283 98 -950 188 688 88 -696 -685 404 -48 -374]
[-135 -22 248 907 -478 505 -188 407 -522 -387 311 -662 901 61 -736 -486 222 -843 51 -239 -653 -277 106 424 -735 -59 252 -388 1477 -240 -359 976 -109 18 -689 334 536 -422 425 126 376 241 -1134 -29 -511 -528 -338 511 430 53 267 -275 935 453 -22 -229 -874 116 -436 -541 129 -91 -563 46 325 527 -509 -228 -880 -116 52 -674 599 -5 602 -119 -177 876 -218 532 592 -178 -635 -136 -484 8 450 233 389 -10 -28 152 928 334 149 -694 -503 -351 86]
[559 586 118 -761 154 580 -700 -561 -499 1253 580 -298 -525 531 46 -1235 524 524 1053 251 191 -235 -594 -164 168 -356 -52 73 231 -162 -224 -702 10 -900 95 257 -103 1103 -111 7 -148 -118 162 566 354 574 541 -954 -38 -1418 -202 211 384 -200 414 -676 -299 -517 290 14 -236 -23 -302 312 80 -611 -423 267 566 123 -288 38 557 278 -428 -160 29 961 -485 -909 -291 -1010 586 -561 -629 -137 -111 -889 -338 -471 937 -7 614 -515 -1138 99 -940 1139 103]
[-233 1007 -835 60 -158 272 864 -41 -427 -206 504 -495 -138 -424 622 -388 -38 76 -758 -746 -454 496 471 276 356 -105 -829 282 -439 -834 395 445 162 330 2 598 -72 475 121 -701 74 -334 -617 390 93 668 -207 -352 490 -786 657 158 346 -135 485 203 -653 205 494 -353 -1010 -161 502 -737 -1509 -1029 -212 83 -542 79 494 -8 162 -117 -416 -138 -73 965 304 750 -354 219 -3 1194 439 -451 -441 73 -205 547 -655 -48 1154 -189 -830 159 -976 -206 -803]
[812 152 -287 305 650 -366 879 -458 -198 433 -316 525 1845 725 -285 -149 -592 -104 280 505 1033 -263 157 1049 158 948 411 -261 601 -955 717 -205 -316 -537 -722 592 -273 -79 403 212 911 -377 881 -685 124 -827 -163 -756 -425 -257 956 746 -303 841 3 952 -123 437 195 -843 -713 681 -67 -30 -260 -519 904 264 -335 -266 157 69 -563 346 -77 334 -241 138 -334 189 -695 -540 784 432 -710 -85 351 -82 479 -115 -58 42 -928 -427 -649 11 330 -992 118]
[-334 -604 -596 -183 -554 248 109 -761 486 120 -333 -301 477 42 1381 416 248 -223 -139 174 789 -398 -45 -717 896 -1052 330 496 867 -297 378 -384 -139 158 138 782 -591 -409 -748 1278 60 180 370 196 -82 723 -322 -512 -1117 -587 135 7 67 1073 1004 78 -30 578 651 369 -276 -196 390 -437 367 507 -748 -1315 -1174 509 -1109 56 7 2 373 1173 409 -128 -918 -356 15 -289 26 -252 -389 229 873 748 -330 380 183 -517 754 551 -1199 -29 -195 1154 446]
[-547 -39 -92 259 76 65 -298 -93 -237 -751 351 -137 -266 -488 129 -301 -1213 -392 -87 122 431 -224 224 -109 185 -457 916 -651 543 731 -29 -560 -558 -387 -194 374 409 -685 762 499 -667 958 -1287 -231 21 127 976 276 -1021 -971 138 -176 581 -223 -212 -694 858 440 -731 -285 -101 92 -805 177 933 101 -10 -60 -174 -281 -48 -115 436 126 397 566 450 326 614 -283 305 720 -655 -256 -331 813 212 -517 640 -566 562 516 -180 961 342 -211 -244 -53 760]
[331 -791 1102 -687 34 -1037 354 651 60 -40 -714 508 760 -125 -187 624 -305 -550 329 384 135 138 -332 103 -96 408 189 -665 -16 425 -453 944 637 -24 120 -1083 55 -763 603 1019 -809 614 259 -470 630 -556 -645 -187 -73 729 173 972 382 1136 66 241 277 -358 -83 -587 -105 243 -100 412 -653 615 -570 -414 -1001 407 -377 940 -918 -335 642 -540 -304 -920 65 551 909 -60 388 -104 538 349 183 1176 -283 157 97 -122 -131 146 480 -27 39 203 0]
[-473 -503 192 -291 -504 -275 244 -687 1035 19 -747 -767 -875 -231 -405 538 -264 569 -212 405 425 481 413 89 284 -192 -571 -160 -523 -758 14 -407 156 262 222 -389 78 -169 256 551 311 430 724 -504 212 -45 -418 -691 212 -1104 289 260 233 -331 -189 335 1084 343 -390 782 -880 49 185 -88 417 -10 -362 -734 -386 -155 -339 4 -334 -258 96 1428 -79 -2295 -208 -501 -347 -61 559 616 662 430 610 553 -174 -626 732 241 8 1055 -1393 27 -288 426 574]
[732 -506 310 -239 284 856 311 -123 -23 115 -124 1041 233 -491 697 945 1015 -248 -20 -61 1327 -614 -340 -785 -608 395 933 772 -112 -397 285 -730 -465 -263 -597 -377 -364 68 867 168 481 -351 -261 43 -280 -491 -505 -35 -885 522 -851 -300 -1331 734 275 239 423 989 -222 608 100 -285 -496 -105 -470 -510 -686 346 -216 -1375 -378 -438 -129 -172 -99 288 -4 247 834 333 -319 349 167 512 -363 -146 -36 -373 -497 -681 272 -322 -870 22 -28 -383 944 -1072 -174]
[-493 -1176 722 816 501 -679 -517 -158 -294 228 -274 233 -227 -601 290 -41 -346 683 225 648 -225 260 -156 -369 -733 367 1061 -68 97 355 -328 89 376 -533 -187 -524 1020 356 -193 -45 1136 -212 -640 -508 550 206 708 -4 -570 -975 -367 124 379 -702 113 -1562 -181 804 -448 75 -546 -194 -487 -117 -437 -657 -19 192 1168 -955 81 675 -437 -1392 168 -927 -769 -132 570 448 216 -150 -77 787 632 1152 569 -263 -506 -182 -406 -277 57 -568 -167 517 -2 203 -533]
[774 -141 -407 -641 391 -540 -70 -712 510 250 316 499 -312 214 -503 -801 866 -293 1159 819 -371 -1091 -675 -648 -126 -153 -585 276 212 -304 -234 891 310 -90 -706 -276 57 752 -277 47 -737 641 -445 220 -127 -720 -66 95 630 -449 -821 -35 240 -309 427 536 152 -128 240 -85 188 316 -240 120 230 -145 -1059 245 81 -290 -257 -648 402 -409 490 864 -210 432 -893 -764 1425 -980 453 -840 -562 -187 -39 -1143 -493 -1 1159 354 440 -281 -1522 -1046 -396 245 -358]
[-64 114 -783 195 585 295 522 375 -355 -236 420 173 -117 -155 346 90 24 726 -307 -691 340 66 19 -272 111 349 144 568 247 -345 384 776 -158 -656 505 -2 -575 78 44 -402 432 650 146 -1181 52 893 -138 298 111 -383 997 539 427 1124 335 755 151 1167 -48 -598 -599 725 -208 -267 -682 -886 -300 -44 -299 -383 553 807 -1206 -467 322 284 99 -641 52 69 294 8 -268 1413 20 -100 769 986 -221 610 -511 -634 -868 30 -682 -104 675 135 -236]
[705 286 -791 -213 39 466 -133 -393 -150 -525 -682 -531 -445 737 -52 -660 803 812 26 -76 -524 26 -220 -328 -491 304 284 107 218 -1098 -69 -23 499 -666 19 691 -588 1088 748 -1107 -366 828 31 -933 676 908 -163 -865 185 -187 769 278 1193 336 533 579 -302 35 341 -1107 -594 -482 869 -507 -522 -756 840 271 368 -604 621 186 144 113 40 -285 36 -167 -401 111 647 109 477 493 626 111 -777 -47 230 404 15 -190 76 221 -746 -380 543 152 -327]
[704 -269 642 468 274 -147 -261 514 662 713 -342 -241 -220 -1272 -727 139 -462 457 650 -467 -279 1567 -438 5 213 -620 -147 -218 -688 241 6 281 496 -364 -508 -794 261 426 613 731 795 22 39 123 338 231 318 1082 245 70 -313 956 -411 49 -667 -1251 -782 -349 314 -237 51 255 -20 -216 553 342 -193 -437 151 444 53 313 -162 -145 -34 97 246 -44 454 -114 289 797 -564 335 -75 97 -609 282 -696 -120 -654 861 55 -117 188 351 -327 1161 -396]
[-414 -558 -134 1090 -1127 -199 184 -608 -201 -817 -383 -128 20 947 -697 -205 -1255 -64 360 705 251 -47 444 -17 390 -413 55 -457 1176 -213 305 -967 -635 426 -127 738 -806 -244 488 -8 989 -272 863 21 -371 -344 110 -606 18 -731 784 315 311 -347 -633 554 369 201 -157 -289 799 -392 38 538 633 639 1630 238 68 644 -49 170 292 1173 71 1193 -164 -148 270 -241 -388 1085 -162 -258 312 401 -133 -562 1143 -607 -301 212 -1050 627 -581 33 317 -23 526]
[-339 263 -215 -854 -340 -232 548 545 26 -109 -387 80 -1085 -624 -226 -502 -1427 466 -662 -371 -717 186 -356 773 -322 -458 -70 122 253 958 -319 293 747 -463 918 -406 223 720 349 330 -1626 192 -58 214 582 937 510 79 462 526 -622 -112 255 -314 158 -749 808 -704 -158 140 -192 -45 695 428 -864 50 -298 -413 669 -477 295 814 -456 -502 -661 -759 276 -729 447 -219 -318 -111 276 411 342 -205 -293 637 -167 -26 726 -29 -792 -55 109 -163 -567 413 797]
[-353 342 79 513 415 -619 -309 -57 -56 309 -558 -618 -1007 -309 -366 505 -458 499 -17 -256 -285 201 -423 -111 -384 492 -710 -1112 -549 -140 224 37 41 302 -215 -7 -457 597 -704 -989 97 276 1024 -203 -186 239 296 266 738 574 -75 406 -708 -21 177 254 183 -438 -21 -245 365 200 912 458 -277 195 1071 67 398 808 524 371 -767 -283 -201 -548 -624 -1072 -325 -176 -226 770 -697 340 -17 -298 -539 179 71 885 322 141 -850 15 701 776 699 -210 350]
[769 531 -247 -333 633 -285 -791 -379 -95 395 626 945 -868 139 -156 -87 18 -592 1006 -391 113 431 59 -1633 445 400 -451 21 -495 -84 430 90 -534 -217 -677 135 -545 998 -334 -742 466 -454 -45 -179 374 537 697 1179 407 33 141 -64 -595 384 248 729 -563 277 450 53 19 430 2 786 171 -448 319 288 -575 1159 819 176 153 703 -129 415 185 589 599 -885 -277 -1403 306 -403 -454 -716 -367 -134 -51 7 432 -216 343 -852 -93 420 -94 706 -1329]
[379 636 -1057 841 -596 743 -138 -722 -1342 213 -591 378 -250 1250 79 -136 791 232 35 88 414 -472 125 -147 -627 975 -558 -77 -148 -70 -97 -454 -141 230 -388 645 -665 156 -786 -939 623 -676 214 -723 -402 360 50 255 174 -465 272 -692 44 -143 -66 470 311 -289 -93 26 729 -10 129 548 328 -1123 736 998 -643 -517 1298 295 -530 877 -114 248 413 164 -116 -906 -638 -1097 579 -436 377 134 828 -366 496 -1033 184 96 -474 -291 -372 -143 -32 -246 492]
[975 148 -27 -443 -422 285 1 -579 124 585 1494 675 75 -444 946 275 -345 113 50 -1163 500 245 502 -257 301 -406 484 815 -556 -135 302 -248 -859 -534 763 -647 -755 -19 -6 -339 -46 -497 -420 -3 349 660 -75 618 -326 120 -234 433 -1267 229 458 -32 246 318 -458 459 -242 -91 -264 287 116 -10 -719 -483 -30 195 -644 606 -638 -444 489 495 326 -517 -500 503 -524 -133 727 353 -850 -1257 -875 -238 -62 147 -157 -682 52 -253 -297 470 -375 817 -189]
[567 -1269 737 21 361 -695 253 -73 -717 -527 -558 -81 -546 904 -168 246 835 223 -211 -411 -299 495 -81 -1092 -539 858 144 10 -975 -495 160 -1250 -679 928 95 18 320 -257 497 -1197 527 646 284 -299 -185 -822 -818 -559 373 52 503 501 -464 -740 608 1041 105 388 -185 528 694 -433 638 194 -976 68 437 519 -199 737 -773 501 -187 301 -503 558 -385 547 463 319 -1014 982 -607 26 587 -592 -545 163 678 201 8 577 485 268 435 674 -98 -271 56]
[-151 -341 -8 186 284 -341 -177 350 181 554 -1002 -230 -368 18 -63 -385 -206 254 -429 -142 -546 -870 -782 -638 -578 1009 487 80 276 335 -1 571 16 -253 -282 -177 -123 -268 -616 -227 -787 1226 485 -516 28 997 358 163 623 708 368 -269 -422 -1064 23 -137 213 -325 395 -443 571 -436 514 348 454 317 801 -479 648 75 124 746 -227 178 708 -89 347 -93 170 767 628 -335 -430 -171 794 1106 232 855 32 739 417 284 80 593 1184 -660 -279 315 681]
[-569 51 320 1075 -36 133 -119 -189 24 241 -216 -161 982 -383 -47 410 495 -602 298 -71 -482 10 479 170 968 -13 -151 439 -411 -419 1540 -132 143 -324 -209 -550 -133 621 1558 148 -356 -310 311 298 -203 157 325 950 -11 218 -835 -104 -241 250 461 -138 -625 -496 815 48 572 -831 85 -232 22 1402 -587 -53 -101 470 615 -663 170 -162 -852 -459 86 88 801 1742 1087 657 -267 305 366 1147 -179 -1554 -518 97 -49 -247 293 -146 792 -1126 -207 -452 -775]
[161 -132 327 -1222 664 -875 1029 -302 946 -659 366 746 -667 -295 581 236 -711 464 27 -72 -136 606 -478 -539 150 -124 -199 -400 -365 90 -165 -383 330 712 -17 -156 -568 110 1059 -187 -302 173 119 897 30 -94 -281 235 10 -502 930 -242 270 -411 130 79 1244 584 -272 681 -343 1438 124 -21 -1020 314 778 673 239 -93 -633 -30 260 -224 -344 682 174 -865 985 -1071 90 538 60 636 -409 -161 -1228 -517 -7 -691 -211 38 -722 401 -425 -280 94 1091 283]
[-305 -39 553 -381 78 -829 98 -249 345 -1030 -393 117 -132 -69 431 696 -1748 -329 -902 -282 624 426 -453 -532 185 443 125 -139 -240 -352 196 -1926 940 463 643 340 -569 333 423 -490 -367 484 20 96 711 99 -230 -251 -643 -104 402 62 16 -87 -669 -5 431 117 -154 -831 62 298 687 58 -1992 -201 437 339 311 -464 -788 86 301 345 -722 5 -917 -563 754 277 -212 380 400 915 186 -52 -915 -1746 -465 -836 33 -338 -747 445 381 774 -178 -124 610]
[96 -304 791 96 1269 -158 -1007 45 1059 959 -610 -390 334 -962 -351 66 540 745 1221 -16 430 618 -371 -580 3 -226 157 181 -953 -817 0 572 -96 -417 -942 -229 -95 310 324 1007 1625 105 167 171 505 -828 -276 -134 -682 -535 56 271 -308 147 72 -1090 27 608 180 -42 -34 566 -373 -357 839 -558 -366 -342 446 -212 123 -827 -610 -1046 -13 -258 -505 -702 61 -49 -287 895 39 275 244 70 277 759 -341 -47 623 -322 482 -695 -406 492 79 -163 -525]
[34 271 173 -397 -24 -54 599 -772 -157 -274 284 275 798 42 296 -21 -376 -151 -715 -152 -94 -121 202 480 -202 -402 622 268 817 -749 332 165 -272 -21 -957 -578 -894 -116 1413 -134 -305 -771 -39 648 -478 737 187 -1095 -703 136 21 761 362 -214 -314 753 -809 -248 -293 316 189 -584 -763 -114 167 598 -849 -255 745 -44 629 -406 591 -511 -414 -971 1179 640 806 930 488 -677 229 300 441 576 46 -787 100 199 -368 -124 364 116 717 -675 8 195 -235]
[-112 -331 -53 -159 828 60 -359 -6 217 -726 -115 -25 160 -208 612 -313 228 345 254 437 -295 -83 -304 -454 -1103 639 -793 -894 -301 -229 -475 713 -154 -184 -1114 909 -267 -283 516 175 305 52 -308 -251 60 -62 1151 -255 481 -341 263 -699 736 -221 391 -635 660 867 -159 -129 93 338 -477 992 -648 -1159 792 -5 169 -966 90 -408 659 403 168 -250 163 686 -2 31 476 -55 -651 490 33 -116 -235 618 135 -675 -429 -429 -1145 -791 -1384 63 445 680 -229]
[106 -629 -544 1151 -399 670 614 -518 -1356 -578 347 -603 27 1162 28 -1230 757 200 -699 -18 -201 -91 1248 840 -98 -426 10 162 789 -520 50 548 -962 73 383 857 -340 -121 25 -512 -69 -170 511 -268 -147 -335 -81 -1098 89 -955 819 139 211 184 -163 1135 -50 43 -367 -15 -294 -968 1015 -403 372 251 1221 926 42 1208 -144 194 -270 663 -22 323 432 344 -344 -290 -433 326 -216 51 -76 127 983 -648 1332 832 -156 -182 258 -52 289 4 -18 -707 210]
[-46 -58 -380 843 -890 -488 339 -964 -198 -677 -393 -782 80 780 -371 663 -920 -74 -89 -23 270 -779 1336 117 425 -365 1122 667 1064 -529 -363 50 186 407 988 28 807 -737 -623 -353 -522 -128 1510 -203 -101 -412 -661 12 -273 248 602 30 233 -443 -365 266 -295 43 -898 189 -374 -891 475 -572 486 -196 294 -396 -82 557 -67 -129 -255 389 477 356 -897 -369 396 -94 -165 107 507 -682 -343 233 1081 387 704 282 -20 -436 575 631 -75 220 291 -96 1097]
[945 -47 -37 -879 121 -601 -105 208 346 -83 84 11 250 790 -123 -198 -140 -367 264 -281 -480 616 -452 125 829 -468 -288 -693 -1191 384 123 -466 -224 -33 254 20 -322 -288 -622 708 -421 404 188 642 560 -185 -922 230 637 -800 -124 861 -344 468 996 1264 431 -182 813 13 -159 509 808 -622 188 700 -90 -779 -764 1011 -429 -285 147 822 -16 1346 -8 -680 -357 -1143 -699 -43 28 -401 380 -643 -680 1113 448 458 -536 1011 289 242 237 433 -795 -349 -338]
[-824 889 -225 -795 -426 219 -1692 205 -484 350 330 -804 -1054 930 836 -918 -519 -197 43 -767 61 -374 322 -1018 49 -149 -336 493 -868 -208 155 -563 -543 -395 507 1317 43 176 -700 -719 -998 38 -616 -105 289 1204 137 -393 -18 605 -458 -785 1000 685 163 -244 -714 -851 -28 -104 92 -320 -19 255 353 -179 448 142 392 672 492 286 716 -323 -627 -400 -80 -256 -1080 -8 345 -774 -809 -650 -515 94 -523 -176 -344 304 246 35 854 -349 1212 437 -911 202 -467]
[-726 664 -473 194 -164 137 2 70 -313 -407 -128 -1160 -340 1377 -545 313 1070 319 548 1272 420 -550 35 -1042 426 -143 -641 -205 904 -602 409 -218 -302 20 -376 1141 545 -889 -358 -278 111 191 -245 -944 -789 57 -781 -642 -518 -297 677 -730 701 -218 317 1117 -541 60 -16 710 408 -504 -408 -638 715 -753 993 253 -739 609 568 -610 1225 -420 -310 -51 -471 -3 -195 -164 121 -994 653 -208 340 -8 686 197 10 400 489 605 991 692 213 -148 214 809 -325]
]
