[-28 -269 -615 -251 208 173 548 -335 -52 -104 107 -245 -272 222 -152 -385 -53 18 -336 347 -194 230 -66 216 -52 -148 48 -9 278 -409 127 -126 346 146 -298 -107 -241 428 -221 -238 -346 65 -223 -136 -204 75 -711 -79 -255 -232 395 -267 181 313 104 -65 434 -73 388 58 206 459 680 151 448 -242 -125 16 62 89 539 -112 373 -17 -53 -41 -292 270 11 -221 118 -427 234 429 340 -40 -238 -68 169 -161 -351 -245 39 -199 -443 178 686 -293 303 178 -44 349 56 116 600 291 196 617 144 379 -150 753 -394 -209 625 -15 57 -308 70 56 -251] 3199.44
[36 -123 -179 125 190 91 257 227 195 268 103 1 300 33 -189 93 121 -275 485 158 -240 -612 -49 -279 -539 -111 14 -339 -702 -817 349 -459 -39 264 357 40 -507 -21 -265 -199 -209 -153 -291 160 165 -457 -217 -39 -146 245 -47 -73 -80 424 385 -129 -101 493 67 435 -188 50 -278 -116 -42 -95 111 201 -309 -160 -548 -132 -18 -182 186 83 -293 -221 396 -15 -252 -227 -181 61 107 63 161 -124 -142 -528 -481 119 16 -243 -248 -480 593 -297 122 -191 2 893 -225 216 285 229 321 -75 -389 -611 -263 427 198 105 -148 206 -33 32 142 451 568] 3215.72
[-413 -39 259 483 98 91 206 204 361 488 -578 541 481 596 -235 204 276 -70 496 -136 -473 54 -115 232 -287 -223 237 -133 -207 -130 276 -289 32 53 844 496 -159 -66 -277 221 -117 -113 -170 511 -308 -548 -276 49 -276 694 -108 -63 -229 3 170 -527 -42 300 -243 -107 -51 219 -719 -190 -657 -147 270 -5 217 469 -483 94 -172 -352 -489 -391 142 -274 63 -100 3 -5 111 14 303 -129 -117 174 -561 -48 -840 -129 -271 -124 232 -198 86 326 196 -250 202 412 -237 275 -175 -683 53 -19 -77 -46 -247 282 89 -139 75 -269 -140 145 -180 -451 479] 3437.55
[82 152 127 178 253 311 -389 -464 51 116 -36 -198 -23 320 -301 -189 -14 141 -21 -254 1 604 -142 302 364 188 21 524 734 394 -106 247 695 193 146 205 -166 415 -125 23 -109 420 -75 290 300 -537 -755 62 192 -156 -85 -210 411 -322 -238 114 0 -225 -304 -127 297 60 4 317 167 -676 -109 82 504 485 129 -231 100 -425 -168 -112 -70 125 -581 -367 412 -432 167 349 905 -469 -59 -28 -352 42 -574 -422 504 241 -456 375 135 70 -29 -285 -14 83 -37 82 500 -58 395 656 278 -164 119 488 84 448 321 34 -231 -534 -282 -657 -43] 3550.68
[-626 -257 -850 149 -24 444 -294 -47 172 -104 -191 -5 228 223 269 -60 24 257 62 428 -408 403 -60 -378 -357 124 90 504 476 -105 200 -116 -14 645 541 -214 15 83 -309 -369 136 212 59 541 -133 240 -668 80 -486 -19 -11 -453 142 146 -101 -317 413 431 485 133 193 176 754 -184 -219 -376 -82 201 206 -163 386 -161 122 275 -530 -336 -91 80 188 53 -32 -241 358 -469 46 271 -1138 -148 -99 423 -535 -293 46 276 -182 -8 330 398 457 397 -112 228 108 320 -133 -186 -176 378 64 148 300 433 -405 178 -84 36 -239 -72 -297 -444 507] 3544.53
[32 -203 -231 382 110 89 725 169 -68 192 547 128 -53 -456 -92 -449 -174 87 -361 119 214 -142 -207 24 344 524 -31 -277 -818 -797 290 -440 -217 -402 -249 108 -635 124 212 -316 -103 148 -399 -264 255 436 -205 37 -504 46 401 1002 -83 -93 -33 386 22 -219 33 11 112 133 338 291 380 45 -15 115 256 -52 311 -403 191 0 534 351 119 297 -183 184 64 -375 -541 287 -177 -132 119 -163 -121 66 -150 -290 307 -232 -687 -268 500 88 -214 -6 -242 826 -346 -355 204 457 492 100 21 -329 22 44 98 -22 229 469 -103 -645 -115 1243 -4] 3729.44
[-611 -450 -48 475 -39 196 295 28 19 553 521 -83 -19 107 137 -585 632 -204 406 895 -109 -129 -161 -60 -130 138 401 -216 -500 -579 380 -749 -168 260 182 -70 -858 337 199 -204 -811 120 168 112 -154 -291 -578 422 62 157 139 566 523 107 469 -348 211 229 170 83 458 177 76 145 -18 -178 244 432 -283 549 324 -150 -59 -28 -132 -467 -189 -72 212 -392 505 90 -124 -182 164 27 615 80 -58 -459 -18 -250 171 -61 -98 -150 362 -277 263 8 -15 633 -417 73 586 150 493 562 267 35 -567 542 152 592 297 435 -198 -153 88 278 -289] 3790.12
[-228 -106 -98 645 391 233 469 338 -897 216 270 702 322 13 -47 -483 607 699 -382 234 -101 127 68 545 -141 194 281 -151 -184 526 -285 194 -395 -120 217 520 -201 204 103 83 13 -45 103 -407 -281 -56 -322 52 -322 63 -97 410 294 -87 -207 24 -270 -647 184 -724 573 1 47 -278 201 -194 -203 -153 -282 445 -229 -1 84 184 -443 -436 -54 367 -775 -257 112 -27 -136 194 118 -234 -116 161 -451 547 52 -439 0 206 -149 -110 -450 251 40 -187 -360 -103 -357 -449 -118 -618 75 519 26 454 -221 -337 -350 209 277 121 -312 509 -134 198 -252] 3577.38
[450 508 -252 -251 118 -77 289 266 -162 -270 -821 -4 -52 175 -241 36 -17 201 -261 -209 391 -82 319 294 -198 -152 -328 -365 -535 330 -242 259 24 669 -213 668 137 -181 -904 139 199 -658 -328 -352 -139 -435 421 -269 174 410 101 -129 -1046 627 232 -231 -784 112 -497 -202 -343 -344 -390 158 359 355 383 -340 -461 -50 -52 113 452 -469 131 670 146 -144 13 111 -822 57 75 332 -167 329 192 257 131 -534 35 -111 -170 -113 81 -159 -304 128 -387 -239 278 -255 198 -111 -284 -127 -315 -345 -255 -33 -409 -41 336 56 -600 -384 -130 168 609 -95 475] 3812.94
[807 161 -94 -100 384 -302 -390 17 114 -190 563 6 -204 0 -530 143 625 -713 -77 -977 -319 -474 215 -358 -452 -236 -8 -338 -556 -597 418 136 269 -547 -170 -514 -461 206 -16 -250 28 95 -653 -500 264 -677 407 -234 -171 64 -253 -526 -254 329 -192 394 -182 30 71 422 -358 -63 -116 -34 341 303 -336 53 -450 341 -612 108 30 -195 310 118 -192 203 196 309 -531 -421 230 -104 -2 -149 401 -191 96 -291 -37 97 349 -393 -138 609 153 -626 130 -495 -76 151 -60 -345 -167 -235 167 -280 -196 160 330 156 -39 -383 225 386 287 471 340 285 -35] 3725.24
[114 264 287 277 349 -315 -522 187 822 -564 -596 324 122 -370 -440 641 185 -703 313 -740 -475 -49 446 -762 61 -124 -53 -72 -311 -6 882 71 -182 -138 355 311 -481 -574 -211 375 160 -398 75 179 71 -74 602 -232 -253 869 -247 144 -518 77 -209 -427 577 12 89 432 -775 66 -808 -54 -810 -97 451 -103 -88 -175 -236 381 -31 39 -278 227 240 -94 339 557 -678 -128 88 -105 -146 435 143 -61 -56 -249 -111 -34 -184 -817 305 219 600 169 -179 -538 318 -551 -112 585 -401 -570 -278 -441 -114 -44 560 -44 83 -650 -287 -692 95 356 150 -128 20] 4247.71
[345 350 253 -289 76 -135 -231 635 -97 -66 -646 130 -151 -7 287 -23 -25 66 -176 -102 361 -452 501 296 -243 -576 -298 -382 -565 391 -310 36 -245 30 128 84 467 198 -162 210 307 -508 746 222 -504 -517 583 -324 293 73 180 -21 -148 436 -412 -378 -175 171 251 -103 211 88 -759 -122 480 77 44 -278 -617 -675 113 -175 -167 662 285 685 -144 -64 281 -164 -147 202 306 246 -354 334 337 413 333 -575 229 404 2 -278 809 -357 15 -96 288 -5 -462 -330 203 -192 -255 251 -210 -262 -270 15 -88 -47 21 -55 44 -92 -392 -126 -262 43 96] 3574.35
[68 287 701 -409 705 -185 -120 16 109 -255 268 -588 -424 411 -276 218 -642 -152 4 -744 398 37 -421 110 297 156 -140 -75 -490 -155 -130 -46 465 -840 -145 -404 393 676 28 266 226 -137 -257 352 -258 -364 276 209 -20 -522 444 -190 -48 -580 -881 511 63 -317 182 -99 -286 -108 -395 435 -33 -476 -137 -216 55 -37 -835 -547 -266 518 883 520 103 8 -251 21 -33 -188 -159 1 460 -166 136 -183 -21 -227 -326 721 298 -349 -432 -11 -240 -485 136 -427 -817 682 49 55 243 366 254 -436 -477 -476 261 80 220 117 626 828 218 -563 -173 203 -108] 4151.33
[582 93 -506 -598 255 -495 48 37 253 -264 425 -720 -344 -28 -380 -466 -310 -519 414 -419 171 262 -237 405 60 8 81 -283 407 -1 -643 301 718 30 -830 -540 -307 333 -493 -455 -178 105 -733 -611 175 -18 240 -335 157 -638 851 -186 224 -388 218 741 -177 -144 -329 135 -613 -184 726 104 645 -216 -160 334 172 239 -92 40 387 -358 782 318 -297 -421 -33 60 57 225 -98 -312 474 -612 361 271 58 17 -26 -58 -321 86 -666 339 68 -1284 -589 -94 297 182 38 -212 730 480 -169 128 235 183 -291 460 -231 -480 135 -227 286 -488 427 208 102] 4321.57
[-176 -68 392 -74 -618 -436 264 293 502 240 -172 -780 587 732 180 140 -79 -889 435 -41 106 -168 148 71 -36 -290 -62 -1019 -550 143 -306 -142 -243 -82 -316 -867 91 432 249 295 -237 -221 454 -158 -378 179 818 41 423 164 528 -117 -87 142 -124 -138 -197 886 -471 271 -152 275 -392 171 351 683 25 180 -441 718 -12 478 -110 -328 135 42 -143 -127 628 -68 103 330 124 -696 -537 150 581 318 106 -663 528 619 -334 146 859 72 -429 -1192 -597 -237 584 128 0 22 -144 447 41 -501 173 338 -990 91 26 -132 -97 -361 128 268 196 452 -383] 4464.92
[72 279 746 338 134 -446 255 193 750 24 -546 87 -401 -208 -658 857 43 -369 -31 -901 413 -107 -191 153 296 -642 -28 14 -48 222 101 394 504 -777 -408 193 -283 -334 230 230 -230 308 -372 -274 78 -548 448 -225 -145 257 17 -320 160 -439 115 465 470 -223 -451 322 -391 210 -451 -19 -138 779 -284 -104 724 -286 -302 -7 -410 -25 133 -257 399 -473 -306 167 26 195 -87 410 349 -192 235 -316 -611 323 -527 -80 -151 -632 -132 293 -64 -84 279 -402 -195 941 -477 64 -575 237 -161 -580 -241 -275 29 -213 133 -323 339 -68 557 -177 223 75 239] 4016.81
[799 -355 392 -10 166 99 -593 367 -460 -3 176 28 548 -185 245 -210 -811 -179 330 -78 65 -83 -86 -375 281 580 109 -395 -321 237 -338 165 -121 -737 90 164 240 -656 636 651 170 -62 133 -102 308 247 228 -276 666 153 -117 623 168 196 -293 409 2 -208 201 184 -88 -449 -507 13 89 -208 -11 -200 -50 -76 -275 594 -37 -105 496 429 345 69 271 414 179 -357 -461 110 -807 -527 377 -161 -51 -232 648 1000 -179 -93 142 -368 -193 58 -595 50 1 -573 68 257 487 741 -589 -255 -289 -805 307 13 453 -241 -64 -481 119 84 -173 776 -170] 4061.09
[386 -130 -199 68 -129 164 510 -265 963 79 142 219 -565 196 50 107 -60 -346 -77 -250 15 -205 -458 -390 172 -229 187 -172 -356 -906 591 98 794 -372 5 -215 -270 -601 168 22 -473 130 -383 -231 111 391 -707 -73 -958 251 443 -201 765 -8 -41 408 730 373 -5 393 -67 132 639 370 -151 372 -657 69 914 -39 277 247 -290 196 56 -12 127 -65 59 248 328 6 21 316 -174 -56 -270 233 -197 -12 -484 -434 134 -632 -230 -34 548 -27 229 26 -491 539 87 -136 -87 621 -191 89 -326 -251 -128 -287 -460 -813 653 -512 457 -608 176 534 547] 4149.33
[-453 115 186 -223 -347 -174 -190 -789 515 -502 -356 -733 -521 -103 -274 774 -303 62 181 60 411 470 61 -21 350 -487 -296 796 835 424 -307 242 -162 87 -698 -410 469 394 101 -2 475 211 -172 -216 655 -327 123 -255 87 -520 77 -658 -267 -312 215 252 243 255 -363 328 -378 155 -130 531 -439 697 329 -293 171 53 289 372 353 5 16 282 -165 -130 -373 -160 -852 263 212 -430 -39 119 374 -102 428 151 -128 -66 -275 641 -414 655 -395 -216 -66 -624 66 -109 336 153 -404 333 333 -708 -24 102 250 165 222 121 -615 301 607 -162 -119 -816 81] 4140.29
[-387 207 -703 -524 -134 293 261 -388 -311 -64 -359 -750 -247 -221 -432 337 432 68 -377 303 781 537 -157 162 2 -477 -953 802 157 149 -549 224 -126 989 -764 -35 430 314 -770 -286 262 372 -113 -145 -21 -822 -110 -175 93 -296 142 -931 -582 267 169 600 -81 -127 -410 20 -458 541 322 16 148 234 -171 -251 -48 -249 107 -352 476 -12 178 -468 -408 140 435 -17 -830 229 187 700 388 528 151 -732 41 98 26 -206 36 -147 -115 437 24 -395 -77 -241 10 360 -124 37 205 416 319 -153 -360 -230 -187 -132 -72 361 -247 346 10 103 446 -357 43] 4179.56
[-229 -579 -534 121 -374 539 -117 -552 -625 -194 288 -94 -68 -588 545 82 -156 255 -167 921 598 155 -402 56 3 132 -637 1075 358 -189 -215 231 -621 178 64 -158 450 -5 235 418 68 625 127 237 448 462 -531 578 -66 -13 -116 -48 271 350 143 624 -116 39 134 -245 452 91 525 233 -173 -169 -685 -129 305 -338 -105 89 455 52 81 -487 -607 -61 -350 22 -92 -169 -210 100 -166 204 -51 -459 353 478 169 -274 -29 498 -278 11 -447 -643 118 39 -58 269 210 595 150 384 817 -103 -117 -1113 -104 -347 253 656 -7 129 -11 -290 -186 7 260] 4063.28
[1006 6 -212 -588 -919 -435 134 -626 31 -22 526 -279 -313 329 414 725 -868 -698 -764 -220 -421 -694 -6 187 -185 82 186 -388 350 -1086 311 118 -97 -482 -282 -693 200 -334 -103 -344 -303 -155 -641 -88 296 1258 67 397 -951 -133 417 48 -538 25 689 -113 -250 8 -271 159 -215 172 959 -63 57 355 -611 232 231 -372 16 538 191 -337 245 397 -94 28 241 244 860 -112 506 -68 -176 27 -369 -203 566 176 -28 -204 -24 241 116 -497 295 -300 258 596 674 -158 446 -34 84 -301 619 458 708 491 -905 -450 -175 -991 49 -253 360 -252 336 -139 233] 4843.03
[-368 -167 54 -542 -4 -48 779 -174 15 -621 289 -99 -1254 119 31 -600 -74 217 -368 530 329 -731 146 -349 125 -247 69 -213 410 72 -328 -295 162 577 -170 -260 17 322 15 -158 -292 -336 -42 -295 -259 237 -323 777 267 -435 -240 -101 357 156 243 -318 -376 295 386 -29 849 -467 -121 176 270 -171 -64 -40 -689 200 -356 -426 -3 399 -267 -338 -284 -146 -473 -667 371 96 16 -10 987 557 -333 -43 238 -118 230 123 396 443 -214 -106 -531 164 242 285 -458 189 891 -16 -70 -150 -398 150 33 -64 -81 -117 489 728 542 727 138 156 359 -136 -720] 4140.45
[-465 366 77 376 674 -219 -64 -213 -71 -121 -9 -138 -635 -1020 693 -698 68 27 830 770 116 33 -188 -365 -4 468 449 24 -35 220 869 -377 50 75 -345 150 -615 -262 361 -120 -823 -225 11 -8 -27 229 -196 178 862 65 -44 439 1303 190 682 336 302 90 538 34 -483 -820 617 70 -162 -157 882 120 8 -449 559 -230 139 146 336 77 316 -403 -375 162 -194 2 -1006 -774 -337 72 -74 111 329 -384 234 -270 -77 -739 -949 -270 579 -138 -67 93 -598 912 -504 339 299 799 -511 286 -84 -323 197 1063 -3 866 -161 -31 86 -1032 378 646 722] 5075.98
[-130 93 -255 511 42 -2 -824 1119 147 509 -113 -702 83 -126 32 442 376 201 279 -281 1336 677 115 -848 553 276 -587 430 -822 409 -101 -20 -110 544 -293 -505 -295 -166 109 -362 -40 102 77 -162 244 -298 500 -300 217 -262 2 -54 -492 -686 -180 476 -210 277 -681 186 35 -65 182 136 454 37 63 253 326 -543 868 -1030 -288 -14 427 101 444 -243 -12 38 -356 308 -325 -196 -282 285 -489 -359 -466 -350 192 -380 574 258 -207 -100 247 503 -498 87 -199 498 -120 -184 -34 820 -30 32 0 -298 288 25 644 656 -799 321 -737 20 -109 582 -199] 4553.77
[-159 590 116 546 -552 -140 384 -36 538 -209 -409 -64 -859 -296 -104 25 -530 -47 -258 422 71 -1011 225 361 546 -470 -280 115 -162 -386 301 -36 -945 141 -256 347 127 -33 434 117 -31 382 285 129 30 499 -363 -453 -739 517 485 1075 -414 571 131 -564 539 237 250 469 647 144 -368 657 -81 784 68 -217 169 -620 700 -276 169 700 -69 169 -335 -145 -269 223 440 -32 376 117 -562 664 235 -108 660 240 -442 -207 -350 46 329 -418 797 226 412 -201 -352 84 54 227 -969 326 164 15 18 -451 -555 -67 1 -119 -266 71 201 -969 -386 -89 996] 4647.11
[-156 -66 320 135 -157 315 -13 704 71 -452 -274 325 -250 -211 357 267 22 703 -265 -64 526 186 84 -861 236 -116 32 -117 34 1036 -258 444 -184 145 -445 324 -137 17 -130 -107 349 -260 446 -356 9 475 346 11 663 -170 -340 -115 -30 -163 249 321 -417 -603 -188 -190 310 -219 32 -97 380 864 201 -493 -264 -418 679 84 -606 387 -209 347 352 -106 -337 -673 -399 644 -655 -41 -95 218 104 366 -242 -431 604 374 79 -286 141 -149 -604 508 260 21 48 -13 -356 -459 -766 243 -840 -456 -99 -74 518 -444 69 184 -103 -91 -319 13 358 265 -409] 4035.5
[456 -886 -875 71 -947 500 -617 -822 267 356 -113 -326 277 826 103 118 -156 -471 81 338 -393 520 -41 -190 -295 204 385 212 -95 -798 57 -98 440 774 258 -525 -160 -166 -1257 -89 120 432 -416 -74 1099 -758 -892 -18 -781 192 -246 -337 -218 55 784 -68 -301 695 -910 642 -87 105 603 283 -60 -198 -256 255 455 195 662 554 72 -435 -686 69 -316 268 747 110 42 172 336 -477 -99 -750 349 630 -3 -653 -317 7 468 769 -515 -193 97 -254 581 -105 409 -202 142 115 340 188 409 338 432 -429 -154 342 75 20 -130 -35 -409 -520 238 -55 761] 4976.39
[75 -802 -268 -478 130 611 -468 -282 310 72 546 -1004 -100 574 142 -135 -95 -323 581 -100 323 -246 -359 -542 282 449 -394 658 -622 -229 212 -180 567 147 -167 -501 174 262 -695 452 506 255 -100 252 345 -163 -264 429 437 -343 -583 -717 -128 464 51 132 -283 1011 -106 104 -470 -703 282 361 -5 -415 45 200 -415 597 -178 43 8 -367 221 -132 -397 173 578 -9 -125 130 -746 -719 291 -393 249 155 396 -1050 470 781 246 584 -195 545 -918 -685 -240 -34 -69 -37 -38 400 262 212 -145 -499 139 -959 411 327 815 411 -139 306 38 -431 839 -435 267] 4744.98
[-479 -36 -263 -352 -276 98 297 -133 -102 -17 -367 -461 57 414 28 144 -833 -20 -264 116 366 506 -68 561 757 255 -115 -419 -770 565 -289 702 -251 -350 -167 -67 508 -368 -856 731 471 -74 375 192 -134 615 31 -889 -695 234 685 573 -111 31 -539 67 655 -11 -427 -246 -671 50 -213 245 -538 42 128 -259 461 220 101 796 52 304 206 193 952 283 299 868 -178 471 -65 -199 102 -121 -103 -93 -209 416 452 440 -390 492 269 5 -519 -194 -529 -426 -1114 -663 342 309 -12 534 -751 -92 -22 222 -183 -491 -105 -453 -285 -79 344 183 277 -173 187] 4523.6
[594 -137 -17 -211 -319 326 -408 -138 -756 170 331 482 -22 -232 467 -642 -867 20 -123 363 115 -330 -295 269 311 833 -110 68 -392 -12 -138 -226 20 -593 428 -153 881 -234 122 162 604 852 576 357 52 300 -279 -647 -123 199 20 969 457 242 -490 286 -375 -80 -229 -386 856 -710 -184 -97 541 -378 -576 -340 703 -535 12 -59 -115 -445 399 197 -147 277 -258 510 607 -298 -33 257 135 -452 -14 219 287 -277 652 513 229 556 -149 -553 -159 -603 237 169 -809 -619 244 -308 -182 854 -185 -293 86 -1388 102 -16 373 307 -1 141 -159 -863 -1010 645 627] 4858.91
[-479 455 222 314 -326 361 -645 798 -6 450 -247 -218 -84 604 1061 15 940 267 660 310 136 148 177 -838 336 226 -350 292 -918 333 -55 357 -128 430 359 -388 -192 -705 -180 429 -513 -534 889 251 -837 -99 166 285 -120 85 -225 163 -308 -77 -505 -453 576 110 71 -299 -307 -112 -32 16 -316 3 -435 -292 -234 2 63 -122 -627 1148 -208 -54 534 180 612 -178 268 634 155 -502 -577 765 -330 138 -327 192 -166 103 343 -646 576 -143 -442 975 447 241 -439 -81 -272 -253 -95 -386 -520 88 -438 193 165 -344 322 -14 -60 -378 -30 435 305 -272 121] 4585.33
[570 -33 -339 -15 63 69 -723 665 -74 -888 144 -116 -146 -185 -11 441 253 -212 -381 116 -129 -796 578 -1195 -440 297 -521 232 -383 291 -371 540 -380 1019 300 -173 -306 -226 -591 -369 417 262 288 -377 381 -1009 182 -122 25 605 -312 -266 -478 1216 252 389 -344 21 381 -244 -270 -126 -663 -159 253 159 -480 328 -698 -671 -247 115 -21 230 128 -85 126 266 219 79 -510 -306 879 -63 340 638 145 -1132 -247 -127 240 324 420 -583 -40 -748 -286 94 761 -778 153 -176 -49 199 -273 -27 -456 -460 -123 -412 -79 -121 567 524 -393 435 -180 335 275 -250 225] 4760.32
[190 -238 277 339 -122 311 -1346 -530 470 -460 -230 -237 -253 65 91 1256 -436 -160 224 -297 -505 48 -111 -829 525 100 -750 547 443 189 159 936 -266 141 522 394 140 -854 -280 685 72 300 -16 -78 833 262 -400 752 -352 358 -202 -955 284 -227 -566 1015 88 184 217 251 -651 -381 -157 199 -1333 -159 -160 -492 672 -224 -441 1053 -27 106 -549 -567 225 -89 275 296 57 545 335 -35 -160 312 -308 -848 -384 589 -571 442 169 -171 95 -3 -62 170 181 -396 380 -322 249 826 -759 -584 55 69 -234 -856 141 -371 359 -368 61 -973 154 217 289 -798 363] 5247.85
[9 -372 634 607 654 104 137 788 -512 89 -566 152 274 -920 -398 186 -385 259 533 -606 475 -301 14 445 316 223 196 143 -780 512 -237 -492 -190 -450 11 1107 -138 -398 -87 923 556 78 505 -245 518 -116 312 -294 13 422 -629 504 451 114 -345 -27 68 -173 271 -100 -207 107 -984 97 -291 -2 347 -141 123 -132 -57 501 188 227 194 -73 -286 -11 -466 167 -607 137 -476 878 377 -570 650 162 -659 22 399 656 -492 171 -489 -163 -202 -24 47 -630 -112 134 -236 278 -765 521 -233 -838 -465 -883 279 263 469 125 316 -552 385 -745 -372 699 -194] 4752.14
[-541 382 6 422 -745 -602 -55 407 -192 -331 253 -283 -134 -476 227 668 418 283 -150 -777 342 101 169 115 616 620 -625 -198 -962 320 83 -188 -211 5 -365 -791 393 102 -391 -481 206 245 363 -518 348 -26 1015 -842 -519 96 -322 293 -273 -170 -262 289 623 -237 -499 -399 -889 247 -260 -209 156 1102 112 382 318 -516 -89 53 -180 366 794 399 625 663 792 603 -937 525 190 -55 -67 152 -10 -559 -19 922 82 7 402 -238 -219 -430 305 220 316 -338 -242 383 -254 -374 -923 625 -37 -985 -275 -5 476 -265 227 52 -256 648 297 -58 -483 996 -65] 4991.03
[62 -441 475 447 65 -731 -214 -123 510 330 -269 -14 81 -1087 -590 -19 -203 -463 -449 97 730 -353 657 -73 548 -991 26 459 368 878 -208 549 -659 -1018 -656 -337 -165 -128 813 608 458 760 675 549 311 374 449 -518 437 -325 19 1082 205 -107 113 449 579 -175 -385 900 522 -190 -437 -293 -42 484 134 64 -131 -97 643 284 -170 946 39 -22 -85 -361 -292 291 936 317 -542 -312 544 -341 1120 69 -125 119 1068 121 341 754 703 406 36 -398 -738 -513 -945 -14 63 -372 -22 554 88 -110 617 -331 302 -642 223 -13 -265 660 -82 -412 -338 -130 -28] 5316.01
[-578 -486 155 4 -414 629 -23 408 -236 266 -186 37 18 66 224 -217 -666 -211 329 493 495 990 -403 -169 -210 -200 -139 257 -234 54 -252 -324 -833 134 392 590 315 -142 -587 -15 224 198 853 591 -29 299 193 236 6 574 277 -229 -169 -277 268 -190 -144 567 -192 123 560 448 15 802 -682 -323 236 -276 429 -11 1169 207 -252 -258 -555 -247 369 -354 572 -88 -62 559 -306 -180 -504 430 -127 121 -269 -454 306 -49 -598 -31 641 316 -430 -343 50 578 151 -361 141 535 47 198 -462 81 494 230 -105 -385 -281 100 -162 -582 -192 -46 358 -441 -760] 4272.03
[261 -17 -690 -881 -530 102 -409 -653 53 -741 -253 -164 -236 -564 229 -617 -686 294 -445 924 -772 -128 -113 504 452 774 -466 -313 351 -272 -485 435 -190 7 -173 430 23 -325 20 -644 218 351 -250 -378 -300 715 -102 -839 -199 -151 586 195 -138 158 -846 -159 241 -112 515 -79 -417 -164 327 171 669 183 121 -183 53 -483 722 141 549 -141 25 1164 171 323 324 570 -247 -776 86 -87 -880 446 -671 -269 429 354 -61 694 -228 350 -427 565 -23 407 220 894 121 -930 566 248 -43 473 -652 478 -339 -20 404 565 80 -295 -369 -359 17 -103 -145 -133 337] 4870.38
[-616 -447 -169 89 367 523 -278 381 -625 -481 640 -439 -333 -494 327 203 262 535 625 304 418 239 200 -267 -540 114 108 110 245 435 -241 63 -376 28 452 -45 -703 215 -240 -560 -496 42 33 -332 395 -444 -284 145 84 -377 354 -515 560 391 1304 358 721 -67 808 -377 469 -225 501 -302 371 -183 -96 227 -540 -844 -105 193 374 104 304 -44 972 -386 146 -771 -195 36 1 -737 115 -179 -943 -726 193 810 -737 -911 -306 -369 -635 -861 -67 -22 801 202 313 588 -548 419 782 -197 83 793 238 138 102 785 600 207 299 477 227 393 521 -186 134] 5020.37
[-87 696 -296 170 -779 96 -723 541 44 -227 454 -73 -295 145 314 170 434 -315 -261 95 556 -263 -228 -795 -89 614 183 198 -1046 -187 -276 -517 -59 1203 -851 -595 -875 -102 -576 -246 21 -51 105 -478 386 -497 -321 603 -339 92 -441 349 -343 -287 228 -481 -265 -111 -41 318 -742 -66 352 511 -2 215 -248 779 105 203 143 -282 5 -224 389 -142 -237 -203 458 234 -388 722 195 -548 82 190 923 -137 11 -267 442 -247 142 108 -387 -47 -354 122 55 -291 -84 -71 -498 -47 -72 79 74 -628 -25 -106 -361 -924 48 512 -393 246 136 -769 473 292 99] 4465.37
[-532 -943 -592 95 -64 80 349 -204 -493 -79 -32 577 -130 -156 351 -126 770 792 -458 1368 293 45 48 284 207 331 -239 345 -763 -188 -265 -817 -899 -122 -325 409 95 97 0 480 -27 40 -117 -386 -623 -298 -830 551 -202 468 84 117 -797 430 269 221 216 -566 76 -747 475 187 409 114 68 527 329 170 -200 834 293 349 1043 168 -512 -384 201 151 15 -53 -614 272 2 51 -312 42 659 -65 235 422 515 -532 -244 109 -66 565 -748 67 67 170 507 -55 101 226 25 -148 379 -432 -136 637 -412 -80 627 -185 518 -1 -17 -397 422 500 -568] 4668.68
[13 -470 343 1068 393 197 -642 304 -60 444 329 -446 1031 -366 -10 762 -457 494 -260 -123 -121 -227 -297 -57 674 789 69 457 -321 46 343 434 -626 -498 -5 520 268 197 677 -185 517 227 428 78 286 255 677 122 -240 -509 -281 196 154 -647 -1517 112 225 62 1066 61 -252 87 -542 -596 -529 -320 74 197 -302 -565 551 -361 -369 786 463 282 -409 885 333 171 202 -358 42 747 -790 115 -180 -498 72 -145 89 678 309 -145 281 -909 409 1176 -146 -11 -19 -498 -485 113 63 593 401 512 -26 -15 514 -302 275 373 -464 391 -435 81 -874 78 -640] 5131.92
[697 -85 -710 -209 -76 28 170 816 -89 1151 24 693 61 666 89 484 528 294 151 -297 29 -792 477 -306 -727 -1137 170 4 -795 -545 -31 692 -139 -27 -213 82 -6 -184 -687 -307 155 55 59 -102 29 -1181 651 -583 178 573 -370 -918 -578 493 258 646 -801 101 -407 315 -153 111 70 -772 -67 1029 -290 -6 -609 -406 -146 -513 -1209 333 -77 -348 91 -176 426 148 -95 632 179 245 -437 -178 472 -61 130 -476 -42 -168 -129 -318 1143 255 -11 105 309 90 -546 258 -537 -298 -78 147 -184 -472 325 697 170 -136 -493 -206 -1062 391 -274 991 991 433 669] 5329.04
[-12 -113 -24 917 394 634 -256 806 -405 -466 -156 9 540 -519 40 -179 -614 -859 220 -216 762 440 -575 458 60 593 307 8 -635 418 -366 191 -441 -202 373 644 -79 -177 -703 -43 468 -40 727 363 259 -30 996 -283 178 582 240 1028 -27 292 19 56 -133 28 -335 -208 -150 223 -780 122 589 -502 -197 -286 -71 -146 603 949 550 231 832 594 52 -89 232 -147 -616 -417 -358 337 -131 32 251 343 -234 -449 -222 -379 -334 -431 243 -797 195 -466 -140 -581 201 -82 -636 -2 219 581 272 283 150 -796 -503 -72 592 162 218 -751 -392 -1245 -86 412 -21] 4894.51
[-208 171 843 6 731 -204 312 537 296 101 -106 668 -830 805 -831 -50 -152 89 15 -864 226 -722 -333 -122 -307 -552 38 129 -349 286 20 -278 594 -568 395 196 268 -163 929 559 237 -55 110 235 -73 -46 -474 -650 -200 178 -475 -1081 973 239 -586 -705 322 613 624 152 -257 30 -947 290 -559 328 476 61 -92 223 -18 476 -430 470 -362 454 -446 -208 -202 -124 -432 -390 -442 476 297 203 -849 -37 -854 -494 -487 472 -205 293 484 543 370 1151 336 -491 -1152 160 612 101 -516 103 -560 -303 -776 -49 -14 206 -743 -332 253 -119 458 -213 166 -419 786] 5201.7
[-187 -277 -632 805 -76 40 439 530 298 1134 -574 135 181 895 554 10 560 40 -181 -276 497 -13 376 69 491 -85 59 -7 -796 -518 843 -256 707 1082 631 -182 152 -240 -305 605 -586 -467 422 710 -161 -267 -190 247 -465 277 -420 -297 358 427 -590 -508 332 1108 -588 86 246 706 264 -446 -147 124 74 574 613 517 782 -394 -34 753 -105 -527 284 510 832 58 -283 -289 -6 1192 -45 386 -329 481 -573 -690 -325 -292 693 20 800 138 836 587 -213 209 150 781 255 -91 -50 417 202 36 -491 335 -218 380 182 521 229 -171 -968 -63 426 935 -13] 5309.76
[297 380 363 77 -232 623 371 324 8 486 86 448 245 87 177 -318 257 180 -83 524 459 -490 -324 299 -34 488 -208 -363 -134 294 -275 187 470 505 -218 1064 -424 -501 37 288 -724 -371 -199 -127 465 -637 -819 831 994 1019 0 327 58 243 332 339 -957 -279 -146 85 -25 -375 -96 116 -204 -199 -277 -279 202 440 -1159 130 -238 -987 -37 -647 -171 -343 -280 -206 843 583 -272 247 160 -387 604 -187 -652 -172 346 137 -177 -558 483 -215 -88 252 -533 168 276 110 -245 255 268 -116 -241 126 -13 -84 -1011 -426 -17 465 -382 -554 132 90 592 207 193] 4631.37
[419 109 -537 -102 -435 -415 -142 227 -869 165 43 708 -1227 -338 348 -900 -394 -318 -206 -629 114 -104 256 463 -52 -347 412 55 -79 508 -538 -195 -540 -334 -304 -215 -93 542 -205 -627 -142 603 380 -85 227 -578 524 -397 364 -306 -502 -125 678 -277 680 -273 -865 133 -138 -60 489 -354 -420 -229 842 167 -76 82 219 -82 922 -449 524 -20 239 390 275 -39 -451 -351 50 -458 -547 -252 835 -497 -411 13 341 -25 -137 -447 370 701 -270 169 -172 49 681 476 -385 91 201 -162 541 170 -344 914 692 44 442 686 708 635 435 1066 -411 -1064 -136 301 48] 4972.96
[559 120 227 -469 -395 -202 85 204 -730 741 713 -117 110 517 543 85 -120 134 581 -110 -329 -592 -291 710 140 762 1097 -73 -275 -327 -148 -48 67 -1581 156 169 219 -230 300 25 -651 -9 444 158 -413 448 566 -657 200 -248 -205 574 67 -1010 199 -391 -301 -339 -806 -651 88 -169 14 -171 346 -358 -451 285 157 -286 -633 -98 -202 73 -188 72 148 -518 -590 -429 856 248 -220 -265 474 -565 -384 509 111 336 351 -123 -101 626 -87 -527 -639 527 130 845 101 -463 -129 -64 606 142 279 755 479 -189 -374 -476 486 -314 -115 7 94 -443 -67 165 -151] 4768.29
[-508 6 284 468 53 138 616 -311 240 462 395 -495 557 635 -826 -1073 153 -689 840 -79 188 -202 -453 73 40 332 884 -320 -24 -1200 44 -132 930 747 -259 -226 -621 -347 812 169 -500 984 -508 -873 439 -288 -30 -193 147 -211 -121 470 600 309 90 176 411 550 -364 510 343 299 -141 407 458 992 -9 1022 -14 1314 357 -288 -248 -33 -173 -384 -151 191 -84 417 253 -942 395 317 -282 -314 372 418 -295 223 46 203 160 53 -202 114 -23 446 -557 -856 732 358 -57 -91 53 620 157 -131 -457 502 -587 92 199 571 196 356 552 -542 398 756 37] 5215.94
[259 -258 -266 309 220 -194 218 127 -354 44 -104 1055 1357 35 -647 -309 -284 70 687 -2 -332 -157 331 1072 168 223 -558 128 342 1332 -188 709 -194 721 -55 971 237 321 -621 784 198 -123 275 -203 304 -53 -111 -608 624 -78 -719 -240 -397 -44 107 -464 -398 -39 -663 -230 -218 -227 -847 -409 225 -885 399 420 76 207 -785 29 515 -1266 -692 -193 -957 -244 -320 -20 -181 22 -1061 390 754 -173 350 667 116 84 51 -579 -243 429 321 214 288 -1112 -1498 -194 878 -901 -74 724 666 -92 396 334 518 504 -167 -87 410 -173 -856 -1026 -541 371 420 -140 129] 5769.73
[-616 382 -172 -97 -184 -338 178 -399 -149 122 881 614 -838 -171 563 -159 988 425 7 1207 -841 -988 165 -37 134 496 -498 -578 -529 -1368 346 -162 -738 327 686 -398 -477 105 527 -100 -453 -537 -243 -131 -380 887 -212 700 -263 901 -138 428 208 262 -705 -201 -510 50 714 -436 157 -479 -190 -60 -237 16 -100 -8 -256 188 -1066 -265 -375 -226 269 -202 -322 4 -533 88 8 -300 179 -665 -338 528 -153 -490 265 -199 -688 -189 31 160 224 969 10 -223 357 97 -484 -41 699 127 -312 -1369 235 61 -150 463 -292 -236 -18 526 -592 317 31 1421 -230 343 115] 5353.99
[-121 -322 -107 -548 -1172 472 107 -150 426 856 604 -1224 121 733 280 435 298 -1162 398 -504 677 -287 96 72 328 28 105 -437 245 -185 236 -299 590 39 -373 -1134 136 206 -413 -203 -504 -198 26 -701 519 132 156 -552 -11 -378 -248 -534 491 67 928 333 162 745 -1155 481 -537 1045 715 -248 719 397 -566 983 155 -262 -878 525 -334 -197 98 -1046 -548 520 702 -186 404 414 121 -97 185 -626 -199 -113 -205 317 644 161 502 -257 598 142 103 -190 -351 199 574 -120 -296 -346 24 225 -346 56 396 990 -612 -510 -177 -608 369 -728 252 62 652 241 -403] 5470.3
[-257 -405 307 1126 -123 90 -726 320 767 -119 -471 225 606 223 -279 -608 -332 -539 564 -1483 -800 257 121 -45 198 612 682 -46 660 248 -361 -45 297 148 443 -147 -141 316 -143 -159 252 626 23 13 576 150 391 180 -124 206 -617 337 43 -262 -4 -49 130 506 630 327 -381 -642 -466 233 9 -137 242 872 318 3 219 186 -225 112 213 -140 122 -160 677 369 196 -217 120 -714 -62 -986 -807 -124 -428 928 -929 163 742 -36 -75 -598 165 1101 22 148 431 365 -516 -144 -387 -279 -645 -88 804 -17 684 269 234 -262 533 -346 206 -1185 -175 310 797] 5116.94
[-357 336 982 -314 -1434 -122 -557 -758 -272 513 217 236 110 -220 29 -275 688 874 311 -141 -259 -130 212 1680 -80 -79 -244 -157 374 -293 -253 83 303 -207 -387 -65 462 -229 421 136 -108 864 100 -245 578 -252 -80 -379 387 -167 -639 -347 -9 -491 -151 -683 114 -47 -376 45 844 -705 -216 95 28 777 724 -195 -473 246 -433 -274 -455 -766 -545 692 314 133 705 335 345 656 -324 -470 -506 -679 140 1026 497 498 427 425 -188 1537 303 261 -443 208 18 625 338 -987 386 449 59 -260 202 288 -100 443 622 -330 15 -13 -761 322 263 832 383 -82 -147] 5403.36
[-425 -268 -533 156 -117 -417 1040 -212 -121 -245 -83 -144 -763 -237 23 -384 734 594 -586 923 297 352 -232 302 267 -65 -477 43 -111 267 -47 149 -114 -250 -517 591 -566 -39 209 -463 -871 -286 -701 -1119 -155 -555 -767 446 -248 42 702 250 -206 -326 118 160 66 102 86 -399 -274 248 369 -123 -477 249 -61 -679 -593 593 4 161 289 395 -322 -212 -101 196 -395 -237 537 301 130 494 -70 484 184 -73 -387 871 -150 -583 -403 -211 -720 57 57 1172 -277 233 -456 111 -11 100 231 -436 306 820 143 658 -461 175 97 -387 447 228 143 401 -32 -739 -532] 4667.83
[-670 111 -426 765 -523 -62 -404 784 -782 811 -1534 -153 556 134 375 332 92 -68 -149 999 430 968 278 324 -459 194 560 -106 209 938 -596 -63 -175 633 -229 -342 -401 -562 -190 1046 -707 -525 97 142 -557 -72 661 191 187 477 -366 639 300 12 235 -613 -92 -268 -338 -2 -130 535 -128 -910 386 -179 223 56 274 -981 593 332 77 -109 -311 -639 -137 -52 440 495 96 308 307 41 -654 94 -326 -26 -656 411 -254 -64 348 130 473 -281 -172 170 495 409 312 101 -389 -228 59 -132 -317 193 167 -105 -520 233 -354 523 -119 -824 74 840 8 1013 301] 5095.27
[-623 -781 -88 583 -395 -204 656 96 -486 234 207 -1464 -224 225 -190 16 110 720 582 263 556 232 1 -287 104 -512 -344 121 -196 498 60 -517 -280 -232 -1234 -524 16 809 -315 134 -368 489 475 -481 522 363 -239 -244 462 -1136 -251 -722 96 -214 639 162 340 827 -112 1025 782 35 192 -324 666 344 -42 -488 -180 -248 573 320 -134 289 -234 -520 -905 258 274 -1038 304 468 -560 166 559 -341 -273 343 -42 -359 9 843 317 292 -635 -209 628 -74 479 738 53 683 32 -374 89 412 -254 430 -3 -131 148 554 304 21 486 446 897 315 -795 304 -587] 5271.61
[253 -643 646 709 -23 -404 30 -34 -340 50 -66 59 -324 -393 -119 485 -72 6 -520 343 824 -223 82 -244 29 161 333 -23 352 87 78 -542 -158 -493 -555 161 144 -137 -41 -284 -797 -379 -62 -184 269 297 364 434 181 582 282 265 -125 -118 82 680 -293 -971 -615 410 384 -72 335 109 212 112 367 156 -512 -187 -366 376 259 310 -109 -355 -454 347 451 -273 307 330 -251 917 220 551 -112 -602 -202 44 659 -416 818 -690 429 -872 917 6 -24 311 569 278 -94 2 291 987 539 295 525 -196 -543 -209 171 138 145 -925 -465 -249 170 1655 -601] 4784.01
[729 181 583 -192 404 7 376 165 -202 152 -219 -485 -753 436 -166 179 -749 296 -272 -156 121 -605 249 283 -169 474 -173 288 -388 194 335 -727 312 211 631 150 688 160 -215 300 389 -677 -130 285 -89 -358 -851 340 -844 -573 739 -29 -144 99 -14 -915 -44 570 241 -178 574 -63 -249 321 -43 -929 -28 -510 -286 -228 -709 -593 -43 -59 112 258 -80 706 -360 -392 1034 -152 -250 324 378 49 -599 409 -89 -335 -661 -28 276 9 -395 -705 -81 48 655 30 -397 -440 111 -386 14 -861 425 396 -104 -401 -408 27 417 11 -160 145 -336 -48 -530 -675 590] 4598.65
[-11 -233 274 951 703 -253 -389 13 -145 -115 -70 -350 677 -483 272 274 44 -251 794 -787 -859 -180 108 297 -32 413 9 636 814 623 582 321 -291 536 576 61 335 267 -245 -418 229 -148 -382 23 211 -193 78 438 -190 -492 -770 -297 437 -514 91 -320 -357 68 695 -904 -643 -177 -558 -716 -1413 -796 581 -202 -942 236 -1159 -124 -29 15 338 -395 -725 180 -274 108 -74 -374 -751 -358 751 -236 -438 302 138 60 -303 333 -670 550 -406 -931 416 -999 -395 -703 535 -79 -476 1231 -192 -805 101 901 80 -139 60 784 307 137 -370 45 -275 213 -201 -952 102] 5492.13
[350 405 177 -709 65 258 319 56 -574 211 -37 -217 196 -603 173 -941 512 -290 -819 357 161 -424 903 -375 -372 -44 -246 67 225 736 -688 -772 -537 646 -209 -56 103 77 219 -831 321 -225 978 444 97 -441 962 310 780 -116 126 292 -221 433 582 -225 -273 8 231 -227 -369 238 -97 -658 631 -207 72 482 -830 -300 248 316 572 19 292 467 -617 683 336 -256 27 -188 462 287 165 -57 203 -420 233 79 1309 -156 241 -313 967 11 -210 187 -405 413 696 -635 16 -1184 774 -236 -96 -75 615 1068 -439 -292 -253 66 -867 176 424 483 67 25 -259] 5134.58
[290 337 70 -139 -415 245 708 218 -388 112 -595 228 -376 337 -160 395 82 -687 -1016 -787 679 -218 431 -307 -326 -615 241 -873 -624 -375 479 368 -80 -421 -695 -645 -426 619 128 269 50 -570 -68 -250 565 -112 1160 -305 194 709 -302 -39 -420 1183 193 -704 -337 3 -532 542 -301 566 -87 -340 713 1066 -156 -889 -636 -373 290 214 240 -499 109 644 -196 566 59 -425 -805 -676 -130 -12 -616 128 233 106 578 -1182 31 129 -37 -493 654 82 108 -186 220 -528 159 756 -289 -124 -692 223 449 -527 966 -77 491 359 219 303 -350 341 -570 140 520 1113 519] 5413.14
[-482 -274 -606 -893 660 -101 55 3 -881 -523 444 607 687 -489 294 -256 -148 195 220 458 -309 -227 -316 923 -660 550 -165 -407 -793 -487 -80 86 -26 288 1029 135 222 -476 -278 52 -79 119 -66 351 -45 859 -163 120 -290 -540 -90 -195 -31 176 546 70 16 70 1042 -555 -838 -264 661 -189 646 -333 -297 865 -58 -1102 -486 -20 -340 368 315 870 361 -770 193 659 145 294 -302 -463 -37 -306 -772 -91 -48 913 -566 302 -239 384 -956 -609 69 97 585 564 -806 770 603 233 578 97 700 234 -550 221 -519 9 247 -155 186 215 -321 -286 469 186 880] 5259.87
[-597 -135 -230 -133 692 512 848 56 420 -570 -737 670 234 -152 -883 -674 259 457 -1129 -315 -229 408 314 -112 192 456 -264 150 -175 209 90 124 744 43 980 1186 -544 109 -438 -24 -33 -47 392 -29 -509 393 492 529 50 64 442 355 4 -518 -1190 -8 207 -209 -53 -573 -59 -403 -466 -8 -32 -227 231 -321 337 108 -653 -38 -92 -704 210 67 360 -417 -387 62 178 -95 214 304 921 367 -311 116 -407 708 -341 -834 1083 56 97 432 -256 173 -915 492 -352 106 142 -419 -790 -1039 581 -157 214 -461 303 -1289 390 58 -421 -399 -27 285 -546 -215 -468] 5203.11
[988 -57 -369 -482 279 753 42 165 -153 -187 399 400 411 103 -291 813 -185 -496 294 -653 -483 -721 36 -856 -1168 -443 587 -175 415 -391 532 -67 -305 -140 442 424 -174 -1035 370 484 526 -341 0 -378 169 -110 343 23 385 388 -194 -368 671 316 363 461 -297 71 316 291 -125 483 -226 -694 -428 -346 -148 -185 -703 -281 -1117 470 75 149 -1230 -614 45 -51 -328 99 -188 -478 308 272 -294 -355 -657 -429 223 199 418 148 -143 -612 583 -196 -426 573 -53 -421 693 -1186 -648 862 -315 -898 143 133 -294 -791 2 -410 -709 -437 16 -449 70 779 601 137 -35] 5238.93
[-20 278 162 -258 109 387 250 -614 -50 252 286 -275 266 210 -39 -101 1268 533 668 -306 -2 -540 -293 181 -863 -364 597 419 -424 -371 708 -169 943 124 -88 372 -479 604 195 -623 -512 -263 -215 63 -292 -1046 -974 68 -579 -1672 -660 -1457 498 99 53 -1376 836 735 224 64 238 -498 324 -163 -185 147 -192 395 -674 447 -806 -202 57 -131 68 24 -219 -166 -240 -729 185 -60 -72 -227 553 348 307 1074 379 302 -501 -268 -262 129 -749 174 -438 161 203 248 -254 433 -132 -186 -63 -607 323 435 -855 314 290 -288 471 499 233 1030 653 401 -272 -1126 565] 5637.96
[885 564 190 -1220 -419 -690 143 -333 367 -150 -32 -447 -783 -357 459 264 267 -115 196 -1246 -70 -303 190 -371 408 -276 -176 531 -158 515 -306 202 564 -804 -143 -919 232 480 113 -185 261 -423 -192 30 376 198 257 -47 935 -465 -408 -745 -421 -240 418 575 -40 406 -389 116 -863 198 -462 391 202 -138 -665 269 556 404 69 -442 -69 -278 850 -92 607 -148 -214 -455 -491 185 -287 -1168 765 -461 -617 85 444 560 57 -537 221 -406 -123 339 -428 173 -268 -478 -76 238 754 -475 73 -176 392 -156 -78 675 1112 -179 442 -779 535 341 614 -472 -562 -442 -273] 5186.85
[674 266 -58 243 566 -91 -1033 348 338 331 17 120 831 -551 444 -122 371 80 816 316 -350 -585 189 168 -1007 -151 221 63 -412 -331 226 298 362 482 940 -13 -678 -1075 555 992 -262 -315 -57 288 -350 965 -446 -446 787 183 -520 728 -204 1342 353 -413 -248 314 763 135 328 -120 94 517 672 -655 44 504 48 -647 -57 128 -322 379 96 -298 206 -381 -195 252 882 -174 369 -460 -408 -381 157 363 223 -80 -415 61 279 43 403 -472 555 -134 680 -405 32 -526 289 -155 -28 -84 67 566 -325 -328 -33 665 -314 139 86 -519 -385 -188 -290 -293 673] 5016.62
[37 -226 58 168 434 436 783 244 -735 1003 63 5 471 -459 -541 -987 -447 -37 192 -183 -293 -91 -624 578 18 390 927 296 44 -47 -163 -385 9 149 507 1877 -215 367 -401 -1009 214 91 182 52 159 -15 392 -324 715 -153 -140 860 -169 134 85 -324 -746 56 1 -403 -226 -690 88 231 -8 47 694 246 346 26 208 -248 304 -783 804 -591 -205 -508 -389 -155 150 8 -207 868 588 -471 786 288 -257 -414 -182 -404 -787 -400 -290 -77 -174 -205 -358 74 596 -146 -1295 -512 132 -154 72 228 714 -284 -426 12 529 685 -544 -464 -354 -489 -215 -634 139] 5183.84
[-690 369 1116 27 -201 -1002 399 -203 -421 418 -435 140 -825 -649 263 -462 897 963 -311 703 391 -221 309 -49 405 -324 -709 859 716 667 -741 -79 -213 289 224 -280 -85 -20 666 375 -42 673 805 53 -418 -246 -166 -534 292 159 295 1092 61 38 -31 179 172 -492 221 -1029 665 -117 -534 -265 -318 79 330 -280 115 -569 744 -612 -93 386 21 -637 -36 -255 -538 -324 42 53 247 303 1303 415 -500 -580 -92 185 275 -130 187 172 141 -41 208 250 655 -422 -542 -140 -122 -316 49 -142 266 -71 447 -179 107 649 -161 290 378 804 161 159 -752 2 198] 5068.88
[836 722 -58 -294 -8 583 -1119 -187 48 342 1211 97 -415 277 408 127 405 -140 -189 303 552 -548 -399 -143 -517 592 -519 428 -607 -297 391 128 424 -508 -236 -869 225 -164 646 -420 62 131 -678 -34 -28 -1289 -1191 301 63 332 -33 -334 265 552 -294 1016 -205 309 519 -383 -446 -515 315 -82 -653 -942 -667 -247 15 -384 -1179 -499 -310 -814 1349 -883 259 -9 -201 863 453 -477 296 -295 -419 -114 197 -758 253 184 635 234 -70 -155 -747 -231 -264 -250 -400 -426 -1629 -224 -391 423 174 12 -97 -133 -328 -313 91 -124 -304 272 -494 793 649 485 124 -492 913] 5760.05
[271 723 -165 -767 -623 304 -547 -412 -239 -142 315 -649 -770 299 547 169 -537 -544 -406 246 -561 -997 291 -783 210 686 33 -506 99 -164 -42 -506 -1126 -418 431 -1091 807 865 736 -199 681 169 349 1029 -452 1473 -124 3 -123 150 -222 811 -79 21 -240 -69 -894 -247 -92 -53 831 407 78 153 498 338 -504 -286 -433 -727 -251 -573 -311 500 -27 0 -723 123 -952 87 345 -685 58 -237 91 593 -548 -248 290 -11 524 551 961 552 39 9 -296 86 262 190 -485 -141 509 -385 -665 -318 259 99 134 -605 -152 -402 76 43 -123 622 -122 -301 -173 -314 465] 5372.28
[409 -42 917 65 241 -134 -381 -346 -186 263 -487 -362 1097 -787 -957 862 -836 24 -709 44 539 261 828 -9 -671 225 874 129 229 199 -148 -783 581 -369 23 1357 -1147 -601 -76 -236 -117 194 354 -370 565 -1412 -377 -217 257 865 260 -56 -374 411 468 -400 403 -176 -349 672 840 284 -44 899 449 1018 491 373 -99 -235 1047 363 451 -679 -421 746 663 282 -30 -74 -51 -645 384 497 356 69 853 -362 -1107 -685 468 -291 -12 -271 -471 44 180 777 407 -341 733 -144 -850 232 135 296 58 -58 20 314 -533 476 442 504 69 -91 -169 -700 -168 -123 -549] 5797.02
[-211 422 227 -272 189 40 538 -777 -24 223 164 471 42 592 -348 -318 94 620 -33 179 -311 478 -23 550 -331 297 612 700 -289 279 436 435 577 134 565 348 259 28 -406 857 -541 -35 323 492 -293 -650 311 -523 76 649 -372 -555 -614 833 -61 -806 -267 361 -165 -133 16 -689 -427 459 -654 -648 88 -168 -210 -107 -170 3 -253 -518 -257 374 81 540 -14 -225 -433 296 412 -586 182 174 402 565 619 -324 -166 -383 196 55 -4 -472 -571 275 525 -406 -683 -673 776 -377 753 -256 182 -102 406 158 277 -130 8 973 -1141 669 227 540 372 -911 395] 4852.06
[521 -580 1195 160 315 -391 -1027 -39 -528 -187 345 -286 -514 -337 517 1007 49 -369 -89 102 -311 -279 515 -1347 114 -3 515 -456 591 -76 128 -997 -727 -654 -108 233 -301 -103 1202 -353 -193 -1151 -253 -495 152 -604 -897 267 197 -500 -394 -319 114 -224 351 408 429 -352 577 213 263 14 -288 554 -445 647 960 -163 -486 176 137 703 443 720 54 11 367 -243 610 -391 76 -194 -46 -145 -487 488 814 -893 41 -342 113 103 357 -144 49 96 594 227 53 87 140 273 34 35 174 51 11 325 19 97 172 408 557 -559 441 510 189 97 -698 274 -1231] 5255.37
[-310 461 -379 -449 287 275 -376 499 -741 650 262 -72 747 -835 148 -227 423 215 1049 868 48 -500 -1039 393 -745 51 329 253 -796 -313 -34 -337 -467 144 335 111 230 -455 578 328 45 842 401 325 -228 -243 525 -570 193 -527 -783 166 705 -27 420 -916 -333 -289 60 76 418 -37 -577 -666 216 66 -36 549 -191 -1043 -123 -1068 -499 210 58 -173 -857 -176 -269 -26 62 90 -621 -129 -635 -349 447 443 278 -195 449 646 -30 507 276 -366 -633 83 699 817 -151 -509 -335 -124 -132 295 -343 -70 -799 -822 145 -568 83 804 -104 781 -176 275 -276 -142 172] 5176.64
[-747 89 -287 -469 387 181 574 251 167 -966 -160 -315 67 -131 -940 -547 -498 -255 520 113 84 -262 212 -189 -426 387 -133 -49 230 -389 -636 183 250 1488 302 116 -84 -96 -589 -313 360 -11 79 -406 -202 622 648 -363 -258 -73 630 67 -588 451 -508 -246 787 39 186 300 37 -565 -147 84 438 -157 351 362 -599 -20 -473 -326 486 97 393 36 12 118 -222 -17 -1076 -1464 378 69 248 917 -1298 -275 -533 -19 -175 192 103 -601 -778 135 -446 -324 245 -64 604 195 82 29 -441 -155 -412 -650 -557 598 -109 84 506 758 -568 -551 122 609 610 399 308] 5085.91
[102 454 466 -883 -533 536 -869 -513 -842 -374 779 -703 -1284 151 -464 -730 -285 9 185 -676 403 332 118 -261 468 377 -128 -45 900 265 -414 -212 635 1091 -50 739 13 -184 15 -620 -175 602 327 -692 555 -207 -107 21 390 -145 394 161 -5 -313 -148 177 -64 188 -132 277 985 -1104 24 234 389 -343 131 170 -451 -108 330 65 105 -457 352 490 176 258 1160 -26 484 -284 1295 1401 -189 425 296 -200 567 181 429 -111 109 134 42 131 -118 662 -405 213 740 -1230 518 -369 626 55 -151 273 275 25 401 124 508 374 -497 374 685 918 402 -494 -495] 5527.15
[612 293 1129 -37 573 -507 -133 -627 184 -579 -79 -129 -7 -541 3 -215 96 -241 -664 -608 350 -114 405 789 190 -69 -114 -523 855 319 318 496 376 -385 31 71 345 -400 1416 925 -236 10 -207 1 327 636 -297 352 795 271 509 281 67 1044 -569 912 -76 -22 704 -49 398 -692 44 744 212 -76 320 -478 408 15 -181 128 804 -312 815 -928 1062 -445 -253 352 51 -284 166 390 -524 149 -145 -230 399 371 244 887 162 21 -25 -3 326 -239 -372 5 -158 -264 766 34 -162 -264 295 73 -44 43 -141 -9 115 -387 845 -419 115 575 -128 269 -421] 5006.2
[22 79 -781 -515 376 334 -588 646 -42 122 -317 408 -229 68 -130 447 -40 945 -95 -911 -511 337 131 -552 173 611 544 324 -240 128 141 481 492 -465 168 212 -716 145 -224 684 354 96 146 548 48 722 -360 -285 453 -285 -10 -143 -158 33 -507 90 366 -570 102 -1 -171 -55 621 -682 51 -263 69 -372 211 -213 627 -253 69 -44 286 24 817 -412 100 -472 -637 -390 -440 433 340 142 -546 312 -224 -48 -251 -247 331 217 -313 1074 -46 997 327 162 142 -343 -512 -526 -58 -256 79 219 -66 158 1283 409 195 -863 344 -123 -14 -61 796 -248 437] 4614.41
[79 -435 -694 11 34 914 -429 1494 -266 541 -515 391 -365 587 418 -106 -468 34 -247 158 563 -772 -279 -211 -212 -277 474 448 -184 -610 12 49 -55 490 1 635 -433 -553 186 150 -322 -447 -234 -53 -456 321 -564 417 234 253 -384 20 -294 581 -163 -708 -74 580 1260 20 198 -174 -364 506 314 126 329 251 -336 -201 516 -972 363 -407 415 -544 -269 -980 -5 299 10 279 500 591 422 534 -842 -416 258 110 -527 -155 -278 790 448 -560 -31 970 392 282 -715 799 103 926 151 461 95 318 295 -817 -203 414 783 198 -228 91 -178 -487 -85 -76 72] 5128.41
[296 339 174 186 115 -135 -173 -223 -297 854 590 158 -126 1122 89 -592 296 411 493 387 -54 -49 -356 515 140 -470 -226 -66 -178 -631 -613 -233 449 1129 348 67 248 58 -376 362 -594 207 250 257 431 -1354 -965 59 -16 58 268 40 90 40 549 -288 -119 -750 203 -38 12 319 -280 453 -262 -713 -21 273 500 118 672 -287 -20 652 -194 181 -808 106 611 -679 930 552 21 244 88 -977 852 514 393 -502 -540 542 -347 -521 671 -861 1040 -22 780 -128 759 -610 -90 393 1152 -207 564 563 -74 -46 -861 614 -154 55 737 98 -1146 -500 -610 -12 530] 5499.43
[-11 -480 355 -674 30 -396 -41 -435 -639 -109 567 -194 -428 228 -59 -362 416 486 -917 172 347 563 438 252 -74 -174 9 387 95 -31 -814 -535 635 -397 -32 -309 80 466 313 -134 -564 198 -239 -805 47 -1525 244 625 864 -711 -709 -358 -354 -774 15 16 -737 -388 318 -627 264 -271 -280 56 101 -333 -213 -19 28 96 -680 -609 20 -45 246 -220 275 145 -79 -274 -474 265 116 123 -27 -923 170 -57 124 -392 189 633 229 367 -146 568 -169 701 487 727 181 -514 787 -98 995 -490 131 -51 -505 589 619 -128 108 206 988 676 -67 556 318 236 -1948] 5304.95
[831 -916 -351 93 112 -211 276 -47 127 -79 448 186 151 639 -407 223 4 137 62 -270 490 918 -620 -381 -550 -13 128 116 -657 -141 250 -601 916 327 39 -483 206 65 328 -36 -189 27 -334 -410 331 -461 106 546 -103 393 352 -756 -97 430 -329 545 -718 415 -254 -89 118 -512 839 1101 42 18 -551 -29 548 256 353 -243 -484 -388 120 18 -542 186 -1244 483 360 -17 375 73 -213 263 636 489 31 -256 192 258 -54 100 -947 -89 -449 -852 353 -636 -155 370 388 242 -78 567 612 -392 207 111 -471 862 -165 844 116 62 -127 615 -363 683 273] 4829.68
[-700 704 627 12 -412 -380 -589 -416 -533 813 0 -442 -455 -112 631 -22 1004 -61 390 -338 1054 1644 -359 -257 383 267 80 586 209 414 526 -513 937 -605 -107 -1164 414 287 527 -85 -277 237 -75 55 267 -993 28 -278 624 -190 -417 -692 1122 -430 -718 189 466 213 -230 70 464 66 660 -327 8 530 -143 -441 846 757 596 270 36 0 610 304 386 169 817 262 206 -449 699 91 -338 97 139 320 -217 -359 -55 -417 358 -224 -17 1136 -309 -48 -228 -304 -425 127 81 -444 454 827 -372 242 -70 810 353 595 -106 630 459 422 389 -52 -831 50 -241] 5489.51
[23 39 318 484 390 -489 -51 990 -51 404 515 -192 735 742 -509 45 242 33 383 -573 -134 83 -306 -594 251 252 305 -713 -90 321 -681 -414 -578 -435 113 468 -19 305 1059 -299 -427 -454 37 55 -1248 230 436 120 442 251 149 1467 -256 -1267 -560 -88 -142 -1546 -386 -523 117 958 -233 82 -634 134 133 432 -340 1075 -529 -404 -265 689 -585 -771 40 -381 -767 -517 708 79 276 51 671 229 795 -190 -881 541 450 275 -444 -441 320 -164 -136 690 -415 -608 951 428 -287 128 -463 -68 -294 -41 -97 154 -317 -123 -135 396 425 222 -615 -384 -315 65 -931] 5617.43
[-726 -642 239 26 -376 -364 1979 -106 303 339 -5 -930 -302 -305 609 77 699 196 -200 647 816 235 -877 -367 960 274 238 -64 -1008 -153 271 -627 112 -737 -313 -588 143 -31 516 213 -248 -378 -319 12 2 423 163 -314 -155 136 177 581 409 30 614 326 810 335 -784 27 -1239 822 -338 -560 -492 459 113 262 23 289 -386 1011 -114 279 395 -170 406 338 -2 -202 -121 206 -185 -137 474 -59 514 -623 -364 -127 819 891 -212 -212 -534 -898 -170 377 -611 -379 -726 1399 553 145 -24 1165 -304 -516 -466 -299 -678 -447 353 211 -160 698 890 -345 -672 829 -294] 5848.38
[148 -339 -461 -160 100 -891 -455 -484 -675 -183 -280 -1045 -407 589 254 -875 -690 -78 235 18 -834 1221 104 424 -419 119 -106 137 929 233 222 211 -229 336 -75 123 732 88 10 -18 -1526 -82 -375 362 -603 897 199 678 447 -336 582 -561 -165 40 853 -22 -247 -459 159 -190 -505 -688 1143 218 -523 -585 1004 428 200 -437 869 146 369 -24 -165 -48 81 -301 426 319 816 353 431 -375 -774 -140 -221 -298 198 114 228 856 -409 97 -487 -617 289 -256 620 1078 693 168 581 512 923 -442 -531 765 161 343 -811 832 -356 684 -87 -290 111 98 98 -846 530] 5718.65
[519 -280 362 159 -759 -888 -375 310 373 -447 252 42 -392 -613 319 27 -457 735 -106 -781 408 -171 521 981 613 -63 427 86 981 377 -805 423 362 -548 202 -140 -54 -119 -93 62 -138 582 397 29 723 -357 172 -150 -121 395 396 446 705 -449 36 164 443 -281 -223 119 620 188 -725 749 110 -460 -224 1033 -106 -540 -502 180 -45 -22 30 594 632 -427 -245 -168 -211 34 123 -143 384 -887 -192 -381 -235 1045 105 -389 -16 637 -110 104 -542 412 332 87 220 -118 405 860 195 -85 -446 -267 612 -234 114 142 237 147 129 -12 264 -74 -20 206 -264] 4666.76
[370 249 -216 65 457 -599 -206 256 -33 -970 -304 -74 -212 -310 -1129 -309 -652 350 -540 204 -129 219 -200 323 176 283 -352 -666 476 686 -15 485 210 20 -296 718 30 172 -606 370 -115 -51 -934 -728 -233 -156 757 -385 413 73 592 -71 -41 -135 -955 250 -10 -503 -100 345 240 -681 560 -830 240 -587 349 202 -77 -99 -570 -671 540 -508 -748 -507 -411 45 206 634 0 290 779 658 -154 -66 208 79 308 384 405 -341 -429 -543 248 795 -290 -1302 -850 780 685 -1319 -160 7 -104 254 -835 -238 387 51 326 -21 -527 -201 62 -750 -157 805 636 -13 -443] 5275.83
[457 974 376 -526 190 -285 346 -462 191 -770 374 -644 360 -405 -447 -201 -883 -369 -357 -404 -263 539 -231 10 -69 285 -138 28 572 28 -452 -606 206 842 -300 1 310 115 -166 -474 684 27 -199 255 -294 650 334 683 487 -614 205 91 -652 -174 54 -256 -414 37 -489 81 -263 -324 449 169 857 -314 135 -347 -608 819 321 -503 241 -500 131 1040 253 417 -104 -70 202 -517 -946 79 258 360 -140 -183 253 -645 -270 -221 148 546 -575 528 299 -517 -984 786 561 -12 -451 -475 389 130 734 205 -74 -427 -215 157 -342 -10 -249 -142 -415 -495 459 -76 -815] 4842.82
[109 361 -21 128 -405 -255 -294 215 -1352 152 -441 330 -641 -377 377 109 -199 786 -12 467 488 18 -109 -105 55 -558 -554 163 -242 -177 -766 796 -697 637 -592 501 -309 -1400 -22 400 -342 1000 37 -537 -466 676 308 203 269 -74 107 17 -53 257 -27 496 -283 -962 85 -336 146 -532 4 -223 89 522 -275 -564 168 -281 411 -21 270 -536 -143 -251 958 -634 -626 482 -18 27 335 1136 285 394 -238 -449 222 373 88 -635 -638 -377 56 29 49 277 -47 281 317 -33 367 815 173 -114 -321 597 -83 -117 -109 -154 697 336 -184 -552 121 179 204 -162 4] 4832.03
[-15 249 513 -171 -755 -73 444 -464 712 280 664 4 56 -125 17 249 -329 -258 492 423 -257 -1357 273 -110 32 -56 -40 675 421 -365 -324 75 662 464 -3 -426 -383 -353 138 133 -27 207 76 -317 1158 -704 -234 874 -122 59 -1299 -364 264 187 153 -337 -328 1023 340 979 307 200 -386 674 -627 -328 -1122 373 146 -614 -98 -568 -157 314 -292 -960 -433 120 -13 -226 -25 17 224 125 591 324 197 -153 257 222 407 -80 -288 246 -183 32 111 -319 127 -268 212 -370 438 608 -126 29 661 -551 -142 362 -58 -148 168 555 -103 469 1186 448 756 -268 -203] 4971.38
[728 -138 219 -127 -398 -262 -10 323 315 111 -873 -244 -112 -693 632 79 -372 537 -48 -177 -256 48 -39 521 -237 -582 -578 33 -165 -103 -616 418 302 -174 -235 285 208 -803 -338 444 203 -467 873 548 694 441 1059 -239 34 -368 -24 -221 -78 257 -813 -190 -170 727 0 41 -344 357 617 636 262 398 -23 -647 -255 -398 712 943 -214 262 60 1664 -66 -170 196 180 -177 205 -272 559 -578 65 595 732 -228 330 211 864 -89 608 -147 1071 -652 -1073 104 515 115 397 645 121 -567 702 342 -730 106 107 -72 -69 11 -372 -331 -986 754 216 766 512 -16] 5287.43
[-180 799 -94 566 223 -275 -293 -388 -403 -350 -739 226 937 -481 -205 -21 -12 932 -440 -117 387 431 -152 1210 -465 -289 317 -730 102 945 -655 -332 262 -595 -279 443 226 78 89 51 -345 -318 -339 -54 -140 22 181 -264 518 301 -326 7 294 -665 537 -244 239 -581 -576 126 91 166 94 87 1118 -705 -125 252 799 47 -712 75 801 -497 -394 118 156 -212 -1325 143 -718 -696 -374 -412 87 -906 -1118 30 -100 980 -141 -302 -605 663 -229 -371 -453 35 -32 74 140 828 -431 530 5 436 -359 399 -532 -444 -117 425 -345 541 506 -349 -149 -271 -953 338 645] 5314.23
[-1109 -66 646 -472 250 -106 443 423 40 129 76 225 -52 -498 104 -626 564 -148 698 -149 529 -211 -626 -247 -63 -164 36 314 -198 -115 -325 -176 -420 120 344 -266 -234 -66 307 242 -6 333 45 833 -622 1557 -47 378 -667 -619 678 309 273 -588 -292 -342 242 -180 633 -423 93 -447 -69 -269 -623 -59 -188 542 532 120 142 -458 -14 394 160 -150 -556 -686 225 -378 230 687 -199 -508 1030 682 -1008 389 -289 403 721 26 28 31 312 -228 -487 -49 -82 481 -282 105 813 -918 -47 60 -613 -57 -276 414 266 -1065 71 -748 565 -60 497 -479 -646 -211 416] 5008.07
[-889 184 -300 -152 -11 851 595 -274 -205 -433 590 25 407 -137 147 1037 25 -224 -432 -673 -372 56 -95 -894 216 294 616 112 584 507 577 -176 -108 -73 68 -220 125 311 -50 -669 812 -401 302 579 -97 909 -20 -299 -641 -154 -834 -228 315 220 -210 -581 74 -405 341 -125 -370 749 154 -319 -1001 133 127 -138 -622 426 -177 1051 242 48 -423 -1066 703 538 372 7 -1064 309 334 270 465 965 -776 -873 -212 725 641 -415 -512 -164 712 351 247 294 -358 -462 -223 -694 -360 -72 -585 -394 -246 -190 263 572 306 -638 -890 -470 -54 -4 120 495 416 -886 -936] 5433.98
[-321 519 1070 763 77 -300 690 -72 1091 488 164 -101 -391 -1255 -461 150 -343 93 -2 36 121 -745 -173 -288 621 -524 -487 195 -373 -504 928 -190 -595 -676 -885 -44 -502 -758 49 -143 242 145 -4 156 -473 526 661 316 376 -63 -227 261 -443 46 -513 346 564 191 -241 1165 -395 320 -559 -360 -255 298 241 -502 -333 639 301 -600 -198 599 129 277 102 484 339 -117 -259 -350 -1109 710 528 678 634 -542 -514 -402 9 442 537 -973 -448 914 581 0 -287 73 -825 1025 -257 -320 -136 455 -208 -417 -797 -96 366 -247 333 -126 -279 107 307 -600 335 37 -1107] 5496.31
[1 -891 -995 -141 229 -283 -224 -164 983 -1118 -405 -1040 -158 179 -241 519 -771 52 349 -145 -422 -304 164 -966 721 -97 -249 6 -351 -247 365 -315 178 722 722 44 -40 100 -236 -8 -176 -618 -1238 -718 112 504 -214 149 -677 112 -396 -711 -871 149 -615 -236 -231 909 542 165 -132 312 143 744 -247 416 152 436 -154 31 372 -119 124 391 -739 37 -278 -67 -233 366 -1331 -677 799 109 -1195 1102 -411 -225 381 -648 -371 65 -902 358 -639 374 -75 -202 -31 -373 1059 -82 887 799 -1228 268 -647 -546 -794 86 338 1175 396 -109 419 -661 123 803 343 5 -478] 5959.9
[-107 12 354 -203 110 267 469 75 -579 860 -454 824 1286 -252 -176 -637 97 185 270 -240 -342 -221 782 204 407 314 -312 -29 -338 -125 -101 -51 67 467 224 997 -610 -910 -172 712 248 -794 1108 532 811 -66 82 -139 154 -115 -1423 189 -262 274 -27 -769 -93 475 -204 40 -787 9 -256 208 -345 -823 686 -225 485 337 -70 468 491 -244 -245 244 747 299 46 -143 -50 -128 -123 348 609 -68 10 144 -940 -185 -125 215 184 374 -156 59 42 1340 -853 -145 537 125 366 -417 370 -909 304 -153 96 -16 416 -223 665 189 -332 -207 -263 61 106 95 -548] 5102.88
[-38 48 80 -176 -62 -67 87 525 168 -59 -425 36 279 -692 -426 172 552 -759 -333 -587 184 -406 20 206 -695 -218 415 -335 -821 97 -406 -50 -288 -348 -259 -20 -574 -175 414 -194 811 -28 536 -118 7 -431 503 591 -33 -19 -181 -270 109 337 442 -1058 -183 416 28 247 -43 140 -340 -121 536 416 -169 718 -329 309 570 670 291 -93 -372 -464 661 -497 835 -57 -131 68 347 -47 -358 46 400 -157 -374 -117 388 -83 -924 750 1240 413 -1119 68 -115 185 1080 -75 -486 -141 -786 -290 -150 -873 -70 343 -608 -691 152 150 333 219 122 -209 954 61 -40] 4815.45
[-21 -63 336 3 -141 -228 721 197 373 -35 -530 -341 -1575 -320 722 -198 -304 963 48 -209 490 -211 92 -1246 833 526 -296 636 4 318 142 -529 217 267 -466 30 -19 -136 -979 -754 436 -349 290 -407 841 -175 -138 1047 -37 -122 -204 -553 96 -680 -148 366 -824 774 599 289 -342 -243 62 463 -349 487 -194 -674 608 -476 1085 -575 -823 260 404 371 -411 423 -117 -401 -752 415 -340 495 370 520 -693 196 -204 -566 -248 51 82 -685 -827 -299 -207 1196 202 218 -300 458 620 -928 -496 -165 -624 -681 -67 -147 423 295 342 -57 -411 -172 734 -690 -118 291 240] 5553.81
[-1107 76 412 507 -8 -188 175 410 829 -69 -973 448 -95 37 -15 8 -366 -244 354 502 171 688 6 -54 435 412 -281 -668 135 294 -347 -474 -111 25 -37 68 460 217 -53 -144 403 52 -269 192 -177 -1298 -344 -211 47 220 440 679 22 -872 353 43 671 -136 -827 -33 -259 -169 -629 -582 -1013 -38 510 -228 676 794 -436 -471 72 -102 522 -385 856 -402 213 381 -77 -116 71 113 106 -486 420 -296 -521 170 -81 93 -311 -208 -117 -9 -343 321 -497 -7 -362 343 -280 416 201 450 -1008 -790 274 325 73 -39 273 -271 -72 696 -241 -832 -362 -640 -299] 4755.83
[-812 1098 1331 -322 -27 -297 940 -365 -343 543 247 -458 -38 -375 -491 178 -743 -349 -304 -341 636 23 -618 263 872 538 -263 225 -285 251 325 -146 385 110 -253 1004 306 -204 -414 260 643 -88 -23 -142 -104 230 388 860 -45 232 -389 650 -253 -592 -1002 -419 62 32 -674 140 -458 314 -642 542 -979 31 806 -6 339 417 836 -413 370 -168 -226 -120 314 499 794 478 -245 -329 -700 852 309 823 214 -424 -407 -237 796 -146 -21 -445 243 406 -844 342 -1303 -711 444 23 -358 278 -679 96 -438 -700 -120 220 56 -580 370 681 -512 57 151 -426 968 -290 -594] 5582.4
[36 289 430 -203 371 555 -228 -27 91 -102 299 485 -514 -170 974 -248 -385 265 142 -26 185 -587 -112 -798 265 -29 -259 -464 -179 -455 179 -256 5 -1363 522 -352 578 -396 18 -1114 1000 -14 598 -375 35 384 903 -453 35 -408 93 -97 785 -580 -451 759 159 1038 71 136 93 -318 118 -317 654 135 -233 -310 474 -585 -317 102 72 114 510 181 928 109 175 -200 228 -299 -94 -301 74 -173 -1441 -167 402 540 -649 -256 287 353 370 6 -308 745 -429 1024 -1042 423 560 -592 -623 114 -890 -253 329 157 1346 -557 755 -803 120 66 56 -337 -990 514 256] 5523.82
[467 195 665 508 822 -1281 -768 173 280 -189 513 197 -746 -404 -42 -174 -131 57 34 -758 -615 280 18 -191 -56 288 -15 348 901 -252 877 -605 427 -192 308 -233 220 484 827 24 23 496 -23 -178 301 146 -157 599 553 67 -289 89 989 -89 -516 308 401 -178 478 -37 -79 276 564 128 -253 -392 704 498 512 -105 975 -304 -32 711 -144 168 154 -100 -269 214 305 -127 311 502 -327 -290 588 282 43 -32 -78 -174 152 -439 -126 689 705 -304 283 -248 925 379 70 264 -734 349 247 -450 462 492 648 1073 -982 118 617 -164 -597 -896 238 -74 -684] 5069.65
[164 -223 -100 205 120 -695 -55 -81 -113 -433 414 -440 -551 -720 -500 -595 128 219 40 -509 569 -94 -530 655 312 523 -312 173 -77 98 -470 531 401 -723 -590 -293 224 -122 -312 -159 189 1462 -1109 -337 -366 -127 632 -67 184 738 1061 18 -409 520 -346 1685 -445 -955 51 -544 -71 -477 277 -476 552 483 -394 -142 -260 559 -5 186 295 287 416 392 554 252 600 231 -394 423 -110 595 -71 99 100 -275 -300 184 -28 -34 -158 -1001 -393 -145 -78 -163 847 -874 -9 683 -169 -637 179 399 -345 -371 -682 -213 121 659 -225 233 1023 446 -33 -832 397 764 353] 5357.35
[-397 1376 938 -501 -333 -192 241 -205 -808 92 652 -306 15 241 124 -114 138 390 37 -763 541 -547 -294 542 160 160 506 -917 -273 591 -572 499 843 -695 -109 125 -71 198 540 -200 -451 210 851 306 210 1 320 -103 821 -670 -549 133 1443 -984 -18 137 299 -715 -633 -21 82 -453 340 -159 818 422 252 469 270 -360 -509 -34 -732 77 218 -29 203 -679 37 -56 506 803 -205 253 660 97 91 -91 221 792 316 92 134 508 364 -142 -108 -170 -296 178 -843 437 -332 -598 464 788 1030 60 -161 -846 -624 -669 -448 484 178 409 250 160 470 1104 248] 5464.5
[544 -510 -323 125 521 -798 129 171 904 -188 -341 -69 -79 -284 -813 1250 -429 -687 -571 -317 720 -337 910 -552 -243 -1481 267 576 432 518 -393 -25 179 -534 -45 -182 -60 -820 -413 -47 447 25 166 -445 -291 -1523 1277 -485 -701 286 -30 43 -214 -134 878 39 38 680 -602 55 -92 -125 -163 -599 26 291 -739 500 -108 -155 123 48 431 82 -193 -496 636 -184 -306 44 -450 343 626 -116 857 -443 66 -190 559 -97 -338 -1067 -633 153 692 -169 -361 -668 -59 -36 659 -754 -176 107 525 -534 16 -476 1078 -363 -147 -316 600 -1005 -141 -458 -24 214 470 107 -329] 5615.89
[-842 -299 49 -205 -384 -109 562 -117 175 -384 880 -1023 -426 132 -72 451 -37 -242 473 255 123 -315 -210 -168 9 140 326 -44 332 297 603 28 -547 -64 -1058 -846 97 575 120 -366 188 420 -97 -950 551 56 -154 -700 61 -741 546 73 626 -144 865 72 328 -115 315 5 -512 227 480 -328 -264 582 333 371 -288 -614 -306 308 190 389 -263 -924 -579 150 172 -224 -312 485 95 -607 -195 268 -161 -115 46 360 565 462 -416 -117 -423 -324 148 -346 -49 170 161 124 -599 -66 -453 911 -878 9 83 1063 -558 152 -421 -219 -378 380 534 -350 260 -54 188] 4707.15
[-98 -796 1471 -26 -255 -120 1125 -235 84 556 -587 -192 -74 -316 37 231 -52 -66 -135 -363 529 370 -521 693 301 52 -161 186 -708 -215 440 -483 181 -703 -168 -534 324 -80 -175 405 179 -99 -48 109 -1223 829 302 689 -1094 -37 586 -227 -424 -848 -374 -172 423 492 -363 -522 8 -93 17 -83 -140 -550 -633 -176 976 -358 278 -398 -206 -377 296 -10 340 -154 104 -253 -189 -105 -589 640 215 -20 -571 513 -324 -939 -172 -194 10 -1075 -569 122 -497 -661 -117 118 149 927 145 -130 293 -63 76 23 -112 277 116 -464 22 -405 692 -414 451 -522 196 190 -515] 5019.25
[-756 -235 125 125 -410 152 365 539 354 340 440 -852 -481 940 425 538 100 -493 414 -343 176 33 -317 -35 101 -683 -815 166 -187 25 608 -195 145 -137 643 -824 -150 602 436 442 19 500 29 369 -410 150 -253 -281 -268 -211 1155 -60 144 489 131 -99 495 1208 -113 -466 467 858 4 -322 338 468 -263 141 11 -816 -46 800 0 -106 287 -321 -167 103 293 -358 245 -489 459 -202 -270 466 -189 -242 490 70 -781 90 -658 0 9 -511 -50 -736 442 61 -31 668 -605 311 -109 -35 417 -316 282 -107 -375 563 410 -951 137 -491 2 288 -508 -1058 411] 4876.94
[-44 -260 -604 -17 85 74 196 360 463 -514 -121 554 271 -219 -18 390 -414 94 -590 -638 48 124 358 -941 93 399 117 -163 -56 -181 921 50 253 324 265 -521 -1165 -128 151 74 -203 130 -371 121 628 935 -56 -182 216 -272 -444 -24 -288 607 303 -372 -435 367 112 184 -526 142 -385 -131 263 -594 370 624 584 48 -140 -408 475 -1324 80 -45 713 335 -320 66 -814 -1114 -664 -78 797 68 -1431 -738 282 -139 -196 -325 564 648 -115 -518 573 885 -408 -346 395 352 718 298 552 -82 456 -90 366 -370 1003 236 822 264 -5 302 -479 -256 114 653 -55] 5173.43
[-63 183 566 -518 265 37 -698 -82 203 709 -695 -349 -271 -165 -1 -317 49 -143 1034 -79 96 39 -746 717 -268 333 167 182 -474 -181 -489 -753 765 -785 1219 725 -585 -134 284 343 -562 350 252 517 -225 -612 149 465 816 385 561 248 507 313 76 -860 -167 402 -232 -462 -581 -270 -1238 67 -98 -253 566 -541 -95 209 787 805 439 -95 594 688 -128 -1018 -354 -249 567 -242 155 75 51 202 267 635 -225 36 50 405 -627 473 541 290 -342 -9 471 288 438 232 42 -108 -425 109 490 -51 -172 -543 -671 1302 702 375 145 -111 364 -505 -469 -868 1308] 5446.71
[-203 -683 -1113 -607 -139 297 -593 -548 -562 -54 967 -240 -17 247 581 -739 366 739 246 1127 -265 374 -495 1147 -441 528 230 290 -126 -245 -399 166 502 -437 93 -86 219 -187 -683 145 -303 557 -319 58 265 -184 -249 -490 39 -293 282 -179 478 -157 306 1140 339 -722 272 -615 -723 828 690 -335 -95 -532 -50 504 536 18 -528 310 263 387 -392 -171 580 340 368 151 -526 209 -96 -573 -20 -881 -45 318 -315 997 54 185 -311 51 -452 168 -480 -238 684 -20 423 199 467 -23 1084 -338 314 261 -459 735 339 710 -259 185 357 484 13 39 74 6 -80] 5116.28
[410 59 265 27 -748 -359 -133 186 -34 -453 355 334 -740 479 185 -414 78 -230 222 -798 -473 279 -118 197 435 50 -86 -557 614 394 -1136 1039 427 843 -4 29 394 130 126 -217 -247 366 1171 -667 -181 -718 965 -530 747 -166 -366 -281 1294 -367 -418 582 -274 -344 -865 -693 -300 -329 -693 -226 92 -10 -303 23 37 -484 -85 -87 -1367 770 393 171 -11 86 20 -242 953 473 136 367 90 205 1039 115 -172 133 144 836 312 -260 230 -81 -237 -13 -4 -129 -430 -375 -239 201 -40 200 -955 176 51 -1041 191 -835 -283 522 -22 470 -708 124 -298 -268 -419] 5320.11
[294 -653 -255 36 -423 -356 687 -283 392 -31 1134 -224 -722 -618 -210 -331 -49 -50 390 108 677 -576 -117 -39 1154 524 -296 249 -503 -403 413 -21 -279 -516 -363 -261 -209 -738 445 324 -444 171 290 -857 282 1054 -201 268 -225 331 99 787 107 -41 354 72 239 220 -467 -324 349 -76 -162 525 -188 -235 -582 285 795 710 1301 76 327 248 -321 -431 665 142 -490 -131 -248 294 -506 -2 130 -57 93 200 156 210 1135 -729 -338 76 57 328 139 108 -764 486 135 -807 844 538 184 331 -129 57 226 179 -131 -8 675 -342 577 -160 207 -631 815 347 -940] 5080.8
[3 -137 -378 280 745 -506 358 194 -1554 -661 -305 87 -327 -824 268 -308 409 466 790 494 395 560 327 30 -186 40 313 176 905 1157 -412 456 103 484 308 -59 499 -320 -576 -144 -210 -218 395 -569 107 227 819 -246 348 9 324 -14 1396 416 870 1083 348 186 313 -479 -276 -316 237 -934 103 -370 -103 100 -140 -577 311 671 1 517 703 -759 820 -450 762 -58 -415 32 176 544 -193 -134 -242 -184 -17 192 -157 -536 -576 -678 -465 -672 129 259 -438 -180 -36 -573 18 -17 818 121 -583 128 -245 -222 232 -57 118 -41 115 -1008 153 777 28 619 -113] 5307.03
[761 -260 -172 -672 -777 128 2 -136 237 -619 1126 -743 259 -77 -35 204 475 -692 -312 -114 311 -299 542 301 26 511 -160 -204 -66 258 -327 298 -214 -764 218 -348 -362 382 -106 277 103 -63 227 98 201 267 499 -343 552 976 660 329 -325 871 86 -120 546 -471 -358 51 -709 692 203 142 752 456 -438 699 -335 371 31 1512 515 125 397 1113 -110 -159 457 -596 -342 -519 220 -405 -622 -293 1007 -73 397 -724 529 99 -537 -510 270 893 -363 -669 48 58 645 -815 111 394 916 51 248 -402 10 246 -242 92 -330 -403 -67 -718 39 97 538 87 78] 5205.93
