[223 435 -296 -512 -179 76 -87 415 264 -187 279 37 11 400 179 36 -174 105 -480 325 -137 392 142 -589 182 80 -275 762 133 -474 -111 360 258 -462 -75 -221 427 354 269 -20 638 270 -68 440 -314 -85 311 -421 -169 -3 513 343 162 47 -122 -2 41 114 202 188 42 89 -35 -417 -248 343 -40 260 -8 4 -13 51 207 -246 427 202 -53 -302 630 366 9 82 399 40 -332 -15 -397 108 198 322 161 -126 3 332 441 136 -130 -340 -65 67 -75 -272 -630 -125 -32 -306 454 247 302 195 103 152 -214 46 -363 -318 424 199 -161 118 -596] 3145.29
[77 -35 146 835 17 -29 -168 -105 9 -134 -331 -351 61 -241 75 439 72 122 72 -505 -16 -40 224 8 -270 -856 -500 -666 140 -189 129 -42 389 286 51 557 -685 5 -446 265 -293 -20 139 -352 -225 360 -244 85 -161 -163 141 12 -239 70 -122 171 138 -275 140 -99 -131 -379 193 -177 -99 -66 13 153 -230 -298 -239 401 -490 803 27 -275 -77 -305 -587 -714 255 49 -19 152 301 -90 -92 764 247 299 -422 137 -510 -215 -48 -260 28 125 123 -226 302 550 271 171 -167 307 -386 -263 -173 265 412 -172 -24 19 357 514 -348 221 261 -654 -300] 3414.61
[-132 317 -174 -146 -553 466 -239 146 338 -284 479 240 173 -406 643 65 -352 -86 277 417 -311 70 75 -163 210 -178 -366 164 -232 -752 -926 115 -390 -266 219 209 277 624 131 385 118 -194 85 619 -519 31 -240 -335 274 -694 226 92 279 150 481 353 187 381 282 612 -80 49 64 -279 -310 106 189 97 -175 482 272 -418 -424 211 244 -399 -57 45 -118 509 271 -46 214 221 -627 -116 -406 558 339 283 -56 -153 -23 202 79 -57 212 390 -408 261 150 -37 -323 -344 491 -391 181 421 151 501 261 251 186 -86 -395 2 8 -185 200 -290 -177] 3538.2
[-353 -236 402 569 23 -44 538 -354 -67 228 -460 134 -130 299 -389 295 234 233 188 -728 161 -737 -9 -18 88 -297 -157 -487 220 129 422 -227 328 12 55 85 382 -672 531 -255 -167 -365 119 -117 499 -749 217 -233 -336 599 -313 -205 -69 377 -299 73 139 -235 337 -88 -43 206 -275 605 245 -521 57 147 188 -173 -159 422 415 206 -71 68 204 -135 -272 65 -902 253 -51 219 657 500 302 -60 -375 -403 204 338 -441 1 21 269 575 58 38 -183 -30 -542 869 -121 -206 -94 -367 248 -387 -173 -134 -506 -230 -271 411 477 40 228 274 210 344] 3697.89
[616 -329 216 339 -241 -201 19 483 182 287 -280 -58 191 -361 339 -144 132 329 490 -130 187 -111 203 -364 63 -95 181 -841 413 -219 500 27 -124 -81 199 50 110 -342 683 -338 804 382 -52 272 38 -530 -38 -136 -38 84 -241 -327 47 89 -520 108 574 22 438 -59 -10 -110 265 37 -391 37 10 299 81 -508 -117 603 414 83 691 144 -131 611 -729 -149 177 -225 126 233 371 347 121 10 184 185 48 -68 137 -145 32 -107 -323 -727 84 202 -69 -133 283 -362 183 120 -15 -225 -118 101 -181 -91 207 -160 -217 118 328 -196 37 16 294] 3290.47
[-307 172 -548 354 -38 -548 8 -142 113 169 160 745 -197 474 20 491 -87 -157 -337 7 334 365 -202 953 350 51 98 -243 -381 354 339 -520 217 57 -590 -296 315 22 -18 293 -235 357 18 -18 -3 -158 163 109 -37 220 171 193 82 90 295 139 -442 251 -522 49 242 695 246 132 6 -253 -383 -324 152 582 -216 -454 348 -132 117 -209 -39 -34 486 -12 -520 398 114 338 -96 820 -262 -457 -126 -298 204 21 273 66 218 -317 272 451 50 -184 25 -17 290 384 -186 -309 -4 -117 -202 -74 126 -171 -361 -53 658 297 -448 700 -56 190 -203] 3457.93
[260 -855 227 254 -87 448 201 -170 -298 -799 -194 -70 -124 -660 -415 -149 329 -135 679 -282 -166 -670 -350 130 -443 41 -287 62 127 -411 -365 159 -276 -126 282 559 277 -422 438 -508 -126 5 217 275 267 193 -437 94 142 336 -1107 -285 76 453 173 360 -235 510 564 212 -336 -60 -110 573 199 -137 18 -63 100 332 137 -275 -126 -40 -231 -233 56 306 -57 561 -903 289 217 213 337 -197 -247 309 -265 -586 82 274 114 239 -210 108 596 390 -36 31 -36 1 597 -55 610 -252 93 466 -59 -232 -63 -65 696 -107 -105 393 366 -678 561 666 982] 4051.26
[-432 -110 101 102 31 -35 -215 311 193 -240 267 -596 -104 11 1017 418 -273 385 -160 45 -390 -160 227 -51 -293 -544 -281 259 -112 95 -787 200 12 -26 107 320 -349 -315 -767 458 -12 -755 232 284 -414 749 -324 -96 -147 -686 763 -8 -465 -329 814 223 136 -474 -14 91 -17 -671 -64 -577 -304 -10 -400 -468 -830 233 45 -327 -866 131 223 -407 43 -61 475 107 483 -450 -177 264 -982 -323 106 414 183 665 -252 157 -325 139 -243 -156 177 219 63 202 369 41 -530 633 135 445 237 -167 126 251 -372 237 -237 -311 -618 -304 -143 11 -208 -476 -329] 4157.45
[123 459 -196 89 -322 -45 -449 -354 -370 571 552 -139 115 -256 501 -333 -571 -153 651 654 -63 975 -207 536 324 114 178 155 -871 -195 428 -502 -793 105 211 -285 167 770 -210 622 33 -138 -307 498 -71 -1 -206 113 580 -233 210 -193 537 -796 -105 294 542 272 -334 39 446 266 332 364 -58 165 493 -1 -218 -126 466 -185 36 -118 -398 665 -338 207 -301 -570 493 -259 -21 -235 -210 257 -110 -38 -13 -72 -180 116 -24 -279 438 -144 -722 -172 -364 361 -62 126 -179 -494 702 -222 -414 -239 160 -249 177 215 145 -20 -210 -226 -889 -77 -108 -574 19] 4056.66
[153 -421 308 141 -427 536 134 -337 -701 -771 -469 -177 -292 -194 -525 -315 254 -529 184 -128 -451 -248 -426 -462 141 99 -436 603 -107 -1014 -92 10 484 -136 116 517 62 336 824 -303 102 -120 -316 563 649 -376 -196 -419 76 -447 -117 154 349 -143 -66 320 -155 867 136 492 350 96 34 -149 -318 13 553 381 55 178 696 281 210 151 -428 344 78 217 -299 294 -654 -282 657 -351 303 131 -261 172 -162 53 -188 284 34 175 246 24 -298 84 -571 -43 20 -268 -540 -550 436 -603 309 741 279 484 364 162 464 -91 -22 -194 905 -454 412 -49 426] 4173.02
[56 -803 530 59 174 125 221 37 -528 -259 -153 -11 76 -403 147 -459 22 120 807 -157 -421 -664 -119 -27 205 134 68 118 117 319 -600 274 -59 -73 342 289 -65 81 610 243 281 -76 16 532 82 71 -718 -414 -220 -848 -989 -691 -47 -169 575 -173 -324 -1 508 399 430 -635 111 267 -272 297 -287 310 280 370 668 -1 -272 -244 -225 -105 18 997 9 785 182 -358 -460 73 -679 -10 490 -447 24 -130 -62 27 632 -76 -843 -495 -343 -198 569 424 -199 -350 -217 135 142 30 82 418 -255 150 -677 107 497 -45 -311 -281 668 -1120 106 -155 882] 4397.03
[-440 -456 109 655 -466 115 -308 -25 748 -219 180 331 -432 14 528 298 -366 107 -801 -395 -133 -686 -107 479 -274 -172 -211 -398 -35 -326 -284 -94 -225 -80 436 12 442 -660 199 -85 -413 -451 401 630 -99 166 -361 131 -132 612 175 201 -8 494 794 745 -182 -6 14 12 -155 432 49 -254 -540 -866 141 -467 -818 384 -391 -444 221 -8 363 -1059 -20 -304 254 179 -442 355 432 322 -698 251 -272 355 -69 -287 381 220 271 968 473 -118 600 905 341 -237 -76 -113 383 22 570 -315 -187 291 384 589 329 -83 81 -343 -166 89 -436 64 519 307 97] 4372.63
[-243 -59 -77 -74 -143 -1000 -254 -234 -63 115 136 322 -297 54 284 -585 -136 -205 -99 -378 137 245 452 771 331 384 411 -499 82 335 -155 -32 284 691 -146 -85 22 -254 263 281 356 300 -108 5 333 -321 -123 121 -373 -121 -20 -58 259 -382 570 38 -406 415 -162 -161 846 148 -100 -10 -402 220 452 421 120 469 392 86 883 -93 272 -373 -253 125 425 57 268 -407 -333 312 -192 223 359 -342 44 -495 313 -158 812 254 -74 -265 -158 -116 27 108 35 -186 -292 -119 -32 117 247 40 70 921 34 -350 250 -302 454 -757 322 -541 -291 90 -252] 3715.87
[-422 243 -11 42 -312 302 -302 106 -84 -146 513 -4 -27 -127 297 87 -858 -187 -701 -205 -189 351 281 121 -217 -71 -675 296 -447 94 -377 -193 87 337 -313 -67 10 -158 -267 364 464 -470 -456 201 -475 -10 80 -119 -925 196 434 276 -246 -138 597 3 5 -459 -325 -117 286 -13 179 -855 -306 118 233 11 -564 127 230 -17 402 52 413 -525 225 -617 512 371 -37 -102 -225 611 -463 -41 684 94 -126 378 58 26 -58 306 372 540 88 12 -495 -314 35 -147 -471 -119 -541 180 217 110 -50 491 -12 104 -65 -140 345 -845 -314 739 -357 -298 -979] 3919.47
[-473 -288 431 54 201 -8 -15 -356 -488 -345 152 493 -326 -331 -593 -155 -109 127 -141 -160 -102 -612 332 -309 56 159 29 -509 138 -28 -617 484 93 444 -139 537 -407 -256 -188 -466 -830 383 17 128 302 -134 -524 320 250 -511 -582 -138 722 170 28 37 -592 495 416 -55 241 -429 -469 -52 79 -576 561 604 124 32 47 43 -73 688 -353 -556 91 -41 -323 254 367 234 221 -149 -149 -470 -210 533 549 -12 -81 -129 419 -178 -243 173 162 532 -95 -823 529 216 258 -596 179 -235 -215 254 -54 892 753 264 -13 510 446 236 48 -885 301 -250 -58] 4084.92
[-275 611 -308 241 129 -521 117 31 237 719 453 179 221 73 773 -151 -114 -365 660 -61 188 524 583 350 371 -326 728 -242 -176 1108 -599 -202 -288 355 0 3 105 -147 -607 776 56 -84 -93 149 -375 413 -880 -330 -28 -532 610 271 -110 -496 190 -148 -101 31 -231 -171 -38 234 668 388 -151 -21 -338 186 465 -1 -52 -368 -499 99 121 -372 -126 135 -196 -791 335 -99 -458 -147 -910 158 -167 352 -35 -459 80 440 67 -420 75 -380 246 132 241 582 396 349 -104 411 130 128 -112 -490 192 353 -25 -551 160 -164 -412 37 -662 -386 -272 -505 -419] 4149.18
[104 14 4 395 -715 684 697 -60 550 -17 -338 31 424 -106 -373 335 783 -282 54 -265 -191 -655 -181 272 107 -257 226 -560 1017 -247 169 -215 126 208 173 278 -505 -101 295 -160 -1343 -808 435 -321 364 51 -9 -429 585 -551 618 407 -227 541 378 225 178 523 -39 407 -553 184 128 -435 320 170 -8 -242 -274 -319 -259 38 -416 452 -648 -882 298 122 -1251 -618 -337 -117 672 -501 465 -170 496 613 110 -73 -10 228 -116 -803 -132 -295 448 1024 -479 291 178 -45 276 -133 -437 -427 -36 330 160 372 321 -194 267 -144 26 192 435 203 669 -135 243] 4664.89
[-11 608 -232 32 -138 853 -365 329 852 90 -341 207 487 -304 -265 -236 187 197 -917 750 422 239 -271 -891 -25 370 335 -42 -87 471 -239 -132 138 -112 -21 -501 341 412 -182 -116 -219 303 -146 -147 -738 526 155 181 207 320 161 552 -461 360 174 -696 108 -10 -531 112 -688 802 -214 -612 -409 -154 341 -739 437 -178 217 -417 -237 -591 40 -257 -170 53 -108 205 1121 -42 -281 -679 98 -371 173 -343 39 -10 109 -337 432 364 -105 157 168 -27 -215 -274 -730 616 -413 -127 217 -62 313 143 502 -209 407 653 130 149 -384 44 -279 516 -771 286 -262] 4331.67
[-329 138 300 -157 -433 42 140 -272 -325 263 85 1078 -761 238 -714 -4 218 -242 -214 -251 16 -508 -92 -535 239 450 281 317 359 -316 -476 276 302 30 105 -168 -32 302 436 -590 -323 -80 -309 130 576 -935 94 -394 307 -225 141 -76 -136 91 -389 -177 -553 -182 48 369 162 -161 213 341 -169 -374 -65 37 -166 -296 -147 710 515 -173 -12 -77 747 -445 134 746 -523 66 6 -65 -79 -344 -131 -256 30 39 -71 -94 717 -95 -100 498 393 182 -135 -95 146 -121 -141 125 -348 -582 354 567 -415 860 -286 -328 -409 154 72 -13 856 -676 331 -117 -242] 3971.71
[217 -110 83 -266 93 -619 89 218 611 118 -122 -440 375 -63 211 -13 531 -235 169 -40 -59 113 0 502 -491 -498 150 -50 172 191 218 -515 -114 32 -143 -405 -632 -391 -86 237 125 55 111 -735 -319 518 108 355 330 -704 82 78 -405 226 414 -13 -423 310 -35 -129 -112 337 -43 -66 282 168 -698 -150 370 -148 -621 -780 -629 0 145 194 51 329 -205 -246 -682 253 -210 206 -348 100 -555 110 259 381 -817 358 -476 -99 -368 -823 -176 559 -129 683 -241 415 268 574 58 221 879 -752 44 -568 -179 -93 -61 -142 -237 520 343 465 206 -39 252] 3973.36
[638 -387 -409 75 174 -177 -213 552 232 -330 -54 -89 148 -530 502 264 -197 690 79 905 -162 -38 -101 447 -74 -24 4 -35 -638 128 -19 -90 120 -281 -802 -504 -252 552 -232 222 940 371 17 49 -103 626 131 377 -209 432 219 -458 -142 121 161 472 527 -68 132 26 124 366 329 -272 -318 496 -434 -806 -13 -155 228 -584 -230 -20 402 473 -552 1108 65 -48 438 209 100 466 560 712 88 -746 -327 230 383 7 193 256 -315 -114 -124 -514 579 -55 31 -523 -521 416 -62 6 247 -88 -666 -558 -533 14 149 -364 -160 172 -382 947 -294 -218 507] 4295.22
[-59 -809 -457 996 47 52 228 -287 -599 243 -70 896 79 382 27 60 471 -202 -13 -102 76 -40 -561 383 -201 -28 106 -474 202 60 1103 -472 -38 -589 98 246 469 -291 479 -454 -94 428 -292 -123 382 -443 -46 -74 205 431 -409 -356 216 357 -353 125 -162 492 -764 178 360 416 490 256 70 -257 50 486 73 -118 -3 663 707 -510 259 14 87 286 203 251 -153 -19 76 -38 593 888 -105 -45 -89 -360 503 -488 318 -378 -112 -587 -181 -67 68 -314 36 514 167 -108 166 -621 -653 144 -1 -258 -114 -277 565 634 575 366 364 99 -263 418 281] 4162.74
[-218 160 162 -992 -30 -430 -204 404 70 249 248 -194 112 34 442 -116 -672 286 -94 88 19 -212 343 -493 -485 257 552 145 15 -267 -373 376 -413 -143 -394 -655 -475 -100 -77 -315 141 -73 -77 -97 170 141 116 391 127 -361 41 -477 -239 -467 546 156 74 -38 54 -901 47 -278 -15 -149 -427 -112 394 -76 -616 -565 27 -159 -200 265 -312 -199 -173 -117 191 -431 232 -444 -43 -220 159 -228 683 -74 226 281 70 302 -48 159 222 376 166 -62 146 13 128 -648 -161 267 -265 225 -166 194 34 -274 -183 565 -142 -626 -215 -623 187 -772 164 -35 -206] 3564.26
[271 -14 -164 310 285 912 407 -598 -234 -22 121 -349 3 -162 -377 -431 47 -1043 638 344 -232 549 -484 442 320 450 241 372 -516 222 26 -227 -749 -199 148 290 502 215 -323 233 -61 -265 332 740 11 241 -459 -107 -67 147 -512 293 497 309 27 -302 21 -98 -323 -21 -175 139 323 697 725 -338 -193 -93 449 625 59 -612 -650 -420 -578 738 146 -198 -323 791 -466 351 -22 -400 -239 181 -575 112 -342 -637 -420 -363 203 42 32 -120 -54 646 -313 449 387 -55 665 -326 322 390 -242 -44 54 -576 339 -476 -28 188 135 357 -999 -170 308 -225 166] 4327.79
[734 -91 110 -457 -212 855 -17 624 352 253 84 273 -22 -615 -282 -338 474 -365 88 -342 -184 -190 -264 -997 -224 416 644 -603 723 -248 -585 528 -474 45 253 -394 -281 -689 45 -510 -406 -1 166 491 216 22 -167 181 779 -461 -837 -423 -168 288 312 66 385 -14 500 -530 -920 -261 604 -79 -536 -185 303 26 -333 232 -565 369 -467 316 -472 -612 144 43 -694 -107 255 -530 120 -590 -442 -661 167 147 197 -105 37 208 640 453 -208 -41 -4 585 389 234 -152 103 879 61 -128 431 -100 190 587 132 20 433 157 -207 -412 -228 -28 -759 995 94 84] 4573.44
[-553 84 -1 -560 -579 235 546 604 -239 1158 -85 511 -86 469 467 402 -84 240 230 -265 388 -252 518 -1453 -10 -1199 195 -180 506 -31 656 -57 -627 -330 292 -428 -578 -923 -68 -439 1 -230 302 -201 -439 -710 375 -618 453 -415 210 -129 -53 -75 -776 208 367 -409 -105 220 -337 -379 326 148 355 -259 -472 170 -763 -665 -1182 773 108 448 408 -148 765 -497 -328 -432 -213 23 68 381 -619 -81 -95 83 509 680 17 273 -595 -797 267 376 404 -422 -256 -171 139 109 430 -36 -279 -223 -103 47 262 -452 -601 370 -677 304 -324 629 43 80 80 233 -667] 5005.06
[398 -318 -239 455 -586 250 -63 724 -365 -132 -301 783 45 -1049 -24 -266 369 44 868 -288 254 180 -461 909 374 -510 -545 -792 -637 404 -451 -730 263 157 59 519 -536 450 -146 543 -223 -196 -425 -518 85 -59 40 -219 157 -312 -666 -373 -45 -722 530 -171 713 69 -131 771 -61 151 480 -88 -34 1146 -727 -502 -216 593 611 242 204 557 15 -485 189 1139 -292 229 395 -318 255 200 215 347 230 -502 228 285 197 -250 440 201 -842 -288 -123 40 238 184 -432 404 -233 57 -375 -204 464 -253 -242 324 -525 -149 598 -127 62 -307 -71 439 -268 105 290] 4719.59
[145 1 -112 -805 207 112 110 60 246 135 254 207 -2 363 -901 151 269 -162 -709 341 -270 -462 -578 302 -527 855 998 -253 558 316 347 522 -99 457 -133 -868 -453 -353 398 -724 -860 255 -132 -259 784 -309 -24 483 437 49 -132 -19 192 184 -482 166 -204 -257 632 -696 8 86 -380 -371 -174 -368 1116 27 -48 -715 -403 734 303 241 -651 -388 422 -147 -259 -672 527 -48 -194 -737 667 -23 352 -941 -545 -35 151 -62 369 -357 -136 169 -709 307 96 -265 -114 -184 222 -77 -391 158 -457 221 169 115 -154 297 -119 487 327 222 400 -53 673 -384 304] 4638.59
[69 -290 75 -38 170 402 315 -485 337 -53 -91 142 -229 630 -81 -452 576 -563 -90 49 -665 -339 -503 -115 -40 148 -11 348 644 208 30 482 -309 -236 769 -508 559 -757 457 -190 34 -229 499 700 318 531 153 -14 85 360 -848 87 202 369 170 93 -704 -233 585 -131 196 -781 -216 857 514 -781 -332 -176 529 749 -409 -246 -199 -295 -681 82 33 60 352 209 -842 92 428 127 -1062 83 -44 144 -201 -745 446 -117 234 643 82 79 327 590 432 80 201 -558 375 -71 660 -177 -326 844 510 -164 -488 -828 -278 156 42 161 -55 -300 872 79 307] 4629.61
[-216 410 -98 0 -196 80 -50 -155 -204 497 229 70 425 -632 -371 -455 -984 -309 -43 280 -100 402 -92 472 -529 418 605 -246 -272 -84 569 -268 -1377 609 645 42 138 -327 -478 129 -77 -78 -221 -92 -268 220 -388 432 295 207 -306 54 -72 -387 -169 -43 566 -180 281 -361 197 543 -396 535 63 209 494 775 -49 -453 266 -42 297 -684 -516 460 159 -444 386 52 296 30 -356 -138 107 54 440 -453 -40 -667 78 -244 -92 -289 -51 361 -223 101 -326 224 -649 338 202 -380 -279 -9 -108 -153 338 -665 331 49 254 107 -619 95 -604 181 -244 -195 557] 4094.03
[-639 -31 -399 -472 -46 -193 370 411 17 -438 -126 722 268 596 -43 -1 204 -58 24 -499 -212 108 -184 -127 -106 425 310 366 525 -227 -450 486 153 -395 537 -64 229 353 43 113 -398 271 13 -630 222 265 58 62 630 -245 -459 -73 -218 78 551 -85 -725 1119 23 512 40 260 -264 103 -485 224 429 686 197 613 239 -159 -2 -684 -417 124 118 -671 448 630 339 -554 -12 -587 -105 -159 330 -352 218 -178 237 -354 697 -117 -714 -282 207 363 -167 508 286 297 -327 153 -290 -620 489 716 592 -40 143 -348 246 53 426 -105 146 -292 -123 399 49] 4133.41
[-107 -284 -169 79 266 -768 -641 -817 -201 892 -356 476 -431 -88 384 -132 62 -394 347 -483 679 409 -173 -232 644 528 694 -427 182 307 541 245 -69 -103 413 -270 11 110 501 52 114 794 31 -404 -109 -613 276 -369 -81 -208 -296 -588 -879 -1 134 -337 -347 -522 -1204 -103 298 -424 679 -139 -461 -168 -127 -765 167 366 -173 38 645 -694 544 -96 -548 263 252 -633 377 -176 -981 173 -123 -722 -152 -1211 16 -614 -82 -477 1024 -30 -96 -556 -689 -802 1228 188 -302 174 91 -97 -436 429 -339 -649 -193 -47 -115 98 127 247 198 -468 237 -1087 -342 233 41] 5114.62
[380 -778 -86 -537 -169 -19 -662 898 509 -336 -334 230 582 -535 410 -276 -110 661 -134 412 621 -166 -577 365 -155 372 293 -68 119 319 -799 -102 -208 -479 -144 -501 -176 284 -3 -147 421 245 -186 -613 -192 754 184 484 80 -171 -331 -104 152 -221 407 152 60 486 -167 473 -489 -197 305 -56 233 107 -1254 -820 183 55 -627 -641 -388 29 578 -310 42 928 -187 711 224 451 35 239 -360 40 -203 -608 237 -111 335 -402 899 91 -515 -68 159 60 474 172 -272 198 -152 848 97 -663 721 -295 180 -354 -613 436 20 -494 -48 -285 102 -383 557 477 750] 4654.19
[381 -12 48 645 -727 1241 -201 577 218 137 -284 697 321 -230 243 -503 321 205 202 234 298 355 -184 -1519 652 -1330 -827 -61 82 371 -553 -134 485 261 97 -198 96 441 75 -413 270 -537 -163 36 293 -531 406 -1027 -127 -283 122 -170 438 -331 -617 -317 693 309 -32 1363 -78 -221 133 -307 -27 118 -130 -367 311 -19 146 931 -23 626 364 322 196 287 -1072 896 508 -165 22 12 125 58 -135 451 99 630 -77 -110 -270 -198 -341 243 -187 -521 -999 -456 44 721 32 -331 128 -182 938 269 135 399 709 309 249 31 470 -378 -1 217 -50 -79 -705] 5145.7
[-347 -393 300 744 538 -935 -20 274 10 -373 -534 -372 -212 23 163 -192 -161 -476 -631 -469 -68 -23 726 -40 156 45 490 -539 -727 -577 -15 -662 431 34 -485 491 -631 645 28 473 955 425 -374 -532 -149 376 -467 517 125 596 -100 56 -247 600 178 108 -525 881 -90 -469 244 624 146 -22 -421 -469 730 -103 290 -124 262 -944 -90 69 37 -415 -621 252 -571 -276 281 -304 40 -20 659 575 173 704 -3 -16 158 -3 326 515 -39 -30 -36 370 -474 -49 404 -33 -767 -176 395 -450 -528 401 3 289 265 -469 649 -190 412 395 -185 290 -596 -189 -43] 4590.37
[645 -169 -150 88 -345 241 323 62 -399 682 553 543 301 768 497 56 883 -219 366 341 159 -115 -495 673 -15 151 140 735 461 1017 264 -305 -325 97 76 -1163 864 39 307 28 -294 -551 46 -302 483 -240 626 -275 171 -390 462 -374 116 -340 -350 79 -183 -166 -766 577 -74 -134 768 556 589 386 -641 421 610 437 -388 475 -292 -391 -177 503 103 407 -398 -340 -273 -711 -59 208 -870 -358 404 -212 -240 301 596 -115 -52 -906 96 -689 -505 -275 497 505 -347 709 265 938 -27 -425 -186 97 199 -362 -1141 -800 216 292 504 -445 -256 456 336 -30 416] 5040.27
[675 -411 74 -395 158 -120 -143 756 -83 -580 376 -700 -471 185 45 -332 178 -37 121 139 9 1007 -130 -840 -189 505 -63 756 -244 -288 -198 1 -508 401 -144 -559 227 -341 -413 -550 716 345 14 672 162 244 480 -187 -278 217 -676 -487 520 -657 -53 198 -282 443 164 -559 -107 -680 -194 123 82 249 289 -408 49 396 -195 -309 -18 -269 -171 770 -67 -530 1123 297 -210 71 -37 -1 -78 148 -511 -196 -536 -370 -33 69 352 451 532 943 205 65 -653 235 255 -381 409 718 58 411 571 104 165 -1079 231 368 -61 -794 -320 -868 169 -732 78 241 -410] 4689.29
[524 -41 -227 -285 87 197 313 -137 -96 -430 298 -630 -152 241 -294 -334 3 -99 -192 -490 495 199 401 -210 188 688 250 898 137 521 -645 -105 686 -126 -32 -672 1027 -7 -122 558 803 -237 -110 519 -395 186 46 37 -200 1045 -591 158 -357 527 505 -244 -251 13 226 -673 -638 163 347 692 3 143 21 562 384 125 64 -311 -2 -580 -325 -496 -434 -536 59 537 -233 -340 -540 792 -596 -944 80 509 87 -871 350 386 398 1141 92 -307 253 109 745 510 -493 -115 254 95 639 405 -96 118 752 551 -767 -569 276 59 252 -456 -155 -76 46 674 9] 4839.14
[94 654 -176 194 124 -725 24 309 -49 455 -373 278 406 -536 77 -105 480 -29 327 -352 295 238 363 751 -29 563 244 -969 735 359 268 392 -249 282 -244 406 549 -421 164 164 59 395 192 -1115 -142 -132 987 518 118 171 -236 582 -598 789 -225 -209 294 -178 -237 96 -392 295 -540 573 -68 -451 105 688 890 608 -377 -111 127 -201 190 375 -360 -136 -29 -132 300 -359 -67 200 385 -184 193 62 33 -283 260 -460 462 -87 -392 204 553 -235 -443 452 45 155 696 -324 -289 -486 269 11 -295 -402 119 -1012 -80 18 333 405 -286 38 -278 -43 228] 4352.85
[-146 485 126 208 679 -892 -209 -147 -294 297 1 -126 -378 962 271 -274 -285 -77 670 -109 226 1432 358 481 971 -263 -44 574 -163 -491 808 -1 -123 598 253 -294 -55 1078 -292 615 21 -112 187 -744 248 -445 653 -106 -27 803 -381 -251 441 416 -694 -147 -1036 228 -555 565 -10 -905 -60 1255 878 -461 -474 -211 54 764 -347 4 610 -712 -427 859 -120 -1150 855 294 168 606 -792 251 37 461 -704 -130 -106 -794 36 -496 7 -99 -45 -92 62 -192 -384 -67 536 221 494 108 293 110 -76 -198 -567 -688 441 -700 -340 211 1232 -49 -480 -476 -263 -103 -495] 5580.94
[-344 796 422 -550 243 -372 -154 438 214 -238 509 -663 441 -90 -272 -233 -244 572 -537 4 311 -26 121 -31 687 989 78 824 -913 -196 -976 -653 589 -452 -380 -51 -490 1616 761 610 593 197 -799 -227 -304 29 2 -154 -94 -556 114 46 389 -410 13 -157 -358 1084 -14 242 -86 1263 384 -86 -177 485 586 388 360 -1 641 -1144 -377 71 -60 280 -556 598 -417 -352 -162 -462 69 -1369 -73 -711 -154 294 110 503 -255 1019 246 -395 392 -35 -341 155 -602 722 -473 150 -911 324 305 -1219 148 329 75 -55 112 300 120 -532 -153 -730 -112 -45 -383 -100 432] 5564.78
[205 652 -583 -870 -473 -249 -365 302 13 340 471 198 369 -724 409 -515 -1215 -701 710 248 47 653 438 631 -553 865 616 861 307 -762 -262 615 -1208 -38 -544 214 421 -730 -59 454 227 397 39 167 -645 310 -656 465 -247 -664 37 362 -362 130 963 -58 354 -7 -226 -143 -524 -27 461 -263 -259 906 -334 51 25 250 138 -378 -271 -828 256 -399 483 206 698 1192 -446 263 54 298 -276 -258 281 -470 424 -229 307 -262 700 -242 369 441 397 -473 -225 643 318 -275 -178 -387 -368 88 487 -77 29 -125 47 632 -298 -460 -256 -481 -50 -586 183 676 -814] 5249.2
[212 673 247 158 496 -223 714 -137 -360 128 -388 -356 -368 1159 -378 100 -230 -58 -248 13 -250 163 242 -622 307 400 173 613 396 232 399 208 679 -420 124 329 423 -534 -205 -77 -821 35 126 -125 464 38 21 180 474 6 630 1038 194 249 -197 -673 -519 -313 -83 -424 -347 -465 -145 -659 561 -604 -496 -123 418 -236 -29 554 -381 -400 -646 -14 302 -38 255 283 72 86 840 -398 -149 201 -205 660 870 352 362 -288 -122 212 539 400 326 -213 107 -533 658 -264 -500 -471 -5 237 -417 179 316 403 -55 -580 -600 798 -77 523 194 377 -256 303 -1222] 4680.57
[1073 -49 366 878 457 86 -328 150 241 -492 451 -244 -107 1 -13 515 421 432 -382 113 -346 463 -438 101 162 -278 -1058 525 362 -128 455 362 495 122 -899 211 254 131 478 12 283 636 -304 1271 -616 218 -584 -344 -586 141 -354 -231 22 305 -326 -94 -205 -141 412 356 313 -210 122 91 138 -19 -635 -313 -427 -94 268 549 64 -501 514 135 -252 631 792 263 1 182 -81 564 -393 378 90 -585 -539 197 -226 826 -112 -270 -284 -613 -687 -496 -453 -307 -206 26 -91 226 983 238 225 -503 -449 -238 -103 946 -268 372 -372 -178 477 23 -239 -273 231] 4675.22
[177 -191 688 -147 -83 -378 -8 -67 174 -1143 360 -385 -438 -83 -135 291 -436 372 -165 -315 -660 -531 561 389 186 -19 -320 -180 -75 -921 -769 492 304 444 78 476 -607 109 35 239 52 -303 171 -265 -7 -329 -429 367 145 -121 23 772 -52 449 257 512 -395 -59 868 770 325 28 -263 -673 -104 -257 404 569 -463 -48 -97 400 270 190 337 -757 -384 -582 -163 -142 478 210 593 531 -433 6 -230 626 8 367 226 248 52 409 -505 1 162 583 89 93 -63 -74 -424 -673 40 303 210 -284 -287 1079 192 -947 700 419 -515 243 615 -252 501 -595 53] 4578.4
[-784 250 -512 362 -414 -86 -156 286 1044 20 426 754 -324 353 283 517 -112 1259 671 864 72 -443 125 64 519 -1038 127 -1199 -706 670 -42 -491 -118 330 203 -819 -608 737 54 197 -310 -33 669 0 0 -688 -45 -167 925 -384 -43 -464 -136 -73 -31 362 -53 -404 153 1006 285 139 -89 93 -392 -279 -56 -914 -163 342 92 186 -18 -275 147 0 -74 857 -655 359 1132 -414 -859 -48 -581 823 -184 104 322 407 -618 74 44 -212 -1101 -696 166 -284 157 -492 1 700 6 427 705 351 -41 381 -751 210 -515 -297 -44 323 127 1223 -254 116 -331 118 191] 5408.1
[-358 -181 501 811 167 -528 348 267 641 375 -214 737 417 392 434 89 -484 -129 -528 254 -452 -580 121 -128 427 -101 108 39 292 172 -642 461 -389 -277 258 492 798 -1071 191 214 -100 -291 281 303 122 67 -297 -207 155 -708 368 53 24 553 509 -508 -344 -53 957 528 279 -525 -351 -198 404 -352 -662 -310 735 425 57 -454 -401 -355 -24 -450 9 232 306 1322 -534 445 518 303 -566 437 938 748 457 367 1207 -234 -432 -123 88 189 248 561 -557 464 273 -178 -193 43 -359 111 115 197 114 173 620 -279 -531 261 -414 -76 166 360 224 96 -784] 4859.7
[295 -712 1068 773 -43 532 79 -818 -949 1182 -190 -128 378 -280 826 167 -1289 80 -309 -82 -214 -62 359 -439 56 -151 779 -724 -136 -26 782 -296 -1061 318 329 -257 619 -500 457 -46 -136 -129 382 382 -183 -129 -614 -68 313 -305 284 -912 385 152 454 -408 599 422 -102 394 988 620 -208 -173 120 -722 688 231 16 40 -239 -7 -141 -141 445 504 -387 -291 -362 579 582 106 -531 211 -152 10 881 166 -134 141 -355 -20 182 -624 -92 -308 -485 -199 -579 -4 -317 125 1200 -630 -19 191 -326 210 334 -624 791 645 87 -184 333 202 -1198 192 274 -13 60] 5284.18
[629 -538 567 400 158 -109 77 1654 854 -688 -229 -363 486 562 542 330 255 1747 -330 703 265 204 -586 -340 271 234 193 -642 479 57 -232 501 737 214 -96 281 483 -79 -242 -235 76 186 504 135 158 183 136 336 225 299 123 276 1127 179 77 448 346 435 813 621 -437 266 -211 -926 -158 90 -624 -91 53 -215 -315 189 -554 77 536 313 154 342 -318 760 1263 349 882 -535 372 910 -359 -32 403 1199 386 -831 285 144 -289 -286 -245 221 336 -121 -327 -8 374 573 163 169 513 -881 -628 -63 742 -63 301 -279 -265 203 11 778 -373 -384 247] 5503.95
[505 700 11 -687 229 767 -88 -181 -232 -256 -124 369 -390 -757 52 307 794 -102 445 -147 -229 271 487 232 -523 -292 -747 348 197 -281 -87 -3 45 636 -538 21 123 527 27 779 -336 541 -426 -373 -577 -281 137 17 -407 852 -236 -96 541 706 -644 333 -190 -549 -31 -25 -489 318 148 533 630 889 585 106 50 740 328 1177 418 294 465 -612 488 -431 820 -364 255 482 -1023 407 364 68 -453 65 -904 -453 210 468 -107 57 -48 -7 736 -886 240 38 -117 247 140 -48 621 279 -736 238 -981 122 -806 -342 235 396 136 342 439 424 -159 -43 -500] 5054.97
[-956 -266 94 -465 180 -346 -504 282 281 333 -89 484 -215 -412 -14 -296 -901 -242 -639 30 178 -112 -1005 291 -386 257 -237 -478 -1069 424 -181 -668 -550 -104 400 150 -598 -2 -135 -139 118 -351 -408 -777 871 -88 250 1187 689 255 -504 -251 438 -440 150 -71 -283 68 -584 -159 460 632 163 -161 -722 -833 -610 -586 -522 1020 -63 -960 100 -210 -232 280 -196 -38 -207 387 -1105 103 181 -406 -369 740 434 -277 -73 746 -338 236 -441 -56 -106 -323 -583 455 -181 87 -529 532 443 421 -177 154 143 -760 9 -847 316 507 79 -84 112 -420 -579 607 16 285 702] 5129.69
[199 717 -68 -38 -100 -243 -376 491 -626 451 372 -178 529 -236 -187 546 -694 685 -744 -124 60 536 -99 520 413 336 386 -340 234 691 870 -45 588 519 -571 -82 -734 478 715 61 34 758 -338 107 -131 -65 485 -466 -197 -200 -376 -249 -612 207 279 -660 -92 -410 328 -594 503 -106 -867 -333 -571 -10 993 38 -172 -214 500 141 286 341 -54 -971 132 -303 521 -11 356 -512 -617 -207 52 -886 356 30 563 813 -1278 144 937 -692 277 -575 -1111 -74 -729 278 -84 -301 254 -615 -585 -258 34 5 -163 211 237 1090 -406 298 1201 -409 168 25 -497 -873 -697] 5437.48
[471 60 54 -411 125 7 -180 -100 -921 715 573 9 241 426 -220 -1266 -522 -785 -540 105 -267 632 172 -426 -563 69 783 978 954 528 289 733 -43 557 -391 -580 -574 -45 348 -608 808 291 -345 -86 140 96 -217 -34 -836 -32 -306 723 92 -268 -452 347 -270 -309 121 283 558 26 791 -516 -467 358 1206 328 -148 -1049 -285 820 330 -313 -279 -323 91 -446 -73 -122 112 -318 -594 -69 817 -287 121 -269 -657 36 20 319 1079 -308 611 585 -951 -811 -146 18 -360 -27 -673 102 -352 -563 35 1052 -196 27 186 316 1228 -8 314 -689 506 -1041 -4 114 -656] 5598.56
[303 219 -632 267 421 -53 374 793 249 183 542 53 -323 872 86 246 -1000 -100 275 122 -629 510 -44 -958 42 -491 -36 524 -338 -98 -18 382 -480 -194 263 -317 36 -322 -113 513 362 62 105 -23 -35 559 -489 -533 460 -193 -244 -434 -427 -31 342 -751 -76 -380 204 -531 -18 -446 529 442 -58 305 -1110 -99 227 95 -32 -49 -660 -705 -187 415 415 -109 1121 755 338 512 -130 -352 -1023 232 -166 8 336 294 347 -488 -403 -52 -33 -631 -91 152 290 28 518 375 219 733 -383 629 -379 -413 533 -600 143 62 -534 317 -63 128 -142 243 80 209 -760] 4661.38
[-350 167 -278 -429 77 -698 254 -103 -902 -51 721 -695 -139 366 542 768 -130 561 133 -331 259 147 874 -474 -131 -349 244 -73 -101 414 644 237 -339 -222 -469 -81 -158 -140 -465 -716 80 -625 105 -543 478 -757 600 224 548 -525 1166 -6 -518 -998 -407 297 -1 67 -752 -262 375 -588 119 -223 158 200 606 -205 -1081 -137 435 401 174 -642 104 391 -248 -667 -161 -984 80 -1030 -295 -88 375 -850 289 1093 409 1220 -345 724 -992 -1293 214 -461 -232 -891 -94 -46 120 1109 38 560 -389 893 -132 -891 75 17 -122 21 -82 190 237 -124 122 -150 -475 645 -398] 5633.44
[-496 374 -59 -611 576 -647 431 692 472 224 -107 786 -216 896 -319 -316 -256 -187 -847 -398 123 54 -256 -704 272 -223 42 277 146 -559 92 328 512 -222 206 -451 -159 1359 222 91 519 439 -330 -84 316 -698 237 -58 94 1043 -528 -15 842 -62 -1039 -323 -577 83 1062 -29 258 -128 -35 609 -330 93 -176 458 -71 184 -175 79 129 75 -21 -73 416 -755 63 393 -318 500 32 -132 226 445 -1024 -199 384 843 -113 -198 -226 593 324 -597 -633 -168 974 -112 -359 69 54 187 149 -250 -790 -224 -269 896 716 264 -789 25 554 -75 -52 490 565 96 -28] 5037.52
[-460 -787 532 489 248 -700 -291 -411 -568 49 300 724 -449 -118 -149 248 -504 -134 -370 -905 132 43 -145 490 -1299 271 309 -60 -793 866 -637 -657 -190 275 -717 -379 398 -880 -344 4 -619 687 -1299 -491 349 159 -773 296 634 187 63 -351 -187 -337 241 261 -234 675 -207 -479 528 1444 775 -343 -363 -818 708 -385 -329 -1041 -452 -197 -4 514 483 -120 166 202 -34 122 -31 518 -734 144 262 104 -584 -617 -669 -247 -332 784 993 945 19 242 180 130 -6 -388 200 766 -3 495 497 -536 103 95 46 774 -132 226 281 -222 -164 243 -584 -126 227 426 168] 5525.58
[571 39 1138 -301 -115 693 -69 1122 1090 -223 -835 196 109 637 37 -282 336 -134 -551 -197 187 35 329 -1225 -861 -1017 27 591 1051 -741 114 680 -31 -40 416 -385 -156 -222 340 -476 -201 105 73 -29 -358 503 -598 -153 -44 880 -57 -105 35 721 45 -194 -198 235 1381 136 -295 64 -408 268 60 -330 -201 -774 -399 -873 -465 338 -272 412 15 8 360 -578 -340 661 -364 720 1015 -742 998 263 -334 557 306 430 -279 -66 296 904 -101 446 444 -148 -143 -435 227 -178 539 -297 159 -295 1002 1077 -59 -210 639 -166 -278 -209 199 346 -255 283 111 202 -922] 5568.83
[472 112 17 754 -250 -492 589 29 -113 -381 -124 -217 -135 -417 -946 -516 -56 864 407 -182 372 -566 887 151 -281 -371 -602 39 -142 1440 115 -475 25 852 -216 5 -456 -436 -947 -34 -89 195 242 -762 -239 615 136 86 -497 -82 -46 655 -760 -888 -385 -915 -255 -225 -600 572 -1 -562 -613 692 507 496 -1241 -128 478 -400 682 -92 34 -334 -379 156 -212 57 712 214 -11 736 -163 756 -301 47 69 -377 -38 -462 -288 995 -214 222 -667 58 760 -331 -152 295 -234 383 -313 747 394 578 988 -524 128 -210 166 -354 -371 -335 -619 -175 366 -602 -355 1048 540] 5448.25
[-173 20 386 -180 148 -112 -101 411 -44 82 -169 -529 -537 419 -171 244 184 445 -55 -156 159 718 -299 -477 334 -706 -13 371 -683 -727 -84 321 1206 -614 96 -170 279 397 -290 255 546 -729 165 816 -353 -254 -55 -290 -329 834 594 -344 -284 -155 235 -219 1193 -965 1101 9 36 -229 117 107 -458 342 -748 -788 -794 -720 -263 -20 170 52 -161 674 96 -441 399 165 -225 -420 123 -15 410 154 368 236 -331 561 -180 385 -700 979 -17 653 -225 -357 654 -482 -810 -245 -123 208 -329 545 362 -240 -480 -95 -17 140 -410 -821 -482 -59 -149 607 -94 -277 -397] 4935.27
[459 853 -233 -336 -240 367 -390 408 442 -195 -286 364 425 -631 -261 206 606 -204 -111 294 111 66 -248 115 -553 142 -726 350 387 236 -299 212 856 841 -745 -685 -409 649 62 2 -218 7 8 -395 253 300 336 478 103 -128 -422 -676 247 -100 -121 -176 -322 82 434 -772 -107 -297 -353 -688 69 896 68 -348 310 -269 648 356 110 840 -601 -150 138 340 107 -718 193 -265 -286 534 858 -180 1323 -1016 4 474 209 74 -562 -339 -408 42 -364 221 -423 143 -364 -288 -5 760 -73 600 247 -157 -754 -124 -597 593 -52 150 560 -396 247 1061 -178 -1035 -33] 4980.69
[-215 -484 -783 -314 264 -1012 -244 71 365 -381 -472 249 -422 802 346 -24 -724 212 -746 -68 216 -335 -379 176 484 -118 184 349 -25 1088 -12 -197 -258 384 -325 -71 -173 6 -457 -20 222 403 323 -613 1009 -98 394 -212 -173 -340 -9 324 753 -670 -366 96 -649 -387 -773 -264 118 -320 -356 -293 -50 -241 -622 153 95 470 -246 385 -252 86 123 39 155 439 168 932 394 185 -76 270 -1032 543 -533 -837 399 91 13 -1235 -46 53 -161 -548 -921 -297 820 -218 262 157 -395 570 -550 319 -89 -485 777 504 -262 349 -436 476 569 205 159 -283 -244 217 92] 4887.03
[-553 -278 -1223 -345 -351 -311 529 110 -25 179 -153 406 46 106 50 -502 -27 -385 820 35 381 -183 -519 368 -34 -891 515 133 288 1184 101 503 -637 -754 -16 -605 -207 -302 123 -143 476 -589 286 -505 596 -313 -50 -379 -171 -59 -801 -496 347 -481 328 -164 433 13 65 -320 552 -808 -325 500 97 424 299 -128 14 -270 120 -96 114 -35 -567 -187 -434 -120 -163 356 -156 -285 -249 221 939 348 74 377 213 -317 333 -34 244 -781 -722 -264 171 -181 137 845 421 -530 629 -452 -655 72 -138 597 205 -389 -652 -300 -95 229 598 22 83 -875 360 88 -650] 4731.9
[556 -249 301 313 50 340 271 15 0 -49 -278 -962 -177 -890 -235 -270 -563 -438 295 -121 -172 -113 296 116 67 764 131 -140 -326 161 -616 -269 175 382 728 332 439 -269 773 131 1095 -485 -784 522 -199 -415 -305 -944 -1310 -257 -34 386 -167 -88 191 -99 481 -688 795 -301 -120 -184 10 -527 52 29 -160 -58 650 -274 341 72 315 -221 104 -12 -168 901 -230 199 -233 -193 -871 656 208 10 242 -409 -286 -420 -81 -184 -566 829 264 290 -268 -477 234 169 203 -1209 -810 -240 421 124 411 138 449 102 -652 -762 482 -214 -842 -345 737 -490 -31 -176 400] 4968.33
[170 -630 615 -548 189 510 -372 186 -157 -802 -699 18 -289 350 -237 -223 546 -843 -326 521 -315 -786 -733 -1209 554 -453 -625 310 -249 -395 -577 620 769 -583 4 404 -434 1019 159 -721 395 -260 726 247 592 -248 620 26 244 530 23 -202 716 834 -694 322 -27 288 366 768 -121 -595 -299 -430 83 -521 -189 -396 433 1135 -24 99 -430 1164 -422 -286 -138 -376 -553 431 -325 814 342 109 297 431 -749 571 -96 332 475 -266 -492 860 129 68 -237 -154 44 -740 -252 -824 -496 -224 -394 7 -181 858 -465 469 514 567 495 443 -109 -1 800 -538 697 361 -95] 5539.56
[-1012 187 -200 719 -690 458 176 -1066 -944 158 150 -276 -302 -153 -295 74 34 -412 429 -155 502 77 46 -134 201 -615 -234 287 -1401 -578 -87 -309 605 110 253 867 716 564 35 206 65 -999 380 472 339 -974 -745 -1067 54 -1 601 -300 -572 -459 -515 -693 31 -114 284 800 720 246 -938 596 -591 -17 842 25 -402 8 887 142 91 144 -94 124 138 -843 -274 663 -679 30 -13 299 512 -484 -67 182 -460 539 -775 -291 -904 -168 79 105 16 104 -270 3 -560 580 -1 -863 -8 465 -34 -99 280 528 506 254 386 -39 273 526 72 406 -107 -546 47] 5349.1
[425 -456 -398 -136 524 304 217 -484 -209 158 -560 63 107 -344 133 848 641 -199 -952 -169 -327 409 130 -74 -158 287 -139 206 948 281 650 325 -76 -549 -155 903 -210 432 -533 254 -249 288 647 -746 -219 545 1138 11 302 -70 779 1074 18 1044 -62 439 -246 -473 -959 78 -310 39 344 -1328 988 546 -403 -982 -1155 -11 -732 -315 44 -480 589 251 60 -710 398 124 -101 392 -219 460 1060 -1081 176 -322 -266 216 -186 -592 101 -135 -109 -291 -253 -69 -127 701 -107 -305 -336 1007 -503 168 133 -300 -236 -609 155 -34 -35 688 -168 25 -100 790 -893 234 -170] 5520.96
[609 173 -530 569 336 -750 -164 -111 243 45 104 -894 -212 -509 435 220 -88 500 401 -218 270 363 311 -392 279 392 396 -370 401 -220 -374 216 -18 163 -616 1027 -790 -1640 -92 34 759 314 654 320 412 239 -847 -253 285 -480 4 -143 -298 477 -293 -27 588 343 610 -73 -488 181 383 605 259 -131 -212 -513 -598 384 54 498 -412 512 385 -864 -128 256 616 -82 53 -92 -138 33 -112 -390 -258 166 -373 -346 767 440 175 -220 -58 -15 272 40 -871 640 674 354 696 183 1 886 -261 -891 -23 -169 263 468 -270 -518 -329 -286 152 -736 21 432 -283] 4935.3
[-408 724 -3 -386 189 -470 -308 72 -566 826 538 676 -256 -127 722 -441 -877 -494 -189 -565 9 150 436 -286 324 102 -384 224 -103 362 -953 444 -521 -518 425 -108 -65 456 -103 384 386 203 -290 74 -227 430 -577 371 -425 -40 -478 -193 506 -798 -580 196 -264 -514 520 -622 359 -185 331 503 -155 -210 987 460 -58 257 64 -11 -650 199 209 -543 125 -167 -55 -50 47 -484 -294 662 -660 -780 -328 -191 482 -198 417 -14 792 146 481 628 -190 -407 368 267 231 -60 -144 -424 -26 -613 -431 631 98 322 -782 -692 -247 91 -101 -26 -944 -663 193 -222 -1063] 4857.02
[575 167 219 -601 -358 -599 -152 232 412 -43 -145 -758 152 -663 -290 -360 398 -427 814 -121 -34 -59 561 581 -492 -867 540 -609 -49 544 22 629 -487 669 -456 496 -355 -460 -899 -41 539 223 962 -177 -36 138 70 1085 401 -228 610 631 58 -179 -626 106 878 -257 -60 -651 -453 378 -565 464 281 814 -95 859 -92 -758 -148 -221 -222 696 -186 742 228 -759 -1002 -545 155 279 222 0 -26 -739 -24 238 105 465 -910 -203 -874 54 -18 -183 -804 -157 116 1141 -325 72 296 3 -440 1222 582 -1293 602 686 495 -297 275 -6 -393 687 -558 -176 -85 -100 392] 5591.18
[-552 -774 727 2 2 465 316 -1476 -588 106 -504 -21 -230 99 502 -104 522 -263 -121 -619 -360 -1115 -72 260 -12 -7 534 39 369 59 -115 -226 -737 -742 487 -34 590 -772 310 200 -588 -441 143 -314 198 95 -159 -199 191 -318 522 -379 77 322 643 381 -295 173 -153 335 324 -726 100 302 932 -591 484 -698 298 462 65 -595 -221 -99 -90 -648 -108 85 -346 -243 -692 292 183 -229 -246 -207 30 404 -143 -539 858 271 277 -573 112 8 762 859 450 425 332 23 74 -166 412 -410 -367 638 86 345 -834 -108 -305 -290 -3 218 -4 -126 716 -218 217] 4804.02
[364 859 -209 297 -843 879 111 442 598 -275 -293 200 -534 -635 69 375 14 -213 65 -1059 672 570 380 -393 -158 -331 -117 -413 783 -686 -234 -265 127 241 626 -284 533 -4 184 378 -489 54 -282 544 -880 247 -379 -202 -233 235 -18 -34 278 -226 666 417 332 474 188 -566 -546 796 851 1230 7 153 -304 350 -631 -157 479 368 383 179 -378 -723 -114 -576 553 -801 -170 -40 6 -14 296 -297 -457 504 635 -1308 174 226 215 501 470 -46 1434 450 533 210 184 43 948 181 438 -271 -482 683 347 207 24 -1083 58 -642 387 -243 -334 -171 736 192 -138] 5383.94
[-208 563 316 -19 -152 548 -183 -709 -220 -513 -181 -612 -230 -410 -1113 -439 -261 213 296 369 210 351 -465 342 -647 504 -88 -827 -94 899 -39 -112 -128 787 842 593 -408 -587 -355 -182 11 429 -21 -47 -469 249 360 893 -172 1208 -821 719 -39 -401 -537 -755 95 -1347 -552 -367 492 -782 -634 361 381 -291 -235 -251 45 -288 451 -19 601 -17 -208 -329 107 -1102 249 -269 -54 -268 -150 -155 171 -446 427 829 -277 -131 -861 -421 132 61 465 470 397 -186 48 315 -46 469 280 -195 453 1175 -134 -693 -330 50 -104 -1011 416 50 -278 -336 116 -586 -343 350 -15] 5278.21
[369 444 -469 -1054 48 -403 484 -225 -167 243 766 -372 -410 267 25 -409 -212 947 500 653 -145 -39 1246 1048 489 -37 469 39 -655 515 541 -80 -319 -236 -847 -1106 -682 326 -340 241 321 -477 582 646 -204 -75 -171 511 448 305 -344 -648 946 -170 614 -148 -1 22 -166 -33 453 -96 -350 1012 867 120 -570 330 -1080 -223 -124 -598 187 139 -515 217 -515 103 406 144 289 329 -11 280 -914 501 74 137 591 180 -475 -244 -206 580 -375 -597 -41 -77 910 -184 309 -884 272 -460 667 309 40 -391 -42 18 -611 -445 -737 -147 314 118 -884 -532 -165 256 -367] 5357.47
[-240 -426 200 -180 333 163 539 158 -38 -377 -608 76 -129 805 167 71 1014 -324 100 725 -442 59 386 -749 566 -678 -729 -188 221 648 -289 -67 520 -146 -195 306 -23 249 -245 609 -641 76 -28 410 -763 462 -367 49 570 -1147 -350 659 665 -191 -13 -665 -1042 555 -688 222 569 -483 -294 -131 38 20 -708 286 899 266 297 -976 -620 -125 -112 -315 -368 382 -906 -231 416 92 372 39 -1051 477 -152 445 678 521 -142 -130 -149 -634 38 -891 193 96 -564 259 104 232 -628 10 435 -8 592 -217 435 178 184 423 136 872 -679 193 758 -241 -592 46 -659] 5218.72
[25 352 -161 -202 255 -1036 519 244 79 685 552 -190 761 831 535 50 -812 -688 492 -759 634 132 483 842 273 326 68 259 555 -188 157 -106 -894 -280 267 853 1030 -434 304 754 -29 71 -194 -498 -402 -633 -435 -412 199 269 404 149 73 29 -190 236 636 277 354 182 -363 512 20 -347 24 12 -198 1335 -207 117 -845 201 63 -176 912 -157 -178 146 328 334 -273 -292 -13 505 72 899 -347 -204 7 -836 535 -236 -54 41 185 -193 -117 -535 65 412 20 -415 -10 -320 102 -379 -423 280 505 -22 -617 -275 481 33 -1079 54 142 -128 -170 1202 331] 5051.95
[-243 114 790 1264 -649 -636 -218 -650 436 631 345 52 -109 679 24 -47 345 -617 -905 -1254 -294 601 -563 216 543 213 563 -409 54 -108 646 -695 166 229 137 -677 -245 15 600 169 899 -368 -1015 298 48 -245 50 -42 -255 933 -25 -329 -384 -408 -242 167 -360 220 -283 -146 883 878 774 -94 -470 -474 1025 2 -150 -1191 120 132 434 -438 445 354 -218 -186 -387 -710 -1342 -431 2 -331 516 49 660 -572 -320 -486 -30 446 480 -268 458 589 144 306 -459 501 -329 -576 -44 -325 -973 -637 229 28 -426 547 202 -1171 -283 -1050 529 -722 -545 559 33 -949 -577] 5866.73
[-136 618 -79 -41 -126 265 739 696 -155 -42 274 1244 18 -74 -960 47 -150 105 508 2 8 -982 698 486 -539 80 -527 -15 186 536 -325 503 -717 -595 315 -273 8 159 551 -515 -676 639 -493 -494 -459 -66 -233 -449 -294 -4 -445 -248 118 461 309 -889 -298 -198 -417 204 -226 -123 607 591 68 407 -473 621 160 -292 294 -253 799 -511 207 -317 -306 -57 781 -484 166 217 299 -1075 244 -127 708 -39 601 -212 697 -383 669 -510 209 26 625 241 512 -140 62 474 -415 -7 -816 -505 -135 1169 -6 -339 -202 -171 228 498 39 -292 -246 -524 -695 1058 210] 5107.52
[-188 675 -252 26 506 -801 -58 -591 346 460 -706 -550 -457 86 90 -343 -227 -595 651 81 -64 285 -270 798 105 701 31 -590 369 -222 332 240 -151 -441 596 182 -212 -132 478 -62 -359 -359 -308 -266 421 -607 303 163 -202 -663 -160 259 -963 -511 432 -7 -6 -848 -279 -1344 -58 -495 -58 657 285 -473 -79 -38 -525 241 613 538 638 -507 -698 410 69 374 -337 -240 504 -1051 -573 170 678 -196 354 -558 693 -200 160 -465 -403 885 -14 -405 -558 -371 408 163 126 -787 -604 -251 -191 956 6 -315 19 192 -1028 -635 -443 757 -301 10 711 -364 -427 207 421] 5192.29
[-250 -363 -843 579 12 403 85 -293 -498 -110 -225 -163 -147 221 -366 204 229 -70 366 288 168 44 -494 998 -290 -531 -263 717 512 -593 874 19 372 44 -93 458 -662 81 26 177 -751 -99 311 -185 -205 152 143 -462 -149 168 -447 -507 -285 133 155 -197 -792 237 -875 -206 -455 -257 988 103 -594 846 -53 268 -959 92 -6 761 696 335 -717 -386 299 -870 653 262 117 700 -61 -56 1072 500 52 228 -244 -513 -121 -271 237 -479 -170 -463 243 280 -134 413 133 619 833 545 -638 490 -255 245 -366 -364 -42 587 -133 571 910 264 882 246 -43 107 -559] 4987.45
[-232 -299 -321 27 -497 488 284 -343 -845 -295 -116 -440 -70 -96 -505 642 611 331 1239 -428 731 -89 -490 -805 -147 430 -67 15 -142 171 -282 212 491 -624 531 284 -147 -1069 105 18 331 473 594 -51 -529 -464 -314 159 241 353 -432 55 -830 310 -1058 261 -145 -347 200 288 -432 -354 372 328 468 -229 381 -71 -41 -81 -140 866 -584 173 211 79 830 -490 -993 42 -488 -12 -637 590 381 -1349 -110 -122 -161 457 238 20 -500 -307 349 607 245 -942 -51 -384 466 769 534 -186 311 691 -380 -222 -376 13 -72 -784 -352 629 953 1267 70 175 489 87 -684] 5335.42
[385 -74 -52 -897 264 443 1092 249 -103 -223 -60 134 -487 -348 -562 -810 -369 -515 -525 708 -489 -531 816 -361 -176 89 305 -731 -324 668 -264 204 -301 899 418 -788 -1472 -552 -737 -858 286 -9 169 -322 470 -43 353 218 -522 20 -308 118 523 -230 -17 -362 -167 -592 27 -552 652 -495 -923 -574 391 -270 144 390 165 315 53 -407 72 0 -292 337 10 -382 616 -253 390 98 198 -53 -288 385 -472 -426 50 342 -102 -234 97 432 -340 95 -263 856 459 -304 27 149 -176 -14 -437 1051 1168 -491 519 298 378 -701 -151 303 -317 211 -25 323 -399 67 -130] 5057.27
[1228 -147 -939 -665 732 -800 514 245 -687 117 5 -108 -40 174 31 -427 -84 -447 -420 28 -1154 659 73 -407 -327 -163 98 161 442 -401 793 455 30 -229 -276 -581 -348 621 132 -245 684 648 81 -29 248 448 411 300 664 366 -285 -511 324 -420 -576 202 -315 578 625 -706 1128 -302 -1 269 -495 779 336 1421 238 -350 -202 57 215 6 -396 383 -693 -83 9 -411 -169 -175 -39 195 702 177 -341 460 199 110 -295 331 -262 593 350 -1000 -1265 -431 581 317 -362 -369 -139 47 -580 295 400 -53 -73 -299 664 245 652 213 -380 -314 925 44 824 563 145] 5364.96
[0 507 -74 -1459 -116 -648 -252 -562 -381 243 -484 -123 -296 426 144 167 -549 -84 682 125 920 539 102 635 540 278 348 452 -910 -144 -567 -291 -476 268 398 -1147 211 248 -536 1016 31 495 396 -848 -37 28 514 462 576 154 -576 -608 -70 -705 298 -190 59 435 -215 111 -30 1248 -457 769 692 387 659 221 723 1081 32 12 120 167 -406 750 -473 -715 28 -1471 285 -289 -453 82 -437 -321 413 -872 -366 -364 236 -191 -495 330 21 340 82 -130 365 799 -590 -390 204 -560 520 278 -114 -68 666 -912 -568 -611 317 218 344 328 -986 300 -40 470 -402] 5662.92
[-455 818 332 141 -900 561 -111 786 272 154 -1128 401 587 467 65 -23 -526 -494 -379 -388 -73 -5 44 -556 -561 -1395 253 109 295 -294 -168 523 228 142 346 28 -81 615 75 -502 -520 39 200 -854 -183 394 -119 -225 20 -109 928 480 -136 61 458 -116 -269 515 -1 114 -368 449 -371 -185 448 -270 16 330 214 -102 391 780 -386 252 -620 488 924 -1087 636 462 35 -489 91 -720 159 358 370 713 675 411 -370 59 -258 131 -162 -179 659 138 -547 -450 192 481 -487 769 -173 -474 570 1525 554 139 663 -665 227 -53 521 960 -266 144 -11 117 -556] 5303.69
[560 416 -628 548 -377 355 42 -454 570 -25 730 -329 -107 152 -289 935 489 99 121 -252 153 330 -726 911 562 405 -363 -132 584 595 632 -74 851 85 -343 369 132 671 215 392 -901 499 865 811 -622 237 356 -466 -76 349 151 152 -577 129 743 -55 236 -820 -32 -163 -107 231 -357 -392 522 302 49 -424 56 649 228 90 -799 -590 -567 -327 -8 144 774 134 -373 6 -22 192 -234 66 109 -908 130 -474 -836 167 221 -233 -316 -486 -481 578 61 216 -51 -182 511 236 56 325 -276 -242 -465 -257 149 185 -936 198 183 469 -371 298 133 -54 -332] 4784.05
[474 57 -772 1274 -189 511 298 -569 -551 340 508 721 -191 -36 381 751 -476 345 -325 -184 -268 -599 -362 -92 360 -469 -206 94 151 333 -259 154 178 -446 38 268 573 719 -747 -73 -852 -254 55 754 165 834 -1225 -919 856 11 573 -317 -421 -472 526 334 646 511 564 -337 119 382 51 178 -593 5 86 293 451 -256 628 118 -1199 108 -611 -598 -406 105 94 -518 271 485 675 362 -276 258 -812 518 183 -575 783 335 275 -540 5 -842 14 580 1220 -361 591 -211 357 111 -155 -1564 -493 -79 -17 472 924 498 -130 329 -357 477 -491 192 328 -1332 -141] 5766.93
[241 311 130 491 -288 560 -196 -20 -681 687 285 48 -619 379 -82 101 -422 -533 439 41 -520 722 -451 1290 -121 124 33 -500 -577 -439 638 -558 440 -782 341 8 265 97 610 -5 -481 -526 -390 317 707 -614 150 361 165 523 643 -616 679 297 202 532 1254 -126 -112 113 93 251 331 -142 -155 -417 -134 -529 -946 217 -487 273 813 354 260 198 512 182 54 421 98 169 15 -206 1091 921 -233 -159 -93 -129 -42 -383 296 383 217 794 -224 146 -267 -206 445 -894 -109 -527 -669 -406 -501 897 -468 164 -672 -309 -74 -435 669 184 -775 825 308 2 -237] 5161.52
[-449 174 431 -322 -255 692 -363 -306 -494 -73 -596 -1240 -585 -637 118 -162 -634 -455 -515 -215 -165 -172 48 205 -448 -833 -875 126 -299 -54 -130 180 810 491 495 506 -4 -382 -203 821 664 -679 257 386 -135 220 187 -135 -769 617 822 507 -273 620 490 411 593 -1148 532 -420 58 350 -70 -244 274 -561 101 574 -148 819 170 324 71 281 -488 589 -232 -443 963 -738 -353 -449 -409 280 -881 -221 112 535 -207 -282 183 702 -1046 1264 9 25 344 -355 515 -1206 -576 -213 -440 -87 570 9 -426 853 268 137 -416 -503 344 351 -197 92 -247 914 207 -530 73] 5517.23
[3 1072 375 -657 211 -236 69 -25 1233 460 123 724 -81 1172 28 48 -154 -304 -213 19 24 -231 -514 165 -512 -485 -153 923 -576 447 -312 -99 -504 41 85 -815 1128 -40 548 941 70 -45 -129 60 -80 -268 305 664 374 782 267 311 -201 -438 -465 98 120 -738 -62 -377 -131 564 41 509 -546 -388 308 -601 98 -264 123 -349 -173 -130 -358 393 -104 80 -1042 -358 -837 165 38 -157 231 294 584 -652 -1099 566 0 793 -999 923 696 426 -402 -710 543 303 -471 -340 282 593 888 306 -421 368 235 -234 -325 440 -416 -183 60 334 -907 1224 218 573 145] 5493.96
[813 -460 -70 805 -489 -196 -410 -54 -39 -346 -98 -458 -503 -623 196 34 -802 596 -275 -944 -50 -97 -510 -70 -344 -255 -169 -364 -362 -661 -278 335 195 159 813 725 -432 -543 -471 178 1751 -336 387 8 -4 61 -185 -302 -197 1000 930 -294 -33 -790 -255 886 1843 -139 602 184 623 288 371 -696 88 733 287 -199 -1294 -232 -31 1037 165 490 701 -105 200 194 350 -183 205 35 110 391 198 -283 -170 -250 -494 -6 388 358 414 934 67 697 -207 -313 315 224 -94 -466 -567 -104 69 25 -204 -482 733 971 -224 -209 424 -448 -732 -26 -152 488 132 -249 33] 5573.52
[-761 17 281 -25 -694 -19 -638 -488 624 -375 74 -288 -832 -553 -14 -705 23 1112 48 228 19 292 45 -1512 -317 -505 -1614 198 -536 350 -372 -386 136 78 713 -783 -446 152 -535 104 300 263 -656 452 -662 526 -439 586 431 152 -173 17 882 -553 201 -158 -779 488 -113 -62 669 -56 483 8 -186 -413 594 -342 -598 -894 292 -366 126 -38 66 351 -442 -450 109 -117 775 149 14 372 -972 -689 -144 217 557 137 89 174 442 606 255 394 382 -274 -197 -555 51 810 -466 -494 589 64 307 277 -167 582 -295 50 -279 -30 -223 -671 -448 -103 -415 -375 -492] 5285.32
[3 -1171 427 862 -793 265 357 538 -412 638 515 551 -682 -907 128 -1015 -1090 -231 -452 403 107 -744 -515 73 -613 10 657 -166 -491 219 97 -606 -1138 792 484 -117 -414 -1293 129 -701 787 -605 -493 629 195 -488 -19 -728 -296 398 224 -176 -230 -724 174 702 1218 -554 29 5 573 -191 215 593 162 -286 -81 -481 -121 -530 -628 262 227 -453 -142 -4 533 865 -140 641 -268 151 735 241 -499 117 -309 487 -249 260 250 515 663 -146 6 843 -150 63 -571 -331 378 -284 -168 -599 440 -945 130 43 228 -126 21 -558 236 137 -895 -694 235 -574 346 -401 221] 5671.05
[-206 -82 210 110 127 250 171 340 503 -14 173 -19 279 -494 -190 348 214 680 -839 500 367 -250 231 -901 588 -19 187 244 41 -284 378 -347 177 156 261 -446 -437 27 -139 488 280 80 -292 -31 -1135 -330 639 -434 -405 563 175 -754 -121 1371 -94 -204 159 28 277 -204 -814 438 -464 -930 35 566 309 526 330 -1095 -2 -475 509 -246 -7 -511 -318 -316 54 -498 486 540 -189 -390 -46 -670 13 675 563 238 626 -285 -700 -502 104 64 -343 -3 489 -429 -394 -81 -262 -1218 -549 -271 -132 -594 -295 -114 409 421 70 392 -403 -377 354 1024 -819 -792 -1084] 5146.19
[503 -643 -323 288 -55 739 899 18 -201 -827 -226 -238 -520 135 -482 220 150 -692 -1194 1267 75 -580 -115 -199 -67 -132 204 1210 -67 -340 -358 197 341 407 -415 1217 454 700 -441 -206 -716 -548 -102 738 -103 322 -703 -569 -361 238 1318 551 512 123 172 330 196 170 56 309 406 780 -223 570 -141 -168 256 711 -69 -370 447 60 -308 295 -614 434 -561 -478 382 485 292 165 874 -738 831 542 -627 787 -1004 -97 116 273 -389 -87 -166 -133 219 673 -974 -210 543 -313 -495 290 634 -299 -90 517 146 -335 896 -310 340 517 -930 117 575 -242 -15 -238 314] 5627.13
[714 643 -232 -413 -255 -27 -54 -674 -347 356 250 751 307 229 -41 105 -270 -241 150 891 -586 642 -802 307 324 -7 -475 565 -516 -157 -740 -850 493 -437 -126 -369 29 1010 -662 1228 -509 -258 -1130 -177 -284 628 404 339 482 -274 252 425 -299 -974 505 -241 377 -8 -167 -263 401 748 401 362 -601 240 -235 -116 371 -644 759 48 -148 362 -378 227 -36 173 242 -757 178 -422 62 -106 267 222 -45 171 34 -133 -35 614 -541 616 264 -282 513 424 -405 43 53 -683 -925 97 300 -311 392 93 225 -160 -197 328 109 -82 -688 -631 549 454 -28 -27 -607] 4995.52
[-935 1107 293 63 378 221 397 -134 -92 23 976 -109 287 346 136 64 -572 -260 186 511 60 1198 547 -357 232 -62 207 358 -197 -540 -135 270 -705 442 316 -650 749 898 -29 -156 -164 -59 -741 36 -199 -343 564 -526 428 95 -421 -375 -502 -248 18 -635 -451 68 580 -28 503 -854 -1095 755 224 -1360 1268 308 156 -101 662 -1226 -734 -472 -893 712 -442 -792 136 195 -19 -943 -706 -86 238 -636 -260 962 597 25 -1419 -63 -333 53 -177 388 220 275 -1414 -402 684 513 154 -902 1027 -360 361 712 -312 -280 758 -252 -261 54 407 -54 -388 -301 -1020 -511 -306] 6150.83
[-45 360 -234 144 -712 -412 392 -86 -604 379 9 -504 -28 838 -431 -188 202 262 511 -227 230 -96 673 -801 355 -431 -146 376 -513 104 556 385 921 235 -851 995 350 -442 241 -276 -285 -49 893 151 771 -710 -534 -1068 70 -735 700 337 807 56 389 49 -340 422 533 -14 -312 -174 -472 -767 261 579 358 -40 647 -63 232 403 -397 552 -538 151 187 -7 1098 277 -611 399 854 -417 371 128 -228 489 602 595 328 197 -1190 38 446 44 235 -171 -209 -557 272 -322 -449 -83 -799 -122 74 483 246 97 574 -44 -433 89 112 630 576 -316 -582 215 -1345] 5334.97
[23 -623 -683 -14 -90 -1183 261 1225 -335 -668 393 258 -684 1024 558 426 -400 317 548 -159 131 381 410 431 301 2 164 82 -245 -428 133 23 -640 -66 405 590 352 -214 -1137 -38 -220 -308 190 -288 247 -127 -581 226 479 426 333 254 160 -911 -210 337 -55 461 -235 400 137 -597 -273 147 -601 -106 -373 -12 225 197 240 136 636 -508 616 -140 321 268 455 129 -37 -157 887 -186 -235 1331 -539 789 -38 102 358 -483 144 106 47 110 608 236 -229 -207 1106 59 116 291 7 518 346 -928 -209 -138 744 -435 181 176 140 -57 529 -254 -267 874 -441] 5023.25
[-783 -566 669 299 783 -189 343 -141 -291 398 109 -11 -484 605 -397 -854 474 -425 -908 -729 -932 -265 224 669 -59 -408 -166 -378 0 -308 -21 -416 173 552 -90 -205 -1269 -1075 -880 693 -125 -417 299 -239 166 503 -158 729 -704 -440 -382 -181 237 76 509 -287 -146 -347 174 -49 776 -251 -693 -371 622 -34 455 520 516 268 -478 343 -190 318 -282 -398 447 369 -103 236 168 -339 -225 -178 -901 548 599 -56 -150 -151 30 16 391 835 -740 164 -513 1272 -142 -334 495 -778 -28 -731 -449 520 -264 -23 -666 158 129 -280 -296 -85 137 -307 97 433 324 -738 -601] 5246.91
[114 452 150 583 -874 263 33 -941 236 1098 -194 -261 419 -68 146 852 490 646 622 -2 593 -241 -1067 -189 339 -311 551 -963 1240 134 171 395 723 4 190 361 62 -233 607 -399 264 462 426 429 -457 -262 -247 -528 -272 -358 -282 -239 -84 106 -172 -522 560 -327 563 591 337 -590 4 774 587 -233 -837 135 310 -489 -440 928 -959 666 302 -685 -417 30 -555 -509 138 -480 -495 897 718 -742 879 245 94 -163 -186 -323 -218 -1544 -115 -174 685 -435 -629 58 414 -287 990 94 -386 -219 -707 345 -436 -95 -511 284 -285 -470 128 795 420 -768 -50 -587 -192] 5703.59
[-1001 -35 75 -519 701 -1069 -210 -780 -1170 650 37 -899 -97 471 511 -366 -339 270 -932 78 -70 -328 157 43 166 559 620 -479 -613 -273 548 -732 353 -120 -296 -7 364 -695 -365 -273 163 -490 503 198 323 -120 295 1028 669 -138 406 -624 512 -350 231 8 565 343 -676 -1046 1027 614 -614 -164 -87 -876 168 865 -359 -146 265 -452 610 15 308 402 -210 524 614 -136 377 -1730 -799 827 -181 -31 467 -331 191 -95 -256 -141 -514 194 -100 -764 -275 -266 -529 -283 -79 -19 12 127 1047 580 -392 -542 54 -176 -846 749 -113 -309 -413 -663 106 -83 -469 587 772] 5759.25
[-692 -670 -71 233 -165 -176 -9 32 -331 -897 -811 258 -301 -455 -400 292 319 241 -75 -168 425 -493 -332 -496 -580 519 504 -522 78 35 181 -138 -117 271 -235 224 261 -1550 -521 -740 -71 288 -95 -643 485 -624 890 -156 -449 -669 -44 341 -622 -249 78 1 507 -424 -572 -301 366 154 -311 -230 -258 -470 -52 602 768 -608 350 595 727 586 -139 700 -152 204 -139 -128 348 -56 395 -145 458 264 -348 -70 265 211 117 -504 -333 467 -78 436 299 -68 -319 -536 461 287 -97 -308 -289 206 628 -241 -85 22 788 -198 -174 364 139 186 882 -239 -244 -217 101] 4657.51
[-95 656 659 286 -16 471 -253 90 404 602 -135 -146 -80 70 357 387 761 397 -915 42 -449 -419 566 -848 -384 -97 -622 -383 647 -217 435 277 217 -646 -70 -271 1118 456 728 -60 84 -373 -41 744 -771 -127 230 311 80 73 323 -100 209 567 -873 -454 512 -391 -66 -331 318 650 -89 187 -939 -312 979 906 -39 -378 57 595 290 -605 407 1050 -329 -655 109 -85 535 108 -929 -866 -318 575 728 181 -312 393 -265 313 -1122 188 -199 -745 -232 -376 70 482 -1044 -213 400 174 666 -130 -403 -229 -245 -284 20 274 -836 -368 -1409 34 267 -425 234 -97 -104] 5441.92
[-183 59 -775 -258 -204 20 836 -82 -141 -214 -127 861 -77 -259 208 533 -423 -326 -46 -178 302 -131 -106 -488 238 460 -166 -783 -200 464 292 173 -134 -1229 -521 140 100 269 777 -506 268 713 -341 205 236 -594 1045 -350 68 -351 -780 -151 -116 -17 168 -218 34 -445 -948 -386 840 322 547 -734 -198 -379 -81 -353 -456 298 901 296 611 217 89 100 169 835 -530 545 -264 -22 534 392 1134 825 679 -1007 493 786 -51 -594 -71 -364 -43 -539 138 -665 -385 -200 979 -769 -138 -586 148 235 -406 57 -268 -53 -619 250 -432 715 697 55 393 141 -434 377 100] 5232.11
[79 381 114 357 121 -242 -482 -632 708 -286 334 -338 -90 576 -373 214 -298 -602 685 -128 -221 234 156 474 15 -475 -823 -94 -392 -199 144 -162 285 103 130 321 73 801 877 699 -63 937 471 455 -240 -120 -520 -538 53 457 -541 -935 690 1019 -434 550 -759 -403 1220 -977 276 -548 -29 -143 -187 -217 375 -637 1048 112 3 -1104 -256 999 -431 -353 -678 -146 -59 -897 -1042 976 239 285 192 768 -823 298 -233 -670 -342 -111 -527 202 1184 39 -581 531 341 240 705 -493 226 24 563 147 -468 723 -471 -33 666 -304 204 -70 452 933 192 -528 506 -825 -432] 5772.69
[68 -972 978 -663 365 -175 206 -535 -1142 -953 -648 -642 -115 -63 407 616 -278 508 325 503 -168 -482 -372 -821 1 521 653 498 -943 409 -782 -790 -377 162 -514 -377 150 39 -779 284 77 518 -525 471 216 538 -205 874 741 -759 -9 -529 121 -743 567 -186 -341 493 -76 255 685 95 -478 273 -292 -998 206 304 516 591 365 -766 -1133 47 -349 442 -750 290 -545 -337 485 -1040 -188 265 -919 276 695 -483 -301 436 -49 514 -125 -251 -205 -135 -49 -303 -342 445 405 -400 -498 -71 605 -80 12 417 531 -656 -1048 586 -6 -405 -648 -283 -880 -413 -202 -405 836] 5774.59
[-176 772 -477 -641 -11 -640 -385 -806 326 173 541 522 194 -92 384 1225 -106 923 111 724 755 -506 172 133 433 523 655 -198 -255 -821 276 -108 -276 -416 -851 -451 -107 1470 -494 31 -83 210 -124 53 59 -384 483 896 292 -138 -170 -494 299 -343 -419 -515 -106 -235 -227 3 -268 -663 -208 536 194 -341 -816 -90 253 -469 53 408 -489 596 705 -414 207 638 -774 -217 -156 655 -135 226 305 264 -338 -121 376 -3 -212 -755 -244 -715 -315 -319 1109 -206 904 -315 207 -375 665 314 45 188 -1279 -755 -837 544 -939 986 -1690 -378 447 742 -142 -238 763 56 13] 5842.41
[-395 -448 -89 270 -445 -422 -541 -256 -268 -1093 485 -392 -365 -40 -359 1022 724 926 -311 -90 282 -118 -406 1034 410 997 246 -162 1 -220 269 -12 986 246 29 53 603 -476 425 -346 -406 597 -88 746 39 -257 562 -161 230 -616 647 -168 102 -431 579 808 -47 780 2 -62 413 -1564 -1109 -66 208 293 175 -584 -79 973 12 -132 441 -246 251 -836 -206 -184 228 107 -134 -297 5 453 20 -880 -588 705 419 -278 -1200 290 985 -392 286 -327 -441 672 -454 374 159 -155 -148 85 804 -238 455 -189 254 626 167 296 -483 -140 73 -390 628 -584 271 -68 -54] 5452.62
[-261 748 669 29 -923 -322 620 600 414 229 -55 236 -304 -271 375 850 179 378 455 289 288 -745 374 -331 965 -252 329 604 -271 191 -733 -105 -366 685 -112 -106 381 490 375 530 -76 -377 566 721 -406 -552 -529 -1339 57 -429 901 96 389 261 139 -108 -646 -328 1045 1007 -310 457 -239 601 -1 297 -159 -587 246 624 -74 176 -815 -82 387 159 752 -86 301 795 -174 391 94 59 -874 250 -174 -279 -42 209 242 118 133 -729 275 -184 637 -314 -534 666 -335 4 136 383 -99 153 1224 218 -461 120 -51 -161 -615 -69 -589 905 75 89 -679 -486 -450] 5286.12
[-650 -986 810 -439 301 85 716 1 -1035 -138 387 -621 103 126 932 -126 -453 -120 1130 24 -368 -949 399 740 256 -329 -165 991 -250 244 -908 -226 -376 328 -217 -216 -527 -55 445 212 -351 -1238 372 -619 258 -107 -195 -250 -854 -360 -88 -345 70 -169 610 -327 -903 -91 -215 938 877 -157 -144 -483 253 -181 -42 375 -98 -80 91 -127 -202 541 -339 21 -181 701 -27 -555 625 -735 139 192 -216 -103 1131 -548 -686 172 761 -108 -269 -1133 -442 676 302 113 -218 -184 568 -318 114 -534 -147 -199 -504 791 -651 -560 -369 -550 669 -90 718 -991 -243 -214 381 -616 588] 5618.41
[19 470 -497 -371 -394 -665 -449 42 -219 62 205 -485 -358 285 -143 447 403 984 -154 938 -27 -295 -135 -448 935 403 451 -134 -150 722 416 245 616 -347 270 117 -332 -4 493 -160 679 726 288 390 196 203 374 270 557 -132 702 230 -35 -263 -466 -190 605 -357 485 589 964 -452 -1011 543 -583 -182 -27 -533 -289 -88 248 168 176 -361 735 645 -188 227 108 239 752 -744 382 52 383 -38 17 -658 46 376 -219 -619 424 -866 6 -133 -521 -1137 -822 92 462 96 -694 -16 191 -305 604 575 479 337 -763 61 -846 201 -169 632 53 276 -895 -174 329] 5112.52
[584 -272 -240 -358 742 -381 57 -559 319 -327 339 -79 -259 -677 -669 77 -279 588 -5 -52 160 -329 -176 -334 379 343 -148 -386 783 -12 -813 695 2 309 211 104 -273 165 269 199 -197 605 38 358 145 -213 -253 -80 49 -218 -137 -343 720 700 -322 332 455 -433 1929 175 -479 -280 127 -90 561 392 305 311 64 -478 -278 75 -586 591 124 -402 349 455 -74 259 324 657 -873 494 866 -884 -1035 -171 163 -588 106 -28 480 -278 -354 580 15 -185 93 -166 -256 -18 907 -294 -316 -319 -376 500 -918 656 99 329 -391 183 151 114 -68 -66 413 -32 560] 4904.58
[318 456 -361 647 -982 906 628 -31 837 -359 -149 -1016 364 713 213 435 29 -173 58 665 476 199 22 -1112 159 -152 -422 95 652 -612 691 451 -262 -107 83 377 1142 -274 447 -84 180 338 964 1559 -553 -15 -797 -1003 -188 -400 1 470 -397 -54 -18 18 113 160 491 -292 -476 -584 -141 9 -543 25 44 -136 2 277 536 -374 -867 -277 -568 -937 -654 -336 -759 -291 -201 -458 1207 -294 22 103 -407 675 408 170 88 -131 57 -401 1025 -157 386 -139 227 73 24 -593 37 -597 -150 -18 -541 944 400 -540 297 813 485 -422 -796 207 183 -251 88 -215 -433] 5567.58
[708 221 1018 -591 563 400 68 1108 -305 -563 148 -11 420 -1051 -691 -36 431 -104 122 19 788 732 -111 -134 -128 1350 43 390 51 300 543 112 34 345 -592 -76 289 348 470 -791 -189 1017 -699 307 -36 -357 -14 127 -357 246 -431 -2 111 -8 -953 -832 -984 470 -401 161 -436 -62 445 -123 407 -403 -463 473 265 -168 -348 -257 321 -996 554 1020 87 720 -430 49 -768 -348 329 -674 -123 -874 405 -386 -337 288 -381 245 657 -1049 348 407 -144 -1070 -302 -627 -303 1110 449 86 306 206 976 -412 -517 -537 335 -59 155 544 450 -786 -239 -456 111 602 897] 5763.18
[130 -461 946 94 -141 -45 -237 -721 -928 836 -259 -27 766 -245 778 -1374 73 -378 679 553 268 324 -150 365 -136 -382 -17 -478 -197 484 711 -254 -444 435 262 -43 -129 -220 478 320 822 299 -399 65 -414 -187 288 412 -270 -155 -1011 -671 -303 -727 326 -732 -514 261 -1102 -51 1276 -488 -182 783 442 -265 148 154 620 225 586 430 347 -180 420 403 422 549 533 878 71 251 -982 390 282 866 541 -12 304 2 -503 -505 239 506 -150 113 186 -278 -687 -54 -335 -159 -57 -115 270 116 -162 169 -563 -302 340 342 233 116 867 198 1095 -601 -377 381 -337] 5386.59
[-129 541 -215 -195 906 -473 282 -327 68 638 1292 218 -84 470 -32 -419 -1007 -681 -610 22 -693 -446 487 -106 301 29 221 1046 -156 103 -285 -313 -763 192 1204 -1 -200 82 -708 253 679 -510 -329 232 -483 -291 -849 -388 -1014 312 191 -139 315 345 -673 383 79 -669 684 -70 288 -188 -213 -101 180 70 126 1152 -52 -547 357 346 106 -393 -231 -172 223 -27 521 -141 -482 -86 -593 60 -707 326 -326 245 -367 -166 515 409 -850 -116 280 212 -92 61 88 -802 303 -896 -972 -19 13 -280 -602 165 428 274 282 574 524 653 -384 -57 93 170 -518 -268 270] 5149.64
[430 307 -856 -150 31 -507 -113 85 -282 393 -93 338 194 521 -145 -50 177 -461 -150 663 635 701 -450 452 -243 -156 -77 864 -553 260 -176 -290 428 -62 -638 -597 -379 22 -725 -103 251 515 -89 -47 -127 369 197 160 427 52 -190 68 -296 -899 -244 228 -112 -184 58 -273 353 90 712 399 129 166 -745 28 87 -482 -759 221 -238 920 -287 565 -32 88 -108 -932 -469 -242 600 650 283 -435 98 -322 -134 413 18 749 -852 454 392 6 -943 -260 487 -412 -597 719 -216 682 160 115 5 -582 -39 -455 402 165 -177 431 208 -59 -368 1429 259 -300 538] 4798.44
[-432 219 -51 -710 14 -840 -1102 139 -277 -599 453 -328 223 510 755 734 66 635 343 358 304 1034 -713 561 500 798 -95 -66 -306 -315 -719 -67 66 -192 316 -227 -186 -520 -488 -133 398 218 -1079 -137 -678 -183 909 389 468 151 -89 196 276 -790 59 234 -124 281 27 398 47 -824 -232 -180 990 -169 -716 -1326 -647 678 97 -19 633 34 775 -257 379 -521 1570 -208 221 -27 75 816 70 -189 -520 -617 469 154 94 40 -2 144 291 658 484 503 -1075 348 284 229 -282 456 816 308 711 -1329 243 159 -798 -302 -531 164 -110 -440 -3 97 -486 -59 -658] 5689.61
[401 -605 126 -228 209 -171 257 422 250 -143 564 -576 -23 111 -116 -585 376 -403 526 236 -46 -184 -825 570 430 364 155 581 -666 -54 -1047 358 720 337 336 67 -119 546 425 68 -88 -528 312 -343 800 77 -256 -113 -69 258 -183 -527 1047 -731 -685 -229 216 654 755 159 -24 -245 -288 -517 -87 834 202 -434 1013 468 95 -135 -185 780 -366 -126 -148 948 384 -282 -34 8 586 -591 529 -239 -884 -476 -286 -388 76 580 62 490 -236 425 -700 535 -182 679 -430 96 113 -64 100 87 432 -50 732 268 531 -215 443 -255 49 -640 158 -65 747 134 897] 4947.11
[74 -705 774 -577 -606 1061 111 212 2 82 -726 -37 -113 -958 -34 -448 1082 -14 324 129 -603 -993 -355 -34 -28 -463 -113 -456 -94 640 -422 -264 -356 203 1010 -295 153 -377 -248 79 -510 -782 154 822 786 844 -69 177 638 841 -24 134 923 -105 49 -2 388 -33 723 268 104 185 -686 173 86 53 -61 -499 812 887 -556 -425 -382 392 -342 439 12 34 -795 -421 -959 850 821 -600 -821 345 87 663 -274 -494 241 835 -63 525 514 -327 601 364 287 128 86 -952 604 -48 683 -773 447 279 229 -311 284 -373 -42 -732 -1224 4 -791 -3 954 78 185] 5719.73
