[162 208 -408 16 135 -113 153 466 397 182 -343 -127 145 58 -26 487 67 -240 305 575 445 -406 133 148 -246 -322 15 86 22 142 -160 -181 261 415 775 -458 -369 -79 360 -209 92 423 -155 -173 149 490 578 247 235 235 4 85 208 -12 364 356 -39 -81 -34 546 43 -205 421 -178 -486 2 -320 80 117 -450 161 56 266 -400 724 -95 -52 -360 162 43 46 -145 181 -154 428 -439 -144 -131 -436 538 41 326 282 -84 168 312 316 235 443 -170 -34 92 267 109 300 -47 -109 -36 -34 -269 -72 336 245 128 133 34 243 330 -94 -206 650] 3129.51
[359 -166 -186 -107 117 306 -250 -270 439 -352 716 -26 -21 315 147 563 393 120 -33 470 -419 109 -87 112 81 187 139 43 275 45 163 114 152 -66 173 -254 78 44 -492 25 41 903 -165 121 -588 150 -113 -176 -262 18 -106 358 -501 128 -173 -107 55 347 100 -367 -53 187 -443 -555 42 -366 58 25 -199 -95 -282 282 -181 270 -34 -544 235 393 43 -359 65 -170 -139 490 424 301 -33 105 -112 -201 114 107 138 261 171 91 -144 -34 216 62 191 53 133 334 455 324 -318 311 318 624 -512 -379 206 46 -460 -237 -421 472 13 -23 -628] 3175.65
[400 437 -5 -329 -318 -434 204 54 -159 199 73 -121 -137 -631 175 -279 -636 -356 64 255 -165 -340 -474 23 -116 -130 33 -241 -198 203 -517 158 485 -73 398 136 -146 54 310 58 79 -342 262 -250 265 -697 -189 6 -59 215 429 304 545 389 98 -185 -286 212 -412 -506 324 -45 192 550 -421 47 -47 100 185 1 -238 -267 41 185 356 629 -156 65 -408 27 55 60 79 18 -381 -208 321 -180 237 222 -200 69 -461 -421 -242 -84 693 -89 281 -90 -406 -67 -250 -85 66 -118 560 -657 -84 -315 115 164 273 -350 502 261 681 -299 -11 -17 -202] 3305.27
[-320 -124 -52 150 15 149 -225 154 174 -415 259 -173 -25 -12 458 442 232 88 364 275 198 91 160 -250 -52 179 -44 -223 165 -407 -10 338 -24 -66 88 -563 -62 -146 73 -122 218 138 -185 -96 -121 222 151 -218 150 -566 -446 -5 -68 14 -94 190 -74 -56 322 -7 -244 -488 476 -570 -30 -103 -576 323 -513 -631 285 -97 582 -247 188 -769 -682 203 -336 274 -20 17 -297 -3 496 387 761 153 -531 83 218 7 481 698 4 -161 -498 129 480 144 340 371 -294 -159 433 115 -130 597 410 514 212 -105 -270 -9 -278 -498 -2 684 -218 -297 108] 3458.53
[-184 1 -121 -481 -431 -616 113 103 -98 174 -700 -458 -92 216 -273 -739 -483 -522 -558 -31 -54 -306 -426 221 -191 -429 -327 -181 -390 414 -1044 198 -230 -3 220 -151 170 -44 506 -172 -368 -231 221 -316 -167 106 128 27 -209 305 134 324 402 -205 364 -247 -245 5 210 322 7 -184 -59 362 110 172 -131 218 -38 -71 -316 -26 330 -495 349 55 535 18 -131 883 263 70 603 408 32 -224 83 222 252 40 -37 209 -269 -16 163 762 280 -214 257 97 -207 117 259 -147 15 -280 491 -510 -222 -604 237 247 330 -18 691 270 509 -360 -205 -241 7] 3604.23
[226 357 65 -461 -629 -65 -246 -767 -20 -294 -308 -62 -203 107 108 -71 -280 -320 -844 537 102 -296 70 -326 44 -171 127 -143 225 84 87 -254 133 118 429 -361 191 3 2 78 -292 -421 -303 -303 15 446 -142 122 236 -137 21 280 302 -115 300 7 -22 177 -81 27 224 -395 -127 -591 493 -133 15 298 -593 314 -598 -112 -58 402 -92 -4 51 103 296 -329 47 -274 46 447 -87 297 212 27 75 -57 330 -108 -334 652 79 -99 106 247 322 442 76 323 -134 165 -209 502 335 -181 458 342 -108 -144 52 -139 163 -343 128 148 -256 -315 -725] 3192.37
[305 -46 -309 291 -390 -511 300 -585 -286 -63 -361 101 -278 -561 173 191 -507 -9 464 225 91 -422 196 258 250 -226 202 -63 86 -4 1 -90 455 145 470 -21 -273 249 468 -8 212 -458 -574 -31 444 122 410 0 427 469 362 -504 -118 -510 207 49 -232 -221 -751 -20 -479 209 121 234 -808 182 -538 -365 247 -191 670 -516 366 17 199 747 29 -662 24 33 -399 -6 -21 -584 -491 -335 -29 -596 -79 459 82 373 -158 -723 -136 -29 86 864 -235 126 -178 163 -120 -68 166 139 -27 -296 -416 -89 321 -285 127 -528 172 505 214 -158 -99 -81 213] 3745.5
[-691 -276 -255 487 -231 -80 -331 -537 -254 -177 -433 535 -318 246 -315 -268 -385 310 52 113 -73 -116 -355 88 282 -139 -544 396 129 -64 -152 390 -382 -441 -369 135 -74 -360 73 -96 -19 -111 -117 -330 288 109 -6 -449 -259 98 274 -387 -238 270 330 -684 289 -284 153 246 -896 163 -330 228 -88 582 -2 -721 15 -422 33 -216 344 -184 -422 -518 440 -106 -192 838 122 -2 390 -45 115 -353 -355 -57 535 153 26 -101 -413 40 -238 95 -117 -159 -704 134 685 -71 -24 33 -27 -361 -149 14 -476 -4 -86 -285 -275 -24 39 389 82 151 212 -90 570] 3530.02
[-311 -302 38 -193 2 -295 27 -17 -135 24 -980 -33 -435 -477 -152 15 -252 -387 -340 269 17 -242 -569 -262 124 -97 -340 545 -195 46 31 -378 45 -369 -172 -17 -19 -322 207 -96 -239 -125 -255 -87 4 394 285 -527 127 570 -383 -72 261 -225 216 -40 352 -149 -322 -214 -643 181 20 119 -252 -41 196 -453 200 -186 101 -191 -79 -55 -71 -416 795 386 573 358 120 27 111 12 -78 -299 -247 -142 219 202 152 -167 7 -379 236 212 -83 605 -685 426 176 -98 598 -383 -15 -130 -343 -6 -264 -722 90 234 683 386 395 474 -239 -99 -262 -347 -124] 3417.14
[242 184 62 68 116 -203 114 410 -454 651 -205 -22 22 -610 387 23 136 -273 188 34 116 -178 -262 -251 -64 327 -246 682 229 -121 448 76 693 -182 -544 449 -300 -234 -385 -371 125 -467 84 115 247 -363 224 -63 -170 -137 -359 -44 472 791 126 -208 136 -27 -156 -235 163 161 18 581 -474 471 436 -181 504 -404 -208 -456 -121 334 -22 -330 47 9 -580 -73 -254 -90 -237 -205 342 -86 -106 289 153 197 -189 -466 -106 -403 -389 -254 -96 -558 260 204 831 -91 89 -387 412 -141 -752 453 -439 0 46 25 162 -286 90 526 -10 55 61 140 1102] 3654.3
[-184 255 340 244 426 687 -364 -320 -275 214 94 498 -49 -8 -825 -118 131 -24 -387 310 395 -40 -56 -271 356 -450 126 516 128 -192 569 -211 -61 -195 0 -563 -364 224 -638 244 439 16 -347 -56 -338 -35 137 58 28 -231 165 106 143 1 -655 -155 -38 43 -60 -258 113 -348 145 -182 -1 -534 446 -170 -459 -254 -258 78 -280 223 -169 -373 -427 -146 209 -166 -8 -24 -164 132 -332 6 -481 -638 -76 43 4 192 -394 255 114 -391 -123 -357 -19 -79 32 -230 -480 491 52 -522 -152 -162 266 293 -218 -127 132 134 -373 -438 -54 -318 -335 181 -115] 3249.89
[141 -423 256 63 -38 -302 142 -196 34 33 100 -312 -33 32 -230 -537 592 -106 692 -354 -475 349 -344 294 386 0 551 265 -107 589 -524 -116 47 -119 -79 -30 194 571 428 228 645 319 13 275 -406 -444 -93 270 -69 416 628 469 -378 -336 -280 -301 -149 173 -122 -627 278 11 -428 427 -615 88 273 -487 81 -53 233 231 -461 545 252 581 -20 53 -55 -179 -26 376 62 585 -156 -617 -478 -16 72 -360 -200 435 278 -676 694 213 35 -258 -679 -266 -413 -71 224 454 154 -91 371 -406 -142 752 246 -86 160 -633 -298 340 8 -588 195 689 -156] 3896.55
[-360 -572 -338 -445 289 -368 -180 145 -247 -57 -871 -281 -310 -72 129 64 -193 -527 -106 -691 342 -52 -235 15 126 -391 -444 545 -294 26 -509 -462 -214 -89 31 -592 -147 391 389 104 -12 -198 -500 -186 94 19 134 -54 324 7 -469 -273 42 -941 308 289 63 92 207 16 -459 -759 33 415 -57 430 -669 -20 -11 -60 208 152 39 -300 251 -723 12 315 -118 316 -274 598 -633 276 -168 -140 -307 -184 -274 -17 143 24 541 279 373 558 -277 150 -292 212 33 -343 419 -42 416 -40 421 -119 367 129 537 50 -12 -32 195 47 171 -910 -211 -744 -19] 3778.04
[382 4 -12 -235 232 26 199 -254 340 13 329 -224 180 822 -161 130 0 -19 -117 630 -1091 -150 -557 217 36 -172 -68 -155 -87 31 -572 197 421 -462 18 -702 -345 -178 -258 -300 198 132 153 193 -596 -244 537 357 -240 282 268 168 -478 159 -667 -502 3 705 44 -132 354 118 -343 -11 -17 -638 533 38 120 -273 -545 516 -64 -50 453 -154 419 -485 -350 447 638 -132 383 409 971 64 265 -195 14 56 75 342 -593 190 412 785 -140 -924 641 -333 344 -103 -209 245 5 -203 -71 -453 -300 206 -466 -21 655 346 37 -138 317 -55 63 540 -177] 4066.47
[-311 -1086 -115 -210 -52 -294 234 -646 -644 -234 -530 -753 -148 507 336 -224 286 -83 84 -285 -103 -472 406 308 431 563 -427 482 6 132 -466 53 510 -114 -306 -210 181 -694 690 95 543 -386 -481 66 -365 373 125 -18 292 52 -458 -198 -328 -508 196 -256 689 156 318 565 -259 -211 144 25 418 217 -792 -248 48 -120 -486 111 335 -245 347 -555 -59 -557 -302 466 -50 346 -563 365 452 7 214 448 -489 -143 334 -31 480 634 184 503 -915 -155 330 366 777 347 391 -458 449 404 -198 75 -31 821 -95 -435 -258 -540 15 -80 -276 77 548 -131 477] 4346.83
[-8 -160 -530 29 458 -271 146 284 -419 672 895 -877 559 -43 -54 -344 -137 -545 -203 -221 268 -202 98 60 -467 209 -211 329 -138 538 -330 511 117 256 38 -272 -248 -268 -120 192 584 376 112 379 -981 -672 220 -76 -438 -207 -622 459 -241 -194 -106 285 -191 -30 685 293 518 461 -313 237 228 -216 -534 203 526 262 -339 293 -39 -787 49 478 657 -340 170 37 -77 24 194 60 -20 241 -608 392 -296 -107 -143 206 14 -17 -290 429 67 -981 536 -335 53 138 431 90 480 -515 -86 -63 -276 -541 -486 133 -495 244 8 12 -217 -379 25 131 128] 4043.02
[-461 -197 279 481 -586 54 299 126 -155 -111 288 -457 -546 -451 254 -661 226 186 951 -291 -97 220 337 7 -196 70 697 -220 -312 -479 -478 773 259 536 296 236 424 450 842 168 131 282 115 -138 -293 -245 -927 47 -37 -480 721 370 2 404 -261 -321 64 -436 126 -249 159 54 763 443 -688 186 -361 -427 226 -594 -56 -527 319 -404 337 515 -1227 306 -820 876 187 649 524 -65 -776 -387 436 -346 -156 33 -155 288 -242 -665 -130 -306 897 0 -328 -62 -352 481 -198 109 11 -40 162 -318 -151 13 399 -72 -690 -741 42 6 184 397 485 232 350] 4623
[46 154 70 517 421 -246 334 504 422 -14 478 110 242 361 -21 103 -188 260 781 725 35 231 -165 -536 -475 265 418 -591 -587 -962 -44 158 590 -229 99 418 -261 -641 269 255 229 -90 572 -458 448 -966 -219 233 86 -338 177 -69 132 1023 138 42 604 -103 -509 375 713 -181 517 280 -552 -73 83 -292 221 -710 -77 -3 231 15 595 847 -825 150 -460 338 620 -508 263 -315 509 79 511 10 -173 156 -131 263 -162 -420 -231 -146 542 -208 540 -465 -145 -273 -18 -301 -682 -210 79 -344 -1000 -111 -321 -56 -258 -13 6 -126 553 631 996 467 358] 4578.53
[-669 -523 440 277 370 471 -82 424 -497 44 -286 69 -417 72 -400 -608 50 426 -105 396 873 544 236 -432 541 58 -336 134 175 -67 497 -82 -87 -237 -894 573 47 -438 379 416 372 253 -33 -238 66 27 -345 -739 -523 22 -495 187 331 216 302 414 25 19 100 121 -440 -134 302 -25 -239 -277 398 -491 -74 -282 -72 46 -350 157 -381 -404 -634 514 474 449 51 -311 -298 -356 135 -650 27 256 -24 40 -20 -323 132 216 -102 -262 -437 342 -309 319 -137 203 298 -300 416 -214 59 -173 -362 -559 -283 -502 -41 30 -152 -266 -552 721 673 -181 190] 3917.04
[483 -112 -180 -150 109 91 -288 770 -426 329 89 -585 172 -903 921 344 529 117 159 40 122 294 172 -884 -847 160 224 211 516 -199 430 -210 326 273 46 -276 -138 840 -44 -495 449 -113 -405 107 430 -70 141 -259 565 -101 -932 148 -134 -431 0 1244 -268 -63 275 -256 877 -451 121 53 -452 142 159 -69 343 -371 912 -415 -552 203 56 -116 -8 277 68 57 -623 83 -577 255 665 80 -42 500 -463 466 201 -543 710 -17 -183 -362 -55 -144 196 184 489 -6 -95 -42 390 841 313 240 -120 273 604 915 -272 227 -83 -329 -347 149 -543 -182 544] 4547.31
[756 83 -175 577 202 -47 908 -562 -378 -293 407 54 19 421 627 818 -465 184 519 -462 229 280 865 210 64 -395 182 -488 -174 -195 390 -535 723 -66 -224 -530 -692 -36 -465 370 2 -351 -253 11 381 246 432 -284 38 -390 -268 -785 -233 -1106 507 76 -78 -213 -89 660 -84 -269 44 301 115 -45 -606 403 -242 299 452 46 706 -92 2 268 -641 -621 -197 -32 -282 -320 -589 -829 -126 161 374 -690 -664 -80 -126 55 -69 281 -514 106 -552 411 720 215 147 437 -769 342 4 712 128 315 228 9 278 -641 -245 -31 -21 -301 207 145 214 -134 518] 4521.13
[-75 306 237 9 -372 -437 230 -860 88 251 -120 25 -431 -202 108 -195 160 -321 489 -504 -964 -375 37 78 -262 -117 4 713 -72 188 -8 -360 406 19 33 -3 83 322 -176 436 -363 109 364 370 -370 -191 59 350 -717 50 781 -139 -119 -10 16 -477 -434 567 -122 -466 -94 96 -350 1096 -93 426 346 -285 300 446 -232 278 -217 131 217 55 -57 -323 -710 310 -156 418 828 -34 -330 -648 59 -231 690 -465 -306 116 -1079 -829 43 204 198 -562 -59 -13 161 619 -196 472 -112 50 -316 -367 181 -553 431 200 299 -463 323 102 554 -972 103 710 97] 4314.82
[127 621 -76 -62 67 -350 186 -246 -253 394 -708 -53 118 832 185 -524 -289 99 -194 -520 18 160 335 -53 72 -143 295 -174 117 -146 -208 -430 -30 228 223 -349 -410 421 265 11 -87 -132 48 -540 121 355 -330 112 99 91 190 -372 50 -1241 787 379 -98 271 204 796 393 -419 -236 93 430 734 -442 527 -110 540 99 748 49 -246 221 40 -88 71 331 873 137 -593 319 276 264 -121 124 582 -220 129 -183 98 -236 607 -188 693 -259 -595 398 -71 394 -442 -237 295 -511 385 443 -594 88 -236 423 532 -89 -287 165 450 267 -422 -91 -139 401] 4076.06
[407 198 -266 42 584 21 905 211 13 213 -514 216 422 693 -200 404 -52 -401 -823 -606 390 313 373 -251 22 -411 163 76 -358 -225 71 -553 169 -132 301 -335 -617 -544 581 683 -494 -267 31 -409 261 -39 -151 439 110 43 77 -927 153 -446 849 482 346 380 339 909 522 -451 114 675 565 -12 150 27 476 1168 -621 532 -192 -233 346 377 -457 106 539 -288 242 352 378 -507 127 -248 -225 175 -391 -213 -6 140 -291 249 11 392 -102 -217 -270 173 5 257 3 302 -1031 497 182 -864 -122 -481 -742 166 -147 583 481 89 -82 -177 215 -330 500] 4564.92
[632 530 -378 -5 -672 104 -66 -124 468 -66 342 280 39 -86 -222 -76 186 -669 -281 62 666 25 362 272 -232 -642 498 -547 -50 101 110 -199 -334 217 440 -447 -428 87 -1081 -103 -553 880 58 348 -30 -29 163 743 481 112 29 754 565 92 -192 189 -488 -425 -706 32 -163 150 108 -767 -199 -884 490 592 -262 -32 309 -256 498 3 -248 687 345 -160 -239 -997 -409 -176 -51 -53 -497 274 -66 -326 -478 283 39 629 -206 -139 -387 -413 471 440 657 -73 -802 203 -58 456 285 21 -175 428 538 -168 43 93 88 -22 276 -632 420 81 -586 -289 -112] 4403.34
[194 148 178 323 89 -49 58 646 467 236 282 6 -144 -174 304 185 886 -125 129 498 -278 74 177 -940 -335 750 531 161 -207 -77 263 -1047 -95 550 -207 -322 -358 523 9 -119 -347 175 280 705 -15 260 296 230 467 -504 137 714 -91 238 -703 458 93 185 -269 -192 307 99 244 -657 -446 -164 476 345 298 -152 832 614 -1039 107 -11 509 893 -335 539 -625 691 -365 -247 203 161 -126 -271 -50 -227 39 153 -318 353 -122 262 -445 555 -20 -154 -363 -310 -342 232 176 -276 257 -320 376 679 -63 -85 1201 -25 244 -64 -89 -339 165 -162 152 343] 4392.57
[682 -580 -343 237 422 -470 1229 82 -579 428 409 -114 322 -455 126 791 -2 -238 305 -485 -179 -358 212 81 166 249 82 -77 -8 -127 349 -927 572 -44 -642 -24 -977 -307 -434 -130 367 -171 18 636 -127 484 309 -221 314 251 -615 -338 -805 -498 -790 61 464 -87 325 238 -596 944 -495 219 -338 -146 124 247 1257 464 1058 172 65 -106 -33 221 1047 -697 234 -125 151 -2 -717 -401 33 137 -285 -344 -526 280 217 263 425 -673 38 -370 -759 -33 -100 47 203 296 127 -28 432 849 -850 48 198 -274 -50 95 381 46 140 493 -401 -128 -289 59 814] 4915.75
[-496 -412 451 -597 -522 -358 -161 -41 134 -140 -597 413 -146 -181 -134 -159 -229 94 -459 -205 -316 288 -320 -315 -96 52 99 -121 -79 -197 -25 -49 -178 -575 -383 433 178 -538 977 -161 -283 -190 551 -310 246 -256 -534 270 -181 280 277 69 -43 607 -133 -491 6 -124 185 13 -387 -332 -516 341 -319 296 178 -462 481 372 126 -119 -42 -446 -352 757 359 1180 21 254 246 352 596 265 -308 147 -171 -160 701 122 69 -131 250 -468 331 -34 217 -211 -1031 -216 374 76 115 259 -591 -181 92 -573 -136 -392 -146 -42 -625 -274 37 129 413 -255 -10 -200 -607] 3981.15
[-124 54 141 -820 769 127 -20 475 249 -424 617 -403 587 -166 439 630 23 -92 1 -143 114 117 77 -262 53 -12 -515 -235 -500 -114 3 450 -370 -157 -28 280 109 -743 597 244 -95 224 357 -191 64 7 303 -245 -116 -41 -204 -449 115 -24 -485 -379 407 119 635 265 -65 169 37 132 902 -354 -985 383 -357 54 -182 -515 61 -356 -209 -108 50 -114 -192 187 318 -255 -172 -170 -304 374 475 35 247 15 -133 -422 760 534 -130 234 -23 538 59 -58 53 123 168 -330 -41 -404 1 195 254 -751 -710 -256 -220 472 494 -304 165 12 -24 -272 -554] 3829.91
[392 -386 -501 -14 -245 -247 -286 650 117 -389 789 -120 -675 -436 921 497 -95 -23 551 -167 -83 39 310 -435 -837 335 355 -276 -306 149 -288 254 -238 567 197 -100 -271 -88 -271 -438 -199 454 392 141 184 -112 -224 -147 39 -595 -316 -88 -149 -88 29 95 22 -396 -236 -321 -327 379 622 221 -56 -326 -336 456 -104 -34 552 -110 381 -33 -182 278 -196 756 -94 185 144 12 -324 -131 -103 -295 444 135 -356 -73 -817 125 252 168 -511 -175 567 659 359 244 -928 230 512 255 809 266 157 233 289 -309 204 66 -423 -55 -294 18 -114 507 -238 -874 -34] 4043.47
[-300 262 495 54 426 230 -5 959 338 -159 -907 -168 515 79 -376 -509 497 313 -215 5 83 160 -32 -170 53 101 92 -324 458 -435 537 -251 -725 -351 -1 530 -714 8 294 130 -464 501 -344 170 42 483 -27 294 -5 285 -122 4 255 -254 490 246 202 467 286 181 107 -138 398 -268 219 170 174 55 -67 -475 595 389 -762 -180 755 -726 268 220 122 374 32 -246 423 -175 59 -321 -67 113 -235 83 422 112 897 -267 199 241 -145 -205 -124 -249 -161 -48 418 -756 -89 -156 -624 211 -285 21 -231 603 359 -309 378 345 -538 -71 -184 350 623] 3981.14
[83 -524 -409 760 497 -387 399 -467 221 -88 48 -189 -413 577 -298 413 304 -421 328 147 243 -293 506 40 37 -464 -307 357 -155 -79 -450 -185 576 670 -292 -802 -95 -165 -383 -220 -81 156 360 -35 -552 704 867 78 8 -115 197 17 -454 54 -742 -375 460 -74 376 222 -418 37 -72 -201 -334 -523 -166 130 -17 -408 230 -72 977 -163 116 -448 -285 -648 -366 41 -114 -119 -19 114 466 -192 -134 172 -28 319 -392 503 125 287 366 -50 -368 488 -21 522 260 560 4 -228 947 -269 -220 277 -67 450 75 -307 -12 259 -593 28 -219 70 -322 -45 397] 3999.47
[-30 204 316 -735 193 -419 -183 1484 -206 609 -1199 -314 560 -151 -492 -242 478 -91 -1329 165 994 -96 -214 54 -420 -74 -29 226 205 525 373 -113 -340 25 120 550 287 528 566 -29 -295 46 -108 -220 263 313 -300 326 6 754 -647 -68 760 -260 1219 726 -384 290 -75 475 530 -559 -144 -86 123 354 70 -293 -60 -225 -498 179 -656 99 817 -208 978 279 66 -65 -186 -173 -480 250 -234 -187 -633 187 -277 -317 438 125 433 151 168 290 195 5 311 -190 -166 -702 1114 -264 12 12 -284 -127 -15 -277 -310 599 449 -590 573 -48 5 -750 -635 -174 705] 5021.28
[368 682 -552 -38 -52 328 -213 -263 230 -563 -225 -251 41 149 160 -191 -492 95 264 53 300 -628 635 48 -57 -316 81 -299 133 -934 240 -701 -162 467 768 -419 -668 60 221 102 -589 63 -242 -104 364 277 230 417 42 -34 743 79 520 -479 202 84 -247 124 -215 219 -507 -369 461 -89 -115 480 -869 46 27 -260 869 -132 -351 -356 629 -164 -808 -404 -695 -201 5 -118 432 -89 -729 248 630 -740 303 532 -16 261 -196 -219 -286 520 405 199 291 -73 -282 -10 -434 404 47 -62 11 -264 -85 -151 360 -95 -186 -380 -2 288 379 -535 -8 -483 127] 4148.85
[-290 457 394 -17 -926 771 -219 -173 -168 -82 279 711 269 -311 468 -184 -718 678 20 607 -325 165 18 -133 -319 165 15 -1002 501 -572 531 -125 -64 -557 295 342 -194 -254 467 -184 -334 -491 -433 -207 632 -525 -72 329 487 -207 389 -827 -301 77 69 -144 -500 185 -245 244 377 194 693 116 128 237 -157 -221 111 21 331 -302 149 86 439 28 -163 -152 -176 593 208 -123 727 -411 6 407 903 -228 -25 697 319 -385 -525 -40 -217 -203 32 -413 740 -66 762 201 -878 -250 -484 -82 145 -14 -321 -83 120 -349 -512 -263 182 -90 569 -21 315 -79 111] 4299.72
[579 679 400 -220 -64 589 -738 -344 -108 -238 -224 -65 318 -319 421 -212 473 14 -272 92 -201 364 -299 -72 177 -11 471 398 -29 -266 367 -1164 278 -807 222 -733 -259 -168 -73 421 523 203 -754 114 -217 -345 -117 93 741 65 -238 473 135 -636 389 316 -420 -191 -126 -76 276 -266 341 204 29 -60 -70 -427 -308 -240 434 159 -523 245 88 149 190 425 816 -334 151 -433 -55 753 175 292 266 -278 4 289 311 -241 470 -223 372 468 14 -211 299 133 256 -699 194 532 -523 -261 634 116 -129 123 525 29 539 432 -125 -364 436 -320 -52 -156 -611] 4132.05
[232 457 -895 25 -334 26 612 -816 109 -265 -46 -562 -39 181 -603 -172 193 -628 287 229 -211 -607 200 822 531 -481 -125 332 243 342 -769 424 136 528 1155 -209 -408 596 -57 112 -161 1106 -255 -25 -606 1001 -2 222 -514 479 854 422 246 -318 70 -550 186 537 164 -269 54 -176 -678 -50 -71 319 -35 976 186 123 142 -126 -265 -259 355 -486 305 -369 -117 -249 -450 407 477 78 -251 -278 -813 407 -215 379 -140 837 -187 -629 206 636 349 50 -459 -89 -240 569 240 258 886 293 -518 -387 340 526 -177 -30 200 -213 -219 1085 -263 551 2 365 -155] 4875.4
[-367 38 701 -385 -291 323 73 -89 -330 343 -337 205 425 238 -505 -853 531 -125 -545 617 -389 357 -260 -380 -16 300 9 36 427 495 140 -20 75 -287 -659 -36 299 -473 117 -27 -120 -602 187 71 -17 -167 -60 -186 -95 152 -509 320 253 75 -510 -512 -319 414 190 -90 644 -416 -564 387 159 -56 866 -40 -28 713 -803 -33 -767 524 443 -195 329 -40 -337 -25 281 107 -89 251 80 267 635 30 -273 -120 -45 -220 -514 392 545 321 -26 -1084 47 -207 825 55 -175 667 18 -228 -67 -299 -348 -20 -342 -375 -339 272 -338 -125 -55 -140 -157 279 258] 4068.2
[158 -220 -93 -356 -537 226 162 188 -209 72 -225 266 434 -61 719 385 -86 412 35 684 -493 -251 -379 19 -212 241 -440 77 963 716 -209 233 1231 -51 105 314 450 59 1044 -147 96 -255 -107 -626 706 -74 172 146 438 526 -281 -385 -459 417 455 12 267 714 168 189 475 -221 -417 338 -866 381 -528 -178 752 423 -1083 -265 18 184 1170 -270 360 -83 -848 -308 -50 -162 -182 283 351 -103 256 -142 161 194 179 -55 143 -122 358 468 109 -511 92 -183 572 -342 -100 -83 394 481 383 -140 -349 586 -279 -534 -242 -550 34 -92 -23 139 115 203 245] 4491.2
[541 441 -518 -206 573 -268 -89 678 11 627 118 195 242 100 -315 276 292 446 307 495 136 -17 -548 318 147 97 165 -257 386 -50 320 335 -404 -442 386 168 -1219 -71 -134 518 580 277 -194 -143 282 -257 -183 184 -309 452 505 -108 103 629 376 358 -56 494 -69 -318 -520 -140 74 282 -236 634 -30 -521 -160 -625 675 593 -30 268 76 -339 348 -152 -85 213 548 182 183 31 499 -51 -324 -199 -165 444 183 305 182 332 -538 -142 194 -718 204 -335 -567 -469 257 146 383 -94 -399 -221 20 -146 -633 407 744 -543 226 126 481 -188 -161 130 998] 4156.48
[32 -88 4 868 32 453 75 -247 55 -171 94 17 -146 -251 775 339 396 292 803 876 -434 331 -99 -286 98 113 28 351 402 -210 140 -680 760 -484 -532 -420 255 -62 224 -16 385 414 -458 181 -219 -289 608 -551 -127 -224 -214 289 26 -30 246 -143 -516 -110 -130 -10 -6 -17 25 -214 -1034 -192 -38 -411 -172 -746 -109 -341 -122 -109 537 -314 -98 -410 -484 292 -47 -802 -56 99 589 62 114 -103 -13 352 -304 -196 129 -734 752 361 -519 -103 536 -26 1030 568 -545 966 676 14 324 444 -16 524 -169 -519 -200 -277 -453 -35 -151 394 687 62 846] 4447.33
[-181 132 249 541 -418 -85 846 -359 -217 -216 -135 -283 -406 82 -675 70 232 -209 -144 -295 -92 -261 -403 136 404 -127 -137 458 -263 311 -413 -226 479 -418 -542 -333 355 431 43 -57 379 -106 404 6 -745 -7 327 -668 -596 280 433 20 -4 -258 46 -578 345 -136 105 -202 -317 -330 -710 49 -514 458 220 -439 85 56 -440 -557 29 -280 265 -438 235 30 -359 -67 141 -151 620 296 -315 159 -550 -46 631 -110 -152 -106 -305 -657 1010 305 -790 24 -700 154 179 331 -538 117 130 153 -45 38 220 404 325 48 533 -850 -375 539 -586 171 -247 147 610] 4122.28
[114 442 79 628 -764 667 -759 -495 -444 444 -570 818 310 -36 427 -259 109 226 520 -613 -441 166 -303 461 412 -368 -459 152 661 778 210 -326 -222 -186 538 -371 -205 699 76 -522 739 170 -1023 400 311 -198 594 -52 66 354 -189 120 -364 -532 416 196 -1341 -523 623 283 -135 101 129 284 -1074 181 -415 -89 128 -196 -173 197 -135 -444 104 90 304 -723 393 286 -722 -224 82 -144 -95 -871 -695 -413 306 359 -237 -279 469 -722 663 820 41 -308 406 -253 504 70 -873 782 355 -556 674 347 -469 331 542 -139 -378 -728 -121 147 211 -96 -186 -201 613] 5084.85
[-211 -259 383 -597 -367 404 187 528 -43 -717 672 -215 772 268 225 -241 -881 -475 -129 -391 766 103 -430 -53 79 105 -98 -1285 -528 92 164 -536 -584 -1103 -578 701 -479 -1284 -228 -418 418 442 651 69 180 -510 145 -466 -313 -225 -1161 553 209 151 -416 -335 -54 -636 612 681 -247 84 -22 -299 731 -680 -313 204 292 160 261 -144 66 194 86 487 -528 635 128 -395 410 -348 -129 -119 -295 324 924 -176 225 74 -111 -575 591 244 2 436 -358 85 367 -153 -104 391 -672 -739 -128 -62 -184 605 -96 -272 -219 -636 -317 -419 292 -516 -15 248 335 -266 -413] 4995.28
[-273 628 -101 80 211 659 -805 733 244 -875 338 387 -495 -297 231 -35 -699 488 -771 92 -280 -204 -464 -258 -399 857 -892 62 -148 -445 -250 -474 -416 -236 -705 472 128 -127 -345 -441 18 541 827 -155 107 -1017 -674 -903 -613 -521 -64 279 321 785 -87 424 -872 48 -24 -901 -446 -1 408 -109 57 -1 -234 68 662 -66 709 448 -223 0 -697 -623 -620 1022 -18 527 -110 -248 -99 93 88 1 540 915 601 638 -851 -720 -414 200 -454 66 438 249 239 207 -178 -942 -219 -607 557 -352 502 -297 185 -411 -313 -3 -365 173 -967 656 -8 162 63 -936 -890] 5408.31
[-469 -82 347 -888 -191 534 -203 201 315 100 405 512 593 -635 -103 186 81 -414 501 -787 -6 223 -800 54 244 -153 -525 900 -620 880 -178 277 11 -920 450 -120 199 -800 687 183 26 503 631 4 338 -451 640 -518 -178 849 145 -30 560 -269 -101 -644 217 518 74 -307 69 8 -11 974 286 791 -156 -107 13 1305 -676 -467 -578 95 571 -195 247 1004 504 -846 249 1010 385 -128 -583 -48 -116 -189 438 -496 -450 -677 752 -173 339 924 58 -35 -974 -452 266 12 -326 304 -709 -541 756 -116 -4 -681 26 151 313 391 262 302 161 18 254 -89 -539] 5306.99
[284 -388 94 -240 -144 306 419 279 246 297 334 -245 97 1172 -793 -369 507 -660 79 270 -284 -253 -395 461 333 1150 -289 -658 -621 583 -628 867 -184 -335 -196 -30 -299 -740 -305 67 587 -736 -195 631 -615 -932 1079 -340 -327 -693 -541 384 89 1117 -461 290 105 -176 -315 -113 139 90 568 -384 -168 -467 162 317 27 -612 -574 503 418 56 -249 -103 224 -1121 -215 -474 124 272 -216 -125 828 277 422 257 -522 -142 378 -249 210 518 222 629 -377 -247 830 -207 -855 -58 -544 -451 116 152 -1078 670 -100 472 -437 -349 570 -42 225 -278 -630 673 201 -175 203] 5252.68
[608 -51 -162 -101 356 370 283 409 -49 -101 -116 -149 51 73 458 1399 -485 200 -455 -532 41 -104 323 -13 -713 -761 234 441 157 -577 378 -469 634 521 -297 -353 -382 645 -920 -597 -654 950 650 -227 444 1619 -92 509 878 -161 -396 -366 10 -750 -170 243 926 -133 -112 -31 222 -200 -927 -528 430 -124 137 462 385 294 358 -137 262 -299 175 210 101 1037 -80 -505 -280 -330 -608 -85 4 223 -414 -718 -440 442 23 375 -77 53 -573 144 16 621 -356 -16 20 -418 -68 -177 -576 1072 -371 366 662 -52 9 784 -114 443 -201 -414 -48 44 -781 -122 72] 5162.14
[181 213 -269 178 245 -354 717 -551 60 -1092 932 -98 -276 -633 433 671 -108 607 272 -133 -1363 -402 -844 61 -117 481 311 -143 110 -610 -263 707 276 -591 -85 551 102 73 -308 552 259 -562 -491 111 -285 -176 -723 -1438 348 482 87 71 -647 198 -351 -81 729 319 -188 -830 -121 553 -342 169 158 711 -487 -486 10 464 208 -257 -356 -34 -41 -115 931 -245 -54 820 671 439 573 38 -438 852 -353 -974 -319 -23 718 82 36 -540 -22 -467 220 -200 -806 7 -304 -316 197 -390 -335 1061 663 -712 -89 -5 -679 224 448 386 6 237 -770 1052 374 560 -91] 5452.51
[68 -411 3 -274 651 -372 -18 830 456 349 -730 16 -626 -50 -676 274 -469 623 -357 590 -179 -359 -416 255 -749 -451 -117 -249 -714 21 -885 -387 139 -111 580 -160 -108 603 -190 -588 -261 -673 379 -151 234 -601 643 779 155 313 409 -141 270 -35 -110 243 513 699 -914 229 -182 -1048 180 229 117 -55 -16 294 27 -365 -379 454 154 -487 1192 -94 290 228 33 -310 754 -116 -152 -242 350 345 -678 -708 360 -16 -340 279 576 -115 426 770 281 -92 640 -732 -1674 -841 34 -611 23 -511 670 -400 -2 111 50 540 1115 53 64 -599 413 -805 -467 154 -273] 5319.55
[-181 380 410 720 -55 568 -451 -568 -122 -182 -290 1095 -253 127 -762 502 273 769 -43 84 36 408 -120 -294 339 41 26 -11 321 37 78 -262 -832 270 -85 -278 598 229 -278 -177 661 -347 135 -667 319 -503 -229 286 200 -533 835 -245 -462 611 -468 -62 116 -631 336 -421 -170 -984 -685 -658 -320 -464 -137 411 -890 100 28 152 482 -223 -866 27 -532 436 124 -640 -82 122 -319 339 343 -30 -352 446 327 -131 -131 -140 668 65 930 -668 -437 280 -339 79 -533 417 -1195 358 -319 -159 458 227 770 1388 140 -270 -846 -826 -784 -646 59 301 -531 -303 -418] 5187.56
[127 51 94 -518 -150 481 -288 -56 420 955 17 245 -119 573 139 -193 -240 293 853 200 -325 725 382 738 199 450 -368 -335 370 562 543 -90 -117 56 14 740 -200 -502 -199 194 -425 1533 712 230 -58 -106 31 -242 -917 81 -406 23 420 -42 847 -108 -193 342 -219 -54 130 224 -113 -21 34 547 316 437 -1 -108 -257 453 6 445 -444 -627 -347 912 -52 -487 -439 -1226 -492 31 446 72 447 821 -13 -68 -476 -485 79 105 -389 282 -383 -339 1154 -442 707 -16 -520 380 208 6 -645 1142 414 -173 182 -162 -436 -19 -129 344 220 561 401 -152 -140] 4916.47
[212 969 668 -834 -713 151 -262 639 -39 -1 -832 -374 -381 103 202 -502 749 162 -178 -19 487 -483 409 -260 -91 922 721 416 -255 114 544 -109 11 355 -350 125 679 -144 181 11 733 -385 548 -121 -293 -195 -235 520 -397 -433 -42 74 682 442 0 309 -350 -473 -594 -109 -195 -755 722 1 112 -515 -602 567 -1015 608 -424 -276 416 169 -307 310 -1104 511 -242 -449 367 -39 275 189 -539 347 1137 80 1141 -448 -637 -452 121 445 204 64 255 232 925 -369 -1012 -541 240 342 -168 -441 -343 532 323 -914 767 -207 280 -1165 -57 -334 373 -19 -258 166 -560] 5369.11
[-289 -528 319 -18 -914 248 809 -530 -95 287 -920 -136 -1004 343 236 -24 -197 -330 281 -463 -359 687 -607 55 528 -1145 -393 -405 122 180 -544 -589 360 -631 -838 -247 260 768 71 -216 -526 441 475 15 -176 934 308 -344 429 912 164 290 -422 -247 -918 134 17 -136 -262 -377 -570 -98 80 22 -1074 -142 690 -967 284 -528 245 5 331 -560 -531 -175 59 401 144 756 503 33 603 546 189 -293 -205 -825 -87 809 173 248 -712 -200 500 30 -502 121 -670 461 329 378 -1176 -1035 95 23 433 -12 164 -353 929 611 766 -314 463 -559 -26 106 -411 73 256] 5435.83
[-58 377 -540 160 -689 -242 -774 -957 -533 -847 133 670 222 711 280 -185 173 127 -498 180 -365 -942 205 164 -170 735 -712 91 -288 550 -803 -108 493 -45 428 -109 311 164 529 -145 -96 -42 -528 -475 574 78 47 7 684 803 -284 472 -15 -34 685 -118 -92 473 -547 952 233 -690 6 -741 -68 250 -751 676 463 -340 -416 802 -19 32 378 -40 1172 -756 -240 -299 -8 -210 -1113 674 264 -313 -153 526 -180 -337 386 -134 335 311 -191 -165 102 132 327 160 156 -817 462 -824 311 582 551 -462 -62 1362 -19 -72 -334 143 -139 -411 198 492 -60 90 -131] 5174.85
[-718 501 -92 -114 391 586 11 172 1089 -442 331 623 794 431 -456 702 -39 397 717 700 -815 145 61 370 -108 -164 -13 98 398 56 639 346 482 56 452 563 -28 156 512 259 -715 1513 -233 -367 370 317 22 1024 -383 8 914 -386 -782 38 573 -637 93 562 -90 406 646 -111 107 -421 -252 525 89 -564 653 73 -318 882 -522 -356 697 -83 -773 336 -165 449 -160 703 774 -703 552 -154 -185 -55 -631 -23 75 78 -330 -557 -381 587 647 -456 -116 -791 1129 202 -40 -592 -547 -601 -647 -387 -554 -97 -963 -213 -168 88 18 839 320 -249 1120 850 -47] 5644.26
[498 357 594 -82 196 505 292 640 -16 -342 -271 -887 43 65 -575 -557 -323 323 -26 681 577 84 174 -125 -513 -281 411 -528 92 -413 137 -332 446 343 106 589 101 -442 381 -83 541 -769 204 -71 40 27 -351 268 410 197 326 -370 -299 -120 346 155 757 133 328 529 1064 121 1229 -159 353 -514 235 -468 -345 150 46 137 40 486 140 384 -660 -7 1453 274 741 -208 395 -30 -20 -326 -142 -339 -276 776 282 221 418 689 421 -462 455 -108 757 -256 -87 -305 194 -604 -709 -871 1219 -470 -1067 -44 228 302 -316 484 -377 513 242 427 943 552 -100] 5129.3
[-155 -478 -605 -54 -45 214 -356 -632 117 733 275 134 -58 793 -457 -607 404 -234 90 -131 347 554 411 363 24 -619 -449 623 -207 -42 705 -287 236 119 -723 -433 48 -383 -941 924 -510 967 -452 277 -572 82 324 -146 -892 -35 -778 472 375 -399 355 200 -397 -280 -422 290 -442 -51 -299 175 -351 506 412 -101 -222 226 -319 -207 308 -67 -192 -800 249 333 -1094 208 -863 257 -112 304 197 1263 -413 -715 88 -219 106 147 -209 -178 -15 502 -249 -196 437 391 529 -17 527 1456 1211 314 -464 426 121 -646 361 -1013 217 717 -289 -253 102 -478 526 -487 235] 5287.73
[-458 267 563 856 785 812 -21 701 -305 316 832 370 132 26 -80 258 572 888 62 -541 -514 558 659 302 -651 11 39 154 276 200 410 -47 457 -186 -752 -618 -688 821 -259 1035 -184 777 -133 271 -648 370 -397 99 153 -520 119 -614 -234 -629 425 3 175 852 666 -244 45 -232 481 -545 397 -352 -426 449 -391 339 429 931 748 -825 380 -515 680 112 442 114 -321 155 -180 -167 -429 403 -442 -56 -272 532 -69 83 519 196 5 -271 -526 -298 243 -591 -614 109 -335 168 -8 -445 368 767 1072 -356 78 901 -352 308 -585 -586 381 -1204 -467 108 -52] 5329.01
[-353 -977 -323 -33 -168 -1221 -21 -215 -162 -34 505 16 -662 -254 301 -13 -706 -459 727 -217 -636 -242 -608 548 -14 -360 -811 -283 -572 839 -272 343 -138 56 178 -49 -45 9 253 589 -637 -448 499 41 534 487 -218 -726 -616 50 703 257 28 188 667 -1031 15 -166 839 -726 -1016 -60 237 505 -270 553 -1014 -160 -660 -310 213 605 729 331 385 -10 701 -513 205 442 359 559 -305 -56 -856 -465 172 -585 419 -187 -99 219 225 48 -410 -175 721 657 -110 109 -725 638 806 23 290 -688 982 384 199 -457 361 408 -95 -471 665 -135 901 -717 13 -534 -442] 5427.32
[880 284 84 231 -1047 670 -225 179 119 -495 451 512 809 526 -36 240 488 729 -905 -440 -1159 -717 -40 850 -165 991 -60 -392 -3 292 117 -13 -80 -394 324 54 -316 -30 -605 -329 229 -122 52 804 353 -408 332 700 198 121 644 -884 -202 317 -427 157 -733 -129 -685 -533 209 278 261 769 721 -42 641 111 573 683 296 407 -439 300 314 879 -3 -233 -149 -1418 -194 403 651 -725 279 51 760 -82 660 344 -82 158 -441 -441 -451 133 -58 -430 -19 -367 -344 -1087 -24 10 -324 2 -807 59 -380 536 -457 421 311 46 -668 99 -176 126 -459 162 171] 5323.44
[-86 -1448 -725 2 992 -259 52 -470 305 437 649 -27 -335 3 -61 439 -742 -449 12 -519 -734 -546 -528 -150 3 308 -63 267 -149 -225 -402 -68 -246 570 27 -677 257 -69 -1047 -71 -263 -608 -81 14 -464 233 676 -565 -549 -362 -251 -188 -1281 -772 -630 -114 671 -258 354 -291 -839 214 -601 539 -176 -118 -490 434 206 702 402 322 744 -661 -263 -855 58 94 -179 254 245 501 125 422 549 437 500 -450 -13 -952 186 265 -211 -16 434 273 -581 -522 -549 468 -319 301 192 446 119 269 -248 298 -53 108 708 -431 493 1291 -264 174 -1162 -439 2 -105 -646] 5359.26
[-397 -55 -440 -292 -649 -356 -314 -486 280 -810 -525 138 -646 -145 -172 640 -494 455 -724 120 836 -39 1008 869 -578 -859 -511 -86 120 162 -342 468 -625 534 179 -223 792 3 -4 -576 -708 95 -146 -480 263 -119 1145 -57 13 84 209 -1206 28 -424 199 -98 -714 -452 178 488 -60 -582 -227 384 370 -91 -397 -104 78 214 748 -970 1008 -590 -582 -521 -604 44 -71 233 -960 629 915 -721 298 0 154 645 -340 424 -487 -372 -94 419 -536 145 -188 433 -187 759 810 408 -332 -128 448 -164 -246 633 406 190 44 -667 -920 -100 -656 -338 167 -174 -208 -888 294] 5447.36
[-145 232 736 407 195 645 1238 357 -532 540 132 415 -374 -640 -384 -578 89 47 -465 -532 -330 264 303 741 405 489 -183 14 229 -179 616 -327 803 -88 -316 677 -849 -135 -565 -270 -21 -109 391 269 -808 -493 -695 677 -588 -526 876 200 414 1035 -770 -719 462 22 312 -152 -4 646 243 98 38 -359 882 692 1150 -187 -686 453 198 -625 -440 156 1 -268 -315 -361 13 336 124 -569 -849 45 -773 -195 -116 494 -454 -293 -229 -995 -235 -899 157 -1155 -113 50 -406 190 15 -147 246 -490 -1290 -111 880 -59 -1003 388 -127 -693 -204 422 -394 253 -128 427 417] 5612.41
[269 444 151 13 397 609 -341 233 594 -78 22 479 223 -367 -45 264 -336 -69 -8 -47 -208 -381 -867 463 -195 -557 -22 192 -149 63 -9 -35 -386 -703 1035 -497 -473 -871 186 -230 318 476 166 2 126 56 -174 727 -123 1189 913 -359 197 137 627 -134 174 111 -93 -321 140 238 1080 25 682 -218 406 -251 -79 33 -208 401 255 32 1145 -457 490 -239 55 352 389 651 515 231 450 -724 -371 -110 146 234 -172 194 488 247 554 626 601 -193 -265 311 90 76 587 485 -52 -53 580 -684 413 61 -29 775 836 102 143 340 350 -593 150 132 164] 4663.71
[-159 216 -80 706 -190 532 1179 -12 -865 -110 -147 81 170 1001 -556 -13 -495 74 -652 -804 313 255 367 322 1062 -558 2 -17 -879 -16 -478 -40 11 -403 -119 391 -118 -76 276 -164 -486 72 103 -415 -287 359 -98 -683 -464 -183 546 -464 561 -359 188 -780 89 -340 -297 668 -501 431 475 415 167 -257 -51 354 -528 320 -491 10 -628 -1237 128 595 259 19 652 300 929 247 578 -595 -646 212 -306 -169 -202 -442 -447 714 -647 -970 416 1337 -684 821 -535 92 -855 184 -565 -389 -362 -518 -164 -829 -70 -843 -260 -171 651 -528 352 617 -780 566 339 -594 208] 5560.2
[-478 -766 -33 566 580 351 260 -119 481 -934 -10 548 -615 410 128 -401 -768 -376 -328 183 -32 276 -418 -219 137 -644 -132 -378 -88 -100 -237 7 -195 -733 -1162 311 215 93 181 150 -1219 802 -18 -285 -113 -385 17 -305 -723 -247 128 849 110 -363 287 -889 -199 342 -307 -47 -818 -255 -311 -618 38 -68 282 -342 -210 -321 -849 274 -208 367 471 -797 206 156 -1389 810 176 -644 -99 -209 -713 82 -345 -1095 345 -889 129 -121 -281 240 -231 193 245 59 -416 -54 269 -338 -4 -222 429 -239 549 -34 75 -373 -686 -1329 -323 337 491 0 -379 -629 224 480 -558] 5231.65
[-278 -126 179 332 -185 -110 319 -284 -778 198 382 -458 408 -380 -400 855 510 -448 165 -202 76 -177 44 -207 -509 887 -435 -25 -748 17 -661 -247 -83 211 992 129 879 60 333 463 697 -402 183 204 -229 -10 -73 -679 395 -647 278 300 -479 -29 -258 496 -384 -307 615 -134 544 -387 591 983 -280 199 -599 -187 -354 -105 829 162 278 -607 310 171 -367 -975 1196 727 -148 842 -41 368 -5 -1089 584 1020 -1080 109 184 157 -127 -390 164 -454 -286 647 266 366 -384 664 313 -965 37 161 425 -51 367 324 611 691 142 -185 -329 -96 -197 265 416 97 -9] 5175.59
[66 -95 252 -106 -130 191 -28 -75 -262 199 401 82 32 -668 584 522 -771 -752 542 684 809 -86 221 -579 396 -305 -249 203 565 513 895 -279 377 285 -584 207 52 -870 745 183 -263 -378 -186 -21 -243 541 699 288 -152 -695 132 116 -180 491 -216 4 -444 -11 -301 -813 297 354 343 -347 -627 286 -130 383 -278 243 236 -169 -77 348 144 -63 -274 222 746 -333 -424 -10 52 -523 633 -405 -215 -468 -35 314 380 -202 897 -136 -140 -644 -409 595 132 956 25 1624 160 -512 781 174 131 130 392 96 558 -764 139 26 -114 -109 -461 100 219 -390 -336] 4792.89
[-549 -22 190 -254 -282 -206 231 1354 -148 -70 -337 -435 844 -507 -365 -256 497 -179 -221 -896 1125 -321 19 280 -33 261 543 406 786 735 -85 103 -205 -374 -92 -304 -358 179 448 -13 993 342 -277 -145 -146 -32 269 307 181 673 -268 -545 -78 -340 137 -7 -97 -137 313 -330 -26 561 -144 721 339 375 -96 -588 -363 275 684 -748 262 334 321 -479 528 82 -217 -45 -504 719 710 -47 -797 -325 -321 -44 -312 227 290 341 511 33 992 237 -414 -189 -889 -268 -60 -374 1207 149 547 -518 -147 63 -143 -259 264 -68 71 -118 -231 484 -399 -384 -589 319 189] 4829.4
[901 514 -14 -654 198 642 63 167 623 -308 -31 -442 -921 739 1236 -263 373 -304 606 -307 -525 411 -160 27 438 -164 -219 -65 218 -453 -164 -274 7 -617 -563 370 -513 -109 276 -43 -274 459 418 383 -309 -699 -313 593 -229 -66 365 203 535 538 -359 -12 85 713 5 30 -477 65 4 192 -336 62 -67 -61 482 73 -149 64 -595 -147 -398 -66 249 7 -427 -262 676 -880 730 700 23 398 -103 -226 1055 817 -564 -377 -253 221 223 638 483 -721 -117 -389 -113 -879 -289 462 234 -526 -161 45 254 -390 204 -44 -369 -314 -479 -98 478 -570 774 -179 -191] 4778.83
[-797 906 -318 508 363 47 -685 473 670 549 -21 730 467 -366 -545 4 401 343 15 -248 370 -384 32 663 -336 303 297 -205 784 126 -175 407 -909 346 955 206 233 426 -909 -567 -257 1449 -79 240 -30 -898 -747 72 -393 288 -163 216 45 -92 162 -106 -878 340 -211 210 -481 575 60 -440 127 165 343 -510 145 368 -947 356 82 -350 256 -1119 -496 217 -103 37 -78 241 132 -920 -43 -297 256 -100 -679 -306 -180 -65 -651 277 145 -248 208 -963 528 -900 112 112 -710 239 367 -795 -894 306 129 265 -252 11 333 -370 -614 94 182 -526 -439 -53 960] 5283.56
[-775 393 -233 964 290 -297 -146 -209 15 -122 361 510 -121 -273 878 -418 -185 706 -30 -201 -537 781 91 -139 671 186 314 -744 598 -431 -128 747 -782 439 -250 -20 -304 441 130 -627 -212 -1484 -420 638 473 -101 -1194 -422 -63 -335 -309 -226 -532 168 -94 587 -409 -560 177 494 -453 382 -223 -674 317 524 -70 112 497 315 737 10 -214 -726 -712 878 296 -843 -18 255 8 -266 -142 -692 58 254 456 282 510 508 549 -821 -1067 122 -146 -639 -288 55 -1400 96 448 -168 -341 -142 -306 75 139 -493 -129 -565 302 560 -300 719 98 340 -397 484 -348 -628 796] 5453.09
[-603 186 -521 327 1083 257 -388 574 460 415 -1 582 50 -704 178 347 -395 512 95 299 -54 228 -145 88 120 -422 -903 804 -200 455 -247 92 -273 894 -905 -158 248 78 98 -736 -427 -550 360 272 566 -230 1075 -500 -190 -557 -215 16 357 314 -648 -310 -338 -367 16 110 -494 314 566 -172 -376 45 -332 343 243 -31 -523 -213 -124 -370 -502 -551 -236 -389 82 -320 447 225 -547 -860 289 191 -468 -741 23 -206 -1087 -631 102 -140 -425 -493 383 398 -80 -361 -249 -441 -705 -171 478 -1401 809 236 26 -362 -559 84 129 350 -33 110 -2 -355 -181 -530 795] 5016.1
[-202 319 -172 1021 819 -583 78 -331 -368 126 329 -239 383 -923 209 166 106 269 813 34 571 77 71 603 -446 -150 921 178 -11 64 482 -278 595 521 173 -149 -20 -202 -798 -451 557 -307 -188 496 -397 -160 -502 -85 -20 -103 -1136 140 -67 -621 615 55 174 -1159 310 510 185 357 -103 -194 -118 -299 -633 119 483 -34 -144 191 703 120 273 119 -328 -154 409 256 -703 -469 -751 -564 -344 423 -586 -210 -985 -139 -196 227 -168 -305 -217 -23 -265 20 516 -98 129 -632 22 612 -142 -208 -606 416 -102 -75 387 85 -97 164 -798 404 169 -66 53 67 503] 4653.27
[-503 36 -301 326 -104 527 31 666 -1384 -547 -610 -862 -209 490 11 -813 117 496 -163 -38 537 -169 583 562 243 -164 -963 668 340 810 -371 773 -370 201 -587 90 -300 329 -219 -278 250 -730 -738 -222 172 588 485 -256 -518 -675 348 -513 727 -145 637 -836 -289 -49 480 520 -888 76 -10 55 798 392 -1002 82 -522 -1184 37 57 212 196 -182 -762 240 -1538 -586 591 85 384 -721 -570 -707 -651 -324 -273 112 -107 -570 110 -98 644 -71 1078 -20 453 75 365 -692 498 4 12 1297 -253 -515 476 354 391 -422 -982 -377 -662 201 405 258 -226 -156 31 1440] 5969.14
[70 -91 51 -486 -419 -463 -528 134 808 -500 781 -28 -739 -929 1078 216 390 -28 1064 -850 -913 594 147 168 221 455 643 308 802 164 319 -128 299 -333 -565 -28 -6 162 -397 -282 284 1130 42 592 -487 -582 -779 -140 -773 74 -267 648 -280 120 797 122 -726 -236 -365 -589 -179 521 -284 -550 -669 112 427 -382 14 424 371 671 -612 -78 -702 408 -840 1498 637 -211 -775 -178 148 -175 695 -294 234 325 204 185 -720 -544 36 -516 227 -770 -440 -387 27 -528 218 916 186 483 402 97 347 438 507 -205 376 547 123 -624 -304 247 -406 453 460 -527 -169] 5550.47
[469 667 806 585 -1062 142 -158 -166 187 -425 12 480 -286 -438 -399 -78 166 443 -499 311 -289 565 -353 347 120 -609 -19 -1441 -384 497 -779 595 143 -390 -3 233 357 184 -187 -587 -635 -108 -121 126 653 -353 -162 -327 73 247 229 146 654 178 1008 -288 -902 -122 22 66 -111 16 -258 -620 180 -692 588 -35 -238 25 -186 -556 564 186 214 733 -2 83 -496 -172 -400 -160 35 -1073 162 -272 442 20 128 423 41 -376 -585 392 -173 -328 723 1379 -74 -116 36 357 -1381 -276 -481 476 746 -61 122 135 -275 -157 202 282 429 -268 710 221 -420 -400 505] 5097.12
[-64 78 297 450 211 -331 152 184 -557 511 -603 137 65 -455 1160 -149 -103 191 -84 -677 67 657 222 -175 384 -189 420 468 429 25 180 419 1166 -247 -1333 -345 -71 633 208 -353 -85 -1046 -210 -177 516 -306 -94 687 577 153 -410 -695 -25 69 -353 -534 -77 126 -444 -90 -333 -602 931 745 -746 -149 147 -148 240 440 -586 -314 258 156 -92 269 -936 407 -661 -450 14 538 -1131 -446 -27 101 1141 -345 -417 39 -392 145 92 -64 456 -101 -146 -702 -485 144 568 -256 -238 -514 757 -1054 398 10 -307 1043 684 -629 -739 -295 -612 353 -115 -1069 138 282 126] 5405.12
[223 -1170 -458 -675 -303 251 -1079 -301 201 -1023 -150 778 -620 1187 -124 502 -998 814 -108 729 -203 509 -219 603 -18 -729 -629 -646 245 113 126 651 -412 -1004 -198 51 169 208 -228 -742 -541 -91 -290 -356 233 -46 210 -85 -381 106 -440 -564 -472 93 276 -170 -451 -340 -437 185 0 -121 -18 -535 297 -199 329 -649 -853 -379 71 -464 180 737 -617 -114 -90 618 205 305 -487 -228 -502 61 453 549 -48 217 1107 258 -539 -506 114 153 -368 716 -446 643 283 -112 348 -264 -446 265 357 -154 1055 -255 -877 877 89 -831 -470 201 -376 -64 -103 221 285 -1163 -1212] 5600.92
[312 653 357 -591 40 219 -490 -197 79 707 -407 -515 191 -392 532 -395 -108 233 32 178 -107 484 27 140 234 -12 133 -711 33 32 608 588 -384 889 447 583 -304 613 -14 606 -379 193 -702 252 667 807 -744 -835 352 710 -608 384 611 -447 267 950 347 -13 -392 -216 -396 172 93 10 34 475 166 64 328 -404 -292 -118 -1000 266 -684 -205 179 381 320 -166 -122 -767 -1069 -312 -140 -644 624 -714 -494 772 804 -487 200 412 -967 -313 1107 177 256 163 -676 -717 357 -284 -9 444 -366 19 167 -484 -401 415 326 -9 811 -28 -145 478 -176 -672 -170] 5176.94
[443 437 -321 325 -312 416 514 -171 -377 -266 924 -13 264 -810 962 617 -33 153 -171 -586 -993 280 -175 257 342 -18 -268 1140 48 -311 86 -286 710 -1029 -190 -1073 -362 -158 -580 -331 194 564 -216 314 -325 -45 41 -485 251 -246 -316 31 -95 -224 -187 -278 -515 -464 -84 -609 -172 258 -234 498 -722 -68 -134 64 665 365 472 350 -489 -963 -37 -240 672 288 258 142 -189 571 285 307 590 1146 208 -272 -788 128 119 257 -451 -886 -208 1054 -575 -668 -189 1 664 -207 -397 471 58 241 -919 214 333 -442 355 325 526 268 -150 -37 -521 640 -312 -369 -337] 5138.3
[316 -149 -235 -235 723 -964 3 237 271 -223 57 1082 -634 -29 -113 1803 -321 491 413 421 -585 4 55 -34 -463 -66 -114 4 103 -517 96 383 414 185 591 304 118 -628 -197 117 -699 589 1065 -1014 275 5 -876 -582 -179 167 158 -418 -326 1127 -29 -426 85 586 -156 -236 -29 -698 -518 964 -795 -140 -62 -91 -149 240 158 1147 171 -198 341 -166 -1097 1462 21 -56 380 478 -685 -399 560 -321 948 -485 -69 -489 -93 465 84 218 -635 -889 474 55 237 -396 747 292 -285 312 -492 214 -125 -726 293 351 -461 429 -443 615 -81 -650 313 844 225 -338 -43] 5676.22
[16 53 246 246 -358 -1139 681 -575 -418 -144 -778 -162 -288 -335 1006 -385 -271 -198 405 -695 61 591 102 -381 394 249 494 -66 137 -1018 483 57 347 85 -549 218 356 182 -579 -179 209 -1021 -452 -312 53 280 -417 41 921 308 -538 383 118 -227 -648 689 155 -872 -796 46 195 157 -588 -462 325 273 -178 698 253 654 604 206 490 -14 -896 1301 190 140 -31 615 -743 422 -173 -176 -329 1627 -704 399 44 183 -122 -432 333 487 -548 -141 363 -155 -640 243 1224 -318 -125 -541 -467 661 -396 226 255 -375 -70 596 -631 183 441 369 -326 108 705 457 57] 5477.83
[139 554 -881 -536 823 57 -162 449 107 -351 351 -527 -665 -630 -687 316 -1014 -467 -124 457 -46 -622 81 276 -392 -925 -357 515 -41 302 -315 166 123 604 -78 -648 -752 -689 -222 78 294 -168 444 -10 35 -556 238 -420 -562 133 -195 94 -42 227 -356 -441 227 72 202 -705 -126 -516 147 216 -168 -804 579 16 691 389 776 -32 -481 -747 -351 -586 -353 -320 33 -192 155 1166 -603 -227 259 -92 452 -622 -465 261 -424 199 -384 280 -264 -788 440 -468 -340 -216 -849 -505 72 75 599 -563 738 -1077 457 -761 656 413 -140 848 -342 199 392 -246 -678 -417 -492] 5218.21
[108 -102 352 364 -91 -357 1085 30 -146 134 -211 220 -544 -427 300 -37 1128 -565 898 -433 -1056 491 -502 -555 -29 591 501 322 45 564 -269 222 524 -384 -103 11 523 -173 394 -600 -96 -336 312 -88 69 -410 -134 -307 117 240 379 -167 -196 220 -1006 -892 370 -435 -710 -735 434 988 -132 286 -194 -24 508 -684 640 -89 -567 -363 438 237 -228 334 86 -186 -356 396 49 451 305 -50 -325 -64 -135 351 -7 314 -1356 -239 -433 -306 448 -65 10 409 -1101 252 1253 274 -715 41 312 96 -1071 109 -212 287 -326 22 -82 -338 -443 930 -277 -416 -900 34 669] 5260.61
[-256 308 -951 -127 421 -452 -441 -988 -66 -363 -482 -62 -129 -308 177 113 -392 395 -751 176 -419 -1134 275 543 -76 -196 -552 935 121 124 -497 2 -375 74 52 -157 390 -294 132 17 250 -532 79 -129 111 -197 301 -509 -21 509 -148 -463 44 51 -426 -129 -509 -76 -394 -53 -459 -182 -89 450 930 -257 -576 -52 -129 581 -187 -216 390 -124 -386 -320 -469 -1195 -611 -320 -480 563 120 189 325 461 87 170 616 236 -299 -103 -548 196 -600 34 -656 -117 16 216 667 -495 -360 14 530 -449 645 -717 19 -27 -540 186 36 665 378 -741 -315 -270 -363 -38 -3] 4592.89
[154 68 -127 120 36 -93 168 -849 -688 351 -99 -278 213 -417 924 19 -849 110 685 -199 266 226 -410 453 806 -337 279 239 134 -248 -439 530 198 -748 -753 138 260 -5 701 40 1079 -146 311 -374 89 -202 -561 -316 -91 -132 -67 -520 -123 -250 362 -227 -321 131 143 -2 -360 60 -1563 302 -88 752 -375 665 207 -247 154 -549 285 -475 -527 504 842 -248 -529 285 43 -1094 -763 -362 314 -493 -12 -222 427 106 334 586 270 -583 -688 107 -238 -528 -504 -508 239 -81 492 852 -103 365 743 124 28 -155 1008 -892 -404 202 388 -378 951 65 418 573 354] 5160.26
[197 501 543 -94 -208 -499 -610 -192 -827 492 -403 -790 416 -882 -521 -1368 -535 -351 -1293 351 107 -554 -455 -444 3 121 -226 766 453 343 -183 75 54 56 -144 433 347 -144 392 553 1043 -88 -359 -435 -81 27 -10 261 24 226 34 689 134 -277 700 310 -456 524 -35 -413 661 62 207 64 805 309 962 -174 29 584 -323 -454 -537 454 -80 1191 -84 700 978 590 -470 157 315 401 857 -844 90 1048 -152 -330 223 249 -73 -329 5 -241 -168 -663 -153 734 -61 443 761 -1256 -128 -149 1048 -901 -649 -77 -29 192 472 114 70 705 97 -368 167 825 -978] 5708.88
[579 184 177 -91 263 625 -246 344 491 761 -425 -364 883 -135 -78 86 66 246 289 -337 -1026 182 -261 106 61 527 13 -685 888 468 345 596 -833 514 562 731 -310 29 -206 -278 620 -518 -595 475 99 141 527 494 -498 -41 -171 -306 -467 47 -122 643 -762 -783 279 -146 -1011 981 -543 43 213 -144 1 567 65 349 28 -297 278 -505 -625 444 451 -423 710 101 -626 240 726 -1227 651 -236 -522 88 229 480 -192 468 481 -421 229 381 15 345 470 -163 -1348 647 53 539 301 39 -448 -201 -874 -508 -263 -378 104 502 -296 389 -389 121 -507 383 -436] 5252.28
[-36 -323 -615 385 670 -104 46 446 237 -271 989 -541 1028 -39 -379 806 331 58 532 -29 299 498 53 -824 165 -424 200 150 -653 -149 928 639 -66 54 -92 -226 383 488 -580 419 749 1110 282 -232 -373 109 348 -1123 -917 245 -552 -410 214 -1080 -851 471 -25 -238 266 -273 -41 -163 -111 -206 -677 -201 -446 -234 42 -415 71 -21 -102 649 -185 -119 -1467 603 708 85 -336 -421 -497 -29 -435 320 572 356 -336 -746 -359 599 -254 -396 -414 109 -861 853 42 330 -306 -33 -526 322 -168 24 -407 308 -651 -234 -178 -79 136 443 -783 208 -190 558 -510 362 -626] 5322.83
[-1721 -375 -614 279 -645 -67 -399 -609 327 -748 -447 -193 -828 -534 345 -859 -396 -213 856 -828 127 142 -248 134 -225 21 -613 288 -691 -607 -752 -337 -645 -394 -428 532 1221 250 168 -90 -679 -118 77 336 -143 -498 56 -638 -387 -476 -545 -160 543 315 299 316 -60 -821 -379 355 -666 355 790 -173 404 149 -316 -424 221 -722 9 -22 358 -372 -920 -361 -605 11 -267 -289 327 482 485 -227 -357 -202 -159 -130 524 -414 -387 -76 -547 -778 395 -122 -391 417 -1133 142 195 -203 42 -258 -611 -505 32 195 436 -160 759 255 -54 347 309 -444 -58 -377 1001 -159 -638] 5382.78
[41 101 95 -740 35 216 -1010 156 91 321 -275 333 451 -195 -381 -661 595 -1187 -217 -810 276 -258 -167 297 58 -611 501 949 534 951 -97 -347 -597 -542 -331 -215 -22 -298 -546 240 378 1124 -422 23 -144 278 -141 192 -241 -22 -122 395 453 -374 397 -346 -817 -142 406 180 408 47 -4 358 745 -383 330 370 -469 561 -331 278 -149 534 -9 227 270 226 901 35 -493 -301 34 352 126 -985 269 678 158 347 -943 379 541 -355 345 1169 -215 -669 165 -383 -18 631 578 1154 270 -867 456 -45 280 -103 -150 69 452 -97 65 55 683 -1251 -85 -904 84] 5326.37
[-569 -161 317 -59 -283 93 -602 547 607 593 -161 486 14 673 -363 -668 -473 -75 -613 197 405 -480 16 295 68 -452 102 88 841 -14 -117 -293 138 384 -102 387 -60 1037 329 -863 -207 669 -197 -31 369 996 -196 272 -17 -1 144 568 -16 55 454 421 -1014 220 -332 543 145 -573 254 -516 -700 986 829 -592 67 -499 39 4 -801 -23 1209 -173 -296 555 -661 478 -458 -585 503 645 884 -241 -666 -288 255 390 603 309 -214 -278 606 474 -20 -823 297 -254 405 102 -290 271 225 217 -92 -351 -245 286 163 -83 352 -1157 -164 253 -295 23 -326 -567 913] 5166.81
[-449 -84 -218 411 2 636 -760 -283 -516 -118 -471 380 -493 -305 -125 -384 1370 441 19 926 528 138 408 -411 -736 29 175 1037 330 -831 996 221 113 -149 372 -134 -435 240 -1142 235 -1237 574 -892 -14 -514 145 -212 620 -193 -305 325 -496 -151 121 148 -153 748 1096 -499 -370 -319 -10 1170 95 297 17 155 -290 -235 -975 -37 285 43 907 -56 -1636 108 696 0 -187 38 386 -344 -67 -262 -225 -247 29 -36 -126 405 -8 88 289 -536 -102 108 272 -115 893 383 233 150 -271 314 -412 -1365 293 -297 723 -2 -136 663 279 -266 146 -315 -50 -39 -61 445] 5508.38
[39 -368 193 -724 663 440 187 -10 66 260 -1075 -480 145 112 301 -26 76 243 -219 -134 -56 240 639 103 299 -112 -130 824 221 -79 -504 -725 396 34 -54 -682 382 -844 1549 -182 -663 -181 -320 -18 -215 522 746 905 635 1138 538 325 979 -509 181 488 -450 1176 -945 261 423 176 252 -201 329 -83 -361 -173 -450 265 -334 259 -660 -98 1173 -664 -217 -90 424 -111 77 307 519 472 431 -629 -32 116 257 32 -221 218 170 -597 1132 784 -646 549 -80 20 -333 428 432 -118 316 112 269 -591 33 -279 -24 -123 1244 257 79 -13 227 -1205 -12 -273 -215] 5457.38
[349 339 135 398 -221 414 473 73 504 -713 -493 42 469 208 -157 -134 778 -145 -6 -370 539 439 342 -22 93 -228 1102 140 157 -620 348 -1538 355 310 -81 -248 373 293 -1018 631 -324 369 -189 217 -38 637 -567 640 97 -376 62 984 301 112 226 -158 282 -1098 -87 784 -57 -683 -692 -35 -101 -553 884 669 -624 -55 -119 -178 -390 -372 21 147 65 19 -39 -1132 312 -218 -35 670 -724 140 -264 -747 364 -232 161 524 59 -913 710 -73 366 -945 9 -442 -274 -193 772 1828 -732 -270 -226 765 516 362 397 -143 -179 66 -552 -533 259 46 1034 834 -628] 5694.76
[471 -582 -472 -273 -140 -98 214 -1061 -575 91 -1537 543 -358 588 319 -906 -428 223 195 46 -321 -66 -94 606 593 -371 624 584 722 34 433 129 429 -309 -440 170 -811 -605 -351 87 -109 -510 -565 -68 641 438 167 -215 337 267 -143 -220 27 -23 69 -575 636 78 -203 273 564 523 -192 953 323 394 627 -28 -719 552 -210 -52 -385 1080 -109 177 -237 -427 238 205 -704 206 57 13 264 -849 268 -630 652 319 117 -210 -185 -128 -497 469 -92 -361 -510 280 128 -102 18 402 -495 566 360 -974 -772 207 137 -321 394 -609 818 -20 -324 133 604 -44 425] 5078.63
[411 -173 250 550 337 -477 -64 21 200 -135 110 44 -312 -553 586 945 1008 -434 307 424 -1097 363 -491 -808 361 189 -15 1356 358 504 508 436 -155 -200 -775 136 232 -38 -57 796 208 -242 -365 814 -351 687 201 -792 -900 -529 -359 -577 -98 25 244 -401 -660 64 92 -1145 -361 293 -425 518 -247 69 708 -893 -818 -248 -97 240 -804 1015 -713 142 -62 -201 939 -167 306 -188 -202 -72 694 -439 254 -165 386 -877 -330 40 -872 -294 157 -608 -439 149 -736 195 58 1200 140 937 -293 -12 -320 108 -69 -97 -471 101 -40 934 -360 255 -141 381 -817 610 314] 5602.87
[-511 -573 155 64 519 89 153 -166 111 373 590 192 162 171 -1104 -156 294 -77 119 -163 -451 -490 818 0 184 411 -417 389 -771 -226 -606 -444 -67 538 235 234 370 -303 -314 305 -20 -39 299 275 -512 367 -52 -440 -99 -205 408 -377 -764 -370 -874 -626 913 6 151 332 -506 1373 -147 545 1238 305 157 102 182 -211 324 111 -385 -124 -415 -345 651 -664 1126 405 586 -482 -197 -137 -32 -384 -10 789 13 -228 -17 358 -275 81 487 225 -501 306 768 -52 206 -439 251 -98 -576 -330 -488 -398 -163 -771 -6 -242 372 709 -16 541 178 -98 -217 226 -964] 4933.42
[-603 -188 43 242 227 763 278 -3 -1217 807 -103 11 252 -216 382 -965 -1043 814 569 -730 -108 643 107 439 200 -482 50 -152 476 -755 238 -22 -122 -659 -375 123 -193 257 -136 -551 -346 -91 -256 -375 75 -576 -43 -60 248 189 -144 -784 -165 -663 -293 -2 -845 -28 -77 8 993 -151 -319 763 -206 -486 -301 320 565 351 628 4 -236 -115 657 -113 -563 128 -293 871 -553 26 251 -574 11 119 126 83 -314 162 -230 -174 -175 -638 -100 611 -621 -962 247 -304 685 -409 -1068 54 -268 182 190 -108 -316 -37 786 46 -456 46 531 45 -705 -292 524 474 36] 4975.43
[-181 -107 271 210 131 101 -411 -521 -380 414 293 153 568 734 -263 -611 275 496 -751 247 105 222 -75 187 439 100 -1003 -75 861 -385 8 965 384 -62 -58 -406 -96 -466 -442 480 -147 -80 -241 -164 -399 -491 -256 506 152 -96 159 738 60 694 -545 408 -182 630 759 435 133 799 -78 -541 237 -359 159 -490 -208 -432 -417 -181 758 -918 -374 -261 189 -790 -876 1113 -425 -245 493 512 861 76 911 1205 -322 567 615 -560 -1078 1148 -493 -631 -120 -335 470 449 403 13 -692 -1118 -30 -467 115 -244 -513 -481 -443 86 -340 -361 149 -1090 243 96 263 -16 -7] 5492.22
[-207 646 -163 462 852 715 -336 -618 -357 527 -841 373 -357 208 -172 318 500 539 -82 11 -469 -122 340 -3 87 -395 632 616 918 -402 158 676 -54 936 830 158 -289 135 -225 121 -422 -328 -762 5 -341 389 -255 959 1129 -29 5 -264 -72 366 -110 577 832 271 318 34 556 -112 711 -674 258 -1072 35 -129 265 -241 -729 154 -172 -362 487 -31 -499 -518 66 -330 86 187 109 126 103 -38 -426 645 -116 3 206 20 -26 -124 61 306 33 132 -333 182 179 -257 -407 -857 -1072 134 -342 432 -86 438 -406 1029 -82 -22 341 -369 -669 -364 -340 137 528] 4926.67
[389 434 -201 -341 -7 -304 518 938 -433 124 -494 -523 -414 -551 388 159 -87 -552 225 -413 479 -228 -242 27 -1294 558 676 24 -70 258 231 -418 246 -398 -450 269 188 -1107 477 -77 -66 -544 472 -194 -199 -481 -1020 224 12 122 -425 470 1167 963 511 326 14 -592 -484 -79 281 535 385 126 -162 -362 152 -385 658 560 -160 51 435 219 -463 1066 -129 1119 865 -420 -9 575 538 72 -510 60 -375 -237 180 218 -789 -398 59 -373 -90 -780 732 -267 -596 140 -869 307 514 882 -707 471 -309 -246 450 -524 174 402 -159 291 -297 155 437 -958 -458 -196 49] 5331.17
[53 300 -42 -25 6 82 -280 385 507 -248 -664 317 88 426 -477 260 415 219 -1024 -191 -170 -1012 -311 70 -301 5 -796 78 535 8 -164 652 -957 -55 -182 1011 162 -403 342 54 -669 6 71 -232 801 756 1101 823 -485 -234 623 -246 44 641 906 -303 443 195 744 455 655 -291 16 135 738 488 682 398 -432 -83 -299 -533 244 -201 -637 -306 587 -377 -438 459 -875 -425 715 239 520 -273 -770 931 1153 -664 244 -337 536 -637 311 205 -245 98 -440 21 28 346 109 -845 -923 426 -161 286 -141 714 -299 270 50 481 860 256 -686 224 41 93 490] 5421.62
[495 191 167 -339 -389 374 362 141 100 -718 -507 -477 833 494 -10 2 -90 663 154 653 -532 99 -13 495 -293 -423 -308 -207 393 341 -95 -678 526 -43 -50 935 600 -398 1 -829 -524 184 447 -384 919 249 446 137 4 552 307 566 19 356 473 -843 473 -480 739 718 528 92 -506 -124 -654 -71 557 -494 594 -365 -306 352 -808 648 251 -71 -9 -574 181 -345 489 -566 -287 320 686 -321 45 -120 108 -253 -215 22 454 -348 364 890 251 -498 362 -258 348 -337 -108 12 -479 101 99 452 -633 1052 -15 -54 -66 144 -39 481 -76 754 697 976 462] 4961.17
[-753 -34 1280 303 404 92 -321 395 161 295 -80 -9 87 -20 179 -886 276 -269 299 -61 -132 73 -501 -793 162 800 143 125 -515 -803 -277 -767 357 -753 -567 348 -118 -302 239 1008 -29 -479 273 -71 -838 -518 204 64 581 -1317 339 240 476 689 -156 -219 483 178 -259 -786 619 202 1196 -204 -329 -74 -673 564 -470 -345 393 623 847 289 177 -430 -656 352 802 305 272 -632 646 143 -55 319 29 -59 97 4 -338 -90 361 225 -24 -623 -169 13 267 155 -356 -684 -447 -1264 -230 -604 -259 1003 551 239 276 -88 1104 -152 2 43 -177 -670 305 1225 -668] 5532.88
[125 339 -73 -13 951 270 519 52 377 382 243 -167 458 766 -947 800 714 -213 306 -110 567 90 -199 -73 367 35 171 637 -644 226 585 -357 500 142 -496 -868 -339 -805 -443 568 682 845 207 149 -923 20 1014 -497 -131 659 -873 215 -218 173 -819 96 858 -218 459 305 -193 198 109 -794 -521 -691 -527 -349 910 497 -631 520 438 -610 -579 -341 148 -178 467 -545 642 874 -487 98 -457 629 -434 -607 -401 -295 -326 -248 468 154 -130 602 168 -210 -471 -344 144 -307 -275 4 -401 -343 -799 865 -28 -761 -650 -194 443 1061 -299 394 -194 25 70 -14 243] 5427.47
[1154 -229 -509 -317 -224 -643 704 577 71 1032 19 -172 210 160 -74 416 36 -323 -585 -23 305 -66 -170 903 484 2 5 -1055 -172 -362 -471 -110 -372 -81 60 703 9 228 257 379 -384 210 235 27 -389 -265 -850 497 179 285 271 331 75 73 374 733 -576 6 -389 -456 446 -321 97 389 -967 421 352 404 63 369 550 93 276 -457 -143 126 480 522 156 -199 -191 31 -176 628 698 949 -517 541 -684 261 1017 593 387 -640 48 -804 -562 -373 1069 143 -130 -330 249 -263 417 497 28 -365 309 876 -122 135 581 -748 451 -133 -262 -129 464 -982 579] 5130.41
[-1257 -39 1026 -716 912 -338 275 575 18 759 -524 -681 -804 82 -178 -9 45 188 546 -497 21 630 37 -350 146 257 334 -626 -890 -1010 360 975 -158 -120 -7 -729 53 450 711 -300 479 -695 718 -50 -538 -123 7 14 -380 204 -227 -339 144 -326 -949 404 742 -24 475 -229 437 -83 895 -420 367 -633 -425 495 -235 -571 -485 57 443 -841 -501 270 -277 386 -51 1060 828 246 -219 -298 -220 824 -194 -137 -212 -271 -317 -768 1087 622 548 137 -53 -253 -377 -651 497 5 134 -38 -896 -700 111 -172 163 -880 388 862 -116 -188 58 -210 154 -36 -307 315 -717] 5551.65
[-210 131 171 218 444 -229 -97 -181 -295 273 -402 300 448 -394 371 581 8 -51 373 -166 -148 -273 -159 -588 -921 522 290 715 -658 356 -624 494 214 -615 623 -913 -210 280 750 -388 658 -933 -369 -544 108 -781 -284 -164 -7 200 -112 -795 63 -173 366 268 -394 148 -746 64 423 -1015 584 1102 -213 139 -381 189 189 -541 96 713 -76 -624 148 237 123 469 -143 641 13 855 -646 -133 181 -1010 59 -64 -841 -653 -216 501 -292 63 -680 -176 280 -608 118 -622 138 -565 -94 327 -20 84 94 -963 -4 -224 -40 756 -291 772 275 296 767 -392 -1005 -22 -123] 5152.27
[158 558 586 776 -374 81 382 423 -792 228 -7 282 -35 377 1041 758 167 479 36 -32 512 1513 412 -681 378 -323 -274 103 -122 -278 825 -253 875 114 -381 -209 -470 610 -26 -367 -728 -1147 61 -242 860 212 646 562 -144 -1019 828 -832 47 -472 762 -73 -13 565 152 416 12 94 -782 123 -401 695 -223 515 -330 -207 -705 82 -411 180 -561 506 469 -156 44 143 276 -486 -219 -1266 -366 -175 -750 -750 -243 -448 260 -663 -285 788 -364 620 152 132 -17 255 661 -837 63 523 -542 -71 -267 409 269 -298 -192 -363 -389 -352 -28 370 351 389 432 -35 1081] 5547.23
[288 1397 379 96 -705 520 290 -54 -310 -246 765 -376 275 594 159 136 -81 739 591 -12 -35 267 202 -479 -593 211 435 -842 80 -350 829 47 265 -120 36 -568 -536 707 -1131 -658 223 -3 92 -215 50 -31 -716 185 767 285 -7 -124 -161 -467 18 108 843 65 -720 -303 889 568 -726 -883 835 3 -164 389 -860 -184 -79 -693 194 874 -394 -449 -7 166 -167 118 133 -373 -326 -27 -1 94 177 -11 -628 8 -192 -103 -180 447 -763 -460 292 279 1058 -197 -47 183 -371 -388 -647 1084 -5 625 -324 530 446 162 -266 -50 -118 -316 152 1272 -694 590 -545] 5322.95
[247 569 -678 -346 320 -125 65 -183 -181 201 123 74 -306 -165 53 119 94 -1079 -665 144 324 -281 -487 -923 243 -109 -646 975 -208 -609 -57 -359 339 -46 -702 -365 -127 -92 -417 568 -589 -795 -236 -394 -134 -511 868 71 -423 -1164 20 145 613 1110 223 -119 -8 24 130 -228 396 -568 -555 1250 217 120 435 446 -199 391 -283 -643 -670 -282 -837 -114 732 -471 -907 -153 346 170 573 10 -189 539 -259 211 570 -330 -203 -165 -1068 -573 -518 -235 193 -769 -560 176 326 -612 516 543 -120 -29 -210 -282 6 -1169 -672 -326 -61 483 599 -563 -51 -186 337 -499 110] 5289.41
[571 -1274 152 694 -20 -108 -223 44 533 -534 68 303 -129 161 -272 630 222 1028 -947 328 84 -746 -126 502 -720 151 -870 -414 52 -68 177 484 -79 -102 -162 701 219 -396 213 -715 -363 127 313 117 -131 -78 468 -47 -222 835 610 -345 -170 287 264 -83 -110 -508 -398 -84 -604 -160 241 116 -207 271 -71 -888 103 -1018 250 -456 452 67 475 -72 795 352 -749 413 -513 -739 303 -441 579 176 -708 -3 745 -414 283 309 917 -188 -398 -139 -393 818 695 379 276 -223 361 -648 -318 288 -338 464 -989 458 -952 95 -62 -300 -93 124 -100 771 -412 -340 589] 5164.78
[-147 -520 -490 -344 -678 168 -52 368 283 -970 -957 -94 -747 -538 619 559 403 114 -207 341 -334 -382 357 -155 -1112 -591 162 -100 642 -877 -43 -1929 -87 -213 113 -317 -339 76 346 -79 -871 -8 -422 -376 404 584 -520 222 706 -221 65 351 -376 418 106 437 -106 -78 62 640 -572 -1303 943 255 104 -1 -419 -140 -92 -545 1184 423 64 -176 603 -650 173 229 412 259 597 702 55 223 38 471 308 -902 211 805 583 74 540 204 416 -777 368 -253 -201 -171 109 297 23 10 75 545 294 242 880 102 540 1062 -529 525 99 -1608 433 -63 -636 74 80] 5757.41
[-150 -205 -111 360 -388 104 -584 459 -302 -624 -397 -220 -529 296 7 -11 568 545 31 629 -42 88 280 -385 88 -363 -31 -778 -79 -223 -306 -25 -172 300 -82 -900 -260 467 538 -575 -403 65 -693 -756 628 438 -830 137 449 -19 847 -20 -736 -225 448 -786 519 -433 818 307 108 -773 314 13 -228 -1 -422 -681 -539 -1137 17 -252 -548 -94 555 -295 -379 639 211 1249 701 -436 -258 243 255 -775 226 95 -318 296 41 124 252 16 405 -188 532 573 14 258 -48 -71 392 -583 264 -337 501 3 -905 609 518 -381 -282 -351 -17 55 239 351 -231 -957 -259] 4957.62
[500 -992 527 -541 -1106 -146 312 358 163 -316 -216 65 -464 609 382 138 -197 -438 -813 -758 -499 296 -193 466 -174 -62 620 -496 141 860 -242 -706 -58 -249 -229 195 -34 192 -437 -735 -482 -156 -595 697 -708 17 437 673 -107 195 -61 327 -681 -389 -38 -639 -263 30 -907 -129 199 205 -48 667 80 -531 983 -30 34 -102 -61 -153 6 -117 -159 293 971 295 -276 65 -143 239 555 404 107 -546 -592 -337 -293 -284 -19 -26 -305 -434 561 319 -531 -106 475 169 -162 236 920 30 439 281 -384 285 34 443 -83 -344 414 -668 53 -60 -562 65 567 -602 398] 4778.55
[-733 179 403 -692 -144 372 -236 696 -196 34 145 -487 346 32 37 -530 29 372 166 -53 266 725 43 -242 430 82 6 -120 -734 -262 -539 -4 -845 199 -1056 917 339 -53 965 157 33 -136 468 144 210 -186 -97 112 340 -217 540 263 822 218 -350 -358 370 -429 -456 -7 -102 -42 611 -252 136 259 -52 350 -794 -23 377 -723 25 186 -521 -85 -169 -173 403 778 647 78 130 -21 533 -280 380 129 233 592 491 -646 446 -41 456 -672 -581 551 666 165 -830 -350 700 -765 -292 -405 922 290 309 -294 537 236 336 -11 216 97 635 638 878 297 355] 4833.99
[31 185 937 -302 -280 -399 -473 585 282 -523 -402 555 -37 -352 304 -276 120 -172 -44 475 545 1186 -462 -625 -197 -486 159 -413 -11 796 669 230 -580 -347 -81 491 -7 -553 112 507 -228 -459 67 -237 459 -210 -5 -254 -755 -498 -12 178 86 1018 804 -264 -261 -117 936 -9 24 -275 779 611 626 382 459 -101 -1087 159 -176 -233 331 1020 110 -155 -758 627 404 687 -682 47 712 366 -17 -774 219 284 862 -135 -32 -883 407 732 -252 -40 251 218 -150 1044 -9 644 321 -238 155 -267 711 792 261 -889 445 -474 252 376 504 109 368 -318 -114 -111 -492] 5284.06
[-69 272 105 282 -285 -743 -103 -228 614 125 -1135 769 -669 701 -486 601 -298 -321 -252 -126 239 -558 526 -142 -1065 569 973 -66 -666 246 114 -870 190 280 465 -15 -610 280 -644 -589 431 186 390 -451 209 301 347 66 24 -114 433 129 531 -48 834 -186 536 -889 -489 906 -30 -521 -144 -64 84 617 325 -20 -37 -234 475 842 720 292 -490 657 279 -57 653 -50 -120 -682 400 603 125 -1146 -1136 349 -14 76 -274 -181 381 69 -327 -690 555 714 -98 113 166 -425 527 457 -397 800 -95 -127 804 420 137 737 26 -412 -18 -55 21 -345 79 325 472] 5250.67
