[74 -167 -536 394 312 86 -29 121 -135 -79 -610 -81 295 -122 590 -13 -146 198 -52 -612 222 322 167 -244 82 296 -42 138 -326 334 25 -21 84 -88 -438 -333 34 -251 -189 -167 141 -62 -182 -124 199 -250 -200 268 -224 -3 -289 -308 -235 -260 -258 35 -172 526 -203 -67 78 -80 -10 303 -343 516 615 745 570 87 -417 -98 -253 46 333 -141 -421 -477 180 60 101 408 -99 -36 -221 10 -504 -453 -60 737 184 246 290 -539 -145 -22 -66 171 102 80 415 -247 -182 262 423 411 -346 105 112 -106 171 -63 123 -134 -200 -218 -506 438 175 318 -227] 3153.62
[135 205 582 -458 -110 -406 167 -55 217 19 464 103 -172 135 -334 99 -321 263 290 -25 -264 -300 146 -267 -305 -318 -168 -468 723 18 78 252 -33 436 -213 -72 -286 198 -124 149 77 -137 -65 -187 -359 82 -153 704 -150 184 -35 202 222 -239 410 -208 650 -172 381 -306 -71 407 -49 -189 527 344 -450 -240 -756 88 372 -189 24 -506 7 -421 -114 -25 -251 -200 73 -265 212 570 -8 631 -138 126 435 44 -86 41 123 413 -144 15 204 -217 -106 241 -141 -191 -658 213 -5 240 642 149 -29 136 -97 206 -147 429 381 -61 225 456 -100 -122 210] 3228.09
[-125 43 449 -80 -60 7 347 -674 -262 -132 32 225 56 -584 -236 -162 123 125 249 -176 631 158 -387 -152 -85 -76 -108 -39 259 29 370 82 177 -120 448 -95 -549 -53 255 -35 -160 -91 -20 243 -41 139 -223 92 573 191 144 -218 34 4 182 -116 730 23 164 -411 340 -129 -15 -318 160 737 400 114 -233 310 417 394 68 -238 -133 -18 -25 167 326 -145 255 -680 -293 -398 61 501 -109 243 329 -349 420 -411 72 363 -426 319 509 105 505 107 478 46 -366 -89 619 239 223 -225 -11 282 -170 -24 36 -377 42 88 156 260 29 342 -486] 3205.33
[-927 67 -56 113 100 146 -370 110 -237 -546 -125 180 206 -76 -75 -287 548 -220 -218 35 825 13 -396 -173 256 107 -190 89 147 -189 133 45 -15 320 259 97 -455 0 -55 69 -245 -106 399 87 203 401 -228 -125 408 -304 -118 -300 -17 -14 -65 181 -127 -240 23 149 687 -569 198 301 598 85 220 106 140 -254 475 401 256 706 -299 682 -180 183 -152 212 -141 -324 -515 -600 -225 109 122 -28 67 -79 -178 -542 -594 478 -8 -65 -198 442 17 -556 -166 55 272 -10 -268 -143 -511 -239 -247 771 -98 -217 -140 -43 -718 57 -261 -291 -67 121 -261] 3440.13
[-331 -80 164 -486 393 -136 192 353 13 -30 79 209 -1 36 -25 241 199 -252 -36 100 99 37 -48 -445 91 -83 -264 243 386 -484 7 -219 -216 123 75 145 -115 350 4 316 326 163 546 -320 363 626 -265 -70 -14 -594 76 177 76 -226 60 -7 182 -451 454 -191 85 247 153 423 492 -385 -440 -385 -697 142 512 -243 167 -250 -20 98 49 -443 -960 74 -20 -510 271 395 -300 448 -179 110 -63 452 -411 522 2 -395 26 -514 -161 528 -167 333 -851 -28 -654 95 87 -38 -163 113 10 600 -155 261 219 110 -44 -9 -591 136 -124 177 -307] 3426.29
[-326 347 365 -433 243 103 308 165 -3 -302 518 422 -6 -486 139 -136 -114 -145 -48 308 383 -58 312 -399 -266 189 6 -315 296 -459 68 214 -29 108 -358 364 -440 363 -219 241 -240 -301 -241 -93 -121 4 -85 490 -315 290 -248 89 344 -516 -313 -247 416 -524 -100 134 160 -779 -140 156 432 -307 -419 -335 -631 326 806 -171 -157 154 -174 -182 -313 36 -661 161 -72 130 -32 2 -407 60 83 -463 -42 -2 280 391 346 396 3 132 -431 -17 125 263 522 23 -476 -353 -519 -22 335 -94 -122 108 -300 -15 245 441 -537 -48 -115 -270 -568 -262 340] 3417.63
[-156 185 24 8 86 -65 -419 49 -58 -6 81 -263 -112 173 203 -295 34 91 -533 134 422 -4 297 324 -330 353 -26 59 76 -167 361 177 -155 142 348 213 -612 -84 -420 59 -830 -183 -526 57 512 -358 388 -280 118 -45 39 -125 141 141 -498 125 -626 -469 -90 263 572 -677 -166 110 405 -182 315 227 -91 25 -140 660 65 -48 -216 -27 -38 -182 -181 182 144 301 -591 -269 -777 390 126 -537 -183 -118 -69 170 102 438 -427 -85 24 725 128 -189 646 187 497 -323 -4 -111 -442 227 -191 375 -570 -13 194 342 -941 223 307 -748 -207 -114 374] 3601.91
[-439 -156 92 552 316 45 388 313 -60 -408 -86 -89 46 -553 52 179 -16 -723 -267 434 398 -67 288 -293 239 115 -4 131 -142 134 304 -91 -72 -267 207 -28 307 455 118 -311 -54 332 461 -149 -92 -190 -231 39 -162 49 52 -81 -49 394 77 -11 -397 163 366 43 -218 448 283 113 -67 -117 -203 292 221 -164 -783 -24 565 381 146 642 -280 5 425 -374 -190 -307 -399 153 337 -851 -144 103 96 64 229 -446 -358 -620 28 -160 69 -150 1 -239 -649 150 -25 404 510 184 -460 -231 328 -238 -42 -16 45 -431 658 -85 -464 331 -249 423 -350] 3382.49
[-90 416 -702 230 329 243 -345 27 406 294 -314 62 140 58 204 107 -135 -274 -182 271 75 -6 133 -319 -311 223 453 51 -125 149 -337 -408 -252 -330 -106 187 296 -502 -399 -31 -514 -31 -764 -378 -20 173 295 -222 280 -447 -1 -110 654 -336 110 -110 -788 -243 216 377 466 -441 -209 498 -333 -725 493 -217 -203 -81 109 383 -16 -336 276 -203 -52 178 -217 382 103 263 -417 -129 -674 -45 -610 -113 -389 17 98 513 436 -340 -563 -451 -318 312 -52 -137 285 -136 40 96 -87 -157 -565 91 -327 -215 -247 -68 -72 -26 -636 139 -666 -303 -552 342 84] 3605.6
[261 99 219 -66 -102 -703 -324 -661 204 622 -153 -304 -82 191 13 62 -51 36 -180 137 -111 -314 -196 -12 73 20 458 -604 -14 191 159 475 -343 -252 376 -256 -396 149 180 578 -121 54 -656 -39 -13 -198 559 -230 -180 -431 365 -605 708 575 277 408 31 -175 234 -407 -38 128 112 -418 -11 -154 88 -78 -142 69 151 508 -108 -869 2 -130 215 -50 336 392 694 17 127 598 -176 840 -335 183 284 -131 -173 143 -145 -231 -577 -331 160 -94 -323 178 -165 -243 -217 47 -146 -208 332 -155 -104 -348 -225 -283 -666 168 313 614 11 -126 -357 -26 737] 3622.85
[-2 -73 137 79 187 372 259 117 -333 14 73 -79 189 -53 272 -192 -465 83 158 -54 -116 148 501 473 -347 -573 -141 229 87 713 546 425 10 115 -125 143 -245 -440 -379 -14 -899 212 428 227 -177 -194 158 -38 0 479 -199 104 249 -256 -821 -577 -191 403 -67 220 32 -299 -258 187 -346 421 100 466 391 -40 2 190 -522 423 -204 -144 -321 -118 -691 -604 153 -22 -21 -544 -103 296 625 -75 -184 -358 356 -214 179 478 -40 909 323 -72 268 -50 710 -208 477 4 252 111 -47 114 120 444 140 335 465 143 -563 150 139 -77 185 -504 -226] 3616.74
[-43 176 246 519 387 102 -30 624 16 -325 663 -137 254 -117 130 97 -799 22 -336 -328 74 -102 508 -351 656 532 190 -619 95 -238 -178 651 177 195 -182 -144 -610 446 -842 224 -130 235 -583 -311 -452 -391 -127 334 -233 91 -594 -183 383 236 473 47 283 56 90 187 117 131 203 103 63 -127 -280 193 -436 -358 -137 428 342 -97 203 86 -521 594 343 -9 141 346 -270 584 77 -112 -743 -161 -207 -158 333 20 -490 74 154 183 -541 -325 -26 -459 0 -398 -108 72 -773 408 -5 -54 -259 -789 -470 -291 -602 590 38 74 -38 87 -796 -390 201] 3915.32
[197 -315 503 -430 -290 282 268 -420 197 732 -182 -197 139 -168 462 533 26 285 -20 283 155 184 -508 2 -332 -49 421 165 -515 -116 672 -100 -226 -1055 261 215 -573 54 770 438 -122 -505 -87 -58 110 -401 234 -67 -721 -74 535 122 -156 280 -350 121 191 -360 491 -733 19 -101 -329 -159 114 -3 196 -202 140 427 -257 243 -518 -699 111 -71 298 -276 400 202 476 -279 268 -517 -367 533 -84 302 135 -145 402 403 64 -269 -922 -794 559 193 -42 765 211 348 -554 -34 204 -138 7 399 312 -329 -506 195 70 -581 102 546 -306 -160 -252 151 208] 4055.52
[-104 942 -400 -362 -32 -146 -626 -80 486 -80 405 772 -796 506 -210 -322 741 -120 57 -304 -271 -639 322 -87 -1079 159 -83 -280 580 -9 -226 -364 -430 479 -345 202 -189 -294 -82 -480 68 -497 -567 -462 220 827 -5 53 722 -128 129 560 286 -575 312 80 -174 -431 -359 507 658 -442 -291 356 443 -291 84 -730 -736 498 717 685 315 261 -342 -64 245 -13 4 839 101 109 -456 11 -376 316 -193 -646 71 35 -477 -334 551 611 -222 -283 -133 674 -230 113 438 439 -105 -103 -592 -211 -206 208 -37 603 -155 145 197 535 -119 435 478 73 -577 25 264] 4549.94
[339 74 361 -538 -167 -821 -318 -627 312 -455 -40 -38 -521 124 -107 -141 -42 -434 -94 -124 261 -213 184 -163 -297 -333 -197 -328 112 152 -267 -198 -6 202 -77 -152 312 -14 43 -275 -417 -397 150 37 36 -537 -288 676 -166 487 532 -191 -71 394 127 -168 258 170 -89 -137 -580 174 -141 -397 -58 155 130 777 166 196 -621 332 374 173 75 84 474 -61 837 -211 516 22 -350 443 271 398 439 -310 889 433 -487 -1323 35 255 -438 -116 187 176 -415 -312 -36 -12 -179 167 346 422 608 -399 662 -59 148 276 -189 -217 959 121 702 379 -199 625 188] 4088.78
[68 735 -466 142 23 1096 -696 830 -28 72 417 277 429 71 362 416 -349 436 -291 -826 301 275 211 -220 -292 144 252 230 -176 -338 -958 -498 28 67 -704 -208 -549 -700 -507 -586 -382 -840 -52 140 490 22 -312 -467 526 -120 -97 562 -79 -142 16 -34 -383 175 -189 640 582 -609 -187 643 158 -257 620 106 -582 -69 12 1048 -78 103 171 142 381 -49 172 321 -72 92 -392 -210 -489 359 170 -312 1 -68 62 -856 -290 489 -754 -473 1 590 74 -212 220 -377 451 -92 -374 400 -430 502 -145 200 -751 242 184 -323 -716 252 32 -447 -1119 -164 -731] 4728.23
[44 -107 133 -458 -412 -654 -446 -672 400 -167 -423 -317 -732 517 -280 -22 418 -217 143 258 17 -627 -765 380 625 -166 -163 -254 -48 -109 299 -584 317 270 469 154 -156 432 719 836 167 -421 -359 -140 5 660 478 35 45 -170 703 -782 326 -275 268 412 -26 -754 -76 -528 -153 446 -105 -220 591 80 121 42 36 15 589 -462 676 -584 -196 -253 344 -51 -428 280 99 -234 182 398 113 818 320 343 275 525 -616 461 21 -459 210 56 317 743 -307 -348 -559 -137 -40 44 528 8 89 -320 -95 443 575 -646 -26 254 197 -77 265 -227 371 400 411] 4313.03
[-741 -408 -124 206 879 432 143 624 343 -602 113 -562 227 -8 504 -82 563 -303 -161 -20 240 140 -263 -114 886 551 -435 -19 -610 -580 112 -198 259 -166 -649 403 -380 703 -79 944 356 -68 55 30 428 438 -226 462 -918 77 -586 295 -114 285 -382 779 -127 -568 -433 -349 -96 -500 302 394 750 -546 -158 146 99 -27 308 -911 381 383 180 399 -468 358 103 -1 -268 395 -214 103 157 -331 -44 -577 -515 857 -135 849 -557 -578 705 177 -418 150 -139 3 26 -141 -101 -75 -815 532 -271 204 -317 -618 -289 -871 -149 167 263 -202 -543 -198 -258 388 203] 4680.34
[-491 241 -454 394 -79 1389 -150 860 107 -360 -168 -43 17 -421 -193 -48 -303 -295 -34 1118 314 64 -461 -410 -108 -281 208 189 -408 4 234 -68 207 -155 -804 461 -360 348 290 138 182 -217 502 208 -127 -25 201 -211 -933 -35 -33 166 118 161 68 45 -934 74 168 205 168 -181 146 508 476 -459 163 -853 355 -897 13 -566 -157 267 -333 396 -372 -237 -150 65 -603 -13 -139 -237 225 -685 22 337 -354 20 470 -405 -765 -299 272 362 -211 285 -135 -86 -353 68 63 779 214 -298 -464 16 -126 85 -135 -686 368 -468 161 -310 -1029 -88 -109 -186 -170] 4348.57
[-50 332 -18 199 -610 427 131 -179 200 951 30 -108 -185 253 -113 -42 594 -167 116 103 -592 -332 -362 586 -459 -341 -153 309 -128 392 172 324 60 -88 11 58 -333 -610 138 226 -469 -238 -183 55 -586 812 169 -424 1315 -137 -271 411 -146 195 -256 -3 95 120 -523 720 465 -465 -326 -226 -14 -159 331 -1054 383 49 399 711 -314 744 -753 235 340 427 751 326 -57 -332 -297 -606 604 241 526 445 -471 -651 44 -447 -137 255 337 851 265 130 605 -119 599 477 938 292 134 -256 -94 197 -153 232 80 337 -204 -26 -79 61 1000 85 557 -118 -458] 4583.36
[-10 -329 -30 -35 -584 -287 -147 -24 204 86 -475 21 -482 19 332 21 426 92 112 -265 8 -373 -893 307 -48 -402 -12 -225 -607 646 357 -24 -260 -85 -692 -367 -439 367 413 185 882 -525 81 -133 -597 492 -254 599 84 -188 116 474 -470 -26 -426 526 161 440 -463 -510 -269 266 366 -515 449 563 1 -462 414 100 -268 -88 -93 227 -108 204 -297 -523 669 -4 280 -382 -43 -177 295 -1 -515 -626 59 973 -152 21 -571 -719 -37 675 242 66 14 298 329 380 -623 940 526 510 -168 522 705 -34 161 102 -251 -355 1161 -249 70 534 758 249 -3] 4459.63
[122 0 -259 203 -1056 73 -1060 -48 -663 -407 -419 109 -128 69 169 -193 382 905 -247 -592 646 -22 -706 215 39 563 824 -649 -454 533 90 222 118 51 72 13 -1222 426 323 -120 -33 -852 -612 288 -209 -280 119 -16 -238 180 285 -693 -792 39 -528 601 -420 -72 -35 -701 543 330 266 -208 495 996 86 420 560 -166 -242 419 579 -693 -385 471 -335 131 313 436 -96 51 148 -710 -327 580 -627 -363 701 568 153 -324 -554 273 -124 -438 280 247 -104 189 201 220 40 135 401 106 -415 -61 271 110 35 -502 -151 -391 -103 175 -400 -109 245 -125 477] 4702.28
[383 -558 67 95 -172 199 -342 414 -89 -273 253 -130 -117 466 429 -473 -186 262 46 -680 133 631 -115 160 377 -356 12 117 -449 -454 -516 -227 532 455 199 505 -425 -9 -161 503 -8 388 148 -44 -75 1165 -99 -419 326 -633 435 319 -195 -91 -151 157 265 -195 73 116 -285 112 41 28 -382 -432 153 9 -285 -111 -60 116 143 -248 -127 -249 554 632 -874 -311 347 -158 -86 -553 -48 922 302 3 -550 -210 -164 54 63 -66 244 1098 -423 902 589 -320 -18 9 43 -470 333 137 -374 -206 840 548 316 536 436 137 -147 149 -54 -74 465 198 -660] 4160.71
[-50 262 -169 340 -1197 789 109 -73 -230 379 95 126 276 -469 597 202 151 315 -290 18 496 307 -147 234 -715 -273 533 136 -415 -186 -269 -591 -51 -216 -328 6 297 -463 416 -456 166 -264 -258 148 -414 669 -171 64 4 -298 -1 696 -622 -394 -31 220 364 -99 -84 601 495 -448 62 -264 -140 -73 74 -800 -775 451 -649 318 -21 28 173 88 326 -176 1233 22 -184 -287 -76 -862 352 -314 90 2 0 -18 406 -744 346 -68 -403 236 307 296 295 -173 426 537 -155 42 699 226 49 354 338 -389 127 539 272 -340 259 -20 579 423 -48 23 -755] 4294.66
[66 -780 254 594 -287 34 548 532 -210 -79 571 -371 -783 338 783 87 60 594 -360 -66 296 62 -268 524 83 -125 -457 270 -246 -186 675 303 72 24 140 543 -711 -124 -287 314 540 235 98 -544 375 402 -434 -70 -434 -735 -11 680 -427 403 92 471 -26 362 40 52 135 645 401 154 328 -137 253 -353 -421 -234 -1128 646 898 157 240 390 -87 -118 191 -84 149 -233 -373 -97 189 295 -393 -258 -541 141 -104 -366 29 -175 -139 402 -80 493 354 -391 55 573 -420 763 489 334 -234 675 767 -423 -372 424 257 912 838 315 479 460 195 118 -384] 4539.78
[105 -121 -249 -361 307 -440 765 23 -483 -117 -59 -224 505 -547 1 151 148 -660 -373 -43 197 467 188 -86 411 -111 -433 434 -364 -485 -474 162 -29 -84 -213 -259 58 -86 -747 221 -59 -48 564 -40 508 -642 144 -301 -37 -150 -518 -180 84 361 -867 148 294 970 -367 208 -215 -897 164 170 -177 -1034 288 266 161 -194 328 -425 -193 641 -202 90 -64 -569 -1038 630 256 -207 650 980 -316 -180 523 -630 -889 340 -90 151 -11 -720 244 386 -389 43 95 -139 241 -549 199 195 -97 552 485 284 -359 162 -85 141 324 -29 -585 -649 229 -822 -237 -230 -432] 4519.13
[631 -616 408 469 -387 597 125 125 -181 281 -540 -338 163 -710 117 642 327 153 130 -167 -281 10 -465 -17 715 436 163 363 -710 104 688 239 380 -528 662 152 -73 48 389 545 -565 -730 -514 457 -243 -218 47 40 554 493 -12 -833 -140 179 -113 3 -444 519 -205 -725 114 506 -134 -63 -169 626 741 414 1092 10 -81 -403 322 -254 25 255 -598 543 812 208 -414 -520 -143 -243 167 -517 115 1037 540 -263 420 372 3 -402 126 -378 262 -653 466 31 -137 -189 823 -59 -83 204 39 -513 -291 -193 -175 -871 -259 -121 -598 187 -476 -411 -44 383 -76] 4652.99
[178 -342 84 108 -495 -406 -188 -153 356 -304 299 -106 -619 1016 454 -419 -65 326 -347 -343 -261 -34 -191 542 -402 -483 -658 -312 174 239 758 165 -175 116 -490 547 -179 -593 -810 -102 -315 174 263 -111 87 45 -353 365 -622 -26 340 377 -904 -350 -109 -285 320 132 332 -202 -405 211 -34 208 196 -151 -41 109 -287 -109 -442 130 53 528 -449 614 -13 -91 -299 -512 152 204 189 196 462 747 -4 -203 168 469 -698 -152 155 377 -308 234 303 417 -244 124 264 175 -413 115 601 25 30 335 690 14 122 668 -214 516 397 -33 743 736 579 2 314] 4134.24
[127 -209 -28 92 392 849 240 473 -280 -269 238 635 401 -1062 -548 257 273 -526 129 -436 -312 299 155 -453 -15 -206 167 325 -95 -1 -340 -405 64 182 193 -90 27 631 -138 -711 91 146 968 284 -608 215 -48 -315 1033 597 75 479 -166 691 -214 88 -330 848 509 11 580 443 494 -353 -426 285 -428 58 -13 151 -233 269 71 17 663 236 167 574 593 -30 13 -1108 -84 -243 -146 -639 -94 -98 152 -887 156 -1050 -514 -288 -145 70 47 -169 185 60 -309 122 16 53 94 701 -165 69 61 310 -551 545 103 -596 -10 256 -493 -292 -384 -490 -1222] 4649.95
[-127 -327 -123 -683 286 -511 545 135 -184 -284 -215 -37 246 -217 -570 76 504 -259 466 35 -532 -44 719 378 -648 359 -258 637 -62 457 -234 -97 -736 263 57 -5 718 -293 -552 -492 -193 470 -181 -556 382 -162 183 410 -227 -41 -245 918 -15 -287 -684 -167 -23 -421 -77 -283 -305 419 -296 204 124 101 -628 1 -264 180 -378 -702 390 -290 -171 -200 -85 -75 -1212 9 -179 -127 588 -240 -606 -225 232 -681 -41 1029 -169 984 215 -199 203 -425 358 -218 -448 170 348 363 -386 194 -344 292 -336 857 348 86 341 222 356 -768 429 -123 -839 114 258 -166 160] 4496.3
[-258 -143 -271 319 -249 851 -843 -36 -352 -104 -109 -131 48 332 89 -149 38 550 208 -184 422 334 -919 723 288 -386 3 281 -27 -381 -273 28 92 251 645 -64 224 -757 -503 470 -315 259 557 422 -428 -134 -126 -662 589 -229 8 139 -131 -423 -5 -209 137 68 349 94 -116 154 431 379 14 25 228 22 -186 -553 348 345 308 298 393 617 -306 500 -166 -460 216 -489 117 -833 -191 123 117 344 -645 -565 -505 -328 -1039 1065 -102 -241 -676 -190 222 -917 -15 -339 52 225 -688 -98 65 -32 -362 -43 172 -671 -547 -397 -471 336 134 -885 -275 -482 -267] 4453.29
[307 183 -462 -563 -284 -243 -94 292 -136 -354 -11 -42 -596 229 -163 17 146 161 -753 109 -61 -483 -88 915 37 118 12 -211 126 158 -139 90 -325 -89 -507 -111 73 -334 -54 -100 339 94 282 312 812 -194 185 -717 128 -140 294 399 -341 234 64 184 -238 129 -1329 88 -99 -932 -12 -54 247 -374 -146 -472 265 -225 205 278 -453 1397 -280 689 290 -636 -628 -50 -83 380 340 409 380 -748 419 -579 226 122 -759 -159 -255 325 -97 115 -476 -294 -900 -161 -116 306 724 198 -751 -509 -171 -248 171 467 149 148 129 761 -83 -65 523 -433 493 -380 63] 4456.51
[166 156 -204 165 -417 255 -578 253 -179 -281 -30 -216 -265 -452 97 -257 -373 -212 -1426 -198 562 -78 1127 175 -451 346 115 41 218 -277 89 640 -270 673 251 -47 -166 703 -729 316 -964 876 -475 302 -652 -442 420 355 752 239 -42 -58 -532 80 -271 -342 -20 -223 128 834 388 -195 122 -379 258 -114 -536 -477 -376 -153 -978 744 667 459 -344 562 -346 -108 300 -312 584 -72 -570 10 -437 -35 371 -631 -69 -68 -644 -158 -266 135 548 345 -326 286 66 -261 69 445 616 -353 77 28 -185 -941 155 512 175 206 106 161 -424 -301 776 -474 -12 -227 -319] 4743.2
[-127 -9 558 498 260 -286 972 596 340 399 -214 4 -971 -145 507 138 -151 -217 -546 -14 94 -72 298 -111 -204 317 -80 163 -124 -451 885 1046 42 -619 -74 -371 -491 124 404 338 887 260 63 -675 272 -354 107 233 -474 -214 90 164 -505 -52 933 -3 746 111 23 -410 -779 290 -264 373 171 -199 253 -892 185 712 -137 -320 112 479 3 371 -661 -151 -16 -58 521 -86 -150 1647 -84 80 -758 203 -397 -307 176 1079 239 -660 -188 -444 -282 -142 462 592 -130 376 -882 420 324 124 89 -636 589 -573 250 -261 463 518 805 -102 26 590 -578 243 182] 5033.11
[85 -448 591 368 667 -569 683 -19 313 766 -126 -395 -4 -460 -376 -139 -35 -432 89 360 -119 -179 455 124 -62 -168 -465 136 386 -305 163 159 70 208 434 -249 -101 124 59 1039 -590 443 53 -65 276 -178 287 260 614 81 160 -29 464 404 -142 -488 254 -409 324 -363 -788 227 -460 404 890 -32 165 346 152 210 -174 -680 -125 -178 -27 -429 -170 -665 80 -691 418 -258 -452 577 -179 309 581 315 -402 487 -404 840 311 -3 64 179 391 53 699 143 204 -235 58 152 930 630 790 -20 199 588 -34 -3 -208 -195 648 -292 264 777 2 500 -470] 4394.61
[236 323 -34 275 187 26 157 -19 -17 709 -524 -187 283 190 376 804 -274 724 -313 -556 407 55 -69 -229 -415 130 231 -109 420 -38 37 381 -196 -167 -28 -500 -361 -151 -380 710 -744 334 -249 102 577 -11 87 76 462 -99 -404 -342 -92 176 268 81 405 188 222 -616 242 774 -483 38 -545 423 728 490 -198 25 162 677 -874 -1113 -42 71 -478 -215 539 -153 848 -220 170 667 -7 852 -1180 665 -216 314 -23 -108 -471 -228 -553 -398 255 170 -10 37 -224 -287 -112 695 397 429 404 33 -302 23 213 -68 -167 150 70 266 -116 941 -42 252 -578] 4475.56
[-690 -618 485 258 275 -8 132 -1123 432 -339 -570 -921 273 55 -338 -363 -23 599 118 -163 395 306 -44 584 490 341 -42 84 391 -83 578 506 392 337 735 -465 -79 -493 459 633 -115 636 -511 -98 411 312 131 353 -618 275 -100 -429 -64 99 815 222 601 -602 61 -386 445 -485 -190 47 677 933 314 123 -592 154 -288 522 416 222 426 -141 397 545 855 -154 198 -15 -684 -377 -549 738 -174 273 925 -127 25 923 331 699 -765 -177 541 -61 -308 -470 326 -188 115 -782 -537 257 -345 -419 -316 -583 8 -526 -222 618 -391 143 1 -181 62 233 189] 4893.59
[14 -223 -371 -1071 -507 -162 -97 -910 -196 -163 -4 643 633 320 -553 -435 45 203 -134 -158 -51 202 -329 -383 -25 -171 -271 262 484 -164 267 -961 181 230 93 510 -155 -827 59 -385 298 -69 -182 192 125 484 34 266 -73 -417 344 -106 354 -376 350 -753 543 -332 640 -134 983 -374 -325 317 276 -5 87 318 -466 312 350 667 280 -257 386 -397 797 -102 175 643 246 -672 378 -776 -42 100 499 -131 897 -362 -95 -314 783 514 -527 -787 170 192 -548 199 -18 19 -271 -363 -140 -114 -57 72 -714 549 23 242 -413 -222 -578 273 120 33 -456 -47 205] 4498.11
[-405 274 -386 870 332 2 -457 915 -727 593 -791 89 581 402 118 302 -534 653 -253 -151 670 481 243 -320 226 61 819 -303 -50 175 -85 490 205 52 45 -290 -88 -79 -61 181 59 153 532 520 277 -517 -29 -693 -715 -661 -261 -711 79 433 -312 123 -849 459 175 -464 258 607 98 79 -445 -409 361 890 639 -840 -357 265 -925 -309 678 176 -912 1 -46 -124 73 -1 57 -229 -899 -418 -823 -288 -637 -597 612 -28 -1404 86 -462 -271 -573 -547 468 -561 -339 -454 330 314 -188 -533 -913 286 -363 -192 -178 -700 -441 -384 -539 286 -744 -371 -698 -405 433] 5306.31
[-36 -659 -586 -173 268 -582 -444 259 -93 312 -440 -92 72 509 -35 -570 508 -190 243 -798 -1117 363 -293 -97 417 -49 126 225 132 169 -977 172 89 -51 -358 367 -186 -839 -142 -588 869 94 512 270 18 36 -527 -231 344 -454 35 854 32 685 -282 192 -283 447 -386 44 -630 541 574 59 -179 -843 -44 33 132 -386 -252 220 12 608 648 342 417 153 174 122 72 -94 72 151 -75 -117 365 -291 134 -19 -377 74 -324 282 -23 -206 -182 -779 130 485 -206 -75 181 -48 -151 -89 -342 79 353 -218 -116 -189 -201 -201 1004 497 -265 -130 39 11 314] 4212.33
[-549 328 -679 414 562 768 570 211 40 -423 -468 -158 -251 -346 853 124 611 749 -119 -107 -27 87 -644 297 221 -89 -700 438 183 -458 776 -413 -405 -452 -188 -632 404 -329 219 -481 853 194 856 288 1169 -504 -406 -682 111 62 333 419 -515 -536 -124 426 -484 435 -551 -184 -370 116 781 -102 -352 523 440 59 394 295 288 -605 -715 622 574 707 -672 -517 -218 -345 -390 -56 327 293 1119 -290 213 436 206 -328 -427 -96 -391 -190 -184 -495 33 -135 -239 421 -283 174 -306 -113 -210 38 432 -832 -461 -101 144 -658 501 148 168 452 -507 -536 384 -573 -259] 4995.31
[664 296 -21 79 166 37 638 534 289 1099 -36 -526 -35 335 -99 1156 428 -322 4 -133 -298 -323 13 -488 -850 246 328 287 11 238 -335 567 -520 -995 -277 19 240 107 -180 419 -48 -165 -15 -15 -144 393 -281 269 -37 -424 -740 667 -728 145 219 243 87 -227 -64 -343 -203 703 -163 252 -115 -235 -214 -497 -70 26 -287 -769 -966 -442 85 190 -145 109 226 -505 -21 558 499 570 -291 -183 -1410 152 62 567 -251 688 -104 -387 -54 -652 129 -258 237 850 202 -214 -431 778 -97 -265 27 395 439 -728 -81 -8 -76 -353 582 160 -637 821 82 636 -371] 4789.47
[-144 593 30 47 -402 6 -102 -161 -352 -516 220 -203 -361 21 -130 548 593 521 73 -24 1158 352 -315 164 -432 -425 157 249 -14 -590 -606 -83 -364 -217 -67 -78 -90 -318 162 -344 438 -714 738 718 886 -892 -510 342 -105 -121 258 504 -1359 -22 -185 -68 430 -300 -172 -427 -62 154 330 -667 233 -47 -485 -79 -230 -152 -180 -253 -388 164 -30 653 -207 822 -359 -119 -487 -123 -121 -139 -354 759 355 -178 366 18 -341 -534 -734 1031 -388 -160 611 656 394 528 478 678 -542 -457 36 -436 428 42 464 -219 -450 -293 294 -715 449 66 455 -745 -206 -93 212] 4772.35
[122 -153 918 -94 -185 73 -376 196 150 544 79 -447 -523 616 297 566 314 -266 274 -71 465 -238 -367 15 -246 5 304 380 -605 625 831 464 142 -1306 390 479 -460 28 656 357 -130 -174 478 445 26 996 -197 -473 212 -700 280 -49 -283 252 -188 13 -167 -420 79 -338 87 -77 387 188 -223 109 3 -279 914 -329 210 131 -328 -150 -87 -58 160 563 -791 -646 -86 -340 -361 -813 121 748 -488 -100 -201 -264 154 287 -229 -330 -376 709 135 491 779 567 -46 612 -561 244 83 -1169 -1231 264 705 93 -220 -173 108 -145 381 449 -633 79 -108 1023 95] 4899.06
[-465 425 532 103 516 -769 -219 -513 292 354 -219 -518 83 -267 280 131 220 65 47 567 20 248 -279 677 513 194 159 152 483 -149 -162 -213 -187 102 638 -502 -302 -441 -182 791 -195 -207 -922 -239 -182 400 -470 -70 674 -400 196 -519 916 -509 37 220 569 -708 -160 13 311 -189 57 -292 435 -360 -162 -576 -1251 594 813 -204 260 -288 78 -323 -270 264 -160 493 -61 5 -205 428 -260 1415 397 297 -517 173 -121 1279 566 42 -603 10 -72 201 414 -125 482 -342 -301 -289 527 17 86 -321 -568 -614 -459 -646 40 804 -340 -110 323 -534 87 495 558] 4874.11
[156 -611 -241 512 446 768 -63 -538 650 382 22 139 94 137 1147 278 264 -589 26 500 -387 -292 -316 -81 -681 -523 99 -287 -1326 -54 598 -270 -955 -445 -478 946 431 -129 267 887 -1024 -267 -718 -88 -362 763 710 319 -439 5 76 -146 301 74 -897 438 -270 -82 392 219 -223 -617 -659 676 -692 -867 219 222 1 1081 272 -72 -357 173 194 40 98 247 813 430 97 496 -280 -822 121 -170 587 367 -30 604 -289 -73 699 -323 -94 101 -94 -189 -178 112 382 -322 342 -205 47 -73 730 164 666 -163 -205 709 -613 680 -252 540 139 315 -530 386 44] 5207.76
[118 168 111 313 81 -1133 518 253 41 469 191 -56 783 392 38 -160 -415 -73 -121 -1012 -94 -239 344 463 1184 129 265 -444 -233 580 105 99 13 -417 -135 -998 406 444 -228 252 293 267 556 -72 -9 130 -12 14 -480 -46 50 -746 204 -467 291 356 606 315 120 -704 -544 0 21 419 -41 271 -124 927 593 -245 292 -1290 -250 -161 -356 162 -538 156 -821 -811 190 596 1313 647 474 30 -395 296 -666 -60 280 811 -488 -451 819 69 -44 158 -495 -710 74 -1248 100 39 -597 348 400 250 -257 -181 926 -137 -664 -373 -53 -211 -409 384 -65 -231 43] 5170.73
[801 181 36 895 -116 647 -325 154 -386 883 180 -706 -643 455 51 248 -128 331 -100 -214 -148 -2 38 465 -478 65 208 -882 265 547 143 1206 -13 -678 388 -207 -1402 -141 123 1325 -412 66 45 -294 -103 -1102 507 -798 -7 -245 -223 -272 -425 423 490 -271 383 -199 335 18 548 254 -335 88 -277 603 467 -296 892 271 507 944 16 -34 -774 606 -269 -112 658 115 518 -66 203 400 375 925 -582 636 -829 -364 42 -61 -275 356 -36 -428 68 41 230 508 -126 550 174 343 248 -616 -30 417 0 -66 -106 204 -518 -239 622 252 564 1278 273 -348 -296] 5299.78
[369 161 -35 -640 -938 570 439 605 -345 69 -67 22 -471 -408 267 -140 591 -508 86 1053 -658 74 281 -65 -649 191 416 318 72 -586 404 -152 143 331 367 805 127 440 521 -86 353 -99 -313 65 -511 -419 1118 -21 -389 -47 4 252 -405 404 -172 -107 152 -1315 -365 -526 162 236 -316 -242 305 -251 -789 -377 409 930 -120 -423 -405 -273 9 -274 112 -12 694 201 55 -103 660 438 135 -737 -38 443 201 -48 -142 104 829 -259 375 -457 21 783 -184 611 -541 827 -585 500 515 -58 -138 -37 421 -122 422 -77 509 576 -176 346 389 9 -36 -444 317] 4773.67
[149 242 6 -558 -639 555 301 -224 -521 -256 -277 -1218 736 -1309 27 682 78 -482 -40 457 -89 4 -71 -149 32 -110 -9 1112 -211 -171 -186 311 -382 -438 245 -169 428 -559 -406 -646 -81 127 482 -123 109 -1112 502 556 -576 -300 -563 204 -257 444 -218 248 -227 439 -254 500 711 -348 707 22 -118 52 232 -488 761 -645 -1070 -18 -489 385 337 150 -91 -375 330 231 149 -576 -224 60 112 -23 -122 323 59 213 5 -82 -108 -407 -365 -121 -97 403 -589 -251 -360 373 -369 937 -110 207 -52 -135 72 -266 385 -160 434 -18 -44 -107 -411 -156 118 -167 -637] 4633.15
[233 303 -759 -420 -988 207 -495 -532 -28 285 -302 556 12 203 90 -252 -215 125 -826 356 295 75 384 236 -303 -17 1320 -816 -822 1 -33 -490 294 -146 -807 969 -324 -428 1170 87 71 -277 -526 -54 -29 -125 1332 -155 -395 167 511 270 -178 579 137 159 -224 -587 -419 -276 657 -673 -744 -612 -282 -1142 -642 -410 101 75 18 468 -1259 -156 132 -161 58 6 523 977 201 506 179 -696 -242 -656 257 -458 -761 -657 586 -756 -57 317 -334 -99 512 302 -314 146 557 829 606 110 256 -521 248 -20 109 109 -279 181 -225 -194 167 495 892 -468 -330 -688 623] 5485.7
[-327 127 193 -643 123 393 842 426 -408 -227 59 285 358 -777 -509 333 -243 -751 -180 240 96 -95 -53 -867 -630 -629 -180 140 777 15 -642 858 -519 577 -643 611 59 294 -1086 4 -944 -283 263 -68 95 -368 122 1053 126 281 -801 175 110 140 -136 -655 371 364 405 472 511 474 -335 428 -304 -511 771 -588 -699 -356 544 808 338 312 -312 328 92 342 -821 462 3 -812 -441 434 -739 442 80 418 443 521 281 -312 -147 462 145 144 166 -429 -249 -92 -134 -187 -299 267 558 145 254 234 -107 674 2 673 589 296 -470 -541 35 534 -53 -219 -551] 5040.31
[-378 -616 -214 -108 -506 -566 -609 -484 94 726 -296 351 -61 200 140 468 40 -113 -562 288 665 108 -760 265 81 126 769 700 -651 -195 -862 -100 -338 -483 131 -310 462 -616 106 -223 524 139 139 -956 197 243 -85 -293 -86 -382 433 323 -343 379 750 727 -251 -106 515 161 174 -232 62 46 405 -63 -875 -1012 -364 -182 -412 735 193 -386 -308 691 646 -449 225 878 523 277 142 201 -805 -8 -786 584 -211 585 -293 417 251 -732 -713 -1332 56 339 -775 -404 -576 483 298 403 -209 -342 39 332 324 -462 168 463 -464 -18 -285 -213 -347 -262 353 -156 224] 5024.9
[-525 -544 -188 77 332 -850 -12 -276 175 -1057 -469 203 127 259 898 -570 203 81 21 2 844 150 -300 -597 -56 -390 -115 -245 -55 -451 403 -15 -512 255 131 247 667 285 -168 -265 -545 -29 -148 224 474 260 -257 364 617 -170 495 -100 219 55 -197 73 -313 375 439 -95 -999 118 281 234 -390 -125 681 1024 -538 -253 -243 -115 37 -603 -231 278 -462 -984 32 -659 -247 317 -935 -281 -497 -141 -394 -325 290 923 -282 -474 93 348 -59 199 529 269 402 -59 5 -342 5 65 1048 543 -12 -212 585 1026 -318 175 536 -476 96 422 -191 -90 903 1293 -126] 4933.06
[208 -836 650 -382 114 -328 39 -477 -949 378 311 89 -192 267 172 30 577 313 -206 -1060 -466 -152 -44 277 347 290 -252 208 668 -411 -351 286 -90 621 707 -183 -655 55 209 363 506 27 -348 -460 195 121 352 -360 672 142 -114 444 -278 879 807 373 800 218 2 340 250 423 -300 7 35 571 362 1 -702 563 -133 712 975 -115 157 411 547 -927 1381 731 476 -513 -324 348 -343 427 229 380 233 281 -486 -199 95 481 195 -355 889 -329 393 79 -79 82 494 -702 301 554 332 383 -179 444 -350 202 32 826 -67 234 1380 826 560 -238 -272] 5204.52
[280 498 -323 560 -131 853 -90 163 -83 -416 772 255 -456 523 -37 652 303 -93 128 179 379 -634 -490 452 -1232 -622 153 -810 -292 -264 11 -122 -610 -654 -351 521 -54 -457 -367 827 36 -132 16 15 -48 -50 347 677 -858 339 -441 708 -181 -467 669 83 200 -656 20 -789 -53 -106 -506 650 384 -164 -482 128 -242 1016 1178 -470 188 -94 -172 324 -506 759 714 -247 452 87 -30 641 -69 -891 -708 -51 65 -440 -457 -205 365 1245 -398 -355 71 -292 -436 -249 -35 -165 104 469 -1053 428 934 457 -142 -440 235 -607 -311 805 637 548 761 -169 -1138 -323 111] 5491.85
[-193 -338 252 -306 92 -688 893 149 407 8 -280 -206 -14 -641 111 488 -711 433 -428 584 673 -580 -389 -119 164 -428 -77 -366 455 496 388 441 -568 -1 -159 -820 -826 601 -248 1012 -380 -1035 -102 -581 -48 -768 -692 1157 -411 -8 63 -623 648 -195 -722 -329 216 630 -193 -166 499 -156 -105 46 797 1283 920 298 772 -539 -160 590 81 514 -234 192 -653 -678 23 91 466 428 -101 -837 -409 325 -251 -285 469 973 -134 -176 162 157 -408 -83 -74 -564 -504 -546 641 -133 -215 422 -244 208 362 -549 288 213 -196 478 -23 -176 -590 73 279 -127 545 -115 399] 5249.17
[-684 290 -210 1400 -336 -752 27 -472 744 451 -209 -650 -236 534 55 -231 653 -182 -514 -184 -268 -173 466 497 303 -58 -503 -1031 61 -597 255 -160 606 750 -645 92 -177 393 232 661 266 -385 -68 -714 182 -153 510 1076 -577 206 -106 -129 -5 -701 -156 27 228 -639 263 -171 -148 605 -86 -705 672 -546 -107 377 -226 268 -590 -254 -218 569 189 -348 -316 -375 -34 939 49 -16 -351 966 106 538 787 -790 -650 -89 47 812 -6 48 -225 -526 599 -4 302 385 292 189 -16 -698 597 491 304 57 -452 -217 630 -348 -342 138 559 -475 957 361 -350 -568 924] 5260.85
[318 -598 680 -334 -479 136 131 -206 -950 -93 494 -191 484 -379 -62 -568 40 -230 370 265 -10 810 -709 919 665 -95 169 643 -222 -347 -601 265 609 172 265 567 266 -270 -570 359 -700 46 1313 201 -29 -382 -34 -379 624 666 -262 -135 -439 579 -224 -548 816 -5 41 -170 -513 -79 -291 500 190 -41 -276 -17 262 -194 318 84 25 713 -979 429 768 417 -190 -59 218 -628 -38 -313 205 224 217 421 -384 -523 124 173 256 1477 113 113 -664 299 -9 -236 93 -309 -100 406 320 256 499 332 293 39 445 202 45 204 -384 -857 157 -348 651 -63 -594] 4897.21
[398 70 -468 -322 502 -295 152 -46 911 -238 -947 -458 -146 494 167 547 -752 -239 -739 -449 -892 -122 381 -222 421 890 102 122 164 -946 375 -386 329 -442 -264 79 -566 661 -337 864 102 -104 -548 -174 -390 35 607 780 207 253 -217 -796 -267 -592 295 -394 1191 -196 328 517 -185 814 -761 -83 -680 -73 -236 368 -167 157 540 -688 -303 -372 416 -400 -276 37 492 327 273 473 704 1356 311 -64 -950 -376 -387 -172 -357 958 115 -694 85 -240 -347 72 64 202 -239 -650 -261 -496 183 284 59 -1088 -385 -402 483 -75 250 947 -37 -700 182 -499 -82 -6 124] 5353.43
[494 111 -981 -380 284 -152 -361 -808 183 -259 -174 -658 250 53 -358 -1005 209 380 -115 -1054 -415 372 211 -89 -198 117 -260 -640 55 262 332 -329 -150 5 -109 13 -394 -24 124 32 348 199 -726 -233 773 54 435 -358 -265 -209 124 -60 -168 292 380 629 170 -345 379 -261 579 206 19 560 -26 218 551 116 -9 246 785 339 828 -1100 -286 -262 205 -145 392 519 419 -224 193 546 610 508 -84 -15 242 716 -187 678 646 -891 457 -329 404 898 -897 776 -465 -350 -220 -242 637 -104 223 -271 -310 504 55 261 -284 26 682 -360 -240 524 53 598 -465] 4802.82
[500 -150 -865 -811 -945 -212 -307 -684 -661 -377 -593 -202 -787 780 -338 -16 405 279 -486 146 598 390 -752 72 -492 219 110 392 -188 -713 -191 486 500 -438 113 416 349 -787 -533 -148 -564 -409 -695 222 723 -1405 484 343 -261 446 -21 -238 -1340 302 -497 -235 510 -96 -381 -497 -316 -438 -368 -627 -472 177 243 497 938 49 -633 155 172 -95 -107 429 438 112 29 539 293 68 172 -128 -37 304 -184 -127 355 193 -219 -10 217 624 -33 -371 -434 152 -213 -125 569 888 575 -369 -383 -111 144 -119 -171 -21 559 -276 243 -73 -507 -381 788 -225 658 -561 570] 5120.41
[294 621 -642 1155 -212 222 -245 -609 -426 218 34 404 327 -413 -729 229 460 -402 -100 -127 583 485 311 -311 473 -51 1077 -166 -481 -49 -421 -493 594 -255 399 -200 416 690 1314 -13 671 -238 -604 -401 -409 409 88 -526 265 -580 49 -1023 677 -707 -48 -189 373 150 -37 28 147 -45 242 73 -294 90 -91 267 198 302 -323 -258 94 -400 427 -664 241 -114 -122 884 -380 264 369 -623 176 -882 -315 -535 -700 -55 986 -94 814 -617 300 135 251 -93 508 537 624 23 -199 -778 -70 -222 -43 -219 -269 -307 81 -397 -3 -1058 241 -424 290 90 -866 -124 -434] 5075.96
[371 275 -208 -40 50 141 721 1154 184 315 226 282 61 296 116 314 -606 -115 -309 84 -687 394 884 -116 -513 99 330 -417 -246 811 -492 91 -23 -312 -537 349 -259 -279 -716 -36 -192 175 -230 -790 -373 -127 93 56 -292 90 -266 1024 106 647 333 -242 -776 -173 41 -10 757 691 -1113 -173 -1018 -623 -67 -166 576 298 -142 774 -213 -209 -881 -439 -158 435 349 106 562 -12 -243 390 -428 -339 -1022 -532 -776 -563 538 250 570 -503 -406 -141 -22 -178 168 384 -342 693 100 661 717 -17 -1391 570 194 -512 433 1032 241 -109 -36 -38 -131 358 393 -12 242] 5193.24
[172 -732 -111 367 -112 -230 4 -307 -247 -245 327 -204 68 -170 227 -704 -953 30 -412 691 276 -276 -396 -712 597 692 43 -139 399 14 566 947 -35 -431 -159 135 -606 422 189 -543 529 721 -910 783 -452 -984 287 365 322 131 -200 -632 269 513 504 -592 417 358 132 -166 94 -292 642 -556 -632 391 167 -21 644 -475 -100 785 208 345 108 625 -202 607 200 -416 -301 186 -189 -88 421 -1148 -683 432 301 -910 784 392 -122 -242 411 726 -825 -501 103 480 106 545 -490 419 281 -1069 -416 -488 283 -107 -627 90 -20 210 -142 -491 174 394 348 324 718] 5175.77
[514 381 -21 -31 -146 190 -158 -398 -296 231 310 43 275 -452 829 -174 118 674 321 -1343 -239 444 -42 -88 451 670 679 -965 -258 150 -1199 -668 486 -257 -382 168 -553 305 254 203 777 -794 -656 -210 -678 163 -46 -327 -454 309 360 -117 415 -116 575 1350 623 -60 -133 -81 853 -102 161 -575 270 207 171 245 -864 770 488 -322 407 -525 1022 -223 83 221 -65 882 134 379 1269 278 9 798 -91 316 -285 -281 890 -127 590 -107 -221 -710 18 -496 52 -828 569 -1204 -370 -265 41 615 559 480 43 -844 -91 -145 -244 667 204 322 -431 187 -514 404 -507] 5567.24
[-62 -954 494 320 -209 380 -297 278 -288 421 -120 -17 -471 -228 -187 -547 -144 112 379 944 -458 -202 -274 522 276 284 390 578 -515 -261 731 610 176 -32 1242 576 107 -242 -6 192 78 612 136 -424 -236 397 1255 -798 -600 -690 502 -851 328 328 -27 178 -455 42 628 156 -933 281 473 981 -239 -591 -333 -474 420 -393 -310 -152 671 -681 108 176 7 54 -81 -528 -42 -372 -139 -179 340 224 -210 1044 -409 -565 -35 412 -395 -303 214 -221 -857 590 153 -616 -984 -41 -39 380 172 -420 501 -579 859 -19 99 -143 -459 1007 217 390 -971 156 -137 -338 -27] 5244.15
[-445 699 237 610 -301 -217 585 -269 -231 133 335 -60 -347 -217 -289 1015 291 -144 245 -280 594 105 208 -1131 98 292 465 -250 548 -874 -689 134 814 -63 506 7 251 -4 363 -377 -16 -259 -168 -420 -359 -216 -562 -180 395 40 -386 -645 -177 -579 623 -132 571 -627 19 -119 -15 959 380 -810 -107 -101 -174 198 -702 -16 -95 -321 104 -381 439 291 -157 583 -8 80 -501 -800 344 793 284 214 -497 1086 760 -324 218 -2 93 -356 -342 -776 734 -44 798 -235 -258 51 -566 -537 337 584 639 -735 62 -700 -7 -603 316 -464 481 -208 -312 515 -513 185 -1178] 5107.35
[48 -662 291 257 -45 -354 714 -421 882 88 353 -1051 -225 181 458 -330 365 -208 579 406 -1012 -616 511 -85 99 754 -495 -452 49 17 -57 -61 50 -534 -83 209 -417 501 379 -249 85 -114 -356 -130 117 -95 453 92 -771 469 -160 186 368 90 -568 655 -701 -105 23 -249 -750 -404 384 -611 -113 -72 -215 715 189 -169 -220 -613 228 164 297 -340 844 -16 -739 -84 -485 721 934 417 324 -84 447 172 329 -55 433 646 614 -369 -133 -331 422 -342 28 527 -318 -153 429 -541 147 -144 -109 466 70 -506 -8 -41 232 133 -12 720 -275 -236 307 -38 1051] 4679.82
[272 -95 -262 86 33 462 -505 -684 -185 -140 259 -454 -86 155 -937 -736 830 29 -237 327 -560 35 -449 300 -482 1117 -416 -85 -462 528 527 706 -56 -70 -294 -91 -734 -648 -205 -525 -608 191 -376 -609 -71 -84 948 -874 -1276 940 -282 132 -777 693 -801 878 -544 20 -275 -91 340 -1025 62 450 215 -146 -158 -25 651 67 52 -575 -359 528 -567 291 115 -465 251 516 -372 754 255 -238 4 -293 -29 -667 -487 393 -252 142 -406 -123 -213 -348 -514 -149 -310 690 932 256 91 185 -397 -272 84 20 527 -588 -474 51 -386 55 93 -539 -341 533 493 -709 562] 5228.77
[-797 -39 548 883 309 -329 530 691 7 9 -65 -422 43 17 526 -354 498 225 -2 78 -419 4 -174 178 -338 -654 -631 -199 233 280 515 773 -183 479 -230 53 -355 343 -675 360 -331 -386 498 -284 547 207 -576 252 -789 -797 -439 271 -197 -104 -812 23 -826 -220 447 -426 -159 830 480 165 794 345 181 230 509 287 168 594 -359 129 113 322 -295 799 -306 -200 -61 -313 -185 529 -65 415 -101 -315 1050 221 -104 159 -501 285 -659 -296 334 -829 189 404 -310 -360 -168 295 -125 577 -250 123 206 -245 -193 546 -233 154 -133 407 -502 90 182 -68 544] 4588.22
[-130 -585 -359 87 324 736 -116 -532 -635 -281 321 195 749 -553 -177 -367 -338 845 369 -142 -215 182 -386 634 1420 -157 -650 451 -570 -147 314 -265 324 441 38 1100 -559 -887 161 350 -324 607 -95 636 -385 -739 113 414 -488 388 267 -388 837 -118 -180 -312 311 162 -186 -309 221 534 -630 -422 520 -357 135 655 -3 -652 190 -138 385 291 405 -120 -243 325 120 -131 428 -213 -123 -1189 21 535 1566 219 -648 -533 194 -184 -484 528 366 498 11 -261 -200 -736 650 -623 -228 143 -59 84 967 -53 -237 -136 -56 -990 -856 152 263 79 397 -545 -504 -592 -514] 5364.19
[-1045 -625 -219 -273 741 -574 -259 -106 67 -278 -712 -59 759 676 409 116 -92 -160 -301 -785 -118 -119 -302 -517 860 -258 -144 59 235 71 446 -349 338 16 -314 -208 -601 333 -28 540 918 485 756 -168 -491 532 -516 1039 -828 -162 -285 -282 1085 -768 273 418 -56 374 -18 -221 1208 126 686 -321 -399 -285 -243 776 -229 276 967 -436 34 -141 273 46 -712 21 44 -68 241 108 685 -111 52 72 -328 -512 -806 -679 24 -98 -380 -457 -14 -184 31 215 -628 -852 -17 -117 -96 499 -687 804 -116 -60 -1056 -221 143 -628 -44 -93 530 881 -204 -363 7 8 491] 5219.71
[615 -251 559 -525 -274 -811 -289 -66 -469 -528 -197 -759 304 386 654 285 11 294 -717 423 613 160 -307 987 -92 33 297 142 270 -392 -186 213 -500 -391 1016 -136 -258 -189 29 577 -787 579 -273 648 722 -568 -432 346 429 -166 -389 -214 -92 359 -344 -107 735 -171 -205 -123 -110 -210 -61 -399 -296 533 -192 445 288 219 62 353 244 -443 571 -487 -125 63 -140 -271 630 122 -112 -173 220 558 -555 -420 -63 406 -337 -459 613 545 -102 199 -1094 -456 -416 76 557 690 -347 -110 -301 -181 713 -746 -380 201 38 -208 247 1153 -379 308 1004 -629 321 364 710] 4939.91
[673 970 -739 -1219 -448 549 -585 311 345 -867 -290 428 41 286 -585 205 71 714 15 -40 332 58 -409 -706 -351 -458 236 -97 1285 -495 -322 -538 37 702 -66 218 47 288 69 -274 290 -647 403 576 -14 266 -1427 495 -158 69 109 -101 -205 -220 10 372 227 317 -778 -293 487 198 330 -774 134 419 318 31 -101 -203 131 477 -531 69 -118 340 367 -204 1669 -87 129 -432 474 -521 577 -515 -709 63 740 -105 228 -1067 -662 566 192 22 -698 163 -824 -781 -217 -21 354 445 -855 165 -82 -321 -336 550 466 -252 380 -88 -67 -170 385 313 1020 0 -1043] 5545.16
[183 -380 1082 -13 -573 213 427 394 228 18 219 -709 587 -172 1117 919 -788 435 -44 -308 -256 39 492 46 166 368 373 -8 -16 -751 144 154 -299 373 68 -296 436 561 -42 184 -728 218 113 -392 -424 -878 167 8 -484 867 133 -165 -595 19 -143 -155 726 -618 236 -3 -647 638 -148 261 -574 -513 -667 298 -819 -289 -552 -443 -438 -288 -238 200 -248 307 -193 -400 -163 310 1139 340 497 -237 481 794 -335 197 -74 -81 47 -203 32 -175 304 311 -369 41 -627 123 -935 135 137 35 876 245 500 -604 -118 504 282 742 261 -132 551 4 -231 -140 62] 4863.22
[-555 -211 628 -22 -56 -667 611 455 -221 584 -119 180 700 107 -959 551 422 -349 400 117 94 -527 65 -645 -511 -312 -154 -172 55 -150 -107 505 -205 97 -449 -417 250 -143 553 -595 259 -53 283 463 93 739 -27 84 541 -440 -822 205 -765 465 711 3 766 130 136 297 -686 -130 -216 267 69 784 126 -695 222 -343 322 -1066 -669 -604 -405 -550 511 -44 -448 -356 -1078 21 -350 46 -269 53 224 468 1082 351 -249 41 -426 590 612 617 937 -1114 404 642 -310 -154 202 -97 604 -598 74 123 -38 803 -34 241 -7 -938 -170 -827 -376 871 710 162 -333] 5278.26
[-298 157 -794 747 -226 84 -750 -508 398 977 408 20 508 880 -513 -433 618 -529 671 -460 -603 -177 -252 0 -695 1 -73 490 -104 -559 -794 -672 335 -553 -181 557 968 -682 476 -1529 876 191 729 282 400 -37 348 171 -345 219 -313 895 -640 -188 892 401 -665 -120 860 297 -104 -257 96 408 -353 -65 -16 -174 716 -336 -83 -752 -882 -369 419 222 216 310 1079 -618 -123 573 -44 82 292 -986 -843 79 -256 -513 234 -168 -225 88 130 -345 -26 851 -93 250 343 604 2 415 199 -569 320 722 -371 -236 686 -359 -201 -601 218 123 177 1014 -209 336 252] 5586.58
[-312 449 -1143 1103 -31 -34 -429 -1012 -168 -485 13 397 119 5 -853 -477 799 9 -44 450 -297 164 -27 438 -524 -585 51 -305 72 434 -137 -624 -751 318 83 23 680 -214 -123 -210 232 684 370 -185 354 364 709 -6 37 -469 64 -382 155 -428 440 153 -490 300 686 358 32 48 -19 21 -408 -416 -373 -511 -481 122 53 -362 -120 -249 -733 40 222 -309 -193 703 -583 87 -158 83 -205 166 13 -586 -370 -186 -244 -517 -172 714 -52 -128 479 244 -342 689 122 286 459 -845 159 -316 515 108 -817 101 418 18 -227 -14 419 -27 -195 88 323 -763 411] 4566.84
[-642 717 590 -84 785 386 88 -494 30 948 147 98 22 -164 357 -537 489 -679 -230 313 535 281 216 -732 267 523 -534 60 383 -15 -176 298 230 160 259 -162 809 773 808 177 224 133 259 954 -27 -77 260 -120 299 110 28 -261 -5 1022 399 298 265 -741 98 -43 214 -970 548 -445 638 -115 68 -24 -561 852 539 212 695 190 139 179 148 22 646 -488 -112 46 -599 216 -134 496 608 -207 231 -729 -109 -390 404 -123 158 -449 425 -138 1023 687 -90 -223 -284 -1133 273 -459 20 -695 -624 200 -392 -166 -532 -905 -787 -237 823 -822 -486 940 1001] 5316.39
[296 150 -117 -254 -360 325 -941 -518 476 -564 -535 -414 -383 97 -382 -685 -115 -19 -303 -588 647 89 114 -355 -871 -183 339 -447 62 30 121 -290 552 240 -79 -263 254 585 -168 144 -693 93 -721 67 -722 -203 11 -170 -551 512 743 451 -104 494 215 198 -683 -190 787 -252 229 -391 200 -357 438 493 1135 472 66 -704 -430 50 1042 -892 310 -256 -232 170 983 -559 757 -388 -1035 -782 -448 -183 -437 -755 576 142 -181 -496 149 13 -717 345 -361 367 40 -680 969 599 -346 400 265 906 -747 -77 248 205 -287 -815 -196 -1228 192 371 -240 -274 74 1334 -17] 5501.99
[-300 -115 205 156 728 -238 1119 76 -106 527 22 -426 162 158 -224 -580 -463 -527 -517 57 433 580 -492 -153 452 127 -893 72 -111 -226 563 52 71 -80 49 -763 -538 317 -442 581 475 340 736 -130 116 -114 -59 -412 -897 -191 108 -532 -459 758 -415 -18 0 99 486 -520 -118 -35 261 320 207 -1393 441 378 124 108 356 225 367 396 -243 -37 -367 -199 -205 -59 84 -426 -100 451 -44 289 -582 -437 -925 -381 360 974 -295 -636 -283 639 81 591 1001 263 595 -389 -433 -203 959 146 -51 -442 -293 -579 -763 -19 -268 6 -248 -753 276 -1138 370 129 691] 5047.19
[-30 -437 223 141 244 -170 205 35 165 401 -486 -740 118 662 893 42 -414 118 -216 484 -246 229 190 341 418 -608 13 -333 -544 247 -8 -143 -367 -100 252 -415 953 -20 -82 480 -302 842 -33 262 338 -288 189 -628 -688 -522 -441 132 59 463 -367 163 -850 -272 -676 -121 -567 -94 10 -1088 -802 -742 193 626 88 -198 -702 -233 -1502 61 666 -812 212 -361 376 -1018 402 810 -148 -5 -209 52 -79 277 -53 722 -659 47 -428 -583 -264 36 339 350 -397 -372 -50 -49 -16 -497 132 564 206 243 -393 -1107 -790 31 -891 213 -183 802 230 -336 445 -118 11] 5108.9
[144 -139 -108 -464 -1058 890 -265 -86 -32 -704 -332 -45 -262 174 59 -687 628 85 -482 400 -308 -193 -729 -192 -85 914 -722 815 349 -697 609 -548 156 395 48 809 158 304 107 -431 73 293 462 311 248 293 -134 -245 -515 477 382 -139 -952 -328 -451 -290 -439 -234 67 162 -427 738 -81 556 810 71 80 67 520 -650 -773 -532 197 780 -428 502 383 -102 312 379 -457 -32 871 -279 900 -785 105 773 705 32 -700 -411 -501 471 720 -1096 -207 430 -583 -290 -949 43 -144 205 -390 -13 -419 -344 194 291 634 -546 232 46 -30 -371 -791 -644 823 50 -90] 5316.41
[85 -166 9 712 29 -221 296 110 -766 158 219 620 165 -1771 42 -386 -350 590 -471 117 525 -323 -212 -165 -286 263 363 -630 806 -74 220 912 -592 129 3 -335 -539 680 -971 408 -1023 224 -187 779 110 70 -749 -62 423 -124 595 -915 807 -617 -640 -1087 -146 826 635 409 493 215 750 207 496 701 89 -251 -772 -627 -145 964 170 -32 -22 741 -327 -489 -252 -97 150 -350 517 -413 -83 151 -1215 -75 843 175 89 180 103 147 -973 308 -672 -615 -71 -519 951 -551 -568 -119 -439 204 432 -1035 -147 -74 -344 -71 -607 -119 -440 388 -1136 300 -341 -956 11] 5864.08
[531 -644 321 62 197 892 -617 95 291 -167 -332 204 165 -61 22 614 -163 381 212 -632 -452 348 25 290 529 438 637 -233 -215 201 -459 -455 -89 -302 -279 -110 -469 -493 -464 48 -615 -239 -420 -135 -382 345 -356 127 351 876 39 412 -424 267 -103 122 421 -228 -335 -902 661 206 -180 429 -142 1114 -726 501 -406 5 86 230 -538 -283 502 -113 -406 -62 1596 317 57 101 329 28 348 -55 -439 803 587 1954 -620 59 -51 -455 -361 36 888 409 -481 42 -281 -570 -304 -404 -224 814 0 246 445 -867 -470 121 -871 803 -1 123 -262 889 -350 -387 -197] 5324.12
[562 -24 728 101 257 121 -372 -329 -642 -218 416 108 212 -117 0 710 -673 -450 436 -80 -18 107 104 -465 227 -256 393 -121 -370 -184 89 130 -281 -470 968 -507 -4 795 78 741 -550 -126 14 -667 -866 -1115 -670 -488 -574 41 44 -704 142 -24 -580 -931 458 486 767 -1048 -1033 -26 -412 13 436 239 -520 661 645 -286 -414 -773 77 97 398 232 -736 240 -412 5 452 -256 411 -485 -222 -184 -633 279 67 -283 338 -391 -406 866 -209 82 -723 18 86 -390 159 -413 115 -297 -1020 459 277 -514 280 -199 -1088 -280 -731 -419 -426 529 -198 -1016 -633 182 197] 5286.68
[-246 165 -355 -344 74 -742 -677 -1087 -277 -856 -433 6 -375 533 -627 -971 156 106 -29 120 372 133 -88 -202 -710 -237 288 -38 504 674 -433 -131 -540 676 112 -724 -283 -1057 -27 129 278 355 -279 -823 -146 166 451 -16 108 -577 477 -588 378 198 651 51 683 -322 148 273 561 -485 -177 24 79 993 -355 417 127 604 470 122 922 -334 -391 543 -95 618 233 858 72 -32 302 -682 153 893 73 -194 511 -213 -501 -1113 543 1123 -557 -330 5 68 -251 -804 736 565 140 174 -239 -440 795 -513 200 632 183 -29 -601 -315 711 381 1 158 425 -80 899] 5353.3
[213 -503 -56 -297 -54 289 -716 213 114 160 207 526 393 555 15 -5 -446 771 656 263 -912 191 159 -252 627 -218 -35 -174 292 28 406 -536 121 -180 252 243 551 -969 -25 76 184 509 412 567 -310 -658 -85 -1 -135 187 43 -251 257 -199 56 -1392 416 530 528 -490 -24 -118 181 450 -22 -70 -628 586 532 -227 74 100 -657 -284 752 -372 -389 -484 807 -1047 360 -128 228 -452 77 -190 -449 -285 -397 217 -678 277 -79 175 -69 -532 -99 -88 -300 470 -528 -13 -625 -233 -547 -560 -2 215 -440 -188 -413 177 -1179 -316 -275 12 266 407 -572 -258 427] 4690.1
[116 289 -492 -113 724 726 878 45 -434 544 77 -16 839 -169 -297 440 -620 483 471 591 -571 32 -187 -387 878 -447 654 -112 322 672 -1114 -243 -551 -426 -199 -219 -41 201 114 624 364 -291 554 -145 354 38 -11 -212 -683 -524 -372 -519 293 382 -622 -87 -512 -29 -53 50 183 269 -116 535 -197 -610 -397 380 -156 123 545 -211 -220 87 582 -203 359 725 -23 -326 -270 341 426 -852 268 564 -334 277 770 70 -84 -127 -168 645 245 -663 -359 -525 -662 528 -826 -1145 39 -536 -590 -487 613 149 -10 -514 -196 905 -985 280 434 482 -873 -144 -150 -537 -58] 5141.62
[710 -383 -1017 269 -812 -629 -239 217 -835 -563 11 820 -435 440 -443 -631 223 913 52 -1040 -164 558 83 -144 -325 -143 -113 -186 213 -394 -686 -310 588 804 539 -262 134 -928 -916 -781 460 154 -586 -347 -141 359 -640 13 469 -447 6 650 -1079 -233 455 -6 683 763 219 -312 -92 779 455 -559 -681 19 604 689 -184 227 -332 -307 802 -965 302 20 -637 564 527 -96 511 -89 226 -225 187 -630 -538 -120 128 -154 83 -884 179 -131 407 540 -486 -687 603 -710 663 230 527 69 -82 805 311 -554 364 227 432 -91 427 -609 253 557 755 960 618 -272 -110] 5636.98
[-310 -422 525 -517 109 -674 510 63 -989 -288 10 706 382 306 1024 313 757 396 -226 -196 742 743 418 -620 -117 536 -210 371 -382 -363 -220 -624 156 358 207 671 -17 101 -115 315 -15 111 258 -409 62 86 -783 102 -680 -523 -459 -209 -1174 395 -846 371 133 137 169 -299 617 -154 -499 441 -502 -872 -730 939 523 416 -196 38 -351 -21 189 -357 -86 721 -179 725 25 121 300 -716 -417 -37 422 -847 -595 680 -304 -194 568 -81 498 -259 -622 -81 501 218 -324 269 -336 356 -73 -262 -419 525 551 -165 320 891 -52 938 -898 -625 80 -194 -193 985 72] 5269.18
[455 -163 847 -171 -944 -410 117 -157 -285 275 98 357 -628 -36 148 319 192 0 -392 344 113 -237 -68 557 378 -250 89 180 -440 -229 723 171 -9 28 727 287 169 206 857 -82 719 -336 1135 416 456 -382 535 473 -248 77 294 -241 -597 293 594 27 439 100 85 214 790 494 256 -424 185 -49 -389 -457 317 790 -433 314 413 466 181 303 -181 -83 766 251 60 -599 150 271 -381 -291 -138 -396 -522 -756 76 -49 -1 161 251 -1124 -306 -230 -543 -190 -453 971 -179 201 -161 -490 356 511 39 -178 -116 140 -313 169 639 -75 678 151 -521 -127 292] 4568.91
[65 -313 -261 474 -684 -291 292 -532 -800 -357 329 -733 -300 643 32 -816 770 -42 78 -47 155 196 -1064 984 520 -671 -306 73 -519 11 -203 -105 419 -208 -23 -172 -52 -544 -463 638 752 -316 0 -188 -53 1162 -43 -540 -442 -777 -420 478 -836 379 233 -126 281 -757 -111 -173 -154 483 661 134 58 -214 -513 69 65 855 123 293 1021 -256 -453 47 810 636 517 72 -338 -565 -234 205 632 458 0 -26 28 1 -235 512 592 -127 567 358 -118 629 636 31 -12 -129 238 47 618 286 -146 274 370 -657 505 430 -376 -146 1008 -158 350 766 759 250 123] 5093.86
[-689 120 363 726 137 91 -27 480 762 359 466 1068 345 -316 -314 -575 -782 -358 -319 785 445 -342 -152 -870 65 -151 153 -834 699 89 -312 204 -148 -220 -949 -337 -228 1175 -327 -431 285 423 32 -112 -582 -416 322 15 548 29 -314 -92 160 -28 834 -518 -376 20 706 1416 -236 -1087 53 -318 687 143 -290 -1489 -192 -438 508 -536 -403 134 -592 587 -239 260 -84 -470 -150 894 -912 798 18 -523 -483 370 483 -729 86 -557 -837 100 460 299 38 -551 217 350 154 -77 -279 -545 -140 -504 853 -139 -409 213 -930 581 -1024 138 105 -726 -246 84 100 -342 179] 5666.65
[-855 -101 -173 143 967 307 1058 1160 -93 84 315 1133 -52 471 667 742 -174 180 -156 -266 -322 84 148 147 270 334 -536 500 37 -157 342 -638 84 285 -222 -82 -448 308 -476 286 141 -234 485 -490 228 -95 -301 -656 -100 133 -247 -147 551 -886 -1077 -1145 511 -10 -20 302 483 369 -822 196 -283 -103 189 278 254 363 424 -15 529 322 187 -266 -359 -15 -949 1028 396 -473 755 -14 -259 48 1283 -144 -863 -320 -304 20 -315 -268 713 -770 8 -2 -123 20 -509 -40 -117 -752 -634 201 -80 288 -772 -169 -226 452 773 36 -858 -494 -514 -448 -650 -812 -318] 5387.36
[880 17 -871 270 -132 -65 59 -936 -407 -193 367 49 -233 -580 285 -533 367 -135 736 -181 -344 -78 892 -761 -615 811 527 -245 213 -140 478 306 -54 -23 322 648 275 37 145 -254 338 462 -1447 -219 -566 58 815 -124 -924 142 590 -694 633 279 64 675 407 44 561 605 614 180 14 -43 -581 252 -92 -218 -192 387 256 42 73 -1137 -228 186 -460 -22 926 320 268 437 354 -89 -548 411 -737 -125 260 -37 339 -74 737 -868 343 428 -550 712 393 370 819 400 -1130 31 685 -627 192 33 478 -305 369 -216 27 44 -271 723 -152 739 168 177 609] 5324.08
[228 -114 -233 -479 -493 265 22 -108 71 556 -402 -135 29 -688 66 350 -686 -1383 -324 808 273 -341 -307 -454 -408 -195 562 718 -515 -140 154 511 -487 -898 99 252 275 390 -381 -275 -95 63 -31 -586 -995 -1052 403 362 1025 41 -101 302 516 5 -279 -258 -195 -35 466 512 -561 413 254 -45 -421 -643 -611 -781 216 -429 114 94 -484 -229 129 -673 3 28 -1071 282 302 -328 -221 188 -798 -735 254 338 -447 -358 698 405 -332 -233 550 -206 -647 305 -20 412 -4 428 -572 846 303 -661 517 647 -178 220 283 -145 122 -376 38 -103 -550 -933 -523 -394 280] 5103.37
[180 -708 -318 356 -186 -516 140 380 157 328 -304 14 641 626 -1049 793 96 -746 -61 228 -178 527 -326 556 476 -194 139 380 -863 9 -877 -794 -733 -221 362 42 911 -351 -187 -388 -419 878 286 -16 150 252 225 -56 -178 -879 -206 -296 -653 -96 -259 66 514 -274 -14 -824 -552 -52 -555 -354 -189 -1057 -220 -499 -434 566 -1110 -867 900 -189 -176 195 926 997 -263 -403 284 -304 573 -369 213 215 233 339 132 -3 -332 659 -35 -384 366 68 519 -61 -426 -522 -511 -305 515 -1166 38 71 150 157 -42 -683 243 558 -353 -965 462 -731 196 252 208 282 -666] 5374.63
[71 4 1308 92 221 355 490 397 -691 33 175 328 -276 -1105 423 376 -749 151 362 83 50 -28 194 -554 31 598 -416 765 -366 -441 100 543 620 618 210 32 429 530 321 89 328 -44 -18 -547 -236 414 -634 25 164 182 161 -656 -350 -125 647 -171 165 466 142 490 -513 633 75 498 -54 -154 -502 -692 -798 142 53 -93 710 -132 122 -507 469 176 320 314 -897 -354 -237 524 547 -215 817 972 209 350 666 -109 623 -506 383 254 -29 -115 1004 -408 -723 -242 60 -151 885 248 325 -569 247 -258 223 -65 193 873 -218 -1002 50 211 96 684 -336] 5040.62
[-640 -476 487 702 -520 554 -189 846 -242 1036 413 109 812 18 41 1171 714 -419 -201 599 200 109 -520 60 533 -138 36 26 -284 -376 -150 -697 382 -357 265 422 777 -910 183 361 -918 -845 -170 103 378 1358 -699 -940 607 -523 -49 -91 626 -293 630 246 -202 -451 -129 -421 570 343 -542 588 170 127 570 -368 -212 -129 476 -933 358 -351 -65 130 405 75 -715 220 -749 -452 251 -844 140 305 1063 1148 470 -119 -299 -839 -124 -182 -683 -537 315 -154 106 -912 -615 -497 547 -345 566 -1010 -855 80 -108 862 -35 31 -201 -643 -1408 147 -298 506 -160 393 -275] 5930.41
[162 -145 81 296 842 -202 350 -299 367 581 -539 435 -216 -352 -135 570 -177 -117 978 250 -215 -864 -409 -237 207 -535 -874 166 99 666 -290 74 -359 476 -301 -849 270 313 161 131 351 -339 328 -926 -255 811 -418 396 -119 188 286 -945 1120 -935 638 156 -798 961 -108 236 472 342 -534 134 -612 1057 490 -425 276 -120 860 -56 372 262 -622 297 -241 -1114 -190 881 -757 -236 155 964 -603 531 -113 634 344 618 -1 296 92 -1042 -61 -42 -807 497 -331 -571 -1019 -451 -45 1112 288 188 110 241 -423 385 1207 203 -158 493 -534 -214 -717 624 859 -6 -35] 5808.98
[70 98 -411 658 443 -331 71 284 -114 238 226 -608 215 636 794 -72 -288 314 76 243 -548 -263 887 26 -84 -98 268 -231 -569 -142 -101 959 -416 -294 -220 81 -433 -285 281 743 161 219 -469 -708 -224 -999 -141 66 -40 191 -35 643 264 947 -1172 661 -555 211 154 172 -556 -72 -169 273 640 -400 -895 44 628 255 -1448 -50 34 224 -202 455 -738 -350 -181 172 -19 265 -547 -225 -258 114 420 -614 -738 -277 -195 711 305 813 418 384 -348 -294 627 395 336 485 441 821 306 192 -235 603 789 415 -476 597 209 93 522 -218 899 -489 358 332 218] 5137.95
[-290 -63 254 -468 -305 188 458 214 -380 -143 636 -566 96 472 -440 228 231 558 945 328 -205 -332 -293 -850 814 415 -163 125 735 398 -335 30 441 -192 -182 454 37 -358 420 -14 88 -586 102 -86 -339 643 -638 5 -428 -291 140 -525 450 243 921 588 -47 -1002 -360 -3 189 520 279 -167 696 529 -146 -315 -850 -978 77 -749 540 -706 380 -108 413 135 -277 -406 -1214 -97 338 -555 354 722 11 478 1101 152 354 -626 -92 445 447 20 518 200 10 -716 -470 -330 -380 443 78 -522 -337 585 85 -331 -302 -1060 -30 273 669 319 -1086 352 353 1136 -146] 5306.03
[241 -103 -157 -454 45 269 -492 -27 31 -973 -394 507 -257 -593 -201 -257 137 -37 -133 53 596 -95 -287 -949 234 295 -80 -636 -489 -885 59 -182 3 -74 -105 -102 6 466 435 129 -499 -142 38 715 275 -336 1147 69 225 136 581 -943 183 173 -563 406 -178 628 136 -477 8 -1152 148 196 -402 -649 290 1016 609 112 1081 -536 -584 -127 118 -370 -123 -759 -473 234 319 -245 126 3 -148 22 -123 -852 -552 37 -160 8 25 -88 -373 -169 -1030 340 68 -267 -562 16 287 -93 246 -173 232 -564 103 1359 302 23 -299 -336 -638 165 -577 -380 -780 -50 -279] 4937.66
[647 -318 222 -77 -420 -240 416 -226 -10 -115 364 -784 -20 525 -252 -16 -598 142 -647 617 327 117 96 445 751 260 287 363 647 -413 74 328 1069 325 83 -840 65 121 -524 430 495 146 -276 -239 582 -372 104 -608 -600 456 -757 -347 277 574 406 -457 447 -248 -455 205 601 248 21 418 -130 412 20 947 151 -761 -428 377 -300 19 -219 -713 372 -678 -43 -162 227 615 247 532 546 351 -365 -58 -185 221 -396 81 635 90 -109 251 -551 1114 -463 -816 -264 -288 -727 576 43 58 15 85 129 -371 58 -568 442 1231 -162 -431 334 39 317 -560 52] 4874.81
[-622 -119 536 -753 -1 293 127 469 -67 223 -221 369 386 458 149 -375 185 -23 -106 644 150 -145 -690 -376 -95 -168 -506 42 -301 423 373 170 -445 -646 -185 177 209 297 7 -579 129 -217 555 525 431 -550 -444 -87 -706 342 -6 -343 -961 814 -273 -216 -459 221 401 288 -437 -103 286 -224 -488 -464 -277 -524 1206 229 -103 -298 -220 105 -556 507 507 512 -579 -246 -473 828 445 88 803 396 7 502 462 12 584 -909 -1333 -339 710 -483 -35 -199 -355 361 -104 74 72 107 235 -941 203 -405 -400 -687 -785 682 -360 -310 232 -359 -557 356 1024 48 568] 5049.43
[-156 -998 -319 47 -535 -734 -389 -532 51 -129 -877 179 549 169 77 283 174 -397 -110 -331 496 708 -1103 -340 14 -298 300 546 -476 506 382 1171 -151 -183 -717 407 -509 -493 17 -124 -594 -155 566 556 219 -299 -498 910 94 -662 -258 -906 -592 -234 -468 -79 335 519 273 -807 -142 318 -234 -624 -286 381 305 236 290 -715 -521 168 -952 484 -689 912 196 -12 -504 109 121 -213 365 -211 -731 367 -86 651 947 261 -369 -523 -443 228 -654 -285 426 -305 -591 823 -281 -135 229 496 -371 -149 -31 -57 310 608 343 -109 110 -649 -821 -347 -1088 -123 747 145 -494] 5366.11
[-167 -345 141 334 167 -328 483 302 -277 422 167 -96 803 266 236 -181 -457 719 226 -119 212 602 119 647 1091 224 476 -418 -221 1054 -268 -404 785 -98 -133 -778 -324 -688 684 -16 126 -85 -7 325 490 -513 -168 46 169 71 471 -143 320 440 168 -212 12 302 -428 -1314 -12 -318 316 -510 267 111 421 990 587 225 -270 192 -224 74 986 -517 -85 400 118 -588 -197 -143 -199 -240 -60 18 9 -154 -184 -41 764 342 -350 -319 -731 454 581 -530 177 18 673 -209 -89 498 -460 880 16 725 -279 -855 -667 -7 -427 59 292 -266 -488 161 -351 245 -22] 4793.54
[106 453 -389 329 -126 -168 -618 -24 -187 217 1082 -292 -273 -195 476 -656 176 -97 173 -291 -1099 -575 1533 -518 -785 675 -425 -500 742 -391 -582 321 364 1004 364 459 -266 -288 -12 -523 -584 277 -535 15 -398 -874 681 -100 372 134 -165 596 -435 531 275 67 253 -557 780 738 -241 -108 -229 -943 585 -329 -596 46 -415 -137 -638 346 258 464 -105 498 513 338 528 748 338 -137 -263 933 -437 -166 1296 -247 212 -751 -355 -184 -126 -82 -292 -251 316 -375 350 638 -573 418 483 19 -357 -110 -169 506 -82 594 -322 420 185 -37 -473 -190 613 424 -282 -144 -63] 5328.15
[-681 -49 -4 -461 -572 -315 -413 -637 620 -183 -722 440 -245 -228 -95 -1099 191 -1352 -301 567 -75 285 532 -113 -598 759 242 212 261 -224 316 621 -232 170 119 592 876 -368 200 -554 -774 1209 -327 49 219 23 518 100 -442 -18 229 -288 142 -235 733 32 61 -468 639 110 -476 -462 241 -151 162 -677 -433 -737 -806 5 -25 207 731 547 -637 87 647 -465 -122 223 271 -290 235 949 -511 19 -95 133 -42 162 -435 -276 86 248 -525 -574 443 408 -790 -213 -645 -286 -494 -106 -468 -169 -388 -467 -53 294 462 113 -1 440 -312 216 -481 -521 -386 -313 168] 4980.18
[-209 217 -919 -335 267 364 756 603 -77 -410 -312 -102 89 -1075 34 345 286 258 2 -159 14 -266 292 -457 -249 467 -466 378 35 -484 -334 -546 -435 -72 -631 399 -653 -194 -129 -303 172 -973 -679 156 339 112 -315 494 -72 -515 15 22 61 -565 -461 440 -162 70 -701 -68 766 -170 -169 317 582 -82 1183 -200 -673 134 868 86 912 -183 -93 178 45 178 92 603 -541 -321 259 -104 -252 247 32 -804 472 373 246 1003 449 -361 35 -237 122 201 -270 111 132 -522 -225 533 550 368 -397 -51 1 -102 41 -411 1011 -519 24 -151 -991 -688 -314 514 -914] 4899.88
[647 414 126 -971 -496 794 227 -877 -363 188 110 -88 -217 412 -882 -197 -400 241 356 1460 504 345 -81 11 -487 -1025 258 416 116 20 83 -985 -201 88 172 348 1378 -361 334 80 -288 -183 804 -53 -381 344 -52 -507 -448 101 322 355 -489 325 -213 -411 -596 320 340 -726 -15 227 -64 -53 -357 -611 -185 -412 -450 -363 -224 -220 -398 -161 301 -224 237 -20 645 -336 37 -415 -351 -1658 244 -907 -583 690 263 -537 375 -3 -163 708 -460 -98 -195 100 -32 -197 364 -132 -102 364 151 -726 417 -741 203 -795 -601 -89 -169 -630 131 3 64 -537 -148 349 300] 5228.61
[-139 670 24 705 208 -184 -462 -38 854 -593 -698 -434 76 257 -402 186 -561 378 -224 56 425 437 82 -506 -264 -152 280 128 834 308 403 272 214 205 365 -139 177 -185 183 41 148 405 -36 -159 213 -6 -695 1200 -906 -170 225 -293 -360 -1306 589 -372 130 -610 757 -241 389 747 -546 -217 -6 549 -131 -29 -176 -358 -649 106 -745 -103 656 174 -713 929 259 -604 -134 29 -224 138 -166 413 -944 588 927 -203 513 909 -276 -178 -755 -687 -354 139 -576 -248 -511 449 -411 -193 -449 -404 -918 -212 26 412 228 -107 135 22 215 -36 -1447 748 446 321 243] 5265.23
[347 873 854 -427 -423 89 415 595 31 270 955 27 14 -428 -217 243 -572 211 482 537 -285 -397 270 986 -598 -265 -568 -623 364 875 318 -665 -515 -268 379 -236 -457 374 -1087 289 -700 78 -277 -98 -641 253 -429 163 -286 189 327 422 684 -785 -574 -524 412 -571 -390 -150 65 -1025 -227 -922 481 431 -883 -822 -623 -65 480 38 45 -432 -684 -258 -150 -459 -447 -875 749 249 -78 -319 572 551 391 -299 -184 7 468 301 406 36 29 1240 429 602 -50 -59 459 5 505 -296 300 123 138 28 -105 -159 -465 555 207 486 -379 181 1043 -9 738 -180 -263] 5359.73
[-826 -616 832 585 168 171 84 -193 -454 -187 -126 114 1030 -466 220 153 -261 802 -153 153 445 112 -14 133 894 106 12 -219 197 162 -222 -105 -95 718 -58 -507 108 735 359 408 233 534 553 874 82 266 372 -78 317 150 151 -745 -416 1058 150 385 225 232 569 513 0 117 526 -42 -257 239 -1023 733 -466 127 -34 627 -266 -112 454 323 522 127 610 -172 -577 82 196 -158 741 -233 248 653 489 426 -14 -387 -493 -248 268 134 231 -1163 -207 -85 -1076 -320 654 -844 39 -109 343 39 -175 -298 119 146 -1002 523 674 -238 -165 211 91 -344 -9] 4920.11
[-591 1139 -799 243 369 -434 372 -78 639 -834 -386 -1391 -229 27 174 -421 1102 -1086 -251 689 -59 -667 92 -779 -497 -147 -104 16 716 -1100 842 -598 -438 -177 474 417 302 624 -71 303 299 -282 -690 -162 346 618 332 570 -338 -666 -291 -6 550 -151 -268 450 -366 -1022 472 151 491 419 389 664 130 -1039 618 485 -14 -241 619 -850 273 -382 256 -137 -701 659 733 131 -306 -361 -218 576 245 -1038 111 -213 -515 -50 -360 461 460 -199 -238 -204 -525 1025 20 -53 -554 136 -351 346 502 -275 -454 -500 -521 559 441 -390 579 217 644 138 145 -218 27 902 440] 5721.24
[-65 1254 -246 -36 -385 247 -557 -104 -668 -525 367 408 362 -344 98 -487 112 1376 -6 -370 301 150 630 -489 -1039 138 -244 -217 84 240 328 -4 -598 637 -508 -86 357 -353 -137 -1335 -672 201 -510 -125 977 83 -404 22 -678 98 -322 12 -456 -150 -147 280 57 224 -171 86 913 70 -9 -280 240 2 732 -150 -411 44 -582 168 143 -626 -592 -547 -3 -230 -186 321 61 351 -660 -1270 -299 821 153 -474 -156 -241 603 -1553 106 1263 -54 -106 243 133 -143 -215 264 -140 -421 42 212 -234 262 449 -381 616 -644 401 230 -24 110 -77 493 172 -139 612 -125] 5239.25
[-203 -557 437 -780 343 -235 15 490 299 -32 -41 1108 -757 410 -332 -1027 -188 96 -9 -217 542 319 -971 -802 -45 85 -241 -126 -460 -658 -19 214 615 89 -258 367 -1140 1148 335 691 557 -531 -86 582 550 972 -42 221 -62 -303 -220 -56 -414 801 -117 625 1175 -354 -517 -1235 116 -460 -340 -492 627 -331 341 4 -462 402 1184 620 175 -513 -567 -399 401 643 125 339 831 97 -212 -214 -675 208 57 -165 -116 377 398 -573 -516 213 571 665 -730 672 211 -191 -41 -141 268 -584 -662 6 243 -274 474 215 -527 291 186 255 -419 191 714 -347 -863 213 568] 5565.59
[251 204 82 -730 -900 -119 -32 317 571 -145 -297 1220 -207 306 260 -450 -1062 273 -378 614 -407 170 -97 -280 180 -380 897 -341 -231 36 959 -463 -122 384 -390 399 -45 323 -47 140 11 -516 -678 -40 -261 265 353 165 383 238 817 -280 -87 -170 184 -716 -267 -643 345 -292 396 270 -426 -384 147 -418 -304 -1190 -390 166 491 -593 16 -573 -928 -424 -587 479 -222 205 -60 -336 -247 -212 22 -33 -669 321 -394 -601 114 214 311 -235 -5 900 421 609 522 -312 651 221 -577 -473 684 18 107 -446 -65 121 -405 738 244 789 -268 -164 542 -844 375 -417 1264] 5144.61
[358 -622 -342 -323 657 270 45 1081 424 197 79 118 148 140 633 -158 -846 -265 -570 -37 222 293 299 -507 389 -865 229 -1438 53 -66 103 557 43 -91 -721 245 -263 695 -473 1644 -772 310 -199 -105 -1221 -790 -283 847 56 421 287 864 429 268 -279 -583 -86 -413 265 -269 246 -83 218 -227 -279 -614 -702 70 303 20 -100 633 -379 -138 874 30 -924 -46 388 -674 885 71 -427 -300 103 69 -226 -532 -167 435 -339 288 -307 71 941 679 -901 -597 -224 132 637 -413 -282 301 -448 -169 834 -382 137 -217 -378 329 -886 409 -168 270 -132 240 -208 -302 -54] 5450.04
