[-649 -129 -321 -97 3 55 55 -659 -190 205 -531 559 640 -438 429 138 -29 -357 154 -275 119 -56 292 -493 288 -299 -177 -408 -20 -463 -370 -62 211 298 214 -105 -59 350 -43 -137 -539 353 -427 -151 -97 -600 273 -554 383 -437 -120 30 41 232 -389 -188 11 -93 347 -786 -403 430 114 356 -103 33 196 73 202 -243 -307 -65 -99 -187 -19 230 16 176 69 -68 10 369 -164 28 -459 -62 -81 -33 73 58 69 257 -288 251 324 330 110 -226 511 -94 290 -68 44 -158 37 112 93 -104 229 -295 -17 260 -148 144 441 -468 -402 30 152 268 -540] 3196.27
[362 320 466 196 253 81 394 901 79 88 231 -158 -600 -28 -780 152 70 145 -563 261 462 122 -192 116 -355 74 -62 205 343 131 -893 -124 129 -119 -39 130 51 -231 -333 124 208 -420 -311 -29 212 -347 -170 150 -340 -286 268 -3 -202 -172 184 17 -23 -429 -17 273 352 -384 -678 223 66 -104 -316 31 -481 42 141 -86 651 -311 -95 98 255 -189 233 -240 -502 -181 -88 -235 350 293 66 85 -518 -227 73 179 -198 -389 186 315 81 254 100 339 107 37 -352 184 -32 -101 -71 -398 66 21 -389 -619 -198 770 -546 -236 333 271 -274 -318 295] 3390.67
[587 140 -403 -264 -5 250 -185 313 -3 -582 27 310 -683 712 196 -50 -537 240 -332 -63 -496 20 -499 -580 149 256 29 -124 -607 -41 830 -235 70 -55 -7 -299 -87 465 419 198 -120 62 741 46 -141 184 -106 416 -190 392 -403 -476 77 -321 32 227 232 601 -134 604 337 -287 98 -378 -328 281 -21 -181 22 -155 50 235 47 -83 167 -360 -232 332 45 67 -266 -248 666 134 296 -245 -617 -256 493 188 106 -101 665 -278 -757 -730 -265 -310 -595 -3 -248 124 371 -29 -413 -109 -558 -195 -165 73 208 53 -201 -765 2 318 -10 -572 124 -300 -138] 3775.94
[115 145 -275 152 326 -297 255 -136 -48 -41 -269 225 2 123 136 70 -351 -314 -405 -123 -109 173 482 -353 260 -125 -38 124 172 -121 -293 -353 -28 69 489 -255 -486 435 327 -172 -467 -362 -71 290 -95 -778 185 -645 609 -510 -509 -252 288 241 378 -471 -76 -228 331 -500 -167 -56 -419 101 -438 -304 88 -138 -119 -47 -320 213 522 197 -147 -291 397 316 372 436 -98 218 -29 108 498 -406 -324 -541 345 -155 22 131 -393 -162 309 -97 167 -115 381 -236 -242 298 -53 -221 -133 -74 -57 -1386 364 -49 -912 -169 -162 224 272 -447 -384 -222 233 19 -218] 3610.63
[101 344 753 104 129 -846 110 379 138 -138 -118 -183 -220 -195 -445 -9 -154 -853 -354 278 -177 109 -141 -171 589 -85 511 -82 -51 -147 -558 -203 483 -208 -132 272 -5 107 143 -530 -241 -270 -66 2 132 -362 260 -165 17 -171 62 -364 -93 350 429 118 611 -116 166 20 -365 -24 -263 39 -337 -163 -144 -97 -109 -517 91 -53 734 29 -164 -137 491 -434 -90 349 -381 190 -11 66 951 7 -23 -534 443 -442 98 -72 -273 -249 178 307 364 255 -290 -87 -153 -502 -494 55 -14 -337 157 -659 -67 -730 -115 -218 208 225 -488 52 27 -433 -89 -122 -19] 3515.91
[147 571 -133 70 244 -7 37 375 -203 -505 297 -49 -503 574 212 -454 -670 243 -269 -306 -301 363 179 -36 -206 454 270 -407 21 164 -176 -380 136 -353 -40 -932 -242 429 329 20 -505 -387 -181 206 -225 -20 212 42 -87 -183 -293 -125 -67 -23 179 291 227 -382 -233 -87 -139 136 -731 193 -108 145 -350 31 -314 -26 267 277 637 150 -133 -211 244 -100 -456 138 -285 288 11 18 286 -373 -158 94 -81 -646 523 79 -497 -59 -353 -122 6 -225 -261 129 -353 210 156 400 -376 328 174 -835 -648 142 -393 -612 382 -181 -279 -645 355 -142 441 -474 254] 3595.38
[-61 365 -561 -106 -215 276 117 -265 2 -389 1065 463 -576 386 1020 -799 -38 85 52 -248 -644 253 141 -9 -161 125 434 -56 -193 530 1133 95 319 -395 -209 -596 276 -171 686 579 -194 -30 389 -123 26 337 225 -382 278 -161 -472 -318 208 128 382 459 -243 -246 -344 248 112 -315 -37 -184 29 -141 45 -21 -430 -214 -173 162 3 218 17 6 191 282 -75 795 -217 -328 169 447 528 -759 -178 -110 352 -352 21 56 -71 283 -342 -746 -539 -203 -612 238 -171 -71 500 101 -556 145 -185 -412 -249 92 -109 -284 -191 -713 -275 -30 -106 -233 -73 98 163] 4000.48
[483 398 614 -21 392 -583 46 414 -172 -465 -85 -393 -15 188 -408 -313 -464 577 64 -13 379 -287 -338 1 130 285 503 -323 465 237 -356 21 88 -304 -367 196 -359 -160 194 339 175 -236 -24 -117 -76 -158 -458 -45 83 -65 185 189 -344 -347 218 107 266 41 -168 42 248 161 -255 -85 -164 518 -148 52 -1022 74 278 61 -31 -187 25 -253 418 149 -626 -301 -164 463 90 -482 325 543 155 237 -556 -422 -208 27 52 -154 237 300 283 -68 80 528 -553 41 -445 535 -258 172 155 -170 -986 -76 -193 87 65 113 -224 -591 179 786 382 -186 -22] 3596.31
[-452 -955 -135 -252 65 -61 -57 -821 55 401 165 133 805 -674 980 2 363 51 797 148 133 -50 477 459 -271 -224 -206 430 234 16 168 -28 -654 -37 204 725 -461 304 7 580 238 107 184 -199 600 230 -195 -244 447 -215 -162 424 214 60 -665 -745 122 177 153 -353 149 -335 714 -47 309 266 510 35 338 -187 95 -177 -277 377 -294 8 -61 558 17 -38 416 106 -286 -75 -554 351 -138 21 295 497 -410 -186 900 -105 292 38 290 -230 468 -173 -281 253 -246 -515 99 251 -142 166 588 405 308 535 -94 -445 367 619 -409 148 -248 190 681] 4149.1
[565 77 414 350 75 -541 -200 337 -205 -291 22 -814 -4 229 20 -113 -203 -48 348 -81 -7 257 76 127 263 193 -110 -176 329 -114 -218 -51 198 -148 83 59 -334 1033 488 -315 -167 -688 -123 124 260 -411 596 -294 60 -255 161 -318 -808 158 -4 -402 497 251 283 -169 -88 263 157 143 -1 46 176 -351 -98 209 475 492 613 324 -460 -1064 205 162 -815 312 168 687 -32 -449 509 323 -152 326 20 32 -222 -66 -209 -474 191 116 201 -81 -172 -238 -242 360 -123 190 -60 117 -590 -530 140 96 -548 178 605 -446 -111 80 81 -724 160 -334 261] 3805.18
[582 206 -388 346 479 178 216 818 206 -22 -130 64 -499 385 -527 485 -98 273 -754 -56 394 -186 -71 -37 186 149 -799 24 -161 -175 -636 -79 -337 259 -78 58 -420 -215 -195 -534 132 217 480 487 138 -536 149 714 -285 378 -36 43 -254 33 497 -284 -334 -31 229 413 434 -345 -422 610 -250 -511 16 -369 59 645 -99 -300 153 -705 325 -243 -244 269 -200 -595 -229 374 621 281 -112 -153 -587 -309 -126 274 -107 337 194 -226 -325 -380 -43 598 -60 -175 -263 453 -332 -167 516 248 -486 -610 516 460 -208 -151 -224 466 -213 -221 175 -309 147 -668 -782] 4033.44
[473 -128 657 226 -67 -78 -399 825 44 61 350 -618 -1497 720 -508 608 -225 63 -380 -15 -358 539 -469 -10 -1 317 -441 295 -371 32 -73 -718 386 257 467 -55 -73 136 140 290 -68 -674 -228 211 -156 -238 103 -388 -448 -570 -52 -437 -21 -360 -346 -26 253 596 332 444 18 -831 98 174 121 305 352 75 -186 0 -223 855 545 68 -158 -39 285 -441 314 135 -346 -178 100 -7 614 56 -284 152 152 -38 364 -308 271 -571 151 90 -422 115 -11 362 334 27 552 -136 -405 -16 -217 -476 589 18 -219 -261 1 0 21 153 451 -777 -205 -249 627] 4150.47
[212 -424 116 -142 393 -532 -309 179 179 306 180 -324 116 -286 392 -92 258 423 412 139 -500 69 682 798 -443 112 -413 659 -85 322 261 93 -870 -105 264 99 -678 126 693 -193 437 -398 628 228 349 382 90 -74 575 568 -464 -126 457 19 271 -178 92 156 548 196 -169 -85 -270 159 36 251 114 -548 -89 -257 70 -66 322 327 56 -37 -702 442 -486 -95 622 355 186 345 -342 -200 188 -90 -333 -362 -47 -415 624 316 116 -212 -166 -314 -202 197 -873 245 110 -139 -86 192 73 -281 236 668 324 -170 464 -474 318 747 242 -516 382 95 658] 4004.23
[-138 378 -465 -186 -97 240 -98 -808 -483 126 -537 -336 23 94 -90 -198 -16 369 505 -869 105 265 -137 93 2 -21 -267 -538 -250 -642 -2 -7 5 -342 610 -675 288 340 -57 -154 -156 421 -343 -223 -716 346 809 -27 -385 237 1 -252 -296 -141 -486 512 213 407 -630 -431 -760 694 -219 19 259 -8 268 198 1073 266 128 409 -705 -245 42 -44 -827 -224 -455 54 59 -4 -260 -167 -714 98 -233 130 600 408 418 -33 -622 419 -595 53 -323 116 -182 -470 1243 458 585 111 184 295 -321 379 145 171 203 -61 471 -26 205 -92 -45 23 548 414 38] 4316.79
[-459 -214 385 192 -664 -138 -661 -517 -190 -323 -344 -313 -45 -219 190 528 -310 264 428 175 -250 -245 -499 -177 391 -67 -125 -194 175 -242 104 466 522 481 116 673 40 97 485 -189 -696 -5 -395 268 106 -567 55 -581 151 -211 388 -209 -322 155 -845 -621 360 1098 525 -409 154 -59 732 -202 -345 422 162 -200 -684 147 -21 256 -766 -45 -660 131 212 -418 254 -206 -26 -100 47 -999 -246 283 -124 128 -315 247 -504 -88 542 249 467 706 149 -425 687 362 551 -394 91 -232 -463 -401 260 280 112 -487 416 505 -143 -332 427 -183 -390 -553 199 91 -597] 4341.1
[-466 -293 -574 245 -475 1030 -134 -272 397 304 241 774 533 -721 514 -89 473 20 327 365 239 -30 446 541 26 2 -326 -95 14 340 -380 242 -268 288 -240 387 373 -14 -571 -169 -91 347 -228 379 476 158 25 -26 -207 100 -338 501 -488 637 -637 -721 -704 -131 -336 -228 293 270 -309 191 135 -336 216 -105 897 -6 -144 -180 99 85 -143 -66 -594 482 135 -330 -164 217 -545 -666 -1008 399 479 326 -233 364 -238 321 164 -104 204 402 212 137 -146 -222 416 -140 -821 78 576 -240 -202 644 602 299 405 -125 -538 -114 72 631 -414 -315 -553 -635 -114] 4334.47
[-66 139 265 418 262 -468 -351 -101 -205 -15 222 -845 491 -288 519 -8 -139 523 435 419 -585 -128 -7 475 -387 2 73 59 -84 262 147 778 -487 121 0 -73 291 1 612 -17 183 -30 160 296 100 337 -284 -357 591 453 664 -81 24 -17 -122 139 133 -263 212 590 413 352 327 -236 -24 4 -853 -570 -1203 269 199 -8 -629 486 7 194 161 -479 44 -409 503 -613 91 -365 -38 -287 698 504 -850 -365 45 87 -315 240 646 -99 -271 -449 244 398 -358 155 -318 -56 -336 -308 981 473 -223 271 24 614 57 -476 -74 272 217 29 844 176 209] 4230.96
[632 104 -261 -175 -117 44 -4 466 135 711 -70 -207 -800 307 -770 578 254 68 -204 0 515 560 262 257 -693 -226 -727 633 157 -133 -404 -513 96 492 717 40 230 153 -111 -203 165 -65 -430 -196 266 124 552 -456 10 -273 59 -505 693 -471 387 -259 -552 583 495 109 -532 -318 -186 308 248 -246 397 -73 -366 261 -290 -240 -182 -565 313 278 -370 88 558 605 198 -193 344 477 446 -308 -306 -214 -68 -14 -107 -5 -179 -21 537 -107 -300 -251 407 -178 1097 1057 807 -374 206 -301 -809 -464 681 61 -291 -397 -170 823 230 -303 317 -510 249 0 -247] 4453.91
[-305 -63 -497 -643 -61 356 215 -778 -40 168 174 78 840 -429 784 -185 -211 412 977 -46 527 564 284 405 -96 -19 508 -207 483 -212 -511 -218 9 25 208 -214 -29 -63 -597 416 548 738 -636 -422 -121 589 -454 -147 -304 62 -33 412 422 -215 -575 216 116 -20 -628 -544 41 147 26 177 504 209 297 500 345 397 -349 -197 -673 142 -103 477 118 378 -586 59 -18 705 -120 41 -337 546 18 -308 686 422 -57 543 -342 292 9 333 578 -276 407 -338 208 359 -369 148 -668 587 -39 170 -327 675 -233 201 161 -196 -402 -69 -263 695 -297 268 321] 4293.61
[272 111 152 107 -246 322 -82 521 314 417 118 11 114 -674 -270 366 654 148 188 913 -199 270 -593 226 -3 -592 565 -163 -307 618 -183 647 359 259 -47 293 524 -916 220 -189 816 152 -9 -154 -85 269 -671 -362 12 -68 321 -324 125 140 540 482 -647 -687 587 630 192 182 441 -80 182 72 -162 182 -868 65 -355 -604 -193 -71 590 542 523 -90 254 124 -234 -24 -424 154 405 -89 700 -144 -271 -806 25 180 -685 364 498 358 -6 -118 -315 82 -674 -414 -202 867 -312 -279 250 656 -604 -194 82 -236 108 123 -476 52 267 461 117 336 -179] 4353.07
[409 495 -333 513 145 197 36 -498 177 -362 -217 -449 764 -205 -214 165 -43 571 214 225 907 283 -76 611 242 178 -296 88 660 107 -511 975 -88 -19 -92 195 -183 -132 -305 -526 -131 -160 -417 167 95 -275 -277 -247 122 520 465 247 -294 242 779 -369 -244 147 -184 -230 740 32 206 -90 -206 -561 118 -41 -509 989 -468 -364 -600 -522 219 -191 258 292 134 396 684 104 33 -850 88 718 392 -478 -734 660 -756 606 -239 337 895 -174 -16 482 394 167 -35 223 -784 -40 -300 -319 -298 -628 599 774 -696 138 -445 606 61 -68 -758 339 -301 -345 -882] 4734.26
[-174 -251 -63 -292 210 -241 269 -440 -99 188 -127 569 -27 -333 477 -692 44 -139 59 6 -320 -176 -27 -396 -410 -281 416 -255 170 -490 276 -595 117 -440 140 -284 -334 571 152 1226 216 -76 743 -377 -41 -195 363 -452 408 -68 -322 -592 295 -350 -533 478 365 -301 -257 -328 -364 -12 -1025 -46 99 837 -292 93 -607 -678 484 403 219 508 -425 -236 -34 208 -127 -79 -87 -178 -630 -30 106 -399 -103 249 101 -419 308 237 110 -237 -572 -261 -182 -824 -12 -93 69 56 -185 -231 -311 19 -60 -97 -300 -265 114 -226 -476 93 -371 -177 -318 31 -201 649 32] 3976.93
[-12 -674 -143 2 -291 22 308 -10 -256 370 -1087 1484 773 -91 40 318 33 -1315 -350 -151 -826 -186 128 -580 268 -383 380 230 -457 -305 49 -327 -263 136 314 -203 -562 1094 343 -216 -43 -107 268 -92 -379 -622 740 825 65 -26 -910 -617 123 339 122 -288 331 -803 673 -421 -284 355 -158 -281 -524 292 -134 198 635 -467 547 41 1115 602 111 -333 -25 -19 459 311 43 8 -435 350 -150 -253 -495 -523 547 -681 306 -19 200 -328 -702 -425 256 -263 -231 -753 -926 -278 220 151 -53 161 624 89 90 -243 10 -161 261 -117 739 -15 -169 -425 227 -14 492] 5000.01
[530 17 -183 203 -94 -12 -518 555 35 -504 318 -374 -544 851 -155 -241 -474 277 -136 -639 -632 -504 764 266 247 257 -346 -333 -344 -227 907 -465 -211 369 -376 -363 -121 -27 482 -518 -128 9 302 918 -241 -10 374 -393 -151 734 -112 -9 -635 638 -130 -115 -270 340 -246 561 -565 169 17 679 -34 -127 293 -618 -81 383 -314 905 -350 486 160 -661 -120 5 -808 -510 89 817 41 -394 -55 -833 -263 912 65 274 115 -87 426 -196 -69 -126 -559 -247 -356 -126 -552 504 -63 -17 209 348 -2 -345 -304 -84 180 179 -301 -714 529 122 94 -471 422 -462 -931] 4603.11
[-116 144 -391 0 -245 -410 238 45 -710 -503 11 541 108 540 176 -299 -651 6 66 -824 -429 9 580 -134 -19 35 200 85 44 -209 444 302 627 -12 343 -173 -264 219 809 -634 -413 54 601 -69 176 -140 233 133 137 381 -165 -65 251 367 985 -290 228 493 -113 -156 -112 377 555 -99 -472 138 35 -352 -488 90 -575 191 -202 268 325 -244 451 113 400 358 25 14 410 186 -133 -185 -756 -152 245 377 -581 -132 534 21 165 8 -56 -330 103 -183 -110 169 757 -40 -381 162 341 -754 335 -177 -221 122 598 -523 569 -302 -548 -173 361 -47 -275] 3937.86
[530 101 380 -363 -479 -355 -56 -203 -190 -700 -80 -293 438 338 31 -227 -283 -205 609 78 -516 -323 362 37 -2 519 91 19 -208 234 1108 243 121 222 86 -664 640 -66 -19 -195 331 -34 -414 470 -603 -81 -490 -585 261 364 76 -478 274 -260 573 533 -82 465 465 147 -290 170 530 -119 92 271 267 -323 -802 230 -190 514 -806 204 248 -161 181 180 110 102 441 -64 778 -2 359 -62 501 308 -262 -154 -46 836 220 396 664 -228 -315 -505 -441 -41 21 136 47 109 -343 -42 524 69 -326 85 127 657 -298 -172 97 177 -156 -216 426 464 -246] 4026.51
[205 -85 -503 615 290 352 315 469 -354 -12 -222 576 310 -50 113 -193 -567 85 464 -110 -76 -112 524 -538 340 599 -242 -728 -219 -224 -537 -520 -885 -33 -485 -562 -36 966 -191 -27 210 997 -969 652 -57 -220 337 416 -478 110 -542 -244 -460 98 -569 -582 -256 -167 160 193 65 118 -235 171 147 125 336 9 302 378 164 70 245 33 311 -542 -383 371 -578 -518 -413 107 344 -408 -352 411 -217 242 -245 -229 214 849 -342 -712 78 -130 87 -74 -91 -54 50 562 -724 416 162 570 -349 74 -275 31 -159 478 -677 236 -158 -390 -330 1 435 -846 -124] 4384.02
[215 220 -275 548 -296 160 -106 -288 130 522 -88 43 -600 206 44 101 585 -19 143 -139 247 375 54 392 -172 356 -425 277 42 409 -8 246 -275 134 -318 -13 343 -958 111 330 50 -116 -136 419 -174 280 608 286 397 356 -612 -76 -609 -474 246 -280 -634 228 492 183 -24 -411 -703 -16 -78 -164 178 -182 -416 756 110 112 285 -418 238 7 -276 295 330 23 180 -640 27 -83 -714 -333 748 -149 -754 -456 -98 350 -587 517 769 -204 -433 953 -194 561 791 242 -213 95 478 -364 367 353 256 748 84 -237 -449 76 265 -343 507 -233 70 -100 -253] 4150.67
[272 461 228 603 201 -241 -353 355 814 259 440 -529 229 176 -104 -327 -516 -883 -226 -303 227 -180 778 690 215 434 -303 201 91 458 -156 -339 -170 306 -31 -256 507 438 -237 -651 278 -370 -502 348 291 650 -36 -317 36 -91 894 517 -150 751 1037 -323 -467 -196 -790 611 -166 164 991 534 226 -780 110 -219 -30 -172 -335 277 -35 54 505 -310 47 -327 177 1040 589 210 -621 103 707 -399 888 902 -299 -200 93 -121 -563 -695 581 -625 -369 409 -176 -38 -657 481 -12 206 728 -385 -225 -255 866 -292 -489 710 -207 -55 246 589 -225 -149 -112 -551 -206] 4980.96
[63 -139 -407 16 -131 286 100 -403 -71 178 -787 -558 -1 -301 256 418 -5 829 -120 -233 494 306 -452 -466 -20 -629 -189 273 176 -508 198 505 -175 72 484 -202 -131 -618 826 -12 707 206 367 -111 -255 78 -767 687 -640 491 222 314 206 -553 -124 419 -174 386 -135 70 371 60 554 -734 -126 82 -380 250 536 812 -17 -457 -1045 -448 -406 152 -752 -348 -3 -19 -81 -1117 -173 -605 -279 -414 43 -537 -670 784 -80 -485 -649 495 -662 -154 63 535 350 -44 129 16 696 402 -605 -397 -288 716 262 379 -229 187 92 -250 61 -14 -183 830 -583 685 -87] 4731.81
[-369 -94 -395 -611 -860 665 -171 -62 -39 -86 83 22 11 59 564 -316 -856 107 -395 -160 -622 37 -57 -527 -245 579 -54 -171 210 -429 478 39 499 204 -125 -856 54 167 -149 -24 -483 34 -207 187 -313 226 -505 435 132 932 214 -165 707 -388 133 875 231 575 43 -271 460 -173 698 -133 -217 368 -289 -54 -261 374 -190 -346 -535 84 -247 636 -429 -137 354 266 1 -321 588 113 108 -379 420 -93 -437 -50 295 185 -36 695 -774 -505 -206 -401 -201 778 455 -299 867 -199 -1035 -241 53 204 -171 42 -195 -220 173 619 149 -197 323 -94 -554 -124 -1121] 4477.03
[-467 208 112 103 323 91 -256 -65 -104 506 -723 534 229 -265 148 -178 23 -226 -138 -564 -649 -220 246 13 -161 319 98 -290 -1046 -133 -537 121 -794 -355 237 -33 -459 589 308 -135 -325 -179 44 -1 -194 -142 786 340 -50 531 -742 166 -413 -153 -507 -159 430 -133 -49 312 -513 -341 196 268 -370 413 -148 47 1336 -662 109 31 689 -290 533 185 -311 -106 73 -348 6 -341 -688 -632 -619 125 238 -555 129 -336 195 -409 194 -205 -11 -141 -88 13 -78 229 78 -186 -396 -302 -180 -65 -65 -295 333 59 262 -182 -79 464 791 971 33 34 282 -939 259] 4266.75
[202 -402 586 344 -610 66 141 0 265 327 -265 152 97 636 5 172 -40 -455 -80 88 91 -287 216 -648 516 93 447 -99 424 257 -197 -472 112 -79 248 30 -153 686 399 -33 -249 -732 -706 334 249 -795 -74 -130 563 -1021 46 -113 -29 -130 77 -501 -403 -101 671 -769 -13 -42 452 -45 135 -85 508 286 18 -237 299 344 347 -236 22 -133 375 295 944 942 -194 -111 311 223 445 -212 -48 113 508 -186 -242 -310 -365 -355 -288 288 121 -216 363 181 771 -289 737 -315 422 116 -499 -450 478 -348 -619 176 694 629 318 -354 -153 -233 18 -54 116] 4193.5
[356 341 392 327 -35 -440 120 636 325 491 313 -42 -59 -197 512 -437 706 -203 -792 250 -245 -54 -103 183 56 47 389 709 143 95 -454 751 -453 -397 -126 200 293 -3 362 -435 -45 -939 200 470 334 152 523 46 273 31 -76 -75 -217 -12 886 -155 -237 -551 479 -50 231 -364 210 -100 -560 -364 -920 -881 149 -448 507 -311 991 300 -115 130 42 -246 529 -158 -40 -511 -152 145 726 -328 -93 -449 -691 -981 -92 -657 118 -5 -66 -62 303 -66 -170 111 -136 -451 -413 -144 385 -426 -140 -342 168 -236 -440 -541 326 1077 57 461 259 9 334 -799 299] 4489.23
[-115 -270 -823 1 -3 603 427 -491 -183 -124 161 872 -380 97 293 -271 -102 113 -6 -340 -145 -678 693 -104 425 -287 -349 -164 -87 84 482 12 340 -272 -263 242 246 263 53 234 -467 167 19 -108 446 -256 164 162 354 -469 -189 -432 -454 583 -633 -354 23 287 -506 -212 392 111 -163 -68 218 -584 303 76 379 166 22 -16 -620 -22 -489 -615 28 837 234 313 -320 -300 318 -246 -202 109 -77 623 250 894 -409 1083 50 267 -146 -261 -462 -32 72 316 803 459 -21 -794 -136 136 -79 -164 749 247 -294 247 -757 -276 21 -654 -688 -299 -178 -332 -208] 4233.21
[353 468 596 415 275 -561 -231 -810 447 -408 241 -394 -304 146 773 -173 63 511 786 -672 -486 7 -261 201 617 21 -322 -303 -326 171 443 626 59 27 -90 100 135 -251 946 -170 -39 -189 397 336 -58 -74 1073 -1095 250 -201 -396 -210 -524 -140 691 196 228 795 310 -112 -670 -105 -36 108 -151 -268 447 -512 -67 -530 -375 656 381 -110 636 87 -316 -247 -993 182 63 385 183 313 288 -54 -376 -709 -348 -367 -198 -419 -28 -66 -114 -319 -148 -190 -67 -93 -76 -267 -169 481 114 169 -827 -233 -395 -646 716 403 566 -496 -192 382 -3 -903 493 279 76] 4630.2
[-94 -106 -113 8 -567 -269 -109 -237 -109 19 301 -1665 -397 249 1 -349 -344 208 72 -178 -51 55 338 260 264 -579 -317 159 686 -125 541 -786 128 -279 56 38 28 162 419 467 190 272 143 -44 510 345 -8 -5 258 205 155 153 570 -64 480 -104 -264 601 -404 302 142 225 431 -112 -102 -153 468 -16 -447 1113 -406 -1 -1739 762 -526 -185 -214 -564 -266 880 115 -185 376 -107 677 -432 -256 296 512 684 -297 -485 -321 304 216 -66 -434 153 413 122 784 520 1336 -322 -432 65 58 -21 45 197 -295 311 463 -66 301 -402 -481 111 -813 536 -531] 4852.92
[593 -421 -99 626 399 -264 261 79 378 -92 963 195 339 668 -10 83 436 51 -30 41 492 -586 91 561 119 -146 -35 83 508 -339 529 59 -26 391 -415 145 -411 -171 -604 464 408 -269 663 176 320 8 -165 87 209 -835 224 34 -385 -47 515 -255 -281 -49 132 128 436 -38 241 152 432 -258 341 -46 -528 729 80 397 58 -142 28 -828 695 836 48 -130 366 -153 338 272 825 6 47 340 -268 307 -446 405 275 -671 499 -461 -101 -306 -99 -404 -623 494 -164 -446 1422 241 -561 190 618 621 -465 958 20 -250 0 -350 -287 54 197 -242 -157] 4486.9
[170 -352 277 49 624 -517 -393 762 830 -185 84 37 226 361 -692 181 -104 -99 -432 476 580 -461 785 685 346 57 -480 467 -520 422 103 -537 -44 -81 -118 -489 -537 -564 -247 -598 247 -1006 462 650 54 73 -1170 338 -353 -808 -305 610 -61 616 704 -392 -629 -78 191 381 -641 570 7 649 293 31 119 94 -14 -145 -908 -354 147 -446 187 28 89 855 212 -172 495 838 29 -193 -307 -106 460 230 -981 -423 553 -183 801 523 700 420 -244 164 -377 86 -1460 85 -32 -5 865 81 -211 -919 484 433 152 -171 175 34 850 34 -566 530 -183 -458 -49] 5253.76
[122 -73 -224 110 -133 284 428 -933 695 -150 -337 66 555 192 398 389 -166 135 167 204 429 -102 310 -545 194 -321 453 -160 570 -1036 472 352 -486 399 246 140 -786 -830 485 -23 201 421 -516 -66 -262 42 -825 -789 -41 538 179 20 752 5 432 212 131 156 889 -477 -222 -727 1193 -165 -425 302 479 204 -485 359 -96 -105 8 -666 211 326 538 -418 348 517 302 -772 -79 -191 628 -1389 -104 -631 -182 121 28 -166 -428 -61 121 0 20 -89 402 -349 -899 -287 -304 76 -18 -27 -216 -179 -86 -364 -218 564 -294 -261 281 -121 -361 396 -198 1001 -1010] 4898.64
[-71 -286 193 -122 190 321 -131 -370 -81 551 -135 -285 736 -762 557 42 -522 11 957 -162 -95 68 -143 -64 -187 -122 420 -762 -125 -369 -107 -445 345 302 218 -56 -348 250 -420 -124 213 -12 -384 7 -319 304 -256 -361 215 -447 77 -95 185 12 -487 321 648 267 -189 -223 1 -25 568 8 412 737 255 609 283 365 593 786 -226 882 -181 96 585 38 -181 -383 98 58 -827 -551 94 874 -72 -133 520 -235 251 -137 54 -731 323 149 621 -560 317 -636 -8 426 -195 184 -208 -70 40 150 -252 -171 -182 379 220 -414 -547 272 -27 17 719 120 281] 4129.01
[163 516 -125 -12 -533 -487 594 584 -78 96 747 174 -750 -96 -802 115 -242 72 206 -306 185 173 687 828 -304 43 -95 617 674 -421 -500 41 582 180 19 -30 793 -537 -78 63 526 965 -887 -828 -108 465 871 -362 -1204 219 651 -647 106 588 -75 -120 -282 179 -521 -115 -630 81 -166 30 403 -880 -380 -120 -340 109 -276 -408 -783 -352 -483 561 -73 -736 -494 403 -954 -196 464 63 91 -231 -619 164 -396 -96 -141 202 -250 544 -103 491 435 468 28 11 246 182 396 476 -16 319 587 371 -114 -506 -314 -248 -173 317 -577 -1374 -96 62 -318 181 624] 5074.88
[-537 -437 508 -311 -261 -362 -408 -426 -185 216 -44 -125 1183 -1172 771 -400 59 195 1331 361 -324 -206 -119 -378 -64 166 435 -691 94 20 -183 222 749 -244 374 257 46 64 34 129 272 421 -77 252 -242 -491 -590 -924 329 -487 173 107 -469 576 -663 189 -73 -109 234 -931 -24 352 677 -678 340 541 476 722 545 -24 882 91 -382 153 -642 -439 -110 178 -224 -115 -561 51 -543 -817 -196 394 243 -551 427 192 129 -406 -120 -432 -294 614 815 -48 -177 -318 422 -196 -48 673 378 -208 221 423 -3 -620 -333 738 102 -336 -1180 209 -263 -341 181 617 448] 5041.73
[643 -590 -667 -216 -693 -133 -100 142 -201 641 417 -226 -134 744 -216 552 -43 -845 -19 -76 -188 429 -142 -24 -342 -95 356 916 -3 13 842 -313 161 1162 373 -621 214 -195 -131 -16 247 -31 278 128 -488 761 359 -259 185 -406 8 -713 681 -71 123 -172 -537 388 793 -35 -74 -504 764 -310 -173 -115 -297 -699 -507 725 -172 839 329 710 -293 198 477 100 434 -261 450 -267 284 328 313 -107 104 321 143 -594 32 -314 436 358 728 -350 -61 32 223 -572 -253 370 807 -188 48 -301 185 577 258 620 -192 429 373 -441 996 -22 83 -632 505 585 181] 4785.57
[127 -18 119 -81 470 -360 594 1013 -148 -79 377 445 201 78 369 -236 103 144 -322 -286 -355 -456 26 -856 382 253 103 -186 -196 -53 360 162 -51 -176 -816 -224 -36 -559 617 -234 182 -385 362 799 63 -1009 -545 -178 357 34 -134 68 -291 167 133 505 -152 -918 633 943 -93 -93 18 413 -61 -40 -34 -543 -988 -136 -308 -676 -296 -9 329 831 174 243 43 -1024 -587 196 712 352 162 -212 -605 -70 38 -415 724 564 563 -435 -46 265 -562 -344 -319 674 -256 -276 -106 -112 -141 -173 94 -452 -508 -595 89 -72 -387 298 -360 199 464 749 338 -222 -608] 4634.23
[91 131 274 -1341 230 -569 311 77 -57 639 -718 245 946 -360 245 245 32 -459 165 -554 813 520 374 -218 -194 276 209 421 277 258 -730 209 492 278 93 213 -135 300 -334 -131 79 -292 -73 -843 -270 30 -129 -714 240 448 -518 661 694 -802 86 354 -129 145 169 -857 -437 207 162 -201 -243 5 -120 -261 963 -829 -141 47 127 94 -18 774 -88 529 -241 -883 1008 714 181 634 -206 1003 280 -216 -501 55 -473 -88 138 245 972 312 1236 14 354 -101 43 -239 375 231 -472 -192 236 345 -548 -3 43 -158 41 263 287 175 169 386 310 -207 52] 4900.92
[-511 -33 -178 -42 644 121 -379 261 -246 988 -178 175 -149 131 -198 -98 1067 756 -259 -642 -81 -579 -483 459 337 180 -384 194 283 152 -64 817 -151 199 241 362 48 -570 -144 141 429 142 509 -443 -439 -157 435 283 258 -484 -15 278 56 -777 651 -214 -366 131 -30 568 298 -7 423 251 125 60 119 -141 587 426 -43 -348 -388 -500 2 -350 -320 278 -178 163 194 391 -300 970 -198 -268 88 356 130 -205 -631 -441 -440 740 -396 -430 -408 139 55 64 -416 56 930 -115 318 1024 -161 596 575 348 -790 417 857 493 513 -493 640 984 949 -187 289] 4775.32
[-301 -26 -215 -535 51 -393 163 276 215 221 96 -304 504 313 524 327 -318 -674 -360 -817 -52 -480 738 -424 441 -843 52 -27 281 -748 -548 -61 -72 105 493 151 -910 335 384 -762 -998 -399 167 261 172 -769 -47 -199 2 432 -315 -12 -324 536 112 66 532 -662 422 -428 -209 159 3 815 -574 -796 -208 -231 621 155 128 -190 553 169 -220 254 -109 -517 -211 -356 122 411 408 150 -394 -974 -307 -91 783 886 552 -486 -271 -475 -460 241 95 -243 200 141 -73 -238 193 -495 5 -21 468 -359 608 -32 -260 -96 665 -756 536 360 -12 -839 -141 91 -514] 4727.77
[-540 -38 15 -1018 -171 -1175 -135 -506 -486 640 -41 -573 598 -297 611 -377 -315 96 843 -61 103 120 386 466 265 -200 790 89 252 311 -1030 656 701 -481 1036 269 -135 446 736 -13 -253 471 682 -565 -272 391 166 -1451 50 -227 -491 358 270 14 -142 -569 -340 467 -281 -719 -131 1498 588 -571 -465 -429 -216 -249 891 159 -65 -986 -616 468 -432 -188 -223 -113 -1083 -12 18 1087 -240 -591 -259 305 -52 -601 303 -42 -95 -837 -281 460 113 579 1015 146 -167 -611 11 10 -320 138 -60 -89 -131 178 -182 -525 -704 281 818 -230 316 194 -292 4 507 -356 -161] 5577.31
[-311 -647 -655 359 -96 203 -26 -75 -318 -75 66 806 203 -197 1078 41 93 -1127 215 -421 -362 -79 242 -1024 325 -760 73 -282 -95 -154 800 -228 598 104 -297 237 74 650 -133 -367 -870 73 286 -570 21 -287 273 -304 281 -745 -163 -610 -102 880 127 -65 181 194 220 -106 670 206 226 144 311 -376 317 232 632 -527 335 -290 683 563 -402 -757 688 356 -12 685 -215 285 45 356 206 159 -794 -284 492 425 -423 49 -95 -590 -78 -582 142 -52 -222 -304 -562 -234 -380 -364 144 -400 -75 -56 396 -511 -795 379 -444 -702 -537 202 -490 -996 -567 -231 -240] 4846.65
[856 -353 584 46 -57 289 -184 64 477 -221 -661 75 804 -244 514 -30 180 -468 605 488 239 372 618 247 162 177 -219 161 -446 -125 -453 -580 -906 748 -716 44 565 1336 113 -856 556 297 -458 74 907 -3 149 814 181 748 -47 74 -79 -503 234 -111 388 -226 61 228 -80 -194 -19 649 592 -124 64 -568 161 115 753 -47 290 177 565 -918 -574 324 -733 713 866 120 376 400 483 -359 726 166 93 474 -50 822 -65 -611 292 -920 116 -192 -480 -260 6 355 -754 -304 -616 236 152 301 354 548 239 152 -44 -929 -73 710 688 -1010 -947 -821 671] 5408.44
[-53 7 384 -483 -488 -225 -316 -16 -207 -231 -199 -269 671 -50 -768 -275 148 126 291 -393 94 -287 -980 446 521 572 353 445 600 465 -685 818 711 -514 -167 209 564 473 -505 752 -148 -68 -3 -202 -432 -208 99 -775 73 -272 124 -193 -924 142 844 -387 -794 -27 -605 -492 199 288 52 -503 -96 -714 -106 -77 -162 -378 -26 -190 -197 -32 310 383 -507 -199 474 243 396 269 -238 -218 -610 1062 348 -304 -80 -205 170 -519 422 494 -268 -98 -22 569 -193 450 95 -954 402 712 411 -227 78 483 -351 -862 308 -417 394 1098 644 -31 27 845 84 -288 -73] 4867.66
[-191 -646 -430 -737 258 569 97 143 -407 -372 181 -169 691 236 1656 -5 -172 1203 26 53 -545 752 -88 118 -252 -180 -148 -448 393 108 -293 291 -43 -243 -378 718 76 -127 369 534 -197 690 162 32 667 232 -1060 -131 84 474 2 647 334 -73 363 146 -143 -235 333 -239 878 -151 943 80 -515 600 -19 -52 -787 433 -22 -620 -279 189 529 500 683 -333 140 -674 -20 232 57 111 -387 -445 -659 60 -314 519 47 281 24 538 25 129 110 -91 1024 101 -86 534 -250 5 -537 1131 1118 -56 -755 240 1024 440 581 -33 -253 -694 549 745 491 -424 145] 5281.47
[-188 -126 75 350 405 -80 -202 -350 424 -321 -199 -95 -513 154 -172 286 34 -106 245 -259 288 -818 774 214 -85 -12 -388 -440 -466 125 -491 49 -203 7 176 64 -20 39 -345 -805 -187 49 -185 531 309 -190 247 18 -361 419 217 223 171 -69 -616 81 123 -26 133 -160 -810 212 -35 1323 460 25 157 -132 320 -439 505 161 -192 -134 -29 -331 -195 -456 -934 -889 628 264 208 -6 -778 -226 148 1410 -541 239 376 631 448 0 -298 605 -40 -415 169 -355 -140 -329 -303 -444 181 482 -477 411 202 26 938 -330 -288 -155 -3 446 -202 -708 227 -206 -648] 4444.64
[404 195 -21 72 -599 578 207 483 -901 -460 -556 745 -456 418 -567 801 -886 -123 563 -604 229 -44 27 -109 177 -144 -160 -504 -369 13 -67 113 991 1454 -428 55 99 -221 -370 -332 -81 506 -322 82 34 -388 -160 548 -695 -452 -213 -27 -961 -226 5 -1026 -212 842 341 426 -399 -208 604 683 294 -119 638 -44 -440 769 -193 -158 -715 116 249 -98 878 133 -465 -613 -112 332 567 221 -651 437 -408 62 430 141 -369 864 -100 -640 582 473 696 -450 -556 -487 -558 460 195 752 316 183 186 771 -962 -457 612 169 292 -1054 364 -885 662 256 640 -908 -469] 5580.21
[-117 205 491 478 -162 -47 -1128 -397 -85 899 53 -710 -559 -309 -623 -210 654 461 -21 646 -235 1624 -690 1050 -308 136 613 409 -160 357 -38 -171 183 -288 -39 -79 177 -631 225 -846 -358 -235 -433 156 -468 1196 448 46 568 514 -123 -411 1168 65 576 29 -398 439 -350 -347 -221 384 -326 -469 100 546 200 560 -414 360 263 -235 -131 1031 455 203 -236 -757 371 941 336 -50 -1267 80 571 -389 113 -1010 681 -1055 682 -1179 -241 1036 -16 -9 -396 590 -666 598 808 -160 591 -545 -395 -285 605 -405 -169 -311 -260 -1160 354 239 -196 -32 88 -178 278 226 120] 5889.02
[-458 450 -36 -230 27 -502 128 -173 131 -414 52 480 683 -944 396 -289 72 22 261 508 170 -66 24 649 258 -403 631 53 -269 -96 -1109 -218 109 -79 384 19 -16 325 -15 981 673 102 2 -971 163 475 65 55 253 -809 -390 341 -470 -384 -487 -399 461 -856 -711 -207 -102 541 -1092 165 123 250 -1082 224 -283 -102 -224 203 -43 -87 -121 120 309 614 248 213 -188 85 -337 273 -371 484 881 -219 -72 -496 200 408 -624 -24 458 387 952 -929 -202 -207 -565 -5 -284 765 -195 -401 1025 542 -669 536 -456 -399 373 -660 -183 -834 -411 548 -156 362 1386] 5224.34
[1223 -550 332 -456 -258 93 -682 -113 649 354 -786 -667 453 289 -443 -415 -283 -509 254 152 115 361 431 -168 322 221 -67 -52 -107 300 206 -930 181 -382 -772 -463 394 1097 123 -190 158 -1028 477 712 608 897 -371 260 520 758 99 -151 -548 584 310 121 142 239 -102 265 -375 413 -76 -555 268 26 121 -1171 368 76 322 158 424 712 -650 -602 -454 525 222 356 775 265 64 -388 -6 249 781 312 -101 449 663 247 -101 27 201 -235 -38 -110 -513 192 47 11 406 -118 -113 -1077 28 -315 -114 229 72 -332 576 -22 -32 743 -336 -877 -921 -361 -423] 5102.98
[-881 323 -108 -59 -167 -464 -317 96 -80 -273 -1 252 -78 158 460 43 -39 -440 -822 218 -940 -350 -232 -353 489 -110 156 604 61 -250 307 704 -137 131 455 -43 546 269 319 -7 -693 263 -245 -126 -566 -471 121 266 -146 167 -646 -653 591 -284 40 -187 -161 531 -104 960 507 787 167 -112 -900 -81 -862 -416 -273 -662 -416 -182 7 -251 151 342 -235 -507 948 356 -483 -605 227 -44 247 -795 -174 -136 -1 -689 -287 -418 258 984 262 -336 -558 -683 61 28 -230 -626 109 -88 -441 -329 112 -89 466 -411 392 497 -328 -564 1493 741 -398 218 1070 -36 -494] 5001.49
[93 157 -503 -268 -373 736 -81 241 381 -729 -774 -332 449 8 434 536 -311 122 582 367 -77 209 520 -45 -195 159 55 -97 -61 555 -731 24 -514 -321 439 -19 -585 588 429 -1504 -693 52 -1585 193 39 284 -23 1125 264 414 -498 -247 126 16 -88 -370 -137 153 625 -1115 467 -468 325 582 -240 407 -35 624 754 -8 1167 -627 438 -634 171 -182 78 502 224 544 271 407 64 -80 -804 -66 217 -636 683 -423 8 98 -372 913 -407 -126 750 -155 273 482 174 656 -79 164 -475 305 -87 -815 -329 558 33 -411 585 -515 -302 -99 -428 -1101 657 -157 -89] 5406.79
[-373 -203 645 -250 -361 -34 162 -646 764 116 -733 360 572 -98 361 -134 116 -86 946 74 165 -579 218 86 -494 904 270 273 484 464 725 -30 -93 55 -107 -401 129 243 446 376 398 -50 666 -503 -385 -508 -125 -107 363 398 -185 465 799 -768 81 416 -787 180 -772 261 -106 728 -723 -580 485 559 23 -185 -338 -764 79 -314 -1476 -538 119 184 -463 862 94 756 197 -100 -499 -257 -1162 94 737 345 -488 -272 -500 -22 761 224 -159 121 122 32 -255 301 288 -511 265 251 70 -645 -121 674 65 -119 606 159 -202 -271 449 873 -140 367 -1096 407 105] 5165.03
[-620 -94 288 -258 406 -384 128 -247 -53 -471 -237 -504 -219 -1297 488 685 -471 -859 268 742 560 -10 228 -781 -320 -585 -1001 -67 -347 -845 -672 271 0 553 512 723 401 399 -258 -1508 -872 626 -63 263 599 -832 -458 300 102 -56 757 202 -149 49 -31 -98 1214 307 759 -657 -358 -172 -235 317 192 -881 67 28 -22 -9 29 -478 134 168 -338 -516 -162 -137 -484 -421 328 109 801 652 46 -65 -160 71 -614 1215 -489 902 -245 -783 481 740 894 258 220 -552 363 629 -656 228 -150 190 377 -267 519 -354 -113 366 -626 -833 -787 18 742 -1385 -262 223 -86] 5831.56
[-74 708 251 -68 -50 -872 54 -390 -344 -93 -403 -260 -617 228 696 -334 -250 -102 267 -175 133 -74 498 633 505 -74 124 -530 -247 164 4 158 316 -841 134 238 -198 94 1175 77 -194 141 368 -929 -77 1114 607 -572 525 207 -309 235 -206 -265 395 331 609 844 -566 -329 -57 375 -107 -42 -490 350 -99 -329 618 -602 405 328 -381 -700 -308 -97 -335 75 183 659 401 -451 409 -200 -181 -499 155 90 -83 -396 -491 -543 -470 425 623 -479 517 290 -603 260 145 -231 -365 155 410 77 698 -233 97 70 70 -19 209 -304 19 -147 109 -425 1047 -704 -46] 4620.07
[-292 -507 0 572 -97 -647 -62 -554 310 -197 -602 -44 710 315 -233 -47 174 -190 671 -677 380 -497 54 -171 411 89 -43 209 922 -528 806 -229 -838 212 126 -391 -1000 4 178 173 662 290 204 398 -416 -759 23 612 590 -377 -200 -196 -586 -125 576 -452 -357 274 25 -859 26 317 -1262 187 192 419 1223 141 -304 280 47 792 205 -364 165 -1061 -777 1322 8 449 245 672 93 672 -631 -242 89 -227 478 294 -554 49 -289 49 -60 -223 16 47 245 489 -639 -236 491 489 1020 536 498 -271 329 674 -554 925 28 -729 410 -178 -49 -154 -123 962 -172] 5383.82
[-48 277 -858 -515 -273 38 796 -399 -348 107 947 -156 -975 -143 933 -228 -522 142 -427 72 472 264 16 306 -188 -1295 163 161 597 -395 27 462 504 -168 285 -285 -332 -491 214 1321 -149 173 480 -10 941 880 73 -120 -131 -1124 333 -22 -648 59 383 -412 -132 -521 -117 -673 239 108 709 -149 -326 -450 -932 -625 -553 541 88 -908 -40 712 -947 -142 562 545 -149 154 -510 -377 111 227 -85 -874 -126 114 -493 57 248 -263 -812 -24 -302 -164 901 -442 50 207 -211 602 -227 484 527 -442 -449 -48 -406 -20 -273 -456 503 -56 100 -1250 650 839 186 -221 -626] 5485.32
[-177 441 -883 -288 136 562 494 -517 16 -84 30 298 -124 41 654 -234 -180 262 -616 -764 490 408 339 70 160 -983 205 -399 -1015 227 802 120 -91 -562 435 -367 -855 -156 949 -350 -196 -307 545 -285 282 376 -332 29 -118 -634 -395 423 -361 228 765 128 -16 -469 -465 229 -451 187 140 829 -18 8 228 226 432 -164 -611 -3 -583 -151 699 318 -153 698 -279 196 178 148 -255 80 -504 -180 -174 224 376 474 260 -392 59 -97 -391 -337 -485 75 -755 394 -450 -151 970 415 -97 165 -544 -356 345 495 360 -153 341 -987 608 192 -205 485 -234 -311 -76] 4704.51
[356 -26 775 -381 -120 99 341 795 29 332 -104 286 -816 184 622 393 -412 -660 -363 -45 -383 -402 495 -402 -428 -110 -805 318 -701 -138 -731 -795 487 445 -171 66 899 147 -424 50 617 -85 -120 -105 407 274 -191 1126 -68 -514 -331 -67 -277 -526 298 192 -236 896 785 195 578 -1440 464 971 365 103 134 -31 227 -284 93 -463 199 -99 5 325 -327 257 -313 -276 -156 -433 1304 720 357 -128 -269 -1160 -895 -423 81 812 43 71 145 -758 209 361 362 545 453 425 253 -559 193 423 -639 -178 95 -84 -52 346 -277 535 -443 -188 1043 -471 -612 -892 -456] 5408.14
[-517 361 346 -186 -104 13 -320 -156 774 169 -85 -240 698 -305 346 -98 46 -363 735 55 -212 -191 592 742 -974 -129 -80 -447 -220 -125 135 79 -349 374 -450 109 300 959 45 -334 -143 -392 627 -923 461 296 650 -31 -505 550 925 0 83 349 -281 1 588 40 -628 379 -701 509 -24 242 186 -233 -222 -385 71 -640 -29 -796 -213 -32 149 258 -326 -425 -983 306 966 688 -880 270 -348 -444 464 120 -591 67 148 811 -629 -59 107 65 206 -272 143 -304 -302 -116 -680 -510 -440 -422 397 -39 -539 -335 737 -173 252 -99 -255 974 928 -936 -850 -375 -162] 5041.16
[-302 766 -160 -283 15 -333 -17 38 -951 176 -932 -317 -515 19 -1243 -9 -224 -11 -149 -302 841 228 -805 -454 -896 215 -853 3 124 690 -703 770 498 73 1001 260 269 424 -64 -614 -496 -311 -392 -249 -579 -744 279 -102 197 -206 55 -354 -56 -174 516 -247 -104 150 698 201 -333 219 -495 200 -369 -64 94 -40 -1246 176 590 -69 142 -1125 -127 20 -491 -658 587 126 84 -142 -268 -414 70 272 -137 508 179 -233 -80 290 227 -30 483 98 -475 31 -348 -321 705 709 628 763 -125 -269 65 -269 295 -96 -78 -397 -94 -354 350 -111 99 -441 934 308 -129] 4943.83
[854 -391 21 -30 377 -655 -222 851 19 -311 -34 -1013 -437 821 -66 170 185 767 -326 -153 -861 -390 189 -317 661 297 100 241 -21 -113 582 -146 52 -432 -217 248 -753 -966 564 200 775 163 296 447 -470 -105 -435 -305 308 957 -477 -343 -273 -253 -90 787 250 114 858 524 13 -471 118 197 -101 188 453 160 665 386 26 195 160 -159 477 -47 157 249 -746 -586 393 504 889 311 234 -438 382 -337 515 265 -123 -65 -436 159 -723 116 -502 514 -422 462 -76 168 -103 -456 236 147 -532 530 -526 374 -323 405 54 346 -276 -1 892 -111 -42 446 -870] 4857.9
[-274 -528 257 -254 61 -432 -41 407 -38 -5 -96 7 -564 239 76 -198 722 599 527 -981 -3 -244 244 -362 -84 -631 41 -133 -43 -245 679 -176 -406 -611 -146 270 -55 200 58 594 274 -475 -279 -260 -35 614 647 -217 -186 -647 -680 -303 -157 -1015 -216 -338 75 793 476 -214 -1009 325 -321 185 384 571 456 398 946 -594 -254 -20 344 323 -56 373 -797 -131 -419 -216 266 123 34 496 -154 232 -476 -17 66 273 254 -203 -214 -332 -453 -206 -116 -978 -15 1017 974 160 732 -504 74 -76 -295 389 -838 -533 237 143 233 59 -225 61 138 -64 -302 28 312] 4621.47
[67 1078 1181 172 -46 -46 207 129 -444 400 -283 -163 571 -334 376 -570 -142 -624 548 -828 7 -290 252 177 214 373 401 -456 -241 537 238 256 1333 -799 -506 -207 388 -92 859 509 256 -801 174 -561 211 293 551 492 279 232 -115 477 -1432 -78 756 489 868 -273 -545 830 570 1315 -403 -551 -65 -33 -441 -243 44 68 77 478 -205 262 -161 -212 396 76 -165 568 107 -411 -307 -397 -307 321 841 304 -428 -473 -761 -251 -1572 281 410 -542 -232 1098 -844 866 92 -158 169 435 -14 -306 446 549 -11 70 -422 750 298 -511 -490 535 -226 650 -36 -236 167] 5676.49
[473 -286 -75 -335 -527 -331 -427 419 363 -357 551 -326 -128 297 255 -239 -16 -333 -331 535 536 -126 82 -165 63 660 478 743 377 343 261 -222 143 241 -921 -587 304 302 -53 -75 -332 152 240 797 297 252 -859 95 -55 -171 674 155 90 61 984 -305 -25 -53 431 3 333 -729 643 -877 117 -644 -375 7 -85 -291 276 -395 465 -478 -508 -327 75 264 559 519 153 -391 884 165 452 -498 -41 -465 278 272 -309 -605 766 -8 -400 -378 646 631 -637 386 -306 40 -222 99 607 -78 -139 -930 252 -282 -105 266 92 618 -438 -56 -7 -162 176 -660 -231] 4577.02
[745 -286 92 -20 -696 -340 106 -674 -691 -273 -317 150 909 -147 609 -359 315 -623 -29 494 -464 374 1069 49 -493 -550 109 504 340 -72 -196 104 232 100 357 -289 302 1374 368 -376 -679 -396 -674 -327 259 -142 297 -625 -150 280 244 -780 454 648 -9 32 770 -400 308 -911 -216 543 -137 252 -99 -155 -47 -194 -210 -503 680 -934 340 689 -247 -264 46 -1159 -530 738 618 482 -37 -46 598 -32 -482 -135 43 250 356 723 -133 -472 -27 -107 -118 -1150 106 -480 255 -36 -389 -494 -484 -331 622 -192 287 -405 -125 328 -172 157 -189 -38 -390 -1622 -695 -190 206] 5303.29
[-341 -114 -401 -454 242 1341 282 -832 -506 -487 -707 394 610 -34 -679 655 428 146 64 731 -401 -8 -116 -439 -99 278 -455 -506 424 -375 147 1196 -389 77 -263 -82 -531 354 -697 480 -529 -2 -656 93 -569 -1207 -437 103 229 54 -453 -258 -33 -159 544 -84 -250 -327 972 -97 -182 -269 -264 -262 -383 -37 536 154 276 443 -358 -502 635 -23 157 101 121 -164 196 59 47 297 110 89 -508 363 47 -665 -315 400 93 750 -28 489 360 -12 26 -599 713 -732 -900 -734 391 748 -191 261 233 -382 -1017 197 371 -247 120 0 733 -263 55 280 163 490 -521] 5011.06
[218 541 795 -605 -115 -131 913 374 841 26 -749 308 -571 -194 -246 469 -331 -260 -603 691 785 -88 32 -536 628 22 97 -235 -47 311 -818 -823 -228 -185 676 673 261 -772 -219 -126 800 315 63 -746 451 -290 -1050 169 -38 -422 273 777 953 -713 224 -233 -604 529 -353 80 581 245 -524 146 -75 163 220 344 344 -209 -121 -381 -1097 -732 289 287 -81 416 -522 -234 -1317 734 447 270 84 926 -488 -2 386 -164 -370 666 -18 -644 -22 529 506 632 209 -503 322 -7 -201 379 657 -329 103 -99 270 -324 139 545 33 -112 -975 -234 -82 425 -719 -90 54] 5342.07
[621 -1084 148 -359 -104 -509 950 185 -730 -44 632 -267 -472 435 -376 -1324 -20 -405 -669 463 98 331 -15 -690 -46 18 32 1001 61 -291 1376 -110 1072 -417 -671 -243 -62 627 450 270 491 -401 1355 -424 195 187 399 -444 359 145 477 -246 660 404 80 148 -165 172 -501 -527 164 -34 585 -705 15 -155 -276 -132 -113 -618 300 346 219 1619 -158 -928 -213 147 290 320 24 -485 114 458 1522 179 -1082 146 281 577 -5 -730 967 -428 -883 -616 70 -143 -1015 -572 717 114 290 -717 -201 -475 -741 -262 101 -1040 -611 -146 -227 142 -365 -23 -610 -429 -626 465 52] 6043.5
[-266 166 269 257 214 -358 -156 1141 -480 459 -218 56 583 86 84 501 -277 158 92 846 -86 -74 95 -1382 16 282 -603 387 -595 -145 -176 -531 144 688 -118 -148 -272 745 -329 -263 376 932 -770 -653 281 -669 577 385 -436 -523 -17 236 145 -113 -873 -702 -480 -385 699 -27 381 81 169 242 -182 109 -53 170 -17 703 -102 -323 -165 -272 246 112 215 178 -826 -294 424 987 906 429 485 534 -1288 -354 -144 -256 -806 -372 300 -117 525 -352 639 -663 966 -355 -62 612 232 -105 -365 768 -515 45 -459 174 -609 1370 -608 -75 -156 -202 155 -1047 -224 -166 208] 5405.56
[-451 -324 -340 138 422 -702 -624 -531 1007 384 -23 429 378 -543 239 280 -239 -1526 160 657 -451 350 144 329 151 15 -110 322 151 -182 -227 13 504 482 -484 13 623 619 -1170 -40 183 437 903 87 -269 1257 198 298 825 400 350 -231 500 -355 470 -165 139 491 -503 -303 -286 322 85 -485 -168 -289 -418 184 636 -672 -295 710 879 866 499 -153 16 262 888 234 806 -474 -500 218 -218 164 1663 380 -253 -101 408 163 -66 -36 982 -554 232 -296 596 53 -254 -38 -189 16 401 -194 753 385 485 255 491 793 -20 -665 537 25 -268 -632 168 38 -149] 5452.36
[-215 157 166 31 432 691 -67 308 148 734 -142 -178 -514 412 -1206 360 673 278 115 -123 113 -1087 358 769 -469 709 -994 130 132 -125 -588 70 -302 368 798 254 -231 -116 -463 621 652 -191 40 -34 70 -208 453 -529 124 -667 -468 248 -48 -183 686 -161 -612 699 495 156 -293 -60 -529 238 41 -277 681 -108 854 -52 -555 312 506 -791 -14 -506 -627 361 368 37 47 440 167 664 239 -156 299 -50 -503 74 -401 99 -230 71 804 13 -386 559 430 -371 68 840 232 69 1739 315 -495 -216 447 -84 -1006 223 -49 1041 344 162 384 -112 673 -349 -881] 5285.82
[-527 -288 -882 552 -283 -162 -25 -604 -50 358 -21 497 623 -1208 1731 -194 -397 -257 385 -658 -352 14 473 202 216 -354 -129 -247 552 -417 -803 36 -963 320 -441 -89 -25 378 -321 383 -221 822 498 418 713 725 137 537 275 9 347 -604 24 118 109 -950 -275 278 161 -446 -87 -421 596 481 131 -446 -111 -621 -98 -206 68 -524 -280 441 -510 416 66 -84 19 -83 -218 -546 189 415 -904 119 152 196 -289 -135 -325 183 -666 203 512 -337 989 -403 978 155 -193 70 -538 82 431 -182 892 462 45 490 1159 317 726 66 362 -670 9 -79 310 -867 343] 5307.48
[-56 55 198 -63 -301 604 760 372 58 873 88 283 804 -498 1148 -172 339 -384 1085 243 409 270 257 -821 -394 -134 147 36 513 -927 236 526 1051 46 -651 297 25 190 430 587 1338 -315 343 -652 721 134 86 -79 249 218 493 578 -1080 223 -26 -105 25 -291 443 -105 826 428 297 152 -57 435 232 -614 -292 -217 -250 -121 301 609 -40 454 360 372 -276 -588 390 781 -73 202 -721 -19 -299 -64 -555 -18 -462 -372 -534 -581 352 779 -172 -326 574 36 -465 -104 -398 195 -100 128 -640 746 -592 -624 -600 594 -117 -543 -476 978 -8 265 -1097 721 -512] 5413.71
[428 42 491 24 -964 362 -427 612 359 824 48 -99 -91 132 210 -307 -271 586 783 -384 -1031 -290 499 231 -180 -333 369 -46 -301 276 -90 396 669 279 79 451 945 -389 842 149 740 126 303 -200 97 820 176 -285 -293 946 105 -331 -1025 115 -369 -219 -544 37 -194 974 -293 529 688 232 293 -11 -338 -706 -949 768 -227 -577 -737 551 224 278 450 -304 -17 424 -373 -527 -402 -637 -823 -393 641 433 -395 -323 249 -443 -857 123 342 465 -506 -499 -261 457 416 19 249 389 -601 -178 472 1114 -270 -130 190 328 814 -390 207 236 728 -132 -353 -146 305] 5271.67
[192 626 372 -500 -245 -287 -144 -298 141 -16 -701 -516 1365 -13 -357 332 205 -269 707 656 671 -236 -37 255 -333 -824 291 -117 59 1028 -142 -84 -545 -700 43 246 -833 115 -475 251 1 -480 -336 -333 76 -883 -255 131 243 -644 33 -68 -97 133 139 -335 -585 -743 513 -720 66 -98 86 195 98 40 454 706 -263 -395 694 -224 -198 -417 181 642 167 362 -209 142 1127 788 37 -318 -625 665 79 -479 327 -931 -654 -16 -14 456 371 116 639 37 744 88 399 92 -122 -188 -179 140 132 -904 -383 542 609 -318 561 678 -83 -18 -359 375 361 357 226] 4960.34
[674 277 171 -164 488 -60 -125 56 674 -307 346 145 -172 -202 168 314 -328 -150 -620 -87 564 -170 -15 887 -512 -153 -1306 781 292 -560 -307 9 -299 122 147 40 226 839 -858 391 -29 -504 -169 -85 558 182 460 67 -918 -142 383 -85 -21 498 -14 -134 156 289 -596 334 266 -48 -173 2 -53 -490 -32 -662 892 -974 312 100 302 -579 -845 -351 -984 266 109 268 67 -538 618 -103 221 261 -515 -98 -892 454 59 -227 992 128 -228 -537 270 270 -480 -259 -156 723 -445 -361 1102 -648 -996 -108 1061 550 530 -679 -543 187 388 984 -203 444 350 -545 217] 5267.33
[-17 642 159 702 98 0 -694 -468 -289 -240 -1243 -678 -286 437 46 77 112 986 -304 399 524 112 -421 -540 730 173 -123 -299 -809 -36 -424 317 -346 -599 -280 314 239 -9 137 92 190 -315 -864 285 -546 148 -137 487 -289 230 165 1018 -1220 155 -857 -533 -364 159 -180 -93 438 19 325 -222 68 482 -330 472 -376 -398 -209 470 -503 -508 169 86 322 -395 765 -385 96 -294 -542 -899 -353 -307 -189 309 -418 404 -393 -204 -435 99 -193 50 -160 -258 -23 579 691 402 -604 240 68 -570 -303 -171 -180 -65 -7 731 -604 -185 230 -218 -864 953 166 -363 -554] 4933.97
[261 96 675 337 -47 -492 378 -500 -83 504 -293 -562 -961 -615 188 409 658 48 -627 -410 -431 -550 -772 481 61 -489 -59 652 -250 1 -43 -233 665 97 -117 179 461 -1356 249 -30 554 -56 1053 333 -492 101 405 300 650 -571 130 -85 171 -189 1087 1172 435 -126 196 283 -14 -706 -427 219 -194 -222 27 -69 -762 321 503 -650 -866 -39 -332 658 264 -805 -76 167 -130 -530 -377 464 732 -392 354 -866 -43 -705 528 63 28 700 -297 24 -405 1135 -15 215 471 -105 -224 -196 53 -80 342 295 179 -36 635 -312 263 1348 -17 -57 1093 246 -183 120 19] 5337.14
[-314 303 -1116 207 169 647 -974 -197 -263 -376 -105 -69 -228 598 -183 -510 -89 587 123 5 182 -768 -617 -722 57 46 337 -658 -498 -610 815 -298 -447 452 -843 -586 -233 -439 -696 874 -617 1085 121 -115 -506 40 -35 -201 -679 -128 -502 131 -90 127 -335 -105 -265 546 -165 18 -141 -576 -531 -192 -444 256 78 50 -158 883 -494 49 -309 -468 -653 123 -428 -120 -44 -526 -223 -559 287 -853 -586 -491 -391 -91 7 406 353 -269 -153 135 -301 -14 -343 -445 -238 35 55 111 -150 -39 124 -272 97 586 -854 -214 -376 534 -1233 -186 22 -229 -985 -262 -396 328 -708] 4989.51
[-334 523 185 230 -129 -445 361 156 -515 -381 -628 646 603 -688 -10 269 -216 -993 -79 -46 218 426 225 -232 303 -280 -306 119 -916 -453 -336 -78 -490 209 450 95 178 585 11 375 -585 746 -483 -204 503 -279 289 -471 -241 558 -189 -69 -157 46 346 -453 499 -722 707 77 -386 531 611 -186 -860 165 -471 -569 -142 -695 -641 356 233 609 131 -395 204 -206 255 -123 -128 -174 -20 376 -434 82 -388 422 608 -260 -40 -16 200 148 1236 62 98 498 -152 -287 -930 -652 -39 693 -54 317 1030 -368 340 -8 355 104 -692 -504 151 196 -618 13 -24 291 500] 4748.07
[-638 79 511 -368 372 -20 -293 -952 -165 -480 -750 -294 884 -298 527 83 198 -459 172 37 327 -838 -499 -700 576 -306 -360 -142 -77 585 666 586 -63 -61 -770 435 454 -156 -1008 -143 -862 -578 -225 -226 363 -375 -171 -286 595 -909 705 597 83 319 320 215 572 -63 597 5 -184 -487 876 -104 -180 57 -607 -432 870 -502 140 -584 -618 -96 -1195 453 774 -507 -354 -154 719 103 394 109 54 1242 -168 -178 444 147 -457 -193 741 766 172 -451 351 -325 839 -734 -573 -543 -421 -368 73 -531 -142 -3 -369 -339 966 688 257 436 -67 372 -707 240 -55 437 -113] 5463.29
[-357 -796 -44 -329 -3 -61 -388 -692 -416 205 -383 639 399 -253 -106 -873 317 360 337 -774 -458 -306 -238 -16 -632 -26 175 -186 16 461 -300 -75 680 -107 640 -281 62 -91 64 1203 261 479 345 -459 -4 -512 -89 203 780 -34 13 270 344 92 -343 718 -158 -825 -648 -931 -32 335 -247 -234 354 731 283 1084 -320 -102 -219 123 -641 148 268 373 -260 21 -200 390 349 287 -869 -20 -756 464 -84 91 -60 -414 -354 157 307 788 -687 -241 -669 -148 748 418 147 135 879 209 -774 815 617 34 -48 -112 -6 -146 -335 941 400 -155 -29 1076 182 809 151] 5049.23
[-344 784 593 -361 1074 -548 -51 507 -62 623 125 280 -195 -643 650 223 -503 -895 -778 -889 174 208 572 -523 7 -128 -539 -76 -364 -531 -941 -340 727 130 -448 -1083 346 74 -368 -437 -710 220 -256 -135 -379 -709 159 86 -706 -330 133 -60 -424 -82 -80 575 634 -576 -244 610 -328 637 -162 1130 320 -132 -198 -915 207 -558 -62 -707 234 -413 -910 526 537 -393 -688 -606 -563 464 593 531 -274 -244 -350 596 -605 -81 464 28 -183 470 480 -290 264 -237 -229 870 -795 -7 81 -59 -464 96 143 -424 483 -52 66 352 -532 -202 -510 160 532 88 266 -714 9] 5316.09
[-581 -30 261 -457 630 -278 43 -149 -442 -498 -199 224 113 -103 -320 -157 296 198 257 -943 151 -550 465 -41 -1039 214 -501 329 290 -547 -539 -89 212 -16 465 453 -492 -869 -380 -28 344 66 453 302 -75 206 -448 937 574 903 427 1455 -356 -678 -59 89 922 -123 -140 -51 386 -18 605 771 167 616 156 139 -107 294 282 -457 -322 65 607 141 81 -251 -320 -957 -123 402 -586 564 -981 134 259 11 311 369 -17 119 854 -448 -558 89 -37 157 590 22 -383 208 98 -446 239 171 218 121 -17 75 -4 -112 -1 -60 -214 -103 988 833 -557 700 -686] 4952.54
[-411 524 491 149 -810 350 289 373 -607 485 467 -102 207 -849 567 -336 -123 -606 528 -27 619 243 80 247 -619 -294 581 -369 -283 -277 -141 -91 587 -44 163 -164 225 -113 418 183 -216 -192 -455 -575 390 270 115 -675 371 -394 905 -45 -590 -126 -152 -471 -245 12 247 144 8 54 1484 567 631 236 -221 -59 -1156 -283 102 -401 -317 305 606 188 995 396 637 446 -328 362 -577 45 -670 -71 -161 -14 156 -415 -204 -1115 271 -229 144 673 271 132 -430 321 254 179 -481 -457 150 -633 -204 -168 50 -950 -452 -706 -78 381 -592 -48 -17 944 -89 103 350] 4954.29
[179 987 -57 959 634 -954 -452 721 178 -125 -22 -1281 336 -566 -479 1312 -564 -730 -378 670 253 -48 -86 722 415 -97 -203 288 119 -63 -1142 570 -452 733 -209 899 -160 518 57 -697 -7 200 -1344 -380 286 -389 -133 443 -22 104 294 -398 -71 50 408 -922 14 -49 215 531 267 173 428 220 -353 -1118 -645 -220 -784 376 -689 -746 -264 -370 -251 224 59 -444 -56 856 724 -241 698 17 152 165 289 -585 -554 92 -205 122 -678 301 938 -231 834 917 888 210 -813 -189 -177 -109 -19 -285 20 -329 203 -325 -772 615 -616 -34 -561 -216 -407 -77 -21 66 -291] 5700.39
[-304 236 -680 -346 42 584 205 -475 127 1387 -415 774 -242 -884 145 467 746 55 196 -224 353 509 824 866 -278 24 245 1 37 -619 -259 264 -469 77 -158 -195 -583 500 -16 -244 990 -314 -611 -681 -199 640 756 -229 -56 134 193 -232 -96 -200 -501 -397 -130 -113 -347 -279 -679 -872 -434 943 1042 265 140 363 461 -694 -381 437 -141 -578 -14 517 34 688 214 463 722 72 -1068 288 -1253 -168 159 -296 318 362 -299 -16 -19 326 -53 293 207 -1055 141 332 -391 -4 219 -438 158 -55 -642 -214 271 373 147 -953 69 -79 145 297 -404 646 -206 117 397] 5212.39
[247 75 -312 214 -308 -319 346 -25 -618 -464 -1466 -341 558 -148 -1170 -246 -190 -276 -502 89 124 -77 -94 -747 -459 422 173 800 335 -822 -55 -242 -507 -222 243 -396 -226 -12 -467 -387 68 -222 -180 -33 -540 -128 314 353 127 -293 -404 -148 311 -793 474 -463 -379 712 370 -597 -206 -587 -99 -525 -271 203 -581 -370 25 68 181 87 7 -195 -158 -471 503 113 1093 -76 -525 -707 -267 -488 703 377 -227 -454 -321 -1084 -669 -686 -171 734 428 -707 1027 -50 343 -375 -21 367 84 93 579 -698 -39 -222 -639 -301 -443 219 305 1656 401 -1267 -348 976 50 -33 12] 5424.21
[-256 90 -528 -532 -389 -39 414 897 -37 505 38 408 -535 213 -902 19 182 -1254 -673 -1033 -101 -664 103 -305 -252 -386 299 -117 727 457 493 744 590 247 -561 479 120 -108 -83 -627 -558 -481 -333 -630 13 -186 707 306 211 190 -183 -666 -270 52 -12 40 4 -46 564 153 -113 -45 649 363 -694 -12 -62 -56 -63 65 451 -46 414 -309 -399 33 75 528 -40 -353 -165 -88 234 -179 -124 182 128 854 444 -331 -512 -69 254 257 1050 318 -233 -90 499 716 -17 -51 813 -85 133 -1 -39 672 -405 -407 -345 -261 -251 -867 783 -762 529 54 445 -169 -1110] 4905.63
[247 110 337 -266 -168 995 -106 -594 -314 -316 -285 -571 625 1188 -79 -410 -282 379 501 -863 205 -34 241 685 -890 629 224 -193 344 -142 90 -203 -497 -380 -729 18 -118 1261 -281 81 93 -323 -1042 -782 467 552 181 1276 -527 47 262 -65 -184 7 165 416 1208 443 -771 467 56 -45 777 -258 641 608 322 357 600 597 1256 395 407 -258 341 77 -359 -143 140 851 129 -105 -170 37 -100 473 179 251 815 178 126 453 428 -471 -474 -501 -544 14 100 -572 852 732 630 105 33 373 -443 210 -314 144 95 194 1204 -582 131 194 638 -319 -48 -365 1062] 5583
[-574 -676 45 783 -144 1312 -486 365 26 33 309 51 166 -757 953 301 -319 -266 764 763 -690 550 -322 -846 -406 212 245 -632 -128 63 -6 -321 164 -67 -312 -535 1091 1452 636 0 -378 309 -401 -65 -297 -444 -125 106 296 54 223 -444 -147 724 -1136 -127 -298 -476 -437 118 1324 527 203 -319 488 -165 -490 -191 496 -273 -98 210 -32 478 -324 331 -215 358 719 289 -705 -618 -192 -569 -736 164 -220 -68 669 -126 -80 106 -583 521 -108 0 -75 490 172 327 -222 -376 190 -216 -920 213 -243 -405 584 -203 -894 -281 -276 -457 -467 963 -694 -642 -674 298 -99] 5446.77
[245 702 -135 -542 206 -885 -559 -258 147 847 95 -972 110 -158 -38 -598 359 -17 272 -424 614 58 161 742 439 -133 226 -87 546 594 -414 470 286 -5 170 382 -327 -97 151 434 376 348 788 65 119 468 819 -1220 283 921 -483 453 410 -262 785 -695 -210 -151 15 -384 -471 447 -781 -471 -1003 -8 -383 -834 641 203 417 296 320 712 -67 -544 -727 -54 -998 -907 457 795 -15 -295 -703 -364 127 102 132 9 -342 -1348 -99 -15 375 449 760 -76 59 -410 134 130 -491 351 194 -133 437 152 -205 283 -199 47 399 -141 143 -134 -619 -330 707 195 -428] 5250.76
[-793 -178 -554 -737 103 -57 -774 -113 -652 99 88 -564 111 426 -206 176 61 -277 311 -878 61 -226 598 -312 -377 -105 426 211 389 156 239 31 -13 192 363 -500 -472 147 -120 -631 -110 466 166 -631 -448 92 -326 -636 437 -194 506 505 607 441 -188 15 -594 -217 70 -686 133 -354 318 -7 378 -183 58 151 165 157 -804 184 -201 14 -147 277 327 303 -211 -246 958 780 -139 409 -809 -126 -244 -562 -107 747 -747 -983 -221 509 766 130 542 -378 1275 86 -964 -369 646 -381 -807 13 446 -405 -825 39 -639 -339 -106 -37 572 -735 -240 143 -460 568 -145] 4971.45
[-304 15 489 -387 517 -362 -379 785 -374 542 -574 -175 186 438 -256 -612 -985 -252 -290 -559 -133 -67 -81 -705 609 342 784 605 171 901 131 -317 92 -242 -282 -941 51 521 568 -712 94 -676 -57 1126 -219 593 -729 175 603 -445 -117 299 293 131 760 35 -190 28 330 635 195 35 160 -485 -272 -72 -460 -185 -278 -163 345 265 431 808 388 447 -180 -504 361 -393 365 131 -11 180 385 -268 481 -194 -283 -565 302 -807 -189 -342 -689 -113 -747 -181 -171 1191 -111 -224 946 -129 -354 -247 653 -23 -858 -656 -599 510 527 -233 586 -584 6 525 652 -137 -154] 5149.4
[-317 380 -924 509 1115 -15 -361 -556 -368 326 -325 446 1144 -58 142 -149 -633 1029 1088 -281 206 -153 -263 -18 47 246 -882 -593 -303 -707 473 268 351 302 -329 223 -654 344 -607 234 -24 344 1036 -292 -156 -68 272 428 -30 -63 -242 -115 -436 -164 -223 -446 127 1142 -839 143 361 17 -267 -361 468 388 323 -4 393 -102 -420 -119 -802 598 -583 -797 46 985 -151 -335 576 249 253 -382 -802 833 -454 -590 503 989 -640 -197 -396 -694 182 -1143 463 -545 666 166 509 611 -260 -697 65 -143 -551 -128 329 411 -720 1056 -14 -510 -541 -128 -789 -259 190 -397 -190] 5628.54
[-435 -198 -565 -575 -298 -11 -376 380 -53 -10 -245 -80 -777 396 731 -527 -374 -290 -429 28 -185 145 253 393 11 6 -114 -196 97 -347 598 -402 144 82 -29 -397 -385 115 183 -258 -22 -1232 1295 253 989 915 794 1391 33 680 -130 783 229 -490 148 271 414 799 340 436 -278 267 64 421 -188 334 -602 -345 -453 804 104 -379 109 453 -1043 -417 -282 320 -659 24 245 796 222 564 418 -1033 -538 416 -13 -367 -462 -116 295 -76 -689 -242 -37 -578 -282 -664 115 860 704 -524 131 -195 -248 -150 82 872 -126 -524 1104 -841 -407 -164 858 -726 -501 -531 -935] 5580.34
[-178 -395 -130 -388 71 -83 138 266 -60 468 -516 -542 784 -768 -492 -281 264 492 402 -3 950 214 -352 -151 678 148 632 -154 -797 -569 -541 904 342 -444 -543 47 -125 -377 453 -616 667 567 134 -793 44 324 160 -322 -453 -20 174 344 -558 134 -237 -8 51 282 168 730 -104 148 1230 -445 -43 6 -692 7 1551 132 -190 -714 37 -437 -10 -278 -292 477 -801 -120 554 87 -23 -493 10 1365 41 -749 -291 188 -461 -648 -30 776 111 285 300 1362 -456 -331 -84 -163 -119 308 -147 -383 -532 116 296 -519 -963 411 196 438 -861 444 -213 942 257 -208 -692] 5437.91
[40 207 -200 -4 -36 -405 145 -329 -336 407 -1102 -478 8 -459 -882 480 287 -508 -359 -562 452 -29 -409 -933 -104 -345 -411 -239 -768 -48 -714 -82 -290 393 -164 145 272 269 297 -790 127 -168 81 -463 -375 -204 354 1258 346 -373 524 23 -556 -549 100 -20 303 251 990 1071 -281 -311 549 297 5 18 115 -14 311 101 -372 -731 -39 -861 925 688 -182 -25 -12 -148 -277 267 -90 496 22 1055 210 -520 514 -484 -379 463 62 -14 492 -14 -706 881 366 -233 223 173 371 542 -282 -429 -596 112 201 180 333 471 655 465 1120 625 713 141 96 323 -551] 5120.08
[306 -115 56 751 88 -743 -129 -135 -188 400 341 -58 136 92 -473 363 275 -1173 -613 -320 482 462 -373 619 -289 -715 -113 18 -409 -211 -788 -434 -136 482 842 -733 -553 -350 -792 -20 -407 -148 -140 44 -371 -698 -173 -440 -26 -341 559 94 111 149 -129 514 -151 -845 228 -619 66 -223 -125 981 384 -220 274 453 -101 567 -379 225 -331 -244 204 -81 671 234 -206 -308 215 260 133 -77 55 563 -357 -719 703 -45 -56 -96 221 244 357 -183 371 312 353 -768 -396 -171 -883 -894 930 480 -101 -678 1355 1109 -317 -153 -189 1190 -49 -113 -569 331 321 100 -156] 5129.28
[-1205 -71 -494 397 297 283 436 -284 -835 -293 -71 439 630 534 312 163 -417 -595 37 -141 -144 224 649 523 722 -208 478 96 5 489 -738 -447 -286 -134 7 -70 68 61 -70 -172 -184 140 -139 -525 -307 -368 -113 221 23 126 -956 935 254 133 -54 251 69 -788 -872 20 46 931 -1004 749 -294 -735 -198 239 653 -136 -796 171 437 330 289 494 177 -39 925 116 74 703 255 587 -680 -520 55 415 1213 152 114 830 -1191 444 581 719 -83 753 -255 -626 398 -318 -157 -242 -328 856 1220 11 73 617 -571 -794 578 -475 360 -59 -33 220 -94 -232 339] 5436.74
[572 812 226 -415 194 -582 -408 47 1018 -124 530 49 -1237 222 586 87 673 214 -513 96 188 319 170 143 -401 -416 87 311 -162 -171 68 104 -41 -758 445 700 501 388 1224 -336 -597 -464 630 -157 740 159 335 7 -105 243 323 -111 -516 -460 186 -643 269 651 320 318 -174 -217 -24 -16 -232 -699 -41 -398 89 -214 387 -316 -54 92 134 -522 43 367 -24 -133 256 -24 115 162 470 -1025 -859 -564 -9 514 -229 -395 629 183 497 569 36 -261 415 -42 -316 -56 66 -860 -501 160 -406 -1097 464 -19 2 -700 -695 -873 -131 449 -151 -947 -144 -572 394] 5002.85
[-295 -524 -50 -1139 -664 293 -18 195 -180 750 467 -38 226 -450 1193 -303 163 -309 651 123 12 124 -153 -1149 -47 467 309 87 -42 78 -99 63 -339 -46 817 -129 -315 1116 625 -120 -308 -103 -539 905 116 52 -920 -530 802 -201 -165 -250 119 16 -219 -253 75 -368 1428 -1016 806 -182 593 -613 -212 275 432 143 -3 294 248 869 991 288 86 -250 -810 653 289 -222 386 98 429 645 -664 168 483 255 243 137 44 -290 107 10 226 498 262 -405 351 318 254 86 496 406 -46 187 165 154 311 77 -357 -334 290 -900 403 635 -173 -909 534 958 506] 5313.41
[-483 -647 -291 254 -183 706 172 -794 -12 139 207 275 -202 -335 806 125 147 720 631 -338 94 152 680 993 76 -702 -207 -597 -207 -103 -725 -151 -729 1 770 -493 107 681 743 320 -184 -443 -632 -159 117 552 625 -578 565 -780 -48 485 -336 -545 -397 -495 258 444 599 83 -37 555 200 705 143 288 -106 2 71 -262 -700 -173 398 -366 539 605 -540 472 602 430 -605 329 -379 -596 -802 -461 296 111 -30 -390 -48 150 -599 -52 555 -5 -545 -720 -250 282 547 612 -665 91 -274 31 -849 -476 391 329 32 -338 952 -320 796 190 113 17 477 -278 216] 5064.56
[-341 -339 -220 -1188 -319 198 612 -897 514 66 -501 1030 331 22 -136 205 -472 -590 -173 -793 -330 -1346 301 137 334 307 422 -102 179 -616 -364 27 -162 -358 621 53 -62 525 -406 117 144 513 219 -444 27 -271 62 843 96 502 221 -297 -11 -514 -112 203 651 -139 -486 -434 -81 -53 208 401 278 -375 431 430 491 -665 102 -282 -804 -650 10 308 -486 311 -4 20 -853 361 666 228 -758 613 -810 26 1680 910 472 390 1594 -381 -1358 192 -69 -432 540 17 -396 -569 440 -390 -326 710 295 434 692 35 369 147 116 310 358 36 -102 79 -693 -390 -148] 5588.54
[425 301 231 -495 13 -822 -440 -21 -90 45 105 1085 156 -139 31 -167 -808 -658 190 152 13 145 33 48 -224 515 67 375 -249 614 888 -170 653 -384 -770 32 129 -336 -331 672 714 468 330 -529 -4 500 -654 810 -345 479 -40 -437 123 237 803 147 602 887 392 687 142 -13 1570 -689 264 368 631 363 -95 -673 85 -271 400 -528 15 200 13 795 245 454 -78 -182 817 299 536 333 -574 -961 -41 -327 -126 232 548 -387 -154 -533 284 666 -1320 228 -1137 99 402 407 3 -101 -341 -10 -361 -586 335 492 -442 -184 -651 -77 -526 69 -54 -271 -79] 5280.61
[218 -350 1015 -1066 -688 -316 558 111 -972 -176 -421 684 362 -244 -442 -287 -59 -697 30 -386 -127 -633 659 -590 -443 -409 1096 -4 -275 -119 145 -277 334 -484 338 -4 -15 -85 67 54 187 586 -343 137 611 13 50 319 31 227 -326 259 108 186 762 258 99 -778 284 -970 -393 187 66 -440 -502 295 64 -157 314 -307 581 15 576 199 750 222 -113 -207 343 90 -291 -563 172 -337 92 213 111 -300 275 237 154 -790 1128 -614 -5 -210 191 -558 14 120 356 -138 -458 407 452 -371 388 249 -453 -675 709 -206 -112 490 624 380 235 668 -695 -267 230] 4806.28
[237 179 -229 -34 1008 -217 653 -47 -122 -514 -854 1107 -91 238 -228 -254 242 116 -569 -193 701 76 -107 110 -182 -417 -1036 -493 -143 -849 -56 406 184 -631 165 -485 -170 -482 -1189 622 56 159 1028 -376 -270 -80 -405 378 -383 109 -736 -58 144 -430 1027 887 -177 -51 -306 -626 -405 1133 -1874 810 -29 215 2 307 321 -230 -539 -669 73 -799 222 -72 -589 663 -121 -413 433 -88 856 -251 -873 710 -155 -53 -1360 165 853 995 -143 259 229 131 -418 -266 -265 306 -61 232 -341 77 1274 -216 381 17 48 666 504 -573 -629 761 -309 -450 -65 746 -885 -339 -226] 5970.45
[646 631 706 -309 -156 -141 460 192 464 427 -348 441 74 156 -446 359 12 -742 -687 -65 1179 396 -58 758 638 -204 165 921 853 592 -408 -604 -335 202 228 601 -50 -344 613 997 895 -448 -399 -638 724 -687 -422 -276 -84 -294 -55 332 185 -148 -17 -675 -384 -656 -220 -229 -378 486 -520 -397 -526 -348 186 135 -115 -586 -554 -498 -296 -398 -209 618 -762 330 110 971 103 549 186 631 160 108 563 -26 -290 -443 -235 49 -850 65 596 714 -230 808 528 -41 -130 99 645 827 53 -594 -9 497 278 104 191 -63 -574 -6 986 19 319 1037 118 527 560] 5345.47
[-197 -374 -585 -477 -271 654 355 150 205 -7 -328 903 -238 781 240 -609 -408 32 -637 53 -18 -174 1170 -66 -46 124 -473 -125 -402 663 -265 -177 -85 -244 253 -555 386 410 21 -93 -319 -469 -9 671 941 -339 -1034 228 -252 -526 -152 849 45 -166 -11 -6 -577 -162 -338 -383 -540 512 39 439 -172 -55 97 346 1183 -197 -471 -643 -64 -182 555 71 -163 45 469 -527 -201 234 272 -193 -473 -137 285 485 -639 673 531 622 489 -290 -41 1026 -295 -919 647 -253 243 100 -177 -298 245 -118 -48 -609 10 -144 -91 -533 -606 1233 557 157 360 -13 -645 -1290 -306] 5119.85
[327 -369 -524 -356 -113 179 151 -960 336 -618 64 211 -509 529 -122 144 123 604 380 -706 151 563 186 624 -549 1037 -796 11 455 153 -116 335 127 145 395 -622 -36 503 243 543 -423 -97 74 -123 466 69 1034 -419 17 984 305 -329 374 -639 -1097 -257 754 617 197 -129 -603 -497 -233 180 349 -3 151 -739 -508 -214 661 353 -70 -864 -172 311 -50 70 -420 -280 232 64 549 373 -623 -175 -412 889 -24 342 -9 1102 999 539 -255 -154 -661 -176 153 -270 65 467 515 -687 -71 584 -228 -646 499 842 1217 117 220 -811 -98 48 109 -916 899 107 162] 5380.27
[64 119 194 343 -186 6 593 -10 540 514 414 167 1217 -406 1014 357 -135 -512 439 445 391 -129 -26 784 213 -1039 -130 100 176 145 -362 571 -65 803 548 259 -271 206 75 458 1238 -101 827 -180 519 -388 394 -347 -347 -563 -45 527 -316 266 182 -513 -536 -715 187 -421 469 455 470 778 -113 91 -163 -317 -408 -357 -1055 -7 565 610 -175 231 37 441 -378 186 690 539 150 135 -25 -158 264 -94 -672 -621 -625 126 -853 -383 322 -150 650 -336 51 -514 -972 -340 -562 518 -68 266 -786 340 586 744 -417 363 669 311 -280 825 -132 -9 -19 190 -137] 5165.01
[592 42 -57 -525 192 -242 -19 -265 97 563 -473 -993 -50 -393 -739 -300 -546 566 -290 -310 973 -385 647 1064 -653 -34 135 -63 -49 579 49 220 -311 -320 443 83 -662 168 656 -252 393 -644 25 -315 398 1318 -403 -67 636 -26 930 131 196 502 38 -97 254 -81 -509 531 -330 21 422 -141 348 -158 337 430 -29 -58 994 142 -772 -895 181 -213 63 175 -499 308 936 254 -594 -342 371 536 417 516 192 62 -573 -964 236 247 533 -248 -342 163 -53 -308 -1059 839 604 -52 557 -185 -614 -486 214 417 287 86 397 -98 -181 178 1 538 1168 -222 260] 5202.01
