[-315 468 -29 265 567 -49 149 357 -164 108 94 414 -481 228 292 235 -60 -289 214 199 143 -518 167 25 190 64 -46 218 411 562 -364 162 90 -18 2 788 -143 -28 -380 617 90 41 227 -545 -85 -264 52 -33 -279 -2 43 -216 -122 150 -170 -52 -101 -438 -159 225 256 687 -28 65 342 130 404 -85 123 423 15 143 -54 -103 256 -248 -109 9 129 66 -353 147 88 345 -78 196 -139 581 -656 -302 -24 -386 -401 297 228 -352 54 -141 74 428 -144 69 -108 177 -378 319 95 -610 -157 -299 362 264 -334 276 -64 440 230 539 336 410 -364] 3191.39
[-232 222 -97 96 343 260 406 402 -440 181 236 -385 -166 518 112 -337 -193 -579 89 -417 367 41 75 128 -13 64 22 -186 -30 -46 -287 182 156 -135 248 327 46 506 89 672 545 167 39 -647 -291 -15 -241 -302 -744 -155 -285 10 -46 -273 145 484 294 -76 217 74 -715 110 260 27 177 -102 -402 477 -95 311 -103 -192 143 -553 -130 134 177 -56 -303 446 415 -417 32 -231 -529 429 -38 -67 -309 -165 448 170 -355 99 -357 -456 183 -301 -252 401 -722 -241 60 368 -235 -122 -128 -602 -522 100 -265 400 -259 -365 -34 190 -49 44 100 -1 277] 3363.42
[-860 394 -30 147 64 -56 79 -67 27 2 377 -48 -408 201 405 90 440 309 142 207 -352 205 420 45 218 179 39 -376 194 397 -386 -59 439 -422 193 341 48 -50 -446 373 141 661 399 -339 -92 -467 -411 -140 -78 -124 155 -210 465 847 69 -554 -201 130 -127 508 285 240 -271 -330 78 84 208 -590 -132 -85 -384 -77 -230 -295 68 133 -615 -563 576 -684 -140 182 180 -46 -34 -324 149 424 -24 -439 -346 -422 49 107 403 -155 -291 58 -285 325 217 51 -274 -505 211 128 -163 -451 329 -307 1024 45 -321 36 -391 -163 -38 176 58 604 -11] 3596.71
[177 402 -51 -342 93 -233 206 -245 313 79 244 73 410 -683 -120 -80 -251 620 422 -661 -415 543 -111 -131 -86 -553 477 -862 -73 22 285 -200 187 23 225 -76 -65 -504 184 -259 -264 141 630 572 504 124 54 -108 99 192 -462 8 -46 140 -106 -156 -55 -112 -148 356 -304 71 -598 -129 109 -413 -711 -584 201 -557 -277 -158 -256 156 158 -175 -447 -221 206 -562 211 313 -215 83 525 -575 525 -45 377 -224 -142 -263 -110 -10 312 -389 -302 -72 -449 -191 515 382 -354 -227 327 -361 -140 100 90 415 383 -6 -253 -43 -413 26 14 -284 -150 235 533] 3581.36
[180 -66 -48 831 40 317 -133 37 -424 -231 33 317 -345 205 -181 21 -21 -453 -676 79 -103 -576 308 158 12 -114 153 728 -196 35 -719 439 -238 -319 90 510 300 42 -93 616 -303 362 -493 -195 -166 -316 143 -56 -214 49 280 295 3 -177 -292 428 145 -178 -101 79 -160 118 255 156 33 239 328 600 -236 367 594 36 406 199 562 289 38 448 530 588 -477 248 65 218 -487 693 21 90 144 299 -418 152 -398 332 -455 -467 -307 160 188 -127 68 166 85 523 -693 163 899 -240 155 39 422 121 365 -349 -12 107 125 246 180 376 151] 3644.91
[864 -62 -231 146 215 -208 647 45 -130 254 -90 -171 249 101 -473 166 -102 257 -138 -360 407 -641 -529 232 -138 -132 222 514 0 133 -306 -13 87 499 -109 504 106 -305 514 30 -445 -258 -260 102 291 79 248 482 212 421 107 300 -392 61 160 439 -198 -208 148 291 -211 -375 -66 146 123 -98 613 104 736 427 -37 -49 -256 698 201 -238 122 415 437 337 -116 490 137 542 -253 -2 -254 306 219 -485 -112 -190 208 -538 -153 239 273 183 -78 35 591 163 83 139 3 158 -267 -242 109 -364 403 101 61 268 387 -19 -376 -284 -19 590 64] 3419.92
[95 275 -634 385 280 -552 144 422 -110 81 -471 210 -661 -206 -33 503 53 318 -313 471 385 -635 -69 216 -45 -271 -185 812 275 794 -301 -666 -106 647 -385 583 -401 352 41 -535 -549 -576 -496 -15 -47 97 409 295 492 53 297 -7 113 -331 -168 -410 -264 -348 342 193 660 214 -116 34 -348 421 90 243 111 711 31 396 -266 488 486 145 121 -673 71 -177 -235 -3 -24 583 368 91 -1042 130 -364 -658 70 -332 146 -173 344 218 243 337 396 -225 458 -147 146 -258 -132 235 -94 -274 368 -611 -261 34 -241 652 97 370 -20 -100 375 209 -305] 4049.87
[178 -566 379 157 154 -110 -54 -67 -265 36 -188 -1 -96 259 103 -326 -243 -518 203 -491 438 -678 -525 101 235 237 -125 -309 402 260 -143 -23 367 -272 -203 275 423 35 124 983 29 106 -314 -592 -291 264 -415 -414 -248 388 76 -238 -639 -239 -106 738 426 -590 174 261 -166 149 82 283 279 -47 584 221 707 40 -7 -277 63 240 36 353 128 -189 -61 1329 -30 -14 -28 27 -573 239 -344 418 68 260 366 -19 -188 -59 -760 327 -20 -146 -173 262 -524 287 158 463 -642 167 -219 -329 -761 -202 17 -385 -187 -11 132 -293 -128 -127 187 539 -182] 3830.09
[-6 438 -725 -19 -239 -581 -214 108 -286 -104 120 124 -984 -204 264 356 221 170 583 138 242 -452 430 -103 383 -330 799 -68 -185 578 521 -264 -409 -177 -138 177 142 658 -148 446 -27 -351 450 -474 33 172 235 -376 -384 333 -239 -15 114 -588 -9 -484 431 -725 424 126 245 693 -379 145 -213 8 -526 -267 -403 485 -96 220 -98 -217 67 -208 -349 -525 -535 -270 503 -433 175 315 -91 -322 -319 121 -286 0 -7 -235 -389 325 -10 251 -67 -129 31 -53 -62 76 -314 -395 -138 111 -169 -87 -160 -233 99 -99 -279 386 -78 169 288 562 131 -445 -251] 3685.64
[105 301 536 -499 -295 303 -565 120 289 -490 90 242 758 -34 -405 118 -191 149 -309 441 -340 -258 -218 -111 -426 -159 100 -35 -56 -342 -278 339 -316 306 -221 -94 -390 -979 -315 -330 -447 -504 512 784 127 2 489 644 854 -756 -18 -270 92 -99 -45 259 -332 53 -729 -372 52 583 -520 169 375 76 258 -648 83 108 188 37 319 -134 -149 -403 338 229 85 -160 -570 611 233 419 388 167 273 226 -34 -23 -123 154 -105 813 340 -525 -38 -471 174 -723 254 418 -156 285 -186 232 22 381 -299 855 -517 -70 118 306 -66 284 125 328 151 -424 -282] 4055.25
[-472 -398 -680 83 397 -380 287 581 56 175 -132 399 -204 -208 236 40 -179 193 333 281 -277 349 536 126 160 10 117 309 296 654 -98 35 110 194 -121 -2 -121 -12 -356 -105 150 -97 -41 -469 112 -224 -54 581 74 267 -190 -91 -78 305 -292 -15 -624 285 149 217 39 -274 -397 -367 14 269 173 640 183 147 -280 212 -78 -362 143 68 140 296 95 -1050 -308 86 -30 957 -67 -168 -431 437 113 -511 323 -626 256 20 99 80 226 -172 308 626 -336 137 225 -302 65 84 42 -425 519 -182 925 443 -150 251 -56 195 98 -68 -70 496 125] 3547.33
[248 -152 -197 266 -94 619 -125 -51 187 16 -107 111 206 131 -42 -875 -354 -100 60 179 -226 190 -104 -38 -285 114 -35 381 434 -498 557 -256 -175 14 55 -632 254 -202 244 -498 135 -165 -425 60 -126 -275 -215 114 173 267 -11 848 -390 -102 373 361 -29 290 259 -183 -412 -708 453 -330 -178 -414 -1 772 -285 -204 378 17 -200 -128 145 -105 426 134 367 -354 -381 369 138 29 -221 126 -513 36 90 10 599 170 -82 -1074 14 513 469 362 87 -237 -283 60 465 -69 -143 -151 68 -220 433 75 -32 165 -459 -158 226 -413 -285 136 -172 211 337] 3508.22
[-556 282 292 634 21 747 -53 -240 131 -21 0 77 -219 207 556 -146 -97 -38 -316 175 98 -510 58 391 38 38 -39 354 173 -53 -339 440 136 -560 442 448 663 -357 -96 557 557 547 -538 -647 117 -468 -69 303 -150 -628 743 386 641 175 473 -95 -30 -365 -52 -160 105 99 801 92 -259 -1 -242 -334 -414 306 192 -37 -367 -52 102 -147 -258 625 918 -12 -200 -134 87 -625 -282 378 554 210 -334 -172 -476 387 38 -220 -41 104 21 130 321 -509 -53 156 -295 -125 -223 32 -210 -469 60 -162 592 -26 234 -337 155 70 -702 586 288 159 153] 3854.12
[383 260 761 125 339 191 41 -377 745 -196 -901 892 174 -615 -75 -339 -116 207 -220 -346 98 124 -458 13 -182 85 -320 -99 330 -62 399 -480 329 -231 -304 -13 689 -509 177 -370 -24 -91 -377 497 -154 -5 -120 -192 180 114 318 -169 25 -352 -375 -194 311 -699 322 20 -48 328 -455 46 -364 -507 -417 -799 384 -358 409 -252 -387 393 405 40 -195 -641 312 374 269 -30 -171 -558 435 59 707 99 89 -433 75 0 -485 -426 747 -43 194 73 -205 -405 555 407 420 413 -579 69 -239 212 -106 417 -48 -274 -212 334 -55 -52 111 81 231 179 226] 3913.28
[-99 227 786 -129 207 123 -231 542 -235 478 543 -300 480 34 226 -18 -690 -254 449 100 -101 116 -80 -355 -214 309 -669 -157 -338 -83 624 178 -37 -304 155 -335 -626 120 183 -276 564 65 -62 115 -96 -250 -423 144 -246 352 -274 -241 -24 -380 -179 -648 455 451 -409 -508 144 -15 616 593 104 159 -504 78 -157 -375 274 -14 -28 39 -671 -167 27 653 -213 220 -334 -100 -168 -208 443 133 487 -189 -906 492 349 33 141 302 -19 -189 1 107 198 -277 -412 -877 -417 -221 198 -60 -170 -405 -228 -336 -524 394 334 -347 260 451 218 473 -252 53 -236] 3813.4
[6 -881 262 337 -180 44 120 -298 931 -662 43 265 948 -159 77 -699 66 537 -211 -147 -403 542 -173 228 -306 -214 -116 -473 175 -1141 -165 82 70 -217 -107 -259 421 -493 -485 80 -112 749 273 147 195 -538 -96 528 316 -116 -154 261 -307 528 -515 563 -90 506 -325 115 -612 -270 -45 -681 146 -509 -474 15 438 -681 -428 -531 81 58 278 672 -105 27 577 -571 -404 358 -31 3 -788 -43 1131 389 811 -531 55 -306 78 -257 -63 -285 206 8 144 -137 437 696 201 -98 189 -46 217 367 -259 647 1144 98 -75 -78 -547 -506 -280 -866 -162 181 605] 4700.21
[223 -429 -569 412 -11 210 -494 111 -614 61 -287 693 -1104 85 212 285 20 177 -533 684 -58 -790 -316 -195 398 -189 348 627 -176 683 -305 -328 51 -403 -268 150 -237 75 -99 118 -532 -191 -427 -186 -74 -352 13 -282 358 10 -266 151 47 -572 -340 175 -518 -781 -329 -249 362 -62 57 -59 -76 366 495 288 -436 -55 470 603 552 18 364 130 47 -297 300 80 -208 675 -225 246 506 155 -1334 351 -18 659 255 -231 -322 371 -315 356 -640 207 268 -404 -343 423 55 47 11 112 351 -722 436 -793 122 306 -248 343 -101 69 -41 584 403 405 -141] 4291.1
[278 -165 47 -56 -666 -232 -402 -156 -458 10 9 -321 -349 358 12 198 61 215 -294 -255 -232 -871 -89 -207 457 631 720 6 -157 552 -420 343 1 -68 -177 170 -210 -108 284 924 -102 369 196 -389 278 42 122 -378 451 -14 191 -556 81 555 341 -194 -280 -260 -640 554 -67 -416 -448 695 306 595 994 -318 293 -404 -311 -234 -10 126 63 -282 -445 358 299 480 -264 231 120 298 -645 -488 -386 424 149 1133 -640 270 428 537 -563 274 -470 -2 240 42 -687 151 -161 -128 -193 470 -606 85 268 -280 536 -131 -133 148 329 150 131 137 -284 152 45] 4164.05
[-280 53 -798 82 340 -394 774 -182 253 466 -284 -626 9 174 222 -623 196 169 -373 -430 224 131 -170 800 218 -340 8 157 706 319 367 -181 62 531 516 66 -52 -15 -313 -686 141 -28 8 -699 261 -202 -67 29 516 304 -485 365 -99 375 77 57 -345 -229 60 347 -242 -1055 571 -189 -62 -405 -915 776 17 -196 -341 -281 -576 56 537 155 295 -477 -394 -546 -224 -186 49 -179 -68 -219 -646 -179 -113 -457 341 -419 312 -1102 82 277 811 -130 -226 425 -53 235 487 -32 482 -494 -378 -361 36 91 216 -469 -730 388 -540 -305 -249 -518 266 53 -24] 4345.81
[808 10 145 478 -259 -648 61 -256 -90 100 -603 -204 187 -388 -463 -546 317 986 -1480 -299 -137 -98 -442 423 -385 57 -193 -173 288 -71 217 -623 434 121 102 -86 330 148 204 -1244 -287 -117 -402 763 -247 232 -221 -126 732 77 -82 -360 246 1 3 -71 472 -982 169 349 159 -677 108 34 -192 8 -331 -465 355 -464 -96 -120 -410 975 605 833 -247 -805 191 324 -151 95 636 65 106 98 -269 -264 489 -67 35 1 -75 -613 389 554 299 -34 -202 -528 858 453 478 -12 -333 -306 -416 236 202 -285 414 -85 -273 -202 -93 -392 -496 -5 158 460 530] 4627.6
[-568 203 203 -251 -62 336 -151 436 -54 -61 -195 -312 305 314 -548 -570 65 -540 -619 -164 -457 374 261 196 324 755 -843 447 -279 194 -840 239 578 -25 -182 245 -218 0 220 -269 283 230 9 -130 -331 216 -291 210 37 -398 497 -421 -233 406 -76 -287 -236 411 454 338 7 -5 -540 395 35 201 927 -883 411 287 272 20 -9 159 91 89 -447 419 12 411 -32 -171 477 541 -439 282 -41 65 -267 -375 108 262 29 230 335 -349 450 -182 290 834 -277 -648 919 585 -585 316 -1 124 310 -197 342 394 -6 -278 -51 623 421 20 -515 666 668] 4202.53
[-470 28 168 -273 -567 -525 -191 -21 -398 361 173 -771 -521 761 274 747 652 70 -138 338 95 658 430 -564 48 436 -309 122 -13 346 -64 61 -117 211 33 268 -705 454 -218 -419 -333 -96 393 273 -323 -470 -182 428 499 -92 -38 -348 1121 417 -179 -976 -34 1118 -362 -37 687 194 -550 45 -81 450 111 453 -266 409 256 -19 287 -554 -421 423 4 -752 -41 -654 -202 -557 -432 -481 679 -362 -203 -651 -106 -167 -722 338 51 652 431 -480 -300 308 135 220 -179 -869 -551 -1059 56 185 196 61 581 118 -453 381 297 -269 -66 -230 804 -133 -398 -247 -515] 4760.46
[-159 -908 7 550 604 -314 394 199 -238 -80 -6 -151 -225 -167 -47 -368 -335 -448 29 -509 569 -592 -40 -615 -524 563 -903 31 1031 -158 336 -130 -335 304 218 1085 -508 564 -193 48 -241 -329 -259 -272 -335 -445 -142 -1 202 93 -359 86 -663 -124 -152 656 46 -258 -47 282 -206 19 510 -82 285 -82 475 857 98 327 55 -312 383 109 162 637 -148 -285 -282 658 -339 -88 170 96 -412 503 -629 379 -34 -229 449 -241 -641 -66 -353 -479 397 303 244 271 -225 234 573 547 -441 -2 310 -567 -992 -261 -700 423 -676 380 -275 -244 -237 -239 351 178 55] 4442.4
[-392 -256 74 107 271 -18 52 147 -15 -47 -2 240 -47 195 450 -214 -60 276 -275 268 12 258 636 876 246 370 -83 431 478 89 -937 301 484 31 -13 -389 92 -119 267 380 -228 122 -212 330 -98 -71 -41 570 -88 -388 549 203 458 585 231 303 -134 431 294 303 -134 -89 -185 -67 518 452 1048 109 -49 244 -5 91 -565 41 -152 -375 332 1112 59 -83 -150 170 130 772 -642 351 145 291 221 -339 -395 53 147 566 -3 -344 369 -4 468 569 -66 -121 -18 -28 -723 258 502 489 1071 -66 422 501 418 -1055 497 -260 -642 -123 -319 593 504] 4272.62
[-87 -409 216 472 -516 185 -240 -291 -249 -326 412 -65 485 -448 -287 -249 -856 -440 -150 -416 -390 180 -228 -499 -488 -81 422 -492 -2 6 443 380 -403 -20 4 300 -629 -265 -52 -94 51 -180 -91 -94 262 -118 -40 -559 677 -165 -189 -192 -625 -879 -423 -14 252 249 -315 -565 -449 -160 -24 166 -438 56 -249 698 103 -291 53 -192 344 433 -145 1063 -132 -514 146 956 -453 -252 -831 -209 80 671 -236 164 468 76 -164 90 -473 131 -514 -256 -338 40 264 -681 -409 156 207 123 -430 -390 -12 116 -787 736 -1139 -239 -31 -359 -601 -166 410 -556 89 -457 415] 4401.89
[-213 1227 -283 -486 54 163 376 273 -196 -215 -103 451 -342 -251 655 -2 81 50 255 149 -548 351 -165 -115 -400 -130 136 -787 282 358 -343 -294 134 396 -222 316 -463 -108 -190 -35 510 222 877 444 -42 260 -189 52 -432 -150 133 -443 510 671 151 -463 -610 353 -540 -141 572 992 -260 -577 287 237 44 -397 -265 203 -499 283 -42 -720 295 260 -141 -536 679 -402 61 361 -91 -221 984 -504 -432 177 -786 -250 380 179 226 381 578 -291 -447 6 -64 21 -263 -130 22 -575 487 -146 148 254 158 -480 -87 495 -964 149 -192 259 -140 -101 -310 15 -298] 4342.74
[-334 90 -495 -519 -650 152 52 749 -58 -623 337 -159 -280 388 -73 -262 -140 -13 186 -223 547 -108 171 201 3 -310 123 -77 -810 -672 -950 85 -741 -13 -166 -100 161 450 -30 977 567 191 171 -277 185 -311 -239 1045 -506 414 -114 314 517 -267 -411 92 281 873 -399 -546 -500 775 -115 -405 -754 237 -415 -85 -362 769 -397 228 789 -1092 -228 243 80 309 0 -134 617 -199 83 -83 -337 -397 510 61 -69 -218 311 -2 567 401 -449 -261 -555 149 -42 -295 -15 -138 -695 -551 444 -261 -55 -212 49 181 373 939 111 -25 198 133 -214 -515 -488 -410 429] 4605.34
[-117 698 189 229 153 163 207 216 -79 243 503 -1140 125 678 -922 -355 -509 -549 -561 266 153 51 162 573 -327 542 -738 270 451 -117 -61 58 -550 873 451 -7 -886 -134 -78 -132 -227 -625 129 125 -241 -337 71 201 127 -329 -327 -111 -760 -66 374 14 98 442 -428 -84 -462 -273 402 -111 155 326 -322 259 -86 -208 -501 -125 192 67 51 -345 534 -686 -765 79 -386 450 652 827 -537 747 -333 193 -551 -375 70 -124 -310 150 147 -114 765 -101 -25 117 -14 -73 -263 274 53 -381 -35 -776 55 667 -962 128 -550 319 -89 366 148 -392 117 -33 1] 4451.29
[-758 -847 310 -358 133 -142 -477 480 -225 106 -302 331 -525 -210 -432 254 552 354 49 285 133 -34 192 -233 488 229 -311 636 -140 649 52 -543 63 -105 -431 -107 -239 430 -211 -412 -147 -329 -802 55 -86 -42 -142 46 719 294 4 -757 317 -198 -566 -36 340 61 -364 504 474 -682 -746 451 -33 241 643 -282 231 -660 227 -25 172 -462 -280 254 95 -467 -791 209 29 79 -88 263 11 -460 -184 178 328 448 18 -771 113 426 770 634 -656 32 -283 96 -359 -74 -1 -145 184 158 -530 -219 468 178 -7 -181 645 11 60 -230 180 -534 129 178 -309] 4144.76
[162 132 680 404 68 518 -319 169 156 -26 213 -12 362 552 -378 -36 -274 -489 142 284 127 275 -224 325 -152 -28 -479 -193 46 -152 90 -322 -386 519 120 229 166 -25 -103 229 38 -186 129 399 -487 -365 -207 -58 205 -530 -489 -135 -771 -431 120 124 115 39 -405 -369 -23 421 731 77 636 -504 -517 -65 532 -79 262 -690 264 -628 66 305 516 -557 -215 531 -464 352 606 73 -535 836 16 184 -490 196 321 -144 -982 628 288 -166 866 -183 -450 -416 -566 -99 65 553 -541 -141 154 -621 -551 708 -292 255 -926 -208 -367 373 204 176 323 -286 -306] 4275.18
[-268 -390 564 516 439 -500 -562 131 -120 -320 -73 -131 -114 -178 415 -42 468 85 12 -90 213 -627 -44 -460 -74 323 -1230 313 947 438 578 97 -153 -554 211 769 -318 259 -981 -385 -451 172 -362 -538 -749 -442 -36 67 173 -467 452 -533 -41 159 -840 -332 1100 -151 157 127 834 234 52 712 447 -25 -32 -15 85 32 727 -128 -409 756 56 491 -424 -606 -299 -242 -508 -361 265 -100 156 50 648 -250 -262 -115 133 -130 -51 -152 551 -296 224 -359 130 94 396 257 -55 140 -585 314 10 10 -883 121 -16 -183 273 633 -229 91 1022 214 494 220 -427] 4638.87
[-60 124 176 566 -118 -457 -234 -123 278 -399 88 534 -295 -424 -132 -88 330 175 173 331 -614 181 -41 -461 637 271 -814 -300 -59 360 548 -532 61 -1002 -301 -75 -59 753 196 137 -346 344 -131 209 -216 206 -539 -28 -258 -85 384 -284 440 -278 -475 -634 77 644 -43 -221 732 758 -737 -118 -365 333 -201 -381 -71 -261 36 164 -48 400 -407 295 -266 -1058 -114 -77 337 260 -402 255 -33 285 972 585 242 -228 -319 142 272 638 148 288 -615 248 246 -269 -127 187 -346 -30 -216 272 149 1 22 79 451 -168 150 263 -233 -160 501 2 -49 -60 481] 4076.96
[-98 995 -631 309 -668 -32 -79 -155 844 -538 86 142 -252 113 135 330 1247 -21 -619 442 113 -113 436 413 576 -254 48 1116 100 -55 243 -237 -421 -359 -34 299 -240 832 -504 -596 -649 -219 549 135 8 -57 179 -186 92 -524 56 550 1153 511 -354 -587 324 884 -118 264 541 585 -51 -11 -23 440 -285 34 -461 518 427 225 -81 -280 116 24 52 -546 -246 -217 -18 -119 322 -722 -511 84 235 -405 59 -93 -1053 -80 433 -90 547 -361 -502 -61 5 114 426 -675 404 -404 253 87 697 689 823 555 -465 -813 159 441 -435 -455 1011 611 94 -628 -375] 5042.47
[-151 -467 360 -290 -326 781 -255 -132 75 -281 -168 -695 861 550 -215 510 172 711 -26 333 216 -579 -121 159 -517 920 232 359 118 -586 -3 -127 -6 28 225 -198 170 -476 209 -166 -239 -106 104 651 116 -810 136 86 494 160 -32 463 15 328 389 327 533 -753 167 339 -144 -161 51 53 -288 -336 917 -492 -51 -41 326 -730 141 52 241 -217 -166 -87 386 -114 85 523 705 -11 16 -550 202 293 520 185 -96 -112 137 -257 386 205 301 -61 -508 -1060 238 135 567 48 -79 325 -652 -271 232 -111 -235 -129 129 -68 429 -894 -32 467 352 424 45] 4202.32
[-21 113 -721 213 -431 282 372 -119 181 -607 -213 484 37 202 175 314 -245 311 331 133 172 -105 409 598 287 -129 764 650 452 180 -182 40 -51 227 564 195 -98 159 -147 228 140 -322 316 66 766 -90 746 326 40 271 238 851 271 87 26 -31 128 -775 -174 82 100 270 203 94 -738 -68 -56 248 -128 66 -276 378 191 194 670 -286 229 563 211 -837 -262 -199 -227 285 326 -11 -211 -104 -637 371 -53 190 0 487 143 -334 162 -104 932 -351 -172 80 -572 -137 193 -282 -158 -224 200 172 104 -21 255 -64 470 311 186 546 248 -581 -70] 3812.9
[458 -480 187 98 85 -68 11 116 553 -530 565 271 776 639 -127 705 261 376 387 458 -300 -375 -152 -197 -47 58 -225 595 82 -337 -131 579 -115 173 -306 781 -190 256 -649 -114 -186 -101 294 474 -391 -630 296 -38 804 348 56 559 173 320 117 106 126 427 -258 136 64 -102 -73 347 -89 -120 752 -71 211 154 587 62 318 811 -437 291 250 734 280 -120 -1333 101 328 25 -400 473 -124 285 -170 281 -656 -753 -220 86 229 -703 560 81 104 342 544 -418 -146 -22 -61 525 1060 -14 -138 386 563 -348 554 132 -116 -66 422 511 40 -220 -910] 4486.58
[458 -626 444 529 -482 368 -170 -100 -402 166 905 -348 588 472 405 686 532 582 534 50 433 125 -281 361 -123 -76 -613 26 -825 -723 44 -100 330 -157 -440 -68 -358 413 243 289 110 713 -287 -251 -523 -495 -519 -1088 -314 61 62 211 -374 147 163 -155 1303 -168 514 515 -223 -789 650 -375 413 96 322 -330 340 -1295 413 -31 127 697 -321 771 -67 81 -136 938 -92 -281 11 -673 -621 152 346 -203 -147 687 15 -486 117 -42 -833 -60 -355 -92 -378 403 -236 -851 -482 -342 217 -123 250 301 -180 -472 172 -307 810 -1072 138 -476 179 -797 -353 122 -378] 5118.45
[464 1252 8 -49 118 150 114 -34 172 234 -75 428 -383 -122 -280 -732 -455 -710 -114 107 -385 -25 -123 112 660 -339 109 224 201 -480 -201 310 -656 -458 691 67 -194 -165 -473 -420 55 141 469 380 561 201 -10 230 -472 256 -536 -222 -61 -345 -537 -71 -391 -43 -720 -605 -120 812 142 585 -520 -486 -1074 137 -570 389 193 523 -18 136 764 -775 192 157 132 -259 -675 267 13 622 474 -36 523 -117 -485 111 264 399 -477 147 157 -409 -209 261 628 -609 39 -152 -298 341 -781 364 241 -133 233 303 -91 503 -441 421 120 882 123 738 -84 27 592] 4570.52
[-817 -504 -390 281 -403 -257 -85 -779 89 -651 -137 526 -530 -572 -86 16 299 4 104 769 -1186 351 612 496 -24 -173 681 354 123 637 280 416 101 -658 154 214 270 174 -707 -362 245 -545 198 189 210 -57 208 594 629 44 606 2 717 -191 144 -158 -386 -124 -107 -862 128 -46 -258 275 -512 -507 376 354 -1023 865 242 436 27 -407 -122 256 -428 285 580 -608 -372 -366 144 236 569 131 -541 116 371 -519 152 56 -456 419 380 428 205 -18 1142 -371 50 142 148 -558 38 400 -377 612 123 137 125 -95 335 236 132 -464 -915 1001 324 -338 -7] 4822.58
[-418 -185 218 -367 56 -263 -290 -19 -227 524 -182 -52 -1292 -82 199 19 -162 -180 -145 221 257 12 174 275 247 360 -389 -203 81 144 84 254 740 -375 -131 -75 127 -54 -438 98 648 -76 105 -746 -203 -208 -1101 -601 131 388 -480 -789 441 223 107 -138 293 -132 -257 -8 -156 -607 -50 112 169 494 -353 624 -120 -209 287 530 86 -537 173 192 81 397 289 341 -1157 -706 -190 -218 203 -603 -743 -56 -392 328 473 -227 -51 -370 -405 835 -643 -472 677 777 -1103 -193 -249 -1397 -425 90 -192 -141 430 -851 226 -327 165 -46 177 161 -172 465 -99 896 -255] 4764.91
[808 -331 -112 132 517 -183 79 241 247 644 226 -202 914 -1054 -169 987 -454 713 -76 -385 419 -136 -292 318 -839 -324 -479 181 -12 236 439 -608 490 741 -400 230 -451 -383 669 -74 -350 -96 -313 327 306 71 225 -315 667 498 97 53 -175 -326 182 115 339 -270 -44 125 234 -874 755 266 458 341 -377 334 848 -484 366 -390 -352 1251 220 199 599 977 34 632 -188 163 -548 -273 663 313 -78 -636 87 22 -396 -529 -234 -322 145 345 -162 7 61 483 46 -248 -226 -574 941 -848 -77 223 199 -14 -604 -619 654 -305 424 128 2 -915 186 447 -126] 4995.38
[792 566 698 -536 240 -107 283 -517 -177 -59 -268 -181 -431 -296 -403 307 -295 529 524 -245 52 -841 -540 -573 139 817 210 -363 587 678 1279 162 -861 442 217 723 -101 202 171 -246 -399 -516 921 296 -34 227 -123 -464 -347 609 -255 -271 32 -97 352 -664 872 -34 58 118 757 764 -793 15 -152 62 74 201 -172 243 109 -19 -281 194 1 -98 -205 -695 -602 881 -354 466 -334 631 816 -627 179 652 -482 210 -430 194 157 255 560 697 12 -53 -470 -764 -123 450 -786 -246 -295 230 496 -1 -253 -157 -911 -330 12 132 194 -208 876 393 62 -225 -474] 5036.46
[315 586 449 -357 473 -228 -59 -280 11 164 -127 -961 -879 810 -809 -427 465 -202 -562 118 726 -933 -434 -567 -39 -218 -419 325 -252 20 -719 -100 399 656 159 973 -209 198 35 -220 -1139 -492 392 -92 -435 428 694 950 110 -197 -143 -152 -360 -16 70 -13 -135 298 150 421 565 639 -477 146 630 -334 -252 -231 203 1114 -295 400 -33 656 -243 -213 72 -419 -199 -140 -117 592 38 493 -107 465 -19 -97 -832 -1387 26 423 -90 157 1068 -240 420 -158 290 312 1073 453 -1055 271 279 235 355 -168 -617 -653 6 283 452 202 -684 972 147 -500 -70 20 -112] 5319.02
[223 -434 503 370 671 1181 523 215 147 -389 -455 -257 218 482 35 226 259 -455 -542 504 329 -2 -296 -536 -687 1115 -1412 173 -30 -1043 1339 537 -101 -108 144 -24 -56 580 -153 -260 308 199 -137 -216 -464 -739 321 -1189 -892 -830 84 327 -104 -274 -28 333 537 649 -96 -120 161 -406 249 -658 240 439 -550 456 -217 -944 280 -185 481 -543 -294 336 -185 -481 -434 562 581 -274 -472 -1092 -790 -272 1347 -21 -23 303 -435 130 245 -402 469 447 69 -160 -103 -589 -459 -17 762 62 351 -202 791 -243 -453 292 -925 -461 158 -90 -390 -42 717 -151 158 -547 -595] 5597.5
[-533 1005 -289 169 449 73 -165 225 -276 -264 390 860 536 360 580 -28 237 219 -410 1396 -1044 61 53 417 -228 -591 82 511 -294 -234 151 594 12 -396 -701 -405 -204 -763 -417 -351 225 289 93 174 -68 -469 330 257 -73 -546 302 367 473 146 131 103 -106 130 -299 -5 -260 128 -366 -592 427 198 -592 -727 -733 -714 435 -190 -84 -282 41 -407 249 -58 -241 -782 -466 705 -185 -204 -166 148 414 1505 -40 -738 -392 75 -346 40 303 -448 604 -411 -42 -185 4 794 459 -122 -339 134 686 54 -253 599 463 -286 642 -480 -804 -592 -6 -3 122 -37 -333] 4922.27
[182 -292 17 17 -400 910 271 -56 281 -52 263 -190 464 4 -75 1093 731 -107 955 -135 473 460 46 -395 -199 45 254 243 -404 -813 444 148 -1077 -496 579 91 171 77 -791 123 446 539 -236 -40 99 353 21 -626 -955 -736 -250 -164 -407 283 -178 41 856 378 300 -257 15 -147 407 -303 192 -230 -397 -58 -288 -180 140 -521 223 272 -425 275 -505 -232 -115 14 424 -597 359 -261 -671 108 1520 -147 460 215 -553 140 240 221 -454 -320 -502 -243 -552 61 -77 -581 62 465 382 73 347 128 -118 173 -42 -453 1139 -331 113 -315 672 -725 22 -891 -255] 4863.97
[679 -299 103 -744 332 589 662 155 -40 1335 8 22 95 -3 142 -380 -391 -324 166 -903 239 650 -472 -427 -723 249 709 148 950 -401 516 688 -247 354 958 17 -427 -941 -217 96 850 -800 21 -189 542 104 123 380 405 20 -872 -238 -305 -179 477 647 -780 -398 -1173 -768 -615 -844 453 197 59 -161 -424 557 345 -536 -353 428 424 43 -106 -277 780 531 142 -276 -68 47 -604 -310 94 363 -571 -489 -567 496 320 223 -838 -411 124 -509 -319 -629 216 930 -787 -72 89 361 571 -724 -679 -791 116 488 -449 650 -197 -212 137 659 320 -49 -546 -632 -194] 5539.91
[-690 44 -70 -19 -622 -340 -329 57 43 418 96 -416 -958 835 252 619 116 -175 -333 192 -6 -368 810 689 447 421 135 260 -656 -129 -405 693 171 -653 222 -378 -712 218 -632 464 103 189 374 -806 408 -757 125 384 158 103 -40 -172 395 -110 -287 -986 350 -5 -665 419 289 221 -359 177 236 786 -172 86 295 -144 -366 525 500 -577 -59 99 -434 -69 451 -163 -1115 -317 -291 509 -1178 -533 295 -19 -753 109 -338 296 511 741 -256 38 -629 -513 849 -58 -325 -168 -347 -679 -56 391 -262 -571 582 -492 879 -188 567 -94 -78 334 641 444 -275 419 -545] 5039.98
[2 398 -742 -96 -408 1250 258 214 -821 -766 -492 -539 306 876 -712 -587 250 -736 -1197 342 -162 -63 -444 623 -231 -473 298 753 172 -287 -127 133 -213 185 372 -399 288 -939 -422 71 -84 255 -577 843 338 180 659 286 -258 289 629 1486 -522 99 -457 750 0 205 -220 -624 368 -677 920 265 -262 -425 -317 10 -205 122 254 -689 464 1063 1031 215 -165 50 191 -130 22 585 107 -162 487 165 -405 -298 -297 222 251 412 308 -822 123 629 75 441 -308 -582 1016 -264 513 345 1123 -1117 532 -287 -21 -467 -102 -524 315 -714 -62 -429 -354 -510 -47 -164 -519] 5650.11
[-632 47 -1365 298 -715 218 167 -349 1029 -997 223 734 146 -793 4 240 -357 43 188 7 -16 884 630 180 -297 -1017 48 -404 -368 306 240 -640 -237 276 -79 190 33 -881 187 -38 739 54 -28 -304 573 107 -227 32 1110 532 349 411 36 610 -91 -503 -824 387 -510 -165 121 -320 170 -705 -443 -221 -492 -153 3 -18 -197 162 -197 -338 543 239 -317 -85 997 -1003 -214 -606 -231 -110 851 -330 176 -82 71 -141 -264 -508 -231 112 -388 -96 -107 662 868 420 -76 344 47 -510 485 -679 15 158 158 292 612 -544 -720 788 -298 566 -303 -857 283 -460 287] 5208.35
[848 378 -83 65 -519 -628 -568 749 -799 521 -292 93 141 -310 -335 -341 -346 -472 -1025 -223 554 294 -115 -429 -194 -523 -84 39 2 637 -260 -273 -76 791 -101 -8 -109 -601 -385 -910 -557 -515 -283 1141 -212 427 -5 461 168 246 -571 -235 -382 -456 -697 734 111 -194 -524 -59 677 -72 441 377 296 93 -530 54 464 272 490 -372 291 -148 243 234 499 79 -288 348 -203 534 459 -67 1535 29 -1164 -1046 -1 464 625 -105 -286 15 339 -76 -20 138 -785 -414 906 -405 -385 -480 196 -785 194 -199 688 -2 -172 417 -539 -297 -128 407 -42 81 -248 428 -512] 5156.04
[-850 408 1357 103 -103 -144 -1106 -706 474 -1 -487 196 -427 359 -110 -355 291 -611 102 742 -445 205 765 416 334 -294 -922 -499 -455 -689 -11 70 -275 104 -336 -330 473 -259 -477 360 -53 573 -601 -161 -47 -51 476 -389 -122 488 566 -615 -583 544 -530 -742 29 16 -489 401 -7 -52 -293 1 356 -202 -114 -837 414 -1356 -122 -107 -175 -903 476 -477 -778 -472 -394 49 467 -136 173 -409 -1004 -559 1574 88 180 66 -933 -364 -238 -213 258 422 306 678 156 222 683 -297 -583 -165 -591 137 66 525 -307 606 362 -385 -31 -53 25 180 -81 -724 -13 6 -284] 5368.96
[-499 908 245 -92 2 739 258 380 313 -183 648 -129 843 37 -377 -220 -341 -141 238 874 -345 141 -371 75 -606 -165 2 -232 324 -353 -47 -161 -600 752 303 -335 -765 -369 117 -350 455 441 490 -44 673 392 190 511 235 -394 192 170 -366 -219 244 -642 177 534 -469 -365 383 655 14 -792 -551 265 -252 168 -277 -139 -599 24 -105 -451 -23 -73 226 -1282 -248 -178 -714 559 -651 932 422 113 399 862 -1360 -746 177 -256 101 183 343 56 -216 594 45 -643 -65 -448 -349 -193 910 418 -202 -343 638 125 -699 230 -447 -176 -531 312 417 32 208 -409 -924] 5060.6
[-89 333 218 697 -386 432 -539 548 -760 847 311 675 236 24 -397 -930 386 -601 -466 1010 -1066 1115 329 -833 217 213 -9 413 -1117 -185 -243 371 458 -1002 -302 139 332 20 83 -276 831 1173 -593 -189 -208 -4 -454 -135 -348 -847 -17 -482 661 -68 360 177 -862 -220 -240 120 -466 -500 -493 35 -751 -350 78 -378 407 -544 524 -649 250 -833 -124 84 20 198 111 -652 20 429 -66 430 -231 788 266 746 429 -282 290 600 -733 -28 -41 -2 -273 107 -350 403 -1060 -834 479 171 -621 787 -534 -839 212 -185 919 684 99 -1041 -238 189 -43 432 7 412 706] 5719.43
[-29 228 348 -10 -525 -212 -1319 -330 203 -76 -298 -1175 -318 212 1027 -376 431 -300 -394 333 659 -357 60 674 -356 390 179 -10 693 -458 173 653 -280 242 703 -206 411 -305 -694 246 -412 -410 781 -435 -85 -309 132 828 -613 -107 157 191 2 197 -449 360 805 -101 -292 -1092 455 886 760 -500 82 213 250 513 115 912 -258 280 -165 117 179 -69 -181 -86 -58 -300 202 152 197 108 22 -467 303 -624 -427 -185 -146 273 639 -861 433 538 -291 -312 -44 -344 969 171 -489 -821 529 -228 131 189 664 -482 -264 -27 -274 -270 16 -379 473 701 23 418 -733] 5057.53
[83 627 88 -578 1401 -422 903 -113 112 636 -565 1037 -335 -102 -71 669 254 -123 324 -268 121 -98 -455 191 -544 -386 -541 -353 -136 129 -176 506 -544 549 357 562 -549 519 366 -514 933 -398 -859 573 18 12 347 -222 -180 529 141 -446 67 130 -313 -536 98 287 -599 -1198 648 178 462 -39 324 -190 651 180 -294 534 383 851 -108 -476 -760 315 340 120 -261 530 664 -402 -311 -769 494 19 815 -85 -391 -140 27 -350 201 -231 767 -261 -17 -491 -668 626 89 185 565 348 -401 157 507 837 51 -268 -262 1157 357 -35 -289 148 588 35 353 -691 -139] 5238.96
[459 -295 2 186 442 -337 -879 608 776 23 -86 272 298 -780 203 1391 -318 378 -286 815 -241 239 318 148 -1071 -336 -731 171 -1434 -608 -730 -115 109 -186 -756 -337 -147 -213 -528 -463 -62 384 496 478 -382 -315 346 145 118 251 -497 -917 307 -473 111 48 -478 -79 -36 73 7 544 156 -704 329 643 -1382 159 -738 350 229 544 540 -237 115 184 290 258 958 -456 -393 187 162 -569 635 269 -1 -770 629 -44 315 -348 -306 430 55 -433 16 -211 -40 -587 571 190 -192 -208 480 89 534 350 114 219 553 -51 885 171 22 743 -317 -20 288 -68 139] 5223.3
[-251 -449 -33 -226 82 679 33 819 -170 -373 1329 -449 737 -9 -565 764 -327 -348 669 282 -274 145 522 168 273 -110 -145 -38 -976 -62 -202 180 293 -183 -52 845 -481 588 -756 -502 434 -521 580 -832 -336 -345 43 126 -261 -757 -249 -118 -484 -201 -166 300 -65 420 -340 -459 -711 -239 537 711 460 -49 628 -392 1127 640 1 16 203 -628 -528 364 144 1215 -90 -143 -568 101 389 1085 -117 591 -46 -142 -188 -604 721 -454 -805 656 -12 142 715 -603 875 414 -687 -608 164 105 635 30 -263 -942 -1267 -14 -859 133 344 523 529 417 -12 655 697 486 108] 5637.73
[707 504 -741 876 -126 -15 940 260 -378 -263 -195 685 208 -146 709 -157 -57 649 280 26 390 -674 -155 -233 -241 331 557 -99 309 -245 -328 -630 266 -240 350 264 -284 983 353 -93 -34 1177 -311 -201 395 -296 -361 -1066 -689 5 -471 99 -75 891 -390 -249 71 155 344 -85 -72 -92 382 -349 361 337 991 1068 30 -563 -366 -90 -73 2 -62 449 -182 577 694 107 -6 321 548 382 -676 170 427 791 69 248 4 -457 986 160 -261 -194 -249 386 314 -144 -177 -179 692 -109 -140 623 476 -93 61 -1145 645 500 -549 268 49 -693 213 203 -75 398 -28] 5010.9
[-13 -5 48 93 45 661 1080 753 -500 -944 148 53 672 506 -892 757 -349 -95 -296 48 477 -346 -329 1070 25 -284 -699 -146 -1154 -462 -614 307 301 58 -571 244 -369 313 -665 -315 820 -570 118 327 232 -263 -93 16 -65 189 251 223 -700 -727 -504 246 618 -745 98 -213 155 452 200 33 -216 -105 356 -227 754 446 32 431 125 242 240 548 91 159 350 952 -376 -359 320 585 -30 599 478 -416 -481 -672 924 -946 185 -189 -308 225 482 -755 183 -190 415 -336 333 591 -356 -178 -693 -93 -965 -558 -55 164 -441 23 689 218 -546 53 663 204 -44] 5191.61
[-178 -84 -456 -50 439 312 -397 229 -143 194 -88 672 -136 -343 321 -656 431 -311 83 898 -668 -497 261 -330 -332 -92 -1084 260 -284 -88 1288 160 140 -641 -188 -576 -106 224 -336 -90 347 -244 -248 -331 -399 -56 -368 24 465 518 339 169 118 -748 24 195 52 -476 -327 -209 1164 136 -135 9 545 -272 121 372 -686 144 907 347 -292 -609 -24 -446 680 25 -337 -457 43 588 -11 888 -97 19 515 15 -333 -209 868 -215 -18 -265 8 830 -503 -119 374 874 -778 315 773 214 106 382 368 268 -170 -554 160 -290 -329 616 -505 -113 189 170 317 57 -868] 4817.49
[98 65 765 75 -381 -367 -705 -480 -163 227 410 49 -701 365 967 282 396 216 -77 159 382 -318 805 313 236 620 -530 -183 -543 340 443 345 530 -991 294 -494 295 -2 62 217 332 -457 -325 -381 -930 -537 -402 -83 226 -211 478 -564 1075 169 344 -599 687 -990 -627 335 -326 -166 -76 495 439 527 -168 -901 -238 -565 422 315 -537 -1239 -626 -485 228 -62 341 -534 454 -212 802 -444 -277 -319 706 -606 142 675 -287 -95 -204 488 -139 -77 -395 -661 311 424 -321 121 -886 -746 -96 207 -1032 -79 279 204 0 569 -288 501 149 10 -125 1466 67 76 -554] 5393.42
[-26 330 200 -240 -491 305 -1313 -202 -89 -320 457 -495 -114 217 -305 -548 -741 -204 519 -523 -11 158 -298 -759 -585 -1088 734 -620 -735 132 -636 -462 9 -17 364 315 310 159 -273 328 -78 -295 -158 -171 -639 449 -232 -1007 13 412 -257 -107 -791 -423 -309 120 1082 664 206 -829 -535 183 -184 136 -622 -576 62 288 -498 396 -217 17 407 191 -589 313 -484 -352 -65 417 378 -319 -137 -484 957 -16 -830 -142 157 304 109 279 -62 123 -66 -615 30 790 -584 -368 988 -204 -1459 171 144 -249 688 -429 -1094 182 -717 -160 272 -363 -512 320 605 -538 266 -135 53] 5318.32
[-625 1069 229 712 -506 895 -140 480 -90 -121 370 -352 685 563 298 -872 54 565 -895 474 -971 183 353 738 293 115 -565 453 323 298 -436 47 349 -132 116 -390 -548 -90 -200 -473 -343 824 -420 621 -654 -837 -374 -699 426 -486 401 680 750 -257 -802 -685 352 126 275 -9 31 -13 345 221 -1194 42 107 -466 -464 -593 268 -38 -534 1017 448 10 132 -542 31 -321 42 517 156 132 317 517 35 -490 -290 152 -469 -557 879 -204 292 -536 -659 425 -722 -991 591 -1051 -79 -3 -265 -521 364 -307 1125 384 -469 -640 -356 14 -137 -21 836 607 194 514 656] 5620.56
[-165 -48 560 -77 -636 447 -232 -434 -368 143 -468 -172 -327 1099 -75 -784 -236 -742 283 -541 -497 -140 608 -734 283 898 -531 66 645 497 -606 724 -1190 194 240 114 481 -683 -1111 62 415 292 -376 -518 -1213 -361 -435 -174 79 281 518 -538 -520 427 -252 214 -6 23 -171 311 -329 -236 -420 -190 92 85 854 291 -490 -62 720 -114 490 -957 434 196 -108 -560 473 415 -508 -281 405 491 -73 183 -311 -8 184 357 21 778 -253 771 -782 -824 165 131 131 444 -1214 427 29 706 -1503 -90 823 -224 96 1104 -3 -345 -279 255 47 -92 942 -332 -296 89 -189] 5604.81
[234 -528 -183 -413 208 -356 -224 -355 76 6 -332 938 -460 -305 579 439 961 -132 331 561 -470 792 -130 367 647 -351 151 318 -619 -284 876 181 -727 -262 -617 -597 40 47 311 107 -25 -183 -283 691 139 1081 369 339 -512 -776 -110 -328 -560 -393 166 302 -636 15 -438 -773 -345 -374 380 145 1083 -649 -493 -429 -33 -221 -66 -347 -217 -772 -388 -711 -71 496 -965 -40 632 308 -20 -369 -921 -373 23 205 226 975 586 485 14 28 -321 491 178 -154 -383 -376 -448 256 833 705 476 158 -275 1025 164 -250 -306 108 147 184 152 350 -674 -175 -296 -1436 80] 5305.97
[611 461 -333 213 -143 -610 410 -293 721 380 -40 100 -473 -536 55 1336 -562 215 -161 191 330 175 -93 229 318 180 -353 -574 -379 134 150 -828 27 500 224 -77 -992 607 -28 -301 -177 249 88 726 963 155 -62 -339 -45 400 -882 -600 -300 286 -496 -818 261 -271 -882 592 265 406 344 -410 -355 336 -1242 314 436 -862 -1109 -383 -165 75 484 -307 130 -623 -23 -331 -340 287 208 24 227 -452 206 -232 -166 652 -4 -777 728 36 88 679 -448 735 -170 -226 236 20 -487 -225 749 274 -528 -263 991 -698 -104 -70 -794 1034 -176 144 95 -345 401 -38 -141] 5242.62
[164 -268 287 -37 411 -598 -64 -366 0 1218 -52 140 418 -152 58 275 817 40 -23 202 119 -404 37 -1255 -725 -107 -746 203 438 -303 540 -127 -10 830 -230 681 -313 -227 204 -115 -522 -443 267 218 -253 331 198 -515 895 -106 175 -284 155 593 1040 758 -583 134 -128 -295 1355 93 737 -418 1613 -339 1981 248 -152 937 278 443 46 -301 -859 -897 -314 791 -781 1039 -26 -161 -44 -261 998 -176 -511 -411 95 -18 -530 97 -300 236 186 371 -360 556 -244 975 206 -316 -519 -184 360 184 601 776 -234 -456 -405 171 155 -553 717 -463 -685 259 -128 -836 -1055] 6022.65
[-939 -832 633 -326 967 -51 -165 14 287 -683 101 529 1245 -688 575 621 179 364 414 330 -423 633 -548 462 396 27 -363 -227 360 427 -918 -57 690 -39 -167 96 500 9 -351 198 468 570 37 -663 345 1336 226 68 -239 -459 775 -602 66 -5 184 929 467 -644 45 -473 276 590 287 -83 -67 122 547 -190 117 -239 -362 59 -141 28 -146 487 569 -82 -499 361 219 -232 -784 167 542 903 174 -115 -24 141 607 -778 -420 311 706 355 460 -454 225 668 -442 184 237 328 892 193 -272 363 165 467 -45 -309 700 -608 479 -359 297 98 427 -675 -528] 5224.63
[-470 600 -178 -10 -100 296 -89 14 173 -314 -202 124 -552 326 400 188 796 343 -1268 857 210 554 534 538 -406 136 -395 -181 33 -575 -590 -783 49 231 -450 -86 -542 -140 -538 -6 -372 275 546 207 -311 -221 -454 -289 130 -1128 -323 -558 44 391 -478 -301 -295 265 -327 -106 253 104 133 -536 1332 453 135 -568 81 -247 -457 -552 106 -189 321 -22 -4 -516 285 -203 73 14 375 126 -1218 494 291 369 -423 -422 54 178 176 963 294 -598 305 -149 428 429 -114 -597 1490 328 -41 -217 344 176 137 -781 -283 -405 -793 660 -498 477 301 -520 239 351 64] 5056.41
[513 299 174 478 -53 242 -138 -454 632 -98 -165 742 -909 1069 70 -1063 -181 -658 -344 118 -405 527 -223 349 815 131 -426 966 306 569 -198 83 913 -696 116 49 114 -315 34 197 7 -650 157 513 -803 -644 76 -685 345 44 247 -210 -455 128 -710 149 258 421 -1215 -851 -925 26 -617 394 -241 -418 661 -143 -155 -213 687 461 -274 511 -148 -399 -212 2 841 368 -518 485 -20 -17 -122 279 -104 605 -196 -38 -234 -154 -738 346 705 -755 364 -1 816 303 -85 53 -324 347 -1378 427 16 -302 1124 548 46 329 -620 -614 -423 452 200 559 -390 143 329] 5424.51
[-342 127 -486 -177 874 631 -274 359 381 -1029 1006 89 288 450 139 123 419 327 78 714 -966 -469 814 314 411 -247 -93 663 389 -449 -503 -336 177 -14 27 72 -3 668 -31 310 -80 55 629 319 -681 429 227 -198 -433 -183 1031 673 -116 610 294 -114 831 486 371 184 213 791 555 -31 128 268 1018 -1005 -49 836 -433 281 -120 848 132 17 91 136 -743 -316 -414 709 351 988 -715 139 -303 561 -218 -6 -596 -145 -505 469 651 -323 365 -106 199 271 690 280 -237 418 412 -117 1122 182 233 84 -92 581 495 -731 -306 360 408 1080 210 -196 125] 5345.59
[-69 -496 -349 357 169 -803 418 838 -1000 774 511 -241 121 53 -234 209 125 -270 162 -544 -438 681 821 214 371 -192 538 99 21 720 -450 159 1009 -303 455 31 -664 1290 -332 -113 -349 -308 -315 -92 -206 248 38 -790 -126 286 12 -432 -584 -663 -25 318 175 288 357 904 -516 -1384 -143 943 369 497 -49 110 -68 -15 -615 -182 -396 1045 -495 679 -96 -281 -35 46 -275 107 -164 -76 -534 380 -1013 -236 590 29 491 -356 -264 117 -95 -307 420 55 -407 518 393 -1055 245 381 271 -359 -483 -244 -171 69 343 -210 953 -703 -213 13 -530 -410 -328 640 365] 5265.59
[-402 -602 391 -25 364 -230 531 470 -506 238 184 -734 -362 55 518 1316 -105 640 782 -476 530 -207 -170 -201 -139 191 70 -346 159 -276 648 393 -321 75 -75 863 -678 86 -13 232 723 -90 -170 -519 508 -633 190 -414 -420 -217 -1443 -250 76 228 -238 -320 319 -884 -406 110 -413 -115 405 1034 461 -169 -639 -359 104 -278 -293 -327 -9 -87 -101 272 -546 -17 -313 345 234 -674 -42 -408 -789 -307 715 162 -254 172 -360 -490 -637 -392 -210 -303 572 -416 344 -245 -446 -577 560 -669 -686 296 -602 -425 -725 -705 -375 248 467 70 338 -76 430 -87 226 -416 469] 5006.52
[489 330 847 88 -864 53 -307 -100 -247 -47 -285 -134 325 -312 -1287 420 -76 65 -240 111 -595 -1162 -56 -215 1258 -343 566 1238 -675 828 -31 481 -467 -275 -712 1065 433 -206 162 156 -374 -725 -378 -22 425 578 -454 20 -143 550 91 -423 -523 451 425 255 -287 67 -486 674 15 -231 -662 1177 75 442 141 -546 206 37 79 -546 355 -541 116 -337 -13 815 -51 1513 -806 1197 1146 824 -441 -41 7 930 787 455 -749 -310 862 17 -666 823 -56 -105 -94 -316 255 -295 8 217 -180 831 -221 -167 -231 348 376 -689 411 1026 30 56 -103 522 -445 578 -409] 5957.42
[-212 378 -698 -751 -689 -513 680 378 -1020 434 302 -660 453 882 154 190 524 -217 -120 -543 784 -5 332 395 234 961 -210 165 -689 -589 25 560 -784 271 145 289 -896 106 129 194 390 261 967 -748 557 -681 -547 550 9 165 -632 -476 -669 304 156 -34 -866 769 -405 -937 178 645 425 -596 -194 412 611 -171 -213 300 -289 -323 495 -389 -75 -686 638 34 -744 437 401 482 -82 116 -342 -264 573 511 -409 -315 -424 401 -47 659 -448 -242 594 -458 -124 241 -598 290 223 364 152 -100 -863 -333 -1059 43 -91 786 -886 516 86 -400 883 -280 -858 -502 -79] 5552.94
[-647 -7 368 -532 -145 623 -60 151 276 -726 345 -234 -163 -647 105 -828 -154 -37 -48 -199 123 30 89 173 588 -10 -46 437 -447 -866 179 -274 -499 -594 323 -380 96 -498 17 -781 -864 156 273 414 624 -1140 -710 22 -392 605 -783 532 -365 741 -1259 -237 -8 707 124 -467 -511 -192 433 108 -190 -63 37 215 -434 -273 743 560 375 -93 658 -116 -257 1116 192 -260 -448 411 364 51 418 -423 -33 -744 -238 624 804 -977 311 -43 -790 -317 -518 285 89 -479 863 -211 396 -403 570 -88 704 99 290 -444 -192 139 -137 545 -123 -237 -114 564 -153 543 2] 5121.01
[181 353 535 -95 -626 284 -42 12 224 -529 166 -175 -919 165 -603 -7 361 285 247 -97 238 1316 560 110 -349 96 -763 -399 -288 -734 363 -666 -53 796 -403 173 292 460 497 -543 -90 -1218 225 907 -798 -1246 -775 -110 183 319 -86 265 357 -166 212 -767 336 232 631 214 -420 63 -625 -886 -617 -75 -114 -1202 62 122 -275 128 496 284 108 781 -200 -814 366 95 -18 -404 68 -736 98 -37 -434 281 -82 -620 181 -257 -949 8 1028 -18 62 549 -39 -151 476 -186 -453 -918 33 -760 566 420 -186 328 -294 569 -230 -999 -720 -100 -893 -530 -544 -372 416] 5525.81
[-177 -371 -312 -457 -651 429 -680 442 152 -81 618 -124 -124 -130 6 -99 -203 541 957 -740 -120 589 -264 114 -862 -365 961 -706 -867 85 545 -153 121 54 -65 52 39 -59 693 740 597 -731 354 326 648 422 67 -118 364 892 -311 210 303 -422 283 781 -324 351 -947 -94 -344 -116 -301 -673 8 -281 615 -228 -97 -25 -338 290 222 -613 -776 273 -233 -60 475 318 1065 248 -433 -439 -193 -541 -497 52 291 638 -276 -267 -75 377 -138 -118 -588 63 -667 -49 -264 -483 -486 -480 596 -191 -743 -349 438 182 276 49 -266 -986 208 28 -430 -567 -271 -96 106] 4925.99
[213 -131 1088 -561 107 165 585 -326 15 -166 101 62 947 200 338 774 -396 -431 659 -424 338 -426 -239 -331 -378 1022 -285 -382 -736 -189 -438 177 -3 74 -165 85 103 283 273 -495 415 -284 -574 742 -720 240 -356 -37 -126 228 445 144 -13 205 996 392 107 359 368 417 -58 -192 710 193 -375 249 785 115 251 493 115 -671 -241 58 -606 -19 805 642 562 949 -433 -159 -38 -513 184 512 -690 -333 -402 539 839 761 800 542 -724 -953 375 458 44 -507 -131 -447 224 935 -73 532 195 9 -940 -926 -1153 -312 29 -294 695 -340 -329 158 176 -329 -655] 5344.95
[514 -115 302 442 -495 -114 221 22 -313 -265 414 -216 15 -9 -212 -99 414 590 -1061 -253 -146 287 -235 246 -370 74 -639 -676 228 -628 -936 -205 418 -466 9 -149 105 -490 -19 657 -464 342 311 -366 259 -422 -475 584 -107 -1055 116 -220 518 70 -268 -40 -699 319 -903 -967 -364 -22 -10 -605 572 867 336 -509 44 257 -401 736 -173 415 -108 103 -533 191 1031 108 -332 397 29 -98 203 292 635 133 24 -902 90 682 594 -375 -126 -2 -765 -9 567 -144 425 181 -214 -47 655 78 -714 -233 -229 -457 103 473 80 219 624 -317 -1116 -233 -148 407 641] 4903.87
[962 338 108 98 -118 894 1644 -368 -103 -514 343 -607 591 -137 -587 186 -121 -533 47 -1217 436 898 8 203 -170 -253 -180 164 -270 334 -305 165 26 99 798 389 528 -1038 87 247 -47 486 411 -2 105 -161 -225 -115 -443 -1081 472 239 80 969 400 -380 -709 826 123 -259 -741 -356 -53 -194 466 -101 -196 100 462 -156 131 -224 -485 620 -191 -489 -253 411 1339 358 -329 9 135 -169 234 503 1134 -562 298 -688 -689 500 463 248 -732 -748 -81 -700 -11 61 194 299 -223 655 422 -376 -267 -413 -300 626 42 -630 117 8 349 -90 -474 -154 -420 -20 166] 5348.26
[377 -22 -246 -650 199 -212 1230 64 -723 280 -70 -762 90 -87 -985 230 -177 -880 -762 -914 852 498 395 -146 -779 760 -1068 245 -799 -696 -487 345 -700 918 377 -383 -508 -32 378 -1120 -45 -396 -340 272 250 268 -407 -409 -282 -83 -466 -37 -163 -100 -59 252 58 345 -273 536 -130 -416 387 -643 -727 631 -151 338 -124 -7 -225 208 1002 344 486 155 30 228 112 1175 -474 -687 383 -169 -411 -283 -595 -1045 -134 102 -24 711 704 -247 -694 -1445 -433 -545 -54 -236 421 -235 865 746 -459 -328 3 -150 328 -338 -709 -398 -234 294 -308 671 -467 -1080 -502 176 -396] 5785.6
[-635 880 -227 -40 -493 216 -9 -364 52 17 364 -591 -7 298 -150 -482 178 235 847 -399 137 1224 83 1074 1060 -567 -157 414 -13 465 -1161 -472 -240 321 -79 -168 -428 -756 644 -1178 -383 -137 -533 7 290 -587 67 504 630 -543 406 565 -80 572 218 -396 -208 374 4 521 -636 -793 -484 496 -13 -387 516 -749 511 -584 68 15 -624 -564 -153 -198 533 -58 117 -1472 -160 311 308 621 183 282 -599 -311 653 -600 -18 -46 87 -328 495 -223 866 -116 -78 202 -134 18 47 -135 -701 -632 -454 -480 880 1578 293 14 -475 -176 -115 -546 -183 -1235 -168 604 1090] 5792.11
[418 -827 138 -158 -498 -271 -241 -647 67 -335 180 -140 -788 438 -432 -190 -804 -345 763 148 529 -138 343 140 512 540 -729 -408 180 -282 910 -161 -444 314 -134 -496 -56 568 -455 1089 -630 -581 436 302 -9 -837 -436 -805 -59 1064 75 762 -119 -363 -127 -238 489 344 -303 -78 -77 -615 255 390 -19 -523 48 316 -140 -679 205 -487 542 -256 148 -304 151 160 -525 544 -357 -320 688 -212 -720 -156 -554 -325 294 987 -116 -286 -395 129 -470 350 473 287 366 429 63 -445 -589 -606 -449 -540 213 96 -255 79 -382 -276 -1007 74 704 -441 -302 -116 -105 174 -888] 5038.72
[-1170 131 -184 150 122 -54 -2063 485 602 -56 84 389 382 -841 704 202 -493 311 1204 280 -519 -383 261 31 61 -106 -221 154 529 22 52 -313 -319 -157 233 107 -624 -20 -766 670 142 278 111 149 350 -34 540 477 90 -211 472 -136 -1471 -669 99 -194 628 -681 83 65 791 1050 551 492 158 -215 -278 -734 -88 149 -161 -19 -305 81 579 46 -828 108 -204 -629 -570 405 70 805 -199 -538 -28 391 -321 112 180 46 -345 223 534 469 -11 143 97 -502 18 680 -569 -498 216 -132 -350 -188 -336 198 502 307 178 -477 -96 419 455 -76 179 308 258] 5179.29
[-363 522 124 552 593 78 -389 802 -52 -453 431 430 875 461 377 -397 -346 -776 309 301 428 -705 -369 241 49 -119 -918 867 512 -656 -852 -111 -373 -705 -490 -306 -172 434 66 932 -222 806 -310 -121 -117 379 -62 -342 -695 -558 133 375 -251 -95 -403 179 758 -225 112 891 141 953 522 319 69 789 172 398 -519 -423 920 -265 67 568 603 -647 55 132 -435 948 -362 -47 -279 -84 -517 412 83 666 -315 244 136 197 528 -469 -1226 -1148 -585 98 249 374 -597 -1002 622 618 -689 453 568 34 -124 -60 -1053 -46 118 -317 -59 325 285 -422 145 581 -271] 5516.3
[-554 -673 196 27 441 132 -144 426 -275 -378 1068 428 -341 -236 80 -129 31 33 1561 889 5 45 -173 -833 552 523 -374 -630 304 165 1301 4 -269 -1217 -238 14 -490 34 -398 306 342 -233 156 -405 -315 -369 -1198 -939 -988 -39 177 -125 -411 -36 280 695 429 297 395 -252 129 -310 -441 -342 165 -397 86 -552 -365 -785 28 695 -451 603 -802 -95 482 -619 -242 -485 -191 -158 -88 814 -531 314 35 544 -734 178 1228 -548 -194 -44 -136 50 -294 -477 25 598 -599 375 -389 -91 -359 309 -268 -824 -889 -495 691 -614 153 291 11 525 251 1 523 30 -518] 5514.86
[-86 -154 429 119 -300 -30 283 -257 28 -459 411 1315 400 -348 216 -687 117 248 -376 780 209 1043 329 365 -366 -303 545 -135 -85 258 -22 -296 298 -80 -68 -860 204 -532 -546 592 322 599 63 367 211 -572 -744 256 175 592 -412 -584 -298 151 -651 -371 523 148 -964 -216 189 -622 291 -316 -58 -245 -161 -265 -61 -1943 -87 -1216 33 -554 58 65 695 378 -422 118 -180 447 -393 -567 201 294 574 855 -49 102 340 -817 -349 817 453 -221 35 75 -17 643 157 297 190 -108 533 -244 51 571 177 -8 208 -388 -168 -38 -681 -483 334 -1047 53 -41 -892] 5256.51
[-546 491 -409 -367 260 434 -189 56 203 -585 600 61 55 -180 -425 -215 136 -142 1228 330 -1080 535 1140 -42 -80 109 -95 -721 476 -682 104 154 -128 64 808 298 -5 946 -506 -117 73 142 789 -39 -204 -168 -179 471 -321 72 -446 -353 -231 53 279 60 319 -85 303 132 -80 631 -509 342 198 -290 -307 -480 -594 269 134 214 686 -840 216 -13 -321 118 230 -1085 -297 -32 1404 975 -900 -175 1143 -10 108 -22 522 -127 -802 141 1137 198 -288 -458 188 17 -591 215 291 -243 -25 8 200 213 -101 878 884 874 -266 667 -228 199 194 644 -380 371 273] 5287.14
[760 207 -48 -438 250 509 283 977 -315 72 118 230 347 246 513 -182 -41 714 484 -125 373 -297 -973 142 -256 507 292 382 674 111 -233 62 -431 1021 72 711 -755 -121 478 -390 692 -219 500 -512 32 357 212 260 619 672 -247 -28 -614 237 109 -95 -202 -215 299 -130 -3 -36 -39 268 -28 59 348 -454 -325 983 -374 487 -552 1067 22 89 -92 120 -422 163 -138 -133 303 1152 -9 235 -414 171 -1178 -320 408 -657 -568 -58 555 -349 710 285 490 639 -154 -956 -6 433 351 291 -199 -387 76 -575 306 1355 -210 -584 192 356 -8 108 -703 -180 279] 5065.41
[-71 522 -327 -286 544 -104 560 276 -142 140 436 -228 213 -189 -15 531 -599 259 1156 -509 1372 -428 -370 -803 394 -312 1186 -121 -175 423 -95 -474 -64 652 1181 838 -786 1010 438 -506 191 -569 -203 -586 1101 -108 517 284 -627 -597 -508 243 32 -141 363 136 1069 179 -87 -39 -420 32 187 461 -488 -475 117 263 279 341 -960 -390 -181 -70 -1386 -128 239 826 -473 -463 -171 -455 -431 314 96 -425 460 350 -66 -288 199 215 780 179 388 -306 205 -592 -355 -270 -256 539 -1078 -118 389 147 -1108 -889 -180 44 -259 500 244 -230 256 156 -9 7 475 -497 375] 5578.5
[861 560 -648 -294 -653 597 -499 -99 -151 87 -339 494 -447 291 -169 -442 419 501 -786 264 48 137 -145 476 179 -407 -430 -593 -269 -660 -171 -410 317 -609 79 -390 498 50 421 84 -154 403 -88 197 342 112 -189 -578 -60 -692 296 699 1207 -352 415 -230 -478 55 140 -770 -575 269 -524 -398 -165 73 -444 51 179 118 626 -193 670 -1255 326 171 273 82 54 -571 768 -178 -301 -780 351 -78 -15 -559 890 509 378 992 -221 67 -356 76 -370 -506 -354 103 -862 -41 114 -46 -793 -319 -192 590 -185 698 4 184 -669 -530 211 -76 719 1391 413 -613 942] 5262.25
[-419 -123 -296 -911 -81 325 -257 168 -395 -936 224 -654 440 1060 53 226 769 -406 64 710 -233 -435 -14 -292 137 239 571 223 -1265 -657 -136 -26 574 -715 -680 -331 101 756 13 -227 648 174 -114 -147 -602 497 225 -521 -217 679 -328 64 -66 -630 -793 444 947 209 223 -545 -722 -218 -328 664 -356 -535 -355 -368 -503 101 -128 -217 538 320 -665 336 364 285 -973 -16 430 -379 539 -373 29 117 91 -347 -469 466 -94 97 -50 581 163 -418 469 3 32 129 216 170 375 691 450 392 563 -504 -1261 -17 157 -376 1032 225 -272 -114 518 182 186 -721 -663] 5208.23
[-24 103 -291 -362 423 624 -309 953 450 142 318 -570 962 1094 -42 324 206 127 578 13 -125 -31 -417 -28 131 316 -165 -441 -185 -954 -489 -554 174 -16 -568 -591 -416 575 390 713 93 677 -260 -351 -264 -869 68 -692 296 -176 -558 511 -400 80 397 -404 -526 1048 345 158 -651 -50 132 276 -18 66 -220 -948 257 -137 -550 -229 322 22 -398 54 -14 -486 396 -732 389 627 364 -518 -930 -345 -126 31 185 249 537 -498 -124 -955 334 -51 298 268 -735 -115 -140 -35 536 106 621 135 -494 -593 103 186 109 586 -738 263 147 -57 499 -190 -615 -203 659] 4955.49
[267 -308 -336 923 -694 -804 -720 -601 1233 9 -443 643 -256 -507 75 580 -726 43 -525 550 746 213 1234 -67 88 554 548 1072 123 -393 155 -137 -261 413 -500 -949 -423 321 221 -8 -343 -402 -234 -73 -322 -363 695 -125 327 160 -138 461 40 -497 133 -434 65 475 227 -20 -93 -129 330 -754 -1086 752 -814 1468 641 -260 -835 -298 354 662 68 -83 446 154 -771 78 -821 -712 -898 356 -484 471 135 142 408 23 -592 442 674 198 -33 363 -12 4 658 -343 -62 -70 -360 -170 -181 -448 971 502 388 196 -708 -417 563 -111 217 78 704 -651 -12 -891 493] 5680.25
[471 1 313 357 -561 822 -57 -533 -170 -555 252 -146 250 1203 -993 53 389 -411 -1059 -506 -165 361 -706 480 739 560 -30 147 -876 81 -821 143 -222 -711 -114 -134 393 389 216 502 -89 75 -334 -296 -296 245 -729 -576 -262 -198 543 178 -280 850 186 2 -317 801 78 -120 -702 -777 313 -614 -282 268 721 -472 -243 -647 -104 212 616 -92 54 -16 -264 -872 -194 721 941 20 221 -1160 -20 399 -603 -200 573 1276 -203 375 -268 -395 -787 43 435 84 -979 411 -241 389 -114 1189 307 -492 169 -287 369 632 -47 56 -190 80 791 -365 190 -358 116 76 787] 5494.27
[406 623 53 236 270 291 -459 366 42 160 615 -635 449 757 183 -128 176 -189 147 839 686 -318 -196 491 -392 -318 -588 295 -511 -357 -420 79 573 -198 -460 -486 -972 0 145 -192 -72 -27 543 -439 -216 -443 482 51 -206 -838 -630 -112 -556 188 -122 255 371 70 205 490 -315 -243 457 -17 1157 -74 25 140 160 -264 221 152 -355 -377 -380 -1086 500 1049 311 -630 16 -59 438 -629 -359 -145 3 -183 -598 -299 1170 118 715 -509 -83 -481 71 -789 217 65 -585 -446 49 -170 -359 334 -630 550 -270 -762 -274 348 -342 311 133 1071 255 710 590 532 431] 5019.46
[-47 629 -403 665 -156 247 282 413 -464 82 549 339 -36 -276 -8 -699 -127 -546 -684 -269 -537 130 700 -254 568 -263 738 -213 -326 -154 703 224 673 -857 571 -476 887 -395 -22 321 260 -28 -309 -906 263 330 -699 -213 -475 59 -881 314 -11 -521 312 932 -46 -440 -33 -55 -311 -402 418 725 298 291 -967 92 -230 -523 136 41 -76 16 -32 -886 422 754 7 -167 64 374 -488 -66 -135 896 417 -182 106 186 100 -131 -140 -576 -559 829 -435 -511 206 426 -471 293 299 130 363 -831 441 -1048 321 -227 891 -1227 197 440 -187 281 -314 572 -37 111 791] 5180.1
[-293 -622 -634 74 -224 -619 -387 -110 -126 -698 -273 -46 -395 -679 -95 -421 -511 1266 727 -1166 -283 -283 335 -101 396 -227 -276 -530 309 1059 155 -740 -130 -249 79 842 392 439 446 280 -221 686 -229 -334 175 -327 -570 376 219 651 -45 323 73 -267 -22 -462 -24 -186 274 -52 130 234 -343 -71 -532 -137 -238 471 -36 -384 505 -543 -75 -334 314 546 -385 -196 -173 -152 62 71 -376 728 630 94 68 332 -276 228 141 106 -18 598 32 -237 418 54 -58 127 -571 639 -367 111 -58 -362 -25 -808 -482 519 1202 -39 -1079 296 -79 163 861 230 168 432 649] 4844.08
[-409 415 382 9 -257 1030 707 217 -583 176 345 -980 -417 635 -818 -150 -254 212 -77 -566 -482 -353 639 -229 -831 630 413 -124 248 207 -226 390 -39 -112 515 345 -230 543 434 -295 261 377 -481 -789 -245 -627 320 501 -438 -326 602 381 -284 608 221 -503 1095 351 295 702 -811 -934 -119 84 -145 28 400 467 -318 -135 16 -146 196 -706 -49 464 -161 760 410 -207 -704 -200 601 211 -649 220 -21 -161 -928 -397 -160 503 -320 -213 494 -204 252 467 125 -204 -335 171 -500 -309 -291 148 -236 -517 103 228 58 760 368 -198 359 -139 323 366 100 526 457] 4883.61
[-831 498 34 -435 179 -402 -12 688 -229 -551 228 -423 334 325 -383 22 1425 465 100 598 -338 651 608 -181 -725 -669 -284 -3 164 -340 -377 -281 -217 1202 -189 231 289 430 -842 -862 -529 0 505 -358 -173 -685 145 939 882 -45 113 66 892 233 -313 -44 7 39 -31 750 500 -255 -907 -142 -289 117 -30 80 446 -288 -121 -73 40 -419 687 -11 232 -737 -538 -1710 -598 -124 142 -160 -355 -761 471 -17 -602 -524 -520 -311 61 -2 1174 -953 253 -30 -101 285 511 -66 -31 -243 -42 -167 -218 -59 -477 907 568 -451 -608 543 -362 531 550 -522 172 256 -827] 5534.67
[-77 51 -162 -621 719 -1352 221 296 314 540 -46 57 556 -391 -773 -269 -73 295 -244 333 -819 278 -275 140 428 -1059 317 -34 -1166 1554 -514 -559 209 -35 -853 -426 694 -427 749 -421 -589 -408 794 28 -201 352 -45 267 507 1262 -641 -826 439 -77 -464 -130 -569 -76 -31 342 686 219 -998 182 210 48 -156 -381 -20 890 277 -196 -101 221 -189 30 286 -142 -427 147 -91 449 222 994 1624 295 -585 637 -50 -424 294 -258 -22 988 203 -50 325 -524 -615 289 -225 11 224 244 -4 392 256 245 -696 -168 509 56 377 -495 -401 18 -15 -2 192 319 12] 5544.73
[-394 -620 -444 -402 -270 183 13 29 293 -241 -337 -813 -472 804 23 -401 431 696 -857 -620 1128 -303 -836 -518 330 -95 195 638 111 104 -1066 -205 40 81 -382 526 700 -221 -619 236 541 -90 -406 -706 -228 -5 -285 -214 1042 -412 372 -410 686 75 -77 213 -139 -315 -16 -230 109 -761 -226 653 -957 -425 419 -649 -314 380 -67 -293 -509 855 -498 -245 120 349 172 468 -105 -1137 242 -414 -2 -228 -420 -506 -90 17 -496 84 326 -543 24 154 623 321 66 344 440 -247 123 -474 130 447 -710 -160 -297 -102 -130 -624 -99 886 168 457 -561 -743 244 -240 -225] 5055.84
[-156 91 -713 1332 -976 310 -28 -451 196 -153 434 364 -278 -53 842 573 99 888 341 1121 -691 -163 642 673 91 -522 444 239 23 -82 301 294 -629 -410 385 157 -260 -5 -625 565 154 -275 -470 -290 339 -797 235 -347 -147 -165 -187 625 303 535 340 303 210 -473 -824 -29 303 -401 407 -584 -42 90 -915 360 -917 -736 -205 -75 61 94 15 -237 495 304 -274 -896 -370 600 751 885 -604 268 901 611 294 13 -370 -512 96 68 -268 630 155 -150 443 -145 -527 398 -612 -617 -110 -183 243 -124 620 316 910 -550 156 -200 -300 -745 -575 -80 546 -400 827] 5333.17
[97 -899 -62 -1 335 -162 564 -306 221 -102 -373 -293 106 -165 -395 9 -73 408 -934 -729 -10 -135 -612 26 168 855 -564 -241 325 286 -300 -658 752 -311 474 232 -740 488 830 -56 -631 -100 -744 608 117 717 223 8 -72 -1171 240 187 -317 107 846 801 -378 454 -51 678 357 -439 375 315 775 450 248 -436 650 -132 -815 -52 -60 -593 -209 262 -26 -353 -303 722 802 494 -403 -245 -242 -276 -959 158 691 789 459 1090 702 522 -51 524 336 -76 -38 -453 -477 544 649 778 520 -322 -365 93 -12 -490 -851 -34 -217 209 158 -217 451 -524 -79 -251 1013] 5337.91
[-318 -237 888 312 -223 202 508 -463 -15 609 -172 -464 162 -17 -790 179 -217 -484 266 -663 367 1041 -418 -15 -75 1048 -1047 69 -68 -51 -515 499 448 -504 1090 647 585 11 485 -324 162 239 -1101 401 802 21 -164 389 -400 -153 487 -475 290 81 -291 -259 836 164 148 181 110 -277 -457 163 -1020 70 455 -58 1048 -275 113 60 251 804 -283 240 -765 -115 811 366 565 -702 -491 -496 -468 -121 964 -214 1156 -565 -168 443 676 -952 436 331 -754 167 -115 -257 225 -650 103 -482 -369 -114 -1242 -465 555 111 -253 309 908 -902 256 -12 -240 -679 -231 461 601] 5674.04
[287 -13 -252 6 -194 -787 541 -564 -771 426 212 389 78 82 -128 256 -65 -369 512 -402 -7 684 -108 993 254 325 634 -371 -255 761 -119 294 416 -221 633 -26 709 -223 359 136 416 -606 -68 243 312 438 -791 135 182 622 64 -538 -144 -119 256 -297 734 20 -44 1 -3 -194 -834 160 -44 143 502 463 985 -208 113 262 37 -192 306 603 302 100 371 919 -725 -454 25 692 -88 -699 -533 316 165 -6 -186 449 80 542 -307 -158 -435 -440 409 405 -249 254 -287 -348 -699 -266 -110 -56 137 -12 529 -214 41 -1117 -173 114 220 -420 -541 507 -579] 4618.38
[366 648 -789 717 -902 -906 531 -732 -75 114 619 -373 -299 -552 -573 92 752 109 -1123 -188 450 -305 -202 -785 687 -468 671 -10 -143 -626 126 75 503 104 287 914 -115 -317 -296 -936 -473 113 1145 -129 412 -733 437 421 165 -1105 -904 110 278 379 -102 94 -1015 -800 239 95 -191 -114 520 214 349 -443 -486 -1347 -19 693 -498 142 221 259 167 -115 -719 -118 696 -582 -68 -335 717 5 -272 5 559 -276 670 -691 -553 -313 -342 -568 80 285 -610 107 154 33 1244 -89 532 -561 921 -314 -222 425 -157 -407 691 -99 -368 988 -873 -279 -686 841 -214 -258 138] 5864.34
[-641 335 -150 343 -274 762 -339 -352 -72 92 116 103 -383 713 -369 943 784 -573 -417 866 -611 -379 722 -281 -684 622 373 238 -517 -718 283 944 -369 -318 432 -400 -34 276 -633 106 739 -386 95 -298 -38 -221 335 -246 -266 97 213 -6 -680 -266 478 147 775 -1184 -461 62 -171 -343 -291 -823 -249 387 689 -445 -1411 -85 258 593 249 -691 -126 -538 -953 -815 258 -554 591 282 623 -366 -367 -33 699 213 -254 92 -360 -228 -553 -824 445 -20 -382 544 -669 -112 798 418 304 450 190 479 103 -347 1102 26 732 245 518 -220 -11 -140 163 161 386 95 -545] 5422.19
[-714 -184 173 149 546 844 -534 -197 846 -458 588 17 566 -789 -730 -412 208 106 -184 2 -500 217 -108 31 -1303 554 -1 -86 -423 -316 76 -111 294 -306 164 -421 333 -613 383 -7 -363 64 -317 -234 -392 -508 -472 -361 576 107 617 804 -56 1052 112 -118 -102 725 426 411 -373 -858 -275 -543 -143 424 1342 346 30 -311 798 -466 51 642 172 114 -949 17 675 351 264 86 -288 193 -369 177 610 99 778 -623 -163 -530 494 -1225 -184 118 -589 71 -231 727 604 -528 1161 110 41 107 93 666 883 -725 -158 -598 245 -617 -151 -1141 391 189 143 1225 512] 5651.92
[-18 545 444 -4 358 -583 -749 297 -592 21 -536 -90 -358 388 -46 -100 574 -40 -93 577 314 -245 -426 675 183 -159 258 869 -515 -361 -95 210 -298 -1246 -143 -533 660 -51 283 3 -60 121 -5 683 -511 113 -420 -189 -904 132 312 153 747 -273 221 712 684 -628 310 -607 -249 173 -33 68 -287 -213 -96 -209 -1518 582 1213 -298 -49 230 126 -395 -141 -210 -104 403 305 -387 297 -291 667 -261 -316 315 24 156 570 567 -16 -337 -524 -352 -429 -622 -426 -893 412 20 73 -2 -658 1164 -118 634 392 -403 -71 492 290 -759 159 -753 -220 1286 261 248 -389] 5218.91
[936 488 -258 -219 826 979 59 -126 -305 -159 276 -17 -133 786 100 39 108 -163 463 445 449 -722 -681 -847 358 886 421 956 -451 274 -251 234 511 -384 71 131 -491 783 515 260 -138 -438 240 -873 209 361 -20 -826 -982 -391 17 40 -837 -1054 972 205 -88 517 354 -275 -4 259 -61 608 194 227 822 -369 210 578 -315 393 169 -370 -1027 -768 207 -240 -714 529 380 1027 -673 61 -776 542 -350 1007 -212 -402 501 500 -240 -534 1016 589 295 -366 96 214 -624 197 727 641 642 329 -380 -516 136 -633 -839 96 -161 409 -63 613 814 97 -241 -202 -127] 5678.24
[186 -301 211 -15 -262 -100 -522 333 462 196 -614 566 177 -715 402 46 -394 1022 -833 -21 2 750 750 -251 132 96 963 188 -219 -667 464 -577 209 -457 -675 -394 -532 -23 -561 -1757 237 -467 469 447 198 -247 -211 -247 61 538 -684 -588 109 -157 -988 -329 -401 -306 -241 -203 -200 -823 44 -96 182 -149 -969 -11 -250 -437 -49 160 -638 253 17 627 328 342 -16 -852 -459 -249 -225 297 909 0 503 -871 -164 -99 -290 -85 -443 66 996 -341 334 301 912 351 91 -723 478 -715 713 -96 618 294 89 -277 -431 789 701 44 40 -26 570 -251 -316 160 315] 5324.53
[-97 -817 330 616 -349 524 -493 -784 889 303 573 155 -140 -1076 -696 -29 -512 -663 -100 -458 -502 259 884 -529 -628 257 -582 -301 230 -201 147 146 -317 222 530 -510 226 -756 -331 -291 724 -5 -265 -360 496 72 75 -375 349 -611 23 -59 -985 569 172 -474 203 165 -864 130 35 -642 992 -735 -240 567 454 678 311 -529 -392 93 204 -410 5 -171 -421 893 503 425 -1124 12 20 233 -575 -47 255 -361 387 364 -658 -61 140 -548 -147 232 -415 433 360 262 -342 174 -131 -244 335 -647 -77 222 1037 542 -346 -631 -297 -277 -640 307 -116 -165 428 195 602] 5179.77
[-559 347 222 610 -497 -58 107 -464 -178 18 472 -31 194 -402 -206 478 343 -641 234 -166 232 699 571 -372 328 -1241 506 -782 -685 551 -221 51 139 667 120 922 190 201 -160 -310 488 123 -783 -245 213 1106 479 -374 -428 -600 -356 -256 -702 44 404 -130 273 -1069 131 1236 -35 161 -265 -68 107 133 -123 -650 -163 -863 -537 -273 -318 47 -247 868 -630 -103 -40 338 130 -351 108 99 -615 948 159 -100 199 -381 -803 -596 -681 -70 -190 -459 -319 -585 -256 516 232 -129 -216 413 -48 -620 466 238 -108 227 392 -510 -111 -391 -946 468 -434 -458 -26 -291 105] 5076.5
[-362 -380 276 -180 -12 1088 159 311 -477 -52 540 1184 -118 -152 -441 -297 128 -293 420 525 -1212 207 1159 -919 95 466 414 -91 -489 8 -263 613 -427 -154 1029 -14 -330 260 -390 -305 509 335 -158 695 126 96 -191 -170 -22 701 -195 -202 250 331 -445 -478 -416 -433 -596 -275 797 360 456 -206 -475 -284 1544 27 -150 -93 330 683 557 -226 -134 298 -379 613 -163 282 -243 819 66 1070 582 7 573 506 -156 892 423 -952 131 474 521 542 -1056 245 -451 -15 -2 -846 91 725 253 -61 222 52 250 -1179 78 1227 671 -777 -59 180 -125 856 268 -267 -77] 5702.16
[-375 -286 -135 -378 -265 0 -768 74 -17 -568 -406 112 -857 -597 295 182 -220 -288 55 -360 233 -1000 -101 -988 213 255 198 110 735 -231 -51 447 -729 137 -468 464 -53 -360 -381 653 522 -488 570 -306 585 -474 143 -298 378 -27 22 -95 125 163 6 121 -132 -587 -668 -597 547 640 -51 -133 94 846 1305 -20 -213 388 27 624 323 971 57 -49 -534 573 252 398 -890 -543 -448 290 -392 134 -188 779 -158 918 -811 128 146 -740 -223 360 -1294 -99 725 618 -689 960 617 -366 -873 379 1160 401 63 -229 367 -160 260 -349 -68 -721 498 92 129 -240 -157] 5385.06
[684 -214 14 -61 23 206 388 -604 233 336 -29 -98 83 437 1004 290 494 645 -273 -695 392 -379 122 793 804 1089 1015 856 -175 -242 299 -124 748 -119 -244 574 470 360 62 411 228 47 984 -221 453 -668 -208 257 -173 1560 -412 249 -105 246 145 -516 226 -113 -761 151 -361 -302 533 -19 275 -14 -140 -137 609 -531 -305 -609 -427 -524 655 597 782 522 14 609 71 1040 -571 -658 -743 -361 -21 182 -131 160 -275 -406 -746 187 922 -176 941 75 145 865 -271 210 351 -264 896 -280 49 -148 620 -116 496 250 -277 -490 -249 -234 705 -284 -857 322 -25] 5432.65
[-190 343 393 94 586 299 120 -294 241 -320 213 596 -89 -643 597 188 51 448 114 71 205 591 29 -479 204 12 247 -511 330 680 -67 -484 729 462 -293 -186 461 46 302 -512 -229 -178 -241 137 -445 253 -292 -497 247 -978 606 211 -425 -6 638 -1111 -97 279 764 -20 -14 -251 -179 272 -86 -100 -160 -1192 -169 -837 -409 -35 -571 33 -221 173 -510 -1197 214 -227 -57 343 -698 -258 486 257 -597 149 -551 173 264 -689 -436 -387 844 -584 814 794 -93 -23 1112 -258 812 -135 552 -430 198 -109 940 -337 -486 -883 -1008 723 -1016 785 612 511 -213 649 -606] 5403.69
[-20 -501 445 383 444 617 -399 -60 704 141 278 1 -46 -18 120 338 40 608 864 782 -714 -1091 -31 -14 -237 170 -128 71 386 -8 -83 -484 -156 496 -64 472 402 182 358 1317 -322 313 608 -8 181 512 347 -726 374 20 212 148 -162 -126 938 19 -736 -611 -74 471 302 801 108 -634 611 -238 349 308 -330 -486 -116 299 -78 367 -46 -790 115 76 -12 633 202 672 -79 307 -1119 204 198 1350 -182 858 -1005 -347 90 445 83 151 473 15 -66 -654 -813 -256 -318 490 -91 232 64 -235 -117 61 -4 -858 -562 -262 98 464 -271 877 294 -256 121] 5084.98
