[348 -249 202 263 526 158 213 124 -175 -63 -547 111 80 266 -397 -245 -149 338 257 245 -32 -388 964 398 452 -220 106 241 -218 -29 277 64 446 577 167 280 89 -237 -431 355 -100 417 -134 -54 -397 -132 342 -63 -690 22 -345 -96 313 -357 -274 -135 -44 155 133 235 102 -273 52 77 -552 91 -263 -148 -156 -290 211 261 663 407 458 -141 209 151 50 -168 257 25 -77 -36 -258 -309 252 289 97 -142 -471 -134 -510 182 187 -323 185 -290 38 468 -397 -319 -614 460 294 -137 201 -92 -142 203 -109 69 -206 121 400 175 -439 78 298 -105 312] 3253.41
[-66 10 275 -80 -11 48 -212 162 -324 121 -3 21 -171 99 -341 257 -74 226 -176 -197 522 -61 71 146 475 -179 87 373 -134 -1 -440 -669 40 95 -67 23 -378 -93 -367 -575 -735 60 154 200 -318 287 -473 -111 -467 446 95 119 266 -406 192 -139 260 522 123 56 39 68 479 -46 -40 599 55 43 77 -30 -259 206 186 46 -65 -280 411 -313 180 188 -17 -562 11 -354 -11 -405 -24 33 219 -294 -740 178 -702 170 187 -163 293 165 279 32 638 479 -348 209 213 -117 582 -169 -262 -111 -102 -315 -664 -344 -709 502 26 13 222 -484 -83] 3322.16
[-88 -168 238 266 243 -212 -298 168 295 546 -16 -107 -38 -206 -259 -318 292 -702 -254 32 387 -201 183 -60 -95 -279 -92 -57 135 17 -236 -651 -94 -151 -271 117 224 -50 88 217 -204 -176 -253 244 145 749 9 398 -416 599 -112 220 -561 633 36 -230 -417 442 119 -544 -336 38 429 220 525 112 -322 373 22 -99 -198 878 202 44 -90 250 -128 -60 -332 -364 -11 -34 -350 -214 -265 233 79 77 -314 -45 5 -244 -18 500 -373 -355 478 250 477 -480 395 -305 -485 253 -46 -60 -59 420 246 166 -46 -126 290 -224 36 280 12 149 -161 -281 -76] 3264.57
[-174 -455 -271 65 530 -2 -207 217 -204 1 -41 232 -504 704 -415 71 -202 833 -107 77 -430 394 501 -66 -271 71 -28 99 84 47 -106 243 -48 371 -183 -488 40 -62 643 -230 43 -327 235 -272 -387 -330 -279 -705 408 -600 -319 -439 -100 -651 -115 131 334 162 -315 226 361 38 60 276 82 383 37 -121 -232 -199 -148 -614 -304 303 166 -231 530 107 331 117 -288 276 516 122 -208 -15 310 -188 136 -64 -173 369 -23 -61 803 -224 -254 -41 -252 246 39 -192 79 272 993 406 207 -31 -104 -414 -189 13 -342 157 -587 337 -194 -126 145 215 53] 3500.89
[310 -247 458 138 295 431 296 479 36 -283 -663 -528 -487 -229 -230 -213 239 -179 -545 767 -426 -212 614 174 394 -175 -279 -180 279 -241 35 -194 212 -292 97 111 95 -264 -192 144 -73 -167 -224 657 3 -167 -59 173 -934 399 223 114 -270 -280 52 -455 -343 501 -5 -583 421 -173 318 263 -328 438 583 -107 -143 -374 -4 55 190 -187 312 365 28 -63 -192 -425 -28 362 -530 -272 123 -154 -68 -294 -260 -36 -863 -176 -140 75 -4 -289 760 -597 424 -315 210 -254 -99 275 -135 -80 326 452 3 137 468 49 217 -132 -87 310 -31 -60 -269 119 -214] 3583.84
[-69 -158 105 -388 331 559 189 524 -44 -192 -112 -175 -252 58 -560 -189 344 316 -198 181 -531 -563 312 186 350 -88 116 508 -33 214 -246 531 76 360 59 35 304 -449 278 209 -359 46 -361 583 -78 -64 -307 -361 -694 268 125 -178 -219 -223 -586 5 -485 713 56 -51 149 143 -52 305 -527 31 470 216 -447 -308 871 38 -421 85 260 324 283 -67 -411 36 -465 402 265 -8 -99 25 345 85 -178 113 -176 510 -9 -170 -40 150 -31 442 -313 -58 -249 212 -507 170 -303 114 35 -149 -156 -122 100 173 124 486 -280 -254 -519 35 -62 194 -292] 3380.91
[-55 -200 40 -333 270 399 286 418 311 -183 102 -48 -613 -565 -117 -309 -85 -10 -17 69 -9 248 -278 -100 76 -362 67 73 432 -404 250 -163 211 -571 514 -637 89 -168 333 -39 -89 -203 -195 562 -191 311 -422 73 -202 -79 520 517 -656 154 -105 -379 365 213 372 -623 24 338 -188 -435 210 240 895 94 292 273 -160 -279 -315 -395 -447 268 322 -396 -427 89 357 51 -367 -307 287 169 -313 -1009 -619 444 505 -134 -127 -197 -223 520 414 99 205 -11 926 105 72 -64 -286 -91 -38 17 -296 -21 -71 145 601 203 -254 -61 117 469 -413 12 -185] 3696.98
[11 -166 57 -203 488 555 -303 -166 683 131 -52 -191 81 409 -466 -139 -144 15 188 192 300 -217 83 -225 109 -28 459 -270 -2 -168 592 302 342 -31 20 -92 905 -335 382 610 526 46 -235 99 -559 938 336 -23 -91 120 -305 346 -504 629 -279 -127 -144 -239 697 173 -359 102 -359 68 441 -456 -994 -283 67 86 -52 737 144 89 263 205 87 30 -64 -196 534 757 112 45 -393 498 4 -376 -501 -262 548 -300 -217 420 -382 96 -317 349 -120 405 -785 -477 -281 248 258 -114 -354 -220 493 -347 -575 48 226 455 525 -292 -323 681 -656 -323 -130] 4073.5
[321 103 55 -331 630 740 -151 374 274 -433 -309 -53 -179 835 -606 197 -28 313 248 557 -432 -36 36 23 316 262 386 -394 942 27 -412 391 246 -241 -106 -760 282 -641 -133 -205 -4 -137 232 -93 -813 28 -337 -582 192 -87 194 -218 -309 -962 -249 9 448 149 230 413 344 96 -631 69 -479 -12 152 -178 247 521 -216 -522 169 102 434 82 561 -280 -45 116 -492 470 345 -14 154 182 -306 -720 -82 -315 -455 -355 180 298 671 365 88 -259 -700 24 19 99 -427 448 36 210 231 86 299 -373 -88 36 301 187 -127 234 280 -168 -411 126 -289] 3957.61
[607 263 85 199 244 -174 319 -83 162 30 -286 -177 570 99 -61 -231 -21 -328 500 -369 270 -51 -233 115 386 -218 383 194 134 -330 -85 -385 390 89 435 -83 187 -199 -773 -234 -281 -29 -183 -180 268 66 385 218 -120 302 395 -147 392 -152 -140 274 114 68 -68 -42 -603 -36 142 -398 -551 -14 -335 723 648 -36 -82 805 895 332 850 -90 347 22 -224 -253 -102 -445 -578 2 363 -401 425 -380 297 80 -158 -720 -582 691 155 143 450 39 64 434 -252 -343 -403 90 -27 -617 210 545 104 982 132 297 231 63 1002 317 377 168 156 -865 409] 4063.49
[-636 37 -348 628 -260 -670 -513 -423 -157 362 128 313 289 201 72 500 -315 89 -278 -677 376 164 -542 -424 -75 99 -541 470 -398 11 47 -319 -570 -116 110 368 -319 408 95 -253 -255 26 43 -737 -233 -474 -432 -575 592 -129 -425 -339 258 -421 826 -185 206 -126 -232 -83 829 87 327 56 236 596 253 -307 -100 -173 -405 -171 -267 91 -58 -36 -360 327 -20 179 -312 -548 617 589 -296 -279 -68 459 281 450 -519 183 511 -362 315 -642 61 -332 102 -111 705 488 580 -235 767 -43 591 -225 -517 -322 465 -420 -730 -258 -798 -383 -328 -731 748 -192 -227] 4384.68
[-602 475 -182 -145 618 -662 -45 -522 261 -176 229 46 98 -301 -19 -181 73 -421 50 -180 524 -140 -703 -168 -85 -443 256 265 198 -97 321 231 232 -83 583 -217 339 49 230 -65 -47 -209 -79 -212 334 941 -229 38 334 495 1 239 -343 22 477 580 158 184 -225 -619 249 32 79 -466 -236 -81 289 679 -400 384 -140 248 58 84 443 7 342 -299 -552 42 -543 -50 -78 466 -268 587 463 -159 -419 247 293 168 353 40 -337 73 -334 371 -230 474 -31 -2 216 -57 421 -393 -82 186 137 116 74 573 545 373 -62 240 108 -221 39 -632 167] 3610.82
[117 298 136 207 707 328 299 -80 101 -675 -411 -145 -403 688 -286 328 411 86 -90 218 -14 411 -999 -167 429 509 -569 -24 410 -248 485 136 308 -355 265 332 344 -301 -293 88 161 -45 314 -102 -326 34 -343 -444 308 131 138 -25 161 -800 11 -178 611 -490 183 -62 1042 -412 -235 -30 -2 255 138 -558 476 -117 -456 -395 357 94 228 -186 716 -308 -74 452 -573 -72 168 239 140 -232 80 -467 -16 416 -572 50 283 41 147 180 -54 -604 516 493 337 295 135 -256 124 -669 371 -62 132 -142 -319 189 51 535 -509 -72 694 -447 192 73 -312] 3973.77
[289 -204 471 19 -255 -282 -89 -589 -97 -531 -429 -227 90 0 -12 222 -234 465 -277 -168 330 51 56 272 477 348 -347 -21 -508 -417 181 -372 -52 -473 -276 193 356 541 -481 -17 -126 -806 -252 -268 298 -60 150 -305 -285 371 284 -32 334 -14 99 -138 351 518 190 -225 -415 85 -272 -177 -266 -151 -787 -308 153 -354 -507 1014 643 135 240 -195 -250 112 -39 86 240 -52 -173 -148 -246 -264 71 209 -270 -99 -320 -437 191 -232 -232 -590 -281 -262 433 305 -426 71 147 -45 -83 -477 647 347 85 74 257 35 -486 105 369 -546 -227 125 -248 -668 -223] 3616.96
[-215 865 -316 -508 -613 338 270 -300 -120 -182 658 -55 947 906 695 351 112 -458 620 -543 -30 170 -150 91 -219 333 24 -300 133 366 -213 498 -95 158 158 159 325 -147 -571 -153 417 845 -57 -616 -750 23 73 265 525 -150 -23 -47 783 535 23 555 -337 -673 -17 420 174 -155 -287 -115 298 -407 -160 392 323 214 252 -35 -171 -551 25 316 -221 234 143 46 -294 481 -36 45 589 441 -255 449 975 -328 13 -150 477 48 -162 672 -546 -62 -189 -326 -751 284 287 -1096 -652 61 -193 -447 477 560 -280 -282 -359 33 547 -247 218 -480 520 171 -129] 4482.01
[72 96 -403 2 -222 -350 -130 -102 34 264 -5 241 380 -777 51 -303 -110 -459 43 270 489 -515 -423 47 122 211 597 306 -267 -21 -14 -349 -74 -413 -5 483 219 156 -164 225 89 -501 72 32 40 -36 63 229 554 -180 -92 130 225 18 49 39 -74 -483 -484 277 -124 206 152 143 3 -187 -798 -79 -475 119 289 25 249 260 310 -341 -827 394 92 287 -85 -328 497 285 -242 29 596 508 336 173 -114 93 -187 -392 -11 -294 120 444 -421 215 -316 -319 -269 634 -98 -155 -605 -15 -147 293 647 -332 -145 -124 359 116 -147 -205 49 -317 552] 3407.97
[594 -69 558 393 -439 518 407 -74 13 29 94 -34 526 452 28 -173 -161 55 799 -274 647 10 340 101 109 138 -4 -238 39 -312 -57 108 181 -457 804 -316 831 -88 -741 163 -58 460 -715 -460 -853 358 479 36 -411 -8 -36 611 -59 845 270 153 -61 -35 1152 -208 -659 338 -340 -819 190 -202 -598 370 288 207 -223 752 363 129 -693 159 20 -339 -341 -232 118 251 46 -460 -56 -50 -281 1 -126 -286 579 -446 415 547 -355 274 162 484 93 286 -297 231 -918 79 -402 -461 -94 -256 452 -280 -395 231 1 149 545 -217 -303 247 -429 -555 -359] 4378.8
[36 -893 -529 396 495 -513 -433 -16 239 613 -163 216 -263 10 -86 -299 -124 53 -198 -191 -209 -213 350 -228 283 -199 223 425 206 159 39 -56 -199 516 -547 169 -483 -516 352 386 279 791 20 -22 263 -359 72 -82 -286 -174 -648 -446 -488 91 -602 -814 -7 -297 532 -209 -351 -19 60 316 -67 -55 128 -593 442 280 -129 487 485 454 -513 -178 -16 -15 -28 -21 427 -722 -218 655 -110 -29 -672 -7 -292 -257 121 -679 -486 49 314 -108 640 -577 361 137 708 -78 393 430 -134 150 6 368 -360 -204 -906 -160 -32 429 -29 -516 337 319 288 760 36] 4107.42
[-567 629 -444 -314 266 168 -265 -107 -150 242 -100 550 -56 -283 105 -316 -193 -294 22 270 -544 -87 147 168 -274 -159 275 -143 800 256 265 213 215 86 -95 -299 -549 -617 -88 433 477 175 103 -280 35 91 -558 69 735 -907 -332 -186 -292 -649 133 359 -43 -128 -407 173 468 -64 -251 22 -399 -171 1147 -516 -109 249 -137 -621 -58 -431 412 -450 675 113 -314 -144 -295 417 262 590 189 475 4 -445 -183 413 277 -263 83 -176 402 607 -25 -594 -588 141 255 -130 379 715 236 830 -402 33 72 435 -393 400 160 229 -400 733 437 -720 209 269 745] 4265.31
[-496 322 -58 109 -477 -143 -531 -732 33 315 68 289 452 -306 624 538 34 -608 -189 103 1181 -72 -553 -759 -330 812 106 -227 -29 216 46 432 323 -867 70 468 136 46 -750 289 821 -372 -285 -486 142 525 -68 -65 136 84 -536 678 239 636 1061 -88 -272 -835 438 -127 12 178 -274 -132 611 -450 -298 -583 -995 233 315 496 -26 -159 43 190 -770 216 -335 -192 -407 593 927 367 -428 497 -379 1030 -233 -172 371 -199 1007 164 -953 15 -236 260 -560 -270 -521 388 231 -89 -346 -395 -400 -177 383 -124 346 37 206 -318 429 -480 -194 -563 -795 -13 521] 5017.67
[-15 -184 21 -189 -622 -256 -617 -613 183 264 -75 -123 -150 45 244 382 277 -443 -462 295 58 91 445 -75 164 213 -415 -277 20 1 101 -19 -214 -122 -705 282 -673 409 67 6 198 456 -131 -264 345 -22 -383 -212 -703 229 -501 405 -168 678 645 -643 -650 165 -162 -450 -163 -67 841 300 603 230 618 -337 -780 -90 15 286 33 -678 -142 474 -777 -236 632 -498 437 91 12 -65 -336 182 -760 261 -44 -382 119 -133 39 83 -222 -166 454 240 347 -870 404 226 195 -520 341 -255 420 368 480 -258 343 -442 -39 -416 -451 -258 209 133 -381 431 361] 4130.89
[483 -308 485 185 -606 79 641 -101 -409 -714 -71 -16 -347 -139 849 322 -598 629 -36 224 241 733 42 -37 129 -274 -153 -544 -780 -355 -85 470 -31 -149 281 -303 -547 895 98 -179 773 215 324 305 413 -360 621 40 -923 -51 435 388 913 1 130 -704 321 158 410 -31 -423 -130 43 -770 -87 254 806 -569 0 214 313 -306 -194 -451 -660 -303 -154 -321 654 -245 568 165 -131 -688 513 -361 -627 614 48 -410 225 311 343 -112 -431 -214 -65 -343 148 -315 -50 160 391 -669 -88 -347 355 183 243 -543 278 39 -134 -898 397 166 161 331 -943 39 769] 4677.28
[299 -33 78 278 276 198 -88 392 831 374 -754 583 -116 11 107 419 180 -153 -349 -529 106 194 -148 -466 58 467 -334 -155 -379 461 738 -159 302 416 233 409 -441 -251 44 557 16 -240 292 -153 548 18 178 -49 27 206 -261 -261 286 -463 -536 -542 -100 -429 -94 347 449 207 115 380 505 501 192 -851 359 -325 499 -206 -527 -116 650 -282 398 352 -343 420 249 -81 198 224 -385 -415 -19 -408 -296 742 78 -204 -569 603 -312 122 -112 -245 -49 -266 594 20 127 -722 928 -242 -187 254 -338 543 -206 110 1022 68 -32 167 248 -36 550 205 618] 4175.78
[40 473 119 -209 -142 -27 -270 140 -148 -34 -475 -589 -168 -375 -17 222 215 -361 -473 518 108 -727 -758 -162 39 -8 295 -462 54 -51 -135 417 -388 -214 -154 -292 -197 126 -497 -425 -33 -656 101 291 722 -227 -706 -363 97 724 -24 272 -198 -434 182 -87 -225 278 24 430 9 254 -256 -136 -166 -929 -290 -389 -524 199 -106 194 520 -194 510 151 -99 -89 92 442 -564 115 332 522 54 455 -461 341 -446 -684 -913 -666 156 443 -352 131 67 -323 -374 -522 148 347 -1 352 -643 248 116 105 351 -627 172 -550 246 -41 242 -137 215 -507 -144 -290 -230] 3996.36
[561 -95 174 441 -226 839 1027 417 443 -312 -219 -418 594 335 -70 -528 378 -917 874 373 -389 -107 448 300 -266 355 138 -713 372 -9 -74 -10 -2 121 832 342 773 -371 -91 417 241 669 -595 100 59 694 243 630 -139 737 212 193 77 446 -22 -57 -865 -379 -98 -363 600 -281 463 -39 -338 24 315 249 8 169 166 -249 236 -86 554 76 -81 -211 -269 -697 -33 146 -726 -249 -17 -9 15 155 294 -144 4 442 308 255 21 -313 121 179 -450 -194 -1076 -400 -142 -313 -334 -622 -720 278 117 755 99 259 606 -324 418 445 -161 101 -628 -61 67] 4520.64
[-277 79 -142 -656 259 1068 -401 557 -160 -492 -214 -310 -450 174 153 114 -265 -132 67 174 -352 -901 -687 -292 1129 -466 608 797 353 -135 709 410 540 -268 176 104 -82 -1070 273 218 10 393 -140 833 -846 116 201 74 -429 34 160 -103 -29 -439 -392 -207 -239 663 686 -112 -138 216 -137 117 -632 -129 559 -374 634 191 310 255 -348 -84 76 137 506 -219 -13 87 -44 320 225 791 392 -180 40 -702 -253 116 -164 -376 -252 162 327 957 767 -459 157 183 562 551 182 699 -130 186 -43 -249 -538 -122 128 -249 -151 101 23 -96 172 -148 -352 -160 -449] 4530.07
[330 -996 70 725 177 -584 -221 13 177 589 -587 -457 36 377 -596 112 -32 2 -164 -7 -55 43 965 157 7 240 329 -96 505 -29 -1587 -850 238 -430 -558 -220 -15 -210 -925 -67 -224 -700 -623 -523 525 -178 -156 -392 89 -13 289 -742 -372 201 46 -189 376 -353 160 -95 -500 54 -176 185 -272 420 -651 514 150 -156 -361 588 824 423 686 -6 -708 -102 -110 -707 184 -508 -786 357 -122 -74 -731 405 159 -515 -528 -825 -340 333 722 -581 779 -412 136 -53 -371 -390 -291 204 -651 -113 504 579 -325 82 370 289 -504 -117 226 210 -7 373 -524 28 70] 4907.78
[60 -369 233 -212 286 -349 972 -142 -271 -12 52 -90 73 36 -94 40 -185 572 213 -225 27 -91 393 563 -301 -612 -446 -257 -645 199 -74 474 107 549 141 -311 -415 557 -710 -126 -5 -130 -640 -79 837 -960 -130 -118 -666 99 8 117 457 -107 -593 -308 273 466 -140 123 -158 -356 -76 -424 -339 -558 856 545 97 136 637 169 635 296 -54 -464 239 378 100 297 -64 -35 -914 -349 188 78 94 505 253 -273 -42 -222 -441 -649 -441 -315 -300 -438 298 30 -899 277 213 -904 -372 -84 205 173 59 784 -418 441 -320 864 885 -383 -43 311 779 81 180] 4507.47
[835 254 526 -17 -509 51 -71 -344 -146 -554 157 -520 -64 -218 380 498 239 423 -565 818 -178 599 -498 -336 -317 800 -216 -937 190 -80 -72 604 73 -680 -446 -220 -123 -168 -456 -784 355 -563 974 241 917 -232 -5 -347 207 -86 -487 113 -32 -428 755 932 332 -201 -300 149 -87 -3 -426 184 -463 -433 -192 -616 -762 -131 -561 -813 38 -188 -80 270 -117 -577 235 -248 -59 296 310 -233 214 68 -473 -515 -80 -570 -12 -674 712 796 29 1009 -430 -308 -386 170 -401 -98 657 197 -309 166 390 -123 554 -17 5 552 255 -237 897 -401 712 -397 -966 617 176] 4979.26
[-145 -273 184 662 627 214 -97 185 806 637 -99 -318 485 482 -1027 -164 653 -188 -276 346 -276 -101 -511 -768 142 -351 -483 -83 367 147 -258 -153 -388 278 -716 300 -70 -89 422 273 102 -360 108 149 928 -202 -248 -35 -531 437 -620 -526 -332 -542 -408 -72 -742 503 -224 -28 -41 -581 219 713 -660 -314 921 182 -376 7 1002 444 6 211 613 222 138 489 -71 -402 -152 -79 -394 8 38 220 43 111 47 -36 192 -200 109 494 -8 -45 291 -155 -304 -489 -733 -635 -2 397 -163 -213 3 549 136 435 85 169 252 292 1042 -593 348 189 -185 690 -355] 4523.15
[-179 -410 263 -357 -683 219 -780 -354 -465 671 -251 31 -343 133 -292 746 108 835 -446 435 -304 49 350 -383 -235 1045 129 133 447 68 -949 689 -161 -106 -644 -452 207 -358 -550 32 473 -433 138 140 688 -328 -511 -819 336 -69 394 -270 -524 -173 143 -399 435 -203 265 488 -766 215 -613 533 -120 -311 32 -700 -131 7 -133 -104 -315 496 -169 -367 -6 -306 -448 229 -380 95 1168 -53 108 175 -891 -78 53 334 -30 345 -87 -292 433 207 -216 519 -191 -53 -2 770 87 27 -761 56 -142 -152 374 -852 -393 208 -701 673 -1082 -459 483 56 -696 541 -412] 4869.06
[-307 146 -374 357 343 -682 -174 -30 418 -738 -756 437 284 140 -623 -469 270 -206 -295 23 97 475 170 446 229 378 -146 -173 378 365 -463 -780 227 -444 -394 136 445 4 -408 648 -259 -518 -283 -715 514 857 -618 178 847 -223 -169 -674 -331 147 -430 680 41 -371 -523 -489 460 -202 -460 93 -309 -36 -1266 -17 97 -540 -614 727 721 131 761 -10 198 41 -330 -589 -81 -665 -827 410 -195 -267 174 -139 -185 505 195 -514 275 90 329 -578 94 -511 576 265 -477 -1201 -304 511 -447 -539 573 518 -57 869 -202 820 66 350 377 254 -44 97 419 -132 465] 5000.17
[-692 -721 -327 244 555 -141 -94 852 543 61 317 177 -742 -198 171 45 493 -209 385 586 164 362 149 -196 -1036 -601 4 -297 -239 523 -87 334 61 -232 145 -647 -167 -25 1097 204 382 130 197 572 263 373 -840 412 -264 118 194 194 -511 371 -543 -278 -14 322 -560 -747 305 -143 323 298 586 -83 651 422 -131 5 184 -702 -772 562 -909 424 196 -80 -223 -6 235 288 -720 -348 195 130 45 -128 -165 379 940 711 82 -436 -120 -220 -117 277 284 -759 730 -598 651 -447 -8 410 -138 -195 -361 81 -46 32 63 -359 -57 -130 -183 891 291 501 -268] 4694.38
[-78 -162 14 241 97 -418 -335 -359 -134 92 323 297 -53 81 1058 -89 -10 -223 159 -465 -48 276 336 -15 -621 -248 -535 -259 -113 460 125 227 -136 593 -783 9 -297 490 368 -440 490 -18 166 -662 413 -326 732 -325 -110 -50 -162 -913 30 109 -273 188 -279 613 -675 -93 -1005 0 -726 163 302 -882 326 49 189 23 -133 277 -451 -74 -773 -300 216 370 343 373 -390 298 99 -664 -149 753 161 627 522 416 836 -162 1092 102 -472 223 -530 212 -125 -97 14 116 9 -768 170 884 -357 635 304 446 53 2 196 -405 504 -413 -45 -404 268 399 225] 4543.66
[87 289 359 -777 272 280 258 98 -95 -422 -32 180 -598 -395 293 -292 456 -115 -126 126 -324 -83 1265 828 666 184 123 48 -243 496 -669 -655 846 236 -433 480 -179 -255 -754 -41 -291 649 -200 120 -529 -58 -28 619 -1143 533 404 217 -601 -83 -320 -417 183 329 67 -295 138 -104 -185 -75 -411 92 827 286 830 401 2 -176 536 -466 -389 153 91 -443 -153 195 639 132 -859 -683 116 -167 -219 120 177 -44 -755 -219 -301 -548 -28 203 28 -21 1008 73 135 268 -386 -321 -308 -95 -329 294 -195 158 26 4 -289 111 -688 450 8 325 272 631 -392] 4575.35
[59 232 -506 134 197 -653 495 -470 -39 -272 182 186 453 58 697 -556 -919 156 -611 -243 673 -53 892 614 124 -533 478 176 -186 35 5 25 -348 -517 1058 -265 72 -322 -686 -126 -78 486 -85 -481 -1015 440 9 237 -517 -346 -186 185 624 149 66 492 195 -106 -138 -843 512 40 146 -445 70 943 -142 437 -708 223 59 -176 183 -316 -602 -213 -350 -21 94 -96 -229 -265 261 -406 -47 -39 149 366 659 -734 -440 -36 -412 -175 -258 -945 758 153 129 732 114 -302 -104 505 80 123 502 155 98 -146 -602 431 -251 16 -87 1044 -177 51 317 -126 798] 4669.65
[124 130 -151 -15 -34 289 404 -525 -407 445 304 -415 466 -697 -1 -495 -154 -662 171 80 774 -107 -707 468 -180 494 315 306 769 -218 151 141 -390 4 709 285 596 -198 -1161 -483 376 432 -355 -16 -230 818 -395 -696 224 560 836 370 -129 -308 364 -426 -138 -828 504 78 355 -502 -183 -643 192 -139 60 -518 129 98 -792 146 644 -204 11 22 -90 -51 -342 375 -831 -592 1005 -190 -49 571 -266 -354 109 390 -624 277 -18 -243 -293 68 552 647 -142 537 436 815 -708 692 -917 -697 -68 -108 636 -449 -99 -231 554 253 -963 30 -118 -371 -350 -422 -597] 5018.19
[-1138 369 -147 -168 337 910 -573 243 -667 -92 -293 -238 -235 448 387 230 -765 536 -422 -22 -365 458 249 42 80 -342 -20 340 -287 60 924 -155 -45 -239 209 -396 -267 7 214 -272 230 -250 -175 -304 23 55 -595 -383 -173 -289 -285 195 75 -319 -194 -27 88 847 -670 1 447 -534 394 269 232 697 224 108 103 -587 -542 92 39 -420 792 -100 993 287 410 -354 590 709 106 -483 453 -32 387 -600 306 53 -909 -76 -1133 -27 154 -86 444 -657 921 -32 5 36 640 -173 543 82 455 -274 139 535 -2 -299 -811 -693 -252 1181 -341 326 74 -634 200] 4862
[-642 -219 -291 512 52 -959 -135 -882 -57 292 632 -744 473 -197 311 358 -18 -731 -87 -97 42 -522 -1161 295 -630 142 38 540 -116 135 -154 -46 -321 -528 141 439 -444 -226 184 326 525 275 -651 -870 874 417 368 740 614 241 -183 94 -123 275 350 -33 -277 454 -206 -488 -713 -670 418 -195 -281 463 422 812 311 97 -309 288 298 271 -325 -373 -315 -99 -829 -878 -213 -404 -296 847 77 -142 -8 -150 -93 -121 477 245 204 -435 132 -451 574 -164 323 408 270 471 1171 -285 -307 137 -144 109 -204 297 402 518 -62 111 280 236 409 -36 -582 -368 300] 4777.09
[371 1165 505 681 -654 1060 -212 -524 330 1123 -930 -493 803 866 185 116 195 188 172 -551 -499 -342 -610 -395 1117 -26 -299 -91 -417 118 377 -206 -310 450 -148 674 355 -26 -212 25 -397 713 -72 -307 173 -873 710 -965 -179 583 234 -532 26 -411 -229 192 -135 -58 454 1381 82 9 -475 570 -964 -614 -66 -383 556 -56 328 96 172 69 1276 -717 501 -95 -18 369 -91 31 835 -69 144 -452 -275 221 279 718 -562 -58 -304 183 -248 306 -776 93 -5 107 -538 213 -611 -223 313 -357 -316 -46 148 -406 -298 -231 -786 536 -658 -461 -80 -188 222 -351 -676] 5440.29
[1 293 474 -550 -1213 661 -393 65 -644 -288 -221 -66 419 -245 125 291 -281 -581 -691 -141 -205 -41 -455 -537 285 -151 -300 117 580 -635 -142 -164 -156 33 616 -332 151 -435 -532 -598 -454 174 -197 827 -460 -195 354 831 -493 420 762 304 169 409 846 231 57 -320 290 -695 52 536 205 -71 333 385 77 200 855 -388 -735 850 -86 -488 -344 710 24 -52 -180 -70 -7 34 -320 -256 393 -403 -256 -1082 530 587 52 -693 -274 988 210 440 1107 190 977 -174 566 273 40 127 66 -515 146 444 785 437 175 395 -320 -171 -260 515 379 -547 164 -217 -345] 5019.21
[-737 -327 230 218 -669 -286 -556 15 -840 118 55 -746 -12 -241 101 1110 -338 -363 -300 752 -731 -45 -523 -190 -402 -241 -91 -529 -347 -39 -29 576 -837 -74 165 -387 -950 727 118 -309 120 -258 -448 -5 1262 -352 604 714 433 494 437 489 60 464 411 -489 337 6 -89 378 -560 -1307 140 207 -354 -57 -25 334 -418 188 -202 -117 33 220 -603 -3 -1113 -362 433 -591 352 -315 -206 510 -140 -82 -1154 601 318 -513 500 305 64 -56 -102 -757 561 -467 168 -1275 100 417 371 -147 -883 5 -186 -276 212 -549 84 -124 378 -836 77 241 1 405 -944 581 -4] 5335.52
[-14 238 -377 -1156 422 -451 200 -343 329 88 153 -64 -27 145 -41 -94 -201 184 -123 -555 607 231 -139 91 432 -204 271 67 755 -537 320 80 432 -408 -613 -552 94 -333 -147 680 25 -609 4 486 237 562 -433 -170 284 -807 190 793 529 388 -88 -71 496 -904 160 159 -156 251 639 34 896 -2 111 -189 345 537 594 338 -95 -341 445 -811 515 105 572 191 -281 537 16 381 -177 954 771 -480 76 -320 63 286 -838 48 -139 253 3 -483 -256 673 -841 -173 375 55 334 83 6 293 852 620 -720 355 -8 589 -311 199 856 463 -186 -693 439] 4794.95
[932 -565 216 -416 261 605 1065 -161 1076 50 612 -388 -147 -153 -736 30 -253 -294 228 289 442 -187 -167 309 -271 667 970 -242 -46 519 -1001 -826 264 -400 788 51 -191 -738 -362 -601 -605 -345 148 225 -229 -96 -779 -96 174 348 746 -597 358 -1017 -633 -239 648 -611 -27 73 556 568 -297 -277 -378 458 345 -81 669 379 115 -508 145 3 -257 -149 -646 -339 -102 907 215 -209 -844 -336 254 -700 -194 -468 185 -714 -272 -291 -1042 7 483 45 127 521 -284 226 166 241 662 180 184 194 172 440 -827 403 -7 236 -70 131 260 452 347 318 -176 176 -38] 5113.43
[185 277 152 -201 191 470 237 -149 -318 -706 177 163 -481 530 -561 306 48 704 428 -460 -118 644 -544 85 -113 -183 -127 225 759 -1197 -49 449 86 773 -527 -284 -299 497 280 -583 219 -133 576 183 -271 188 -13 -910 426 306 272 -113 -395 15 259 -489 411 -58 -18 442 -751 -131 162 -172 393 -252 220 -264 204 -361 -773 -292 -152 432 240 -483 1263 -344 253 -238 -189 -340 7 -731 277 183 160 -1093 -31 450 376 392 -154 39 -19 209 -278 580 -7 850 -357 969 22 -908 325 -394 249 -345 266 -196 -517 234 -300 171 -577 -56 944 184 -451 -506 395] 4791.66
[468 981 189 11 217 344 442 -360 837 495 512 -442 -238 110 -828 -587 570 -509 234 896 -406 97 -283 -256 291 200 168 -389 410 -47 163 219 274 -200 -208 511 11 -86 -20 -67 134 1113 -211 223 -652 -850 1011 -246 157 17 -106 106 -1167 -349 535 -867 -597 -459 671 578 178 -505 288 -116 -716 -389 604 -136 337 407 106 -134 774 -32 383 169 -45 -416 -322 -741 -869 721 -294 150 34 -320 234 -772 -628 -182 -281 281 555 -91 -241 -450 358 -384 -199 134 -1315 166 -790 1095 675 213 -372 560 545 -577 -68 343 721 900 -586 -340 228 -375 -1035 23 -728] 5504.33
[194 -72 -5 -784 -258 9 -233 -200 -283 -100 442 667 74 -114 660 718 -547 -38 -403 -826 -408 -101 -581 21 430 278 106 -176 -620 1271 -469 139 45 521 -925 335 -1335 -70 -83 -524 -15 -292 50 -447 360 -754 955 357 14 -88 184 -498 398 -770 -512 -337 630 -110 388 637 -1014 -260 -807 -255 -235 -702 177 -1089 785 560 545 571 -533 87 -1108 -139 -251 603 230 585 -224 -589 296 162 -134 -831 -363 393 104 -514 1027 -839 -3 -422 -363 167 -539 -8 -522 -8 102 748 336 -75 -3 656 -664 755 -22 -292 -194 46 704 423 812 -832 403 -159 7 1056 438] 5669.76
[534 -339 236 -664 -715 -897 -223 -709 3 -629 -854 237 89 -644 -61 208 -133 802 101 1270 -322 -720 820 1048 -52 88 1 -721 534 745 498 848 -132 145 -459 -289 -703 329 250 337 -1 740 36 -299 231 -910 325 107 -428 -538 -12 28 23 -834 -400 461 70 -225 -211 779 -161 -66 -180 23 -626 -237 -165 -397 -445 -79 -7 -698 706 605 57 -756 293 241 189 227 305 217 -348 545 -397 -194 -168 -750 -1105 -304 182 -223 -701 -806 -20 -261 -674 -589 -358 0 -68 -85 133 489 801 329 315 134 697 -137 -62 964 424 729 -449 333 -193 79 937 463 968] 5480.38
[598 824 792 -125 -173 587 420 -198 381 -397 -149 169 -135 -539 -39 407 852 -2 -83 -329 -531 -721 -822 617 541 169 109 -343 23 285 -377 33 -517 370 -161 408 -195 17 -221 589 94 664 276 -51 24 -176 -217 35 -314 455 840 -204 113 -689 -528 -153 -261 -380 405 990 517 -259 -466 -303 -525 -258 431 -756 917 -284 -386 -184 102 -22 145 100 216 -195 -827 343 -90 163 519 624 271 -251 -107 -213 -542 -27 -305 -288 545 -360 -41 849 -695 -474 -26 -196 350 1074 -220 196 -793 -560 -137 -448 477 -1174 180 -190 367 -88 -800 -360 293 -386 170 8 -623] 4909.54
[14 71 314 -1219 -112 -80 -116 25 81 -606 622 302 -946 -109 -1068 50 166 451 -914 -82 147 756 504 791 -297 327 -82 -554 -345 -463 118 -550 -328 718 -433 -541 -395 1186 -160 -800 27 -751 131 74 -300 385 -553 -485 637 -202 -70 41 -80 562 -190 -258 -459 246 -539 -78 -164 150 324 -91 641 -103 -762 -32 -809 -863 -1454 327 -257 -925 -237 397 31 -418 701 -419 634 -81 -695 -372 -398 165 -381 -1069 -272 -459 14 -182 66 45 318 186 -35 -51 260 -646 130 224 -120 266 198 348 944 -162 215 -352 -847 -454 -230 -1 -635 -90 -433 375 -342 52 -402] 5290.26
[338 -933 580 -623 -600 388 379 -512 -317 168 1001 164 -154 4 436 150 -1300 853 739 -190 462 315 504 132 -397 -159 358 -274 -184 506 -172 -327 -221 -69 -506 91 301 131 742 -277 577 -104 381 653 -150 436 846 409 6 -218 795 47 1194 106 -16 -345 800 -20 126 81 -262 472 -453 -68 396 -381 -241 -604 677 136 -826 -272 -220 345 -641 -217 -208 -295 52 44 1074 115 -327 -1115 80 -83 -693 -28 -141 -291 165 -259 118 -617 338 20 -1061 -614 -150 -299 478 187 1353 -924 267 169 181 41 -186 843 271 -592 -1018 -292 741 -813 -427 389 -1045 -41 365] 5574.73
[-21 -282 -311 -180 -128 393 -413 -364 199 91 -425 22 217 147 179 33 47 -428 -99 526 -272 436 -1074 -902 -203 58 -57 58 1156 -46 792 2 595 157 -293 323 36 -267 -135 -715 456 310 336 1331 52 76 607 191 -260 -151 650 -305 247 51 -205 -463 533 -1777 605 48 204 -619 -523 700 107 -115 330 -1070 224 -285 -254 418 103 -127 89 905 -32 421 373 -204 413 -613 -121 319 696 -209 -830 -645 -423 809 527 -322 41 126 -435 1241 504 -140 25 -722 627 -135 -69 499 -659 -249 -322 -105 181 111 -288 188 1160 -78 137 -703 167 188 -608 1154 156] 5425.75
[304 -24 -52 -40 -400 49 397 -622 964 -824 848 118 312 709 389 -1011 116 418 45 -370 -400 549 824 17 -455 596 135 -159 900 -371 217 -25 -417 5 66 -465 1223 330 243 -516 -171 -230 262 -196 175 -46 36 -674 487 45 -248 -208 -265 149 -145 511 -179 -452 -732 -503 237 178 46 244 -221 -254 -77 591 329 197 -682 -480 -132 -514 174 275 -503 -270 393 314 481 -337 333 -470 -260 922 53 -1369 282 -81 -472 -134 714 327 758 197 204 82 197 487 -886 201 569 170 368 -887 -288 571 474 506 300 -47 311 -201 369 -499 -22 482 -83 423 -1256] 5110.17
[-830 1324 -372 -13 -185 505 138 -514 310 -414 454 -106 290 49 -413 -381 -181 -378 -281 -169 -709 -19 503 -257 -652 -29 15 213 137 -485 -524 -238 286 -260 426 560 584 301 -237 30 172 -388 -729 147 -273 72 15 -9 273 -288 54 -578 -1053 328 687 238 -564 23 -754 -258 130 219 -184 -111 128 -109 244 898 39 -298 93 -94 -1013 -709 626 758 -349 499 -211 -1430 310 272 -509 -433 377 -13 -22 -367 -240 1414 -555 -164 292 -203 70 -552 488 440 171 449 -1075 -303 -119 -427 -15 160 132 -111 -18 -215 552 521 -367 -138 -401 106 -681 377 35 -415 332] 5013.22
[139 -292 -42 261 -1044 -286 602 -693 -565 -353 385 -158 -93 -1151 381 -93 -14 -5 23 621 51 -246 -148 234 -543 -461 -245 -859 -706 227 -231 811 -926 72 238 -41 -105 574 291 700 257 16 -228 467 1549 155 -157 405 670 110 -256 -228 161 559 -116 175 -798 -248 -152 52 629 109 201 -749 -420 -813 -284 -911 -193 64 -338 43 -17 5 -1237 -254 -435 -584 63 255 -748 273 -515 530 63 229 -219 1001 -357 -164 821 -87 966 -352 85 214 -723 -490 451 -308 -932 319 725 -130 -739 -694 -53 31 964 -354 -503 837 -226 397 -529 113 380 -860 11 -320 -372] 5516.93
[93 -260 -316 -687 -1063 -226 102 -147 -811 931 403 -97 -71 -400 1135 -624 -94 502 -545 -30 222 342 322 -170 476 225 -32 944 -22 167 401 -502 -716 -320 -501 154 -344 152 -3 -617 -349 -620 513 663 641 -258 -118 49 34 -722 -151 855 748 -25 -197 215 -409 -251 218 111 -388 547 1067 199 316 335 -126 -495 -906 -66 737 458 -834 -921 -965 -228 263 18 366 507 -353 466 550 147 138 301 257 175 -486 -693 -235 303 -520 -4 -247 994 57 -115 -458 -691 580 497 -73 677 -383 612 -252 213 -102 -142 -521 -764 255 17 -950 229 97 -575 -94 351 -235] 5265.94
[-991 641 147 -437 -647 -202 -205 -9 -288 -368 345 -405 72 -213 -67 -95 -174 -221 -306 187 180 -545 -1438 -82 223 -94 66 -495 -217 -404 -221 -723 -312 -700 -258 131 253 119 -189 -174 -50 144 -64 472 -691 272 -690 782 193 1069 433 1279 -433 -34 370 -270 789 491 732 232 89 -141 -388 218 215 -673 527 -146 939 435 -660 -178 1156 -449 -494 -733 -74 -152 -475 601 110 441 142 536 50 332 -236 45 -193 40 -676 91 620 -389 -418 -344 -237 -630 613 -711 469 380 577 155 -732 104 -309 -758 -325 -109 -172 -863 -471 -108 -147 -38 201 -40 172 -337 -731] 5156.37
[517 -43 -95 -87 808 -890 246 -302 595 89 -42 520 587 -128 -434 -412 -220 -143 154 -731 303 -376 -162 660 -359 -169 671 -63 111 -331 -21 38 -126 -294 380 -239 648 -334 98 657 423 363 -569 -408 -556 870 -23 371 -383 -68 284 -174 152 -413 -756 492 55 212 305 -734 -455 161 101 -307 -182 267 479 139 471 475 -114 909 484 1014 -84 -622 446 790 -781 -287 -259 -99 -43 448 -343 532 772 -390 -429 -408 143 -197 166 -281 178 -301 -286 111 -846 624 31 -587 122 1044 162 11 154 369 886 -396 -830 710 405 471 30 633 391 293 660 -948 168] 5009.89
[497 202 -525 351 401 848 454 654 659 -497 -56 381 -121 -92 -230 -25 303 447 547 -435 -534 694 512 388 116 28 653 247 -488 -559 766 -62 -598 372 700 -598 -78 -102 314 -255 159 -538 565 49 -670 -853 -610 299 134 -551 -90 -199 493 -439 -765 -327 -318 268 90 -86 496 455 281 -59 -736 617 580 -384 116 -180 159 -306 198 -226 547 40 296 192 -379 554 -36 529 -451 -103 539 -420 931 -270 -56 -807 205 -230 -194 -180 57 451 -444 -24 -597 -169 236 -148 -187 398 479 356 308 -398 -938 544 -395 -482 149 -2 440 96 270 -195 578 105 286] 4688.62
[-309 -396 482 -1328 -1179 -56 -194 24 -639 -687 -850 515 79 676 -121 82 142 995 -718 45 -254 18 893 638 133 746 149 418 124 620 -1051 -312 64 309 -1079 31 -323 91 -477 -263 247 -428 -39 -128 -652 -194 188 89 -180 -78 745 -571 652 -302 -725 350 -215 501 266 131 -313 261 -219 388 -656 581 32 -22 286 -364 840 13 -450 -540 486 -87 352 521 -106 -141 -246 217 -205 305 625 -880 172 83 -31 -743 -256 -128 -213 -202 325 -2 -377 106 507 -938 -347 259 -692 144 -78 -208 403 250 -134 -335 337 387 -1005 179 -216 896 -263 -392 -11 764 128] 5192.53
[1063 -256 -178 -515 265 -108 567 632 197 -425 69 -559 286 713 385 -54 -311 179 127 122 -382 -817 287 549 77 -215 693 -913 -181 -201 -998 -458 -469 -223 -845 -415 -249 -377 -16 -462 9 -451 565 207 -442 -668 -674 92 197 7 167 -707 -22 -524 -343 -381 207 978 -552 322 229 927 415 -223 -105 81 52 -34 1037 867 -173 -486 -145 -180 -99 -336 233 274 504 -117 -124 601 -1039 437 972 -496 29 240 790 -1256 -1719 -1050 -192 -22 808 124 -139 -947 -361 -232 -437 200 1396 -388 431 1409 247 218 243 229 -312 -737 -1068 -404 78 736 717 -325 126 -812 162] 6053.79
[-468 130 -233 -83 746 -1060 -749 -563 -427 371 -443 -311 -362 -300 191 813 582 -860 -395 153 747 -142 -987 -594 104 -159 21 -432 651 61 611 -193 492 -467 -237 -104 -796 -105 136 -394 23 522 -666 -452 153 373 -174 872 -213 -257 -133 549 -422 927 1106 137 193 -907 -75 -553 -369 -213 392 281 1122 -163 329 557 -194 214 -580 192 223 812 -568 -198 542 -131 881 -465 -311 -150 308 645 -301 -270 277 -64 218 -720 550 396 -141 155 -72 194 825 293 654 14 442 -3 -163 415 487 -120 -447 -159 604 -485 -434 189 137 -138 -686 623 482 367 -114 218 317] 5192.39
[-324 12 316 -223 10 -683 133 -1660 -6 616 200 -88 -162 -294 84 -15 -322 215 220 -3 520 -308 809 265 18 -736 -87 -285 -236 406 39 -109 -24 744 -494 460 -330 536 -146 214 238 725 -350 -359 633 -199 709 -753 -282 -302 -324 -555 19 405 376 -976 61 195 144 294 -434 -456 -238 -406 9 -249 354 -635 172 -150 -617 951 358 -62 -147 223 -602 217 314 -161 286 -173 442 209 383 483 -297 1165 -204 195 -295 -704 245 -444 -706 -5 -184 -28 508 -443 -301 640 -15 -282 320 45 -356 -20 813 -441 54 -4 -7 -156 -132 -555 -512 -262 -234 -282 442] 4695.59
[325 -272 92 -539 -590 -738 107 -354 88 97 1422 536 -300 -1334 724 -465 132 -56 -99 294 1280 433 580 171 61 43 329 -372 -56 -182 4 128 288 -1145 -178 -455 -192 959 -466 -24 155 -173 -202 202 -414 -25 -100 278 -310 -724 -236 847 -110 570 620 643 -230 6 741 -479 -621 30 464 -997 342 -195 305 362 -1170 533 426 632 803 -256 -554 -380 -853 1 -55 655 134 740 -246 -83 -179 1183 66 266 -505 -684 936 -310 438 -589 -1148 326 -448 381 -387 -141 -262 98 225 761 -411 -36 -231 356 531 539 23 245 325 259 452 -419 197 141 26 296 91] 5555.33
[16 -99 283 599 -229 -147 571 -374 -371 638 175 380 336 -255 -87 -127 -202 216 48 -1002 845 1310 82 -420 -183 66 -288 204 -184 -152 -177 -433 -243 -320 543 -208 321 301 15 551 633 -169 -303 -641 53 305 53 104 774 -673 -194 -307 282 689 178 -132 -165 -514 27 -437 -458 -75 311 -148 145 105 679 -412 -27 -320 -315 563 -1211 839 -658 -794 480 71 -744 -681 -358 -30 -349 -190 584 -610 50 -239 572 799 958 241 121 270 78 -177 171 -406 646 48 555 -410 754 -203 -264 -647 311 234 -248 792 -640 704 -1008 106 524 -693 -9 86 -136 -324 200] 5037.81
[-183 57 659 -218 -654 -663 130 -111 58 -80 -906 -336 196 18 -588 652 432 107 277 405 716 -464 72 362 -275 -107 -135 -618 661 -407 416 153 216 -448 130 -1080 195 606 120 -196 159 119 -421 -433 -562 318 -798 -171 160 -546 319 961 328 -1 964 328 584 -432 136 518 170 352 -485 -715 378 -187 -6 -195 -103 430 -254 -893 64 -440 543 197 407 494 225 13 271 28 704 301 60 299 -525 -584 0 -470 -353 189 113 -771 -104 133 -583 -285 -629 440 364 -276 -378 -37 120 -192 -39 -872 473 -1189 1185 -522 -25 -243 -157 75 -639 -179 510 -495 73] 4952.19
[82 779 -666 -1069 912 -591 -275 -674 384 -319 -677 348 19 84 437 -127 215 116 90 115 582 236 780 17 -67 732 188 -146 528 -449 187 -211 1032 -470 -255 -110 204 -525 -1019 203 396 271 1 -54 -111 455 -110 521 -76 36 285 901 -177 10 264 -254 147 62 -173 -619 20 153 -219 -442 111 -46 -631 68 653 663 -170 496 715 -211 883 386 642 590 -649 -672 497 615 -346 -312 414 467 -414 -1064 -406 176 -689 -710 -423 627 46 -311 152 -463 -31 699 -185 -309 499 -118 -293 -614 814 702 420 758 -382 47 342 -54 58 -321 237 629 103 -351 15] 5095.86
[-663 332 -82 1030 -78 -129 -821 -896 44 426 -102 -690 108 387 -244 303 -302 107 453 627 -261 -362 302 -345 314 428 -169 -106 -196 262 504 140 -875 -663 -160 235 625 684 542 270 365 587 -812 -663 596 -487 793 251 165 149 -634 79 -1054 -123 739 -644 -822 1007 -338 -480 -961 -178 576 198 -416 -647 322 -150 83 393 -599 762 699 623 -787 -315 -44 -264 141 -755 -193 258 183 -167 -488 -80 -255 401 -73 379 -256 867 891 -172 133 -1115 598 176 -87 -80 -496 49 -274 383 501 195 -1 548 644 -669 648 35 -53 2 -468 -498 -163 963 -281 -359 -491] 5437.77
[-693 1157 281 -552 14 -614 30 -473 -271 9 626 89 940 44 -243 198 -477 -120 -209 -276 -68 -137 234 130 378 -618 -387 775 -99 277 -109 -99 196 506 91 777 -170 -116 -544 -274 -345 1030 481 126 -648 905 -71 704 -282 360 -376 750 567 -425 664 174 304 210 -287 250 98 -1370 379 340 -597 419 703 408 -393 -180 185 352 -240 -344 -212 502 408 238 -307 -974 95 -263 -261 12 354 -141 -333 -120 216 757 -1135 552 -210 -14 -157 -314 436 -746 133 -378 764 457 166 -416 -449 305 531 -969 -391 356 172 -378 188 -284 -188 -188 -219 -461 357 -235 429] 5065.3
[41 763 -27 -565 -670 138 -506 156 28 649 -487 -504 636 -558 -274 295 -197 57 -104 -886 129 -609 -595 -151 -625 181 272 328 -922 -914 124 -200 -855 -308 769 -115 1291 -457 -546 422 156 -548 -162 708 284 557 -519 -342 -232 583 668 -341 149 -13 -252 -289 -703 802 -362 -24 -79 1397 -166 -47 216 -567 -172 -385 562 62 35 155 -320 -127 735 15 -40 511 -568 -273 429 -138 397 -100 284 -312 374 185 220 797 -851 -23 -354 102 -341 -544 -515 702 -932 463 -737 -372 410 -344 -683 637 183 -178 -482 -387 -388 -561 -588 -65 -496 -590 -342 240 369 -1758 -104] 5569.91
[1054 -67 350 -961 -606 -130 326 -530 -383 -487 282 -490 -103 -510 680 357 -319 554 406 -514 416 434 74 252 453 -673 47 325 267 -1001 833 147 -168 159 -245 -334 -675 677 28 -997 -1213 12 459 249 50 65 689 -405 -553 221 1298 431 126 44 593 304 624 -3 201 536 -918 -286 258 -854 398 -355 -135 -53 75 241 -314 98 -870 140 -49 -15 -381 286 1091 311 861 -427 233 -410 -402 -185 623 -712 -108 -414 815 -49 -1078 673 -214 -5 54 811 63 1451 -269 176 -869 497 609 -408 479 51 -128 -1265 100 211 318 -720 -124 -841 -92 1125 -533 -354 -526] 5924.86
[249 86 8 57 -436 177 -53 -53 381 606 -246 -242 324 780 -484 -41 -234 -121 -257 446 -518 809 791 -661 -550 -126 13 -592 -101 295 -622 -499 -393 329 -28 -856 646 462 469 -454 -296 11 49 385 1056 183 548 83 -92 163 -1 -760 -576 -29 510 -388 -722 368 -357 -162 -815 31 322 280 -186 368 119 -235 9 151 746 508 -758 -362 363 605 -273 215 767 -999 -410 -86 269 -1041 624 -736 -28 118 314 -163 -6 1332 16 879 -101 -1274 627 1142 -379 -471 -1112 -542 -695 363 859 382 -172 1002 246 -590 421 16 692 -136 -307 304 171 146 -394 -430 182] 5545.51
[20 543 206 573 -689 -522 717 -429 -71 -334 -368 -778 301 -797 -297 -439 662 -684 204 148 277 80 -9 -363 -352 371 -1129 -481 1327 -1137 14 18 -105 -73 646 401 474 516 -270 602 -403 -625 -151 136 553 -73 -381 -120 -414 -195 860 428 213 823 975 -160 -290 -992 670 -930 167 549 256 -677 769 14 558 346 -431 -537 46 245 360 -680 467 439 -675 -3 -260 463 456 348 -602 386 -229 852 -341 337 -595 786 -303 444 858 -20 -721 -288 -28 -78 181 27 -701 -213 450 -84 -577 -516 -85 306 406 307 672 559 692 -346 -109 -167 136 -90 -193 10 -722] 5487.74
[177 -158 3 -684 190 -268 -997 -77 -306 -1074 -560 -219 -447 -247 -1045 666 -437 -48 -457 -180 -32 -866 -171 -908 280 -402 220 -11 372 -1078 503 -350 -292 -441 213 -753 284 328 117 172 110 -1148 -392 664 -577 460 40 -119 -319 462 946 -555 -634 588 124 -928 89 747 34 -538 -314 564 -42 122 875 375 -406 58 1 -120 -368 129 31 180 833 67 -19 -13 -235 44 -279 530 324 432 -186 -350 241 -298 -124 979 2 -370 -469 355 49 -735 1196 402 621 -69 133 406 -545 -34 169 -1084 421 -140 351 -651 427 88 103 315 -811 -161 -152 275 -813 -613 138] 5349.23
[575 -663 423 -21 726 977 56 414 172 328 688 -82 -437 -36 -480 499 48 147 628 555 -84 515 -882 -529 -601 249 -239 83 415 100 -720 235 478 726 -182 -188 -263 -751 865 -354 -333 407 989 1219 265 221 -79 45 -415 106 138 -226 -92 -413 -510 -450 557 -426 -254 502 116 118 -110 377 294 371 216 251 955 -260 115 -509 -318 686 -78 587 1156 -626 -24 605 188 489 -488 -1029 777 -266 453 -407 -111 -73 320 134 -557 538 197 487 -271 405 -95 199 -111 530 487 -1184 -73 -38 212 98 -974 1190 -190 343 -19 -653 630 -366 503 385 -85 456 -73] 5374.82
[572 -283 -594 246 359 429 381 249 -373 -284 37 -698 -8 -567 664 -103 342 -501 -60 171 -784 480 -1167 -178 334 512 270 229 -564 -601 468 322 -219 -52 -114 338 36 -154 487 -153 1341 233 124 202 1293 637 445 695 364 31 -170 302 224 -195 -246 226 -383 -754 -545 495 -107 -701 -74 180 -129 -29 27 -784 35 282 35 54 -72 -160 323 -563 214 -87 356 -312 -146 -19 196 34 389 324 432 126 666 -291 478 731 -319 261 219 638 179 -157 71 1127 -1088 -418 -367 -712 -1125 -635 -495 -121 125 109 -203 -258 27 187 802 -469 412 95 -840 -411 310] 5066.77
[590 459 325 -65 -757 -264 238 -524 294 264 -270 -452 -486 396 702 783 1303 -279 -215 760 217 395 -192 -361 45 438 -129 -816 -23 -114 -259 261 706 -137 106 202 -588 -21 -807 -679 -96 -521 547 283 836 -579 -207 344 263 42 459 455 583 1017 621 40 439 -626 -56 498 -357 -116 908 52 212 510 -705 301 64 -293 442 -145 -481 -76 -7 93 -423 -753 557 394 -729 275 -221 166 702 -226 -406 -92 90 -432 -521 -530 -403 146 -328 843 -465 173 -2 -659 416 567 492 -1229 -38 -693 346 18 769 40 -120 -20 522 -216 -593 604 1233 -256 635 26 392] 5331.84
[-514 721 508 -779 -326 151 -1098 349 -30 233 347 228 254 702 -1224 171 345 -784 -257 562 60 -559 -802 -11 -288 270 -339 -57 252 -229 -51 -28 -163 -315 -543 -479 429 644 110 596 -206 -144 46 832 -337 54 -567 -455 141 314 -335 570 -584 408 -937 -199 -87 185 -468 237 38 47 -182 933 971 -146 -819 388 -400 -89 29 241 208 -302 155 368 -609 -195 -278 396 62 463 -17 -30 -281 431 -347 -421 -28 387 -75 168 -311 328 -237 32 -43 17 687 -1378 226 95 -148 -407 -291 -446 230 -329 950 469 -247 -296 -348 259 -48 -553 185 105 575 -57 -640] 4889.59
[127 -139 465 -314 -444 -29 169 -507 804 -37 136 28 334 -717 339 34 -213 209 249 192 949 -647 -334 -138 294 -91 155 99 119 359 331 137 130 -421 1113 -58 419 159 -677 154 39 237 498 -515 -691 611 -738 21 -188 238 684 469 307 -307 505 256 -106 -281 -371 153 431 596 -46 -556 29 551 1386 172 -358 582 56 -883 -776 -734 18 114 -312 -142 -289 508 437 -401 238 -88 -20 45 -217 -497 339 808 -295 264 -273 -534 -291 697 -48 702 -738 122 616 376 -302 -505 15 -582 -47 -782 -399 -415 1564 126 533 -123 -33 63 -293 565 75 -456 -114] 5004.77
[-458 -156 -364 155 -213 92 -199 520 -366 -369 -92 -305 -279 112 382 -282 -566 674 362 159 327 614 510 540 -856 168 544 -582 165 -401 487 -295 -604 -129 -37 -945 -142 754 878 95 272 -626 268 -555 -215 584 -61 -407 689 -474 670 21 214 -452 -474 -275 -218 1070 595 266 -193 -435 -351 -509 263 -139 -891 -954 303 -262 -566 -281 12 -425 269 -364 227 109 162 22 49 581 505 -353 126 -270 -36 -183 -306 -747 -38 516 -110 416 -316 -975 -621 -627 -336 -169 622 -616 801 523 217 1075 951 -78 -438 -426 -34 -1245 -2 -1294 367 19 -693 754 38 -1036 -349] 5459.72
[-479 320 -37 -191 -170 753 327 325 -406 169 50 -321 -129 619 3 -343 -467 644 564 374 -121 -118 153 -62 -749 -529 378 144 1658 -944 1261 2 -538 -877 185 -435 -289 -47 -4 -432 -135 -508 -69 358 -1175 63 -544 102 753 -77 -208 952 -72 77 755 35 -176 -182 -111 -274 1008 -381 538 -105 495 -248 568 98 -450 316 -624 -841 770 -119 -23 428 389 527 601 -242 235 913 75 -52 102 482 170 -938 -382 -640 -545 -20 125 533 -2 -174 807 -410 -650 -92 6 880 256 563 110 -80 -504 -482 -177 -202 276 -591 455 -459 -603 710 468 -197 -401 -216 -239] 5373.53
[479 102 -154 -720 273 234 -602 494 629 -336 76 231 -72 -82 551 329 171 -159 309 -751 -293 -150 -410 -127 128 115 425 -101 -160 -81 197 -125 -231 226 -206 -356 -131 575 -228 -664 -760 -505 -577 409 -211 -490 162 -483 -458 873 785 -216 -327 330 -1012 -188 -128 -18 -125 299 34 -275 -502 57 -284 -756 -495 1059 302 -41 162 710 480 -98 1100 1070 -46 123 -486 165 27 340 50 570 -132 -571 159 331 -455 264 467 -921 692 554 -642 174 316 28 102 -925 291 296 -774 112 -65 -418 -253 591 -799 300 -2 -253 943 -31 71 -1359 -1033 500 -587 283 -543] 5206.02
[634 -353 -86 78 -597 145 -198 656 -50 603 -295 301 -586 -1200 609 -41 -614 1108 -521 361 -369 278 114 -385 -875 161 1 -624 -683 -407 167 -233 -713 -523 -254 -13 -759 336 210 -561 -13 -702 209 277 575 -1636 -265 -916 -202 -489 525 -443 -781 -662 -190 -95 -56 542 -644 -175 -407 419 -402 2 -166 -85 -241 108 -511 -536 151 -756 -669 100 -541 -62 562 527 -262 -174 -39 532 157 -1059 371 -749 398 -330 -255 38 -206 -616 -315 -352 -351 -320 -302 -167 -513 -184 -150 341 717 329 232 961 513 -22 -320 -767 -755 57 -358 -313 -723 256 -413 275 -258 200 -200] 5366.03
[36 425 538 -973 393 179 -218 -379 -206 655 68 -21 -97 -106 339 -368 -1 -894 200 308 -843 -587 1268 13 -227 185 712 -400 540 84 1010 17 429 1391 -48 212 -9 206 -1342 -258 912 802 211 91 236 549 180 118 -434 763 117 -417 -505 601 134 293 -736 -455 -274 167 101 -600 -510 660 22 -1129 -7 370 113 395 -884 453 906 -734 925 293 -374 -284 785 -507 456 463 -375 -17 -491 579 -303 405 326 -668 -837 -419 -424 347 -59 296 115 74 30 -456 -1181 27 -888 100 -409 -163 -351 -112 178 -217 -570 -585 490 -242 -170 100 -237 140 -153 403 37] 5575.9
[-54 537 640 -209 -626 493 -239 12 261 170 315 442 831 818 -244 1104 559 -475 69 -414 189 -918 -617 -153 10 401 -132 -479 717 683 -443 -8 42 -19 -285 8 -723 124 -608 -121 -393 242 63 454 -336 676 383 -109 -320 1075 21 -140 323 165 14 220 -665 170 92 287 213 98 600 7 -394 -169 435 276 -187 835 831 -715 -648 -281 87 -360 -57 -244 222 -175 -362 -1016 564 133 80 -882 -606 -134 -149 -316 127 268 86 -46 -92 740 109 129 -276 86 -610 1252 -504 89 -408 -909 86 264 -77 -770 -74 367 448 108 -522 19 930 308 5 1056 -525] 5119.06
[-274 458 -177 186 411 414 -225 -46 -400 361 -342 627 755 -482 436 -190 -928 -624 338 -331 550 175 -71 913 -77 -751 -465 100 349 133 350 -342 -413 287 -36 -860 -13 549 -361 953 -834 -844 208 -678 -521 560 -295 -45 823 280 417 542 252 -248 -213 -533 950 -119 343 544 -111 -686 -470 -84 338 -25 -371 -299 684 480 -630 516 336 -118 -803 -573 450 206 -215 1477 -478 26 513 -822 -207 406 236 127 -233 970 495 -439 -243 64 -380 -9 491 -22 832 -457 1703 274 -1152 181 199 418 -69 217 1012 184 -780 12 389 49 -414 1023 805 -189 765 -137 -41] 5785.11
[839 -184 -74 618 -256 589 108 499 190 445 -236 -339 58 317 371 -566 -324 -622 -45 290 385 63 -42 -184 -483 690 151 -308 245 326 -515 -147 -336 -128 514 570 4 -464 -310 -478 677 449 -49 146 -599 116 253 -40 492 241 376 -506 27 -539 -294 169 -809 -644 33 -273 130 250 60 237 28 -244 -298 -387 391 -234 -185 -219 855 144 -193 178 588 -7 -187 -567 -453 124 -513 -535 231 -723 -569 -639 226 583 -48 -551 564 763 49 -858 1133 71 -175 -673 721 -445 34 719 204 117 148 1416 -586 701 289 184 124 -139 20 973 162 -334 -282 572 640] 4907.4
[310 -437 335 -791 153 -388 -396 -914 208 -50 51 665 7 -382 -715 78 -240 887 17 447 1026 -38 313 -272 606 99 525 446 686 105 -240 416 723 -70 285 -48 1108 -391 -1086 -334 -436 350 463 511 -214 764 -108 -629 -536 6 -274 -235 218 -464 -19 -67 236 203 105 -430 -475 260 -174 -219 -493 236 -405 287 -511 -152 -193 638 793 -105 -28 675 14 -792 -321 200 59 -824 655 -469 -124 519 55 -587 196 -93 -941 -173 -189 152 21 748 154 1092 -664 344 -28 475 -524 281 -365 -978 121 -160 480 256 180 613 486 395 39 -115 -90 -32 -580 -12 330] 5037.16
[221 -737 97 152 -126 -142 763 339 -76 -178 149 -876 -1263 -277 -165 -93 569 -67 -236 6 -168 778 -100 -154 -792 325 -516 -719 -18 182 233 147 -232 -604 -305 -140 -95 481 512 -332 388 -692 -10 321 1353 -335 8 -516 -1 414 -396 33 -1238 177 108 456 -170 -535 -753 -603 313 79 496 18 1445 -770 157 -476 347 -198 -190 -959 -410 -134 -331 410 -158 -109 481 102 -88 356 -488 248 -494 701 170 -165 65 128 417 -62 150 733 -175 159 260 99 1057 797 -590 -973 470 -119 615 -368 -305 832 442 -471 25 903 408 399 126 -147 379 574 146 452 -501] 5329.01
[275 -807 427 477 -118 -293 319 497 106 -440 605 -158 778 -68 4 48 -728 678 1014 -879 186 255 925 55 -318 843 -241 143 -1005 99 98 77 -195 195 432 34 736 92 537 411 -349 -368 264 -433 36 444 318 19 -411 0 454 -140 288 -721 -153 675 390 1024 310 -407 0 151 -149 -235 -336 448 218 -234 362 -19 407 -69 -630 104 -255 -42 -806 383 -10 341 686 774 176 745 -969 -141 1057 1217 -223 96 464 567 349 647 160 -169 -1304 234 -101 623 -879 -896 399 486 1082 117 94 -511 -1091 -251 129 488 173 -343 473 -438 -783 589 -183 -133 -715] 5592.22
[197 385 928 -329 166 1228 -54 486 -21 -152 -174 28 75 430 -740 82 307 -238 -882 -117 299 60 -737 -597 808 125 -778 369 -72 -499 102 -476 64 -481 91 73 624 -95 670 625 -250 -115 -42 477 -437 -153 -219 -645 -804 390 -720 38 22 540 -75 -701 -589 268 -89 62 1091 541 1038 475 433 902 257 -112 -716 -545 726 212 -985 -504 627 329 208 -137 -150 -234 -280 1134 446 -333 324 -251 570 240 448 315 -680 484 -43 563 -423 88 404 -1 532 -507 -447 551 82 -344 592 -732 87 -152 737 413 341 -311 -883 -294 -1044 -14 -47 -950 -136 -973 -151] 5517.12
[30 -425 328 405 327 -174 432 286 -1073 383 -231 407 125 414 671 298 -461 1211 390 -7 -221 930 351 -223 -245 -246 209 640 -1104 359 -177 496 319 51 399 90 490 813 -783 318 1201 -131 283 -256 772 -949 745 -798 62 -602 166 -745 587 246 -10 -176 636 65 -99 255 -182 -277 -344 -124 86 334 -828 353 190 -801 -30 362 -362 962 475 464 -466 118 186 -926 209 32 161 -360 639 -1153 461 1012 219 397 -660 345 177 -237 468 -108 -208 -192 394 128 -872 -158 -365 -481 -17 -421 281 -462 -105 -395 502 327 -843 -199 1000 -138 -457 232 -292 -596 386] 5490.23
[381 -30 -172 -676 -639 68 -751 68 240 619 -963 -239 -256 -108 166 781 6 -299 140 655 661 -499 -361 288 649 192 75 -121 398 198 -402 -125 735 -1575 -851 383 -411 -498 -391 166 -273 -910 -106 585 -139 80 538 253 516 -167 524 73 268 -339 -306 -937 -89 221 464 468 -763 400 204 337 -75 -295 -393 -870 585 15 194 507 -436 467 -39 72 -584 410 220 83 -513 -356 -259 629 435 100 -308 -558 -839 184 -423 -606 -573 -519 547 619 590 -436 84 -510 104 335 106 85 -606 507 260 764 -494 19 400 -318 -351 279 -250 165 895 -605 -231 -339 -260] 5133.61
[-134 492 9 -680 786 132 370 -496 -696 187 -630 -566 -723 943 250 -744 79 -412 713 113 -83 305 102 49 -10 -167 -453 302 1133 -669 1056 208 489 -196 352 370 83 77 -662 141 982 80 44 -209 -201 -44 855 144 486 -362 695 193 -210 452 -350 -378 -293 -39 421 -573 300 -425 -408 -461 348 -641 483 150 176 161 385 -583 739 -791 1054 591 -78 -551 221 -151 299 -148 -428 261 493 660 -740 -274 -307 172 350 -474 61 414 19 118 688 34 687 -75 242 -325 -429 -460 -626 -489 221 746 -627 251 -227 -284 218 1123 579 -689 1122 35 -518 966 -263] 5399
[482 444 -208 323 255 837 95 1526 106 -231 615 584 11 1168 297 318 332 17 545 184 -47 587 -39 -809 570 762 719 -111 -913 324 -18 694 72 -162 669 288 429 -316 15 207 450 -38 928 317 -350 208 98 40 200 -183 -160 -235 954 -372 -1280 518 86 -24 134 316 -325 285 21 24 337 237 -1457 19 -917 -24 975 -143 -690 156 -395 258 -203 31 221 759 346 439 695 -663 -318 261 183 1111 510 -129 -266 561 250 1299 226 812 -159 596 -912 -445 -263 -325 -540 -233 -244 -136 -1090 -691 734 -465 -537 -424 36 -80 471 385 432 -96 -322 351 153] 5743.16
[196 -363 -249 -90 -340 -233 -128 -771 -532 -325 -30 -303 -289 155 199 -190 114 401 -507 439 100 77 296 394 -171 325 -1010 470 70 414 -639 466 371 619 -642 622 64 425 96 -270 -680 -407 400 92 545 305 -314 -245 492 -418 409 -248 221 140 103 1082 186 -185 -196 522 353 -127 -308 353 750 220 -1274 161 31 -703 403 70 -1075 -154 -185 421 -100 -283 949 433 -756 -418 449 -566 -319 -313 -338 -35 184 665 -57 1375 -137 -120 532 -245 -715 1031 1192 119 632 216 -801 -881 28 367 757 -514 209 -29 494 -276 -453 461 -1249 167 -681 -418 440 -232 -474] 5427.74
[83 -400 -581 189 168 -778 -1068 -189 527 691 391 -510 41 427 117 -216 374 -583 -198 -252 -57 -2 -627 -55 243 725 -254 -224 90 -305 -945 -718 101 246 -1015 383 17 -370 612 216 245 -256 309 -873 -56 16 118 -646 846 453 -341 167 -1072 314 81 -462 192 -568 78 153 -1148 135 340 370 831 464 -1161 -94 689 -9 -622 985 -469 -285 -292 74 -447 -138 -225 -41 -284 125 116 560 -495 454 -196 -305 -139 253 398 -454 305 438 323 -409 27 -151 -143 453 -305 -373 452 -49 464 518 -147 778 86 -381 -319 -227 200 415 104 -773 686 171 -284 -179 -799] 5062.76
[-195 -94 46 -747 -97 -248 118 605 -745 218 699 -344 138 -27 -288 5 -443 -451 -310 -571 216 111 -19 368 352 -410 224 56 -475 83 -738 -137 151 207 131 -649 -465 215 -511 -168 80 -576 -280 1098 377 213 -147 -802 56 -718 958 185 704 -88 -257 -207 333 290 449 180 -611 277 1 -163 771 488 299 124 287 -541 871 351 -389 -899 247 128 79 218 -136 -18 -622 78 242 111 450 250 -99 248 -212 697 -506 89 -400 -92 -436 597 -104 -160 -320 -640 919 346 -656 -712 -496 796 704 -540 764 526 227 -298 122 310 121 -500 -279 -152 491 -209 509] 4774.75
[-354 34 -224 -275 1018 88 -84 -38 211 -831 915 -467 -758 -223 745 265 54 -377 204 -464 -294 306 -360 476 -129 -544 493 4 323 706 515 601 427 -376 -4 54 -142 -582 457 48 1025 -223 431 284 -483 809 677 202 392 -200 596 -275 310 473 -401 493 366 -345 58 -530 67 -1070 -301 76 921 503 -326 677 56 -364 -8 -338 -642 -198 82 23 -65 -353 -51 295 -421 761 32 35 -37 1011 854 55 266 -679 796 396 -295 -430 -770 282 -845 398 -104 118 428 89 34 -446 -6 270 -192 -437 397 0 471 432 579 -279 433 640 -63 75 -1129 608 859] 5174.98
[-2 377 183 27 124 326 295 -591 -693 480 -301 -197 -299 546 218 683 188 415 188 -88 517 275 -22 176 80 286 -200 -319 -670 -334 186 550 898 892 311 3 -259 105 -1341 -183 -259 736 -288 -342 742 158 -413 -817 29 120 -378 171 525 -166 118 -62 -92 22 -393 909 -635 -819 140 197 -77 -869 -394 134 -220 -754 -707 264 1100 495 73 -126 793 -442 821 78 -238 -24 599 -192 379 -958 47 332 921 10 -199 -48 -521 368 9 66 -267 498 662 -305 -666 638 -196 -842 -303 -1060 111 -340 -59 537 -622 -115 -654 -267 139 271 -208 209 391 -620 638] 5179.4
[429 -61 142 29 -466 26 430 -31 599 -315 -72 -588 -38 -723 152 -36 -407 -1 -222 -67 -355 -242 833 303 391 -648 16 -296 -720 127 747 -822 41 -595 213 37 -257 -107 -154 14 -652 -596 -128 737 -429 -280 734 722 -972 413 59 -419 -640 469 -40 -341 451 327 536 -96 -177 281 -435 281 -251 421 -221 -223 256 188 -34 190 -532 -465 -428 607 -1723 28 -413 -170 706 -126 -796 -316 -263 -803 -126 -51 3 -115 201 -487 -204 -349 -667 -112 138 -372 1201 -193 466 -320 -433 234 257 366 282 -497 -582 -179 -73 -39 406 28 987 -557 -675 332 -326 -195 -391] 4978.63
[-317 -592 27 -118 -782 -67 528 -73 -343 1270 184 305 319 792 445 64 -808 918 -51 -397 -77 810 764 -741 -225 -1249 39 72 -312 -550 299 360 -110 -103 390 -1037 -187 -576 -235 258 171 720 17 276 -528 -281 276 -27 -520 -1109 -429 843 982 -273 385 -203 932 -199 639 -182 -31 624 246 -16 462 1234 797 -324 -605 556 662 -503 -647 -134 -840 -402 403 165 -251 -330 476 136 483 -501 538 147 -427 -386 880 -585 282 29 -642 -135 -113 -449 140 -343 -390 228 131 228 566 -308 431 547 -218 -342 268 -139 -908 327 -1143 438 269 177 -247 -55 -299 -135 580] 5602.85
[-661 250 465 -270 -537 -332 -302 826 -865 155 -511 1026 57 282 -370 251 -485 166 -268 -320 696 -593 -252 316 402 391 -23 172 180 223 -537 -549 -113 21 -73 26 187 133 62 185 -1074 -739 207 -585 -782 583 -230 -393 507 933 -247 249 79 -254 614 726 885 -202 -182 2 926 521 -363 400 -206 -479 -590 -20 -769 104 -514 -640 -60 616 147 -4 -127 -393 -263 405 -115 -694 682 591 -763 -218 -383 712 -14 344 -320 -139 722 42 426 -165 -680 -55 -175 -368 717 -16 458 437 888 -250 50 -85 -951 88 -353 -283 -417 46 -302 526 41 -768 752 -187 -82] 5116.15
[-848 1155 -296 -949 293 -416 74 362 -221 182 356 -230 343 -285 363 269 266 -599 -660 -184 -309 -305 -121 -352 -177 -350 -110 320 788 82 -1180 108 -398 -348 -457 -455 -527 -693 -283 -321 -258 -546 652 119 -189 154 -99 70 -226 480 443 56 -248 -372 339 -320 344 882 -855 551 379 -371 869 495 168 624 1091 824 -171 428 996 -817 -453 -235 869 431 -447 393 -856 -173 -882 547 259 46 956 482 433 267 458 162 -925 -419 -618 -531 -462 -90 463 -154 381 -667 -699 -134 -207 -359 -178 -223 -265 478 680 456 414 693 254 20 63 1166 498 -894 -491 -31 443] 5617.48
[520 -265 130 -838 241 -108 563 172 -334 1263 359 111 -915 317 446 -558 -305 185 672 -259 415 -162 937 25 469 -256 280 368 -468 -75 58 -651 -392 376 67 -662 595 10 229 24 65 -28 53 -11 -722 -13 -648 -689 -282 -279 280 544 356 654 -332 -315 141 698 -285 -917 -879 165 626 -220 460 -410 -151 505 -28 253 -182 717 552 188 -677 362 -75 -216 441 316 324 -21 830 -261 326 -50 527 1288 337 -530 -285 -483 7 -46 254 2 -111 871 399 -651 1149 -772 271 405 353 -47 -436 750 -205 -627 -319 -1429 -277 -96 63 -339 161 392 -283 -26 -197] 5280.06
[-53 -629 -559 834 -39 565 5 -343 -260 162 599 189 49 807 -104 -170 -630 387 559 -182 -77 268 -373 -410 -1326 492 180 -147 324 835 -762 994 127 206 -347 -242 -566 -161 608 426 691 241 -301 -629 227 -14 -730 -94 449 -1539 -720 -901 247 -267 -594 -268 -466 -447 244 -110 252 238 -344 -102 458 -417 829 -1201 272 530 -68 76 -44 521 -1105 -125 353 -342 1021 231 -587 -43 205 -358 438 94 -299 232 220 -564 976 256 30 -360 457 -91 7 445 -747 53 -47 26 764 -247 -169 1220 -8 248 179 -125 -90 0 -594 -104 735 -380 321 552 48 347 220] 5446.17
[259 542 104 489 -639 151 -104 -744 -346 -161 539 34 1202 400 686 -542 277 436 362 -575 -113 710 359 790 -348 179 55 365 414 267 -883 828 -191 15 -448 295 -108 106 -1186 -220 170 238 370 -659 676 55 117 -535 598 -782 -72 -421 706 21 -308 1091 -571 37 265 -105 -493 -160 -39 -385 -766 -414 118 356 -213 -511 258 600 467 -473 145 489 59 -244 217 -641 -408 -435 61 -723 594 422 170 113 95 68 17 -394 668 692 -78 810 9 280 -433 312 -624 328 -448 -471 -1365 711 589 -2 651 663 632 379 -449 -170 1238 -810 303 -193 -61 182 -1] 5426.43
[282 -344 208 818 -472 -471 263 -70 336 170 2 -191 -115 -410 -1078 390 222 33 -132 66 531 -185 -1272 184 -520 581 -418 445 -728 -332 372 94 -138 -339 454 391 -44 292 -113 -9 -653 274 -204 53 557 145 -538 -239 591 210 -377 -199 -307 172 264 -97 226 -77 -442 -196 115 123 -132 -23 380 890 -51 -259 -49 197 -378 -352 140 250 -486 -279 149 -533 -384 708 -100 -1153 -60 -492 -451 -143 280 465 394 293 -80 1209 117 -645 -569 -637 -49 921 -601 388 438 857 -519 -1165 -532 217 37 -1052 -323 309 133 684 133 127 -435 -556 -41 610 467 -610 146] 5003.65
[284 24 29 -191 -44 2 469 1011 94 42 -589 319 -15 686 -473 -409 318 44 1013 352 -602 -707 1109 63 -539 13 -442 -346 136 324 -476 421 818 494 -606 -182 -264 -147 165 245 -1069 340 -95 630 299 -75 347 136 -475 944 -885 704 -649 79 444 157 281 623 -372 -113 1237 460 892 611 -472 -31 852 630 -653 593 981 -766 114 349 293 482 -464 -425 17 -645 -560 334 -657 356 -1003 -149 -295 295 -105 81 -235 920 777 682 661 -229 76 -89 -336 -713 -614 50 -378 -447 1140 -168 327 33 65 520 607 531 421 53 -348 654 -329 -452 142 -368 -150] 5627.59
[654 -454 -546 -10 164 -744 547 -586 -459 -862 -774 4 41 -428 991 484 84 -380 518 236 -111 -261 846 1432 -394 461 -486 -227 218 -289 515 610 65 -635 53 159 -217 772 -612 582 1271 -679 -342 -846 -2 -271 511 146 -408 -650 235 94 651 -127 -322 5 126 -181 -615 -603 -610 -109 -346 -205 105 -78 249 302 107 502 223 -769 -4 105 -480 -743 -566 42 274 -158 137 219 -272 -149 -146 11 263 -300 420 -146 209 445 594 -1431 403 -297 34 -248 195 712 -301 183 -299 -672 -332 150 -167 490 242 -174 557 119 250 35 -62 809 525 -313 80 406 848] 5219.42
[467 -365 108 865 -66 557 -431 914 290 -25 -721 418 -156 106 -217 -176 505 411 -339 395 -826 -381 1122 -70 444 887 -296 -301 16 825 -295 644 -144 581 108 -505 11 -297 -205 -164 368 769 -491 -815 180 -1671 -162 -799 -742 -112 -697 -327 -325 -483 95 -39 -970 858 116 -109 571 584 -643 -433 -844 62 -153 -125 -869 -425 -632 278 617 -10 198 323 712 -262 -591 -137 -524 -99 616 -327 -456 -280 -806 -84 -576 231 -579 -69 218 335 448 471 295 64 -1044 190 515 71 -655 291 189 959 81 467 882 -400 157 -329 -3 905 -453 -613 -418 -365 102 303 -71] 5619.09
[522 494 -416 -1191 147 -432 167 -182 -416 -220 269 -519 -92 90 -41 -322 -32 -275 125 -295 453 191 -440 480 1071 181 -75 26 384 52 -68 -742 -310 740 -309 310 203 -298 563 -527 -158 795 600 -345 -419 505 330 175 527 215 -283 -376 731 -320 -305 -444 66 106 -393 225 -238 -122 332 -49 171 322 48 -221 1194 188 -408 -26 272 -353 166 -668 717 -276 457 477 -343 -23 840 -44 459 -259 699 -301 1311 -94 -872 -152 -317 251 981 630 172 -326 219 731 756 -599 -184 27 1111 194 17 738 395 652 -490 -613 285 64 -272 1018 789 -869 608 -49 194] 5277.29
[184 -510 -308 1368 835 75 355 575 297 18 286 -969 -129 634 52 -789 278 205 25 403 790 -48 -208 108 336 -1270 225 293 126 309 -583 154 370 -282 -98 55 657 -178 352 863 498 794 -192 158 -507 726 -433 106 -574 -77 -578 -482 -444 -159 -388 406 -1331 217 740 302 351 -462 -266 -439 -147 -154 48 353 -64 72 463 -162 -69 -187 -313 387 197 -426 -52 -632 -36 590 35 -23 282 311 -412 12 -284 -104 -616 95 498 769 77 721 547 -726 535 497 636 -658 -449 854 -524 269 537 -305 -52 -752 -390 -371 -580 428 52 -214 -184 263 242 -169 -664] 5161.67
[-548 1042 -496 -1228 -402 228 0 -655 -425 -32 1056 -746 -41 -219 260 -456 -253 -46 -558 16 -677 412 123 -164 451 -389 292 -125 -480 38 -241 -457 -919 -136 -366 387 -4 -157 824 -645 762 451 218 113 118 574 -305 674 299 -72 390 12 -76 -249 421 444 -431 992 -1172 482 -305 -468 1010 -152 123 177 641 -290 255 -804 -69 -294 -366 -1306 394 -92 -90 -762 -4 -630 -111 817 112 -17 496 -271 530 -348 1046 -230 -130 518 -427 -316 372 -174 -259 13 114 11 -690 -847 501 16 466 223 220 351 444 715 647 -319 -747 -382 -445 232 -562 -68 -826 -767 185] 5494.4
[-608 -315 -448 103 18 -647 -164 -503 -935 -738 448 94 -249 -405 601 -680 -438 245 -155 -135 567 137 -337 234 -330 -1195 521 592 -662 -348 433 38 198 701 186 -321 -716 834 -533 -940 59 -1007 129 27 606 -386 922 193 -237 657 58 152 284 -351 180 -63 217 350 84 -579 -485 -125 445 -947 -721 -1181 353 650 -243 336 -589 445 814 -160 -594 -177 -62 -370 735 824 -110 -1002 -1214 166 -303 -438 128 -46 115 209 -187 -810 -394 37 -129 -383 207 64 572 216 -123 577 795 681 712 -197 156 770 -28 -30 158 175 -219 -228 682 190 -197 510 446 -625 -266] 5477.71
[-494 -395 -558 -156 748 0 -409 -425 437 -446 52 344 -465 549 168 208 263 205 -1224 522 934 265 450 578 52 412 203 -303 -796 1050 -422 -177 419 673 -932 165 -676 -26 -606 -330 -35 -868 209 -521 6 372 506 29 -609 1005 -514 290 -255 294 -297 280 748 183 611 13 438 -759 -325 1095 37 -192 -1492 -56 -490 -52 -207 580 327 823 -418 282 -226 50 319 18 -585 418 38 -556 -947 -68 -438 370 -687 -358 -56 -877 -120 387 -465 -238 -498 397 496 -400 747 -127 -79 204 486 440 509 112 773 -270 -1317 331 942 116 -130 769 -435 623 309 672 49] 5709.73
[141 -16 -202 235 -165 350 458 -654 -283 661 590 -1045 415 -42 -345 -85 -786 -307 521 567 531 375 -280 -156 -360 -557 113 -655 164 -942 1064 -627 -318 -608 640 -647 -45 618 -466 -592 -202 -649 -735 770 -399 208 -951 -1011 200 -174 243 -264 -250 206 736 -1004 504 604 -260 209 524 47 -33 7 428 -75 1530 -527 -563 35 -703 -615 511 -631 404 -163 -331 42 694 -176 -470 533 60 -444 439 -181 2 101 419 496 -298 -377 61 -493 -319 146 320 208 -127 -591 721 -377 245 -50 651 -45 630 -513 -166 518 -37 -259 -288 -398 -631 -11 46 -59 -343 -934 421] 5392.74
[-821 -311 125 223 652 -26 -108 -566 -981 482 335 219 405 388 -309 -218 -634 -34 85 27 291 383 1180 360 414 -889 -270 166 156 -337 -274 -461 -186 777 -192 157 -527 748 532 -19 133 408 -559 -266 -258 498 -261 -715 -160 -542 -250 425 -105 -528 724 -764 258 387 -264 -478 546 -461 227 -70 -368 925 1779 -546 -810 441 -66 -289 -174 -312 26 -159 254 -117 155 -583 472 75 719 -616 -460 872 -282 157 361 283 -200 445 354 -219 -60 -389 -52 -185 -453 -280 419 88 514 -481 1103 59 9 242 190 615 557 -747 -437 -307 -683 471 -553 -244 106 212 318] 5234.95
[44 -319 264 -390 -312 304 -95 -23 721 -56 382 -972 573 348 255 843 -443 -109 59 -89 557 -357 2 -32 -855 290 -345 -502 79 -37 87 -323 -849 -626 -58 -698 650 -389 -417 -770 -82 -1130 264 153 436 -135 -303 119 635 939 408 337 693 -119 -160 -1024 7 573 -554 -327 72 190 341 -303 471 -364 -486 -616 607 -54 -647 400 710 -387 206 370 -524 596 -449 393 78 216 -324 -259 491 64 -245 26 648 -429 -704 -583 0 619 190 -140 363 -807 451 -537 -300 266 1076 -580 -7 324 438 567 -211 1040 1293 -729 -8 -61 1401 -569 309 -337 -820 -393 -931] 5595.18
[14 572 373 -190 221 190 459 24 225 -112 280 -299 527 1300 -468 30 745 -895 643 133 243 -527 -1854 531 -527 331 -386 -99 273 -280 -237 53 -450 -830 -269 -14 719 70 11 -31 -298 -736 -245 -607 -652 504 -1279 -976 801 143 -63 114 530 475 -177 408 -647 950 -642 99 -92 -261 312 -174 332 -1019 -86 736 -424 -53 515 597 -317 -300 -93 56 380 96 727 -99 -1153 303 128 278 537 -84 784 576 656 -308 400 -195 1127 306 -448 73 99 949 -233 -343 91 205 -124 236 -451 372 343 305 38 329 -106 -322 -556 -79 689 -403 522 -109 44 -756 400] 5599.97
[-530 -272 -559 401 -462 -86 -826 -252 -176 63 -189 -119 429 -479 828 29 -63 602 -633 527 -184 135 600 -893 -424 348 757 -356 73 1118 -385 435 17 166 -59 314 359 -817 753 -971 631 -505 31 -334 671 -189 412 476 -142 -380 -181 -350 -583 -138 523 719 -179 -497 -201 -319 -534 -459 -469 538 -98 -59 -191 131 -494 -33 -178 -185 -634 801 -318 -166 -275 760 214 496 144 580 905 -105 -150 325 214 -238 175 -231 -251 272 -2 -167 264 14 -163 795 -55 39 -604 -288 1078 823 157 203 -967 249 608 -336 353 187 452 -745 -248 271 -723 464 -658 723 -723] 5177.33
