[180 -13 -350 5 -242 119 -705 -188 -285 -11 186 -59 -299 -60 -374 -114 -570 82 139 -17 -210 -87 -47 -2 -556 54 185 -483 -272 474 231 -581 -386 362 42 -413 -279 388 532 -169 -128 -556 276 173 -613 -163 305 260 -210 23 215 -95 383 228 -626 -188 -405 190 -30 287 341 105 -3 -29 444 -107 -501 190 266 -383 446 2 249 281 -203 -345 -795 -227 -294 18 -28 -85 324 157 201 202 -100 53 -79 112 248 -338 179 -253 93 -64 523 -332 -306 -48 45 197 -599 330 -432 426 -5 330 -278 89 272 190 48 -220 96 211 353 -351 -115 -33 250] 3245.33
[-304 94 154 290 493 -54 353 -231 366 94 -84 -50 423 203 522 100 -170 208 343 -30 -169 280 -121 479 -48 -173 94 38 30 -159 15 637 99 -706 -245 -230 -43 -322 -389 49 83 252 -400 248 -270 -150 -159 -223 -238 78 -428 -481 -692 315 310 -86 458 -6 -45 -114 -173 -242 -275 -377 764 348 75 99 -9 -495 -90 -91 179 -198 8 127 54 33 -3 -433 26 332 -232 -379 98 102 55 -285 60 -504 -82 592 -26 92 -550 158 262 -58 -231 141 -221 117 365 -175 651 -367 -534 -737 147 -208 257 -841 -482 128 77 227 -149 334 -24 41 -143] 3319.79
[74 -640 77 43 -143 -286 -347 -373 -240 290 186 220 -135 81 -655 157 286 -374 289 -299 59 -291 136 -8 -533 -43 398 -419 -108 30 0 -477 683 -126 302 -108 -59 258 464 -438 161 -443 159 46 -576 -618 432 -41 -279 92 134 272 165 -92 -258 285 -158 211 -238 223 -616 139 159 26 6 -256 -156 -215 -509 151 163 380 204 16 -151 -402 -772 -163 -242 -43 -19 -324 494 437 52 -310 250 798 -45 155 -357 -54 182 255 -98 -299 -41 91 -93 -314 -221 125 -1040 -355 -321 -311 343 191 -328 -5 201 -17 398 -154 170 198 335 -251 307 -185 563] 3460.93
[561 145 16 90 -376 182 -478 -210 -286 361 764 -11 -40 -488 -522 85 12 238 63 -66 -348 -393 332 317 -68 335 -49 -253 53 478 119 -240 484 -95 235 202 -257 -196 -87 -792 255 -560 402 -530 -53 8 -174 -87 -371 182 1098 189 208 -64 2 375 7 197 197 -302 66 117 -43 -47 -186 -468 163 -354 158 -466 -110 -325 -246 -80 -285 -37 529 -183 74 505 184 303 140 -254 -224 -43 252 133 -182 -246 -209 56 58 -432 657 -42 58 -177 149 160 262 210 -487 101 -182 292 242 169 49 -5 -192 81 445 -401 113 165 221 -340 244 -44 133] 3287.51
[702 18 432 128 296 -257 762 9 -111 -262 277 -469 478 -129 -105 -631 41 131 15 -183 -479 -214 276 52 161 -127 242 243 295 97 360 114 310 92 307 550 -44 100 -462 -52 327 -331 -17 -619 -54 523 -75 24 -157 -66 753 -123 260 -218 -202 437 81 -68 338 -292 106 -191 -66 -635 -788 -94 427 -164 -144 357 -110 -395 -137 -45 670 298 914 103 303 823 -116 -176 -79 -598 -100 -247 -46 -198 164 334 -377 -60 83 190 669 486 -199 86 334 307 82 77 -124 -34 310 -242 141 -120 251 148 23 177 156 44 146 -134 300 -731 -607 150 -285] 3621.34
[-435 -234 72 -73 -342 -200 -135 -6 -118 519 -125 610 185 214 382 1000 204 122 -45 295 -52 -255 32 54 33 568 -25 18 -225 413 -334 -56 -65 149 -37 -172 81 -159 -172 -248 113 344 -701 323 -119 -5 -254 22 -80 -269 -80 -97 -215 186 -559 254 389 324 30 -114 -1 -62 -177 121 42 150 431 33 -157 -185 240 549 14 -393 -539 -321 -302 -242 -539 -716 30 496 -410 282 -37 30 -127 91 349 -559 -49 456 3 -227 -7 -146 -9 66 -125 201 -512 -140 344 43 425 245 -166 518 116 -42 -305 141 489 356 -314 -207 139 181 878 28 188] 3305.37
[-491 -120 -47 287 -43 21 -219 -30 216 930 320 374 -125 182 173 216 283 44 37 -433 241 -354 66 280 463 -146 -497 469 -100 22 -907 296 713 -398 -184 -122 166 -298 116 -458 502 744 -468 -51 204 -515 -316 -461 -102 96 520 -274 -43 194 505 50 1073 36 -85 -493 -174 -460 313 -193 9 -142 539 100 -124 55 -301 -6 -308 -373 -476 -7 124 -465 179 -284 651 123 -165 232 -56 -79 410 -17 12 -623 -163 263 -38 -74 -21 261 -402 346 92 561 -482 38 82 452 821 409 466 -62 80 -82 392 -234 -162 -17 17 -28 -266 104 287 -115 558] 3783.6
[559 -135 37 74 44 -530 445 76 19 -692 460 275 -159 270 -803 -362 487 14 88 157 461 -77 -802 -341 -26 302 493 -354 363 32 381 8 523 -269 -289 581 -505 4 -10 50 -447 -223 475 -347 46 -180 35 -73 -105 466 -183 430 108 -122 91 18 -212 -153 34 481 -187 193 -123 249 -183 -475 123 -758 -302 430 -158 -567 -11 118 706 -419 -322 128 562 342 -521 -254 310 78 -110 -27 244 1021 -258 315 -67 481 -51 573 183 -387 -255 431 484 -485 49 -335 -596 -1009 -481 -382 149 40 138 -2 -18 -52 64 -395 398 122 106 74 -760 185 199] 3982.18
[741 -403 213 304 229 -479 687 99 47 -806 121 -183 630 -268 -347 -226 427 193 -66 608 -257 283 200 -30 508 304 -297 85 280 288 92 80 285 13 246 595 -20 -146 61 -504 -184 -153 -32 131 667 341 -376 -511 -171 421 267 -28 -117 -147 155 32 -21 220 615 -202 90 -406 430 211 -139 -158 548 -415 -227 29 -91 210 -105 -238 788 -21 839 637 460 -75 -677 296 -413 -188 -51 470 -174 448 -119 440 -207 35 -225 81 612 -43 -71 545 403 -157 154 193 149 -346 -236 -954 66 -8 419 95 -399 400 276 578 -38 -262 138 -276 126 200 -408] 3856.52
[45 -378 34 -199 -326 -280 -410 -44 -548 -256 592 -47 213 -326 128 229 368 201 -111 -156 -132 -30 341 342 254 285 177 -67 -151 452 129 188 577 423 46 161 -172 243 -14 -397 679 -58 -100 138 -67 -90 783 -54 -52 106 50 -20 -190 353 -338 -524 -18 373 -74 -317 208 -969 647 -692 311 -253 -96 -157 306 -238 145 5 236 51 -157 107 -376 105 159 64 78 217 617 15 284 -134 -124 6 -369 -53 -327 21 59 -212 -54 77 -2 518 -155 124 -83 231 -507 426 357 74 279 -75 -1 29 647 3 279 -115 590 418 243 -729 393 380 115] 3384.75
[225 491 279 -74 409 20 66 -44 245 470 -867 -648 201 274 269 -351 -394 -123 295 -286 -155 350 -109 -188 -114 -573 -436 37 191 -768 398 225 -268 42 -153 354 317 35 -811 685 -260 -3 -333 -504 613 -104 278 554 822 -203 -208 -45 -4 -114 -90 278 -6 -247 281 -73 -157 372 -327 387 -266 277 -768 138 -169 161 -246 -372 -584 80 735 417 418 111 -123 537 162 39 101 -706 -446 -562 6 -283 -248 -158 -350 -69 -265 88 -69 367 485 128 -77 121 562 -418 429 -324 373 -406 -554 -358 62 257 -471 230 -852 -159 66 -170 -112 334 -540 -213 -700] 4035.93
[69 341 -254 155 473 665 748 -59 52 -52 -187 -601 49 -90 -7 -642 -616 -685 -381 231 81 178 -72 121 -114 -800 -498 93 267 -2 205 -99 -463 -89 251 -585 268 -20 180 -292 -143 288 178 -313 -480 571 -172 -299 -464 278 352 -613 494 -321 -544 254 -55 -280 81 572 382 447 -247 -344 -88 476 452 647 -182 -50 445 -144 272 253 192 573 566 406 58 87 131 -107 18 279 94 615 -132 -786 -14 616 768 -495 209 -437 342 1 108 -1004 -245 -196 281 210 404 180 -253 -177 340 -324 -188 -87 505 -439 -261 -276 -466 -80 -29 -253 -251 308 -130] 4027.87
[75 114 -484 267 -120 19 776 -205 -135 172 856 197 468 79 165 -680 5 278 -638 -29 539 307 -96 289 805 5 -818 268 245 -92 -93 398 643 133 -402 220 -586 129 -500 -344 909 335 -248 -301 -47 429 -196 13 -147 271 152 -26 402 400 -87 161 738 15 295 -196 534 -619 -50 -149 26 -505 497 -393 402 -512 110 -746 93 -161 286 336 583 554 592 19 327 236 80 -23 -479 55 -58 -644 -147 -731 321 441 365 -227 555 94 -574 355 548 109 -162 -365 482 159 711 452 -182 323 700 -269 752 -349 -130 -461 771 94 189 -172 -362 188 223] 4367.41
[548 40 479 16 385 -289 -314 137 -79 -523 -481 -276 -343 243 -310 -312 40 -490 -92 7 7 6 56 -63 -340 108 153 236 46 497 278 181 -391 472 66 -143 431 226 375 549 -253 367 17 513 -101 482 34 -320 116 -186 -475 -136 -12 197 -711 -501 275 -57 417 -99 118 -871 211 -359 186 443 135 155 -402 794 977 46 33 45 232 15 -30 166 -109 542 -423 -433 -88 31 580 52 -295 284 -231 530 -39 -114 66 -189 -276 48 343 394 -477 -601 304 570 8 88 -552 -338 401 -215 -329 542 471 411 -172 57 -5 -217 660 -158 -185 52 -79] 3727.77
[673 -10 -277 -554 -334 432 -1152 268 0 -156 57 -87 70 -370 278 539 111 94 601 87 -465 -455 849 149 -313 887 571 -536 -91 280 396 -306 -84 -363 648 -688 131 -403 606 -144 -86 -985 513 50 -190 61 171 74 -360 -533 583 115 -298 -331 -189 358 -104 489 125 39 -372 729 192 32 -34 -357 -151 -398 234 -449 -180 466 -416 -101 -778 -555 -120 -218 -50 -91 204 255 -328 -375 122 32 -507 24 419 -158 295 166 -28 -569 -562 -208 712 -286 -232 -326 52 706 -223 347 -393 -52 -264 48 12 73 -961 373 251 -164 -321 156 37 377 517 134 158] 4300.2
[-275 -163 127 381 367 -222 1017 -465 633 372 -421 252 97 100 586 166 -506 -410 264 333 -77 61 297 -32 -159 -249 -31 320 294 -564 296 326 91 -297 254 78 -55 -108 -778 201 8 -118 108 128 -954 927 -347 194 412 -652 -1189 161 -32 -210 -206 572 265 -280 -623 24 -559 219 -1115 -94 211 482 25 345 -179 319 44 357 671 -155 13 93 345 336 -67 -122 103 -823 -279 438 113 -554 16 -319 196 -168 -207 -424 148 535 21 -489 -195 -138 -539 -419 -760 -288 387 -709 -31 -294 190 104 -288 -130 443 -531 362 205 -176 -342 -18 145 149 -405 -103] 4295.92
[298 73 -305 -402 -788 398 -278 -351 -242 -175 -129 -236 -205 -841 -363 85 267 -128 -164 297 -314 421 862 157 296 753 -571 -479 -513 484 -397 251 -82 -10 455 -136 96 399 -123 265 231 -51 311 303 448 215 7 146 -127 489 243 751 276 -122 332 -336 -659 85 539 -319 247 -329 524 174 289 -67 -821 -523 272 -993 68 75 75 -16 -17 302 739 768 153 33 -686 487 -191 285 -330 408 -382 -193 -6 -74 250 -435 453 -721 256 -65 -372 263 41 280 601 328 408 176 -141 106 -531 -78 67 -193 -324 -48 621 55 157 -175 466 20 879 250 -179] 4207.45
[-1019 138 -139 -574 -63 627 217 -98 -124 743 206 228 -737 -49 -557 414 211 -867 -237 -415 274 -35 -3 -507 -770 313 -145 -205 -113 363 -414 -248 -215 258 694 -389 337 127 458 691 65 712 28 213 -607 -32 -393 104 -549 -562 180 -269 443 -313 -825 203 163 -196 255 73 -79 313 -296 -95 -288 402 289 353 -572 -258 583 205 104 147 -541 -337 -296 -336 -860 -68 -438 -57 -166 620 319 -35 250 -157 655 214 417 -174 790 194 -27 281 -765 -213 -438 -442 4 -16 -410 -125 -106 284 479 469 -174 185 185 290 349 -179 -383 -309 222 34 -261 586 707] 4345.16
[-108 683 472 387 -280 119 -109 -234 -149 776 383 157 654 -16 -516 220 317 76 -83 -58 510 -1036 -1065 163 -354 277 545 -19 313 -406 -167 277 422 -304 -615 1 172 -772 -485 -831 -272 618 -465 -769 211 -439 -134 -352 -400 322 447 -553 -535 -216 -67 646 228 -718 354 404 -461 588 -525 122 -642 -96 676 -252 -696 486 -20 -279 -227 -217 -296 -219 -125 -565 -715 -178 23 658 -87 -581 -168 -360 150 235 52 -266 556 1162 -142 -302 285 -414 594 -433 -11 205 324 2 54 -463 -173 -372 -183 -51 103 -310 -792 -695 -103 -691 -574 151 -189 716 983 98 -361] 4886.93
[-179 112 -324 -266 -437 547 -124 169 600 259 -47 1 -542 444 -188 366 -417 -193 -538 34 236 22 258 -338 131 8 -407 105 -102 240 -27 224 -782 -10 -250 -34 173 -263 -532 -116 -459 48 603 -62 -228 262 -88 703 483 26 -337 269 376 169 100 -333 68 -371 -154 832 463 102 -154 365 164 73 139 171 219 -188 495 -394 90 -259 -484 45 -413 -760 -251 -200 116 -337 234 140 -309 -168 265 -368 -405 85 262 120 444 -321 11 -444 -279 -292 -152 94 48 -217 -26 249 -470 887 -237 46 -414 -57 404 -98 385 444 141 -215 409 72 251 -208 268] 3551.33
[238 148 -713 95 -81 -121 -529 -79 -97 -444 -237 67 -235 31 43 -470 18 549 -193 -530 -43 284 17 302 583 469 304 -329 327 -230 -693 -354 455 -877 158 -666 -243 65 676 -13 -290 234 256 479 -11 -159 -458 -251 -701 224 441 294 -365 168 1158 -336 -48 -75 -226 -10 165 -116 686 182 510 -155 -456 -144 -143 -84 -389 296 -583 -325 43 -31 139 10 -190 -637 -380 54 -283 378 -135 536 391 243 278 -245 411 136 329 218 -417 334 -671 -68 202 480 131 228 410 431 -511 448 -856 -712 277 -540 -453 -621 -173 164 -140 346 -546 425 66 36 642] 4213.37
[-95 462 36 416 477 -93 21 -65 1039 620 -593 -150 -40 76 4 -768 -588 290 192 157 527 880 -578 -168 365 -436 -320 129 161 -383 -94 149 -188 -102 -218 541 -95 -353 -57 373 -127 -295 302 879 457 -488 -571 -269 503 -120 -195 -773 91 506 886 -365 260 -255 279 -198 296 48 -68 819 899 264 -362 411 609 -577 140 -422 58 674 -16 -476 240 162 158 -276 589 -111 -348 -892 425 -138 274 -179 -102 -135 291 -181 -498 181 -60 51 672 350 -10 -462 234 129 401 -123 293 -130 -591 -175 159 368 -175 492 -363 209 -50 -190 -96 283 -882 -159 321] 4396
[-947 399 741 -101 469 290 265 140 -99 296 -775 -348 -628 -26 199 214 -155 -121 -260 -495 819 -274 -537 562 39 -1134 623 -103 197 -563 -308 -308 -132 -920 -176 -321 286 -467 -124 -282 33 -220 54 37 -542 -632 -478 -335 -612 411 -260 -486 -319 -239 867 573 -571 -412 -843 -119 -425 412 -461 1 13 612 685 791 84 40 -73 -386 65 -454 -630 319 -56 295 -630 -33 652 42 300 -828 248 211 272 -434 -49 156 20 392 -600 258 -693 -585 146 -1114 -92 -24 760 259 72 356 -186 204 -106 -737 -169 -316 32 -770 483 406 -1043 93 -382 173 13 -393 334] 4975.92
[667 -384 -63 -16 -354 -52 -124 575 373 -583 -199 -112 249 -807 459 525 108 -124 385 951 -859 -356 2 -202 -361 782 323 -160 -586 731 -91 343 -690 -90 248 -429 21 -283 558 -34 -218 -245 126 20 -134 381 -135 168 371 -107 91 -296 297 -558 -52 -425 82 18 45 566 -68 267 292 -329 -43 -350 214 326 479 -387 -367 863 372 250 -88 47 258 87 410 -220 213 -226 -733 138 192 315 -586 298 443 521 816 -119 -245 31 231 83 1047 -376 341 489 -643 -80 -151 502 222 -4 -349 389 -389 40 -413 232 16 186 266 -508 79 229 1001 -94 -195] 4304.64
[178 266 411 -127 -258 -22 -124 422 260 -282 38 778 84 -539 213 645 444 251 259 32 -849 -22 190 214 -335 882 105 239 130 987 -145 851 -442 132 -785 16 -25 416 -620 147 -557 763 -203 -136 111 242 -594 8 195 6 -187 482 -251 276 -437 -576 -335 208 104 -247 192 27 -186 -249 -244 243 107 -386 464 -198 -132 153 -89 -2 -568 56 409 135 182 353 -467 501 -626 122 -166 -57 -71 121 77 -581 -4 232 67 88 -629 405 -126 245 -29 252 77 -173 354 464 880 372 329 -367 498 302 -357 -52 160 172 -186 -401 88 381 334 498 -25] 4006.59
[-531 113 -589 -460 21 200 43 -106 -66 544 -619 -241 -253 -162 7 74 -619 322 340 178 687 -40 -282 137 29 -239 406 -368 -1006 -361 235 -55 -816 -170 69 -143 -29 127 -565 826 -113 -625 119 541 -102 -478 399 237 -123 -209 -388 -108 -205 -145 441 -117 -605 -581 -64 161 147 126 -279 -55 376 -132 -972 145 265 -707 347 -572 644 298 94 59 144 -205 -359 -502 -196 226 140 -77 223 -270 81 -1013 170 -344 617 240 201 130 350 -60 -698 60 -179 684 131 94 323 -654 363 479 -1126 165 403 -476 -326 -373 314 -15 -116 693 -169 -44 -664 -132 -43] 4338.17
[812 -236 435 431 314 161 658 654 586 -74 -821 -202 272 -606 -78 -468 -270 -207 29 101 289 824 -252 462 164 -905 -7 583 595 -9 765 151 -168 87 -9 -34 150 260 -139 -774 -243 -204 207 -4 102 527 47 -433 213 606 -370 -25 -9 28 165 -139 -153 -404 -334 566 -285 890 257 41 -672 229 509 -172 -162 477 352 276 555 421 142 227 1466 291 384 214 519 -77 185 -110 85 -229 229 -587 -165 123 328 137 -224 440 10 19 -121 -554 791 -843 133 -145 715 -165 142 -131 71 -54 330 -80 313 -472 558 265 59 -216 -216 -416 -39 -580 29] 4446.56
[-461 -658 -5 -201 -375 -494 -682 179 -16 490 -223 200 -90 779 473 982 66 237 -41 -563 746 177 96 -143 -542 24 348 -47 -380 -959 438 160 -147 -65 -425 -269 97 -92 -325 619 124 -143 -527 392 359 -500 1020 558 -193 -357 -683 381 -847 -98 53 -81 842 302 34 -47 -111 -137 469 434 508 -385 139 -819 -380 171 243 97 24 -245 164 -231 -556 -868 -647 -613 94 218 361 -147 -86 -536 -125 -392 -420 -639 -586 965 140 471 -840 -257 -1016 304 -305 -612 -159 -297 115 -394 135 441 -545 166 572 -174 324 -597 -286 14 276 320 84 510 212 -523 326] 4816.58
[-198 217 228 -231 154 -720 81 203 457 406 271 478 1077 674 523 117 15 24 -131 88 72 -198 -502 66 115 -226 421 1049 594 -141 713 644 536 839 -232 415 -62 296 -962 -211 460 -421 -336 -144 157 -9 185 79 325 -639 92 -249 -30 155 -642 325 191 802 91 -469 -190 -118 83 -423 -190 17 783 -185 -103 154 676 -16 -175 420 129 -48 218 -59 30 111 100 57 -63 -282 363 -339 -27 -356 -166 -520 -471 371 -143 411 329 291 -523 867 -156 116 -196 -142 249 -200 983 -98 435 -155 1208 340 165 80 -203 -192 -274 -128 -88 -292 -687 802 423] 4473.7
[174 1 -218 299 96 341 332 -627 555 -106 484 -215 -1 82 -527 -173 -160 -418 -65 464 186 -286 300 637 67 -234 24 -249 -250 -316 -344 -124 606 -579 422 -1015 -133 -352 -43 -677 634 -302 154 -77 2 -615 176 -527 -647 365 -26 -230 144 -237 763 354 286 193 461 403 -80 -190 543 -85 997 -139 301 -175 64 -440 417 -8 125 305 -162 -46 83 452 453 -324 -91 -51 65 252 242 897 150 8 -380 -255 -42 187 -125 -215 90 -643 -558 64 59 -95 112 445 -349 -143 -154 143 25 348 19 -356 409 -643 27 79 105 54 211 209 -99 162 1188] 4010.02
[-248 40 -131 -91 541 -249 687 222 625 -244 -181 -400 179 96 319 85 -528 174 -118 78 88 193 -154 348 368 -91 613 452 -99 -141 551 -599 -322 233 1117 -348 250 -390 285 -363 -123 -471 -4 422 -186 464 84 -57 178 -568 -238 -780 -100 -244 110 561 -149 -285 -328 329 32 62 154 -312 599 607 -2 646 183 462 346 681 6 114 -314 149 161 -223 -964 -55 -233 89 -711 401 460 61 -362 -249 276 372 469 -299 -291 198 675 -121 -6 -570 415 -186 24 102 -196 543 -202 30 -91 475 -37 -2 -67 357 237 575 -363 -351 -291 -142 -107 -398 9] 3969.4
[222 -275 -858 -56 -362 -358 -65 67 21 -337 351 285 639 -385 -203 -201 -245 -515 -52 265 -365 703 89 -729 210 51 -1025 314 177 31 438 19 337 752 323 -240 134 327 94 -261 -53 -295 508 -136 -534 986 455 630 218 -147 63 412 510 -215 -738 -57 -837 567 -169 537 555 305 172 242 -10 155 -500 216 28 -624 -150 746 192 -63 140 -78 -453 431 -535 -299 -766 442 97 487 -17 -64 -377 -59 -440 546 444 -1062 -57 -244 492 296 50 -240 -10 -308 -263 -825 56 639 -249 -866 95 -6 214 179 -4 -153 -204 20 -287 -79 -149 -444 547 427 -972] 4560.23
[-547 -54 64 43 409 -387 271 -357 379 -503 -52 450 642 374 -144 -443 385 -755 74 122 615 411 -68 -220 -22 -337 124 -24 529 -179 -15 296 343 -909 -375 145 324 -34 -65 -412 -145 47 178 533 261 -225 -162 -869 -321 266 -383 291 273 248 568 -38 -140 -239 -244 287 -699 -405 157 269 -2 -153 10 -124 217 432 -245 -236 363 413 -6 -24 -580 468 476 -404 297 -801 19 833 -220 14 262 338 -134 -336 -238 -624 -126 111 -152 -525 -382 716 103 -482 -264 56 -85 -547 -104 -308 805 -675 -244 -297 -21 -298 -60 -237 35 -55 -322 499 -225 234 232] 4002.82
[632 -272 -78 510 -138 -18 267 336 115 -554 -12 380 447 -286 -410 -270 -728 449 -160 431 41 190 -1014 288 72 110 805 -435 -406 142 418 -295 -391 578 329 -218 -862 -418 329 -127 -273 -348 336 644 -434 798 208 505 -193 176 34 -48 -284 -419 128 -122 -264 69 -36 506 475 155 580 -88 774 -89 137 -326 186 -232 627 249 420 216 -81 -312 11 158 520 20 -180 426 -34 -342 313 601 -577 -88 -459 591 535 393 -240 -255 371 -235 231 -781 329 -99 40 -328 9 -12 -179 453 -952 27 56 -526 235 -513 214 -244 71 346 276 -665 -157 -336 418] 4263.84
[-301 833 -6 68 -585 665 -406 -118 -867 -195 758 -294 -1350 379 -214 492 -418 54 -605 739 -67 -682 -230 506 -193 -154 180 -151 -567 591 -425 -9 -737 -277 -641 -323 -6 341 -15 -77 -143 726 398 -873 -124 -143 -92 -360 -167 529 61 329 385 53 -380 -227 -535 -284 -14 107 741 93 -731 -196 300 340 365 527 -84 -119 -121 -217 117 -105 -291 722 -172 83 -144 32 -750 790 133 332 -381 984 29 479 -176 -105 576 -214 -110 -456 94 -179 -511 -905 -35 596 325 111 318 170 -404 992 -153 781 -45 -189 -134 -384 -27 -368 -21 97 194 382 261 314 218] 4733.66
[786 230 -13 -164 -810 -58 -703 19 -200 -478 74 211 -693 533 389 259 -202 703 -105 647 -346 -548 125 -295 482 832 -548 -87 26 122 -623 57 -119 313 -341 -111 -394 456 -198 387 227 -537 316 -463 233 96 139 610 622 -152 -482 965 660 -89 250 249 -34 496 382 7 556 -84 -348 81 448 163 -238 -487 881 101 -299 -107 -293 -59 170 292 -19 19 736 417 -131 290 -372 -123 -86 635 -354 213 -294 -143 -425 342 90 111 -53 -847 85 -56 26 186 -395 -696 41 600 -598 757 -430 1067 668 -227 -19 361 226 516 152 -271 709 89 -210 -217 191] 4522.37
[1210 -93 -418 545 -48 -672 498 519 259 -774 220 436 768 -132 136 -421 -150 249 -57 81 -298 -121 -470 -225 213 773 930 -30 804 50 449 -411 -82 1087 -30 200 -655 -354 953 -319 -905 -414 87 462 -735 1136 -307 460 69 -239 686 -744 127 327 -776 244 -122 274 -196 238 467 852 237 -68 35 -623 309 1 103 340 -106 165 -338 246 116 -1269 369 40 606 -591 -57 -443 -3 -32 467 480 -357 476 182 1073 334 66 164 217 -156 199 386 -471 -16 -4 -543 84 219 -346 -252 -8 118 -5 -96 -28 -269 370 231 372 -500 -203 154 -793 -94 372 583] 5032.56
[187 -604 85 231 -194 -765 -210 -300 128 281 -723 563 171 294 -240 -226 -416 -423 242 201 227 42 -277 205 180 -568 -445 -282 -291 -55 -348 238 434 262 233 -247 -308 356 416 -187 177 262 135 -223 -642 -285 523 140 452 945 -225 -90 745 19 -222 -346 -472 381 159 653 -80 -269 467 139 555 151 -268 233 -98 -474 70 434 841 52 -16 244 -515 670 609 -663 387 63 818 122 -77 50 -215 -25 -958 -72 -31 -107 -60 -302 -457 -386 53 38 -215 -48 -976 -745 -377 265 260 165 -485 -211 -28 -386 433 -388 31 -188 206 -352 305 -142 -154 -274 712] 4205.58
[-368 449 401 -331 165 87 -67 -132 -743 1042 401 -155 -298 -507 -812 2 223 336 -381 -206 569 13 -171 42 411 499 -237 -405 -370 888 96 -140 -60 192 252 585 -169 50 -260 315 483 241 -360 -155 -478 -98 -3 277 -370 217 254 -154 373 736 -832 -135 266 -39 374 -246 325 -995 -97 -433 -347 6 -495 7 243 -442 566 -1187 620 316 -154 -576 -679 -9 -679 -68 -278 569 54 -170 -365 -195 69 -532 321 -973 512 235 527 -369 270 14 -255 366 -26 -378 294 -161 -326 302 480 1139 -549 1012 -551 79 148 346 329 -459 519 -35 626 -5 -438 -253 168] 4744.1
[-217 -732 -73 247 -302 -111 209 -203 -498 -224 -665 675 467 413 262 -13 66 164 18 331 333 660 -13 -9 -795 -416 -412 -583 37 -830 -231 -348 -122 329 -484 12 -290 919 949 -313 -388 303 641 289 475 -936 672 -287 43 250 -227 554 -488 -511 -484 146 -1068 357 36 551 -329 393 718 1136 199 -274 -239 -648 149 -315 73 1119 -118 524 279 1185 -62 714 627 -253 250 41 219 764 -509 -87 18 288 -553 402 72 -462 -152 -94 -339 -509 26 -27 -65 -928 354 -88 -362 -153 -325 -478 117 -291 816 -225 22 119 -270 -277 -506 413 -430 476 403 134 -208] 5021.35
[-1105 431 -38 -549 113 743 857 283 156 -608 265 62 -196 107 302 -339 48 -454 -315 -17 1103 1217 -444 -466 298 -126 -69 -209 323 459 835 196 -78 -654 36 620 -96 -145 -295 393 24 -55 312 136 -148 344 -340 -175 -79 -216 -343 58 -428 -124 130 72 -10 -937 -580 394 20 486 -643 -89 -911 130 369 -82 504 -7 344 -740 106 405 204 207 794 -291 488 557 392 -73 -432 -128 -414 -264 243 -695 311 -29 548 -128 218 224 347 -59 -225 -278 490 -1463 446 -23 759 -798 -215 -263 -245 -133 -118 -569 136 -8 144 -263 -144 254 -581 243 -625 166 -643] 4841.85
[-102 -417 172 -226 -209 -441 -362 -285 -787 -670 -480 -102 837 152 335 8 46 90 262 -76 -297 -205 349 561 -88 -21 394 -115 -247 379 216 -40 -151 418 193 -47 256 527 257 -409 712 -1118 -952 508 663 -322 831 -238 -407 -164 -360 -253 86 408 -283 -63 284 -55 593 -575 -12 -777 176 -133 -215 -328 67 -403 38 271 663 243 160 -564 923 -30 21 -368 125 -22 304 -88 412 -342 610 176 -621 -145 623 -209 -1090 319 99 419 737 -107 -264 1277 -90 -14 -90 719 200 -341 -166 -279 -46 691 523 -8 -251 574 43 799 822 167 228 -39 -266 -194 -84] 4699.37
[300 -335 -690 33 -95 294 214 -292 -639 -457 -43 270 586 -148 498 -174 336 -570 -6 -471 -107 -378 737 160 -47 370 -124 -999 658 487 -409 -229 497 -388 -156 -707 -20 884 -207 -899 159 -733 -590 260 -974 249 258 111 -1249 123 260 167 583 -20 -1096 1071 323 450 -139 70 504 -247 -363 121 -210 -554 68 -355 621 -15 -49 -283 109 -405 624 -169 -103 504 592 91 784 -420 321 777 -805 -103 -85 -6 280 -40 -313 -621 1151 152 39 -165 -210 477 -1094 -105 -1 257 431 107 118 -127 776 -206 334 -290 90 255 720 -197 -222 389 485 -802 -178 704 903] 5232.31
[759 -315 -89 731 -38 -219 -518 -274 257 94 73 -53 101 -68 -404 316 -80 45 840 134 -292 -106 121 456 -780 -65 -462 -400 222 590 199 484 284 -755 -381 226 105 128 673 -1151 -662 144 454 -844 154 -735 -189 -901 -175 965 -6 365 -59 446 -238 -405 271 6 -2 290 -786 483 -269 51 778 -145 -531 -875 -247 -622 -542 -48 209 -252 263 534 370 251 965 -531 -93 351 505 486 -618 174 840 1121 -1074 -1014 -461 6 -233 -208 -141 288 -148 888 35 40 -254 27 -318 -484 -41 169 47 -125 136 120 -99 -691 -571 -96 671 -186 -638 214 194 -110 -63] 5071.07
[-146 -682 -292 -31 -183 51 -532 -145 -561 219 690 176 46 137 -398 123 10 -544 -677 -287 288 -156 1362 -370 -839 -126 -581 103 -33 -474 -110 -378 -445 665 -559 81 206 157 136 -643 -151 892 189 263 315 65 -180 -592 -154 102 949 -103 220 385 -989 -234 -14 324 766 444 783 -133 600 1328 -279 -570 940 728 -452 -489 202 773 -253 214 -851 94 178 234 -1223 -950 -462 -174 232 159 -303 -486 336 -177 -210 -74 123 -445 138 4 -407 375 -510 -624 -9 -402 -9 -333 -45 -188 -526 -70 510 640 210 -79 -305 1015 54 -81 -198 -209 693 470 920 100 609] 5268.94
[59 225 -275 -353 -173 -969 625 56 -109 -1188 132 291 618 216 508 25 215 250 66 791 -622 115 -193 45 104 759 863 -243 -8 775 551 648 -309 284 -44 633 -216 -310 -533 -69 355 -889 -485 -152 -84 721 -59 125 -239 -208 -177 27 378 330 -345 141 30 -217 -153 203 584 -156 -456 -813 807 -19 -38 62 959 -400 109 -310 375 223 136 -80 -256 -407 479 -18 294 411 -280 -416 -418 115 -931 46 -54 -146 -317 49 -244 -696 273 180 191 524 -142 149 -407 183 342 -207 612 633 -178 -95 191 34 -487 -50 108 203 278 -372 61 -183 -97 822 -465] 4494.31
[-1032 406 -167 -330 -409 -279 1378 37 -58 844 527 59 660 422 635 911 527 195 -1007 1103 -96 105 -5 -510 763 153 18 711 166 2 268 549 159 169 48 477 29 -395 -1217 83 826 -670 453 131 193 442 485 842 470 -650 -286 -81 613 595 390 -106 2 565 -244 -523 -131 -473 -308 79 -984 -536 519 231 665 -887 -220 -605 35 334 405 48 -220 -206 47 -332 577 -1075 611 523 262 -169 462 -140 900 160 -5 -491 281 4 973 -430 -810 616 512 223 -452 -348 394 -687 579 532 36 167 -397 660 176 134 355 849 442 324 -229 -220 -185 369 -134] 5590.69
[520 282 -511 516 469 -307 612 -266 32 -55 121 -495 511 -153 -85 48 -184 117 -183 53 -539 -522 481 1011 -372 -515 -80 253 202 -752 443 137 223 637 133 -894 108 142 -558 -495 818 -434 -714 -1040 -338 354 -271 88 16 -200 -366 -76 -264 19 -228 513 458 -47 370 277 -484 265 -766 -622 -53 -80 437 520 -510 -528 601 558 -4 -465 509 654 655 89 -324 228 -606 428 309 -886 -583 -490 248 -146 -298 -612 -108 692 -49 -229 260 825 133 -209 -235 413 297 -214 816 144 -280 -451 -1326 133 558 -39 -729 -535 -478 263 337 472 -377 -338 -271 -275 -634] 5005.65
[-133 114 164 -361 -417 51 570 373 52 -95 -702 231 862 390 651 116 32 -682 -164 205 -183 968 -1132 -490 -92 144 -184 -282 507 371 -54 438 -131 -62 264 689 293 -126 -469 -349 0 381 -411 345 637 450 -253 65 210 -617 878 -458 321 -381 -513 688 -192 318 379 -128 302 97 300 179 228 437 -108 -194 -12 136 90 -84 -825 211 502 501 1256 207 -101 -193 134 826 -179 506 68 212 -27 281 -473 364 -745 179 38 -31 731 868 -376 -120 571 704 21 -724 500 -220 1002 151 233 -186 342 -97 -522 454 -12 -52 -397 -660 201 -880 115 970 -180] 4898.85
[-582 -108 -202 -208 -52 -315 213 -98 175 -9 -128 749 66 118 -828 -355 162 -327 -142 -369 -108 -490 -596 -379 155 768 -350 -197 282 -40 -990 477 683 -462 878 -98 16 -97 1029 364 -12 601 -611 -289 -1224 708 -518 450 -145 -801 -548 -273 577 -773 619 543 491 -322 -216 18 -908 -463 24 -846 -309 41 -197 163 -265 837 305 792 20 -1023 254 -699 -621 -398 -481 -99 -440 52 -474 79 168 251 -607 52 -61 727 418 116 434 621 -166 27 -780 182 274 -286 -563 -415 -507 464 -451 544 -375 609 -367 -495 -114 -582 -394 447 -403 -756 -365 741 -134 -370 77] 5249.91
[-63 28 -54 -267 74 -650 346 91 -99 158 -311 348 -310 -86 37 -90 526 309 -94 138 -967 266 -378 149 -359 -318 724 440 -270 126 4 -141 -199 184 264 -176 -37 660 -2 148 264 -742 -59 26 -1375 316 475 89 286 -145 -572 -204 244 109 425 -485 -712 219 -844 68 187 238 -375 -900 -216 423 -341 657 319 -144 -180 915 982 384 -719 317 -1019 -557 -781 206 410 -37 495 -257 61 -778 53 -16 408 939 215 -258 139 165 -465 110 583 -1323 298 294 -1001 -80 17 244 -249 -392 -304 -600 -504 252 -283 -380 381 222 275 737 -73 -856 399 -359 -357] 4991.72
[755 -445 -212 -178 447 -640 -50 195 130 -692 -772 23 -20 35 226 -352 -569 -253 -83 142 380 286 416 134 -129 60 -1142 -572 319 395 970 146 434 177 -798 840 -135 385 -55 -27 -333 159 653 -163 -141 -491 -171 -448 -188 55 -274 -160 314 -516 -854 -409 257 -45 570 427 661 -383 -274 -87 441 -62 97 -170 798 -720 867 -307 121 -573 944 686 434 974 577 528 651 374 477 -336 389 -214 -192 134 -1094 61 341 303 -189 -17 -278 -509 292 932 -619 -1430 754 41 -804 59 131 -579 -166 -246 1022 568 192 373 -313 24 150 -104 -31 383 -910 524 58] 5340.5
[-207 -67 -469 347 -545 903 -1119 -132 839 232 390 -956 892 -66 800 -41 -625 56 -104 208 28 275 686 -280 -270 -323 -372 430 144 -508 -179 892 -518 284 -34 -880 441 500 367 3 443 111 -387 34 956 -896 1075 -179 897 -431 -619 -654 -168 195 -76 -704 708 263 628 292 500 4 41 -12 726 78 66 -69 259 282 241 512 760 532 434 122 203 -351 254 -422 814 205 181 -140 446 -209 24 -1178 -594 -94 198 -91 541 376 -734 161 127 446 -530 100 -159 676 303 837 227 -700 -431 512 504 -23 418 -153 -701 -118 839 114 -47 -206 39 110 -126] 5305.53
[-166 -256 292 215 555 822 -265 2 -13 1154 -277 -571 1057 -80 -957 -548 -601 733 383 -120 173 275 -91 38 -51 -329 -451 -275 -121 354 122 15 -491 143 629 421 -44 -345 1145 -317 232 302 -302 428 511 -222 119 -971 -91 -468 869 -1374 128 111 -280 18 521 -326 1169 -329 51 -115 30 -579 212 576 44 398 -450 -122 660 174 434 -176 179 -293 268 -916 -212 -100 605 1363 -80 -724 503 -207 -59 -830 13 629 507 177 -230 -647 320 545 478 -284 -169 -74 71 600 133 504 543 -194 -695 573 132 87 -473 540 25 166 -210 715 73 -817 -584 -131 -605] 5364.19
[155 -273 114 203 703 409 -584 108 -7 308 196 63 -238 183 -502 -301 481 -255 -50 -670 -32 456 159 202 151 -307 -179 -140 -694 53 -589 478 -250 -792 -1045 -243 114 493 -330 77 101 -107 258 373 -482 -642 392 -47 -290 155 -388 599 -286 603 444 -243 -258 -338 -98 397 164 -753 307 -382 59 -16 54 145 -247 -306 -293 -163 643 -47 -439 -66 -89 -422 302 -243 -396 406 -117 -40 -933 -93 430 506 -5 177 220 426 1107 625 -743 104 -621 204 -738 366 -59 508 -357 376 477 -639 -179 -646 291 -82 185 -340 459 81 85 1199 1127 -45 294 46 834] 4663.78
[-469 -1180 -72 26 268 969 328 846 104 540 137 33 664 391 996 812 -57 512 -80 126 -591 -368 1125 -76 53 -185 -671 -114 467 -872 -227 475 -43 -215 304 1146 10 -110 -107 -600 267 124 758 27 -12 59 -146 -4 -98 -503 161 100 -539 -319 111 695 740 710 -384 -97 -1121 -42 204 323 -366 -450 591 -54 -34 -310 -465 822 -171 -1082 -144 469 -534 -455 588 -435 630 117 310 6 -700 -733 -299 372 228 221 -239 -149 603 -80 -157 689 -178 490 -406 -123 -200 -199 -601 21 436 -317 254 -60 109 554 -364 1278 12 46 -27 169 -165 -48 -46 -2 20] 5147.78
[-168 341 393 18 450 -265 562 -417 -616 -239 -278 424 -220 1289 -875 256 224 65 -486 -65 -241 212 -29 703 133 -510 -217 715 392 159 218 280 232 -297 -367 195 58 -73 -414 -1210 -5 242 258 -897 -50 -158 445 -240 380 341 -1321 265 -45 465 108 13 -811 -167 558 83 -218 -212 -209 32 145 1155 457 -93 -494 261 359 -116 -286 -714 -682 303 -584 -76 -541 -168 -748 726 586 -29 128 601 85 800 -1037 -174 -416 989 168 -464 -934 -840 -333 28 -236 -473 -254 74 -203 -142 -658 231 405 -482 222 487 -15 -377 -281 920 88 -157 373 624 445 -6 -300] 5189.86
[40 187 126 -127 -230 60 791 518 -200 -1174 82 -78 307 324 619 -15 -170 348 45 380 490 -444 -701 595 92 -44 1059 76 -233 -74 403 -531 -672 823 -76 -892 15 11 227 290 -538 -2 -310 252 459 -273 924 -64 -38 700 142 -865 -210 10 -850 139 -764 124 -103 1014 615 189 -152 -122 -122 -37 -151 145 393 767 626 -151 -83 465 559 -223 -968 -653 363 -17 -269 60 411 121 289 389 -717 -164 457 736 427 381 -396 -466 199 -469 866 -790 542 166 437 616 154 -334 222 -364 -421 78 -164 -259 -105 574 -111 499 -287 371 89 -537 -552 504 -508] 4988.79
[579 820 136 -262 -322 -157 -626 459 995 -252 -274 565 -194 205 729 604 -28 318 823 225 -426 270 -297 55 -21 999 139 -245 501 371 109 157 -140 119 -272 -599 184 -52 -991 1224 -1276 772 258 678 -38 920 -435 423 313 -62 -703 -224 -1071 557 -478 -940 -26 235 187 -469 -276 116 -378 172 -150 43 -1071 -921 307 -76 -160 25 -374 -331 -383 -667 -432 -150 566 43 -196 342 420 -951 -169 -760 315 14 -377 -786 276 -30 -828 -869 -698 303 498 816 26 632 -48 -44 1169 -729 572 122 -787 -1190 290 163 -666 -187 157 -205 -73 310 -713 -293 -187 769 23] 5792.67
[20 569 415 -487 125 -237 293 275 540 272 -100 -418 -525 -423 -324 -298 -529 810 -101 -396 468 527 -739 320 336 -707 13 63 59 16 1254 -576 15 211 749 940 -577 542 -655 197 -527 -898 16 -227 568 -28 -521 -146 271 1382 562 -299 415 -412 483 357 -358 519 -81 -714 216 602 232 861 -83 368 -463 -496 -129 -127 -24 -944 -121 304 906 -413 -175 663 -31 502 -755 62 -196 -405 -473 436 -452 -56 31 -257 -345 -309 -430 -230 1576 -182 865 -239 -89 192 784 -209 861 -523 -839 -70 28 -409 -172 158 -57 943 214 -616 -619 -663 -129 -522 -776 -358 -617] 5591.24
[111 434 -59 260 297 -329 -452 -619 710 446 -4 -71 392 198 264 391 -75 -390 478 80 -54 -408 156 116 96 -108 -651 225 97 -654 -159 -181 355 -3 39 -252 1 -78 -355 -580 44 -418 -235 -195 71 -659 -221 -419 126 733 768 -919 -287 178 -125 270 -171 129 740 -182 -241 329 328 251 -97 -1193 603 765 35 -911 -426 -16 -121 230 -230 308 1058 259 311 -466 519 -171 -86 -290 -202 362 760 -377 -698 -495 -217 110 -79 314 440 43 251 12 -809 470 -370 14 209 -296 -78 -1367 99 -423 617 -292 -936 592 114 -43 -586 63 65 577 265 -2 592] 4699.22
[561 299 610 105 -470 652 -1032 -437 -408 -53 -221 284 379 -456 -82 -586 -53 474 128 -310 -1141 -628 317 636 594 -79 171 -108 195 -182 79 -876 878 233 -143 -254 -283 537 -284 -680 203 -274 586 -848 94 -179 194 612 581 214 632 644 -63 220 478 -84 -1551 618 137 -215 -437 739 -189 731 -913 381 -1144 -401 -328 445 -566 571 -426 292 -461 -688 183 -294 -102 -99 -443 353 408 -202 -401 -219 -63 234 1004 -334 -156 29 39 0 -347 -13 469 -391 -151 240 -12 147 49 182 -366 341 -450 -11 -242 -85 -780 42 250 -396 -88 180 -217 424 380 -227 -130] 5046.61
[291 -1171 -682 38 179 -496 -475 698 402 -763 718 736 572 -81 338 1236 289 292 442 -502 -216 -309 -109 -272 -68 1185 860 398 -151 620 655 390 503 709 -115 8 -496 -318 415 4 -897 -49 -280 356 -316 337 -75 328 185 189 -699 -150 -745 -243 150 -71 380 33 -440 279 -287 77 289 293 147 -403 327 -493 60 -210 -506 641 132 -635 -161 -631 -177 -14 58 -475 -755 -516 -538 725 207 -457 -390 910 -110 234 74 986 890 641 -415 99 608 706 -154 -220 -880 -726 -599 -251 59 -689 276 -371 602 10 162 710 211 344 -398 -619 -20 -192 822 -204 171] 5362.56
[271 -77 -65 -399 -135 -1201 -466 180 -121 -815 -277 172 153 568 216 130 -320 -201 -92 767 -581 973 333 -415 185 -42 626 260 259 -248 876 -380 415 638 537 558 396 146 -656 98 -436 -272 168 646 514 146 411 124 879 -463 -349 595 -462 163 87 84 -1244 149 -422 67 -131 -2 287 -213 -262 462 -965 351 270 906 -230 473 -240 750 273 77 -102 133 -750 52 -131 104 454 1087 543 -817 379 951 -608 -23 -526 -775 -122 42 -272 -28 -736 613 316 71 -54 -333 -297 -619 358 -570 519 -291 484 323 -720 544 440 404 -534 -163 -178 -565 -104 343 -97] 5183.85
[229 -271 -47 44 7 -95 416 627 640 -75 109 52 120 378 954 747 35 -484 281 773 -203 -590 18 185 106 387 613 -136 -258 453 130 879 -931 -1072 -72 1 678 -675 -555 29 -547 -514 -207 -290 -256 109 -231 -285 -177 -33 547 -1128 670 -652 -118 601 581 -33 -99 -62 424 449 -931 -438 73 156 684 136 1068 185 -461 -657 384 -102 118 61 257 -144 141 207 661 484 -444 333 532 -90 -589 221 -240 413 196 16 -380 105 657 -30 -911 -281 288 508 -587 -247 365 -75 1253 415 383 130 271 346 -1071 522 176 -104 -125 -781 -44 102 -341 375 195] 5096.51
[-23 240 568 -240 423 -27 581 288 498 -315 -1073 97 579 -559 -359 503 826 -121 62 -98 294 -37 -605 -76 -762 150 987 -517 -427 471 169 535 -302 -828 -123 335 469 -637 242 16 -554 41 -309 926 123 -246 162 -493 -958 66 -348 -125 -289 -458 206 -260 298 64 -163 172 -181 -212 333 -120 473 -23 -97 -524 283 431 240 -529 253 396 434 -90 344 345 388 -581 162 -222 -272 484 29 308 493 860 86 344 -197 514 -56 132 -566 -375 -161 374 -326 -149 472 929 419 -706 419 -124 -75 -500 -511 -62 -327 -649 122 572 229 266 132 85 339 224 261] 4578.49
[-114 -663 583 75 -492 47 -867 -276 46 -1062 398 -355 362 -212 652 619 -405 -776 454 417 -1245 -382 228 223 -898 -187 192 -905 -930 734 399 304 488 -40 904 -800 435 -490 643 10 166 -312 -12 61 -357 -139 601 391 -375 367 429 95 220 -520 -747 -815 105 921 50 122 -527 43 222 -374 454 141 -64 -444 195 -1143 -255 648 113 213 396 219 -423 670 959 -144 228 -309 368 -83 358 806 -470 956 208 -330 -968 -717 -321 -188 358 422 513 679 -749 -296 -505 72 -864 51 301 -223 148 -287 -499 -42 450 -469 -233 63 920 -358 -387 220 -175 567 181] 5522.99
[-939 -177 561 -427 -140 84 594 -124 423 -179 495 -627 -125 425 -64 588 -197 29 -99 -438 -401 153 -102 -500 -521 231 261 -147 -315 -23 614 -178 -268 83 224 973 -858 -254 -1142 172 643 -703 -1135 28 -10 401 -243 323 216 -280 -301 86 69 -372 -9 509 197 -375 536 -464 43 -542 -415 -316 146 138 479 12 225 -541 333 -67 -240 -534 -9 99 -203 -65 -477 1006 -74 172 -452 -1009 -938 -280 -534 -233 315 -111 -332 -96 -205 395 534 253 569 -71 873 -100 48 -682 -67 -414 149 -12 2 786 -228 -9 364 480 446 -305 752 -601 565 -224 549 -432 223] 4799.99
[542 -485 35 -418 560 -251 -496 60 190 74 -75 -657 87 -409 -333 243 -1 57 592 -632 -47 -136 693 -610 -805 474 -52 -316 428 -678 419 -317 545 -619 44 232 92 -805 -167 446 -237 -303 928 -86 -450 215 -485 -117 -324 -980 -422 371 -197 -561 156 230 50 -234 -172 -383 -1341 -51 -665 -373 -94 -381 -173 -312 576 -314 -941 27 -528 -753 -794 340 587 346 -341 569 782 -532 541 -607 -362 -1574 543 -211 -342 -332 449 8 -255 318 -485 69 -157 592 -160 -274 182 232 -1105 -539 -139 -348 170 -545 394 408 -282 -130 232 265 387 680 -681 -157 220 -1 145] 5188.6
[308 149 -326 5 -461 368 -408 524 -399 -501 1219 -119 -582 -421 -733 133 15 689 -42 361 238 406 -385 -753 539 374 -211 -212 -189 238 -371 424 -105 88 -35 457 -145 40 356 -34 85 -260 873 55 2 39 616 -226 -236 423 -223 441 -647 254 -85 -366 70 -790 12 872 1218 -372 417 347 225 -539 -24 -176 282 214 -229 -221 517 15 -74 8 -262 -598 -386 434 -276 644 -118 -357 -411 -563 52 -24 -403 153 792 324 -146 208 891 -253 270 -115 587 -452 320 -385 45 181 -406 -619 162 930 598 -531 504 165 5 -698 648 709 476 31 781 -498 -263] 4792.71
[-126 137 -662 -792 -419 1008 -635 627 -55 -842 401 297 -363 185 -622 482 717 -1301 -302 471 74 508 -418 -1114 -846 463 -118 -75 -283 146 96 119 -175 55 63 -935 -118 129 248 610 188 240 723 171 230 100 249 428 -108 -159 -1045 967 -184 -605 256 -656 -694 64 293 761 -110 529 95 -249 -198 191 287 -114 -177 -184 0 247 233 429 -572 240 23 -86 262 738 -204 135 400 846 -76 224 583 174 -983 348 814 203 439 -84 -305 21 -745 99 191 -416 -90 -223 -162 -334 -663 -384 729 -285 840 255 117 -262 -268 -700 56 478 -386 -61 248 514 127] 5119.43
[563 115 -576 -127 -145 472 413 1019 367 -796 -40 -152 35 -116 468 -89 68 10 151 -370 -160 -13 62 -346 -313 525 427 242 392 628 869 244 -1131 294 54 147 -88 1 528 -425 -1170 5 481 487 -57 1298 163 -147 109 -380 -464 -95 -473 329 -1719 -760 -453 39 -459 547 498 -251 51 -227 -815 -105 178 163 -84 269 496 508 -672 -461 376 253 564 117 221 242 -986 -612 -234 437 212 -77 368 328 -121 542 152 -445 56 604 78 518 -167 -224 252 -234 350 762 586 404 -621 -402 374 231 -108 608 -312 785 217 832 -263 43 143 -670 -126 155 -300] 5152.6
[245 70 -42 431 -165 62 -624 -39 127 -727 299 -570 450 -71 -149 566 -136 394 -29 566 -931 34 623 122 -429 180 447 124 -74 127 27 -403 -550 843 517 -892 -259 -431 415 577 189 -461 -582 183 977 86 85 -84 240 -374 239 137 -329 362 77 -277 346 355 1058 -243 468 -145 174 471 808 -494 -87 54 273 249 538 130 -345 409 -26 -439 -255 -942 277 566 167 83 -162 -307 -498 469 -532 -134 -409 147 -812 48 451 -979 -354 368 1233 -92 -293 -461 93 585 515 -18 -705 -218 -164 51 -509 215 -855 1086 -428 410 200 154 672 -509 244 -471 -683] 4999.17
[-323 570 576 -410 472 866 183 205 379 -1483 552 -831 384 514 262 6 -151 317 157 1226 -471 485 -457 -862 -176 -168 464 231 260 56 432 -70 87 -309 448 -304 125 -648 -429 415 334 35 -137 266 1009 507 244 -396 -393 -254 -351 155 -326 -167 691 20 -9 -380 206 434 -881 1113 -31 -806 -820 636 978 -73 -122 213 -928 630 -15 439 -23 -19 -387 -269 177 -4 -99 394 -453 -844 833 553 -13 70 985 24 178 375 -532 187 -297 325 761 -366 1258 -105 -625 -371 -492 -40 136 -1384 0 380 333 -201 -318 -407 92 542 596 225 -480 186 -888 663 -545] 5653.9
[714 688 55 -350 344 -391 -606 -241 -129 -802 500 160 67 -403 -1108 49 431 -85 419 -797 77 -505 -197 312 -618 602 1096 251 11 255 892 -549 1229 1627 -18 -224 -384 72 -2 -189 -1 -461 -527 -347 96 -120 399 -374 -325 -374 -598 -6 -205 -350 -885 643 17 -279 360 -272 -97 -43 117 -546 -157 -566 -568 -604 -45 773 339 120 -221 -122 -172 -596 640 -47 -227 1152 -140 -331 268 3 -133 -1004 258 372 -1227 -678 -510 279 71 -2 537 46 337 745 -893 32 251 440 -799 -180 -61 -213 1049 504 413 -200 -366 329 513 -607 -315 198 -236 -673 354 -29 67] 5504.44
[510 -160 513 391 -336 83 -242 825 631 972 351 74 -30 -537 -379 106 -678 -7 723 336 -394 242 -596 691 112 183 111 45 -310 849 652 781 713 -62 -357 849 -105 241 -1460 -676 -170 -552 286 80 -474 -448 300 150 638 -183 -139 184 -76 -130 -179 75 -147 250 -371 140 -215 -161 78 -371 157 94 -599 -511 -954 -173 209 -203 360 -416 268 -1190 277 -149 -91 191 -770 724 -32 -245 79 -303 72 977 -348 -605 -225 197 540 580 709 55 332 1075 60 262 187 378 -1369 -525 1117 -222 117 227 122 316 502 -184 821 -363 -56 98 195 -756 -135 260 107] 5294.57
[307 34 654 -205 -197 -497 -293 681 337 190 -99 590 -38 562 74 430 830 -605 318 357 -568 -278 60 195 427 -379 -484 753 -233 588 -686 422 301 -359 452 -12 617 -38 774 696 -223 145 786 -861 370 -338 725 -496 -56 496 333 -18 197 -469 -170 191 -460 1360 -139 -375 -419 -356 778 318 -631 -55 -8 -920 -370 548 -714 974 -122 -201 -115 1 -139 85 408 380 -265 425 -10 573 -246 171 -375 1066 134 365 -87 -642 -342 -135 -113 31 -711 282 1272 -41 -495 397 -422 7 930 -607 818 -425 -175 896 -47 304 -695 -660 73 -583 167 720 -27 -205 312] 5341.85
[443 48 849 804 308 -81 332 391 -69 435 -180 450 707 175 -384 614 524 234 -516 -226 -394 -179 -456 275 267 385 -1 202 216 212 -186 -77 565 61 -973 161 91 -664 209 -542 -464 820 510 114 17 -246 -289 272 -665 -164 735 -327 -871 356 -155 -69 129 170 946 -104 520 220 184 332 -320 -154 1182 -256 -381 -350 -215 33 -734 -782 -155 -493 764 -243 -566 93 162 591 387 -420 733 -121 848 536 -181 88 102 1176 53 327 -323 153 -357 -112 489 -301 67 -1 -369 -109 802 -175 242 -420 793 576 -71 -462 59 208 -141 473 -48 259 251 154 386] 4833.2
[617 -144 -68 375 190 184 801 -505 146 263 318 -232 467 905 -223 -847 733 -192 141 473 255 200 342 267 -11 -543 436 4 -604 -1150 -408 402 313 -1196 11 -231 145 -406 -157 523 242 -552 221 289 -1 11 729 -632 -888 208 214 168 138 -426 664 425 86 -844 323 226 -151 659 -88 106 246 399 153 -535 -604 290 -377 224 709 622 -229 257 -388 -195 -14 -393 -25 227 -507 -269 -330 -161 -602 738 799 965 806 -149 -470 -695 223 -590 -56 -344 333 -163 -423 827 727 -677 339 -1003 -119 -722 507 0 -590 -806 498 -298 54 738 660 951 762 213 -426] 5393.16
[-83 -471 -40 99 46 114 -232 -230 671 309 345 504 154 28 -260 -285 -72 -16 354 -213 -655 469 626 -686 -164 58 -624 222 -267 -147 -453 190 -539 -157 377 -458 -64 56 257 915 -270 16 850 458 -662 505 -443 365 -242 248 331 433 98 135 -225 -929 118 391 588 137 622 364 107 539 -554 -34 628 -360 179 -873 -201 419 239 -220 -209 -200 -1216 -110 748 285 -184 -744 -277 -604 209 -327 -605 -629 711 506 -96 -792 745 -44 -531 -49 -7 -87 -840 -1270 -356 -45 418 435 -642 -931 344 -356 -21 377 45 474 -341 910 -328 158 546 74 -630 -310 164] 5021.73
[565 -362 -486 -357 -394 -370 124 -12 909 -799 836 46 -333 -295 -610 427 1005 -455 311 110 166 50 956 -482 -609 990 -575 427 84 38 815 200 790 -71 708 -325 -79 -244 557 -19 280 -449 932 409 666 170 -23 -56 -122 -121 -252 931 -45 -771 674 -189 642 -320 715 -127 -763 -140 718 -63 528 -1113 570 -765 506 -859 129 75 119 366 547 331 859 -358 479 361 -188 -286 -640 1283 -474 -172 503 64 -30 60 154 387 705 351 45 -430 -548 852 -76 -1029 -263 -144 -720 38 -646 25 333 -180 855 64 563 -370 668 153 535 -203 252 259 -7 -101 -246] 5574.71
[427 61 20 505 -222 -276 -1132 214 -190 -59 -314 -206 -10 -458 -731 -739 436 -216 -696 196 398 -543 -155 251 92 -421 288 -15 798 181 -312 -366 175 -559 -1164 -178 516 -152 1390 -1150 -396 60 65 95 367 -715 -677 -731 -883 285 1166 1018 346 532 -234 -107 173 169 -510 -134 -555 538 268 37 -382 -366 519 -253 -866 739 118 -20 -544 -208 88 -918 -601 -102 -696 -675 446 59 22 702 -263 454 188 686 459 -365 195 105 -13 -62 -144 -324 -14 712 -239 9 822 1619 -452 789 -328 352 1052 -132 -19 425 -255 -854 165 -169 -128 364 -355 500 756 566 225] 5711.42
[-74 -2 714 72 -176 408 -367 235 -742 291 303 -603 -179 215 -8 314 66 611 201 368 -387 171 17 295 -827 375 -389 -79 -834 790 160 330 -696 271 50 426 178 -297 45 -363 -259 -473 -126 349 -327 -326 -242 7 620 478 431 -1144 -307 882 -917 -409 -234 -434 1036 373 179 -461 -638 213 -22 19 -341 672 289 -865 507 -554 -152 45 -376 1057 795 -991 -760 -93 -293 652 -477 -605 -203 -625 352 329 -318 336 382 850 823 -343 310 63 1192 -773 243 -304 11 21 -302 -147 -234 -615 -628 329 -42 56 -659 1113 -77 619 -91 -93 1075 329 769 -890 -1080] 5619.48
[827 -90 -545 -265 17 -64 -221 -2 -96 -476 303 498 170 46 -926 295 30 625 8 -244 -949 98 418 1018 426 443 1283 254 -584 181 484 210 506 617 173 -408 160 472 -558 -504 494 -12 -701 526 -426 -368 845 -324 -348 368 -425 285 -545 330 616 254 -86 -16 -412 965 -141 401 671 -658 -506 16 -429 -188 198 -194 915 891 -8 289 -1190 -581 -149 -89 -610 98 -384 217 96 380 151 -363 -154 306 764 -109 260 1011 687 -299 -138 257 80 3 364 -17 215 81 124 -572 723 -482 -238 54 319 10 36 -340 974 83 91 605 633 -239 574 41 807] 5199.51
[394 35 -127 123 -120 476 118 -342 594 -501 -212 -528 -440 -123 159 -815 -20 40 -499 274 -751 -88 360 95 -276 36 123 314 -57 -31 24 204 -47 623 -7 -107 -139 1147 -332 -267 234 250 -712 -217 -524 469 28 546 561 -160 -879 227 -662 327 -417 -407 171 368 -60 -224 33 239 -289 -404 159 484 -1351 -541 -213 712 566 558 599 600 -12 216 520 234 167 -642 -507 -592 153 251 -492 -377 235 -141 528 -74 133 -726 908 374 -748 763 -241 512 -648 533 8 232 849 -544 -199 306 -80 533 -123 -13 276 -229 -53 367 -162 -193 223 -73 329 -71 556] 4704.94
[36 -347 366 -389 -488 -468 95 -12 -955 -391 -15 111 -366 -1031 -151 167 1032 -202 31 -264 -91 -279 -443 -136 -129 797 697 -417 79 290 -402 -197 638 -449 -183 -810 103 -327 394 24 356 302 -299 -45 -192 -202 278 -40 -98 472 73 -267 -40 109 493 -117 -994 6 -287 -401 -438 47 -254 172 -1157 -262 245 32 17 17 -1355 22 115 -281 -671 -294 582 526 150 25 152 -153 870 -349 489 -102 -220 195 881 642 -28 603 239 405 -829 -528 327 -286 701 281 143 165 -730 113 667 -742 56 -755 42 87 -82 -7 773 242 -105 396 215 -552 413 767 432] 4903.62
[-231 141 -16 -115 207 1190 577 -131 -86 -149 710 774 -522 748 49 -376 -64 -405 614 -237 902 -421 -628 -69 -327 -97 -527 227 45 73 -164 -499 -17 -47 -617 605 59 135 197 125 -276 324 134 278 -343 285 -737 207 -43 -14 191 311 349 -219 -484 1015 65 -119 -378 -401 -177 884 -1261 79 296 -67 -241 -324 154 -35 -181 -655 -65 -416 -877 143 -288 -18 689 470 -7 699 -295 -212 -593 275 146 19 196 232 -384 246 -72 -124 -9 -74 312 -388 386 -65 353 -102 -602 -370 610 180 628 203 922 -223 149 467 197 -280 -635 -162 -103 -351 -1121 833 -163] 4740.1
[618 276 -713 -409 -112 -687 -333 160 271 365 -660 -1029 -135 20 -57 -580 -125 -144 -84 -59 -295 -290 -92 -719 245 -208 -131 114 715 -623 450 -3 253 0 56 -161 -331 253 96 -33 -195 -653 -291 -791 -315 -598 -93 371 784 453 701 -128 716 213 67 549 -794 489 -196 96 -731 1496 -21 -914 -582 354 -789 -82 73 542 -354 -415 -1071 662 564 -225 517 98 203 477 320 41 -146 212 11 139 -224 24 -431 458 1003 -499 162 -11 -200 252 89 -340 -57 283 407 180 52 141 -186 -350 467 -237 -103 329 40 -155 -728 55 -980 -548 -331 203 287 -402 -445] 4915.79
[58 825 393 -11 676 -237 -67 16 894 21 -322 26 501 -22 -765 40 -323 -869 60 86 347 333 143 -335 -195 -515 -781 -346 138 634 -281 208 -604 240 -502 -21 802 289 502 251 -5 1068 519 -596 803 -866 -445 -784 286 -165 616 -760 702 839 -336 405 -271 -147 998 396 500 94 -83 581 299 367 128 433 824 -63 -113 -281 -391 220 -560 242 850 692 298 -73 -142 693 -49 70 89 -134 325 122 -208 341 -160 -105 -631 -805 25 493 49 322 310 1 760 -384 -146 834 363 -214 371 300 -684 558 -578 628 -336 55 -476 -484 80 243 -884 210 -147] 5123.24
[-1486 141 213 -239 -1088 705 -643 642 207 -177 333 -271 -831 -50 -367 247 -505 -85 -110 -83 375 -375 -743 -886 -111 -615 -33 -818 -680 324 39 175 -47 166 -140 -61 121 -417 811 -488 253 -247 725 469 606 -583 1015 478 382 37 -195 -304 -355 -163 -218 -955 -642 182 -89 -577 36 177 823 156 -180 325 -72 -612 -179 -389 47 -302 -330 -370 -219 -736 -184 -470 719 -549 -134 311 902 -339 588 699 -211 318 -572 368 -28 -397 -505 226 -388 -264 -687 326 -404 309 455 159 -29 -72 -417 337 587 261 -118 38 426 -142 -221 854 -409 513 -136 -532 -23 463 961] 5190.65
[-157 109 344 -64 -166 323 1155 -100 436 -209 137 -573 -419 584 914 4 -163 72 519 23 -41 883 209 507 -336 -828 -63 -183 415 -1193 547 47 -208 -610 419 -546 -162 -17 -591 94 29 -589 -173 -222 -221 -282 428 106 700 -301 -728 -600 28 -481 455 1120 -401 64 -190 389 -560 975 -603 290 244 902 180 -204 236 -301 -340 285 -271 618 314 564 -538 140 -14 585 100 -51 -18 -624 -6 -168 -461 -532 659 468 -742 81 -784 158 49 -370 383 -1154 119 -1338 114 -282 32 196 -312 -521 381 -48 282 229 801 -34 -257 439 -311 -202 -294 65 -1363 -86 -301] 5273.89
[-620 -347 -166 -594 -325 712 93 146 -412 739 -1060 -363 -1025 -16 289 479 127 -454 -421 396 1072 -181 -156 -332 -153 -596 -798 -477 -571 -308 -363 -486 -853 -822 -244 125 153 841 -151 -409 -263 -761 -275 -147 -123 -461 869 321 -110 216 -567 422 260 -765 61 282 -771 115 -719 620 -346 290 -416 510 -1257 143 -768 215 -146 128 336 -79 734 421 194 133 86 -88 -245 -359 169 59 286 -28 -908 181 -197 -109 -369 661 1004 -842 167 334 -2 -925 220 -623 547 -682 371 -415 827 -162 -305 138 -407 976 -438 66 -249 467 406 108 -572 66 203 -18 988 -492 -79] 5460.44
[5 103 257 292 417 -16 555 -47 15 -305 273 361 652 -166 328 500 -413 842 -863 19 133 821 266 271 190 115 -642 -452 795 -6 461 -565 274 289 -77 1011 -512 721 372 69 -438 378 1063 357 82 438 310 -57 -606 355 -205 -267 -396 -188 -758 -61 -226 375 167 114 598 -631 313 125 177 12 330 -63 222 206 103 700 731 86 453 245 -284 122 213 -146 -177 594 167 102 -483 384 -40 -312 -792 523 195 -294 190 35 377 -485 -114 -397 -520 -1128 222 152 -448 478 -526 -607 -55 -681 342 -47 275 472 621 -659 -186 438 355 -406 -399 159 -272] 4681.22
[-813 -437 -76 288 -481 667 268 -151 84 577 33 9 287 -43 -277 -396 -205 -139 -375 -464 117 -384 -448 147 -564 -1001 -32 461 -1110 65 -285 593 34 -11 629 -123 -188 134 -7 159 919 671 -565 148 135 34 611 -423 -349 340 85 -869 138 -355 165 -95 492 381 742 -296 613 -107 296 273 461 495 804 -451 -772 -739 692 217 657 121 -201 162 493 228 426 -437 -8 358 149 -255 231 266 -271 -125 594 613 167 200 650 -28 618 735 -408 290 -238 348 -376 332 793 -963 220 -211 14 -170 -22 460 718 76 -16 -572 434 -10 306 -140 -32 414 522] 4766.56
[553 -55 722 141 -648 834 132 61 -133 -1202 158 -467 -405 537 -606 6 120 -260 100 475 -442 57 -877 -301 -706 -523 608 -465 -771 293 -19 -416 -503 -6 66 369 319 -309 -716 -345 -700 -728 -254 -530 359 -208 510 668 -365 849 554 408 -33 -781 12 505 -884 -119 408 1113 224 252 209 -278 139 -362 -207 -452 343 346 75 -428 -209 739 945 338 244 -930 365 572 -700 243 172 -264 -969 -217 133 192 -1187 567 -884 62 7 -23 870 -72 -102 -634 173 -11 272 81 -477 -763 -201 488 396 79 -242 -628 27 -150 135 301 -441 -380 305 -1121 37 36 -361] 5398.94
[-356 -654 -108 -289 487 -643 731 681 24 490 -448 406 -107 -466 -62 130 743 -1237 -443 191 312 -574 -545 -326 -929 58 259 -379 -157 164 285 -121 290 -60 900 -488 112 176 20 -39 146 14 -255 -227 -21 86 -870 -41 -321 -306 166 454 59 -1118 -905 1086 40 502 134 -165 -886 0 129 654 -819 -52 776 92 -795 -526 635 391 -135 386 131 -258 1218 931 -137 -38 -219 4 -485 -11 -1003 -303 14 -137 151 -507 41 408 124 326 -43 290 193 818 4 -442 254 -499 -227 -536 287 -133 39 -158 300 268 -949 333 352 -790 -647 -1002 -245 258 -37 293 264] 5249.17
[-506 -190 -286 -289 -170 -771 -637 -46 -257 713 -483 124 -521 268 229 239 247 -798 314 -96 838 -240 82 -41 246 -453 71 -197 -145 -683 -286 707 507 -333 -543 241 -16 -288 620 477 892 412 -466 -1174 534 -508 757 -720 1208 -989 -1043 -383 596 -317 617 288 2 -708 -166 -233 -107 314 -207 132 309 141 -121 297 46 818 -306 101 -41 20 -269 759 896 889 452 680 1430 113 718 -55 162 -490 -351 391 -1236 301 -109 -120 -1048 -384 -1246 -269 -474 342 17 -650 -77 -156 21 -260 335 258 436 853 115 370 -357 443 -807 -426 113 -296 -488 635 288 -637 118] 5720.23
[-506 574 596 -459 -104 514 -700 466 1416 22 -28 -358 -7 66 -201 104 112 -209 -189 43 771 -368 127 -554 -80 181 97 526 91 322 -601 432 -770 -350 273 -37 829 258 112 -6 -389 -97 330 219 357 -550 -160 -416 -47 -419 19 -73 -199 -423 239 269 -437 -5 -165 59 -317 11 900 -35 -170 197 288 -28 692 -89 516 167 -180 380 -888 137 176 197 -188 -356 -594 590 -1599 -507 -203 643 287 148 -647 312 223 -178 -230 173 -418 64 -331 16 13 328 984 351 368 726 -285 -120 -773 408 -320 208 -1031 498 540 936 -1009 -525 358 508 563 -90 355] 5029.1
[166 358 -327 165 -434 -676 265 496 572 -93 646 578 -45 -630 836 362 -314 136 -170 403 128 -6 -388 774 -600 479 -734 138 -514 376 637 872 -562 444 -409 -647 119 145 -62 -611 -97 89 610 225 -419 502 -143 -716 -390 -133 -69 -596 169 326 -1421 -590 519 393 263 358 1443 -196 -386 -148 1556 -22 225 -184 1019 -1618 634 294 338 312 -291 603 -8 843 62 -99 -602 697 -73 578 597 496 -121 619 -515 -695 462 -9 60 269 824 305 90 -19 -280 -548 -210 -119 287 516 124 -424 214 458 837 542 177 137 -529 282 359 68 265 81 0 842 562] 5668.67
[414 489 245 134 55 -195 -490 316 -312 -734 -151 210 556 107 500 -290 -817 615 222 -471 -1088 669 -256 -300 -338 462 224 98 84 590 683 372 -150 509 450 -332 -120 -145 321 -105 -271 351 209 188 -442 950 262 581 379 -903 6 -41 -323 40 -1148 -149 98 -186 -67 -196 347 -709 -89 -1108 151 821 -650 337 105 849 629 139 11 -492 156 255 -352 -459 -304 400 -213 329 295 -232 784 -274 -262 -368 -1205 175 -354 113 -222 -323 -137 20 1123 -253 -283 -34 -313 -345 -404 1239 -348 -331 -459 -664 -292 -49 7 -201 -1239 302 308 25 38 -600 579 -205 -990] 5254.25
[-139 587 293 -28 243 446 -151 150 -969 559 242 63 716 -1366 -165 -300 327 886 -709 -491 -731 873 -667 -35 -425 -230 -751 155 825 -519 -183 445 109 997 419 -489 -410 341 -148 -379 464 -152 43 49 335 444 -80 640 -240 1 5 -177 -319 -177 -426 -60 127 588 241 23 568 -214 58 513 -76 304 -333 338 -111 -536 403 542 305 944 676 384 -38 -257 -1264 126 81 493 47 -524 -70 -1022 234 -1060 221 272 308 263 121 390 -287 744 785 -876 -98 -224 430 -1188 101 1190 683 200 -242 11 838 -134 313 -361 -569 -286 -208 18 193 -310 245 11 -496] 5413.56
[108 150 -65 320 -506 -604 -59 80 -301 -957 -165 206 111 312 -814 -1043 -140 15 -298 501 154 258 -361 -154 836 -516 189 859 480 -343 -562 461 28 867 309 -467 7 300 -350 306 353 567 -103 610 958 747 427 -214 -257 635 -538 724 383 397 769 -697 298 -364 680 -172 151 -824 635 477 -294 247 -29 109 -87 1326 651 181 -77 359 589 258 -322 -266 47 198 -493 -44 144 -117 33 -169 -357 -310 -46 -89 -325 -355 343 -136 232 206 -709 227 422 -148 -60 -645 812 -164 -670 185 -90 -322 410 -778 -558 28 -58 -157 691 -40 618 -91 -678 -883 -862] 5110.34
[512 182 216 -12 21 634 -684 327 -152 78 -157 -363 -70 496 -568 -552 78 -646 363 -286 -384 219 228 -1160 -688 245 -450 -66 1123 -575 -557 -165 -22 -183 -732 -370 320 203 768 233 -38 163 944 -614 143 -712 359 140 -79 -3 -10 520 633 171 -59 -28 444 -498 -186 1037 31 585 470 660 -334 317 -280 264 -332 -31 -859 39 -412 25 -98 374 -1387 -547 -468 -292 855 -202 457 -215 -1207 -465 894 -12 482 -481 -43 -13 -131 677 -1242 224 -92 -357 493 -673 398 -849 -661 397 -292 353 -342 418 -9 218 -421 247 -1034 53 657 -106 -460 1105 72 -224 141] 5497.42
[-947 -282 18 -54 -103 1069 -531 875 -80 298 418 293 490 -902 -198 -61 -410 83 104 -993 -128 -284 -59 381 -559 -373 -79 -288 -460 -143 55 998 -383 -948 -1086 -273 -147 -73 104 -100 37 184 416 370 -101 -222 -175 -857 -296 -501 -149 -268 -257 -210 704 -690 298 -477 463 -700 -35 -325 103 -326 -348 -746 496 75 577 -871 134 -5 -36 -900 -573 -164 276 225 473 327 1209 -137 337 -473 263 -142 -564 -782 -251 99 787 233 120 731 -550 -93 229 -450 -342 297 115 393 -128 -150 -114 -165 -75 -908 -273 -36 -340 -270 -486 -388 -54 975 150 404 263 -265 333] 5077.55
[-407 -275 -188 -404 -107 -129 -397 381 119 1328 -172 822 -303 -188 304 -188 -588 -711 -478 275 483 884 -257 -20 -97 -547 -864 593 -718 -609 263 22 -853 1354 -213 -523 -419 -142 -131 654 337 98 -386 -78 97 446 164 634 1750 -1308 -118 211 686 14 -628 -204 -325 253 316 -48 514 -291 258 -259 -339 -177 -332 1061 107 -565 437 -146 22 1215 -364 203 539 183 361 -137 595 -296 549 386 704 -224 411 -880 -734 -100 -19 -531 66 -24 -18 -101 -364 -285 -365 307 -1166 -813 166 444 226 707 150 765 -650 43 213 278 184 -703 -43 263 172 -575 -142 381 564] 5669.91
[422 200 316 43 637 111 -476 109 644 40 -67 -742 -104 694 -450 -1 62 207 -454 -891 107 -244 -762 -86 -470 570 87 -131 -491 534 665 -603 -179 335 -104 -107 -388 -224 -333 -65 -1017 -162 -1161 -270 17 -376 10 225 162 266 -67 -129 218 -513 87 -264 409 244 -26 -295 -214 209 746 -419 401 6 -80 -133 181 417 436 -624 -770 -96 132 -16 -160 242 -109 769 -294 -277 -326 -54 -399 1193 74 1059 -1032 262 26 -46 68 422 -571 323 461 109 29 45 637 -82 -853 447 -16 109 -454 -214 -635 550 182 405 -409 438 82 -451 468 -207 -408 -432 1160] 4829.36
[104 549 -64 170 -175 866 -116 121 -314 454 -300 -493 197 -263 -20 -320 -474 -219 -271 903 -529 -431 -268 -146 -462 -630 641 -148 -976 -46 184 125 -722 -225 100 88 -31 411 -893 -94 318 -759 464 -143 427 -158 141 601 294 317 677 303 369 -222 -74 -142 -705 187 92 576 261 386 -65 345 -1256 89 -56 726 -152 -187 551 -18 81 641 753 62 -465 347 -555 -7 -409 -827 -268 243 -398 -9 -90 470 1152 225 460 -225 391 79 1466 -69 1079 -267 127 1250 359 274 497 -403 -705 53 -869 664 -980 71 -1058 707 -164 -140 -180 -134 429 227 803 -473 -735] 5466.29
[-764 -682 -299 -234 -162 -600 156 -861 -502 260 -425 74 956 -699 60 -440 261 394 -304 -613 429 -314 73 -514 323 172 486 -267 -188 65 -158 -826 572 391 556 -465 45 315 -209 325 858 -107 -136 704 -954 282 241 386 -405 -680 332 470 419 767 -518 -491 -461 184 -714 -216 -200 242 -79 -547 23 422 -1381 19 74 262 489 54 412 542 -544 -674 -1140 347 -1112 -320 -37 -694 195 440 957 -292 124 197 642 -422 343 -856 94 295 -249 192 -271 192 60 557 -221 -42 222 244 667 384 -302 -114 -390 -371 406 -404 370 532 -29 683 255 -703 373 132 53] 5226.69
[-556 13 -113 -253 295 501 967 -427 530 -81 -210 290 149 340 -33 -334 -184 -62 -347 -37 -160 344 -58 -659 -594 643 -227 -472 -107 547 -38 657 -947 79 203 434 -6 576 670 1003 -272 651 122 553 -241 356 -973 5 186 -368 411 2 935 917 -526 165 99 14 -5 472 380 649 -556 -778 875 995 -446 -46 404 -181 570 -282 422 662 -351 -520 -27 197 642 -71 498 -501 -189 235 248 665 -496 -625 188 191 -250 -46 652 -334 -378 440 -335 -397 191 -277 -151 9 190 -331 331 559 366 -86 -863 98 946 188 -206 319 -241 -587 590 140 -1203 71 405] 5105.62
[884 202 -254 -393 -756 25 -405 104 -935 201 -748 -494 -73 -575 478 -164 -591 -61 351 28 395 -113 -215 368 363 -482 230 299 64 228 882 -206 231 257 336 52 251 30 64 212 182 -765 394 151 235 645 1025 147 163 -766 40 347 22 -272 -135 41 -539 123 -371 -936 -327 469 66 -398 -419 -363 -1297 -664 256 821 504 -806 -563 -17 447 94 1035 183 171 869 855 -111 773 214 849 10 -797 -320 -280 356 -141 -456 -662 -642 645 357 0 165 -195 -249 503 550 472 -509 142 313 37 -160 -139 468 207 150 -51 490 -324 672 -91 -1205 -371 -182 -995] 5275.32
[112 593 -232 -30 211 218 -482 -271 64 1115 -703 389 -37 133 -600 -31 -257 -1171 591 -27 236 581 -1389 -636 -348 -897 -479 171 300 491 -214 -72 62 -566 -401 -60 268 812 -197 757 -567 390 233 686 -454 -1 99 -255 -106 111 -127 -175 1093 356 -407 -156 -439 -289 -21 172 -688 552 -423 -94 -818 342 -925 187 -300 475 -102 -162 381 1114 -113 -697 -24 -148 -498 -263 -91 67 145 662 557 90 969 161 -103 -146 765 -310 111 745 167 497 318 -459 852 250 -655 -896 40 -598 1076 -61 43 -158 136 -69 147 -377 229 -710 317 142 699 -497 -662 -341 -175] 5363.19
[-728 -258 423 -3 264 248 -304 -124 -541 40 130 551 283 825 24 466 -82 -84 -653 754 44 -46 -213 59 -493 -530 111 37 -145 24 37 -17 199 132 11 254 -126 -156 -492 238 23 -111 -790 597 -961 -402 -692 -111 -639 666 -230 309 -349 -116 472 -221 -23 975 -587 -38 -102 341 -790 674 179 714 568 493 -156 -573 647 133 612 67 103 359 -279 686 -259 -490 -218 -11 -182 -126 -89 532 281 207 -73 41 -396 -296 247 71 -243 -167 -503 71 -745 -1029 -347 -396 110 -1017 -482 -631 -307 -259 579 -490 276 -379 -217 245 -686 18 -277 362 -677 -129 346] 4638.67
[-192 419 201 71 76 636 -458 172 919 744 -45 114 -189 702 188 684 -510 -863 -409 473 157 -373 385 -127 -339 -229 -946 542 -596 -667 -205 154 -113 1222 335 -1065 107 -312 154 509 288 326 -227 278 -538 317 274 529 759 -504 -656 -454 -190 -319 -240 326 625 1089 312 257 -65 -73 -2 -129 89 345 287 147 19 221 457 297 639 -279 -682 -915 -492 150 -62 -870 523 -200 711 9 708 14 278 -387 -387 -116 364 212 325 -1079 -712 -226 547 433 -616 549 -1015 238 185 370 -218 590 62 704 -729 485 931 -237 119 -135 -60 -447 -413 -162 273 -683 -240] 5309.26
[366 51 181 292 -519 709 494 -606 405 -672 -337 -646 108 -81 -506 -818 -565 -402 -387 855 -520 -143 553 -372 -553 -453 -708 721 621 -708 -489 -302 -477 1102 -2 342 467 1299 365 -323 -494 598 -101 -459 414 9 221 346 356 542 -200 138 732 -952 165 -431 -289 -553 267 628 -177 616 608 -119 160 483 -219 -70 -109 526 203 1124 498 517 -182 1186 58 238 190 -227 -394 120 -181 689 -611 888 -464 -538 -288 493 770 -1156 194 7 323 -161 -240 -367 97 782 385 -30 -600 634 -430 530 255 134 642 -94 367 -792 -386 -556 196 -1006 -135 -55 447 312 277] 5599.71
[-352 -266 -860 -308 -761 -337 -416 247 69 544 495 821 -417 172 311 119 455 658 -381 32 582 -30 -665 -372 -197 220 -384 314 -430 -1220 -82 -605 472 790 333 -228 3 -28 -248 532 438 -510 374 437 858 -273 -9 184 -336 -559 -90 970 -499 -1021 1031 564 318 686 -467 -344 -647 871 79 324 22 134 -560 -1509 285 -53 -256 920 -8 569 -389 89 -376 -665 -242 575 262 876 179 66 94 -982 147 467 -242 -410 104 -17 320 31 318 174 -650 -482 550 151 -141 -586 76 -443 306 -40 14 111 1005 50 -273 -224 643 -913 -97 597 -324 -620 -111 267 -506] 5445.43
[1035 -590 -71 739 53 -981 1086 -29 288 339 228 -206 -151 380 -809 -65 -2 1095 -27 -142 486 -355 999 275 789 226 341 61 2 -58 -344 216 404 -824 -455 -85 -194 225 -362 132 -172 241 423 615 -824 -5 -779 -429 -334 5 217 -101 -53 488 493 556 306 -498 393 -422 398 -136 -127 -129 534 -399 223 -736 -450 124 18 -796 69 -912 -3 -565 307 248 35 -217 -441 -221 -333 6 -501 -625 738 2 -212 -241 842 33 274 76 -17 325 -1123 431 38 1108 88 425 506 -46 204 319 -638 -380 650 238 515 -855 1028 647 -188 483 357 -368 -313 -417 222] 5245.39
[92 -625 184 535 -39 1035 -584 916 817 84 618 557 -132 124 -310 -655 -351 267 -1229 -53 -24 -427 -606 286 633 -378 168 134 -755 819 46 -316 -425 -157 -150 116 -519 -264 724 -998 -480 439 747 -476 359 92 -1273 -435 694 51 599 -451 385 17 831 -549 -59 -39 -381 827 469 95 -297 994 -139 -365 612 121 351 535 692 -34 323 -214 -679 385 617 -436 1039 381 445 -42 -378 289 -846 -184 -133 568 -451 325 727 359 209 -673 694 227 -92 -465 781 8 71 761 -554 664 -422 821 -258 242 -106 662 136 963 -42 -375 21 -656 314 -266 -123 -795 705] 5716.18
[-433 227 1016 12 -69 69 384 -426 -829 -18 -452 -362 689 -1379 105 224 1066 103 715 -881 -279 -690 113 -196 -624 616 490 -957 158 372 -480 778 754 -606 98 666 408 265 -717 409 442 -145 -1073 104 404 -623 389 -238 -536 275 -257 -46 -25 -494 -96 103 703 -171 276 -1307 -661 -240 -726 -568 265 414 -687 -465 728 525 -223 -739 -1 422 523 -741 312 205 -115 633 -149 474 -435 -623 155 -399 -331 146 -175 -182 -1048 638 451 922 -1028 170 555 429 -1080 -438 282 577 -88 -1027 508 -598 268 -173 -145 -36 -763 33 -303 547 316 -783 253 1 577 480 -614] 5942.6
[585 19 829 -470 269 156 -859 47 -600 -1302 -953 -548 177 484 821 -123 -273 -7 -447 8 531 -13 547 -24 134 -123 708 -181 17 247 282 -702 -716 -348 88 31 60 66 631 559 136 666 -197 185 11 -400 -329 -825 385 -638 -430 30 -224 -277 274 -203 -311 -335 288 200 200 644 -208 377 -257 576 1083 590 62 587 260 162 -392 -12 52 885 1067 1558 -163 156 884 -155 -656 -398 283 775 58 355 359 -53 12 382 -937 -184 -766 -266 698 -52 200 -426 -4 -289 667 177 -511 -347 -892 486 684 -531 -439 792 288 661 -158 -144 69 734 -146 436 433] 5467.71
[1141 126 1110 566 702 -390 228 -784 -285 266 -356 -258 742 -759 -208 112 -196 868 517 -7 -875 -206 -405 1395 314 -230 510 290 -124 -117 379 -521 -95 166 -404 468 -745 -452 -600 -353 -932 6 -204 -233 78 -291 24 228 321 -178 165 -284 -1045 12 -144 60 -1158 -202 159 -794 68 -581 67 -56 757 -261 -422 -247 -89 -300 -198 -477 -80 308 427 593 146 526 239 -315 -560 71 24 114 -374 286 435 -225 -230 87 -405 289 -71 256 363 -251 -166 365 -699 753 525 333 -842 177 901 294 -286 -827 -72 327 184 -350 -60 166 -190 459 44 -13 -248 588 252] 5086.42
[116 32 573 -196 290 -767 -479 741 -90 -313 -447 301 323 -136 607 1055 432 -70 163 -526 60 -462 291 729 -77 665 723 -233 -314 -697 671 132 -473 636 -249 -490 -147 -1225 -369 487 21 246 -964 -35 428 288 501 589 -245 125 63 197 -811 37 -239 358 480 233 10 -430 266 -787 76 298 389 -251 662 190 -378 -359 -185 -48 -687 -1518 46 360 446 202 -474 91 -111 475 304 -434 -182 -407 -553 -105 343 -873 -873 1598 -449 -90 -445 22 126 -159 960 552 467 -488 56 161 461 -479 -533 -404 152 -207 -577 -306 -329 -305 694 204 19 1017 588 -591 97] 5454.41
