[305 228 201 -239 147 129 -323 -469 -171 -651 -210 -294 -484 -259 -452 -12 191 131 102 555 417 -158 565 -78 -131 -29 443 482 173 36 207 -220 -494 -226 -38 404 -264 -23 -531 -245 -343 -107 568 -202 -260 297 85 -175 -261 85 430 -625 195 240 -192 -85 289 -341 -221 -29 154 -113 -78 361 -13 552 168 203 480 -297 -2 -90 112 -172 -312 334 395 224 -136 -224 -425 49 -246 67 -40 -175 -611 -215 24 -94 107 -428 -108 -167 -171 563 -217 41 267 568 -173 73 229 129 -442 -142 -368 -422 -151 -364 83 270 -86 138 172 312 485 431 -62 79 -139] 3219.05
[-206 -385 -544 666 115 350 -78 -114 -27 699 331 -474 -179 -102 229 -257 -301 222 -250 86 -41 -165 -257 249 -90 -59 -80 -460 -394 -14 -57 -7 525 -579 -82 -280 370 -154 -471 118 -51 73 -598 -116 102 -171 270 69 549 -65 150 275 -61 -490 374 -178 742 167 496 297 127 337 -107 240 191 64 -430 452 115 -39 -206 26 -91 170 382 -19 -262 263 -144 339 425 -220 34 318 -134 158 -228 1 131 736 -463 -59 179 -324 -586 257 -43 -147 -22 277 -316 -295 330 -192 -184 90 115 52 -477 -43 -221 87 38 -244 418 53 -248 -79 -151 -605 -32] 3242.03
[21 142 636 240 -651 -389 598 162 -260 415 -300 -212 -379 275 -586 -254 -334 -5 30 135 398 525 70 -280 483 159 421 -219 -174 -227 340 10 -371 228 118 -424 123 157 -123 105 -481 585 -144 -32 322 -46 -60 188 -542 306 -573 -193 -16 -233 -243 -138 29 8 -548 263 -291 -207 124 -107 -191 -367 389 -303 5 729 -63 -254 81 -362 -400 -293 -522 -28 -91 459 -190 -256 -211 -16 105 376 -65 -65 67 48 -268 -24 241 575 -319 -610 223 327 244 -88 198 226 -154 -256 250 -67 240 140 44 31 181 -275 47 31 -70 -326 -90 230 86 -142 -91] 3222.07
[402 223 720 74 -614 -431 480 -47 -267 -93 -834 564 -486 157 54 79 -271 -73 682 228 432 -27 -554 220 -197 -189 608 716 98 -74 -195 -150 -61 -390 -273 -194 -41 -97 223 -459 -109 189 215 -138 363 -49 -814 -176 -332 -9 -46 -123 -355 156 -658 -175 98 58 -225 268 199 208 84 9 -294 7 674 -560 129 309 18 289 172 -647 -268 -31 -608 141 162 470 -303 99 202 -177 148 220 7 150 -347 -584 236 -353 -206 668 318 236 9 406 284 208 410 202 -158 104 -482 -173 26 -585 360 255 -172 -5 39 276 -563 -163 708 318 -51 355 5] 3713.38
[421 -379 -69 -261 575 529 13 527 -167 -254 334 77 -679 378 -491 369 -233 -173 -96 -150 -138 340 70 -192 492 25 -146 180 148 -241 286 195 -501 -74 565 84 354 -182 143 715 -256 -5 300 -203 205 -260 -50 160 -142 331 89 -257 396 98 188 -57 -321 -379 -106 -282 -319 -547 -293 -311 -313 -121 -172 60 -17 -434 -176 -311 194 -36 -231 93 470 -319 -58 -480 184 -149 -316 350 -208 -496 23 -326 -488 -153 -77 -330 -249 47 -338 152 -723 -100 293 -82 286 -174 -376 167 240 306 135 324 -37 -465 377 -350 -1 -76 -123 400 -373 178 414 -342 718] 3374.85
[-121 52 273 -812 275 -504 -597 -496 11 -296 263 42 170 -432 -36 413 482 372 193 2 -79 -407 464 42 91 454 -104 427 604 -142 -168 -73 24 243 -253 568 -37 -85 597 -483 512 101 867 -416 -497 132 -221 -153 -477 -259 -58 346 -104 662 -183 -263 -25 -8 -157 -264 372 93 67 105 662 212 290 37 272 -405 115 378 426 460 10 -188 315 19 289 -681 -1030 311 60 -216 309 -387 249 85 190 -368 0 -164 -264 -492 856 835 393 52 -449 93 -175 166 26 -94 293 33 505 -115 593 114 -127 347 348 726 -65 63 507 -250 -566 43 -365] 3985.11
[104 18 -293 -872 327 345 57 -181 -409 -450 297 118 -738 475 -79 225 50 711 -50 -308 -47 -141 179 -202 617 -147 -487 398 629 -354 147 179 -526 327 283 107 131 -574 153 253 -281 -121 915 -362 -518 15 169 25 -240 -190 -147 -325 23 612 -39 -19 -586 -774 21 -103 -308 -218 -292 -357 122 -124 -199 386 23 -828 192 71 369 269 -78 687 38 -235 381 -564 70 -252 29 196 187 -600 191 -311 1 396 -252 -269 -119 -596 380 -119 -157 -731 479 390 -180 -465 -711 252 -68 170 -97 377 514 -220 221 309 98 33 36 -237 -149 496 210 -50 19] 3880.7
[-200 -107 123 -93 -425 474 -33 52 -111 839 601 -419 -753 438 -372 391 -326 550 -26 -35 116 -171 -514 323 992 -207 -273 -385 -97 -714 -282 203 -14 96 -32 -638 352 -604 169 455 -374 443 -69 137 435 -393 0 43 -331 431 -489 -82 -409 -14 -367 260 184 -757 165 194 -198 -334 251 -442 -151 -592 -685 157 -215 -180 -268 393 539 308 128 75 -594 -311 284 -62 488 -390 253 622 107 -74 147 -261 -195 330 -924 325 207 -173 -658 527 -5 -353 4 255 -81 -265 80 -307 196 499 1150 734 78 -635 -243 196 54 -318 560 -113 -373 373 45 -783 -6] 4316.85
[106 -12 60 -234 567 239 -777 -112 65 -265 215 -310 -209 -661 -547 728 -242 -565 -362 567 -143 7 -54 151 -11 25 319 141 27 177 258 87 176 -344 320 13 50 -73 -256 366 -644 -355 114 -40 69 151 618 204 275 32 306 6 608 -35 -221 511 202 -148 131 -114 390 -385 185 505 44 233 -333 81 -96 -173 -65 175 205 -203 89 72 655 23 92 -449 245 85 416 -58 -93 -193 -425 274 190 -205 -768 206 5 -48 -1312 601 -205 5 -414 139 126 121 396 -227 -169 198 -123 402 -962 -591 265 -443 -142 -229 282 -33 76 127 212 -157 -371] 3695.86
[403 299 -47 215 125 -345 212 -271 54 -314 -167 -467 -819 170 328 -214 -146 74 675 157 -183 -224 -367 572 -58 -371 418 81 167 -773 -412 74 -166 -1006 124 336 678 -788 -258 93 -332 104 -21 -555 315 -399 203 -148 26 -53 79 12 343 -109 10 -56 90 134 276 123 313 731 -505 50 -97 98 89 551 226 -1015 -253 192 3 144 86 357 -749 351 106 -36 35 -70 275 -119 -62 -18 365 -505 -489 946 -49 -253 -84 -100 348 613 -126 139 688 593 226 -704 -623 64 -785 303 -257 -212 298 -90 -112 -56 -285 510 326 188 51 120 -133 144 -27] 3998.94
[-519 617 283 73 1 -416 120 211 -270 -234 -302 -293 253 -192 -461 -371 131 135 -4 53 590 -288 432 -270 209 362 432 527 225 -136 529 -298 -663 520 313 332 416 16 13 72 -462 418 390 -412 177 27 180 -32 -459 191 -702 -206 501 -108 106 -590 -403 417 -538 175 452 283 -59 381 243 777 1086 -310 199 83 77 -351 319 125 -433 22 -255 559 82 81 -910 -170 -253 -587 594 90 -356 431 471 -325 -137 -259 -163 421 -2 -120 410 -146 -320 -43 33 -176 -543 -410 -323 -247 -274 -109 273 832 -105 -544 200 -161 -100 -254 -611 -82 -421 378 -617] 4075.72
[177 -232 476 -144 -381 -758 -91 85 314 255 -118 141 -632 322 -124 206 156 326 403 -198 50 113 -127 174 244 -25 -190 380 293 63 -6 681 489 188 -393 -723 -361 -13 61 -512 221 323 203 -301 -161 227 -275 229 -440 -512 -138 146 104 475 -603 5 -213 -719 -239 579 247 -744 385 -134 -274 -649 -427 -398 -52 -105 -339 542 99 -74 104 -570 -95 -641 181 82 338 -253 -308 -106 88 398 60 -327 103 -554 -607 256 89 352 -173 66 -374 234 -193 -437 -149 153 262 -89 25 -291 780 284 138 -588 -168 318 -483 202 -422 -435 573 333 -304 -145 -746] 3846.67
[498 -111 28 129 1158 -310 192 85 -169 -88 -224 313 -1079 295 202 -136 273 131 -33 68 -71 178 -116 47 -83 -144 415 371 343 64 202 308 370 -117 -152 131 376 -473 -585 579 -110 -468 34 -779 150 -527 186 19 311 -398 706 -980 22 -190 -20 -253 207 -346 57 -5 267 313 -788 496 -67 756 -112 287 746 -192 425 118 181 -861 -121 172 175 92 -80 -104 340 301 -342 509 -151 -301 -255 -321 -161 674 -286 -524 -347 -395 -586 -306 -377 -277 671 42 205 -285 -502 266 26 -32 -928 -105 -269 -331 197 143 -98 192 -515 -22 666 503 99 245 -97] 4182.17
[122 -70 -59 -171 -39 972 481 61 -3 146 569 -139 534 570 -61 569 607 142 -543 -219 469 100 125 -324 558 -300 -595 -171 -95 -276 -57 -210 -159 891 -162 391 246 -185 388 -152 -211 196 325 261 485 114 -22 -266 24 175 447 -1108 -620 -250 -160 13 -3 -341 -155 -246 -211 -300 -185 -328 -351 532 84 -206 -39 1 -14 39 459 201 -150 68 541 435 -94 -404 -306 436 -408 532 157 113 -470 426 -131 -485 75 -436 -276 287 -432 147 239 -632 -211 -1 -48 -28 240 -290 177 410 651 464 -346 -25 -323 -385 -58 -240 -10 -28 -618 -282 -239 517 -194] 3861.08
[926 161 1014 -91 804 -814 597 93 -376 446 8 -168 -1214 -335 -159 -167 -88 205 349 237 -89 -128 -157 -73 -273 517 305 -337 430 -756 153 -635 141 -521 21 -408 676 -721 -437 77 -446 -78 68 -664 -53 -286 217 56 21 -447 224 108 -266 -5 -313 -434 663 103 561 314 391 1017 -57 662 850 61 251 581 436 -163 448 51 489 -445 8 -27 -699 383 -84 -184 -63 -65 109 618 -20 -521 -27 -346 -307 1583 -261 -171 304 -391 272 455 487 458 547 609 -66 -267 93 -227 -195 -471 -235 140 124 -74 275 567 -18 593 -126 -488 943 654 18 -251 -626] 4920.01
[-566 -90 -251 320 -322 -179 140 -51 65 36 -52 -204 248 -316 872 -31 -141 -184 -109 -99 -31 -1321 -14 672 165 -396 -577 383 -301 259 -343 -191 157 -865 -474 531 367 -349 -321 -666 -23 -233 117 -405 54 399 -212 335 379 50 528 584 -9 -319 326 -237 569 269 178 310 533 -144 332 517 717 608 854 77 -64 -707 -512 -2 66 968 294 10 -342 229 273 235 -588 -238 161 -89 466 372 -351 859 341 -80 -126 -167 -132 76 409 161 -179 344 -438 457 -608 -188 388 170 -593 168 95 -628 195 708 -247 -44 179 -121 322 73 -225 -742 -323 -402 -583] 4401.77
[20 -616 166 -146 -461 -426 -97 -5 154 95 52 636 525 229 593 306 -324 -653 -126 -312 -541 -687 -237 -49 -315 981 -347 268 6 -12 -407 -206 249 -302 -292 231 -501 409 -329 -621 1006 16 -416 286 -212 6 -791 287 17 -163 375 807 -362 -117 257 80 111 188 313 20 276 179 265 -53 -14 -260 168 -166 -247 198 -251 314 -441 464 296 -767 112 17 106 164 -162 88 -125 -199 -52 -196 -13 858 97 135 145 -35 308 -216 1466 11 -30 876 -722 -203 -751 456 992 379 -110 -6 495 -809 -17 418 -35 21 -147 467 -160 74 147 -454 -157 -502 205] 4407.72
[-25 293 184 -201 -877 -418 -205 -414 -54 253 -164 589 -200 854 -398 -39 -393 466 -192 297 344 326 323 -658 -77 414 486 465 326 275 130 -34 -164 189 453 -248 -439 341 203 -601 -433 517 485 262 -222 -196 -702 -364 -387 -387 -464 85 -305 520 -609 -448 -459 -543 208 -417 -424 -62 -14 -198 -484 -1089 6 -47 -187 497 -251 213 208 161 -28 -176 -313 125 100 416 -79 -87 -32 19 -76 -300 -160 -653 459 38 357 -566 -186 232 435 -45 102 86 -107 435 35 129 209 102 452 -719 745 193 352 -54 33 -37 -383 -415 -235 -357 158 500 95 -166 459] 4020.13
[248 -170 425 278 330 29 914 438 514 690 -83 734 308 605 441 -527 577 -200 -337 -545 74 296 76 -617 -778 -563 -127 -430 -262 189 124 -542 892 4 55 -417 151 779 434 -67 398 -575 142 288 326 -203 -525 -486 814 -569 748 -117 -643 184 -126 -599 -260 -87 321 -603 -338 343 -369 387 -63 290 -12 -217 -510 1061 696 -309 -146 -401 27 -289 370 106 -492 40 -159 397 160 174 -536 48 85 -52 -129 -827 1185 -754 -227 885 -51 -423 353 17 -531 -446 391 -508 -171 274 836 -751 90 -95 62 726 -99 416 61 -672 -623 208 124 -422 169 1038 294] 5036.51
[-520 -79 130 696 -372 84 -305 336 -969 -102 -202 196 -670 -28 26 470 -1181 -200 -384 385 250 -587 -450 -4 -18 -138 519 807 -168 76 688 -1002 -825 -447 574 -802 -384 -66 -761 68 -679 281 168 -307 -268 287 -470 237 189 -107 -482 -230 -223 -438 -4 -466 283 -311 609 20 63 -270 287 361 23 -206 128 363 -236 384 -439 -261 111 322 -568 102 -999 137 193 535 472 -313 355 456 237 -256 -853 513 640 220 -116 -355 256 -362 -72 -767 83 600 59 686 -596 328 357 707 -639 -663 -284 -396 -623 101 322 -6 185 -562 46 -351 -299 904 548 -852 294] 4954.19
[112 -351 -502 842 -176 -339 -513 -118 -53 -376 -147 34 -32 -655 1007 -19 198 41 800 149 -496 875 -284 357 -293 -1533 270 -298 62 76 -290 1131 220 -812 -265 -72 -166 -584 91 -197 282 -241 -324 -318 -91 442 759 177 73 -276 501 244 303 -283 172 480 143 10 214 84 46 -540 -18 181 -251 -480 -116 139 -229 -648 -319 545 -564 -64 240 418 -537 -1014 313 -277 482 -98 365 -368 -560 504 379 -106 -212 -409 303 136 -164 -483 -482 188 -316 -240 259 -152 197 -380 -154 111 -736 396 -732 -45 -1145 -821 139 296 -331 420 121 63 -81 -145 110 224 -448] 4724.31
[-424 506 351 -588 -1030 -110 -137 -760 235 125 -8 180 364 -14 -349 -473 78 -395 539 336 519 263 -324 215 -19 -409 309 -382 349 167 -159 143 -69 373 193 586 61 278 24 137 -376 -629 -589 826 155 199 385 81 -224 58 -270 216 -107 -325 -467 1120 -208 -231 -720 -111 416 -43 668 289 -110 64 315 -276 -18 342 448 162 -258 -662 -29 132 62 -63 751 111 -37 76 543 -232 -477 -206 242 197 -288 -421 -140 54 228 230 -459 576 110 299 -30 294 422 162 94 -141 -206 711 -558 -585 -356 -234 122 -164 417 -493 309 -124 286 80 -74 481 -224] 4045.43
[-450 867 360 424 607 -826 -454 269 71 656 404 -544 -235 -1027 -103 -514 516 350 -7 541 408 -224 610 659 37 -125 454 -271 117 -370 113 -663 -314 -16 115 308 483 -1193 -81 -107 -570 -6 -158 -249 -127 -272 202 -308 -168 440 -194 -746 -31 -149 -218 -1 638 241 111 -330 465 625 -170 788 438 137 636 38 171 367 -381 -449 511 399 -519 -85 -550 -38 -20 -432 -302 670 -200 420 208 -952 -232 -401 -73 121 706 -480 -4 -364 -732 206 310 297 -308 439 257 -239 -310 -317 112 -478 -320 139 -772 -223 -13 76 540 -421 -116 38 -33 408 -20 8 -113] 4570.66
[-62 -529 408 -365 130 -131 -165 129 -269 272 348 -372 -665 -806 -540 -185 -20 -258 -200 10 345 -694 598 89 510 574 -142 -372 311 -632 21 -48 -93 -543 -302 -495 182 45 -170 475 -106 564 161 315 -3 -304 1142 984 -12 955 -478 542 541 803 216 672 419 -222 83 259 30 58 93 148 241 305 -478 32 -491 113 409 -106 242 449 62 -285 187 -603 493 -478 -298 -763 576 -693 278 -812 185 521 -148 -291 -1005 755 505 -238 349 501 -289 -113 -1045 222 -630 -337 177 -295 -136 287 224 66 75 10 -182 210 12 -185 445 -49 -491 -259 314 -719 -368] 4699.04
[-415 124 700 -76 -227 -413 -24 338 182 627 762 822 -144 900 273 131 -160 589 2 -186 -31 -78 -445 -374 44 262 -76 512 863 -130 21 291 53 1117 478 -219 -78 92 181 214 510 -181 -328 -182 298 -59 -12 429 -551 -499 -5 206 -292 -295 -185 -604 -221 -316 366 279 1281 -15 546 355 -517 395 383 -537 79 38 492 499 459 -338 395 -69 -485 -242 741 -350 219 -468 -327 426 189 -261 35 647 465 -92 -1203 223 -20 -500 -736 654 517 -487 -868 -128 -124 88 -162 -394 -194 -399 59 262 -283 711 -33 283 -493 -392 -348 -983 -68 134 -80 25 -711] 4769.44
[345 -220 -218 -344 331 -142 563 -445 57 -884 -265 225 86 359 555 91 -433 -1015 -389 -196 -743 373 -78 -235 -124 -84 -418 447 368 363 -73 341 568 -142 -220 433 -340 -307 -327 -238 206 -282 194 -137 -492 485 385 619 -482 -109 548 -389 1280 224 413 500 11 64 -205 265 -88 -189 -565 -398 -699 -32 380 -434 -79 472 280 -451 -289 -529 -116 149 1034 74 -271 -439 34 67 -299 -305 -450 -160 119 400 -605 18 -77 -756 -90 -579 -49 -356 -476 128 -148 -130 107 557 -78 323 -350 670 -843 -219 -764 -523 258 -641 -259 599 -563 347 396 -397 438 472 349] 4586.48
[-339 257 296 438 479 -1072 -821 175 -23 -216 562 -855 368 -664 -794 -107 70 -258 140 491 185 -678 321 -7 72 778 439 -13 -172 92 99 -349 317 231 268 -438 -536 73 -154 -270 -208 803 555 178 -68 -80 203 -240 -709 115 -556 -164 497 -156 -339 1 -482 423 765 -760 205 267 246 623 145 -654 -138 57 111 450 -506 235 266 625 -198 -268 186 -118 -744 -56 163 -92 225 -159 52 -217 -470 -51 526 -307 296 457 -151 -162 -462 -6 733 276 -479 -454 -224 570 136 -647 135 -444 620 276 119 -604 -191 8 -385 -532 -354 212 -350 520 -340 -191 -407] 4453.14
[249 -373 -278 428 15 255 337 -37 -147 -216 -182 -322 -678 -548 200 -144 572 -356 265 529 -161 -119 -247 -37 305 -226 -415 -829 76 -428 -143 -306 -75 -207 -302 159 -317 -493 -723 -153 132 311 21 375 -309 -165 431 385 -258 449 442 1 -497 -218 10 495 245 103 -12 59 -332 338 560 68 254 -89 -283 376 215 -170 -247 -483 32 370 -60 461 296 101 -251 122 312 -341 198 153 31 -145 301 -92 -295 643 224 -282 103 -279 270 -416 261 2 716 458 -578 -94 190 -305 51 429 71 -828 -126 95 -70 256 -454 -153 711 387 84 230 -244 -330 -147] 3632.12
[472 617 31 -1182 -417 570 -106 -1336 -370 -701 38 131 -402 69 -941 -110 -337 -214 -162 -178 -167 460 419 312 -202 918 704 -258 144 -23 100 -8 -504 -669 808 621 -251 798 -34 80 171 -287 175 -53 -201 -60 -207 -187 -259 339 -349 40 837 596 -47 314 -146 468 -662 18 165 390 -548 -361 -171 348 31 331 -261 200 912 -171 -145 -712 -231 -80 928 405 -214 -517 -872 582 -74 -764 5 74 -32 -305 -306 -34 -381 107 914 -75 411 566 -458 59 -93 153 276 227 -253 -27 -360 -94 -632 -484 580 -16 -44 -451 1092 842 201 -18 431 -179 256 140 752] 4976.66
[160 -311 -41 -258 1040 -279 477 -135 -475 -121 -136 157 -594 -720 401 -224 -484 294 837 606 -89 142 -250 -144 -390 167 455 723 392 -158 293 527 298 -166 -267 272 393 -531 -376 208 325 326 197 -503 -308 -910 264 224 -10 -638 183 160 -295 14 558 144 251 -150 11 311 -98 962 -596 10 379 -168 382 305 356 -322 358 809 -184 -1186 -383 437 -158 23 198 177 472 -178 494 -428 -514 -277 205 359 144 445 -345 -759 8 -1115 569 651 210 -520 670 302 -443 -213 59 -29 -466 635 -416 -765 -395 -284 775 322 242 348 -398 -97 436 675 9 -73 -186] 4748.72
[-284 195 -633 8 531 678 -236 307 109 608 -330 -667 -288 138 -167 -553 -55 -194 -272 433 535 1128 -456 126 187 -609 143 -1094 -300 40 382 -57 -313 -174 165 -344 -66 -583 -125 900 -463 -69 -163 647 175 -150 1177 -190 508 448 -790 -134 29 -630 423 577 29 259 -282 155 126 -111 87 -187 -84 -436 -915 101 450 612 -23 -418 -70 9 -171 171 149 177 28 142 541 37 313 -172 -492 274 223 -347 -267 329 -174 329 329 628 -1035 -582 48 -605 437 -139 630 -4 -18 -606 278 558 -24 81 -572 230 196 -103 183 -324 452 41 57 586 -250 206 19] 4539.2
[-1041 -148 -431 398 -491 499 231 -120 -34 829 11 -206 692 -29 24 -242 130 -90 -547 65 173 -861 116 347 412 211 -162 86 -171 657 -37 -396 -99 859 -267 -122 -9 607 -956 -331 -122 243 -560 603 382 -600 -450 221 318 185 -138 -88 -810 -198 -137 253 248 -585 -69 82 104 203 475 -103 103 -128 47 -181 -243 -411 -102 -289 -274 234 47 -101 118 25 -201 892 153 -243 -110 -37 13 -9 -37 2 30 416 -64 -10 -96 -194 196 131 50 -609 -284 319 -1032 -268 -214 -51 120 -671 236 -199 725 540 -64 270 -176 -1386 257 -348 -832 129 -398 -404 391] 4362.16
[153 -138 -263 123 308 329 -631 537 -214 81 -56 378 -751 -358 64 212 136 85 453 304 -287 368 -127 255 -769 127 -166 -322 50 -358 632 55 -35 -52 -376 -556 127 -379 -191 284 394 94 -690 211 -672 -203 392 404 -11 51 -288 315 -36 491 763 -469 150 -159 82 222 368 233 542 269 40 998 -302 844 142 -501 469 -376 -174 -423 -316 -125 145 87 512 62 -18 175 -146 84 204 -480 444 -534 568 -194 -257 22 201 -345 92 135 -564 -114 35 -141 -99 -190 13 162 -49 -107 -372 -324 -496 -19 -199 366 528 -522 500 -213 308 39 95 -214 -407] 3835.29
[-566 781 11 312 -334 -436 -168 238 -235 -479 -523 -21 650 -644 -113 -706 -9 235 -713 50 -350 321 662 -1057 159 -128 650 -121 -90 -207 166 -26 -930 303 916 12 -324 -250 293 1063 -348 -371 -145 -78 -310 -78 154 -58 -480 930 -531 -175 1163 -76 -470 -235 202 332 139 -373 74 275 -147 29 -158 -97 763 -828 -283 841 -38 -863 12 -153 -101 577 -577 169 -523 -17 -855 -348 -387 -66 238 -521 -470 -292 -200 458 185 136 133 -269 -341 -586 132 290 -761 314 807 153 -160 111 634 -308 -1466 713 -558 175 125 -144 -319 151 399 49 -759 461 499 158 833] 5164.67
[194 -277 956 317 344 -731 51 356 -289 398 -56 -425 516 -920 39 272 -151 -1025 765 626 -6 215 -401 324 -104 -513 362 -862 -215 151 -231 -656 408 -166 -205 -380 614 433 -525 604 -215 -474 -1050 234 718 -205 743 -71 281 -230 46 182 -787 -995 -254 474 355 493 458 -294 436 -131 5 486 273 -46 547 18 225 308 190 372 -587 -270 -400 -478 -1128 -630 397 -176 949 217 736 728 -1403 -35 631 438 -605 439 434 449 404 363 -764 294 779 780 720 -580 468 583 -379 289 41 -216 -735 436 -429 117 751 -121 442 -18 -578 -329 -169 -24 746 117 -295] 5520.78
[-326 -11 -570 174 1018 134 119 494 179 -11 659 -422 -490 -595 211 -433 400 14 -239 -435 -179 -426 376 -101 416 -529 -107 -50 56 -313 552 64 228 -66 170 539 784 -959 -19 782 -460 -672 653 -1115 175 -209 192 363 523 172 160 -639 282 -147 383 97 445 -319 341 -243 567 -116 -222 705 881 352 -451 105 203 -436 -117 -283 537 541 289 697 656 97 -19 -602 -128 108 213 123 360 -361 -410 621 412 127 -663 -296 -73 -329 -477 -185 -86 -678 86 450 -158 -715 -10 -625 -195 290 22 499 -327 -286 354 274 20 28 298 -504 596 259 -320 -387 -806] 4664.47
[-467 -246 -578 -424 -116 -273 -458 -211 -352 -352 -236 13 109 91 -174 -153 156 755 120 -287 294 -2 492 -465 1141 -7 -13 -68 578 95 -60 183 -1082 156 508 301 281 294 545 170 -712 24 573 -185 -344 654 651 291 146 187 -433 340 156 0 199 -744 -102 121 -459 -285 -70 -364 -579 176 224 355 386 -159 -278 204 -289 -44 384 334 65 12 -875 -315 290 -329 -403 -333 -406 -51 521 -431 -104 -153 238 -154 -242 -161 -171 26 -288 -481 -623 156 -323 -219 438 -79 -410 608 472 654 -141 138 266 290 8 -266 4 -258 254 41 -1508 -237 365 -327 187] 4296.81
[429 91 97 -771 1105 272 215 88 -39 557 703 114 -215 511 -196 84 -381 540 74 -353 767 -541 -295 -127 306 897 -260 211 197 -502 -427 -34 510 -377 527 -75 1057 -527 1009 210 -46 141 90 -18 -175 -442 234 -59 837 -27 -443 345 -328 -314 440 -237 290 630 -21 528 409 968 -838 -52 86 -220 -258 -564 -72 639 -312 1048 311 -585 293 -141 -359 352 226 -168 561 12 336 -288 792 -1119 375 288 -274 364 -1018 -234 275 -337 -29 229 590 -143 -312 -179 295 -203 -156 -376 -563 655 306 -87 174 741 -87 -624 604 75 -365 -242 -758 512 -54 290 153] 5005.79
[-118 306 -642 6 879 -697 -303 369 47 -855 -107 245 344 383 784 -226 540 -661 300 -204 66 104 530 208 192 -406 -320 -59 34 27 -64 458 -134 -396 131 507 137 -342 658 405 392 -90 327 202 -324 52 231 605 -93 226 157 -164 130 -196 808 -505 -149 621 80 -126 256 65 -638 -221 -59 637 97 125 -281 -699 -168 -227 -84 169 -194 -138 -306 -158 -22 -736 -592 492 -364 -323 327 -371 190 -49 -428 293 407 -49 -552 -317 380 -334 -16 270 -51 -412 362 -260 -362 613 375 728 -119 -451 302 252 207 -25 64 -54 135 776 -858 -1121 103 257 154] 4279.74
[867 -621 -750 285 542 -537 384 393 -320 -809 61 487 441 451 704 612 -2 -688 242 -943 -652 1054 338 -184 612 -251 379 -280 391 -246 101 800 -234 -247 289 255 -351 -192 614 352 234 -405 485 -52 333 -175 367 739 402 305 665 -46 400 -641 -195 906 -854 -9 750 -655 -200 -808 -634 270 -170 -711 -785 90 -531 -287 -218 104 -167 89 475 -271 201 -1097 155 -552 -88 666 421 -520 47 386 -199 1275 57 -397 -194 946 -228 -88 516 -1419 -433 -270 212 -478 570 208 -40 99 317 884 9 138 -169 -485 578 -241 -604 527 -360 -407 -315 -335 391 189 -418] 5513.73
[-202 481 109 -354 598 532 -695 310 296 176 24 562 444 130 -246 -152 1049 156 -146 -571 461 -369 -393 143 340 203 -1080 -90 215 162 -313 694 -397 1221 -658 238 -34 -281 604 204 931 -351 -193 199 -60 -377 -260 -327 122 -312 -445 -168 -184 279 327 388 -371 -220 -578 604 770 -67 541 -692 287 257 -56 -249 552 -958 68 792 326 250 72 -750 744 104 70 56 114 395 -778 247 766 92 -78 -749 -160 -361 -447 778 115 146 725 945 48 -692 -122 -815 -454 -125 352 -13 141 -73 -55 -469 324 256 -627 41 972 -53 195 -31 431 246 -816 580 -595] 5100.13
[-526 -630 499 -47 45 -818 -475 -192 -851 854 -105 723 -67 -16 605 143 -187 -388 -411 326 -373 -493 -260 815 87 -9 760 132 101 735 -262 107 390 -492 -315 -352 -300 457 -727 499 326 164 -335 -723 1005 -27 -52 -231 -9 -382 284 67 -1519 -653 -186 259 24 -67 -268 209 360 -239 -126 162 394 -496 -24 133 -66 333 537 797 -112 -57 50 -186 -834 -664 587 341 479 -105 409 349 -226 40 -530 766 62 796 252 411 239 -776 618 -602 227 20 -367 -810 -654 337 316 316 314 -268 170 -51 264 428 147 545 338 498 -645 -105 304 0 -185 -1127 241] 5042.09
[620 87 992 588 -878 -126 81 977 -90 90 -109 876 -1162 123 -178 781 48 -751 -162 -209 -555 195 -229 -100 -80 -55 312 34 -290 -549 -612 306 -182 -918 -147 -703 -427 -711 -215 -324 -79 -300 -87 978 4 479 -539 119 -198 902 490 -367 -532 415 -681 298 469 -480 91 -55 -291 -551 1111 819 -698 253 232 -336 -920 131 -9 -198 -14 -571 -457 210 107 -455 117 -261 -190 -214 661 -184 416 -483 433 -396 -735 266 338 -267 250 122 -296 -776 145 713 -109 35 340 -513 -177 233 -722 -280 -353 -41 -742 -757 311 579 -454 -222 10 -37 211 194 692 -91 188] 5158.61
[597 499 173 114 -438 439 -54 14 194 49 -4 912 -597 755 -428 755 640 336 -208 179 193 -240 995 -613 -139 40 -512 -111 -88 259 19 177 98 77 -369 61 44 -330 499 -670 -290 140 222 173 69 678 -440 382 -893 334 533 -100 41 788 -142 -837 508 -793 310 144 -433 -1222 634 -212 201 -115 162 -13 -501 -773 -1 98 675 -512 262 276 530 -234 -369 -414 -770 -810 -629 556 308 -135 -190 -703 76 -59 -17 19 -609 -374 554 298 -773 284 -680 816 -202 289 1605 84 319 -158 213 611 824 -329 -189 169 -937 -436 610 -58 69 -569 95 -648 -344] 5278.67
[70 8 667 216 150 -560 694 -353 40 302 -525 126 130 -314 -265 -229 -699 -572 0 574 -135 -460 -180 -640 -481 304 321 105 -162 424 179 -272 494 212 -399 -20 -474 470 -928 -595 -328 -402 -633 98 -303 -139 -376 -53 -485 -440 742 382 727 109 -235 439 -27 -332 430 78 -679 197 -19 216 101 -732 773 -517 151 1021 -226 -634 -430 -297 -8 -352 186 -331 -498 563 799 -95 377 -66 -1149 -71 199 746 421 -346 617 -637 34 667 -191 -242 431 489 -474 186 -268 526 329 -112 173 -402 -425 -1011 -299 1329 54 -238 50 -693 -219 257 123 275 494 400 5] 4936.04
[225 -3 -112 -591 -2 -211 978 -184 564 -70 929 -691 693 -348 -192 -49 869 -498 235 -236 -626 -234 518 605 187 -34 -472 -1046 -138 129 -77 -93 80 673 -619 539 67 505 68 -77 -172 0 -81 89 352 102 635 34 559 -97 -8 -251 -1102 105 482 747 -624 -526 -310 -364 -763 -396 72 180 688 384 -367 1171 262 -573 568 111 -415 652 50 -233 587 -81 383 -163 462 579 920 -35 -57 524 965 -253 565 -91 172 586 63 419 678 -468 -248 -375 931 -302 -51 243 -49 -67 12 1057 854 49 744 -120 -211 141 472 -43 475 -602 170 -92 -91 313 -560] 5162.63
[1042 -229 34 -170 986 877 338 -70 168 -193 208 94 -106 -18 -10 585 -84 -32 506 651 110 245 1092 -610 -748 293 673 995 804 401 3 -297 689 -315 787 567 75 849 488 -305 328 55 1277 -554 118 -42 -397 118 541 -376 822 244 -506 548 -454 -650 6 508 186 -233 276 -98 -696 651 -279 100 -453 -137 61 272 -176 385 555 -320 165 338 1249 790 -418 -240 140 184 356 687 -310 -300 -241 317 385 -737 -79 -389 -120 -279 3 1011 202 5 442 474 236 497 -80 -141 376 -287 1049 2 251 333 336 -203 -654 -170 -511 380 1101 -686 565 -74 24] 5396.39
[381 408 121 -323 475 -470 1432 -762 -73 -738 -445 -892 -983 39 95 657 7 379 631 -63 146 42 249 221 516 -1015 393 -475 51 -220 -37 136 414 -634 -744 124 349 -796 98 -675 -681 871 621 -365 -9 -390 846 329 -296 -77 86 -677 553 171 202 -118 1087 57 -162 452 -56 100 -728 -112 199 191 -353 214 -4 21 5 -118 384 -873 -332 -163 -348 135 -236 199 -343 327 241 -571 599 339 -26 -715 417 -67 -1234 3 -53 -493 -253 -255 276 -166 77 515 425 191 45 133 -228 614 99 -264 989 64 -282 -85 -102 870 184 -510 398 829 -259 951 -644] 5251.92
[370 -151 235 627 186 799 -546 261 -463 -30 -776 105 -1153 386 -666 688 -402 217 508 448 717 -223 -340 300 -123 -335 379 603 -320 -265 32 -422 -447 -105 369 -490 150 -299 -420 -134 -613 277 -204 -349 31 302 -82 40 554 -331 378 -240 -84 -534 -702 13 161 -781 43 1027 -217 -967 237 489 -54 -7 -834 70 -86 137 -855 65 350 -437 -721 -209 -539 -7 396 769 1090 -353 766 197 -209 455 -566 106 -349 183 -97 -139 465 539 -535 -323 -652 945 720 753 -203 80 1311 649 -795 -67 543 -306 -131 -307 59 -408 -631 -332 216 648 -165 154 378 -723 -270] 5283.98
[288 -842 -115 210 425 -353 -943 -586 168 -25 901 -1158 711 -674 295 -260 426 614 -372 106 -467 -187 304 505 105 248 -309 90 -280 391 -509 -158 -277 245 -349 -150 -1184 43 -110 -746 868 251 -508 -735 -824 374 366 299 334 362 881 -134 -32 -180 -435 -10 1047 -303 77 -100 593 217 227 127 155 -276 -814 265 867 -2 -629 -602 -613 629 469 -803 210 -797 -575 218 -1 406 -644 107 -146 248 -501 95 194 400 -446 381 32 -1013 -155 269 -277 19 -510 -195 -715 948 374 -145 453 151 412 -594 -53 -70 -535 761 -277 599 145 293 245 615 -386 27 305] 5286.96
[273 -124 -322 568 -45 -1477 463 374 425 183 -650 707 -400 48 717 -248 465 -181 -334 -371 80 579 -302 -56 616 -1128 -641 121 -209 208 -288 141 644 -1262 -315 -618 -492 -773 949 -420 253 124 1158 -2 7 259 169 510 -318 -99 19 297 240 701 -312 182 93 261 1179 -305 341 -324 -491 -483 -466 -474 200 -387 -814 205 -308 268 206 601 -8 -441 -535 -577 62 -722 -215 -403 138 -454 -67 378 -52 -71 205 -544 291 -566 -353 279 -348 -212 -236 -179 -436 -324 945 -188 -277 404 813 465 -137 381 -148 -248 123 -392 -703 -289 -736 -627 -21 130 426 445 -460] 5230.35
[549 114 1170 627 155 -141 704 401 -406 -316 202 -341 676 466 -648 -453 -532 -562 451 -321 352 472 184 -415 318 -123 360 327 18 594 337 -241 -511 842 755 -238 359 514 358 -266 -750 225 -44 -333 1049 556 -423 625 -510 30 5 -109 216 -356 -149 -539 -318 212 32 -462 -450 -311 -14 -77 -587 -536 78 248 -103 455 73 -154 315 -4 -78 -149 66 -543 -713 -81 -286 -91 -838 740 -96 -159 -157 -518 -438 -171 676 222 -698 -56 -591 769 170 203 607 -161 -221 114 -583 113 144 -520 521 290 1229 -948 235 -758 -508 -257 -354 749 -90 -64 697 451 512] 5040.26
[430 105 242 -52 -792 718 738 -780 -178 1157 487 -436 20 -622 40 218 -81 1113 363 569 14 902 -271 -254 46 401 -96 -1393 -267 -339 -190 -387 30 -272 400 -335 -55 46 -390 -827 -61 434 -196 154 -424 -753 270 -415 351 0 534 583 -254 -159 -1105 45 354 169 244 -39 -356 719 124 -190 496 -1092 798 67 -519 600 -325 220 215 -619 192 39 -43 -31 -791 205 59 -146 88 -341 -1670 1169 393 446 -254 171 -349 -16 1001 -27 165 585 379 -349 -545 756 -506 19 313 -1119 -12 -502 164 195 -244 999 -177 228 -189 -101 229 -788 -1043 -459 -285 -64 -179] 5648.95
[55 -401 -159 413 -644 -98 359 -629 14 -122 -317 213 653 -136 834 -547 -142 907 434 468 -309 830 -391 -384 -362 92 -239 618 683 268 390 482 -194 919 -667 -117 -61 -74 -10 -499 693 657 -207 -393 -547 -132 591 166 -413 -753 85 322 -257 44 89 -152 -190 -517 -1012 169 124 867 191 -412 -496 598 632 924 558 -518 721 7 -165 -514 135 386 123 392 585 155 -701 -102 -468 -291 558 486 358 -56 544 468 -490 -524 -955 -1126 646 681 281 -1232 323 -39 -765 1 -135 -20 521 253 -993 -484 -503 -59 -578 271 -27 121 487 -50 119 313 -815 760 -115] 5394.21
[470 -257 -139 -583 128 855 -377 -298 175 -116 -535 224 453 112 -1443 632 378 -426 329 -392 98 236 162 -560 425 258 157 191 188 -645 192 30 -342 219 -228 613 206 -436 277 238 -220 -963 -54 67 -757 675 -677 -306 105 19 472 -995 -712 358 -130 807 -405 -433 -1040 167 -330 -602 -451 1153 421 901 91 -381 11 859 10 -40 -265 -503 271 -7 998 280 281 -124 -489 1021 408 -427 351 -710 -264 570 76 -345 -519 -633 -334 184 -1039 81 679 -574 817 449 290 -558 -476 302 -311 1229 530 -312 -1186 -100 1 -72 913 -326 625 89 536 -401 -59 296 -238] 5643.47
[-483 -275 -871 86 87 594 125 -86 363 247 -72 -175 427 -198 772 156 -485 -8 -908 -640 -519 -393 318 803 332 -419 -751 37 -348 440 580 -803 467 -378 -104 -554 147 498 -231 -87 -495 -608 109 267 -473 -401 -70 608 1495 241 495 367 405 294 418 118 288 -703 296 -725 -916 -206 -622 -223 348 -206 -504 964 -576 145 -128 -761 -218 181 371 5 395 -649 -582 177 117 714 -333 433 -77 46 204 -374 -595 -771 552 11 -302 -207 -17 -859 -1157 174 -308 208 -308 -446 -352 1314 851 -471 -739 758 -198 -789 252 390 608 -616 139 295 -1034 -592 322 -112 1280] 5711.74
[-189 775 865 262 1199 -1047 378 1012 1126 -799 222 -203 874 -426 348 18 441 169 -225 -560 -251 -47 841 -568 -112 -153 -258 486 -134 283 37 732 257 373 -268 421 137 -95 416 -143 80 -162 396 -265 376 553 109 60 143 -777 98 -193 372 20 295 -634 45 614 609 -681 233 74 249 466 129 612 735 492 -356 -1270 -70 389 -47 770 -185 -109 -688 -135 -183 -1048 -347 -35 -246 -157 923 533 -112 -234 663 459 37 424 -532 -451 -302 130 1180 -557 164 -619 -43 -153 -395 -225 363 -544 -452 943 86 -446 797 -143 -860 62 -240 -784 -431 -291 68 1119 -1010] 5655.44
[-115 226 -308 -1119 450 -227 164 -97 -657 -124 1202 -802 647 795 203 929 -637 -11 -957 -334 -467 -60 -145 -410 -403 800 396 628 507 -252 221 -208 -19 104 773 2 -2 -269 584 -460 -583 -520 1169 625 -904 255 -82 -115 -221 -80 -456 49 512 -291 -142 -487 -627 -320 602 -618 14 308 71 68 106 140 8 -14 -74 -986 -4 -551 157 410 -172 -108 356 899 216 -935 -1216 656 502 68 207 -876 544 -413 -114 792 -44 172 -845 -526 69 625 846 496 -791 418 662 -111 -722 -162 37 161 210 597 -213 -445 -126 322 -7 -241 212 363 -507 216 -23 405 445] 5465.73
[229 -27 -909 -500 147 -97 1199 -880 159 309 -367 -400 -1047 53 -526 -871 167 728 -352 113 5 589 -298 49 36 -351 -242 -395 339 141 849 182 106 13 699 -306 175 -132 67 -1220 -365 549 944 -608 -863 -168 -75 575 -330 -1063 -493 182 1113 526 -387 273 -291 -80 -317 343 -491 249 -501 -1007 254 -1132 -419 -503 -605 -109 177 -621 29 -720 -458 -157 430 69 -669 65 -223 -101 -425 -650 -286 591 745 -987 -448 84 -123 -467 -321 -28 -251 -178 -556 -232 357 880 351 159 -233 -494 988 294 100 96 455 -309 314 -282 -754 -493 -320 -397 113 424 67 -262 162] 5497.18
[-208 1118 813 -262 -1146 160 520 -127 350 -1198 135 521 351 251 268 337 313 -153 -199 152 452 -428 15 380 -422 -924 -214 766 20 347 -446 -764 -198 -520 176 760 -606 468 540 -229 -497 -330 431 292 549 946 -382 -903 391 -298 99 -343 -885 390 -696 -170 -722 -360 321 468 -194 40 535 -527 -452 146 207 407 -798 -495 548 591 408 278 190 302 -585 424 917 -342 275 -24 509 91 1235 770 -798 -33 198 8 636 264 431 692 443 238 614 434 286 30 -294 -330 774 519 -701 -1050 -318 -10 -5 210 -518 -78 -402 -47 218 -25 662 69 641 364 -211] 5522.1
[-279 92 -513 782 -679 836 250 -204 -229 -382 228 -54 -553 230 332 -186 -243 272 1288 -682 -435 114 -1177 -521 -410 -1066 745 228 -196 -154 -161 703 91 -196 716 -38 404 289 -47 585 -163 410 -251 -1318 34 26 209 387 488 -235 -782 -141 1164 61 611 -962 -38 -417 -364 719 22 331 -825 -227 48 -5 -99 -161 -364 85 156 112 -36 -962 401 453 -429 308 -524 389 743 -704 302 -924 -709 988 -118 -442 -68 -486 -862 -742 964 -201 -64 589 -942 -40 54 145 -137 -1066 133 -66 -1548 639 -120 -603 -325 -141 -489 -286 -342 221 556 -358 -253 -253 -318 195 127] 5791.07
[-641 1159 -207 -275 -246 -663 -772 -61 242 -1072 -242 199 -656 -10 -493 238 640 868 -287 -333 -300 -628 586 226 366 -819 -615 1070 18 802 -627 729 750 127 -81 882 -334 -913 19 -17 270 -630 -25 -81 -1202 -145 -553 -453 -807 282 136 -562 567 606 -1453 -384 76 -986 93 291 -719 -673 361 92 313 -126 -21 -232 476 -197 -344 -664 272 -198 -31 368 -454 -760 -19 -98 -221 -81 -378 310 417 41 -103 -1065 -491 715 -143 -518 -450 -888 -641 -1038 -193 187 140 287 456 285 -98 172 920 229 -659 273 231 -568 190 326 -173 146 -586 506 415 498 134 -241 62] 5731.08
[162 3 -309 334 719 154 -690 -96 -306 -88 -78 102 -764 -458 -300 376 609 860 218 -148 417 134 268 217 381 6 -376 216 103 -150 171 55 189 662 -505 -84 -434 251 514 260 1246 440 242 -285 -1086 -399 186 -280 -887 80 -206 -853 568 605 -2 62 68 -371 18 454 -119 -1 -440 -1199 24 310 -993 -533 871 -106 -405 -759 393 -37 -156 -443 495 -219 -75 -228 196 609 -553 -182 391 80 -222 -335 679 -800 268 -16 370 -21 412 -128 -671 -97 49 -485 209 212 12 -160 839 -519 -68 -523 722 207 -558 35 822 557 -348 713 698 817 -642 -162 -274] 5058.71
[308 -152 -1071 508 27 1018 192 -127 -283 -1259 -401 238 -54 -486 -635 268 464 -627 258 47 341 -263 -77 -564 83 -475 -415 312 868 -82 573 -760 -391 304 431 -351 -710 700 -56 1034 352 767 643 -16 -952 -359 314 -129 438 -578 -890 -494 392 432 -376 170 -799 -881 -199 927 456 -305 -588 -396 -380 646 -895 109 -453 8 608 -385 193 -521 -116 -173 410 838 103 -271 1164 3 538 128 350 -69 -1247 380 -556 -110 -1207 -291 615 -226 412 62 -543 -669 1130 13 -135 162 1217 816 -306 167 -127 -528 -725 -124 -437 -346 347 -541 -11 -17 -86 726 -80 -589 169] 5900.64
[-496 185 589 -938 994 -462 -221 225 -264 -126 -253 158 -8 188 699 -238 487 -18 -580 105 -202 -390 642 -347 249 -343 72 102 235 371 97 714 -573 531 53 598 61 -201 -686 554 -216 -324 18 -365 -391 -566 189 -120 513 -518 -50 -1061 -949 -569 555 297 -13 -171 -292 239 -126 -287 -193 -261 671 -656 170 -56 373 -325 260 39 -447 361 -640 -372 -757 301 492 565 681 240 -377 795 -500 -768 -642 -724 -152 1923 986 -477 817 -686 705 -766 -41 786 790 166 -314 -253 492 741 445 -741 -68 -95 44 -117 971 355 242 169 -112 462 69 137 660 -477 381] 5549.45
[-125 -395 397 -524 858 -221 -512 460 -363 -159 112 -9 -291 -501 -320 696 -71 -993 -440 -155 -1062 144 109 319 -172 -96 62 -228 280 -302 244 494 158 -123 -140 -36 -517 -60 -722 129 177 46 -97 213 -63 -175 81 160 -242 -321 182 -268 276 664 192 490 -750 -384 28 -319 91 -312 229 -163 -378 -174 -223 -9 -495 -67 -374 284 -114 725 -417 -991 737 -373 42 30 999 1114 -315 288 -92 -679 -156 -685 -292 -968 358 597 715 -202 210 -278 -25 -116 -238 -1406 -356 71 51 337 494 -463 634 577 -851 -1040 149 -285 524 -86 -394 -86 522 -218 343 -196 144] 4904.34
[95 404 -803 565 516 201 -964 127 376 -722 -95 -639 -239 -24 50 -465 1078 277 721 128 355 532 1068 8 -53 -143 1092 -321 55 -201 455 539 41 -658 -22 85 -382 691 -20 633 627 -66 475 185 -339 -217 588 -84 108 533 -144 -395 172 -257 61 -624 -395 -75 453 -399 691 0 -74 627 -607 1009 -1528 860 26 -236 -88 -45 103 -174 187 161 799 76 -303 -670 -504 39 -242 -395 580 640 200 -832 837 -132 -131 368 167 263 -517 -172 -360 -133 323 -418 198 -522 -630 -404 -83 -639 -119 -759 777 -248 -507 669 -599 -472 825 1200 -86 -301 -643 19 -540] 5489.75
[248 175 165 -30 -135 108 -22 159 519 1056 399 248 785 253 556 231 570 -536 -923 116 -312 -53 117 -85 446 618 -708 -627 519 -907 54 -874 -934 848 -354 525 -115 -718 527 -163 660 443 177 470 160 417 821 515 -665 485 -142 393 38 -112 831 585 12 -58 -74 -85 778 390 403 -53 248 526 525 -246 64 -60 615 -116 469 391 259 -456 642 246 400 -858 -1186 297 -108 -202 1169 -178 348 738 -170 -239 847 -198 -522 15 1135 -83 297 -143 -677 -259 161 67 582 -454 356 559 -353 -63 -453 429 -234 -125 374 161 64 -628 -43 -73 -820 353 -528] 5332.78
[-169 635 457 -354 -198 135 556 246 363 434 -149 -171 113 851 -215 -449 281 481 -41 -369 238 26 169 -543 129 591 -999 -334 -759 172 -121 266 974 685 542 -156 -500 -197 566 153 393 419 -11 425 214 -494 -7 -459 -783 37 -122 -645 -206 -400 -148 -567 -584 809 214 175 114 115 256 -57 312 -214 479 -77 204 637 -111 64 619 4 -188 186 593 1124 -1284 477 114 -525 -438 353 -895 1041 -1190 -85 36 276 -124 188 332 161 71 -166 104 -132 -470 -433 125 224 639 -819 451 -44 1360 999 864 -111 -185 -417 -240 173 -613 -149 -615 -606 -865 -8 -597] 5349.45
[-59 -398 452 -226 -537 -745 -447 163 -292 -649 586 459 -253 -489 72 -172 -282 334 585 -417 40 -323 -228 0 479 240 84 301 320 -661 -102 -404 -313 -278 61 494 130 560 -412 214 707 -845 235 -318 -385 -441 -1159 -98 -586 268 792 647 -837 -218 -339 -531 597 177 393 -346 430 167 300 174 -153 790 307 36 773 356 -68 -132 86 369 -325 59 -267 -215 776 -270 -377 429 -747 885 -372 -562 204 895 235 -324 217 -506 627 -322 246 73 293 647 28 -334 -45 -31 -162 289 -28 -518 -45 -659 -109 360 180 1040 432 836 -220 581 408 150 579 -1122 -33] 4975.45
[280 523 328 277 474 -807 -237 1058 1325 402 579 -101 -427 -247 -12 242 708 190 -119 649 515 20 1080 342 161 715 -308 -151 -37 -238 156 118 152 178 -267 70 -318 -377 292 793 226 -312 -12 260 -235 -126 -319 111 -215 890 591 -97 -71 123 -111 15 487 -340 -766 478 -555 -509 823 -135 -310 212 -490 -548 629 -467 -911 -750 209 683 107 -228 340 -495 302 -763 117 331 -423 222 902 -508 539 -53 197 0 -194 1097 -328 516 -67 -764 -82 794 -276 -165 345 250 650 -374 778 -726 442 476 -159 512 -330 741 -417 268 664 672 236 -50 190 -368 313] 5222.92
[-612 574 56 685 -374 948 -419 -271 -247 372 -424 266 -18 -207 255 -635 882 1196 -167 132 720 260 354 -204 -503 -248 445 186 -583 129 679 -255 405 110 546 50 -74 -202 -314 -67 716 -321 -259 -641 255 206 -920 -311 484 -347 232 -303 62 -692 216 -822 158 -7 -448 830 -383 470 198 317 121 822 334 -200 267 577 -206 962 -230 -514 -387 494 -46 150 -482 179 -393 156 -1179 112 -134 904 -94 48 -295 -345 853 -970 113 -151 -134 -307 -108 141 125 98 -391 -327 41 -125 -1147 -811 -1083 -472 -138 318 -499 -165 187 335 360 273 -519 -471 -1040 365 -250] 5257.59
[793 -717 540 -72 -339 625 -26 -94 -484 31 -252 309 -553 479 -226 55 -138 -112 524 -246 820 1512 341 -399 -536 -75 225 31 -191 206 695 -78 -594 -288 79 -251 -372 843 -283 -357 279 -596 -207 247 30 218 -654 -758 -229 -157 514 -26 -468 -166 -649 -368 502 -607 6 322 428 -778 322 -403 -431 -1072 -736 -13 -637 60 -277 -214 -950 -504 -96 -718 -262 -976 -384 -348 -741 -278 -745 -283 -773 470 -915 181 -496 -404 408 -709 699 648 430 1069 -437 323 -268 -200 -537 -40 959 -391 -449 -1061 388 -711 -16 -87 681 521 321 265 -423 87 81 940 96 202 -434] 5581.51
[172 108 254 213 -331 -28 -565 366 669 -501 57 102 -1213 1005 -727 -492 -46 -124 651 64 222 882 549 0 561 -192 -49 -667 403 -671 -181 -197 -1133 -436 820 143 -483 -413 -605 -341 66 78 69 256 -514 557 -191 476 -38 246 -196 -62 221 -223 426 -157 -741 -50 -178 -245 189 -1108 315 725 -910 -233 -165 474 379 -5 -673 414 -200 987 -1013 -351 531 -236 303 -86 571 -229 -397 269 -434 -461 953 -991 151 -97 132 134 393 16 -103 -390 -71 688 1372 -22 46 613 -450 661 -456 -82 243 -782 -604 -513 397 -102 -572 -85 648 396 139 189 933 -698 229] 5465.42
[-137 211 -127 -455 -267 -163 316 -476 -151 -505 -1034 -241 -510 188 54 -376 -827 -209 220 62 520 -46 321 -102 385 136 217 -256 383 -575 -59 -78 -799 185 -304 107 -211 -8 -730 225 -394 -157 -525 1048 -170 -186 284 466 -1345 1122 -347 126 491 346 367 553 501 241 -490 578 -270 221 -557 -407 -112 510 39 -497 51 389 777 -1412 347 36 -237 709 -608 -17 214 -506 -362 -141 -361 17 14 -1024 -149 476 -290 -39 -505 -25 3 106 -178 -120 -213 -312 -639 176 798 71 -203 86 358 401 -388 -306 -556 490 190 337 181 51 473 349 135 -176 265 -35 414] 4803.51
[1140 22 -163 -48 107 572 374 529 -88 161 125 365 -447 -503 -578 296 524 -121 446 338 201 -539 613 103 37 -254 15 83 -27 -611 -301 443 -212 -748 -220 -478 -609 -289 551 52 578 -172 275 832 -770 834 -496 -41 -737 841 572 -13 40 484 -149 115 -80 -197 298 221 -583 -188 202 141 -93 96 488 -898 -318 -617 104 -86 96 -681 205 724 139 -793 -416 -881 -10 -331 203 324 471 -811 44 225 -719 -718 837 273 -256 -129 -279 -205 -215 307 -28 50 336 54 -20 -163 217 321 -165 -1029 -128 216 -107 847 504 -743 -25 1041 -671 97 428 -391 945] 5026.51
[-561 670 657 -1493 216 520 -174 -256 127 227 -529 324 313 -198 -51 -535 203 830 -117 -303 287 -543 -524 -1270 214 -339 -163 -63 1004 96 691 463 -126 970 773 -900 117 819 929 256 -583 -786 1671 60 -570 962 668 -55 409 -963 -731 936 873 616 134 -154 -804 -496 -1323 193 413 126 958 -99 646 -292 -37 -596 -463 169 369 -31 575 -335 571 583 314 349 -32 -17 30 -120 -408 -20 258 -27 -154 -470 -254 -894 -313 399 216 -46 250 1269 -66 -672 -870 -317 101 -234 471 -226 405 -30 85 281 -98 253 -211 962 14 -666 836 -20 165 293 -909 461 -519] 6168.12
[-3 132 717 606 -688 -136 886 352 -177 219 843 -323 1335 -909 -500 38 -320 -322 363 -622 281 -604 -47 97 48 -653 -678 411 -573 190 -262 -156 -756 937 -130 137 -303 -550 1233 -627 133 305 239 251 -679 1091 -263 283 -551 462 40 -297 -327 263 -633 209 481 -30 608 -135 -749 -534 231 -341 398 -479 700 -234 -379 284 -249 -183 155 389 -78 -454 62 -710 -251 -180 -342 -144 603 -182 -119 229 182 175 -866 -426 820 725 -164 13 238 598 752 658 113 454 -100 630 585 588 -46 549 250 150 56 -425 -203 219 503 82 -460 383 -285 -378 790 467 511] 5275.8
[-567 -91 -65 242 -451 465 -498 330 338 869 392 -308 -370 -726 -137 128 331 1021 -85 118 701 -389 -269 825 -641 -380 453 893 -106 282 -145 144 -792 268 8 478 377 -123 488 -1138 -459 638 -171 -178 218 144 124 -15 831 -217 -464 -230 -770 255 -362 -638 574 -211 -72 -452 81 6 44 -394 22 -41 -235 43 -523 -810 -193 -26 395 884 -292 -149 -483 -273 298 -782 -27 -37 -94 -272 126 95 418 -159 -308 -79 69 269 -375 -272 275 587 -145 -342 -559 204 -512 -260 316 -557 559 -730 639 501 -48 -36 262 246 -343 -388 -296 -190 -731 -648 50 -378 431] 4724.9
[862 -1276 -142 -977 124 476 -786 771 -777 -126 -246 -243 -272 325 -1590 282 -424 -317 -150 -145 606 -199 47 -398 183 997 -144 212 21 220 324 -43 -251 -486 209 -1139 -459 867 -285 312 -322 806 543 408 392 -221 766 -599 -183 99 -79 427 1382 181 713 286 -648 -86 -146 351 -6 -354 -154 438 96 377 -683 -86 203 -242 604 81 -440 -497 -121 -199 1006 -478 -143 -19 -413 -610 -357 -133 -217 131 -1047 122 -2 -77 -784 920 -63 330 -352 181 -1184 -405 -115 -1216 -37 296 222 -229 -43 -271 454 267 799 -377 -125 362 135 -21 -975 658 -185 632 -228 -987 172] 5758.48
[-187 -316 -400 -616 -80 77 -53 -23 166 -277 520 -928 -708 -121 349 -382 1357 -118 -312 223 433 -1204 591 577 292 -544 -636 130 355 -66 -65 160 405 -539 -194 440 772 -281 -830 284 -195 153 126 -77 -778 -425 740 -239 264 33 -88 -921 -335 194 -829 221 -421 -92 -343 -293 640 146 -84 609 220 1050 -170 661 557 -1006 -160 -153 -101 482 -7 344 653 616 -10 168 -155 -638 -283 508 -50 -873 436 -1297 -491 389 39 -650 -369 -245 861 -382 134 195 210 62 -211 -522 -1637 -53 -193 489 -792 -107 76 240 -516 167 -218 -274 -544 208 -278 120 -587 81 -228] 5425.01
[-255 -291 762 918 -673 -355 -836 -426 9 416 303 84 -335 -45 64 148 -907 -558 357 544 -338 -376 -1179 -107 -395 -283 369 -307 -560 -263 -179 -364 240 -1118 474 -689 302 -442 327 -482 75 109 270 77 371 152 -373 200 -556 150 65 650 -367 122 -339 20 239 678 999 -871 0 262 396 175 -143 -637 -544 462 -542 930 -115 707 460 345 376 30 -139 235 107 183 -413 -36 1074 54 -1015 -154 335 822 1049 -456 177 237 -279 -314 -99 378 891 873 -880 438 58 90 312 434 -14 123 991 465 309 -302 -214 -180 -418 212 491 321 696 -474 871 -444 -568] 5407.28
[-155 -278 -345 -262 -619 371 -436 -1305 392 172 950 -825 1321 15 -819 143 -61 312 -306 144 -642 -849 620 -153 -446 711 292 41 -694 -262 -987 90 -572 391 690 770 -329 1239 -587 -141 498 -3 -11 467 -311 195 -131 -703 236 21 877 603 -42 47 -131 -249 -415 171 884 -762 435 697 -346 334 2 599 487 184 45 -575 -329 690 -611 556 525 -129 222 839 -525 541 -190 -438 150 -188 -409 94 -474 -177 1173 -134 205 -216 -28 80 -202 1121 279 267 -791 511 -38 237 -463 369 -69 497 594 -597 179 832 -178 -210 79 -317 536 48 -950 -567 -313 510 417] 5665.91
[88 483 70 846 315 267 -670 -58 650 -402 875 -510 250 364 149 530 -389 601 357 468 581 -30 265 338 -319 304 246 340 238 -489 341 -145 -2 396 -222 4 98 -365 34 130 456 151 178 -293 -847 600 -235 -224 -74 -553 240 -485 485 -224 373 -415 547 -348 305 532 240 768 116 -156 99 270 -668 58 931 -797 -411 -451 -116 381 346 230 -251 452 314 -292 104 678 -666 -174 673 -37 -266 343 347 550 -197 244 97 -101 255 270 871 127 230 449 -441 -245 672 -681 -34 -1069 -278 3 -152 369 -265 723 -314 298 990 233 692 286 -740 41 20] 4734.73
[-144 -328 -975 -190 439 289 260 -389 -805 -307 -189 -593 -633 68 120 134 -280 -217 33 137 3 -152 -44 302 255 -415 -66 160 -581 447 349 282 645 34 -44 361 706 8 -738 -257 -451 76 -73 -894 264 340 301 883 -8 -339 115 28 851 -46 582 -435 289 -177 -318 265 -224 -151 7 476 476 269 -138 537 427 -772 -50 -234 -179 130 -150 439 626 -9 -513 302 -413 -476 -3 -195 -340 571 11 -61 624 -126 -468 -470 -125 -183 -110 342 -694 -592 310 302 -348 -104 -728 -314 -357 655 407 -785 365 120 63 -740 -540 -289 187 -34 178 -165 -492 339 -419] 4395.29
[-264 592 -380 -268 429 -365 -394 318 614 299 60 916 927 -191 55 -33 262 119 -76 94 -814 -377 548 255 -348 369 -36 -202 435 798 349 46 164 730 -21 19 133 1225 -773 -507 71 -897 -186 33 263 -399 268 152 364 -748 362 899 0 87 121 245 -701 -480 114 75 141 -247 319 -228 286 -776 438 255 -530 -866 320 -1 -6 -115 523 -287 -260 -923 201 125 273 81 -492 361 188 691 342 -264 1018 -704 342 1172 278 96 566 -37 -435 -320 -809 -874 -420 390 276 417 918 -1074 -797 329 -160 771 496 428 266 -653 -59 -631 -91 -471 397 -101 -185] 5304.46
[289 168 -478 460 176 -218 322 310 110 109 302 42 182 310 365 -676 -185 699 405 -618 -325 304 41 -280 -238 230 -282 -798 771 16 -31 715 416 -527 -79 -574 184 -892 154 -442 -43 -356 989 -346 -574 571 759 -406 415 -667 -683 356 737 -148 406 -510 -471 472 714 431 486 -300 -12 707 869 -360 575 878 -1 -334 129 709 223 898 559 403 -932 498 -265 -430 -399 -396 -103 253 -45 343 -247 -433 74 936 -196 612 -8 -774 924 690 -315 -460 410 157 233 82 871 -253 -639 241 54 290 -612 -689 -727 259 477 77 472 -312 -56 -123 -306 -265 -1194] 5331.04
[-425 91 24 -442 -272 35 -1111 -382 -3 -280 -885 5 406 -908 -53 -617 -350 454 446 -117 -210 -324 234 -461 238 736 16 156 -504 12 149 570 486 412 -538 27 144 346 -505 134 -479 -293 -1321 -463 -608 58 -25 -48 -443 100 -130 260 532 516 1105 -224 645 141 -593 560 791 245 -217 573 -122 602 469 -121 206 518 266 -160 -587 -553 54 156 5 -252 333 110 465 288 -229 -473 84 -898 181 630 979 -50 -906 -704 275 -341 -1083 572 -109 -627 -521 -672 -699 -741 -488 -8 -1065 -725 -622 99 -936 419 -102 215 1240 132 494 -134 -100 -497 200 -132 -447] 5464.54
[-260 -336 248 -303 -420 394 128 -494 268 -262 -564 -458 -47 -871 -497 18 159 -820 24 726 183 -57 996 -183 115 273 672 225 32 -546 566 -744 -859 -364 256 -178 142 1120 -715 291 -60 653 213 62 -202 -522 -107 508 849 451 19 709 -442 467 -235 158 1369 -427 -975 89 351 434 340 193 -489 330 -101 -494 -455 691 -304 -484 -10 -557 -858 -122 555 659 302 1041 -201 89 170 -277 298 -558 80 -186 -653 -469 -660 -593 814 61 396 -45 -220 712 -250 428 -274 280 -181 779 -240 -626 107 -210 -399 56 370 602 244 90 536 79 -69 71 -161 -196 948] 5243.48
[705 239 -719 329 -111 1293 -283 -115 -138 277 648 -50 726 427 158 350 -168 -183 -100 26 429 495 414 303 -402 -361 56 -523 130 341 113 -416 -442 -418 23 3 -177 -464 -408 -1016 -324 -229 -189 678 568 765 64 -441 740 -420 213 -231 -493 405 99 543 517 -325 226 88 -645 -185 -175 379 -683 -643 -806 814 -670 -519 286 -147 -217 477 24 -142 438 -167 -110 -62 -274 959 -500 726 45 -408 -990 -18 641 -507 1125 248 11 -441 396 977 -623 -787 -460 133 -428 -166 721 213 -721 -69 358 -409 -1475 -781 -454 411 323 -880 -9 3 -10 325 911 228 -678] 5498.75
[154 -91 207 -19 -112 354 154 -683 92 -252 1215 -462 292 181 -217 -228 -11 172 -194 -1211 84 -97 316 156 -152 -280 -98 -190 220 -729 89 591 -304 -509 720 64 163 -77 926 123 -98 -371 125 122 -488 331 -334 -266 779 -207 100 392 79 333 -221 924 -358 96 -1 -265 -534 32 1 -62 377 -175 -705 810 -322 -540 -394 293 -883 624 174 -157 -540 -110 363 88 306 286 868 -330 330 -744 352 -111 -302 -37 188 -99 155 -208 582 -433 790 282 232 369 504 -588 -611 223 -658 1026 42 -311 -19 31 -388 -222 1252 413 594 27 -497 -60 -26 1232 -40] 4900.97
[-486 -736 -982 353 -431 -274 308 -536 384 -209 -552 -483 518 195 -1075 -524 349 -680 -230 -79 109 -100 492 -326 83 487 -49 -606 636 198 67 -53 745 707 -295 -141 525 984 -616 248 471 280 -8 787 569 -45 805 -459 -762 -60 -783 812 293 429 63 -263 -1093 507 -365 299 148 301 -147 104 -316 531 75 338 -43 220 980 178 -346 -101 -143 -433 782 293 -215 366 -225 -579 77 -525 23 276 550 127 821 240 -374 4 -581 720 -72 -817 953 39 -320 -1132 156 595 -999 399 648 253 -202 -425 417 745 -282 -686 -68 -242 -146 -93 -480 -352 -524 255 -482] 5392.47
[-564 275 203 653 -585 -633 732 428 800 272 -566 796 -618 -45 1348 -235 -572 300 -187 -736 -1132 -11 -830 -310 -333 -1198 -172 429 -42 -171 -120 435 804 -446 -482 -102 -518 -211 388 -532 447 -303 283 -666 -255 599 42 99 -272 -181 58 19 748 674 598 -30 3 110 39 -194 -316 114 265 358 285 -280 579 -209 -498 306 124 -192 -168 200 237 340 -661 -642 113 74 819 -697 893 -547 633 1041 379 700 1397 -188 -229 215 -448 47 -392 -1079 473 -97 112 57 62 -595 -1018 126 -277 -392 -774 -411 -591 262 -39 249 -265 288 78 -369 1510 -105 518 253 -705] 5727.55
[486 -452 -214 -919 351 -14 512 90 8 -609 561 -112 -721 210 -130 935 622 405 -178 -171 -392 360 292 348 115 -497 -474 -140 712 441 214 22 -268 222 487 412 389 -859 -481 -755 -331 327 270 144 -442 -61 656 59 458 -753 412 -843 71 -180 -782 243 216 -537 267 19 292 -71 390 656 -438 -152 -324 389 -84 -483 34 111 107 -152 -317 -467 365 328 377 -199 333 147 -502 668 258 -585 -562 -1015 -232 727 -452 -555 357 -597 -549 -786 -917 192 225 -251 418 783 -67 -283 -405 -318 -320 -24 -448 -617 144 -642 -523 -6 -1033 -751 222 1327 241 482 -324] 5174.76
[-118 -852 -1162 348 355 601 576 114 184 585 -487 194 -162 41 102 483 -381 73 492 -500 -376 -203 -534 690 16 326 -146 136 -769 509 -312 859 693 9 -961 -106 936 420 -677 -370 489 -464 -364 376 444 -57 -343 -281 319 -467 145 -333 -668 -87 937 459 444 396 -369 583 -207 -212 -509 160 199 -113 310 53 466 -715 -103 1424 -477 -484 323 115 567 332 -531 323 830 -569 111 -6 308 325 -186 255 912 -370 -307 -298 -182 -25 -573 -289 -583 -879 301 -927 111 -88 -408 -17 -482 241 -190 -409 -600 -435 120 84 1045 -538 -311 -622 165 195 -6 240 -437] 5243.98
[424 646 -602 583 -450 749 -718 -527 178 255 -25 -285 -890 1120 220 -753 491 792 761 434 939 416 -411 360 -211 -872 -923 -177 -157 272 -589 -326 407 -630 129 -385 -270 -703 -293 -839 369 120 -186 21 -625 944 176 -493 -392 -951 442 -981 -491 -84 -434 -1017 299 -484 219 426 665 -273 -219 161 -773 -42 -215 454 502 689 -249 114 149 -453 353 845 559 152 -753 -603 868 -90 -638 474 -938 296 166 -668 -664 139 17 -952 245 202 -1598 -97 372 -473 143 -6 -482 75 154 -526 -491 -375 9 -358 148 233 -514 628 -370 -716 -327 762 206 28 -598 603 -243] 5895.65
[-539 288 412 478 2 -622 -60 265 513 -103 408 83 670 -173 464 342 -322 504 119 11 -405 -553 -57 459 -378 238 -191 499 64 837 -602 -151 -84 396 -456 -175 -827 480 771 -1256 169 238 861 270 70 762 -788 -484 -330 -786 -105 98 -324 520 670 -914 62 673 -59 -635 -433 153 554 77 178 -444 978 -518 -702 -295 -188 -239 -121 527 -234 -200 -796 -383 -567 179 179 210 -104 -421 796 377 -191 -319 382 -739 781 264 -499 -147 -15 584 497 -141 103 -545 -109 254 -586 -76 128 -624 1009 -264 1046 -434 791 617 51 -269 -463 -364 201 138 124 112 372] 5194.52
[-953 826 255 347 -212 323 -449 463 281 231 -146 1107 342 -419 302 -300 -427 -495 186 -204 -491 95 -1161 -442 -297 325 90 -157 248 217 39 -140 212 1085 987 1047 290 424 -442 1135 194 -1112 -1394 131 148 -847 -134 -188 -261 -80 -349 -240 764 -414 766 -33 185 956 418 -61 601 1003 -454 -338 61 394 654 -755 172 820 231 -105 443 -687 272 516 282 421 -168 -250 775 178 -709 105 -882 -406 439 345 236 358 284 -14 438 -80 14 1029 192 361 -361 -34 387 -359 -170 126 622 -477 -1569 92 -1155 1060 122 -775 285 95 -100 -113 206 -186 414 -91 350] 5899.08
[104 -614 -869 1287 -632 141 -259 -271 -145 56 -135 -1112 1288 -1459 -170 282 907 -91 728 115 -267 -239 -87 218 -52 -395 275 -517 -596 18 -684 -706 -80 279 -45 268 70 505 -161 54 325 58 -585 -13 276 -833 546 -345 663 413 73 -584 -615 -278 -803 647 306 -196 81 -566 -13 404 -271 635 106 974 -113 -390 262 189 -570 -502 -378 1205 75 -73 226 342 -161 11 395 456 757 -262 -608 103 54 -248 -124 120 130 -318 -276 432 -360 782 194 -665 748 105 578 -441 -816 -158 -99 106 353 -163 -279 94 -725 -539 97 -428 768 366 -256 -97 -742 621 550] 5418.31
[222 527 -1020 -157 -317 626 -613 -189 47 -1364 -377 482 -628 533 251 -387 -538 477 493 -283 -86 -350 92 194 75 799 22 854 907 144 -480 909 -535 -293 -272 634 -368 -609 -350 -1122 316 27 676 487 -222 -400 -352 173 -582 841 16 76 359 52 -178 402 -381 218 -163 -166 -317 -82 140 -75 -811 77 -323 692 128 -582 -95 100 244 1002 -51 1125 464 8 203 -163 -462 -575 -436 -212 1034 101 258 -14 531 -59 -234 228 -200 -219 678 -284 -1126 -754 164 555 -381 316 -3 -184 -302 -21 -30 -709 663 -676 -443 -30 -950 -31 232 925 -177 100 93 -367 -146] 5357.58
[44 103 -542 259 826 -917 478 -80 -271 -859 104 305 -454 -520 736 61 -208 -405 143 108 -170 195 100 352 -328 -658 -84 408 632 -88 924 129 -147 -98 480 -191 -203 208 525 237 -132 119 337 -490 -885 -382 -266 661 120 -774 -30 739 712 984 -81 -384 -598 -186 686 -191 -657 184 -212 -509 506 -506 -182 1089 -172 -782 -456 -159 410 268 91 -348 -111 -212 -216 59 766 255 -294 90 52 -724 200 -1091 -435 -484 696 -275 -493 -188 1012 -150 -1 240 793 746 21 -439 93 811 934 -178 122 -256 298 -60 14 83 -200 -121 -76 -152 189 12 -95 -132 621] 5010.74
[-438 -281 216 -242 3 610 1055 145 -513 -671 98 -71 -315 -113 -1015 -256 -205 -201 252 -237 763 -240 -107 -159 598 377 -460 163 433 288 170 -138 -815 725 -466 805 -258 -243 -178 -90 -491 149 67 175 842 -61 308 -140 2 261 -123 -246 212 182 -589 1141 268 -1000 -11 447 -640 -183 1020 -151 513 -793 -399 29 131 -607 -40 -516 796 -430 -495 197 680 -423 301 806 475 -960 418 -114 -42 343 -787 1169 -219 142 -379 356 -17 -170 1007 -461 97 -360 138 168 -1013 440 486 -603 -436 474 -276 -752 406 -47 270 266 -124 -89 -648 -467 674 1120 -7 -482 -492] 5402.68
[264 -1143 50 519 -106 378 778 -368 -1239 -346 -11 -233 -642 -325 401 -11 -73 -345 -369 258 131 509 -112 86 333 67 215 -87 -109 620 752 506 431 -633 -615 -433 -565 925 -483 402 -136 1019 71 -580 23 -158 -7 447 -208 44 678 -604 -449 -480 -49 -324 260 -20 -758 -37 -952 -42 -501 -421 94 900 -195 535 106 -352 570 -897 -22 -663 -516 -273 295 -23 -248 610 -75 83 -92 138 140 829 -860 366 -682 5 -341 376 -182 405 -78 -525 -23 176 373 -198 -684 251 116 -155 1189 -177 -482 -436 146 26 -465 120 782 -45 -168 855 -96 -643 -37 -602 870] 5198.28
[-214 -210 385 -374 -77 -451 719 285 227 -306 489 -198 465 -875 -344 -123 344 12 860 -647 214 -1122 -678 416 436 789 225 -659 -246 321 -436 45 -52 426 367 -123 803 1292 -158 -80 -24 -100 47 -124 574 -73 -361 -787 302 42 -364 608 -115 -703 -530 -4 60 1187 -416 -123 526 465 343 23 863 588 689 -226 -400 -806 -1 -258 338 319 -333 139 -645 -133 -103 -567 -53 -377 -55 27 89 476 353 87 -782 -133 -206 791 702 474 -96 983 84 547 -349 -907 139 283 35 -255 456 -123 -279 77 921 442 -45 456 100 -91 -451 -113 -1153 -263 -130 -275 170] 5178.85
[-1413 8 159 73 -301 -149 -870 1104 58 924 470 80 204 -64 -51 329 61 -498 -324 -36 -40 80 873 371 30 -367 144 1174 -73 356 512 734 -380 58 278 -97 279 -689 421 139 -87 311 -289 -53 68 423 -641 -78 -228 -115 -695 -244 -58 587 734 454 -13 -835 -826 -30 28 -972 496 -296 68 -301 125 -155 -619 -1121 -938 -148 -150 67 -551 -260 350 -754 382 -141 -278 336 -29 -690 145 -347 -12 361 368 -298 1141 -737 -610 -206 315 -229 161 923 -1120 -399 -775 -778 236 -24 326 -45 95 68 -201 -268 494 238 808 -108 -348 594 -845 259 -32 -577 -159] 5394.29
[-991 820 -546 257 -434 -355 -60 198 -312 -104 -797 810 369 -438 515 473 538 619 -50 3 -306 -791 24 558 -603 -341 -178 1264 -174 306 313 778 188 706 -188 40 -135 -448 -473 -827 260 -337 -697 334 -982 159 -555 15 153 -573 -308 251 -372 233 -480 531 -1464 -1031 350 920 -606 -547 443 317 -3 46 519 -472 -533 -418 -243 529 -429 145 -229 22 -483 -121 990 364 212 728 473 -881 350 -150 330 740 713 -700 506 -82 126 6 -368 -540 -36 -120 113 632 -337 -527 464 376 -310 -434 -60 -149 -634 403 208 -318 262 -1314 173 0 -660 18 30 -166 -1090] 5659.08
[156 412 660 440 -721 303 927 -394 -154 720 273 -81 779 277 -17 -1289 -217 285 -150 -657 729 -583 658 -893 284 398 110 -284 487 58 -288 -756 2 -27 -176 -416 60 1036 273 -790 -282 -388 -16 435 97 960 468 390 139 847 -199 158 167 121 -167 154 661 -171 34 424 -280 198 33 594 189 923 346 35 78 1800 164 -73 348 352 693 -66 178 196 -135 4 -555 -349 -287 212 494 131 299 465 -607 -769 289 -147 239 -89 218 972 719 227 145 538 -306 -13 293 -69 -697 355 -439 -647 1059 157 -652 98 569 -171 407 663 -219 -586 415 374 68] 5378.65
[709 171 302 -1003 404 105 -101 94 -367 -193 -410 153 268 -266 44 958 243 -498 -140 418 152 -282 780 -45 801 -561 -423 183 849 880 389 -576 -745 471 70 -269 -579 -75 136 -22 -632 -390 678 398 -331 250 444 961 164 36 385 63 -541 135 55 615 -324 -369 31 178 -470 -1379 419 47 424 -1096 -13 -364 59 -170 128 38 -544 32 -87 185 686 -778 18 284 584 3 -275 805 -174 -829 89 -983 -412 -354 572 404 187 -463 289 -583 -860 -62 481 447 234 586 33 604 428 -395 -25 59 340 74 801 305 138 -1173 8 -87 -431 734 1165 -221 614] 5390.23
[-542 -183 -187 -551 -836 -139 147 -280 -234 158 -25 256 250 873 1006 -698 4 115 33 -76 -11 1091 224 -969 -48 -761 577 -231 666 488 -78 59 66 83 806 27 145 305 679 487 -354 -48 438 -12 144 -393 461 514 -32 280 -987 253 -286 -250 -631 -163 -399 -303 -274 -397 566 40 30 -351 -132 -352 -373 -128 -292 780 623 235 -13 118 -397 321 -198 369 419 -150 -778 -298 292 -110 -499 -316 782 -161 74 1078 -278 -624 -514 -981 470 -301 555 -3 -117 -72 683 408 -864 -322 1409 565 -283 146 635 100 50 248 -354 -633 310 -205 337 -230 145 125 185] 5049.84
[935 -78 606 -75 242 292 174 -24 -221 -613 -916 623 199 -136 -107 1044 75 -1345 592 -67 -781 249 -116 -203 19 -324 -186 -290 768 -110 -583 -687 573 -633 187 49 873 300 111 15 -654 -577 284 130 251 586 63 -325 459 -159 881 1000 782 271 -601 188 -412 111 -355 -376 -94 0 577 445 222 -154 1163 -258 -386 -572 -191 -803 -69 -27 72 489 447 567 137 447 -76 86 959 196 -934 -418 171 65 -1779 -477 1072 -898 -21 683 948 548 -331 797 -106 40 290 -100 -208 313 169 -336 -449 -398 255 340 269 -776 457 -173 -56 520 -386 -700 245 527 637] 5728.06
[354 4 -697 -352 -378 -65 183 -37 -506 -311 -681 1551 -835 313 721 561 819 -41 747 -778 253 -695 -388 -212 296 -808 -1441 -14 736 -243 -148 54 430 306 76 -192 1202 -792 648 -375 -142 -562 732 -209 -612 -441 -502 738 -5 -890 41 -165 494 903 -414 -52 -993 -429 293 643 212 -465 -337 32 471 -271 686 -689 -1038 -550 20 648 1176 245 201 59 285 438 -6 -585 -391 -314 89 398 684 -1152 9 41 228 -1165 -272 -875 -316 585 176 295 -864 159 -821 633 149 -608 230 700 -54 -429 392 4 -13 -219 -658 -346 407 -748 -199 -237 -343 -918 267 537 -1293] 6231.1
[-103 548 424 392 1015 573 42 351 -393 77 0 -406 424 515 -144 -423 -209 -215 -164 -583 -24 307 -320 -36 -855 -531 -7 241 -176 -188 197 -447 -571 845 -189 140 148 -320 689 84 119 -5 16 5 416 16 -292 -730 -296 -155 -448 -447 109 -200 562 -628 -393 503 -229 394 241 277 176 -310 547 -280 179 -69 167 102 619 -947 306 -285 -654 -146 636 638 -627 -65 -338 512 -189 558 229 516 -519 -1062 -592 -246 693 84 -65 -45 457 182 783 -386 151 -598 305 -80 -602 -279 -371 -1044 217 134 -245 104 65 349 276 -18 -429 236 1019 -214 -570 431 -290] 4701.69
[613 652 374 279 -94 -6 -350 251 5 428 504 -1166 923 -186 40 -52 32 430 -169 317 -36 -172 1133 216 529 -66 -695 -423 -1080 161 -261 -235 -88 39 391 -303 227 -2 -479 156 221 -307 -372 -564 -452 27 89 -67 225 651 60 254 -50 -1004 -36 -710 633 330 376 -514 292 -815 245 660 163 -217 709 741 1155 -13 -954 -363 -260 1489 -57 -397 -446 -121 -365 117 -761 -78 -522 1070 24 266 -92 -705 496 270 -458 528 216 -57 -878 141 -582 410 -80 667 -191 1115 -73 -189 454 -288 201 234 159 237 -361 -344 399 -177 520 107 -447 28 -71 351 609] 5304.15
[748 102 342 -588 519 335 -51 355 474 -1005 -267 112 -473 -284 -590 795 -33 -181 38 -580 -880 -738 -204 -282 322 472 -34 434 -104 -1032 -313 -143 521 -435 -295 -426 599 342 -249 -72 -342 -985 1072 121 -459 311 -489 8 -16 410 692 270 775 628 -242 35 485 -434 104 164 375 295 561 -21 -373 450 -169 -886 -421 -480 -518 -720 -67 -917 -232 818 536 432 -471 -572 -97 -566 132 -343 785 -36 1017 -61 -415 -129 -70 -754 -387 -60 -3 173 -168 319 -464 -553 743 -32 -988 -249 -550 131 -370 -50 -228 -171 438 542 -983 119 331 365 -435 433 -419 54 54] 5251
[478 -756 -508 -52 585 82 58 66 196 320 -118 704 -132 504 -288 38 -11 -643 -495 -335 -582 588 -392 58 -508 352 251 252 191 -78 -774 162 615 576 178 422 26 -124 563 -771 582 -407 -205 -98 318 -203 -576 -1 93 -210 70 288 95 593 -18 -396 171 96 699 -474 849 179 -257 -249 -672 -1085 95 -639 -322 -222 -524 -366 70 -357 -325 -914 909 -112 -402 332 336 365 359 -507 -584 -509 145 154 18 -561 70 -793 -60 218 332 562 -761 -348 -1017 -269 307 205 54 -11 316 -114 1159 -309 -334 335 547 -505 -461 11 -1170 -1317 800 395 -317 235 523] 5166.47
[-1196 716 600 -860 -118 -1022 -456 129 616 -253 125 154 260 632 -337 -547 -370 1 -414 320 372 -709 905 282 -319 439 502 947 220 386 -140 714 -61 387 -350 448 146 832 -818 57 289 404 353 644 952 -549 866 -286 -650 32 -117 129 518 181 448 171 -507 -724 -616 -33 56 -396 -173 123 -766 1323 120 376 360 -702 808 155 103 137 -718 157 -158 -75 978 -463 -559 -490 -275 -331 -503 85 -121 -344 77 -155 284 -688 -127 129 -91 998 -448 -310 -975 -228 67 -294 567 327 43 583 179 -126 82 -590 392 190 -590 -12 -194 875 -200 -953 -103 333 -408] 5504.93
[-454 14 -687 -38 -213 477 -773 -966 511 -190 217 187 1314 -584 -256 1586 287 -464 -499 746 -104 560 -384 923 -577 31 59 -1182 -819 471 -616 -341 490 161 -464 243 682 813 288 340 -570 5 -1152 342 644 -49 -3 -921 546 -274 53 558 18 62 318 -184 436 706 -53 -136 223 227 225 -681 224 -176 208 203 27 -935 -162 387 -291 -41 541 -165 -87 730 335 3 177 554 -334 468 -161 276 141 -186 473 -78 75 246 -539 361 -507 793 211 -463 -337 70 450 99 -322 -66 233 -520 -10 659 -95 1094 -424 -607 376 102 793 -694 -471 -1091 -991 213 93] 5633.59
[-353 -301 -1271 890 52 187 -1271 -126 193 -575 567 227 223 331 152 266 -835 927 593 -478 148 -223 -263 -130 8 -204 -350 662 42 553 -184 100 745 150 98 -131 289 -50 87 -495 -130 -329 252 50 -647 -155 -1150 -27 -21 -545 123 -207 199 -299 22 -447 124 -479 385 -33 -386 -669 -123 645 -2 -193 -659 367 329 -568 -1122 -121 411 44 170 488 -341 -126 562 66 274 227 957 307 -3 -219 -281 -516 500 -160 -608 -467 -1046 -1051 -866 934 174 -447 741 483 465 -344 -113 1245 -774 103 579 330 -833 -1324 -148 407 -216 -459 230 298 729 307 -529 -562 295] 5591.17
[-25 -613 -872 146 528 961 -1353 -229 -537 -391 204 239 474 -25 -775 571 -214 -776 490 -29 -142 -363 -689 -111 198 -148 -296 -654 305 697 -311 -387 761 37 -450 -736 -293 41 147 442 20 83 229 722 -451 -212 573 515 -74 597 -417 379 -141 741 275 417 -85 396 473 -197 -287 157 192 92 81 102 -1005 298 149 938 1072 -371 21 174 600 -152 1006 170 -391 503 272 99 150 420 -296 -872 -286 -249 -113 -454 -351 227 69 -867 -335 425 -105 -551 240 -321 263 273 -531 -56 406 652 728 -312 858 -275 -334 121 891 -973 59 630 594 -1027 335 -645 473] 5407.08
[9 -301 -52 -769 74 782 468 354 -480 498 394 298 -11 460 859 -311 36 429 -63 -291 151 -563 -364 -307 -643 -206 -567 -306 14 -39 -671 -209 58 -667 653 -215 -224 -901 -412 -155 206 -303 -299 276 -329 112 203 -522 968 0 -71 503 -560 228 834 -405 -149 -172 109 216 -30 859 -39 -71 -87 -21 447 394 -891 265 -193 -20 -408 60 -823 82 15 132 481 170 1096 -593 266 218 -938 -755 -24 -119 -66 619 179 -816 1371 -484 943 -166 -449 -52 -490 -274 -255 -178 267 803 -851 185 -170 -905 -338 1027 -346 65 194 -876 -290 -387 -513 -29 322 131 983] 5280.07
[-594 601 113 212 -1107 -115 165 -436 -69 622 -276 66 8 690 -609 -174 -489 -397 482 5 -135 801 -350 670 -224 -151 908 -329 -205 -203 151 434 443 126 117 41 -151 -120 -278 128 187 256 -966 524 684 -389 -695 -360 -898 -85 -516 -140 158 396 -209 461 -867 -252 -663 567 -1319 156 -86 -936 -779 -1105 -353 -153 -567 725 116 11 251 -608 58 -174 203 -295 -73 739 321 781 -172 -266 -338 390 -74 -865 -386 -129 767 366 333 293 38 -118 60 314 -224 -292 -387 -940 -64 53 -75 -199 414 275 -506 -600 -462 -61 120 71 80 96 502 -476 34 -72 438] 5042.66
