[120 165 305 -105 214 -55 93 -490 -93 -119 -93 -161 96 -466 -509 -24 -295 -234 -339 -89 -143 -124 390 585 -43 5 -100 -450 401 179 -14 -205 307 74 -372 227 -229 -171 471 117 -83 -220 203 -128 142 -216 -48 -242 474 273 -115 -93 -176 116 -125 -193 -242 -343 -150 484 -335 -330 -59 220 -517 -12 0 -437 102 -74 30 320 358 193 133 56 470 -326 19 -24 14 227 10 -260 236 -111 -332 468 246 -541 -248 322 636 75 -67 514 755 -320 422 -175 -137 -123 -360 77 -148 -99 -102 329 -157 127 -104 198 -167 -468 319 358 285 511 -194 576 435] 3110.95
[22 126 -89 -128 -40 -140 565 -696 128 -175 -52 507 -414 -307 100 499 311 89 -102 290 70 -234 577 107 -707 -216 -405 345 -99 -107 -293 -41 -329 -10 -237 -303 -180 -466 -196 301 -299 278 122 -421 -329 -95 28 -144 -439 -56 45 46 88 -263 -177 -221 59 114 204 338 11 -189 92 234 227 118 130 -277 145 -283 -522 -212 354 -74 140 117 179 518 164 134 136 74 -265 -235 -36 248 40 -390 616 217 30 -624 290 -389 195 -113 441 85 -141 641 810 117 -17 130 -324 -131 107 -122 -393 -682 -10 -5 -35 38 16 122 89 225 79 252 144] 3132.05
[75 72 -93 -424 -115 -73 189 -414 -91 -330 -233 44 -8 -418 141 134 -566 -262 -245 -623 289 70 252 300 245 246 32 243 21 -209 -51 106 -46 -159 -541 106 -733 -129 100 147 -67 -409 563 68 155 -575 -226 -296 169 -187 111 -111 -127 -10 -310 -385 -404 -60 180 330 198 377 -81 -21 228 -360 105 -321 -267 153 393 418 574 -235 219 850 71 -184 -239 98 956 559 457 -359 198 -251 -402 204 150 294 -264 569 567 95 345 92 651 324 -207 308 110 41 297 137 114 -347 -295 290 -591 -226 66 60 -362 81 179 776 460 270 -200 299 399] 3540.14
[-207 -90 38 554 771 -165 -534 -126 89 -346 69 -162 -69 -1 155 -167 -13 122 264 170 -586 -389 -74 341 -589 -22 318 -386 675 -176 -88 -182 -639 -54 -497 -219 -7 251 -103 -155 -231 407 -149 -273 -63 174 467 -248 -221 55 -637 208 -205 150 -116 -213 95 -486 -358 109 75 -75 220 -212 -181 357 291 -352 466 -619 -29 -132 -10 8 89 -87 552 -9 292 -98 -394 219 -233 177 470 227 -218 536 3 -452 -413 -344 -87 -451 -210 547 727 -335 187 -328 -150 -833 -485 55 -615 719 -210 -311 201 186 94 244 -93 -565 -14 -666 -192 370 -46 680 -10] 3684.24
[209 195 31 -58 312 -22 267 -199 15 167 2 -287 500 -181 298 -10 535 -214 42 449 290 618 656 -98 -233 26 -219 -202 -151 429 -112 -434 267 501 462 -192 680 -465 -17 -153 -214 -166 -264 -556 278 -168 -441 6 406 43 -105 223 -145 462 572 404 53 129 111 -138 -457 -964 43 174 -592 355 -514 242 130 498 -400 76 81 24 -175 -327 -86 341 406 165 -360 -535 -313 -393 -237 256 -181 -282 446 -85 -223 -270 -698 439 -287 245 -679 -240 372 -201 298 124 -548 -180 -338 -635 -191 203 -99 -564 -508 322 -249 -17 -142 41 1 -365 216 -78 -56] 3661.46
[-178 309 695 295 -223 26 -553 -319 -204 -38 -328 29 87 -400 258 392 -228 -266 -322 -248 354 -7 -221 410 -206 -91 89 -327 -59 328 95 -405 -23 440 -57 68 383 -69 -109 -403 11 -163 754 539 -103 517 -382 -232 290 59 -456 -406 -480 -131 141 -221 -397 -432 149 397 66 408 220 -106 -393 109 116 -160 94 -197 667 21 453 313 321 429 216 -112 574 -677 -466 72 -255 174 -99 -143 158 163 -43 164 -143 598 -64 57 190 24 168 -95 163 270 -64 -338 -252 -24 352 158 7 -60 -232 -550 -40 -190 -3 -553 -110 301 -59 726 -256 246 -144] 3336.77
[297 -74 -674 -185 49 -128 69 -477 -247 11 375 105 -193 52 -465 297 355 662 210 101 -30 -148 262 -180 148 188 -540 -203 302 -214 -138 321 77 -354 459 -363 149 -93 95 -189 -8 71 -262 106 126 -102 -78 238 201 -1 -168 594 23 -391 -473 -100 -2 600 -105 11 -236 -564 367 465 212 -175 30 -168 151 119 -614 -110 -140 -571 -113 -489 0 269 192 146 656 -415 -455 -425 -135 -529 -257 518 -250 -124 505 -281 -3 -311 -673 -79 -207 -175 318 -432 328 634 -164 186 124 -271 -107 63 -7 37 308 258 81 325 -224 -111 -301 -270 590 -384 -250] 3369.65
[13 -425 103 235 140 332 21 -136 550 30 -287 -406 -294 511 310 170 -94 -125 111 364 -154 260 -132 -592 -19 -260 393 202 -100 -184 -213 143 -169 -598 -126 -182 310 387 -239 269 -134 798 -237 -37 -427 -186 870 521 -685 89 264 126 4 54 354 464 283 -267 -141 -571 379 -246 -443 -148 192 19 -142 582 487 408 -722 159 -91 -191 -142 -340 -125 -126 154 243 -317 79 284 -8 -191 819 -171 -543 163 -206 121 -630 -335 -99 -215 125 340 151 -281 10 -448 -276 73 -212 -576 507 294 -217 36 224 -86 316 -151 -88 362 -708 -359 -863 504 -312 -401] 3743.33
[-284 28 -827 -111 174 -759 -690 -344 -399 271 -25 -193 48 -292 -332 222 -105 53 321 -441 -327 -179 408 169 203 369 -789 -428 508 -161 294 374 -612 -201 104 -132 90 70 364 -148 257 67 491 133 556 -393 86 -38 300 -301 -420 -52 102 180 -336 -109 -206 2 -247 -264 60 117 -265 526 190 140 107 156 -152 -291 315 -47 -35 -5 159 -50 155 -534 -342 -89 983 210 -172 -687 550 -476 -17 368 -509 280 -130 214 596 -333 110 813 561 128 4 -218 48 -266 -440 216 120 -81 -77 129 161 -147 247 21 -188 -569 -16 9 101 436 196 124 81] 3613.33
[218 -40 -69 27 -266 -234 -564 690 -186 304 -7 112 26 -394 -206 102 -334 53 -153 122 -26 -731 -716 -92 233 -7 -191 53 -193 253 596 14 -110 172 258 -79 -166 -1 -48 -304 608 197 623 480 210 241 -107 -808 386 -833 -383 -632 256 -34 -269 -576 -569 -291 286 -623 604 906 382 91 -59 -149 -325 55 -616 -127 720 -39 -244 485 451 122 -263 -298 -481 -454 104 56 20 221 541 -767 21 -323 -153 669 -140 496 573 -345 140 -358 -262 49 162 -456 -200 -340 -40 282 654 207 -2 -90 623 106 65 -803 107 -484 55 -231 -131 873 -494 157 311] 4152.7
[-73 -270 117 -298 535 -133 -63 858 17 -312 429 369 235 508 -493 -849 -72 -294 135 436 -278 -148 -632 -144 669 256 16 375 -478 -196 -88 118 240 -84 612 343 -366 -307 232 20 191 -45 -582 115 615 -152 327 -159 -249 -745 251 -109 448 43 -523 265 -5 -141 311 -703 397 494 -196 -42 349 -66 -261 495 -726 200 -184 261 -198 -110 376 42 -490 161 -990 741 -184 311 -55 641 413 16 -1 -786 287 462 -220 -32 -230 298 485 -666 -421 476 245 -459 -51 163 735 284 177 -601 -231 -500 283 607 292 -407 -175 945 299 -207 -90 -473 -775 -53 619] 4396.23
[-148 98 -111 -345 46 -134 -378 -398 -405 98 -131 636 -18 -322 -411 424 269 -321 -364 318 122 68 599 -95 -433 73 -118 -542 62 36 4 -183 -76 260 609 -430 771 -210 -146 62 -584 365 649 877 -64 11 28 394 433 -136 -599 129 -256 -78 -43 126 -193 113 127 76 -474 280 598 -104 5 105 -285 39 570 64 -381 -117 84 -99 203 74 0 -91 782 -258 0 -529 -254 -110 46 -95 234 -485 -23 -51 131 104 86 -228 -176 372 173 -427 85 635 52 -1004 -127 96 62 -112 -456 -805 -137 -706 542 -114 -381 21 33 25 -293 271 11 -81 -30] 3649.36
[385 203 239 397 258 154 -118 -270 152 -246 -193 131 730 408 -374 -267 -265 119 6 58 -399 -216 -435 57 -287 -44 631 -48 524 -65 309 -367 31 -12 -349 266 251 60 240 94 273 -168 -482 -176 114 463 350 -75 192 58 205 -293 202 418 -103 183 -209 -148 -700 203 -244 -885 270 -56 -336 372 177 -446 206 235 30 114 625 -6 -207 -982 414 360 269 74 -689 -19 128 239 4 -61 -949 547 -90 -609 -65 76 76 110 -721 -318 313 -533 417 -887 -218 134 -98 -248 -487 -308 334 -128 83 636 603 57 -51 62 309 28 -557 -36 -208 481 747] 3900.69
[-147 -31 487 -668 -540 62 561 110 4 858 -206 530 272 229 -144 174 232 -304 32 408 16 -257 -52 -145 -87 136 -94 414 -250 121 249 105 -363 245 317 -461 103 -159 61 411 -526 -243 363 134 220 115 222 -156 -533 -216 836 -182 1012 404 -14 -209 67 788 228 -244 42 -119 -324 -82 212 -108 -53 -93 -210 76 46 375 176 -110 617 -362 -626 171 -251 -341 -121 285 459 186 41 -367 352 -1073 150 588 -40 200 114 199 472 -270 134 -15 -660 178 331 -366 389 60 -406 -608 466 -592 -36 -239 402 -332 218 407 549 298 -66 -331 -246 -50 329] 3866.47
[635 -72 -245 169 60 447 13 212 100 -303 -40 423 213 -24 325 426 149 -7 -618 216 771 470 -231 -447 -69 -135 -101 540 -688 88 321 -77 -112 -277 62 164 -18 -474 -80 456 626 448 -103 -403 -259 151 39 286 -516 -185 -103 -331 -187 253 0 166 -184 39 287 -431 119 -563 268 -408 177 -480 -542 125 27 883 6 191 262 428 -36 -213 -636 636 -20 183 128 -696 86 46 -396 531 -468 -977 976 407 443 -532 -76 478 -98 -877 -760 -9 -32 774 264 232 127 -119 -346 -199 56 17 -586 -709 241 11 -517 123 439 -326 -392 -204 40 -342 395] 4174.42
[287 -30 110 -224 -561 -64 532 -136 -340 -33 -5 -289 -184 -227 -476 -68 -127 556 26 -168 -145 -249 -40 45 410 -527 -53 108 -31 269 166 254 690 547 242 75 -434 -164 22 215 836 -203 151 50 -155 108 -298 -548 718 -159 598 -377 -583 -664 -30 517 338 -114 230 -223 -464 218 525 412 -356 -328 -44 -183 -254 -381 -97 -534 192 318 -524 422 71 -147 -224 188 208 28 -340 -394 30 -449 111 719 -169 -526 -15 -16 349 -244 519 -45 -425 14 458 -236 119 934 -160 484 716 262 -244 476 560 -392 -483 -465 240 194 -317 -20 -85 674 96 -405 -148] 3896.15
[-432 303 -309 9 -210 -336 -493 847 -273 353 202 -11 300 874 493 -284 -77 -4 567 -693 -8 260 -123 -59 27 215 -119 -584 441 -29 -310 -86 -706 252 66 71 577 -140 -92 -361 -815 -477 403 371 918 256 -470 371 -60 -179 196 82 133 553 -335 -336 -51 570 -579 -125 161 894 362 -478 -197 -63 854 156 -359 -356 1103 -171 -802 -35 303 -318 38 -35 -178 -270 363 522 611 163 25 -199 368 -26 -1087 591 -27 436 -816 120 25 128 -180 678 -638 -123 302 -626 -23 -361 221 -258 -290 -599 -73 -146 187 -66 221 513 -190 57 -63 -297 -289 216 -259] 4466.87
[-12 526 143 271 182 -364 -241 153 -283 -914 -55 -210 -558 -488 74 332 112 420 198 99 -99 -481 -132 39 -213 -687 -258 -444 -296 175 -232 498 -875 195 133 -42 -497 -182 214 -245 829 300 30 84 147 650 -40 -200 -104 -507 -215 -921 -466 -1065 -362 -58 -347 -583 323 146 400 452 -40 21 -216 73 134 203 39 -648 -22 -578 391 750 622 -93 699 273 -427 -351 -261 326 -748 -40 541 -13 -248 -367 -204 -205 -105 -387 249 -808 231 -329 284 490 -129 248 410 397 -3 561 138 566 -89 -182 313 -481 -192 -243 190 -482 -125 -628 9 654 -315 474 247] 4307.38
[-373 89 685 -318 267 278 -492 0 -572 -189 652 461 -113 -531 -1039 -184 374 -241 -272 739 13 -62 617 631 -541 -265 -689 -809 -202 445 -412 119 374 167 -143 207 -327 3 446 96 -600 120 -373 -88 -29 -96 176 178 -354 -30 -189 -20 292 -631 14 -309 448 111 296 876 -197 -48 -553 27 -373 -25 -264 -337 -52 40 -331 206 -334 130 710 -753 549 -302 -418 -62 -995 57 -276 544 380 240 748 -436 607 -19 394 129 474 -42 250 -154 451 -566 423 188 94 -737 14 13 -1104 -11 260 -503 -1 344 180 335 585 -241 401 168 500 -374 -466 159 457] 4502.61
[-303 -55 -152 208 -5 347 -1011 -661 -550 -291 -96 -692 117 -436 -251 201 -786 663 65 325 -230 -475 -14 -31 382 232 435 -194 386 290 144 1050 423 -443 -124 3 -896 642 62 -123 864 173 277 517 -402 -163 167 -201 505 41 -496 93 -476 -992 -512 -25 -344 -844 186 -109 320 86 -105 -82 139 -358 134 258 261 47 71 140 -7 18 -1 273 46 -678 -371 -111 211 -164 27 -52 1020 -389 -472 730 -161 -600 135 84 968 -381 537 409 381 -643 839 -735 -452 320 -445 203 -94 839 -503 190 594 224 -158 -342 365 -613 87 -590 -251 103 595 -518 -479] 4776.44
[-153 326 844 -49 -126 -43 466 -174 227 -107 200 -519 -241 163 158 -13 -622 109 855 543 -380 224 112 167 507 -174 -180 -715 -91 -4 -434 132 379 -217 447 -168 174 -381 -47 -47 -678 -298 -290 -65 655 -43 106 492 -441 147 557 494 -425 -812 226 329 271 204 -341 81 69 -393 -142 538 -531 -286 772 0 63 -519 -503 -134 -112 -659 268 -143 504 175 452 48 -382 692 -295 82 -15 -4 -244 246 -28 -392 571 -316 -510 139 87 -637 578 658 -193 -1017 5 532 -274 -391 -110 -116 -19 -529 -54 170 86 777 803 483 407 338 -136 -974 267 -356 -654] 4403.17
[222 182 -7 383 427 -41 349 41 567 -412 -881 -69 -235 -286 117 294 -696 -566 -883 331 401 108 -754 506 109 -66 -460 -129 -1240 104 165 37 197 -560 517 203 -29 -113 431 -92 321 -217 175 559 -49 550 120 815 -556 -115 -639 -333 -651 -670 -68 18 -767 -497 283 70 -254 -27 -170 330 -187 -159 53 591 -236 -74 -379 155 234 392 -73 835 -184 118 110 -1 -129 -307 -417 651 5 -70 -290 -630 348 8 689 -55 -98 572 23 -857 -470 677 367 337 -32 764 303 -509 740 -283 669 217 -214 -431 162 -11 -336 -58 422 193 -483 106 10 -152 -105] 4480.79
[221 -677 -108 -196 685 612 -242 -252 79 -202 14 -543 97 1116 546 -123 -709 60 57 -200 63 97 -466 -191 602 273 679 840 -166 5 -47 100 759 -377 -394 544 -585 384 -263 -156 -105 138 209 318 -331 -191 280 446 -570 -585 660 162 131 -12 -172 642 -348 535 30 -537 276 364 61 -57 90 -246 121 292 -695 1239 311 691 4 -613 -151 -360 -470 -58 -516 1054 -314 418 595 641 484 2 -369 158 -157 378 -321 -94 31 169 336 -94 -532 72 569 -694 362 -142 323 -328 -441 -121 326 -35 -643 184 -145 -218 49 992 291 -272 -582 -1121 276 -641 -203] 4801.77
[-225 -284 316 -10 -966 -80 165 -614 -101 333 -684 -486 243 603 -1349 166 -338 189 229 -544 -707 35 -731 378 632 -197 -192 -443 617 461 97 390 -248 -76 96 -229 1025 355 1001 -61 -67 -310 -4 -60 351 381 816 500 31 78 1083 207 482 68 -433 151 51 275 -684 -131 -245 -424 -729 947 -292 -199 399 -5 -186 -352 -394 -311 -341 -77 -261 -1335 22 -193 377 -254 -54 278 -659 -172 -265 -637 -49 507 -1027 -570 659 504 -120 12 -267 668 341 120 -278 -619 -62 947 -420 -306 358 -264 635 -96 133 414 440 54 -29 270 525 -83 -131 -63 23 -304 44] 5029.4
[-407 -60 367 385 683 707 -613 -319 -271 76 -342 262 1279 417 -670 -802 139 -360 -453 -224 59 591 -816 -61 309 571 944 43 113 57 367 307 -101 -9 -124 -99 -44 505 376 -263 253 66 -379 -123 -105 22 365 535 -49 539 -298 478 1037 680 -370 219 -141 10 -10 26 -294 -937 -701 -15 130 279 280 357 154 16 -83 380 -138 -267 -262 -465 -348 398 -224 273 -731 -228 250 89 36 79 120 165 75 -300 269 189 -496 1145 304 322 177 -523 -118 227 27 -26 -201 -378 -478 309 187 -253 -296 610 676 239 -299 591 428 176 -48 -286 -633 -107 -17] 4476.46
[-94 -175 450 -194 59 -236 903 396 40 382 467 277 -470 219 688 58 60 -142 223 -220 -150 33 495 445 507 247 -331 446 -165 -10 -7 272 -303 -34 220 -68 -262 -508 -161 475 -74 -815 -257 -605 299 231 -201 510 -706 301 605 661 137 264 -119 14 173 287 278 -64 -593 119 -102 -413 544 -825 124 -562 122 -207 192 -105 -351 342 -15 317 -767 316 49 374 867 94 345 169 -118 -344 1090 -353 336 323 -241 -122 -235 152 799 -144 -485 289 -363 249 -68 0 361 -384 -128 -885 -494 -45 -485 -204 -182 7 -93 436 112 -410 941 -678 290 -382 -532] 4321.29
[261 -576 900 -335 -176 321 626 400 83 421 -500 -905 350 466 -771 -435 -767 -56 -347 -317 177 308 85 449 0 -497 460 -348 366 170 -387 -690 115 271 -18 -391 369 598 564 725 -884 -603 -116 -38 459 378 530 252 29 435 886 -420 -471 606 189 429 396 -344 -461 -135 -930 -452 -14 -239 -309 -341 -9 -86 202 -112 -624 348 -691 96 -632 168 -255 -224 -83 18 -244 292 576 245 -414 161 286 373 -645 -1105 371 -304 -477 181 81 504 -208 139 85 144 -596 -62 -42 -182 -354 223 -12 -114 74 360 19 737 -551 439 538 -12 7 -101 -535 248 429] 4665.85
[535 -69 349 -87 361 -154 743 -371 -73 -237 714 369 -435 -466 -322 297 1093 151 -147 282 77 -119 279 88 -13 105 -386 -201 -242 -46 150 -349 447 146 253 -293 274 -336 -106 44 575 -128 -767 107 -395 53 -684 -556 182 278 -132 784 -265 -190 567 -139 -90 420 221 -501 -509 -896 827 352 -622 -329 -164 -373 170 365 -145 24 365 155 -3 330 -193 233 322 -192 358 -806 -388 -537 -436 191 13 67 774 -708 -306 -73 -223 54 -944 -147 -324 -207 278 -695 223 48 -422 835 196 -65 -344 773 -57 -265 -604 -185 157 -418 61 292 -16 138 303 -355 -62] 4330.08
[-426 -107 170 465 494 -275 -1051 -377 -758 -639 490 403 728 -288 -19 -201 -371 157 -304 145 -13 -327 -833 459 -551 465 188 152 -131 -210 269 -191 260 -179 -202 -456 -45 470 -189 -1023 221 -358 234 570 253 194 -374 -861 -101 35 -1086 -459 246 149 22 -629 -745 -506 92 235 -69 -21 -63 273 51 215 506 -153 -602 50 967 291 496 -976 55 430 353 409 -524 -199 -274 47 -441 648 -64 -353 77 509 122 637 -136 247 -263 -54 -281 -803 375 -183 811 -736 238 -143 -258 103 -514 -146 732 -91 -157 689 117 107 449 -307 67 709 -480 206 35 -14 502] 4733.84
[-256 -466 455 359 653 -120 -153 101 85 -162 -189 31 593 1189 179 -593 179 -317 -73 57 -124 216 -525 -356 433 175 983 529 -186 -230 283 -563 -367 258 588 254 312 -172 -406 -442 170 -472 -491 491 20 374 -291 373 33 -472 42 -198 -130 507 704 630 72 -301 387 -1053 153 -177 554 -582 -108 644 62 166 -15 39 283 -391 292 419 -404 23 128 17 172 -55 -353 -233 280 12 425 202 -255 189 153 -50 -565 303 -1000 413 229 -725 -339 -140 -27 -449 22 -3 144 191 847 -89 -596 -358 252 -245 -5 -381 -507 381 2 -101 -631 97 -561 -547 316] 4345.86
[245 -377 -294 565 720 -301 -41 467 568 606 239 -394 -708 443 -3 -237 353 -284 18 490 12 -324 594 -295 -112 -227 -386 460 -183 -733 -704 -936 540 -781 149 787 610 350 -570 -246 -145 101 -164 62 -264 -724 -348 359 106 413 -390 246 -86 407 379 195 598 -401 -235 -408 77 -653 -280 164 -452 658 -453 311 179 19 -687 -308 -222 432 -541 22 770 -175 145 560 -384 -362 329 -235 -174 466 226 484 -177 -468 -246 -277 -260 -130 -707 322 162 40 274 -75 -154 -276 -342 81 240 261 -218 496 -391 510 -420 250 -192 -464 -331 -22 401 75 -115 -151 -371] 4357.47
[184 522 -505 174 524 -604 -502 -311 -612 439 432 -75 14 253 83 205 531 149 300 441 184 -375 256 -281 -557 -516 -1008 -36 -574 243 -927 -309 584 795 620 353 483 -671 -477 -582 333 -514 300 241 683 248 -534 -261 1032 -800 -357 323 -381 -551 -363 467 398 -341 306 -119 -551 -59 426 577 -313 719 -260 233 226 -407 -223 -205 420 130 -103 -85 661 23 98 209 -835 -417 -252 68 217 55 508 15 -160 101 -617 -383 -139 -47 124 -73 -530 -274 1473 -325 239 267 -510 151 600 -440 -387 -141 105 -676 -281 -684 142 715 -340 -181 -264 -73 177 -304 -313] 4871.38
[-193 -629 -273 -519 84 -95 -446 -403 -312 -790 122 376 -424 -271 495 403 153 -332 -3 109 -130 192 -451 -21 -328 -164 59 67 -278 364 -367 605 -190 283 -567 -661 -595 61 -55 -86 -305 548 231 -671 108 -448 349 -486 69 -1006 -112 469 8 -568 148 -227 213 217 668 -105 -147 1475 223 -39 219 -355 -307 -447 428 -269 -83 -154 -170 -553 -97 434 63 12 559 -301 432 -77 -860 -106 177 197 118 -526 720 265 -180 100 583 -360 522 -147 -413 -676 -354 385 -441 -981 211 -81 -23 315 -436 -705 48 -437 291 76 -277 -269 183 -149 279 13 400 -280 -359] 4395.97
[-85 -236 205 -7 -843 151 -30 -55 -343 770 6 -343 857 26 -472 -31 -755 265 51 726 72 -73 1118 -314 -170 -37 -316 165 679 302 -274 -211 307 -191 29 439 129 -596 295 779 -19 -52 265 -505 299 -1230 -204 160 -181 401 219 -881 -273 280 -100 330 200 -458 -182 -450 41 -262 239 235 -273 15 -198 23 -360 -36 -41 -614 -311 618 -299 -281 21 27 -304 288 -341 422 453 -190 333 33 -77 -113 159 509 661 -24 595 -285 873 136 -297 98 667 -316 379 -13 103 -249 163 -186 -153 261 91 -583 -135 -3 498 -103 115 -137 -62 -119 -540 -170 244] 4177.49
[101 59 -382 95 104 -581 -161 848 -348 453 591 -404 -214 95 -476 -514 -30 741 105 -147 -361 -640 -314 -18 517 649 -221 -682 531 247 332 767 -543 -281 629 -106 -413 -250 384 262 1113 -390 -516 285 651 407 -20 64 -30 177 -171 -51 280 -101 -442 3 72 15 259 -820 -798 101 187 14 599 7 277 187 318 -748 292 -98 -394 408 -295 -117 -547 -446 -846 -326 350 -355 343 570 -119 101 614 -297 -195 -266 93 -445 689 -51 55 73 -623 132 435 -372 -247 -154 193 643 788 744 -45 214 1108 94 183 -78 60 303 271 -1109 -610 -647 578 -396 -99] 4780.85
[-408 162 -630 -312 359 -660 276 11 -890 -156 10 -674 -108 -307 413 -101 -477 42 268 -402 112 -171 436 49 591 608 -304 -94 200 -552 -74 578 326 -216 217 341 -930 166 384 -22 390 -134 372 -312 625 -403 -122 -129 408 257 -44 -216 269 -316 41 242 -443 -410 -563 310 -462 459 -313 359 913 95 -69 -421 334 -266 206 -313 -353 -280 -324 244 218 69 -564 923 797 -1 -86 -238 341 -150 -3 660 -547 -425 -355 64 1338 71 271 578 -3 -25 32 226 -379 396 98 -21 541 -228 -212 540 -157 228 -65 -152 -406 507 -191 284 152 407 3 174 64] 4279
[-368 316 300 102 -314 -222 -443 -779 -298 22 -309 398 763 -64 -142 282 198 283 -122 93 -461 461 -273 111 335 534 -209 -488 234 441 368 152 600 274 -258 -540 941 -754 230 220 464 -152 101 42 618 -61 237 134 793 -92 -181 227 44 54 45 -126 115 345 251 171 -371 -613 -418 343 -560 245 163 155 231 273 -8 76 104 -57 -11 -375 214 -115 1018 -324 -98 -93 -1164 -334 -401 -387 -225 -196 133 -9 -76 319 -134 166 -169 218 -180 -1259 798 -391 -248 22 -574 -405 -143 -788 517 -473 -66 302 395 226 611 -475 548 527 -322 -304 605 -194 -437] 4393.23
[-480 451 489 152 102 73 -32 -385 -196 -636 -80 211 314 -188 463 114 78 579 -133 -851 244 989 366 484 398 158 -193 -845 -296 453 151 785 -271 327 -391 -294 -24 -867 -67 177 187 -122 -273 376 56 316 -714 323 154 -670 -430 851 -1027 -606 -162 491 149 -58 398 14 -389 535 628 -91 -241 -635 330 -95 -173 98 415 -213 -645 -50 104 1183 -164 274 601 113 410 -434 -655 93 99 288 54 262 56 460 -25 419 -371 287 533 85 -587 -94 128 475 437 277 -45 -398 -147 -33 -774 -221 -271 -1363 59 -132 -224 520 435 131 181 -255 -118 -550 -324] 4695.95
[-3 63 94 86 -724 -5 419 -846 -531 508 254 -250 -555 5 -227 577 505 -546 16 244 328 219 552 -692 318 242 -358 -477 3 71 -707 281 48 292 281 287 538 -24 -331 -217 -170 216 -372 557 -401 -612 -680 374 445 -24 364 293 -282 -605 408 448 -217 259 88 -53 66 658 496 462 -138 -527 220 577 438 492 -423 -270 33 232 -249 -154 142 -371 397 -552 267 105 681 -586 -515 636 829 -349 -428 36 548 -183 201 -362 30 -254 194 136 -343 -242 -257 -66 343 13 1170 257 -311 -22 -56 -491 -533 -274 73 118 -286 351 -161 -441 41 -517 25] 4309.68
[-675 -9 363 -3 584 29 -692 -106 20 -532 317 -125 -120 42 -514 352 160 548 -185 282 258 -917 286 506 -234 85 -88 -337 52 131 256 460 469 -802 89 -259 -323 93 220 -680 212 -211 -375 263 -63 318 112 -276 -286 450 -407 378 403 -675 90 -726 -343 -177 -340 296 -171 -660 -588 224 -300 346 125 55 572 204 155 434 -52 -621 752 -251 569 83 -356 -168 -580 -575 96 225 552 237 -215 87 409 -159 25 555 623 -81 -347 -270 -57 -670 421 -475 360 -344 -123 -25 -725 183 104 -224 399 286 159 206 518 -329 313 -98 52 -273 232 -551 -152] 4115.18
[595 -232 -1183 -174 -95 1008 384 -448 217 -506 -456 399 681 329 -392 -277 -471 334 -145 -323 -106 808 696 -24 -677 -569 429 208 98 -59 261 -19 197 134 -971 361 -1146 85 263 159 -411 -72 325 -598 -836 -189 362 468 395 -188 326 -104 -200 172 -138 583 627 258 467 64 -578 -680 240 -581 228 -59 407 -640 -711 -119 -70 -64 88 -149 -1141 11 379 -395 -90 854 297 -424 450 -145 664 -196 -424 945 479 -162 -48 109 -99 402 469 -38 124 -338 92 699 454 879 -225 -52 -591 -390 -444 344 66 -71 329 578 -292 212 -385 401 367 -7 337 -412 268] 4934.67
[215 199 -484 152 -603 957 -342 -300 -4 -53 -112 -85 646 33 670 537 -563 969 936 -76 818 -349 -262 -326 -39 -557 424 715 228 120 613 187 -469 239 -450 -683 -102 775 -222 -6 178 426 603 -1186 -251 18 775 -671 -911 288 196 82 -116 74 -487 240 187 235 -36 36 880 -849 -463 -400 775 -211 202 -520 48 -309 -171 -112 324 -737 320 -295 -111 667 304 -341 -340 -338 267 203 -135 245 -706 68 -101 69 152 -805 -96 -313 977 -499 -167 -167 -769 380 277 403 -456 349 -1103 327 -411 -248 -238 -326 893 414 59 248 -334 -383 -235 -164 80 -328 -161] 5063.67
[253 209 114 -210 431 -211 713 814 136 268 -323 -700 -76 128 -187 -326 -54 834 -584 -34 -154 -95 -866 -521 250 -408 219 -184 5 -30 -52 172 -139 -332 216 -1004 -306 -743 46 -428 358 -409 -106 707 679 111 313 -374 -11 -291 -187 -252 -208 -312 -126 -621 -190 139 103 84 -204 -416 235 1047 -829 -33 -625 44 -212 130 122 -221 130 -886 147 120 30 71 -27 94 -65 1211 -106 -245 -317 -919 -892 103 -565 91 179 491 -853 151 -1033 -353 -47 92 410 -680 287 772 865 -106 -55 426 792 155 596 571 85 217 634 629 270 -583 -679 -130 133 112 -23] 4880.14
[134 -285 -498 239 282 56 653 173 368 -780 466 -640 446 -72 97 -437 -354 -682 51 -13 403 -7 -161 -132 130 322 476 321 -168 -294 -473 -50 108 -11 -332 5 264 899 713 -242 552 24 -993 -814 239 -797 22 -63 80 680 -316 211 -140 372 -391 15 91 -130 108 558 249 -634 -834 335 -26 42 -294 886 453 409 -786 484 487 -30 -229 -42 98 542 -43 116 -381 -453 181 124 -561 694 -303 -479 -302 -459 11 -708 -452 -345 -300 461 -341 232 -348 -169 -8 -172 -61 391 66 -34 -208 163 -481 516 -607 311 -591 181 69 -332 279 -559 -200 359 152] 4398.67
[96 -235 551 -401 -424 686 70 -342 -18 -64 -87 49 -130 -189 780 685 -353 8 96 -301 223 101 -313 -613 660 -500 250 414 -455 -567 -738 614 376 398 -446 200 -701 -612 -407 374 662 483 -49 -264 202 467 -2 410 512 -828 1053 -481 501 -1215 -103 -255 -229 -222 277 190 1084 568 114 440 271 171 412 -175 463 -197 -9 99 171 147 -39 -563 311 395 -170 221 14 374 172 -712 267 -745 0 540 92 339 208 -112 772 -314 39 -698 494 203 -18 -1 -431 1138 116 -550 878 22 88 38 -189 -154 -345 -717 333 685 96 352 164 -96 -61 431 -850] 4889.13
[-251 372 -364 -208 -497 75 271 512 -319 -917 58 254 717 -474 506 -179 -418 -651 549 -299 -100 498 425 444 375 682 223 -556 295 215 874 600 -442 834 63 4 559 391 866 -145 590 -180 -260 -548 -262 214 -792 261 296 645 502 -579 418 798 892 684 -780 562 -81 847 -425 89 -312 260 -198 468 257 275 -362 194 733 -338 451 133 -185 -563 -219 210 173 -573 218 -1161 -730 479 -52 60 -31 -422 -181 20 -13 -51 311 -155 -130 659 -559 608 -769 -66 7 -175 -365 -42 216 -921 -102 423 -269 -535 -46 -376 -312 -158 -159 252 388 -93 266 120 562] 4970.06
[-109 -83 334 44 -415 406 260 -349 -636 51 212 -662 245 401 -96 443 -19 -342 -1 -168 917 73 251 -487 394 390 -413 -227 -27 239 -706 508 -587 351 464 -108 -44 -570 450 -930 -241 -460 407 -162 -258 -426 -417 -167 213 97 224 152 -186 225 -192 -355 222 487 1192 294 108 -131 173 181 135 -851 -51 592 205 -37 185 353 211 32 168 364 -336 285 -410 -812 300 -17 699 -225 -133 54 350 -474 459 487 447 420 -41 289 571 121 -212 182 -466 527 545 86 9 -55 564 27 -666 -201 -629 -1562 -495 471 -565 336 303 -290 299 -513 127 -601 -262] 4586.7
[70 -294 109 345 -280 -266 445 -362 229 -341 -266 242 -50 925 -494 432 -267 679 239 -394 383 -521 -17 -91 238 161 116 942 38 -378 550 -4 -97 -886 191 212 -385 404 79 602 919 322 -175 93 -166 523 532 518 -1263 583 37 -419 561 -567 -139 676 88 -209 -568 -750 620 -507 -258 -407 1269 154 339 422 414 341 -220 -119 675 132 324 -355 -266 846 -208 540 -126 -35 191 -201 -90 327 -284 -196 576 103 -45 -260 442 -382 505 -272 -303 1010 -400 616 479 271 -4 687 333 429 98 62 -300 -388 265 -427 -234 463 256 -125 -829 122 -190 -119 -349] 4825.43
[-275 -492 434 -248 -946 648 -105 508 -262 -614 263 -116 -654 -600 -1020 104 -629 -497 -208 27 -519 95 -158 308 28 -100 182 -626 -25 355 151 884 188 -109 -605 -449 -168 813 435 -268 325 -133 260 147 -369 -15 666 -831 -191 -196 122 -377 -43 -510 93 -833 -236 -373 31 29 173 239 -986 -327 -81 -1131 -141 24 -190 313 695 362 -112 90 171 288 -627 -807 -282 -270 130 112 206 142 264 -839 471 -10 361 -525 -290 1559 19 145 -287 1123 452 129 -661 126 -963 -286 204 166 -683 237 -166 529 255 421 -255 -365 129 -712 791 -452 694 -234 304 129 -299] 5142.52
[20 100 -66 23 308 181 -680 107 238 29 -1231 -371 -193 -776 121 -253 287 364 -30 -1240 -212 -151 197 905 -155 5 891 770 716 503 963 -227 -382 781 -837 -179 -98 280 -606 675 648 91 -636 -733 -631 665 385 427 171 -171 407 -44 418 20 68 278 -127 229 -209 264 53 568 -198 147 357 762 96 354 73 -418 137 321 -3 613 -460 -194 386 -147 -91 -26 -769 379 -349 441 277 275 350 590 -845 -72 -437 -401 414 -484 142 605 -186 -202 16 865 491 -169 -471 -110 -174 950 445 -130 447 -77 -301 -302 -179 95 -948 274 160 1011 -423 707 -90] 5096.03
[-15 313 660 524 -344 -339 1 -596 316 342 52 238 -68 -350 205 326 -425 104 -597 559 348 68 95 -387 -224 846 -613 -17 -460 176 791 17 538 -575 39 510 -29 -465 -543 -236 523 697 189 419 -471 83 -1164 41 -196 -506 -624 -727 -81 -405 246 -139 -185 -388 490 -95 198 10 86 168 799 631 179 621 -44 674 345 -127 -734 370 -411 407 -462 317 316 125 346 -605 -94 -532 -167 216 350 -553 1134 1264 600 125 696 293 980 -1175 -551 -449 213 148 366 -21 51 -313 218 94 492 -104 27 -128 -68 4 100 -838 124 425 -99 -294 602 -548 -421] 4999.98
[-470 -555 -240 219 280 320 70 163 422 -541 -52 110 163 556 -259 -738 517 -68 -449 -104 -649 610 -1148 -469 356 361 640 312 -365 -112 321 -65 625 -191 -198 644 -661 60 443 -353 441 593 70 -47 -588 -163 699 -159 -56 648 -229 20 -439 148 -383 94 181 -361 -258 -495 -111 192 -459 -626 642 180 385 1139 -78 58 -149 23 -112 -91 -610 1225 -1142 -252 -44 603 183 257 95 -219 -422 518 8 -347 267 -271 -233 259 -670 1107 1504 406 -500 -259 -78 207 -435 18 417 85 419 622 -210 167 621 984 -259 272 24 -396 -774 -406 -182 320 -291 -254 -971] 5178.93
[-443 43 825 395 -467 -409 535 140 452 87 129 -95 -312 228 143 -261 -168 67 -526 62 -182 -708 -50 7 152 549 643 738 157 -495 -402 -213 329 -602 295 33 -122 -327 -577 -177 -303 302 -263 1102 77 -133 -359 0 -373 772 -368 -22 705 -33 -140 -651 -234 -1097 -5 -121 535 454 -110 -318 314 -189 46 -49 315 471 -107 385 274 -296 847 400 274 659 -336 454 -32 713 -334 75 -156 -57 268 33 341 760 -280 -231 -158 -905 -350 -320 782 662 -31 323 358 245 594 453 322 -464 184 -568 -352 272 -674 -577 183 538 -184 317 88 424 -692 311 503] 4616.33
[-665 -1167 -649 -692 -330 -533 477 694 -443 918 241 -555 -933 254 -60 -84 771 199 -48 329 40 -926 402 -320 -491 381 -503 221 476 -878 -785 383 -580 -227 514 -112 -98 -130 138 -264 -903 581 -84 -277 1 -281 -176 52 -292 414 375 -86 699 194 -625 -494 367 341 -402 -74 -394 356 -216 261 983 99 334 -78 885 -802 -530 -161 -1100 -149 -776 165 -5 334 -281 -39 576 -314 455 378 -424 -181 1325 156 -679 524 83 -86 342 -890 219 -24 -1 -476 -1189 917 488 -98 724 433 446 31 -165 -668 193 -355 -88 361 -636 -282 -1049 -98 617 346 -196 -232 -121] 5564.21
[133 794 -284 321 55 -372 -341 -101 -188 800 -448 -30 -404 -285 36 501 -396 -50 -271 812 544 -128 333 252 -457 170 -808 -258 228 703 -184 -473 447 -35 -21 992 836 -290 -182 485 115 873 476 -357 315 -106 -698 -393 374 -399 492 211 -50 120 -243 302 178 -83 -599 -14 84 -243 -231 492 -113 563 260 735 -11 222 64 -32 -1145 610 -131 -365 129 12 145 659 -402 -279 -402 264 -329 1121 466 -761 189 212 -219 -956 302 -127 571 -356 -540 -381 193 436 736 209 -576 210 -4 -218 129 -604 -306 -47 150 -451 -146 -111 75 520 16 436 -174 73 307] 4667.09
[-864 225 -91 301 -92 -546 322 170 -307 -288 143 -555 -73 -362 375 -1014 -524 -409 -126 -525 -226 495 167 -78 195 -214 656 -959 -31 343 -227 -368 -42 537 -667 -150 -409 201 -236 -59 -456 -319 330 83 0 -478 -729 -136 264 -28 -303 -923 -592 -257 1154 369 421 -367 201 35 -5 896 153 -331 -1228 626 401 -553 237 -657 460 -1681 -382 253 -344 91 1013 -370 174 -238 -555 -65 87 -419 93 377 -298 291 -824 -926 -205 -112 270 -141 -4 594 384 351 -874 218 101 -1208 -575 -55 468 1367 -497 285 204 -887 -325 -191 345 -203 229 -296 -721 173 -652 253 -92] 5506.26
[422 -155 -352 -80 -140 777 -609 561 -138 -296 456 254 179 959 122 -466 -588 314 411 -67 130 496 280 250 -267 -465 431 704 356 347 365 400 800 911 -330 -378 111 501 -686 -256 771 -426 -155 -571 -214 513 -848 104 524 210 438 -293 473 113 -240 891 -230 595 -25 368 -778 236 1 210 -278 278 245 494 -601 219 258 -415 228 -200 -1327 -522 -231 643 -106 518 -677 -912 140 823 -435 -257 429 338 -278 -210 155 -259 -213 250 572 119 -1087 -343 -277 -48 226 571 -741 104 -765 419 -214 83 -105 136 187 -269 66 729 -268 -309 282 -361 828 -641 -954] 5169.06
[160 -180 -868 -210 32 -111 -381 -149 -180 -146 -29 -228 370 50 709 656 391 610 170 -813 776 102 -136 -1067 -651 660 310 -539 -79 -406 -178 636 -913 -315 -241 10 -519 458 -114 654 513 1486 235 345 278 571 524 764 -226 -493 -47 519 381 -525 -414 -562 42 575 -679 93 546 -352 295 -103 958 47 514 531 959 201 205 337 -571 -343 270 -639 -590 402 -106 111 696 65 714 -755 234 -5 -172 -190 9 400 478 -367 337 -226 -349 262 189 282 -631 518 548 -844 179 256 -546 186 141 -666 126 -230 375 122 119 415 156 281 -276 -190 43 250 -31] 5064.9
[-127 -1024 637 642 -305 334 218 -540 380 669 -334 -345 325 1474 -816 -427 -636 229 -33 563 -679 -312 -705 -547 941 -186 278 -113 192 -160 -435 228 -92 -37 282 -78 -157 254 444 -201 -167 281 558 435 -322 194 426 -172 546 131 732 -489 -2 486 -412 668 -188 -346 323 -274 58 -346 -587 -10 -363 50 -19 853 -270 -332 -675 -426 -360 -263 72 486 -200 -92 -224 -160 -475 640 24 -48 -213 -911 -180 245 -352 -23 -325 495 -504 -568 470 311 543 32 -436 -468 -893 662 337 -31 269 -10 -37 -323 226 660 462 253 -209 -352 361 -925 255 203 -326 -10 -119] 4852.34
[-587 -259 -285 180 -1033 -355 391 -877 871 -738 66 503 164 -180 686 434 -605 -100 204 -485 -257 274 470 -71 -11 90 584 527 -239 346 1244 -443 587 122 -206 419 424 -340 -1018 98 241 495 215 -135 -394 109 -60 -128 -453 -889 427 -177 -279 -258 1065 1071 100 83 -244 1 731 108 -199 117 535 711 13 527 -113 678 760 -851 683 -544 61 417 -107 -161 926 255 140 -195 -156 -1045 -304 332 -484 -331 743 1150 -745 199 -200 -461 518 -509 -161 645 -1067 679 616 -63 39 -128 -164 -818 -93 -179 309 -696 -105 -739 -116 229 -263 294 -556 12 676 -684 -263] 5552.08
[472 -91 -1211 302 -928 -222 -613 40 549 -13 -449 52 -44 107 -850 59 122 317 -339 853 -412 -169 -305 303 -879 92 -509 -485 433 310 239 335 522 -466 -92 364 38 144 227 -314 -678 874 -513 -149 -768 -305 478 -354 838 -314 151 822 469 -125 309 -492 316 -99 -855 -386 -428 644 571 54 -346 -34 -327 -210 120 473 -801 -100 -768 -395 -633 -618 505 -549 9 357 180 -564 -47 202 445 -89 -187 511 395 579 660 315 -81 -889 -1101 -212 -305 -329 397 -595 -491 97 -232 -191 163 -60 765 -229 804 63 152 -15 -403 -599 -631 -199 -138 307 551 -666 800] 5189.71
[80 478 229 -443 -620 338 640 907 239 859 -650 -538 -488 -264 -618 10 -596 -80 -928 538 520 -218 -217 660 263 -224 19 -18 148 583 422 -332 967 380 684 106 548 440 -109 358 -891 -252 112 1078 -329 146 -732 606 -338 447 275 119 -358 -384 255 -291 69 190 -59 -322 315 -145 453 -70 -858 -347 336 -28 298 277 -194 197 -31 452 47 -44 297 -593 -161 -757 -222 -391 659 -26 295 -807 57 203 -195 -515 360 352 -466 -476 72 -489 -9 271 -135 137 432 509 -611 506 448 444 336 150 119 -633 -475 -277 249 -468 -168 686 -361 467 -42 -195 -539] 4804.03
[-32 -6 957 5 -96 419 14 342 -527 376 332 372 288 -706 35 137 131 -468 80 789 -86 785 900 -86 -280 384 -113 -464 203 840 -70 118 -269 223 199 -274 12 -835 -3 -241 -350 149 56 -1077 -136 -374 -339 243 352 -248 -364 83 1171 243 758 372 1032 503 1298 88 -395 117 -92 337 -183 -69 -194 -242 561 -909 155 -388 -619 792 -233 -660 222 368 647 -371 -1227 -511 -312 -140 77 7 1193 -54 837 518 459 181 546 273 412 576 -224 -466 -346 1269 -116 -814 -853 -683 -27 176 -200 -319 -338 -624 283 546 189 -132 618 186 813 -203 181 -210 -817] 5508.98
[-163 -493 -171 279 601 174 56 -47 458 -1270 -568 535 -445 955 142 137 252 600 -306 -487 -130 387 -210 229 264 -792 706 584 -446 -619 208 49 -416 -176 163 -329 -169 472 -958 -402 284 -160 477 1118 -750 -97 -229 -22 34 -391 -511 -111 -423 -278 585 -93 -143 170 336 179 -121 -153 -37 -601 -63 334 415 655 84 133 -783 -1024 651 -187 34 1510 273 -232 228 52 1083 117 -40 -990 -6 -240 -725 312 -128 -160 -129 77 -629 -395 223 118 160 81 -720 573 188 173 264 322 -68 69 -186 -98 -207 506 538 389 130 133 -157 879 488 586 -338 -351 -261] 5052.53
[-315 -17 -415 1012 48 246 47 802 -58 -544 -146 -1212 146 -71 1115 563 -679 -303 580 -62 357 -225 -796 -155 278 -336 -72 -588 -315 -413 -574 553 -179 -435 258 250 1121 200 410 -706 192 -185 128 -311 604 52 343 226 141 167 267 -36 -842 -149 -458 -122 -649 -859 -553 754 -107 -27 -647 -13 120 -691 732 530 669 -874 442 -159 -688 140 80 582 700 153 87 -163 -692 -14 -153 560 -256 -89 254 -118 -1243 83 -475 109 -689 -308 -823 115 -444 758 121 -69 -801 563 173 -1154 369 -1353 89 -54 82 251 -745 102 -301 606 -51 -626 408 -975 332 257 -364] 5592.48
[342 49 -205 19 -805 -74 -321 376 -232 -387 687 -452 -555 -146 -283 232 -193 604 318 -430 -197 21 -99 -707 884 -250 -542 -328 -261 -248 -219 -5 491 92 289 33 -442 -33 -514 -580 257 462 -27 94 318 399 -24 4 -16 -789 304 -383 -479 -710 349 -134 -495 -14 113 -568 871 581 119 515 116 -147 405 114 -119 -236 580 -351 -700 -464 315 -13 307 165 -272 -480 715 407 -134 -859 197 -466 176 446 96 278 816 12 83 -550 -604 -975 292 1335 -394 150 -139 662 174 285 880 83 -184 520 -386 131 71 371 651 22 -425 601 101 76 -78 -236 212] 4669.13
[380 150 784 -283 948 384 -67 408 -489 137 -262 200 726 -897 -74 -304 658 -802 -821 554 292 1097 -280 -160 -632 307 419 -408 -362 943 215 -340 -253 445 683 130 -45 -8 359 -90 -456 56 -499 -51 198 -101 -780 111 244 -875 -339 -373 -9 241 401 -696 138 360 936 342 -309 19 587 -133 -483 -234 -445 527 -649 376 333 335 -241 1160 78 -809 -473 -163 -335 -162 -82 139 -228 -622 -91 -347 -12 -966 375 119 357 166 -242 998 336 -856 -582 -892 136 -67 631 -212 36 -523 -753 -996 225 -550 1030 737 -168 456 -169 -532 39 843 116 289 -593 439 97] 5457.45
[490 64 885 -810 144 245 -516 -613 -466 194 634 297 130 -687 298 -275 -835 -687 -182 152 864 474 89 -89 -717 239 -220 -708 210 -315 -595 -664 527 558 652 -568 -344 -754 -430 765 -575 3 174 375 335 289 -365 113 -262 -151 -133 535 -697 -325 -507 -183 -493 89 111 -29 -272 48 1394 503 -166 -301 103 -203 379 -832 359 819 385 -12 219 633 -1072 76 69 206 498 227 434 -362 -187 331 35 -165 972 -118 843 -198 -89 1037 -160 -27 328 444 9 -16 441 -139 3 353 -36 -340 -974 -57 -642 -892 737 -350 -356 888 350 913 114 -93 52 188 -549] 5344.17
[552 -443 -145 -41 -464 -312 182 -125 209 873 771 420 -639 -812 -250 127 771 143 -347 469 -608 -480 -711 5 -551 170 -244 -123 321 433 -1051 -97 -340 270 125 555 892 -114 47 436 151 -75 -108 -226 487 252 -241 -499 -66 -405 150 570 -154 -109 -1273 -843 82 -23 -382 19 -799 -51 295 778 -11 58 -596 -400 698 -561 -702 -52 841 -110 -225 -849 -450 -217 1114 -550 -113 -48 -436 45 -1078 -642 259 -27 -19 78 36 -92 200 -382 -690 459 220 -582 597 -384 123 153 722 254 361 -56 -117 47 -283 247 407 -519 -204 20 -173 -159 115 -39 155 601 521] 4990.95
[248 63 29 -183 -419 6 -459 70 406 352 -36 69 -129 -1205 1240 661 -761 -459 -338 281 -365 336 312 -468 -624 127 872 939 -216 156 348 -536 301 -372 -537 76 760 -382 -463 194 208 221 725 401 -26 -1530 -678 -830 802 -202 383 -903 -571 647 910 -82 122 -739 -310 -367 -206 782 92 -108 -109 341 -221 442 255 520 635 338 1116 -366 -543 1153 -50 -41 408 -175 -91 -34 -84 -130 -350 730 -537 -183 -250 654 -509 233 1253 -513 -265 664 184 -138 135 -92 -581 -914 243 -322 -139 506 300 107 -396 -722 -338 -592 -121 -252 265 633 -146 -57 195 -22 264] 5564.69
[49 39 458 424 -100 793 337 1 -644 474 -451 88 443 -471 -267 207 230 -174 -232 129 -349 -57 -274 -539 362 786 -211 -1314 1088 -221 48 1056 -512 371 178 -273 713 -304 130 239 339 690 811 556 25 -33 69 -204 380 -181 -55 18 -286 649 -760 -285 -718 -219 83 -747 -461 -129 1153 118 -40 -1038 -160 -177 -327 -401 30 332 -350 -213 -71 111 -584 -381 -436 164 884 250 151 -833 410 -843 334 567 44 -206 52 821 -164 549 -283 664 601 -100 1110 -845 -752 207 49 -322 412 71 -651 638 692 -162 -393 -334 251 333 607 -594 -75 67 219 786 -171] 5303.57
[148 -114 -987 43 -834 187 840 -523 -101 203 68 -182 -155 269 90 18 424 157 289 192 139 -209 1135 -160 -122 133 -244 -239 835 63 -153 223 387 42 324 -47 -528 109 -149 33 -824 -168 380 -268 -363 -294 -253 169 122 -183 2 230 -840 11 -87 -36 -30 738 -20 274 75 170 659 -883 185 -118 14 -109 322 237 -196 178 105 185 183 -423 -245 -241 189 563 716 -21 1302 -432 449 -128 267 234 79 454 -155 387 -488 -212 -107 375 -578 161 562 -449 587 -81 222 -107 887 -531 -935 456 296 -751 -759 98 50 1008 -639 -404 -248 -484 688 -36 -485] 4678.05
[72 205 -9 51 -243 -100 -796 712 203 -250 -538 21 180 272 -343 -178 -88 -549 80 -971 -196 -165 -371 -19 909 -388 31 37 -98 -66 414 -60 50 944 158 261 461 -268 -611 -109 698 -506 290 110 314 -288 159 302 933 -611 791 -424 851 2 119 93 -312 743 246 -598 -32 1281 -77 282 -1081 -35 -197 423 -676 -386 335 -526 98 629 27 109 940 41 -464 -274 -1 -8 -82 -767 199 -772 94 402 -438 -105 586 992 475 34 -147 -48 -402 632 -556 402 -167 -450 -155 -638 895 -181 -497 -632 -468 -211 288 114 446 455 -318 695 1187 583 -478 -107 121] 5158.33
[-86 144 -641 725 -218 0 -778 -340 897 112 -714 -412 -68 253 88 277 -201 635 -277 -960 429 291 93 -100 -760 -292 -101 221 374 26 -542 -154 -716 105 -847 -695 1173 -324 -232 -158 -65 424 -97 -300 69 177 876 402 -677 -389 -490 280 -462 -65 -450 -622 -29 -967 410 -36 279 26 -327 745 407 412 110 950 -159 -434 -473 -250 -385 -126 -380 257 244 104 407 252 26 1199 -56 -705 -571 520 845 -361 -134 463 134 -790 -1223 -884 266 690 -49 611 344 1031 437 240 -342 -213 -4 510 438 -303 -196 -357 -69 20 -627 617 -499 -487 282 65 166 328 -482] 5319.86
[-288 -296 661 131 -6 -12 313 -1571 -712 497 -555 49 -80 91 -9 943 -142 -595 216 401 316 132 -43 -207 -376 456 99 -92 -138 24 97 -118 150 -743 402 226 -38 112 165 224 183 -219 7 114 -134 205 340 1174 -425 730 -160 303 469 -268 330 442 -861 285 -215 -261 86 -734 -190 702 535 382 622 83 500 -67 238 94 -248 225 -393 -615 -528 380 60 451 -818 -142 118 466 206 -108 66 -505 -235 -303 219 50 554 462 -417 -444 427 -535 -565 -340 -134 802 349 -243 1075 -499 864 144 -43 590 332 -29 979 -16 1129 905 109 -334 -272 -496 -531] 5017.86
[-842 -156 516 -408 262 -169 -170 -480 565 -950 417 612 -274 821 -491 -150 1094 221 552 534 -1293 176 535 -273 -706 -990 588 667 420 -221 -788 596 -842 -382 134 -280 103 -378 237 124 -658 -91 -1612 -975 138 13 -43 -442 -361 -554 414 659 -697 -72 20 383 487 -632 -93 -391 19 629 198 -192 514 85 222 -284 120 -1030 -304 -718 -425 -175 -174 -80 126 233 296 252 -111 481 -1212 -305 597 1418 266 -527 314 -464 -131 -517 -522 -131 376 -32 -9 -197 -115 -666 332 550 1038 -418 293 276 -645 -412 806 354 -77 -586 141 584 58 -780 589 -227 -122 -321 523] 5823.24
[-89 342 -171 -514 -257 26 36 376 -44 313 358 -73 -291 385 112 290 21 619 -25 488 -66 -488 487 -973 865 -403 -24 -245 153 -332 -116 583 443 -1009 1048 145 289 454 414 85 398 384 622 835 561 -111 -438 836 343 432 476 -380 168 -121 -172 452 -157 1128 -335 -23 -579 42 -73 88 -568 -945 -429 496 446 90 -34 -173 -804 387 339 -574 338 231 -483 550 247 137 -83 -766 -320 -170 195 66 -1592 -467 678 -290 72 -378 -100 -222 -456 -454 -325 284 34 290 549 -612 345 343 457 -738 32 1162 251 206 1133 349 14 -235 263 -143 991 -595 -615] 5298.21
[-373 700 234 561 -429 -432 316 -584 195 748 -522 -203 -705 197 393 865 183 -321 243 16 108 -318 522 -189 -797 317 -427 522 94 110 -20 -197 -384 263 -962 -83 -142 -269 -139 -281 -84 209 485 161 -901 152 200 -616 -338 -43 99 -662 768 -161 98 -104 -261 -302 -1023 376 177 433 -68 -176 575 512 244 92 544 892 121 118 399 334 71 516 -135 547 189 -267 -482 615 388 -119 279 -128 54 269 -183 676 -880 457 969 -634 537 901 -466 -107 -50 149 -222 -145 697 -674 -591 -75 906 83 -571 -999 -103 -263 278 -776 -432 -206 94 534 -333 629 -365] 5003.48
[27 -246 -757 226 305 986 124 432 145 -48 -195 -349 -585 180 850 225 223 144 154 128 512 -26 -227 -167 -488 -567 238 245 -634 -172 463 -476 34 43 10 -424 -613 407 -638 -216 -454 707 30 -275 -873 341 981 453 -528 -452 -53 937 793 147 861 199 315 635 216 318 149 -1401 -62 672 -482 -186 -612 -829 518 357 -163 -364 -276 -808 150 -820 131 -328 861 253 -389 -368 103 283 478 173 78 -342 325 217 338 -561 -431 -194 -880 -500 38 -289 -512 477 269 -324 -156 -420 -838 -90 397 -400 -10 205 828 529 420 256 -166 -284 467 -565 -138 -801 -57] 5151.99
[700 50 -774 -445 -853 154 884 734 1062 766 383 -121 -1010 247 -437 -263 -159 -255 -257 -574 -591 510 458 -447 -88 -392 -91 -120 -647 882 -173 -700 819 351 -528 658 -343 216 106 172 -74 288 -236 -40 -802 265 391 738 590 -813 -154 -126 269 3 166 297 -27 295 111 -342 11 1180 129 337 81 -557 -629 622 -429 340 -469 77 -1040 439 -881 -568 -1062 -1134 -188 819 -117 81 538 225 130 -63 476 -911 -767 536 297 337 5 -383 -571 1119 -902 939 317 -223 -260 -496 391 -619 858 464 719 636 606 765 -359 -447 164 -36 -77 -821 415 -640 -25 66 -662] 5930.27
[754 -240 -624 -990 -447 86 276 -123 477 156 159 164 -468 -420 662 603 560 189 -170 -336 -548 263 241 -337 548 470 -583 -465 -316 189 -116 408 130 -89 -410 107 -770 -705 298 1159 -871 430 -28 -358 -136 -687 735 499 -70 -279 457 794 -302 -361 -876 -599 -454 1504 463 402 548 983 100 -59 -253 -1448 -529 -661 -836 587 -241 -64 -690 89 444 -358 -804 -55 -24 76 1216 87 -126 80 -54 -1069 -217 -898 -80 286 1148 71 920 62 -583 -368 72 -16 -403 -172 -355 -377 777 -496 -84 -29 472 175 -462 -129 256 702 619 -495 -20 -528 215 -358 174 10 104] 5733.55
[95 298 -90 964 -1165 253 -633 343 49 -609 -198 -346 -129 -160 235 -94 -407 -439 -269 -400 -338 -49 -645 -33 -190 614 662 -803 210 378 -208 471 -238 -299 -835 677 -16 321 280 -462 564 -552 209 -397 -292 -62 110 -4 245 1124 232 -68 -396 25 -529 -953 -764 -309 -817 610 -270 249 -569 -1109 -342 -1098 1158 504 499 -417 492 249 611 565 169 596 -46 64 -31 -902 102 -63 743 665 -129 -549 -520 -389 -764 -97 156 811 52 156 -269 28 -225 507 -706 94 -444 126 278 -314 478 -255 -424 407 -276 -352 -54 64 270 -735 -529 273 241 22 -49 157 -323] 5226.41
[4 120 -954 -221 1129 -440 17 130 250 542 -184 -384 -89 -383 -306 -311 548 -869 -24 -430 134 99 -118 671 -3 421 -1272 -280 -73 968 -9 77 479 -315 273 558 783 613 761 62 -35 -854 -304 -235 551 -345 -674 726 -62 491 -871 1228 186 139 -13 587 -128 124 103 -77 -836 -23 -731 745 -704 -600 -295 -49 258 -51 -23 204 -366 37 -337 -52 -161 -586 502 -107 128 -1034 -1053 -65 38 -53 -241 -205 -285 -678 -240 731 599 906 -135 765 -785 109 -79 -475 -445 -456 -423 54 503 -397 -912 525 -555 76 -32 -682 -226 -410 -138 901 793 -394 573 -114 72] 5504.36
[-31 250 202 125 -948 668 -451 -118 -5 -17 533 -802 -575 -312 43 329 -991 225 650 -493 -348 -79 -680 -752 832 235 899 -219 170 479 -325 232 -119 -102 -474 179 -476 -361 -473 -795 -182 568 698 -10 -502 -438 542 -864 116 -784 666 476 -588 -605 279 -506 446 428 295 -453 805 695 303 270 -6 -725 422 134 56 -297 423 -164 -326 -974 139 -132 -477 -711 -85 -213 -74 1322 512 -636 309 214 -712 367 -158 187 115 -73 447 38 18 509 539 283 -452 -614 430 -410 202 -31 511 1488 -66 -278 218 -89 1 -56 438 532 293 -595 -715 -439 114 -389 -355] 5354.16
[162 141 -273 222 -171 8 -1083 230 -778 -5 -233 -442 718 -364 54 -246 -846 -360 170 -2 854 -68 -441 -63 -401 -207 196 350 231 257 -248 -597 211 112 -447 204 -62 236 -496 409 273 -262 1003 -191 371 -266 -716 -531 991 52 -398 85 -10 781 -983 173 334 -1026 91 -53 657 416 744 -77 -317 81 -117 122 12 -312 608 221 -508 181 -199 560 367 -531 -346 -457 299 -186 617 -373 332 241 -146 448 -480 225 73 -592 150 184 434 -4 -59 399 649 -323 -228 -178 -633 102 622 95 -1114 76 68 204 -83 -496 485 -224 -335 -173 721 807 49 88 27] 4737.83
[-790 -90 -492 -703 -41 -773 -514 147 -178 -508 611 213 -395 80 212 154 161 301 274 -843 871 -429 772 -248 13 567 -584 511 118 -535 227 192 -104 -901 118 33 -651 -289 -132 829 -86 441 -363 692 -85 231 248 1061 102 152 -798 296 -2 -746 -223 -221 208 -114 -127 553 1139 720 31 -347 998 -127 124 24 232 1017 318 409 -1279 368 702 80 -44 -584 -504 121 775 -253 299 -50 1168 674 105 -161 -186 574 332 -756 465 -823 376 -383 -89 -165 292 682 -33 -706 26 606 266 -200 -589 -810 321 295 -490 -389 378 -18 213 -37 197 370 166 -629 483] 5396.53
[-422 390 1408 -93 184 376 -117 120 -54 155 -255 -115 596 -310 -28 190 924 -30 544 -207 -505 284 -934 78 196 -261 66 119 -699 395 1333 -125 -721 577 -84 -20 831 -725 590 -285 403 97 317 108 -657 751 738 -78 -1189 -286 189 -196 130 346 549 665 -173 -22 180 -1146 -374 -278 -248 709 255 -301 -17 -553 -555 80 1078 -69 192 155 -182 -298 -399 205 462 -184 -1236 55 -1065 590 233 495 82 -286 31 156 -524 402 -504 673 499 -105 -271 -240 -339 -423 346 -364 -10 -80 -563 -163 227 -419 -42 -439 185 -466 550 -168 150 91 131 -108 -612 -612 222] 5227.21
[-75 228 993 147 156 389 312 128 53 206 616 50 -435 148 224 -524 833 488 438 384 -272 -202 372 -60 315 -114 -328 -533 75 89 -496 -228 115 166 620 -478 -234 -418 -470 -113 -78 9 -753 -648 648 1074 -84 -762 -155 -454 -57 -463 42 -298 612 -91 -5 -3 370 -771 582 308 44 -1319 189 79 -30 44 -131 -166 -479 315 -966 747 491 -269 -546 319 -269 -299 21 -198 217 8 -501 477 706 -145 153 -1012 -294 -472 -117 77 304 -692 -749 -377 -317 -358 -1090 307 -76 61 193 -236 -675 211 665 485 -165 -54 -137 -163 -523 -506 -192 -6 -213 614 -576] 4844.3
[-579 75 84 -795 -429 -458 340 232 -785 -632 -733 156 -4 -91 -817 -721 321 111 580 459 -476 -203 -333 8 552 363 13 722 -696 -951 214 195 -96 189 439 -794 -508 284 -128 330 -825 -529 334 127 14 -450 20 215 -212 50 689 -272 390 -3 120 -73 -458 215 606 -433 380 136 -1221 -546 1144 941 228 198 -624 -575 -493 -289 -40 -217 -106 807 137 -142 -135 -83 311 -338 -432 724 382 -158 340 -948 -389 -319 -693 10 -403 108 476 511 588 638 -883 649 259 -39 -156 960 554 304 -245 -449 -429 294 233 -12 -415 788 372 382 347 114 -431 -494 211] 5218.87
[-65 706 -89 262 171 35 140 -372 -35 231 -26 -390 336 -50 630 -78 -205 41 325 -359 236 719 1403 430 -74 340 -446 -443 39 -11 -48 -612 -138 -360 -783 384 -395 -1048 352 1155 -628 -330 -581 -120 263 -572 -69 1243 -1157 201 -1075 88 -319 31 174 15 -260 -750 -591 108 -112 -733 264 -802 703 -65 590 -205 -276 646 -442 66 -865 818 -210 680 175 -467 -129 240 587 400 1090 187 164 951 -55 -327 551 102 -20 -579 486 26 193 -6 132 170 658 -360 -117 368 126 -356 -584 -741 65 626 -196 -451 -496 620 -72 -272 332 800 -138 -897 -806 354 390] 5468.55
[-639 -760 -376 -428 -392 -292 160 -168 -100 -633 332 471 -186 1416 -554 -341 339 229 87 30 -430 -151 -313 9 -501 312 -63 -111 373 276 -1 66 397 139 48 714 702 138 612 -854 -517 488 -264 422 144 509 -74 239 -761 47 523 -525 784 156 246 271 307 745 -157 -181 -106 81 -168 93 -211 837 1134 37 -601 65 813 -281 -224 -138 -383 -1098 -177 75 391 156 -462 -208 -311 363 -451 376 728 176 433 -247 -507 393 126 -236 699 547 -450 -224 -455 181 714 -578 -159 599 -68 -506 627 20 338 -24 11 -398 216 -21 163 471 -486 -507 325 -368 -103] 4828.25
[515 141 -141 -209 341 229 -250 -106 -615 -234 499 -125 -221 134 78 -26 194 -241 11 1120 -727 -428 -384 -786 27 382 383 -117 71 -168 673 -371 -120 672 -49 -446 -464 -461 -230 -298 -423 283 -52 307 -526 -249 -262 -302 385 50 356 532 -123 386 983 -299 -494 986 452 -118 -504 84 1022 -274 490 122 149 -291 219 -158 390 87 227 176 98 143 352 -277 -177 -851 -299 -369 4 199 202 21 -11 -683 412 -417 -659 -709 638 -355 -130 -1233 400 -667 -509 -944 -513 -665 -148 488 719 10 -304 -944 183 643 -16 99 411 27 -108 -13 142 449 -30 -99 167] 4765.93
[-372 -501 -210 -74 -157 231 -1126 -80 142 570 215 390 485 597 219 372 -100 306 -67 -319 627 -274 -525 -366 39 -207 157 368 148 4 -315 33 -514 145 -333 81 248 415 -28 -516 -22 25 -140 453 232 408 432 -293 -502 -250 -552 123 438 224 -117 -858 -77 -367 353 -669 1602 -130 -585 -261 1368 661 333 199 -75 -29 570 879 -655 -112 279 -637 -512 -681 -136 -662 183 23 781 631 -78 1086 176 197 -36 761 -7 131 -549 266 435 -635 -134 -827 397 -907 -102 -60 -345 587 393 444 -262 -2 798 824 25 -546 385 -247 -447 254 -800 13 -380 -327 -195] 5158.45
[41 161 -1147 246 -739 466 42 -968 -146 495 -201 -205 -145 26 -1024 118 -628 99 -172 -898 442 132 358 -429 99 845 -225 147 147 472 162 -169 536 139 -999 -543 482 382 -129 -149 671 240 257 866 -897 -210 430 24 1068 56 -351 -468 448 -115 120 128 -578 -238 338 -139 292 -574 -399 1221 459 477 293 677 -453 927 -169 -82 -2 -181 -1340 -706 -239 -1100 326 -432 -97 -239 -29 215 -48 27 380 480 -387 -176 483 -622 609 -221 -422 714 3 -508 699 -120 -418 672 -239 134 642 -115 651 701 580 618 -117 -444 278 -608 157 616 -522 -113 -81 -244 456] 5441.05
[-457 1023 692 1050 430 221 -611 -440 410 -60 438 1108 1030 -127 -811 -568 100 -187 406 -12 -137 -174 390 142 191 -392 -707 -506 -727 53 552 -325 822 175 551 1400 180 -416 635 -129 1148 -129 -165 676 -515 241 -587 -390 1066 263 -824 -86 -208 214 -211 479 1092 -358 678 -135 11 -926 -354 45 -486 789 -47 620 -956 20 564 215 -392 1424 875 103 18 -844 -842 300 -827 -628 -264 4 441 456 84 297 400 -405 -338 40 -352 253 517 139 -80 -210 552 -349 122 557 -858 128 44 -893 -133 568 192 528 -198 -920 798 -999 101 64 526 95 -736 -20 -442] 6082.65
[-91 1058 -1208 -77 507 -251 -70 930 411 597 591 173 171 -285 -215 -619 601 -243 -99 -346 -456 472 164 -404 -214 -178 -114 615 175 641 847 -537 67 168 -806 -310 -404 -777 -286 23 111 355 -208 -1026 367 -1291 216 393 -341 -225 -1411 516 287 876 257 306 281 200 -284 -202 324 368 -265 237 493 333 -674 -76 -260 -163 177 -450 -155 34 -445 -284 403 187 561 -1 -567 310 56 -400 135 831 -584 -307 534 128 -232 1 933 367 364 172 -199 -423 34 268 23 -967 -36 -815 -236 554 -506 -189 245 250 121 399 222 552 -171 172 635 -43 -776 140 168] 5170.64
[-652 213 403 452 344 8 -564 -73 -432 -691 283 483 518 -1 -111 -386 7 -261 6 -456 -457 46 -672 459 734 906 405 -1180 982 427 49 364 -84 460 -177 1136 122 30 1117 -792 148 346 59 145 -121 1262 -46 344 445 403 -374 -592 156 -43 -799 704 -559 -132 338 1024 40 614 -425 -264 -835 131 747 164 -341 -296 459 -140 -61 770 313 -1162 -237 140 -319 81 -825 -572 -1145 545 281 -325 -81 196 -986 -650 -242 -155 581 119 782 186 -128 -626 -275 334 47 177 -251 123 398 -105 -270 -126 155 353 587 -560 -181 -1083 -34 -706 -244 741 -409 1041 83] 5667.23
[-127 474 -242 537 -104 -561 455 -125 283 -532 -466 99 1064 408 272 -139 136 836 44 -208 87 -251 -335 151 -649 394 248 282 -125 21 160 -14 283 -399 -199 -367 405 -801 167 -312 86 -1354 546 467 661 -329 -85 -152 383 222 -673 265 -379 24 -4 -518 -215 -163 217 -109 -584 220 96 96 -178 583 -55 538 -470 -530 175 -174 1013 -362 -462 830 892 641 363 -227 -651 -214 -80 634 -719 -272 -741 -213 -626 376 -1048 1742 -103 190 -257 67 -590 -134 445 -435 238 529 147 -392 209 -532 190 -149 158 34 22 256 30 43 -297 764 -138 80 525 125 -517] 5031.63
[272 -347 409 29 735 -367 359 -46 1152 -744 481 33 -1873 -138 48 -6 -656 -634 -611 -338 -210 -456 -286 959 -41 76 291 641 81 253 223 -941 422 -1222 -1005 1450 -1079 -309 74 11 271 2 -217 -448 -751 406 -190 -8 -454 340 353 -258 -684 -46 -102 -531 -295 187 3 86 264 396 -273 -401 -112 -148 23 -184 209 -11 1021 430 110 740 -251 -61 -305 -824 -50 713 471 557 405 -349 -70 511 43 708 664 41 -445 568 -161 102 81 116 402 254 -337 106 119 -360 -70 656 98 396 262 611 -21 802 -530 -59 -388 -1473 -248 -794 936 465 583 -82 -314] 5724.25
[209 -135 639 99 488 -17 331 -612 -144 -471 -381 167 713 -614 216 -15 -748 -354 32 -349 209 317 -608 175 79 -50 501 -291 52 -270 523 -588 -32 -547 -860 -609 -58 384 589 -87 750 441 377 -580 -11 -276 662 -190 -63 206 -118 -207 -24 391 240 -289 -287 -905 199 -382 -11 22 145 -346 365 767 144 -418 331 -392 165 218 -93 103 -192 -148 60 255 493 566 406 185 16 -386 89 1132 -532 -689 418 477 -232 -72 374 508 223 74 187 291 678 -517 -263 -1173 -557 43 157 -298 -121 101 -57 409 -124 373 -994 -159 230 -95 -88 -796 68 130 188] 4515.03
[236 412 242 -67 -291 222 -14 700 48 -44 -486 409 -214 -495 445 -651 -504 149 252 -140 -767 131 360 -862 -66 165 1518 26 -100 -624 170 738 -343 -694 -418 -428 -839 532 74 365 539 589 173 156 -439 -934 -308 167 889 193 -411 191 349 60 -783 -67 244 135 141 -160 -453 9 -317 -84 525 -14 -329 267 276 -335 -264 229 -387 -20 150 -99 358 -52 646 726 -481 148 1 342 57 -138 -156 -208 -1010 438 -687 977 -18 -406 -454 1040 -133 -727 -170 -227 404 -818 298 -18 -156 727 -192 -691 395 927 476 131 54 -353 -58 -451 1165 -478 -314 22 -1286] 5260.86
[-278 612 -135 422 -251 -334 381 451 -246 -159 126 818 296 259 -616 240 126 -253 -261 -821 252 86 21 220 193 -774 -866 482 -818 -376 -50 221 766 370 182 681 553 -136 22 -518 123 -321 283 694 59 295 -825 -144 1147 -162 -197 46 -181 -452 -202 -268 463 -508 -21 736 279 878 589 562 -9 -626 13 -291 -364 -322 450 -386 287 -326 113 347 867 -171 -152 -195 277 -535 -14 -274 90 -241 1 492 -120 477 370 903 15 250 -249 -553 405 297 817 -324 141 443 -922 -192 757 -420 -89 233 253 -197 -878 -916 -8 657 229 905 24 682 -448 -215 121] 4978.18
[329 468 -457 100 -119 196 73 548 -36 -341 -525 63 474 213 -86 -481 430 535 -567 -302 -476 527 -1063 590 246 -499 488 -864 178 26 -239 275 -68 -5 -633 700 -852 91 593 37 -535 -403 293 515 304 451 -630 205 917 341 221 365 112 201 -491 -109 -369 945 -592 735 -606 214 577 -736 -724 -375 -9 -319 177 268 898 -279 -308 115 -154 56 -104 303 92 -434 357 -10 -784 218 -275 -825 -1002 162 -587 -436 -286 216 -106 568 -888 507 -762 -292 -181 -43 133 590 -145 -183 198 537 205 253 -559 66 -216 -55 -46 -201 -209 -58 135 482 3 841 -153] 4909.62
[59 -75 -740 186 -247 119 69 -339 1025 430 -477 -132 -994 -651 -105 61 -322 217 -208 698 161 -1019 983 607 -210 -171 370 723 -45 -659 -278 61 93 -1132 -750 -488 -219 813 -623 338 11 22 -63 -241 -183 -537 33 -53 -300 636 -106 387 99 -522 66 -804 37 -32 -46 251 253 -796 -789 -374 67 17 899 722 365 -736 -1381 800 124 138 -159 772 789 -136 -214 -283 162 348 754 279 -437 916 425 47 -294 -464 237 -1377 607 -870 -322 -330 161 -32 31 -423 435 137 -128 131 52 523 213 -71 485 809 -226 42 152 -491 -405 734 140 -238 344 385 -435] 5442.82
[142 -828 393 -76 -509 -581 -360 475 75 -238 -76 -515 -26 189 87 -149 -111 106 63 356 50 147 1 -4 475 601 386 -284 393 -337 409 558 -623 -47 1055 -956 783 754 -259 -70 83 178 -755 -316 862 210 92 -108 -388 -388 -707 -518 -561 -92 703 -115 751 -108 -789 -663 -55 -396 34 -592 -178 -998 -364 -198 633 529 -880 308 220 -87 -9 -851 211 146 386 -129 571 -442 -514 -324 -227 -404 -402 846 6 -282 860 -460 -592 -246 -670 -450 -314 -465 -721 -90 -400 -300 -554 -48 -637 193 -383 -1166 347 -498 522 560 -666 -422 399 125 -1239 427 88 -163 -202] 5284.5
[793 -194 165 -268 -593 -74 -195 -23 237 537 903 -168 453 165 10 373 109 702 417 -123 114 -619 178 -181 -336 -1000 -324 82 274 -2 -1015 -797 562 -526 488 -15 1188 -185 -163 14 -287 -451 113 69 1140 318 -794 -408 895 80 -21 -576 -284 146 -516 72 157 -52 -365 -141 -95 -422 472 366 -749 375 -329 -306 312 361 282 675 1071 -665 231 -1067 306 361 855 -955 -815 -669 -3 -16 -758 -36 -276 -202 -20 394 -171 190 652 -235 -1110 -218 -349 -79 874 -863 351 -242 -129 -339 -258 103 76 -39 -514 -80 184 690 -281 -583 -79 240 -241 -949 743 205 141] 5371.46
[-236 -491 1319 -1471 -385 46 890 -1101 356 -119 -125 -200 -600 398 -413 252 64 692 -321 -318 418 101 1005 272 -252 159 256 -187 188 -79 -1136 472 -168 -860 -116 -436 -1001 81 376 680 -530 -479 -281 697 69 161 -244 -135 -120 361 420 262 -40 -816 -861 -200 -291 -176 -73 -270 -233 319 58 261 820 -766 130 -312 490 -288 -1032 118 -358 -437 80 444 -789 201 302 649 532 1275 462 -227 -365 364 -99 605 -256 -549 670 294 192 -81 -53 932 478 628 -201 -198 389 659 447 727 393 -323 -787 767 212 -101 -141 -593 -131 610 593 154 182 -421 -366 7 -206] 5585.53
[139 15 -309 704 189 532 -408 -141 -398 64 -21 1287 387 -358 -604 90 553 -168 -30 628 -290 216 87 -84 -364 316 -71 -640 103 8 714 -60 -1390 515 -157 52 23 154 179 315 150 -132 -768 289 -706 472 634 111 -325 90 -93 -283 685 -122 519 281 103 583 353 83 204 -876 236 -99 -197 -109 14 -84 -269 -31 321 -725 -396 647 -1 -185 -164 10 -209 -354 -379 163 -65 -76 341 -709 326 -13 99 -61 136 232 -606 -4 -281 -185 -40 -407 -478 107 -221 -270 -5 305 -368 501 -22 -384 309 241 581 -567 551 -679 180 -386 -332 666 -398 500 338] 4391
[192 -445 168 -750 -634 -1057 906 -971 -833 943 721 177 -228 -55 15 189 351 -287 28 -376 727 70 -325 84 479 181 -828 -271 65 254 260 -558 83 424 326 13 -406 -229 -24 178 -81 137 820 -44 316 251 -970 297 523 291 766 -521 861 -28 -221 116 404 1014 -231 184 105 122 445 490 275 96 372 -619 401 -797 91 -55 -118 290 -7 -440 185 -206 -168 -913 516 477 -188 -967 -749 -367 907 71 -43 395 177 -497 672 458 440 -758 705 68 -599 274 175 204 -708 645 974 493 706 -103 5 -383 -478 305 83 -432 109 901 -431 685 -95 418 -52] 5333.3
[556 -405 -60 -369 147 303 981 875 623 -789 -239 -656 -81 1273 67 -179 -129 434 -293 -185 -164 549 -559 -413 457 -289 58 -68 -2 633 -336 -396 333 40 176 -50 74 -57 385 97 -354 63 -63 233 234 558 914 750 -151 -126 904 -451 -244 60 890 464 299 276 203 -370 -349 -2 -357 -1047 -73 512 -14 322 -242 540 -650 199 -255 -185 -134 225 -178 -454 -683 338 -475 -85 -144 494 -391 34 -95 -571 56 -583 -825 -558 -889 -99 -42 214 -614 635 306 645 -814 758 762 128 270 -436 674 533 288 769 -155 601 33 937 441 -328 -292 -745 198 95 367] 5131.74
[-671 -461 -73 227 130 -199 281 -433 583 -924 -1149 -384 221 360 983 286 -150 -452 -299 174 -287 -69 -57 269 -229 563 870 126 -173 -344 -375 503 -428 -227 541 -493 691 1269 25 -514 -635 300 -350 734 -289 -301 -428 314 47 79 -817 285 -42 -327 872 74 -590 -365 329 -274 241 861 324 -568 11 342 -596 91 31 575 -252 -279 328 -23 286 386 30 154 926 -15 226 -452 -1026 233 -8 633 -327 -216 -19 -179 -94 462 -506 -277 -788 424 -555 -154 -157 -45 0 -436 304 -363 540 -310 180 -285 602 -464 -558 -233 -803 -194 -541 -481 -729 -44 626 -115 -349] 5034.31
[-574 -339 718 13 -363 97 -819 -1554 -792 300 -538 292 552 668 -722 -741 1021 -132 -736 -634 645 164 -523 -229 -264 -99 -397 -250 182 795 543 56 -478 40 217 -330 468 45 619 72 382 382 480 216 -1031 -146 108 485 -842 101 -271 -737 1411 216 201 -23 29 54 108 514 -371 -42 203 267 374 545 -493 -117 60 -137 -450 -1087 -322 427 -717 -346 -203 6 -324 -594 -110 -223 -524 -115 -923 144 572 63 562 112 824 439 61 644 807 -161 -520 -643 165 -38 294 -271 570 -547 120 -409 911 70 427 -686 503 -230 -74 -286 -699 74 -712 364 -442 -957 -142] 5582.9
[200 -602 -360 -40 116 31 699 359 -797 -138 161 -756 -505 29 -528 44 -346 294 -543 32 548 541 284 -169 -605 108 -29 -399 392 807 -695 -146 -431 -974 -77 -1038 -270 277 -210 169 -789 -385 -471 152 -68 195 -452 1238 -345 842 -314 1120 497 -690 47 -728 -34 -257 -583 430 33 -351 366 58 1163 -337 310 -182 957 -182 -34 -321 -1287 -221 -699 -333 -346 -370 431 -515 441 -1176 931 425 -89 127 308 344 -175 -324 1217 -156 -564 467 -1112 182 176 412 -482 356 -84 3 -751 233 -277 589 -1022 -47 16 496 24 397 -291 850 834 -580 217 -483 261 -972 -717] 5848.64
[85 -146 -42 426 -761 185 -112 -623 -659 608 317 260 -43 -138 -284 -66 215 298 -350 82 381 298 -701 105 533 -160 -421 -621 -596 182 -37 -39 961 -697 469 1141 -5 866 -118 -413 86 676 542 579 -1094 354 -520 612 605 1386 -179 290 -89 -31 254 79 851 427 -438 744 315 -500 -248 -172 -431 50 -76 31 -216 405 360 497 -332 495 246 -1062 42 -1039 -152 203 -137 -538 -57 -104 -711 -187 1363 609 -445 227 538 -490 -391 319 -249 -380 491 -120 834 -267 -399 62 -636 -317 483 276 1024 387 -64 853 -856 -59 972 -717 -664 -135 32 253 475 -624 -908] 5653.4
[353 -327 15 -541 -350 -84 420 490 788 184 241 -791 -742 972 296 -30 483 888 -31 -239 -73 -506 -334 211 70 -106 167 407 -73 608 -929 -92 223 113 719 1035 -238 101 -31 -331 -618 -1282 -223 223 883 575 -613 513 -75 157 845 -394 -414 -196 163 -131 134 712 175 194 -585 -146 -56 -431 -320 758 247 -291 225 -372 7 250 -247 -288 -185 -330 -276 -445 -469 -224 -43 360 -278 -31 25 -360 -3 931 -624 -228 88 -70 -78 145 -573 190 -1411 402 777 -91 334 1040 865 323 1545 330 488 726 263 288 -516 39 558 939 -251 149 -580 -437 588 20 -51] 5436.07
[-51 40 -1158 304 -40 -257 -210 15 657 457 -314 -418 623 622 237 303 -30 -170 277 -113 -469 -381 -299 -356 -289 14 -169 -342 556 -330 240 -450 -53 -172 -487 94 1020 495 575 -555 -648 -60 850 209 240 -731 425 -624 613 23 -475 -154 -41 1426 -765 298 -173 276 -194 -428 -827 143 -346 291 -1134 -121 -206 -116 480 589 153 302 -138 -237 584 -353 411 -194 787 -87 -319 -77 -139 80 29 24 -369 -315 -1758 -40 -218 -261 645 -583 -466 775 -189 -1238 -91 -188 -424 -1571 -140 -200 108 -87 389 -471 -456 448 775 412 503 -445 -80 -792 126 -99 90 547 590] 5509.09
[-483 13 781 440 128 443 -299 251 275 142 756 -254 -417 685 504 -12 -117 180 -42 230 227 117 103 -479 727 -407 79 -149 -376 -75 -331 254 -270 -420 15 265 -463 192 26 -432 564 282 -398 911 -105 629 -646 806 -438 -255 -233 43 -544 -390 -126 595 -246 -65 506 -277 799 -459 -45 6 -1013 -401 -134 -478 -340 467 521 -567 -105 459 610 -405 -121 -110 422 -110 -402 -117 -283 -214 742 -387 -47 16 -462 -338 509 44 -421 -260 -4 -194 -180 341 161 -1161 -39 202 152 430 -16 -225 -314 722 -483 -45 26 -447 701 -293 559 -1369 401 -410 -103 -1227 -504] 4840.52
[590 78 567 -379 -204 -383 -226 -472 -573 519 -595 144 181 35 -47 441 165 349 302 -361 143 -435 -457 269 48 163 -264 90 -112 -306 -107 -1173 5 148 -75 -70 -101 30 -278 645 -513 -1316 407 267 25 669 60 -11 445 -269 1037 302 -97 -371 299 279 125 718 46 -30 -690 -62 570 51 -219 35 -531 -1241 -346 -464 -186 -668 116 145 -231 554 -261 -429 1001 -579 409 -249 -898 -21 -45 -794 290 208 -830 -588 313 -13 149 162 69 -304 -425 -188 -215 102 -270 -208 -133 81 515 -1 -217 -411 -613 88 1455 -245 73 -90 61 382 183 663 -370 -657 196] 4868.61
[-395 -61 448 234 -334 -287 -1239 -1494 -177 296 264 612 366 517 -1039 206 342 212 704 -981 -1 -741 286 -815 -636 -288 -327 430 477 -426 -886 319 -470 553 -390 181 123 -276 -560 -107 223 62 -342 -212 -173 449 -92 -346 117 -104 521 -797 205 -514 -181 388 107 -482 161 -390 114 77 156 733 493 1260 723 11 114 -606 450 -550 606 -335 -126 -466 25 122 -551 21 -94 734 -363 -1477 172 -366 169 1362 191 522 193 -187 100 -431 371 51 550 860 432 162 492 121 512 129 434 154 -243 167 299 -681 704 -733 458 45 -168 -112 -379 280 48 427 -36] 5459.94
[-76 702 17 1121 85 0 68 -249 118 -137 -118 -99 -533 -511 230 -359 496 -607 -456 -313 340 -66 -832 -288 397 707 -135 -800 139 -172 192 236 -132 -472 -616 -306 -700 -673 -134 -385 819 553 -236 149 271 -239 493 -328 -89 -80 -713 7 613 -259 -578 -672 -550 -388 322 -184 -86 488 -227 -191 348 -310 -60 28 745 -51 544 533 -256 351 362 1024 482 -198 -166 192 364 440 479 -139 -646 933 -60 -630 71 226 -365 215 -362 624 -222 -656 57 -70 -773 880 -822 -449 572 508 190 259 -158 -275 -8 115 53 197 -387 30 -14 -565 -545 -82 179 307 -48] 4741.83
[-144 -822 -506 -39 391 -287 -667 -800 -209 -50 -788 354 25 419 -1216 -407 321 318 -541 -327 211 679 690 436 -308 319 -177 -265 634 617 -685 202 -389 -442 378 -372 -89 319 -231 1042 -335 20 -360 61 203 369 -342 581 -180 -661 260 119 -179 60 -1015 524 868 338 89 -820 -346 -521 40 -568 -58 315 821 637 317 101 -652 3 -884 111 -125 274 -436 189 -269 532 452 -55 -72 -1035 -249 154 648 478 752 -230 293 -298 -561 213 452 249 -1010 556 236 754 820 -84 -86 262 -545 -260 -292 -393 -274 -936 716 830 -264 480 204 22 -120 -260 -268 19 -105] 5268.54
