[1 -52 95 -25 -81 246 37 105 -358 -293 161 281 249 -53 -359 -318 -368 55 218 90 -317 -13 286 -217 -548 332 -122 -337 179 236 -158 -56 10 583 181 327 69 -148 213 -90 283 -150 128 -126 -52 65 -305 768 -124 249 -399 130 140 526 -166 -201 -266 66 369 146 263 147 192 231 314 200 146 259 53 590 62 24 -331 -104 165 -9 -3 -327 -418 140 151 -50 47 -20 -443 212 -243 31 4 64 65 15 -122 97 174 -350 -567 -358 243 -157 -48 -34 -234 -62 433 -19 -634 -291 -228 -428 704 259 -70 -320 157 -604 28 275 257 109 -72] 2910.29
[-360 -85 62 -18 317 -169 233 -319 -98 231 -116 -24 -95 -322 521 -171 235 265 -196 -341 565 249 -148 -15 127 -441 530 119 -661 45 -151 -450 267 164 826 -158 -132 -205 -238 639 -259 -238 119 -402 -98 -67 -402 -489 -293 69 250 -551 -165 -531 -307 202 163 -240 -506 -154 -77 -238 125 -366 251 -32 129 -411 360 -186 -370 537 216 68 -34 30 55 814 88 38 74 154 -3 -138 10 180 -193 437 11 -91 -251 -512 -401 -179 -102 106 -408 66 223 -358 276 86 -68 77 -110 447 124 234 -20 111 -389 261 -53 172 -199 258 60 308 63 -362 106] 3171.05
[368 -34 -110 245 338 99 -454 368 718 -502 388 282 175 237 -188 862 469 -177 -622 -126 -128 83 102 84 319 -490 -186 -360 -112 -135 -27 -419 376 -92 -417 -305 107 339 55 -266 405 -15 -282 353 -342 343 303 38 -67 587 -68 763 -22 337 128 -68 -391 -106 -208 212 -25 -187 -72 57 129 109 -160 281 -84 78 281 475 452 -132 314 89 -236 73 -153 62 43 290 -492 -163 -506 57 98 20 -332 100 285 137 -264 457 -88 -403 115 304 -138 -22 -298 72 -331 -263 -293 83 160 153 -294 -299 -283 -113 -177 25 -68 512 204 -364 547 103 -6] 3221.26
[308 109 445 725 -376 326 237 484 211 -304 106 629 424 -36 -221 178 166 -48 -13 158 -19 205 286 118 494 -250 -314 -161 -101 -205 89 404 -21 -141 361 -256 -65 -75 252 -92 188 -127 113 -261 -146 376 -35 -4 -140 -63 -477 -277 337 317 -102 -177 -22 -33 480 -92 11 168 182 155 36 -108 -303 -47 101 268 -131 -358 84 -370 -23 -210 -504 292 522 424 -768 61 -136 -78 -463 -33 359 534 4 416 4 -305 207 -172 498 -27 -212 53 749 223 -551 326 22 -60 419 458 -642 298 80 -295 192 -344 464 -96 30 156 -348 183 431 -132 11] 3238.77
[-112 244 -315 26 -441 -171 664 252 -673 1035 183 285 318 -168 -182 -423 6 -394 334 52 366 24 -420 -192 427 324 308 -302 136 -291 -420 203 -307 42 85 -68 -419 -223 -6 100 451 24 -133 143 -155 -293 90 -139 9 -132 258 9 4 -219 51 -470 -45 18 253 -113 119 215 185 -160 -25 426 315 -24 -21 295 -126 -175 -685 -303 -53 67 -52 155 45 404 -415 -419 282 398 -189 -307 114 54 -285 -89 -105 126 277 -629 189 322 -67 -856 312 230 298 -94 59 288 -215 221 -32 359 -229 466 851 -268 266 90 27 -179 224 341 681 -207 211] 3375.85
[259 -326 -49 270 -110 -417 214 -180 -977 800 -914 455 331 -495 203 -100 -254 -177 261 60 10 -227 -147 432 64 -106 72 -516 -171 -151 -158 377 111 -223 991 -76 -488 -239 77 465 151 -184 141 -394 -66 69 -174 168 331 -14 -110 -619 -17 -532 -138 5 517 262 175 -60 139 -139 105 -149 654 27 -201 -427 687 123 -971 -229 -636 -353 -458 -496 -142 139 50 379 -98 46 275 -139 253 -197 630 341 92 556 -284 -305 235 -217 -130 365 -111 -195 565 258 -267 82 -182 362 17 -136 -307 429 -114 133 -25 165 41 -555 678 265 12 538 461 101 154] 3845.14
[333 92 319 -179 -603 409 8 7 76 -712 -29 282 -228 83 -292 -363 76 293 172 319 173 93 -62 -546 -64 29 -326 159 -305 -211 617 293 -123 88 620 564 -198 -135 2 501 73 -363 578 -427 597 58 -437 -17 -123 -190 -462 -77 157 -18 255 -2 -80 364 55 728 -247 425 548 -340 -6 -367 133 75 -12 69 79 -62 259 -223 -254 50 -111 -139 279 55 -379 -737 -129 -340 -592 -11 -544 351 -36 -84 338 -611 288 -108 859 -333 178 -176 151 -193 -651 315 -160 200 385 558 -1028 360 -119 -208 678 -122 367 -174 149 -334 -217 280 -196 -264 431] 3740.38
[-41 -124 -131 -255 121 290 -304 -40 17 15 -21 228 -556 63 586 -4 -171 -9 -301 341 -431 -827 -315 138 -669 35 -220 486 582 -457 62 425 48 -397 -387 253 -318 -276 -245 190 -47 775 -246 -230 164 -686 664 96 815 422 433 81 86 -14 468 123 -50 -252 77 -379 165 46 111 153 -570 167 -113 75 240 320 298 -362 207 407 -227 218 3 -667 -89 -19 775 -390 154 822 809 -310 -28 -279 -55 -468 -26 585 206 -98 8 853 277 -85 -243 -14 -276 -378 -44 145 -275 -502 672 -231 300 446 -163 -254 131 -316 -96 176 205 -202 -115 -4 98] 3815.65
[-17 508 142 260 -204 0 187 -107 199 186 -149 -447 1 -80 146 -234 407 505 330 -11 -28 -201 -398 -365 576 118 168 153 -158 366 881 -355 -184 -77 -400 69 -74 649 -365 -110 -691 -160 -394 421 20 540 -301 17 -530 -118 276 -187 328 -519 -458 204 230 -60 14 548 -389 2 122 -18 -294 129 -610 397 66 -426 282 -134 -189 -161 130 -11 319 -355 667 154 -1015 -71 -33 -539 41 -11 -133 -159 98 21 -238 -137 364 -319 -115 -436 536 28 158 466 199 -14 435 279 447 262 91 49 239 349 195 221 -235 250 -80 210 117 76 -754 151 188] 3531.12
[128 -26 -32 33 -310 248 -931 155 -106 -266 147 390 -177 317 153 55 175 -542 -738 375 412 -45 -336 335 -36 -309 -65 311 -118 -286 -175 107 418 -436 765 2 -385 -99 -214 295 543 492 200 -777 -79 -378 -101 -168 349 -147 -207 -259 51 -259 336 367 -147 -109 -685 664 -331 -408 220 -345 -71 -78 152 -552 -104 -119 -429 -290 636 367 -777 12 -68 -467 -36 145 -17 -185 84 142 202 226 208 254 312 245 -104 344 778 66 155 204 302 461 -417 256 -216 -294 -594 448 -674 -101 -251 845 -68 -255 -10 -181 192 -208 139 362 -437 -292 562 417 774] 3899.1
[-849 -268 -405 -367 293 110 -241 -159 -5 306 404 -127 104 341 -27 393 238 -366 -272 -336 322 296 -147 339 446 -338 143 169 -191 -185 137 -990 -299 -157 526 -35 336 -347 -350 241 -487 180 48 73 -404 -237 -418 -683 6 53 268 -61 -181 -293 28 -516 -6 17 -1001 209 -18 -196 570 -754 115 -143 155 -526 107 -321 -56 988 546 -396 -209 127 -194 358 -680 -142 -524 467 -227 155 157 194 -55 -24 92 277 73 -58 -30 -235 -82 -724 78 153 -1014 -534 111 -217 -163 41 -101 9 325 -140 -130 -282 -814 -332 -537 553 -403 513 108 -4 97 -211 540] 4008.66
[-130 432 350 43 -701 453 -120 341 349 147 296 371 -286 -18 -460 -705 -356 -549 145 368 691 166 -218 -569 173 401 38 407 247 -417 -2 203 -806 -680 49 518 73 -238 -649 250 75 -67 209 228 260 84 62 -301 370 -283 -109 -98 414 81 93 -79 -114 -346 81 195 168 297 1025 -565 -235 -191 280 -415 -223 500 475 -198 -172 -208 -255 -59 -246 184 325 -2 -359 -484 251 540 363 59 -73 219 -459 -291 300 -310 142 -32 1298 482 224 -345 28 -641 -1058 -184 -245 158 764 792 21 363 -151 -314 84 -313 491 -107 -540 -281 -249 263 73 -879 190] 4270.71
[-65 114 267 782 -256 371 -193 560 25 355 -393 92 193 89 474 -481 152 608 519 90 -370 -817 -90 299 68 125 257 -366 -177 -437 476 13 -251 -307 -191 -387 189 -309 -740 53 -184 492 -221 382 220 66 128 307 370 533 397 -513 416 199 -225 171 135 -186 241 -696 313 442 158 302 78 237 -348 148 278 616 -24 75 -249 -112 133 -117 -366 -436 203 -2 -505 59 471 450 480 224 329 773 -478 268 217 -263 -276 -895 270 459 72 -796 -20 -627 -564 4 -257 -154 741 419 434 214 504 328 -222 68 42 -634 -116 54 99 404 -493 -242 -39] 4022.59
[372 -78 -128 109 387 -56 2 592 233 -163 -678 -148 87 -296 -803 348 155 -125 -393 46 156 -122 132 -182 253 -288 -261 -330 -446 -288 419 184 47 -434 -576 100 -512 903 -373 -316 274 -540 524 422 -513 303 332 672 51 426 75 229 146 401 166 -374 68 29 482 526 31 430 -391 -108 352 281 7 282 118 163 293 480 39 -477 140 134 528 449 24 90 131 155 -335 22 -62 -20 34 -124 38 -386 342 -250 -882 100 9 -276 -144 406 426 129 -557 -275 69 68 515 808 296 -195 -458 -288 62 81 -216 55 -62 90 309 327 237 154 -153] 3674.12
[-77 -618 -141 68 941 391 -471 155 536 91 -247 20 -76 -679 365 717 -249 485 -429 -356 -101 -490 392 -18 -255 -766 704 -135 -344 -45 55 -492 652 -55 -230 276 -549 260 -460 186 -246 227 -358 138 -658 231 871 421 264 1197 535 144 222 161 -528 242 96 -350 -284 -42 305 -151 -977 234 293 21 -40 326 353 -319 382 212 158 154 142 498 182 248 82 153 1109 583 -305 99 427 181 -292 -263 802 -193 -26 389 -710 484 -642 474 -633 574 647 -259 -107 10 537 535 -21 -367 848 75 -335 193 -944 394 -267 -62 -202 311 85 51 -925 197 -166] 4736.15
[-175 -65 -134 3 208 -20 199 -42 63 -73 -749 -490 -131 -204 -470 -49 87 468 646 553 -188 -163 -114 -297 -230 611 -31 557 118 -513 657 65 -582 -420 -644 -194 384 79 -664 -300 -499 -633 740 -8 75 337 -631 492 -229 -799 10 -463 395 118 604 -71 401 297 521 537 -202 424 225 -460 -245 -443 -338 -356 -93 414 430 338 -283 -545 -56 351 526 203 24 -555 -670 192 -427 41 401 -259 -551 -179 -407 -148 577 -668 20 -193 657 -157 720 -376 -112 -395 -592 20 728 54 991 565 -215 -424 60 -92 -100 -263 -335 -56 13 -1174 -265 341 -412 227 -62] 4491.72
[-709 246 123 -432 1 367 -291 658 -618 -258 872 517 -29 267 -320 -518 -273 281 -755 -497 298 450 170 -85 -406 -582 227 354 35 93 -293 -610 -179 867 -191 103 -217 -243 50 -169 41 -168 -257 -341 -267 -1035 -216 -214 -56 153 341 -325 -431 710 -308 -323 -167 -306 -264 40 15 127 -682 690 -89 183 510 -237 -544 302 78 201 251 773 -210 515 -467 183 -454 313 432 -28 165 312 -397 416 -294 -49 1216 -55 -455 532 182 74 -175 -75 -1156 628 77 -232 929 -573 -46 -166 -183 -235 53 -465 -215 20 600 580 11 391 -100 -453 238 -87 143 -268 -153] 4493.43
[326 -469 193 94 87 -148 -425 -420 -553 657 -368 -102 -193 167 345 155 -176 314 198 -88 -507 114 359 96 96 -187 -246 -442 479 -181 -82 -456 -517 375 210 -232 1168 -543 133 60 -488 -746 -445 403 -106 194 -795 -374 -340 -205 -321 -142 -32 -401 -61 192 529 423 461 -131 -350 -225 -385 -382 376 -745 -324 254 94 233 -638 352 -462 -451 -121 -318 -520 229 -179 -30 -326 453 -425 -431 67 141 4 -57 -154 715 97 -442 305 66 -440 14 479 104 -167 -281 -800 251 571 -298 89 -570 298 -52 -466 269 -116 319 -554 -627 524 99 128 -48 -191 124 -414] 4076.52
[132 290 351 309 90 357 368 -332 50 -806 190 -497 -245 236 251 -208 -462 61 -95 -317 -712 51 120 -504 82 -16 -268 65 567 369 470 -165 -96 752 486 794 258 -21 467 263 -826 -70 177 -513 -69 -413 -262 147 -494 295 -501 126 421 348 -234 166 -643 -49 902 -152 -215 354 -72 361 -464 131 -254 768 806 76 -277 -242 274 -321 605 -260 249 436 225 574 68 -205 110 -739 -16 38 -398 -85 693 -468 -486 -826 -672 -213 -274 -147 -999 378 722 34 264 283 653 -677 514 55 254 -653 742 145 624 29 -12 661 -320 171 121 271 -594 -596 -357] 4598.72
[240 -58 53 -110 99 -165 396 4 -104 308 -784 -659 -76 140 98 452 529 285 -121 216 -245 -802 -242 45 292 -285 -925 -693 -44 -19 354 517 121 -194 -2 -96 198 190 -493 305 223 275 418 317 318 -53 641 43 468 730 7 -418 98 -202 -289 -295 555 -91 861 -106 344 292 4 -517 583 -122 -91 732 68 983 -246 255 113 -901 -123 -302 313 -623 -319 -58 -652 -326 149 -317 -172 -212 356 261 -489 480 245 -214 -715 -327 -287 228 231 -522 -240 56 -768 -536 -491 -151 252 334 563 -455 424 151 -22 15 -7 -234 267 648 181 255 -106 254 134] 4214.35
[-189 1 104 -708 448 -160 -109 -110 -62 -534 880 260 172 -314 159 -574 -1084 79 -117 -474 356 461 -206 -343 -456 -174 990 789 -33 303 -373 -623 42 -432 101 623 -619 137 -162 473 507 -717 -195 415 60 -189 98 -27 22 585 394 409 -45 247 -18 -376 -597 -315 -282 322 -466 28 118 154 -264 -228 620 -87 522 -241 373 187 108 918 348 302 -104 270 56 227 1172 -15 -336 68 -23 291 -445 -115 -117 -990 22 -119 26 611 245 -50 -778 127 -50 -475 213 347 -77 267 -159 -75 55 582 -347 467 414 573 -253 -87 26 -173 300 432 525 -366 -663] 4451.24
[540 37 601 -136 -188 267 12 198 -319 -1089 -182 -236 -301 731 121 -621 -202 276 -572 -55 232 616 48 -336 -1023 -204 -473 431 222 149 -220 666 190 -36 -309 369 -215 439 189 -76 491 -1034 190 103 283 -247 -108 -422 99 586 -600 -288 -159 760 411 71 -742 126 711 -353 -533 297 -66 155 -440 125 815 830 -540 448 400 496 415 654 -237 262 -235 452 -165 53 868 -498 -300 248 -296 -255 -682 450 -463 -1122 105 -5 -214 -167 97 114 -265 -20 17 -270 -285 21 -128 -516 137 468 135 -756 -508 -281 660 377 -360 -217 261 -323 241 -86 494 -229 -498] 4682.17
[-134 -156 175 -291 11 -436 400 292 -245 -508 -729 -107 300 62 -421 -593 -1008 -52 167 -386 -559 243 368 21 55 590 -957 366 201 25 620 509 -581 -14 -708 -183 -556 549 308 -1162 -195 -432 432 258 382 -325 -400 1101 -79 -170 623 -251 -166 144 5 -385 711 -100 994 -210 -239 787 -396 740 216 364 -481 -218 760 -83 -246 -778 -415 76 839 -762 -15 -447 384 131 103 -286 255 -224 90 -541 799 -450 365 -203 -774 -33 12 261 -558 -326 -373 521 377 850 307 323 501 -570 575 -52 -380 -736 333 441 584 695 -190 141 306 99 148 369 35 98 -876] 5093.72
[566 -355 11 63 -141 315 -94 -262 36 573 -538 -295 230 18 36 -264 -55 -734 -99 299 166 -236 -530 -316 -412 568 344 -445 25 -234 -21 636 331 -146 756 502 -532 -224 -325 146 -171 77 301 43 120 -91 -196 618 316 -288 -100 313 162 -623 102 1178 -30 324 97 -341 -223 268 -324 -390 139 990 245 134 307 -233 -350 -709 -173 -250 -84 -258 600 -769 533 648 472 -273 109 -55 818 -72 4 -114 65 -109 -441 -67 407 -596 -242 475 210 -264 -421 659 182 197 2 460 -276 -436 -9 -65 -469 425 470 554 242 -319 74 530 -258 83 -343 102 686] 4191.52
[193 -89 425 342 32 -628 93 505 222 -113 184 193 97 -528 -35 -645 -31 702 -110 -374 331 43 -35 420 223 -190 685 -39 -939 -269 -39 -638 -103 160 -176 -232 -274 894 -488 -156 269 -383 262 572 -96 286 -275 427 -617 592 608 284 -443 235 49 -211 -249 -250 -230 352 -89 506 -412 1025 586 555 572 343 255 -265 -165 623 -23 237 165 -398 257 330 232 -210 -39 308 54 151 208 326 129 554 -411 -704 346 -491 -897 444 -132 -111 -765 -202 147 -240 -286 302 -305 -406 533 1026 388 737 172 21 -323 188 -615 -386 555 197 610 339 -165 -38 -611] 4482.75
[96 -842 679 -613 -408 423 -592 -127 -324 -202 956 584 -506 288 -33 -315 -1030 -139 -231 -518 -775 91 249 353 -234 -310 -391 337 353 -109 -574 -384 -815 442 177 981 297 -733 573 -246 -721 216 -547 -5 -27 74 142 -207 446 506 316 587 -496 545 322 -1175 -541 -500 361 88 -246 2 -310 488 117 -538 312 233 823 -513 -336 40 60 19 74 -169 -827 -381 -416 333 794 -151 -237 142 -15 432 -264 -369 441 -488 188 595 688 761 -453 -73 -1106 125 -283 -681 -633 657 -32 -102 294 -643 123 -138 -636 287 -37 -226 -384 -292 433 363 553 159 -290 68 -635] 5107.15
[583 219 0 344 29 534 460 255 -120 -588 995 63 12 -95 226 57 677 363 344 -70 -681 -175 -3 -140 336 71 -150 142 341 232 -351 -41 -339 521 487 207 204 -74 -37 194 -133 245 -14 416 -434 -148 279 -242 -142 611 -511 485 622 391 156 233 -244 37 520 -411 49 55 505 188 -388 204 24 991 -105 727 447 58 399 13 393 -681 -196 -167 84 224 102 168 -204 365 70 -442 -454 380 -582 -595 16 -115 -336 558 192 -11 222 -537 148 265 -354 251 259 154 30 226 292 296 183 -504 217 -385 -151 -345 -168 3 -258 -501 52 51 -268] 3815.16
[-20 479 146 23 -151 390 -147 580 -527 -52 685 -134 -168 179 -102 -381 -257 140 -429 -241 -59 -277 207 -142 599 93 -327 62 174 242 -308 -328 -193 853 289 -25 -265 -70 493 -67 -5 393 188 241 -508 -753 109 82 -280 268 -165 -226 547 670 -412 -722 98 -117 953 -282 -148 4 -124 243 -573 86 -178 866 307 487 279 216 73 -266 267 -613 356 -84 -349 -113 437 274 206 -98 -757 74 -370 -115 329 282 -355 -27 150 -319 50 -160 -601 342 775 508 -444 -273 173 210 -21 503 21 -28 130 186 885 -451 164 276 -144 294 47 123 154 520 -344] 3942.16
[-45 -126 -44 167 -271 309 -510 -299 263 -553 -491 -151 -294 445 459 631 920 -54 -351 554 -9 376 -97 60 -386 91 250 449 -235 -288 662 -20 534 -303 339 80 694 -292 -394 306 -151 -584 580 -400 118 174 -867 -691 -881 -458 -424 -656 -298 -76 435 608 -295 -209 -416 -97 -522 147 171 -712 31 -672 -470 -340 -467 13 -199 180 870 -13 -234 899 -145 511 422 -71 -937 144 -249 36 -81 -40 -208 450 -32 427 -119 -887 -270 -429 -583 -305 269 495 -297 -287 -444 -209 9 -88 116 801 38 367 -193 -187 -132 -19 -309 157 -158 28 -594 19 50 16 575] 4458.25
[200 303 -509 -39 371 -779 -267 606 -470 -101 -208 -497 230 164 -622 -597 264 -695 202 -188 -72 -336 148 538 414 -1 -126 -313 -102 919 -901 -231 293 -235 -232 -735 50 596 23 -816 375 353 393 138 16 -33 301 806 434 -59 -89 148 66 744 -204 -355 431 -117 342 635 588 -270 -593 246 650 -116 -186 -15 -73 110 -545 356 -348 406 -46 -629 109 -521 -887 -559 842 -153 931 -287 -21 143 113 124 250 -16 -54 406 -148 631 -136 43 -280 396 -445 546 26 -354 -916 -530 -357 -92 304 350 408 -564 -213 603 50 301 257 -543 374 -185 704 804 -913] 4756.66
[-423 3 -151 -241 363 -12 586 392 115 -92 676 143 434 410 -438 -32 246 -422 -311 -469 288 210 -79 77 191 -177 -84 679 334 -185 -90 90 -107 271 -468 -586 -209 169 47 -236 -377 -661 409 -201 -174 -204 -427 -543 574 -259 192 -22 31 398 -256 -465 -61 67 -115 372 353 489 -597 424 -192 506 1074 -441 -204 47 510 611 378 -111 -555 318 -173 162 -95 215 444 243 86 492 -61 -8 87 -549 409 -455 3 540 186 -97 -252 72 -881 185 -820 15 776 -531 -296 -698 26 -437 54 -984 214 -129 -332 203 145 796 -272 287 208 -39 398 182 -540] 4198.34
[-436 -372 3 -255 644 -479 -260 -624 740 715 38 -398 -79 -99 -72 441 -666 -497 -431 175 145 -33 41 -213 -415 -78 81 244 432 120 -412 -274 -381 73 -461 -112 595 58 -333 -102 -129 107 -345 -153 -429 434 0 533 -14 -98 418 -275 252 -713 421 166 -82 -354 91 22 344 -593 11 24 -253 107 -162 48 918 -91 -390 -33 -47 -501 -156 -393 788 115 -416 -414 376 989 -685 -116 897 248 111 -534 -121 228 -552 345 591 38 173 435 75 511 -613 130 -339 98 773 -590 -864 -961 460 -792 135 636 -1296 -81 -200 199 56 646 17 -214 249 408 -107] 4626.36
[926 510 52 672 -196 -76 -624 -113 477 -722 438 -270 -481 408 364 -71 42 269 -252 -270 118 -27 512 -434 446 617 -566 473 411 576 55 -58 -66 459 -407 -401 789 291 -316 -247 296 -396 400 1387 448 436 -8 -896 -705 -119 -620 626 470 702 -150 203 324 -234 133 -494 178 113 211 126 -287 -924 -561 1013 -488 471 809 152 511 389 617 -553 -122 -91 407 -562 150 201 -320 -293 -36 -445 -131 428 -659 572 57 -886 -531 1039 53 -55 472 -127 -58 132 -902 556 469 -419 324 399 268 293 491 81 64 -142 466 -120 -113 480 -397 -558 -750 -459 -776] 5174.26
[512 649 102 -60 51 -692 -278 -133 -151 -929 -246 109 -410 -193 -533 -315 479 218 -235 -707 748 117 157 -270 232 -600 -735 -400 -964 292 627 -694 197 798 499 530 -829 761 -242 423 730 -639 525 -169 -126 406 -37 329 -282 675 143 -112 40 531 -147 -151 165 331 -313 1115 154 -226 -44 712 850 143 -504 25 678 -193 -790 558 -143 235 124 -212 344 -277 -301 114 513 -96 -276 -1260 -416 347 -22 171 1083 554 -565 -308 190 1110 202 -718 -493 407 407 129 70 -111 -296 427 86 53 -738 -275 -172 -388 334 939 99 -236 757 431 402 30 93 323 355] 5223.02
[505 64 -116 -63 546 -622 -172 -295 -563 896 80 -632 -325 82 109 -514 36 -270 22 -559 191 -83 280 217 394 189 -747 -245 344 199 -773 475 27 221 423 -30 243 -289 602 255 282 402 0 289 657 -645 44 -868 377 -388 -551 610 -411 -252 145 593 546 305 99 -431 -120 -79 -891 13 73 -96 -84 -201 -239 18 -294 -67 -487 471 240 -233 -16 -250 -129 64 1275 -1125 182 -203 608 -201 -98 -498 451 20 267 145 94 435 -993 267 25 -69 -632 863 205 -131 -20 120 -852 -852 708 394 -16 287 295 153 316 19 -4 824 630 -163 -45 -146 -272] 4681.31
[596 -718 -55 -431 -507 388 -378 -15 156 -390 -467 344 -14 -196 -139 579 -1398 -202 -608 138 -243 -309 231 15 -670 346 124 147 498 -252 266 1226 281 -838 -18 779 -875 163 -311 450 564 -58 991 -131 -42 359 801 344 1149 21 -541 -43 137 -800 294 134 -193 103 29 -37 -440 562 353 -487 -92 273 560 -99 188 -387 998 -887 416 14 -565 8 337 -395 940 -11 243 -443 644 870 548 -497 484 -268 179 13 -27 90 -140 195 -250 24 342 279 267 235 -756 -14 10 660 679 202 -580 126 -119 40 -428 -251 351 -227 -11 300 -486 249 -542 -1 484] 5058.46
[-110 780 -448 70 372 -426 -547 266 -1025 326 -147 -577 75 124 102 -663 461 -131 -638 -124 -52 -171 -225 -321 344 139 143 -139 -346 -229 181 -963 434 267 -369 78 -87 10 -832 -77 804 -392 269 649 -271 -330 113 44 -387 1114 305 128 -30 344 401 -605 151 -327 99 616 -676 21 220 185 243 223 -536 694 272 741 447 617 -282 -411 449 271 311 0 -219 -548 -24 -437 448 304 203 -466 -636 38 -153 244 -118 -599 -459 -333 -97 -468 -104 -564 2 -87 -423 -266 -297 203 356 961 631 -29 -285 -86 583 489 -720 377 78 141 618 764 640 -131 -41] 4644.01
[-390 140 -132 -888 141 146 145 -457 -340 -747 666 -222 -75 336 -292 -235 -657 -431 254 -149 -643 66 60 -186 61 25 85 517 393 -471 -117 -327 -1555 -260 -609 756 517 -1431 248 -349 -826 227 -458 -584 -75 -1007 305 -48 769 -188 794 25 6 151 1094 -2 299 116 384 17 -819 48 302 65 -258 -432 -224 -500 122 -149 -61 -722 -237 143 629 153 -766 196 -346 359 987 -529 -416 56 836 -14 -694 -354 223 -414 -27 -40 681 -5 451 -544 239 124 -789 -888 151 705 741 -405 -154 -718 -289 -428 -176 -95 238 37 -143 569 -360 -921 -211 -176 366 -464 -358] 5323.14
[-992 84 860 -181 317 530 -571 507 133 424 -123 457 -324 31 -274 -564 -977 467 -127 -172 -216 374 590 -47 396 -266 -278 -522 -313 -115 294 -914 -383 267 245 362 87 610 424 447 -313 -121 -242 816 -16 405 -899 318 -351 358 -8 280 6 -19 -745 -793 236 -295 -413 897 -103 166 -175 -69 275 -1192 431 48 341 -94 -62 588 65 -921 -455 -791 -138 309 -236 -399 -325 409 -314 -314 -1046 1118 595 32 -70 204 743 -692 8 386 591 -453 -540 632 468 -480 -1185 -8 -193 -16 883 149 -214 323 -568 -281 -397 -51 -643 -641 -104 318 513 537 -212 -105 -586] 5282.59
[451 243 618 73 -496 -628 -428 -33 -86 316 -340 22 -481 -62 102 -787 -449 -318 -361 869 1164 1098 -38 -302 253 -110 -951 746 536 -407 -246 1065 25 -574 -70 -629 -148 535 -78 -623 579 -618 106 -247 986 -42 -299 -415 -211 -288 -394 -903 -23 -411 -21 70 399 349 171 678 41 -420 71 -257 -501 -148 615 -601 -413 243 428 -216 -297 -61 -1137 -232 13 576 480 -349 -175 -309 -142 222 255 -729 -517 -680 -473 -392 182 791 1169 125 610 1067 1329 34 839 1110 -786 -690 -22 370 -285 393 25 589 -113 -195 340 -270 -245 49 206 -2 -498 22 448 66 43] 5540.88
[-568 -257 244 -193 52 1115 -594 590 -486 -64 319 114 495 334 617 -94 -180 283 -155 -417 -189 240 -500 688 -750 -329 760 701 -323 49 321 -475 339 206 954 357 60 -415 186 15 -369 241 -316 934 -46 -1525 -116 -164 124 66 289 457 -459 684 -50 303 153 251 -729 -902 -266 56 -57 699 -449 115 501 154 -654 -673 -109 125 1167 836 -104 -186 135 -113 -237 -389 382 377 35 337 195 347 2 -37 469 351 -444 -413 50 -48 213 84 -360 835 -495 -580 410 373 449 205 -369 -424 344 -545 -26 281 -104 649 69 -147 525 48 -614 -553 -1255 -480 -420] 5109.02
[229 251 -448 528 669 -686 338 150 158 94 530 2 443 358 67 30 394 469 787 -866 -276 -433 -794 528 758 -300 -289 -419 280 -95 -410 -245 -64 89 -944 -1463 -48 316 -35 -68 -375 -26 -597 564 -411 130 -15 64 341 -126 636 525 -162 351 127 42 394 309 -263 -556 423 115 -504 519 -6 746 -605 -867 198 -154 387 1341 -331 152 947 227 -2 -317 -117 455 472 285 -421 -327 270 179 -484 -663 -430 367 191 225 218 -206 -97 -596 162 -935 -685 -378 1132 -478 43 -45 -215 -138 76 -240 117 880 416 337 -321 -119 -358 130 516 -490 321 263 -677] 5086.96
[790 -578 472 -140 -472 334 -90 -546 844 -1096 1025 345 -326 582 -545 600 -757 -52 -734 38 -349 1 78 -49 -496 -205 -651 -830 297 36 -431 526 -39 55 -10 1224 -178 114 126 -12 -314 156 253 -129 233 -163 627 133 -152 651 -617 507 -8 370 -52 746 -993 260 867 -554 -569 327 -479 266 341 579 256 734 244 -55 -162 -601 149 -487 399 -763 -43 -650 152 888 514 -345 -994 -1138 -173 -184 -362 -183 -333 -497 291 -96 -322 352 -5 -220 -681 464 436 3 -695 851 -275 -211 69 125 -35 33 -713 3 417 -643 -419 -447 608 295 21 -769 47 134 55] 5313.66
[-402 -20 -363 82 142 -309 -7 -1120 -719 244 1244 491 -119 -357 9 284 -26 -913 -1119 508 -220 -103 127 446 -525 -160 -371 -505 14 651 -946 -797 634 403 -199 -296 746 -251 194 -719 37 354 -535 -533 -557 71 70 44 -376 -328 112 825 -773 -87 290 -911 -43 -697 -501 774 502 -753 413 204 995 -260 -164 -106 91 -7 -319 220 -28 -220 -275 400 -74 376 -881 394 -338 -151 -45 301 393 284 -803 -178 -248 131 290 698 -940 97 463 -89 -607 -29 -8 -391 286 -4 -816 -593 -283 -93 456 -266 -397 -136 340 -291 -95 -16 -478 -448 939 -162 923 -76 -475] 5249.63
[80 182 549 -175 -424 -45 -167 -234 1113 -574 -32 -421 -1128 -4 374 -560 571 279 736 -190 213 -233 -1358 -261 491 1185 -897 1272 326 -438 -8 509 -196 -179 -254 317 -104 592 -152 421 -500 577 -7 83 797 399 205 -137 201 -231 451 551 -364 -830 507 53 -110 -901 -270 396 91 127 733 405 -750 273 -76 -574 466 -160 180 -403 474 555 719 -202 679 -1100 478 -822 164 -394 304 390 345 233 372 -610 -762 -1303 -209 -51 907 961 -266 170 649 -968 -532 339 -26 -226 -207 510 119 285 -99 83 500 59 144 -261 3 -670 -209 438 -334 -390 -819 26 26] 5654.44
[761 -335 -9 92 -621 278 197 -83 286 -427 -10 -7 -192 441 515 652 248 692 157 -272 69 671 423 279 25 117 -843 -501 331 -200 661 479 953 267 -234 -787 78 271 502 -622 911 -249 12 -93 584 700 -552 -54 -270 -373 -235 -351 240 -391 -455 -320 -435 658 666 -57 -248 281 -33 -112 -24 376 156 265 -75 -148 399 363 178 198 -167 332 59 -576 474 142 -1254 -701 -133 -534 -783 -406 277 -561 -161 267 -54 670 -71 -336 -309 -135 310 64 413 152 5 215 14 -122 722 -58 -326 -941 -578 402 469 160 113 -698 29 -78 193 -113 -144 901 -33] 4663.29
[-370 -90 -242 -39 -4 524 427 599 -644 519 430 234 1214 405 -424 42 -608 -937 -427 -727 -248 237 699 440 -359 450 -138 -80 138 652 -49 424 -78 -554 201 380 -365 571 378 -954 313 65 120 619 -358 -286 -358 319 -100 -393 31 -241 117 113 229 -255 -553 -49 289 -414 -155 517 168 0 -51 397 -415 -168 250 -176 -117 -205 -201 -182 69 -424 -258 120 -170 375 -505 -72 -719 416 -686 -229 362 134 -101 326 -247 166 128 451 -896 -645 -464 422 -14 1144 353 605 531 -241 -310 -112 -313 341 -368 181 35 -649 -25 474 340 371 620 -61 1011 478 82] 4643.28
[-275 289 77 123 154 -251 1100 -575 283 190 392 251 245 -341 -183 -582 173 -171 1232 846 341 834 120 -898 -220 -10 -321 674 -184 -43 478 -150 -53 -433 332 194 236 -344 638 173 414 -82 -893 38 691 509 -279 -155 -697 119 128 -84 621 -101 397 -882 -559 -212 661 110 -113 -245 1613 -236 -931 -412 -502 -452 763 -274 251 93 -498 93 402 532 -37 786 -27 403 -392 -1079 -338 -139 18 -296 -423 -107 -415 -562 451 -91 179 -999 1569 280 -271 -811 356 -769 -403 947 508 -37 -137 -180 -156 191 17 653 295 -452 277 -34 -386 -83 511 827 1159 -315 -306] 5628.57
[74 514 132 164 -539 294 -900 300 -625 -174 420 1239 -141 485 -163 -1 -334 -671 -826 33 561 -30 -200 1069 -42 -108 -677 -553 526 -481 373 619 -481 -239 -175 105 210 -234 -459 79 1362 308 297 -122 -377 -790 45 -241 1050 -127 -160 -187 128 134 517 -970 273 445 192 39 175 422 750 131 39 399 555 -438 -422 1126 83 -164 13 230 -715 67 -208 -181 -274 632 -717 -995 -361 729 702 279 875 -111 -290 273 410 301 128 -415 409 -926 789 438 133 65 -791 -787 -718 39 705 167 -556 -692 -915 -986 1276 -105 756 -596 109 175 501 69 1172 -296 466] 5854.13
[-529 1095 440 5 -754 70 377 100 -520 -277 568 621 366 258 347 215 144 870 420 -53 -552 230 -879 512 309 -226 51 -524 12 10 585 -356 337 241 -203 518 -368 192 1 1092 350 101 -31 487 959 -280 287 -890 303 865 -49 -596 29 522 -232 -278 -122 404 -122 -84 -221 713 169 1362 -228 -194 223 -181 -307 418 691 109 34 -554 -547 -297 -3 -382 -35 -163 -293 -657 -175 -655 110 -529 42 -285 -182 612 233 -138 343 -481 357 -907 175 -333 188 -158 -80 -284 -935 681 304 -248 -207 -178 -152 -25 -162 305 -1038 5 629 385 152 486 -20 401 24] 4936.35
[-566 265 -10 -548 435 -1252 770 -618 -143 -63 -298 147 -158 -626 225 -284 -546 -103 613 -398 -172 -116 243 380 134 -157 340 -96 739 521 -105 -1041 -99 -950 568 518 -254 208 922 695 -442 -363 -469 846 -632 -375 30 699 -2 180 -278 748 -218 -463 -640 -472 23 689 -42 -527 -357 -167 1180 -488 -401 48 -1020 55 478 -1304 -368 891 -775 420 466 -326 173 -422 -330 -642 70 434 752 131 -389 150 899 -477 -481 426 -489 -1259 -57 532 -7 -415 247 399 259 -226 -682 -463 0 181 417 -195 206 -35 494 337 -507 135 -137 -8 575 -85 657 -222 645 -300 -229] 5525
[-817 -139 -359 790 -711 123 301 15 -136 433 172 725 703 -132 -891 -93 162 -775 -106 415 610 -584 -158 382 -945 471 -16 173 204 288 -522 162 251 -305 -145 -855 259 200 -525 77 234 -350 1226 -247 -649 517 -28 -139 -217 -353 -866 -891 393 412 -496 -327 -2 -699 282 109 714 -226 738 345 198 517 611 -236 -257 842 525 445 146 -333 -884 98 877 708 -495 -382 -217 356 797 373 100 193 347 49 -152 530 38 -70 -293 -768 530 93 -1133 -124 126 359 -462 -621 -473 -685 198 739 -617 -732 1123 -544 -844 -457 553 321 327 -399 28 46 670 69 -438] 5507.73
[523 -291 99 -345 -396 -464 249 -1166 -217 284 -219 -442 -272 -321 14 216 476 -890 320 8 -127 229 315 -225 -306 -350 82 -492 -381 489 -124 250 346 475 -26 31 458 -600 -454 -660 24 -327 -165 621 446 893 813 -719 20 -257 95 531 -417 -266 277 -552 -137 239 216 -623 302 -241 -755 56 218 -390 14 958 -20 -802 -480 221 -466 54 -404 117 -31 -342 219 -103 200 -397 747 -325 689 -412 -163 -612 114 206 -468 512 41 629 -141 796 9 -564 -326 -229 103 531 246 -125 -808 -1589 241 -643 -538 823 -629 940 981 -68 595 586 390 -25 -779 107 140] 5188.08
[-214 581 346 -368 -63 508 283 -383 -434 -455 -69 -724 -46 281 387 -1030 60 -331 -92 515 231 -715 -528 -88 -291 247 -337 397 -405 -107 593 685 46 -739 -101 965 -529 382 -853 -112 315 462 -309 -363 379 -772 -190 694 286 486 455 -755 688 -15 -181 613 -606 -495 124 266 -780 -72 255 -4 68 570 511 -479 235 -191 -576 399 -34 120 -66 801 830 -737 -103 577 226 -1228 -453 -66 712 807 -496 -407 -542 -826 196 250 -116 -693 -88 -233 389 -633 -705 -596 529 -222 125 796 -357 2 258 49 -50 580 1119 492 -624 53 -158 -371 -510 300 375 806 856] 5408.58
[215 -260 13 -769 532 141 -418 595 -557 -93 605 347 -32 -516 -885 549 100 480 -322 -488 -489 531 -91 126 -842 -55 375 -713 -551 310 -312 -97 212 1331 314 330 278 -516 31 452 -254 -190 -23 -242 -40 14 274 155 156 460 -14 198 -1386 -7 269 180 362 -258 -218 -488 -160 279 -824 676 820 548 433 -259 -451 676 314 -80 179 50 588 237 30 313 -150 207 489 -466 239 216 383 -136 -414 87 1176 -210 166 -45 -1439 330 -357 -116 -976 482 196 -559 547 -292 -361 178 -146 393 138 -388 -1290 -532 -2 364 -409 10 -489 -451 155 624 -680 -704 -178] 5228.89
[401 -86 92 919 -72 531 -235 551 141 386 37 343 212 94 166 973 408 138 336 -244 -343 -360 -287 -108 851 34 -193 320 -188 394 462 6 339 785 413 241 478 2 504 -473 -156 1107 -534 -536 -87 125 4 174 -294 36 189 -68 187 470 -355 -327 -673 -83 238 454 346 -184 -2 190 -601 607 -245 -75 -354 183 -60 -554 118 34 463 -364 434 -79 -45 81 -1329 118 3 -463 -687 -123 414 26 437 -48 165 596 -150 606 -430 508 -847 -96 810 -256 957 199 353 -196 170 208 -119 298 438 -607 325 -1207 492 870 382 177 -383 -18 -1290 41 653] 4918.77
[-419 -56 414 -593 -1021 -380 -516 -745 86 275 -59 -791 -438 -76 455 -1159 61 -289 69 -122 572 682 205 313 -45 870 180 -431 111 -96 -85 -55 151 647 857 -24 529 -604 518 373 -258 -81 421 -105 465 63 -767 -445 119 -382 -135 -139 -436 -624 -581 -127 923 81 -360 195 277 -172 297 -126 493 44 1026 325 -154 -446 123 483 -404 -820 -346 -113 70 2 44 -649 523 -427 1020 -318 487 84 -279 -307 339 184 554 112 -118 -269 -607 146 476 -93 -444 106 -1343 -330 -924 -94 293 464 -85 29 -296 -557 -652 -27 -125 362 -253 721 83 825 -794 40 127] 5072.29
[-461 294 -215 -42 -97 -420 203 -502 -332 63 -429 484 -460 -41 52 -481 -1581 -270 615 27 -1084 363 358 -516 -738 297 -119 -146 367 -277 -354 422 -578 591 -1465 835 -178 -344 154 -549 656 -63 -418 245 28 -34 375 581 277 427 988 627 34 299 465 -384 -384 -593 362 21 62 -481 -571 535 211 -139 388 -316 248 -111 113 -1102 -896 154 255 -149 -181 435 230 455 1504 -275 523 453 495 3 320 -579 -521 -838 331 989 105 801 -193 533 -410 -413 846 -424 168 242 600 -52 288 -661 119 -156 -247 435 428 816 -1 -57 -92 -665 183 348 15 -307 -708] 5517.63
[164 79 -443 219 187 -1129 6 -457 -5 256 198 -983 -7 594 347 -947 -109 408 -393 -476 -30 429 340 -757 390 -546 -706 -211 -110 662 -606 -183 650 396 602 174 674 638 -657 369 1012 -69 666 -317 113 -295 -205 5 -599 417 -368 409 767 -827 -380 305 -43 -681 170 894 -206 -334 -202 -531 373 257 -400 397 900 176 -388 -709 224 -77 652 -806 410 -320 -178 -531 -79 -904 189 -428 16 -17 -384 72 -44 -570 52 -218 -1123 412 -356 -72 185 0 -334 605 -82 162 -375 -364 -126 490 227 723 625 -286 228 870 146 174 2 462 349 318 595 -190 -186] 5143.46
[249 380 161 423 -657 660 570 -5 -318 -36 -23 179 -263 -382 726 -1057 -42 328 629 -915 -557 -524 -21 80 105 -986 -197 877 -396 -108 562 543 113 583 -18 -280 24 212 -232 71 -427 -329 -582 -600 244 415 -297 -1083 20 10 124 -461 589 23 159 30 -366 -912 303 73 -115 -438 364 953 147 -479 -452 166 498 -325 -328 -69 222 136 210 -90 -639 470 1101 -67 -244 -365 379 -256 270 99 -237 -170 534 -151 -495 -27 -379 780 2 365 -1004 -279 57 -489 699 674 544 -291 566 25 354 -180 1091 746 -433 690 130 -112 -369 240 500 197 -938 -127 -728] 5141.29
[-270 389 -90 100 -1117 792 439 58 -725 -443 110 -34 -70 -157 27 6 368 -186 55 685 -894 -144 -538 21 332 62 -722 -193 483 -171 -222 -56 522 -342 946 848 -473 -228 -33 57 101 874 388 75 -5 -464 979 517 415 479 -662 186 236 444 354 -730 -181 -492 668 292 84 85 1132 324 89 -356 -268 720 -305 137 -53 -771 555 -212 -328 -332 -273 -1046 124 313 -903 -507 1333 -45 744 -627 442 243 918 517 -734 -147 164 -103 363 -50 13 -602 -114 603 -737 -35 -215 584 661 -15 414 427 676 93 293 150 -470 -37 -304 -172 -390 90 -291 191 156] 5228.08
[520 -673 134 195 -289 -204 -512 189 582 -562 -740 376 -387 280 -569 123 294 791 -395 -128 318 295 -39 -209 -9 -277 -327 110 -280 -393 215 332 306 -174 -173 -611 -84 154 -277 -75 -456 14 745 -473 758 516 210 -479 -238 -684 -501 7 -363 -333 228 -20 -274 210 -389 -360 -169 -40 -4 -286 -24 22 -788 -373 227 -451 175 1359 -83 348 -116 -58 203 -161 189 -800 -385 256 11 -520 223 -291 145 85 133 381 -96 -567 71 -479 -7 -943 623 -187 -575 317 351 594 180 -156 228 53 -167 -348 353 861 -1008 -216 94 170 406 127 -81 161 -474 -371 876] 4481.73
[92 -1187 273 -966 133 -205 1034 236 810 591 -787 354 -540 -505 -108 377 -232 -88 -195 432 202 561 -232 -829 -319 -414 452 -28 -133 -444 -384 336 395 134 -401 -25 -816 201 627 283 -261 -142 464 -860 -121 346 405 102 300 -53 381 1136 -564 -756 287 -460 150 105 107 -39 -261 622 -406 -1235 -141 368 697 -245 143 -822 877 -65 -426 -323 -10 -217 395 312 947 -173 -67 -568 427 658 -400 -491 -202 -151 129 -871 -69 688 -106 -884 294 642 -52 -430 264 -1 1116 45 -437 536 428 324 -234 -776 -573 40 -535 -70 -33 479 -203 114 288 351 -50 -200 92] 5281.42
[698 -560 -168 35 -82 1209 -857 507 473 -592 465 -628 -389 -109 -510 -572 1413 155 -78 204 894 -10 587 439 -258 -366 -98 42 -1324 -449 -279 342 566 220 987 -134 -252 -725 459 -366 -28 602 282 -821 212 -361 217 89 -372 56 -539 526 84 176 585 142 -453 -37 63 -395 -397 -510 -343 -157 74 510 -78 338 156 -749 -271 402 1033 938 432 321 66 63 321 -625 920 -468 314 -106 -670 1108 -657 -66 670 -30 167 -120 52 -590 224 -474 -443 1117 -498 425 -166 481 -249 489 -510 987 -489 301 -261 -354 323 150 711 -129 -906 73 -287 -734 -325 296 -170] 5614.97
[229 -569 -15 -352 782 758 -222 392 -1028 97 446 1177 -438 -185 322 1001 -75 1294 -988 -596 -618 -641 1078 475 -367 -343 -496 -38 -462 -29 22 -331 -93 530 551 -601 526 -1095 791 554 686 608 -34 -599 -758 -43 -176 35 515 49 -597 -428 -144 101 0 -317 839 -418 189 -529 -79 -433 479 -123 564 -894 -398 245 299 1283 -293 548 814 340 -47 -338 -497 134 -376 113 -27 826 -466 289 -774 193 281 620 839 797 -316 -188 -491 137 76 -570 -108 863 193 -22 -289 -258 171 7 350 105 -211 -909 44 -99 94 -253 34 -1186 -463 -270 208 198 362 -14 -459] 5721.15
[300 -584 399 -317 -105 193 126 -23 -28 -33 537 -99 349 -820 -366 -498 481 -19 -323 443 -49 386 -185 253 -272 -391 -531 282 -152 -130 -325 729 -339 -24 1750 54 -208 -395 -125 230 -429 102 79 -114 -434 -757 282 202 498 -188 -353 -275 225 -1052 -334 387 92 -127 290 -518 -502 -488 314 -230 -289 499 969 40 514 92 -1015 -768 815 267 -20 -334 506 -254 295 343 -343 415 39 378 185 450 1106 104 40 -237 344 -146 -293 274 175 1164 425 395 -268 233 -135 268 -18 206 -828 -49 -108 874 402 473 199 -206 1149 -595 -86 779 -640 155 82 4 317] 5028.64
[368 -406 -475 -359 339 -444 563 -388 933 -59 -874 -166 147 -247 -271 154 870 -150 323 71 545 -478 -164 -366 -172 -717 192 -518 -758 -979 763 267 768 -850 -68 -489 -286 -117 -636 464 -113 -552 354 -362 -44 564 1294 348 19 865 453 270 -127 -889 106 879 698 463 -647 -284 -475 -313 268 -657 694 717 250 -87 -39 -729 236 -20 -107 -158 316 1056 447 508 6 -185 324 -953 88 -35 230 -385 -703 162 -115 -523 -196 -104 -637 -745 480 685 971 -875 225 -352 339 257 110 328 -201 49 148 -477 141 167 -359 264 360 -28 -197 -742 226 -378 -156 -456 555] 5367.53
[-531 133 279 -28 127 -69 -751 -140 -305 -217 409 -96 351 403 502 -33 222 1224 503 -80 -144 243 -231 252 614 -454 56 -17 -385 22 109 -41 317 224 510 -264 576 -794 453 859 650 307 300 26 662 -83 113 -879 -264 -208 -263 491 -410 543 -132 -380 -218 177 -1207 334 -17 -416 269 119 -355 -1092 -107 313 -439 163 529 506 933 69 533 39 163 34 -168 -857 -248 846 -626 -896 -545 309 96 45 36 629 579 -764 -15 176 75 -521 3 -380 -926 -246 602 150 -143 54 -281 127 -205 551 398 37 -131 -495 -363 143 43 327 -529 15 -195 -324 1] 4787.57
[-624 -313 169 -599 75 -132 1041 -262 674 -515 474 -457 546 -241 -68 373 -654 -609 94 -512 385 813 -203 41 -731 -668 1151 653 -97 797 -274 153 424 -23 -318 201 347 547 -165 598 -69 -1065 698 -17 -147 508 9 -436 89 36 -510 -570 -515 -2 -122 709 -733 67 -195 -125 17 738 -39 184 113 -240 1092 531 -558 -457 -151 266 541 -666 -220 240 593 568 456 -407 -546 622 -445 -453 -569 -60 -793 -387 38 449 -416 -306 -709 698 -729 159 -1182 734 205 -519 539 93 303 -567 -208 409 159 -443 -95 179 -687 428 -153 643 386 219 -251 -569 -149 537 -688] 5387.64
[-76 441 -227 233 1266 -410 243 -162 -159 -705 -116 -891 400 239 -170 -86 487 334 -633 -335 -369 -234 377 112 518 -401 165 -409 -28 419 -156 -61 442 289 -477 -851 -609 421 -712 -250 641 -101 -141 389 -626 -823 336 243 -136 698 123 139 -214 245 16 822 988 150 53 -42 -217 -473 -1125 55 747 -38 -96 612 -624 386 -478 162 176 129 532 78 -168 -494 315 401 440 106 242 -565 288 -428 -65 369 -145 -305 -219 81 -119 321 -223 -468 126 71 -254 637 274 93 308 -37 -924 -256 803 -397 194 483 53 920 -350 238 224 6 3 -583 192 107 425] 4720.91
[887 -453 392 245 -113 -433 479 -409 -143 -1240 186 -492 -93 352 -56 602 -971 -674 61 -542 -324 359 118 990 712 -488 -301 -177 492 -464 483 81 -210 -239 -261 -265 478 452 1322 -181 -401 -375 -965 -303 -412 168 662 -466 763 343 199 613 -329 49 206 -852 -277 469 326 506 -610 242 22 503 -70 20 455 635 -280 -1062 -634 -14 -96 -258 -208 92 -178 304 -532 212 -168 358 184 -729 583 138 484 -719 401 -182 512 171 -924 748 -949 34 -728 311 147 -1496 43 202 -23 -788 301 -779 500 -475 -559 -118 129 -223 -387 -431 541 704 332 -183 -182 954 -641] 5635.94
[-229 -186 -107 457 -37 -117 -526 -231 294 -238 -323 -127 -906 118 87 350 -119 144 -283 67 -30 161 -56 -699 -1047 181 -405 79 291 585 -585 -493 -145 -30 83 -81 530 82 -608 -92 384 331 -74 -742 -326 3 -619 384 -172 348 -539 -473 -170 -652 313 1737 63 -1018 -271 -233 154 -484 644 -548 10 295 -597 250 -338 575 -67 386 274 667 173 176 31 -128 -51 220 271 -650 562 -178 610 -671 -454 285 -118 -40 -486 77 -480 241 -568 395 300 209 376 -186 -1235 -689 527 -671 -1032 510 404 966 -460 116 -640 648 189 -328 -401 -304 -157 -432 286 -303 113] 5039.42
[-195 215 279 34 432 189 866 -15 -250 5 516 -2 -77 -300 309 -220 -54 -111 -411 -715 -241 -920 360 274 -125 154 92 109 -300 -179 -4 -267 -33 230 -540 193 -198 902 253 954 76 3 628 -516 -1135 -177 589 -600 153 747 795 597 -314 41 527 -723 6 -510 -286 31 -164 623 313 265 338 51 657 105 407 -172 424 24 -129 -11 393 -28 76 868 300 -15 439 -217 -271 760 -365 312 -89 676 -178 -804 404 188 -1638 -53 -859 -446 -861 -352 233 -396 735 194 -601 -434 398 701 530 -103 79 -448 -161 -931 -25 170 -556 591 1249 70 541 190 -399] 5204.71
[-191 -329 207 -110 187 -218 116 -545 403 -445 -156 418 45 191 310 -39 222 446 -176 428 70 274 432 50 -485 77 0 149 -252 -353 126 630 606 -224 -376 -593 341 -310 -996 -92 -218 -610 630 -121 615 -321 -579 -574 -574 -340 182 113 -165 222 -277 485 165 -178 -1017 -1514 521 677 -169 -328 -323 463 200 -644 125 554 1015 623 759 -40 645 186 141 455 -33 -470 146 287 -613 505 605 -141 16 60 -845 -377 375 -362 -1689 -510 -8 129 101 -449 -241 -1020 445 -50 -267 -89 362 405 -426 -259 -690 -585 -744 -252 -273 -238 -307 468 -474 270 109 -547 258] 5116.34
[-381 -103 100 -427 -783 -109 -420 -575 83 172 470 855 -468 -288 -393 -747 -290 -664 -431 982 -349 820 923 -696 -1209 902 -221 438 222 -301 37 -468 -807 1071 -580 -453 1338 -1185 -405 -949 378 -365 -64 -66 311 388 -1201 387 -1695 -1261 -125 -176 -678 -168 556 99 52 -597 -307 -242 13 -166 668 -219 107 -177 175 -320 -394 688 91 -535 7 468 -116 474 -270 476 -220 163 -363 572 622 905 544 -164 -396 311 155 85 -858 546 554 270 82 287 122 -394 -166 -140 644 -302 372 -563 334 -511 -508 -502 -5 147 648 743 -143 -247 -619 -180 10 229 395 -549 530] 5940.3
[91 -680 -1050 -84 216 179 -533 162 558 81 -687 -126 -374 408 310 735 411 -369 -366 463 -173 338 -569 -394 -209 -13 -1 5 459 -701 521 -394 571 -511 -539 -257 -422 -75 -653 -35 -136 568 636 222 372 -1 555 706 185 293 409 807 331 526 386 -153 330 -127 -300 90 312 -193 227 -1026 -607 78 -371 -56 355 26 883 724 381 -959 -106 56 650 -280 -77 -327 70 -252 -219 -676 466 -1445 -433 -791 19 448 26 213 91 -163 341 526 1180 631 63 331 -164 -353 -516 414 336 97 805 -959 -83 10 -91 4 -438 911 -258 336 -227 -307 63 -112 259] 5104.46
[189 299 -152 -400 -179 287 786 -169 -78 -450 249 292 -335 10 -422 -592 -899 -92 184 278 -510 -79 -334 -772 -588 121 -16 208 359 171 -214 555 -37 -458 -19 843 -835 136 -392 289 -827 -83 -92 -222 121 6 250 584 241 -207 553 188 228 -47 392 83 -360 -379 -7 7 85 301 324 -796 -264 -447 153 -574 462 -235 236 -329 386 265 183 -257 801 -70 136 487 870 -556 -720 -358 567 -83 -653 204 -532 -962 431 -667 -406 364 1475 184 -393 -164 29 -891 79 626 388 170 223 86 -50 -152 -284 1015 406 120 192 42 -932 -1229 321 688 -209 -446 -376] 5012.69
[873 215 36 1077 -275 -293 151 97 -598 -507 -604 -706 -11 877 -289 185 1466 -350 103 136 92 -11 -76 -156 -276 159 -506 -262 254 656 212 385 -318 528 -184 -19 733 -596 359 -343 -249 -847 -68 -390 43 61 -270 57 114 -70 -876 806 34 1162 236 521 -83 314 603 485 344 -281 -274 -368 138 -565 -389 1112 -185 226 -1307 33 536 -184 336 393 -355 27 -616 149 173 183 -710 -455 -666 96 -175 1114 -418 140 33 -1312 169 -262 -84 230 266 27 -306 -313 -166 177 283 -435 -230 -148 -352 -1192 -42 -754 536 757 454 439 574 -799 -486 -337 253 -472 -272] 5450.47
[-574 568 -4 -624 159 403 569 -863 -98 -739 -106 -785 250 89 -485 -252 814 -335 722 78 230 692 929 662 -60 1121 84 170 -84 225 525 615 -384 -1106 1056 369 -27 -399 214 -183 -769 -302 813 190 272 -152 99 -767 315 -924 -506 -728 -101 -320 560 220 305 828 -158 -1150 -626 369 962 -382 -157 -176 -199 -1390 -323 -826 -22 -473 2 56 390 504 -348 341 276 -340 -803 139 252 101 118 27 825 -319 -472 -6 -141 -1176 -50 -96 -106 -941 800 131 -631 83 493 768 -204 208 436 94 -302 -191 245 -392 -489 -599 -103 -165 -322 -506 -341 -412 255 249 435] 5650.81
[232 -586 -108 37 -337 571 -581 10 541 8 -801 -807 -21 467 82 -240 -63 -4 1090 415 -305 145 -535 -281 -156 112 248 -119 -90 -381 584 138 53 -1009 611 -64 208 -99 -545 295 -668 -574 23 897 371 1193 216 35 -312 322 -235 -247 879 508 -300 -78 -258 84 163 -465 -283 -224 444 -885 -340 -1120 -530 855 63 -384 50 -199 176 182 -113 389 -348 -618 490 249 3 457 113 -607 28 -226 342 157 600 139 -188 -856 926 -644 492 455 68 -885 -760 -541 -876 605 462 236 898 -489 -469 131 -216 708 -404 422 -45 -736 12 -209 -806 770 -944 -230 232] 5361.25
[14 296 16 439 -586 400 -85 373 -252 -478 -784 -226 222 -15 -258 425 804 -48 478 -695 -155 -184 -979 452 -387 434 661 -101 -404 15 494 -1049 195 83 203 -511 82 -39 -429 -314 -404 -220 166 -296 -14 725 -816 236 89 -92 67 -1240 280 468 -63 606 -716 -559 765 -805 -183 -44 458 606 208 1237 -366 -451 257 590 -462 937 -10 275 571 -559 -593 107 -177 -75 -63 -207 1304 -1048 642 -95 252 398 593 87 -813 165 -551 410 -444 -440 -164 438 103 -196 -97 -497 -687 -451 447 527 374 -508 440 -718 -778 1094 -505 155 -124 -33 749 360 -592 200 165] 5485.29
[139 -200 -724 -749 -462 177 501 143 -445 1120 -467 787 -498 354 -540 1694 -493 -244 -99 100 -64 397 9 -990 -924 256 -11 -799 597 -547 63 -404 -4 669 -575 341 275 -41 790 445 446 -763 -868 -49 -177 -103 -266 -99 -187 457 -106 442 58 -100 81 -272 -631 -24 161 89 287 -460 279 -368 97 -466 640 167 -545 600 187 62 272 -761 -612 294 -751 978 -1023 533 194 17 -610 -360 -1614 -344 266 -34 120 76 -82 -214 -520 309 564 785 152 361 129 -1155 -182 -612 -62 -283 -787 -840 392 -464 -896 79 -288 24 -625 -603 -211 -643 247 -419 773 -399 -13] 5752.24
[-166 -323 -350 116 72 238 1005 319 -578 384 893 -55 716 -136 -131 343 28 103 695 -344 -539 -345 328 -40 443 445 24 66 641 1138 -927 571 562 95 209 -382 557 79 9 200 -75 -121 461 -5 -1122 -284 428 101 223 -777 -507 152 657 65 -368 -916 1263 405 337 -518 608 362 -392 -606 -184 110 282 42 -580 -9 818 116 -296 495 307 993 612 -497 -151 -110 -463 -237 -310 951 -75 -96 -432 -92 -99 -97 75 418 -468 -369 -3 14 -199 -519 47 -100 950 142 280 418 71 -541 -418 -79 -673 380 827 74 1466 327 -681 -911 -474 22 139 506 -369] 5353.06
[-652 769 -115 -491 416 -468 994 341 -425 673 561 172 -756 -305 -523 -181 -574 -200 -20 28 -251 -435 101 -284 -3 392 -600 39 875 -351 -456 -86 -746 685 51 425 -328 47 512 136 -395 497 545 -294 246 -881 -208 211 235 45 -64 108 -187 708 263 -422 -84 -416 277 164 687 393 50 764 153 675 514 -741 -340 649 206 -27 -827 -1075 -474 494 204 286 -789 -127 394 -671 683 622 515 -829 -394 -1039 231 -564 -12 210 -636 102 538 657 -581 -114 120 50 -15 -1430 -377 -454 526 -7 861 -690 972 8 420 -565 -98 1006 -406 -882 685 627 172 -381 -427] 5633.1
[-502 102 -233 95 670 -396 300 -68 -870 523 -634 -772 143 -325 99 845 191 1079 814 -410 91 -636 104 994 347 742 315 303 -974 288 -467 65 -619 -695 -625 -382 201 -351 364 77 775 870 1064 188 -138 573 -74 -523 713 -981 372 -553 98 689 222 -798 167 -139 -68 -966 114 361 -153 -116 -2 -666 -91 -742 -250 -430 -121 931 -194 335 -36 -136 799 129 -512 -784 719 465 -159 108 -264 211 1067 -170 -557 736 228 -208 -249 -224 -1330 -1038 -146 -24 -719 -333 489 -456 98 230 219 191 -273 -360 261 64 -932 -260 117 66 -170 324 -458 112 289 1061 -360] 5703.46
[145 -100 -248 449 -347 431 613 -38 -662 -185 25 -170 748 126 -539 775 -379 423 -335 442 -564 -648 73 -60 123 566 208 -553 482 330 -131 308 20 482 -50 589 -157 64 -258 -131 -120 657 403 -744 -628 -195 1015 225 480 -585 -142 474 597 97 550 -849 403 239 16 251 788 730 -243 320 228 -232 125 450 78 354 227 -661 63 -564 -338 -178 -34 -284 -664 306 -95 157 88 86 -34 -8 -319 661 412 -73 342 482 220 25 263 -556 374 -915 371 -47 176 338 129 433 201 -760 -393 -98 286 10 187 -788 364 43 197 4 -225 -150 -680 252 986] 4575.43
[472 -778 17 -100 776 106 -932 -440 -714 251 -761 -89 240 -245 -518 589 -639 -497 -554 37 368 486 121 306 -568 -497 481 331 -1054 642 -714 -518 350 137 477 -261 40 -113 -147 -1393 -25 -633 18 73 195 232 -607 531 174 349 141 -458 -29 608 -288 391 457 -85 364 569 -224 -1197 -829 -328 654 386 644 -563 263 -623 -507 -46 72 237 -248 -297 -53 1137 -481 66 546 55 -141 -656 29 45 -505 188 181 -132 -533 439 408 136 130 885 -696 978 1420 -338 293 1113 536 350 -200 1 -352 -245 -842 -663 -150 620 -469 226 945 -826 -870 -349 -236 277 -586] 5759.59
[-532 -148 396 273 761 440 -816 88 804 1 225 -293 -346 660 605 -20 -78 -267 120 -288 -123 -110 -182 237 -236 378 22 979 -490 -808 555 -461 171 -630 55 177 149 430 -126 -558 -91 969 215 4 302 200 -93 -451 -153 -158 627 -242 734 387 -62 980 -558 -39 5 825 -1467 -359 -896 525 -635 -259 269 -456 55 -538 110 -488 -656 -23 96 -398 388 -1082 456 -757 265 249 -268 -669 399 33 50 -1252 -325 -867 1097 333 827 1079 -542 342 329 -75 -609 27 542 359 263 -54 49 -616 186 516 414 -130 -358 124 -385 19 945 387 -130 -381 -691 1074 205] 5586.99
[-63 138 -1127 302 -460 -674 -62 402 67 326 391 465 -517 116 -149 -6 -304 -454 74 -437 -15 -562 344 14 435 730 -745 -123 773 -69 -248 -391 -223 463 -4 424 -1108 584 -191 -12 232 305 359 -138 -563 -602 274 1022 163 611 -19 1087 686 405 -142 -155 -479 204 -532 480 1142 453 264 341 132 1242 -805 339 1052 -178 -83 191 -345 347 206 -556 165 -1096 -269 -570 639 408 834 749 586 -662 577 -673 556 34 -126 620 -273 636 -199 323 290 504 100 803 -355 -938 -319 472 -304 26 849 569 70 280 -648 -336 223 622 63 741 341 -280 68 150 210] 5541.38
[75 82 204 -123 20 15 -244 -37 -93 598 -245 325 -866 -799 -183 -1060 599 364 -127 315 507 383 603 -494 8 -757 -276 20 -831 -187 590 -546 -609 144 -201 274 366 -35 -184 473 -218 -208 -183 603 -320 235 -310 -133 -543 -225 672 127 -24 -250 13 -648 674 -239 -693 519 -272 148 -524 -261 -602 -710 594 263 -248 -624 499 -98 474 650 -391 500 360 836 421 344 -88 177 -251 262 657 944 388 513 855 -655 650 599 -189 -587 348 607 77 161 -645 298 411 -278 -76 104 168 -107 406 231 -124 -6 385 469 435 -47 -951 384 780 308 -767 -658 20] 4980.18
[589 -128 -209 92 256 -608 344 -328 168 -637 -108 -377 229 581 -496 -47 145 17 -408 222 1120 -413 -595 -41 268 -199 -246 838 -818 -360 321 -159 -722 300 457 -592 -20 -253 43 -400 -1329 -203 423 -542 420 -75 -999 -410 -48 -909 368 71 -215 -186 313 -347 -118 412 -666 441 -433 -110 454 -563 -230 629 -306 -416 63 -710 280 -28 851 123 189 -443 239 122 -616 1 -261 763 -456 -209 -522 -84 -804 324 -237 -49 402 -554 400 -79 859 -546 -288 -371 -1242 -346 700 817 -240 -495 275 543 -711 -455 620 -601 -530 -1049 280 319 31 82 -162 -105 -441 -265 552] 5262.52
[-107 -140 -568 351 342 801 -177 964 -211 218 -471 348 -363 400 182 769 -161 -818 -123 -391 412 -426 261 456 751 -717 176 -1017 392 -915 806 -265 -67 -750 107 -308 -75 -495 997 -83 620 904 -489 -198 -763 -924 261 -204 668 547 70 108 449 56 56 -627 -364 1006 293 -223 -142 413 -254 186 -369 432 -244 615 -51 -250 -539 749 -166 -208 -356 127 -350 1006 12 283 259 287 523 558 268 -43 250 94 1131 -31 12 241 233 -852 -73 254 306 770 394 753 -563 -118 882 -373 -559 -523 989 -565 -149 88 -310 -519 362 203 -428 396 871 349 -152 -187 221] 5420.67
[-15 148 718 -473 -906 406 -484 113 13 -31 338 392 -456 300 158 -692 661 -210 -292 -312 481 287 -78 204 637 -252 -527 -158 22 -1002 -74 -89 -185 -566 314 -143 259 -831 343 78 -29 -289 157 363 422 -291 -414 -586 533 -829 382 573 -516 -48 588 -433 -300 253 -135 -262 -87 1172 -93 -94 -566 -151 232 -435 75 -631 -182 1005 664 178 266 369 -508 -282 383 -168 -152 -428 210 470 -590 411 495 -174 140 276 445 -646 442 321 240 164 504 146 -924 -37 -372 -32 -423 -444 239 -14 -312 -221 -557 243 340 47 900 419 -594 914 691 82 168 -684 -107] 4819.22
[183 -400 -15 -545 -372 408 226 -160 -308 -53 883 355 143 514 269 -112 224 -446 -144 -717 125 337 574 -582 354 -708 1094 249 -253 510 -61 307 -296 -374 -377 1422 -366 -177 28 116 349 -1048 -121 239 -471 386 75 -698 -248 1384 590 590 -579 -328 63 164 -644 -159 -586 732 -334 504 -520 -200 335 -101 577 638 -47 -1090 431 457 -39 -346 -30 531 -291 183 774 783 39 -961 -623 220 -883 -56 -839 -885 -484 -409 -210 218 318 203 -1154 -449 -1259 296 -564 439 -97 98 74 -296 -672 406 71 563 -998 335 266 356 -44 751 293 489 376 -606 788 -93 -667] 5744.45
[-204 -24 -294 392 -547 -1109 -518 121 -124 37 -95 -217 7 -201 -857 -236 41 -132 130 -612 931 167 -308 86 332 -865 -232 -666 -343 -235 -264 -136 -24 80 50 207 -368 370 -563 374 105 60 75 -290 -819 -254 625 -339 374 202 430 -27 -141 138 -956 133 213 187 -973 1784 420 -334 -259 214 1111 520 473 -522 -898 -243 -868 279 -501 8 -294 521 358 -326 -737 -4 190 201 -113 -205 780 506 597 -277 811 194 903 -108 -1202 981 -141 233 -353 526 -425 -1169 426 -709 -417 153 -111 267 294 276 80 -834 -635 -193 633 -26 716 -261 -238 -57 9 -317 539] 5501.34
[-35 106 -277 -793 -215 -651 29 -878 509 -702 422 -156 -439 188 125 121 -45 74 -403 350 -106 -811 -104 -120 7 208 -396 307 -2 170 440 985 368 186 -656 411 49 -173 -135 727 28 -499 586 462 123 -82 718 -709 42 112 -327 1090 11 -299 -284 -320 63 -137 -125 -309 -123 -64 -113 15 -252 302 73 1410 461 -621 393 283 595 69 363 471 1131 -719 629 -648 546 -400 220 53 307 75 412 -657 -326 -89 124 -1003 -839 -394 309 262 44 774 -313 -331 -194 52 206 -327 -556 69 -96 -750 769 976 66 -229 1300 521 -311 925 -475 -162 -23 -375 -433] 5219.42
[529 -49 -344 -642 -1266 458 116 -561 -953 -863 449 -1131 -806 454 -73 -269 -11 772 274 -495 -114 -317 631 -320 519 202 -8 81 -209 -5 -83 660 -149 -195 -1118 533 -4 -161 -188 500 351 -167 628 95 498 -560 1359 -676 -16 -196 253 -663 -295 170 508 -256 418 99 406 120 -1051 1375 -1505 361 187 -1607 474 851 -783 -513 -26 -315 402 324 -30 -275 -288 -291 936 -1105 504 -462 515 -173 -37 -146 -411 -442 292 -165 188 -227 -517 308 -147 -24 -20 121 -372 -493 -451 428 467 217 -283 246 254 213 -579 753 -130 -76 -318 -8 224 -913 -781 -542 -1125 493 -490] 6013.33
[157 157 78 118 14 403 -795 491 209 -406 191 -360 -557 494 259 126 228 71 -303 -775 506 -260 120 337 378 -717 -1694 226 -62 -148 957 124 -612 569 -11 -1080 753 -452 314 19 213 637 -995 -108 814 -521 111 -345 798 134 347 -252 -369 -322 -7 -349 870 133 390 -120 282 -394 883 142 -245 -475 -881 323 84 733 -211 -48 822 177 716 -873 -761 -342 -612 -619 -664 158 -293 -347 -427 147 434 312 176 813 -418 256 -152 -223 362 -24 402 961 -335 140 -30 -243 118 -483 -1145 219 607 -883 442 279 -146 -291 229 8 -751 691 21 -847 -289 -758 -153] 5538.69
[-786 -22 453 52 -861 741 -394 -218 45 1122 68 -474 237 149 168 -605 -433 -707 710 420 610 367 -222 -410 -38 342 581 -134 80 -123 -649 -123 -850 76 -24 1264 498 -248 -956 -44 351 940 -511 -364 -395 275 -45 257 -1031 -690 547 -533 -120 -298 518 -97 -497 -709 36 417 161 271 -358 59 137 -143 402 -126 -350 -364 -175 -697 -647 -367 177 306 728 -24 552 -140 -716 -13 -1093 110 1031 270 57 -516 38 93 -120 208 -26 43 -430 -164 -265 -248 -193 -51 460 400 902 227 -13 -273 583 84 -986 -256 -51 -500 -451 450 -475 -110 -422 -79 -398 0 524] 5150.41
[-275 -515 0 -311 -841 159 241 -148 357 215 498 4 61 -154 782 730 -314 -234 -85 360 -384 282 -111 -437 -174 -645 315 -463 278 -442 -285 -360 266 336 238 -244 161 -539 -252 625 301 -350 -237 -422 377 -165 170 -651 -362 242 -726 353 -263 -424 293 -318 21 507 -70 -604 -801 146 -196 -357 -605 -47 515 889 124 -170 204 209 -286 -446 -122 -47 -561 -363 249 -101 -496 -586 662 26 44 -698 -752 156 -417 130 37 871 293 -1120 608 550 508 -369 42 -506 -558 263 -459 226 -461 -317 -25 417 -116 342 76 -288 136 333 126 759 96 498 -198 -523 530] 4549.07
[-52 -534 -926 -55 -243 566 -25 -72 -411 514 -204 553 -454 -636 -768 -13 -200 -4 516 443 -297 -983 150 -463 -624 555 -706 -463 -10 55 165 -534 -1139 572 -607 557 235 162 -503 25 -47 455 165 540 -314 142 318 143 56 157 373 451 -134 -270 55 -182 751 135 -519 960 726 75 239 70 1237 -314 41 11 -183 319 -335 -93 -1112 -145 3 -69 245 -493 -763 -216 6 -613 -1 321 261 -210 -182 321 -308 147 791 761 50 -149 302 -326 -38 -854 -20 -349 -319 873 629 85 -99 -255 409 -280 -140 446 362 -182 156 -911 525 -998 247 -468 -681 101 76] 5036.51
[128 -332 355 371 244 -433 485 -34 -657 -1634 -178 -491 -401 191 -46 -536 -749 301 -435 30 -439 743 34 74 180 -361 -419 522 42 -421 165 -158 -1001 639 -511 -295 -1038 -383 93 -673 -628 357 463 -201 198 -251 -297 -406 524 703 524 -314 -737 1088 153 -792 -331 -363 20 -297 -61 551 65 746 101 -3 543 250 233 647 360 142 687 -284 88 -515 -370 324 -286 564 606 625 260 98 558 -812 39 -30 -119 -370 -27 -22 -498 354 -371 -178 -1365 -388 57 -1132 639 35 -347 -807 1135 538 -19 -1025 683 44 -490 317 -635 -201 -376 689 -125 42 99 -299 -568] 5553.41
[-346 289 428 59 658 -36 -666 -568 -440 -1333 -550 -1184 -605 529 72 371 417 234 -268 794 -316 0 -21 -373 -148 -159 -561 794 47 -118 369 -1198 -146 45 -61 697 96 -398 -525 80 -765 465 60 -419 -231 -478 248 -14 233 592 142 -599 -4 535 697 -201 -93 6 140 303 -376 -176 145 -913 -943 -1121 189 -165 324 722 -806 426 668 159 -174 582 297 426 -1380 -418 -2 422 20 -184 10 -319 -253 404 -415 -741 435 147 154 196 282 483 555 18 60 -1454 261 -208 -158 -76 -128 -280 746 -584 418 -632 -159 -421 -236 319 -72 -197 -135 57 -150 154 513] 5329.87
[201 -1059 245 -332 155 311 -994 138 -43 390 -868 -186 -36 -258 -521 -84 -343 168 277 676 -285 10 -283 -409 156 -734 -559 1093 -765 -107 125 1058 -495 -487 235 567 -468 242 -705 80 -907 -327 232 -312 194 640 219 -32 319 -496 -84 -976 5 -864 353 -306 904 87 -106 783 -93 -354 220 -122 -463 -196 -85 -1572 586 -476 244 -771 258 -160 -431 -445 161 786 46 -361 510 -10 482 496 984 -146 240 -403 535 -1196 244 451 906 -361 396 19 285 959 484 -506 -436 364 -91 678 199 115 -931 448 -779 -907 -635 -160 -112 -245 249 915 -708 373 -252 -183 137] 5738.07
[-32 44 -251 -242 457 -432 441 -39 -218 -424 -365 -728 -203 -545 219 -416 -672 219 605 92 -301 -657 -43 549 -827 76 -253 -153 -195 -182 -45 227 -638 -544 451 246 -222 336 -199 132 -460 468 745 -619 658 -778 -38 245 43 -725 222 -220 -696 -172 1084 6 -475 390 110 -278 -179 739 -110 345 91 633 128 -459 376 167 -906 -238 -89 725 114 10 731 211 -564 -233 575 -269 354 501 567 268 159 278 -27 -588 815 -258 -1056 -12 -552 -471 -800 -273 -174 -110 1038 -103 -494 -570 54 -76 -87 402 734 26 595 -383 21 21 -260 -108 974 578 -161 -32 152] 4912.45
[702 -68 -68 -350 71 -252 -635 92 700 -66 544 -920 197 592 195 543 -486 678 -89 -985 -23 269 -61 402 696 413 948 -202 321 347 -276 -705 -492 -246 -476 297 122 -211 -649 -165 -97 -179 -224 688 -132 -136 535 -26 -197 -161 576 -603 234 -168 -264 919 -498 276 361 -727 -434 -145 -733 -179 312 487 -295 157 750 -75 -98 -640 -110 570 734 6 49 -15 314 -227 464 1069 -303 -525 68 350 349 178 337 95 -797 177 434 -220 -932 -344 -31 887 -447 30 275 197 328 127 19 -10 287 -214 -342 899 -279 628 -583 203 468 558 -476 -78 -933 171 -207] 4961.8
[375 288 -1010 -304 619 41 1083 649 -11 648 41 -411 -334 -694 -699 -77 161 23 971 -14 216 40 185 -87 366 -38 449 286 187 -517 160 491 -1245 16 -503 217 -150 236 3 313 3 358 -347 189 386 -526 489 577 154 352 188 458 -103 48 1449 209 -262 323 -97 304 512 205 14 -203 -777 310 741 576 -687 -67 313 391 343 -135 -483 131 157 399 -478 143 835 -426 202 578 567 -216 -253 -596 -88 -1131 128 -97 -154 192 134 -66 94 500 -332 466 -505 -369 1437 -187 -308 -151 780 300 55 -30 -10 -64 -204 455 -488 -773 -78 -577 -151 -354 -10] 5055.22
[-200 -270 125 170 -3 -331 -433 -384 527 -44 -1083 -458 -181 511 321 -321 54 724 1156 -65 12 590 -164 796 -102 -192 529 -940 324 -267 -278 459 -79 -198 93 -162 365 -253 973 663 125 357 -607 -537 212 -507 -96 307 738 -99 -395 -23 -439 -30 269 767 39 1225 -466 77 200 453 -1040 299 -475 -122 771 -1050 -863 -1193 -594 -405 -170 372 -216 638 -108 81 -195 390 281 -114 -264 -414 424 574 186 -377 766 327 413 -512 959 -513 -440 -473 511 -189 -280 -136 504 75 169 331 -386 -895 -574 47 -265 -518 73 322 -529 -602 440 -789 -175 -198 -622 99 44] 5341.94
[-424 261 -575 -460 -479 678 1380 682 -13 771 -380 -449 575 -154 247 -185 254 -113 1911 -165 -199 -453 -439 -742 308 157 25 61 287 -213 497 633 -334 330 216 552 -558 134 678 46 -692 122 -512 91 -96 72 -144 264 -318 168 125 -236 303 -189 -225 -478 245 141 169 159 613 179 686 -234 -255 267 152 955 -340 -483 497 -267 -457 -975 -355 -192 -207 -932 347 122 -862 155 239 133 -730 -421 -292 -377 -142 502 -250 508 524 -489 35 -617 -264 -978 2 611 -137 -297 331 321 137 49 -842 78 90 -670 208 -446 152 350 -384 -509 -644 -450 -175 396 -3] 5164.86
[212 -165 -50 322 220 -674 -158 -719 351 -162 173 131 -175 179 503 510 -679 -698 27 -85 299 -299 281 672 123 107 1 -839 -195 234 -166 -1231 -227 651 -130 -399 1576 -292 -462 -402 -613 -143 338 705 -61 -39 -611 759 184 77 -494 912 353 229 -417 152 -116 586 -373 -1115 44 249 108 153 243 651 -368 -354 173 -622 91 788 -200 515 366 -301 547 -207 -483 -50 16 123 12 -519 597 545 79 -724 -277 901 -208 -701 -835 -217 -285 -991 165 -81 -582 -1121 -54 148 -5 -302 728 -386 -6 -305 190 -138 -263 691 -203 216 331 17 142 -136 -361 -124 -164] 5102.68
[986 305 -42 -353 -771 -842 236 -693 -214 -713 -744 405 -1146 136 345 -355 -670 452 -8 543 151 76 23 -519 -1019 -128 909 44 372 361 -702 150 46 440 112 1100 -467 -497 523 1152 -169 130 -36 -860 141 205 4 22 -448 -854 -461 -160 -901 -371 396 601 -510 86 -25 130 -434 -244 413 -445 -68 -600 130 208 -514 -1100 -17 -476 298 755 -355 151 92 467 17 144 238 -164 311 -697 276 -452 -22 966 280 -45 -83 -1311 -130 398 -148 -109 -545 70 498 -767 437 472 9 70 726 110 -95 81 350 -158 -142 -242 -274 97 139 -1028 97 -448 49 -631 251] 5376.94
[400 80 379 416 312 -631 729 -806 310 -324 -158 688 -1053 -15 194 516 81 -77 -231 303 -151 -606 -149 -552 239 -312 -339 -774 -460 146 -243 -122 178 87 -152 -205 161 -406 288 893 -233 -81 58 -304 700 335 -49 -581 -163 -361 -405 833 -259 257 -274 1045 -276 -475 -580 197 62 -93 -488 -1081 680 -732 -156 -401 -357 5 -347 631 -11 -768 -77 381 21 446 132 868 342 -369 -115 -816 -403 239 -511 248 -1252 -331 639 -294 -896 -359 -58 366 75 -286 450 -220 158 -516 -1173 -131 -446 439 568 622 236 288 394 -63 0 -131 -342 -263 567 -25 463 -393 246] 5063.57
[295 -285 -37 -106 272 -188 605 444 98 100 -105 1092 -253 -705 -1018 248 -219 -99 305 29 420 174 240 -301 -366 433 -230 591 -86 -781 78 230 -562 116 77 -771 -762 415 -459 186 595 -763 890 -388 -634 198 538 -119 139 219 88 -908 240 158 565 55 -137 -332 306 -692 210 413 295 223 63 -49 -19 -904 -80 917 190 -483 -514 874 -42 -192 -212 937 953 -308 214 159 1056 791 254 -956 500 77 530 -224 -511 -1 -534 919 1197 1192 23 -360 646 -450 -172 -341 561 73 -132 685 -595 494 -54 -85 -142 -191 565 -624 -283 -890 -34 40 -105 -34 -204] 5395.39
[586 590 1120 465 -924 558 696 441 -768 -308 -154 -878 448 254 189 -1138 81 110 660 -160 -430 713 696 264 264 411 -476 -690 -37 215 369 139 -1198 1132 11 427 -270 -342 953 -1524 -115 744 -614 -257 -76 -425 281 221 -55 322 615 -399 77 95 219 45 55 74 660 14 -261 180 -166 950 -207 111 244 1123 477 -184 -291 -1152 -531 -66 196 -875 -859 -37 299 354 -380 497 497 -231 -232 -11 217 607 99 -72 -321 819 450 -39 -341 221 -266 -826 525 341 372 753 320 -284 221 -92 -237 113 292 -501 451 -54 -449 -318 132 -193 -274 64 -518 751 -516] 5606.3
[267 252 963 174 -218 -370 627 -463 -12 -623 -271 -322 -669 -259 358 26 -683 -317 -537 252 730 792 -408 -344 -129 -249 -117 -461 447 75 -695 457 125 70 172 668 115 277 217 299 392 -329 450 -286 -126 84 -202 -161 -618 -350 -652 -278 -440 767 -284 68 -837 -297 531 373 -446 170 -736 -140 -32 -610 421 99 -862 235 -441 -99 148 -175 -629 601 818 477 -290 526 -150 -270 -782 -170 288 760 -275 -19 -393 -337 593 -718 -762 1056 -337 227 -1083 -466 513 -236 -308 -526 537 184 236 750 -2 127 -383 -355 605 -193 -173 141 466 -957 -348 125 101 -306 282] 5020.42
[-385 -24 -567 -467 1025 -440 671 561 382 86 -449 116 532 -325 -610 341 202 284 -129 27 -507 150 189 -273 -621 89 -758 -249 205 49 142 -466 -23 -73 -703 -574 -787 855 328 72 457 -243 544 36 100 55 -121 908 -372 -432 45 48 -37 225 -55 63 1228 141 877 37 -826 311 -652 -112 370 114 -487 -486 192 588 -268 -706 -1164 -803 158 196 542 -437 -391 -262 -549 -918 -630 -1029 -445 -771 729 -688 216 704 -153 262 -261 -242 17 -610 330 808 143 953 743 22 -7 123 586 -369 -772 -861 -374 218 656 778 14 156 420 -299 783 426 1064 410 -668] 5603.76
[-124 499 -194 -2 -792 69 -802 -35 703 -289 -291 402 -256 439 -492 552 -641 -1353 241 -233 -166 -639 -937 -264 235 92 530 -430 386 476 1009 -926 -1052 69 -1008 277 72 -41 -472 -453 -783 253 -604 990 -69 505 21 -90 72 -595 1151 1106 -414 -327 224 -741 -6 -411 -664 250 384 745 -166 -272 43 -444 -159 -753 -176 -656 124 169 10 -218 311 153 -182 75 -86 1041 11 -726 537 -338 410 778 350 6 -358 681 -63 -106 466 -302 -207 -726 305 -225 -1092 -743 451 -162 255 -266 -419 -665 351 -156 47 1135 27 495 422 657 -266 293 422 -256 -440 -726 -100] 5667.2
[87 -166 -347 745 -710 358 4 569 -808 369 -793 -76 592 70 -414 -688 -611 -360 519 -107 755 370 702 -135 -342 -61 -35 -136 -597 -233 329 63 -368 52 519 -294 247 -590 -169 -88 117 -990 158 792 -203 -126 -597 -343 337 -611 184 -493 621 264 -531 -18 1001 344 531 316 276 439 -366 626 433 -510 336 -18 -30 -237 -610 -451 -97 -447 -434 179 220 941 -378 224 924 748 132 110 147 437 344 553 1129 834 324 -440 -169 -450 873 479 -883 398 71 -588 -541 570 781 -293 505 -114 -619 -573 -63 -142 163 764 882 -353 114 -77 -639 565 -668 -375 -1279] 5484.42
[227 -904 -629 -122 988 210 -771 261 -718 1099 -491 -366 510 361 -288 -423 -418 571 -8 -443 362 -252 315 -368 -206 -824 339 -818 61 88 116 -11 349 269 680 -1 588 -32 -1028 125 405 -369 -476 189 -269 40 -493 434 287 915 -455 34 546 -514 -233 371 -3 154 -547 -307 990 233 55 -984 1130 467 -503 -325 40 672 -256 1108 -614 538 -128 576 -397 -64 -643 458 -128 -516 277 879 459 633 -824 -67 819 171 -565 -79 -56 -470 -11 7 -53 -639 -524 -691 -381 -939 130 568 330 -521 469 -315 -413 219 -190 916 -239 -1403 -344 -495 424 268 -185 -454 622] 5699.52
[477 16 4 575 285 -484 331 -722 389 -382 -267 567 -161 14 136 -154 -98 501 404 321 -188 -112 -259 -145 -169 -326 -119 298 595 -572 -369 216 289 -560 287 -519 641 -1337 -661 809 -533 -692 459 -825 1206 638 88 -12 726 -721 -26 -946 16 250 -602 -37 -214 108 794 -640 454 261 54 193 328 -708 -539 -2147 1103 293 -885 35 -93 461 -11 78 -1015 302 314 22 404 487 480 -394 436 228 591 752 -77 253 177 -269 -180 -253 460 592 -382 -311 215 -1126 89 535 -436 -799 949 20 704 -409 964 860 -253 435 265 -387 -496 -1238 -455 -8 188 -639 -956] 6076.07
[-92 872 62 528 371 421 313 375 623 -330 232 -320 3 240 327 -203 643 206 -520 309 880 -524 -582 -258 338 73 -99 284 -134 61 60 627 435 -803 -361 221 -615 601 -750 -40 913 542 54 -403 172 -658 -26 495 -42 -403 469 -168 -2 268 852 279 1 -448 94 1098 682 299 -371 741 -271 73 -227 -352 -326 218 -338 -782 536 -24 -441 850 364 -138 225 789 -563 -586 -457 378 196 442 -520 513 493 -160 124 -337 386 -803 1025 342 -155 -213 -463 571 -415 -196 367 -287 -518 605 -409 909 889 349 1194 -356 852 147 -279 -710 -523 -167 56 -413 201] 5282.71
