[-38 -131 -28 283 -435 35 231 -64 106 -155 -161 -327 -124 -96 -6 318 92 84 -200 351 309 -89 429 -48 603 18 -237 135 323 -320 134 -373 25 214 -423 -482 51 -20 -341 -21 136 -175 34 -73 791 24 -87 -237 7 -406 383 50 15 157 614 -102 -426 45 538 232 -462 -147 -47 -12 46 -5 -79 275 63 283 96 -5 -35 167 369 150 -211 758 15 65 26 -453 -463 602 -416 -262 -506 449 114 382 -274 -321 -95 -318 -257 -12 -226 -341 -74 -362 16 -172 -603 -188 -8 53 64 109 -303 -99 424 -225 218 -331 386 -162 -84 -73 -9 134 -831] 3137.87
[-50 -477 -86 291 -448 46 184 -18 265 -163 -27 -223 -109 171 -371 -311 -579 493 -343 187 -88 561 219 274 237 453 -239 190 -284 239 406 51 359 -110 -343 -327 454 -138 -230 -96 -676 137 -68 717 232 420 173 -104 -275 -258 11 -412 124 618 56 -29 -180 -437 358 42 -460 -205 -279 40 -368 220 347 228 -7 -23 -526 -327 -78 -62 -114 -221 -144 525 92 61 83 -185 -324 -148 -427 78 -480 263 -170 578 -53 10 703 -221 251 78 37 -816 -278 -483 414 -459 -435 308 -248 201 8 402 -167 44 45 -150 546 28 77 235 -358 -42 -190 128 45] 3375.96
[522 117 -197 11 208 275 140 -83 698 120 154 -210 111 -228 316 -503 -110 -65 -372 -161 -7 495 -193 45 236 73 92 -439 12 -238 599 287 149 -261 -81 56 294 -34 -486 -227 260 -88 219 -113 -62 103 88 270 -365 316 597 -232 437 188 -744 37 293 -12 178 -166 -401 -338 -490 -206 -98 383 -133 -168 38 -171 1 -982 225 -95 260 11 104 -13 -214 137 231 -212 -96 151 21 -789 -214 61 44 110 -50 82 332 507 301 -113 -42 -177 88 141 -40 -158 262 -512 -295 -4 167 -119 -56 196 128 -118 591 57 62 80 -616 -130 281 443 599] 3197.67
[239 60 247 16 394 50 -83 13 2 -454 101 212 67 129 372 -349 -886 -443 -132 78 -106 274 -224 -27 321 299 -491 -558 -263 226 -90 118 190 -20 -347 0 119 516 -46 -78 233 -60 -334 341 -246 263 160 567 -288 274 115 -287 224 -134 -507 -36 -115 70 277 53 -191 -668 87 -312 -408 184 -96 413 -387 -155 -491 -1093 -282 -334 -298 286 485 -31 176 394 258 413 -328 50 -58 -57 -633 -506 -362 392 148 333 376 319 373 -360 494 -269 -153 -298 63 -195 714 -124 -126 587 -2 -14 105 437 -138 91 54 -116 -75 248 -574 34 573 -173 467] 3552.71
[-438 352 -26 -263 76 -100 137 176 -353 -722 109 198 -105 166 -182 366 -205 67 -214 380 -80 144 713 70 24 -94 20 -8 45 -112 -743 -5 8 242 -101 366 -195 -194 406 -37 -282 -202 201 171 45 44 24 -352 -127 -11 -971 28 -97 552 308 -263 118 160 151 9 136 -346 256 -504 -377 -309 -120 -442 194 106 2 266 127 -197 203 -329 189 -344 338 510 -284 -310 197 12 302 439 -250 -170 18 -384 244 70 -556 -203 14 369 809 -83 57 -205 -343 57 -771 385 -85 261 -412 11 -17 157 -322 68 211 -62 -224 -32 -99 543 31 -722 -252] 3310.14
[177 -128 -303 74 161 263 52 45 239 45 103 388 -255 -78 49 -204 274 -98 529 -53 222 244 -249 45 -115 208 450 31 -547 120 295 -150 441 -64 470 235 -827 45 121 -212 -173 573 140 -53 -100 70 456 -30 -144 579 221 -502 -376 -331 -800 -136 254 46 157 -257 -309 165 -22 372 -213 505 -17 144 131 -32 -318 -551 361 -182 -166 31 -141 -530 315 34 331 318 412 -202 -536 -200 302 -63 144 161 -548 624 616 499 189 -31 -334 399 -133 638 423 265 318 -367 -9 122 293 -735 -362 -273 -8 -214 129 452 -29 -391 359 -80 -180 -41 268] 3447.42
[221 -45 -49 284 388 -22 -10 70 310 603 -218 -319 -31 -303 390 -149 -413 -287 -316 139 34 -157 -456 132 159 70 -354 -150 -95 -27 501 -420 -466 0 353 -63 212 63 -649 -118 772 -161 -6 -129 -273 -344 -79 392 769 -147 88 345 227 -519 142 -474 177 -229 -7 -295 -513 -15 -159 15 -17 -248 -265 113 -40 -240 761 -403 -459 -54 -538 613 -243 206 -36 -228 -98 305 -455 557 324 -368 296 75 162 -464 219 -110 200 -171 231 -453 -180 688 90 -276 551 243 75 -489 175 -672 366 157 698 -64 -41 -351 -10 -126 -180 49 -380 -51 229 28 -198] 3506.77
[-678 -362 115 -194 576 -179 -325 -262 -342 432 -104 -446 -252 -402 143 309 -116 -275 -186 -69 -119 -645 -73 323 -351 39 -80 -170 -485 517 -162 109 -158 201 -250 -321 -70 285 -27 -434 142 23 66 2 -271 -691 -250 386 240 -590 -106 -106 -346 -176 276 260 -259 3 116 41 481 232 256 -45 253 -424 -240 221 -101 232 222 -137 -422 121 -1051 354 104 653 268 -183 -233 185 76 138 9 223 699 -45 -104 -142 467 -101 -265 -351 100 -136 -582 767 240 20 -136 -92 102 -346 321 -305 -104 -169 162 53 -110 -90 -421 375 -445 -512 1 -570 321 -132 281] 3487.95
[-147 247 -35 65 269 -333 175 -455 -328 -267 241 305 -122 -19 63 -49 -87 60 -45 30 -16 658 -68 -73 -302 -462 -37 -4 348 -480 -319 797 -467 -155 317 258 235 -273 557 173 -98 170 68 341 -465 408 225 -251 54 -125 -586 479 52 70 -13 -100 118 -14 -709 -495 229 473 53 258 -322 247 465 -364 811 442 -169 294 622 -134 281 -623 -363 -80 -141 246 -107 -336 201 -413 913 377 269 236 90 -352 27 -95 1 151 23 -219 130 -727 61 15 207 61 -126 236 70 -23 -270 596 635 315 45 209 -243 -456 -335 180 -60 395 -626 256 468] 3617.28
[-292 535 233 -344 -651 -68 218 -249 -163 143 -220 407 -74 127 -164 -63 -206 303 943 391 -185 -20 -173 -140 -160 -67 -63 103 -595 -96 -418 61 -85 -463 312 475 -389 -13 314 302 -313 618 133 -93 -190 459 41 -165 89 53 32 390 -66 -350 -28 -370 211 371 -521 122 254 -452 12 -419 248 -210 331 -377 -29 23 161 346 -166 -42 230 -222 167 -490 -46 321 475 440 6 -149 -70 804 -120 -169 -351 490 -513 32 73 321 -787 170 147 2 315 327 288 122 -128 106 -88 518 -482 -225 272 96 -217 -128 -244 -497 30 73 929 661 -614 -275 -359] 3610.21
[-184 57 -439 349 296 151 -300 289 -672 32 -345 -88 -234 -73 113 -330 -14 -149 -359 -509 -342 -467 340 124 -279 125 -178 232 -67 415 206 117 224 74 -306 193 569 62 207 267 -293 -292 -132 275 -207 114 142 66 -286 -94 -218 32 200 -378 548 -89 288 -190 99 162 -517 231 -127 6 -157 184 73 -6 -1 -482 -217 531 -155 218 -648 295 358 41 -494 133 -696 -247 150 -552 130 -180 15 -236 127 -351 21 287 -109 -327 385 91 260 73 -259 -308 -192 64 -484 479 -178 -289 -57 -191 366 -436 39 172 -360 -131 268 -183 -673 -262 153 74 -170] 3151.44
[477 76 436 145 -241 201 270 -678 451 -565 284 -246 400 -177 68 211 -739 742 -450 824 315 1341 -299 85 638 -236 -246 -710 194 -44 -72 413 -325 -279 -383 -311 259 -138 -302 72 -39 30 20 -178 -442 598 -372 196 -367 15 39 288 396 446 -487 -79 724 -67 -132 -52 591 -600 -341 -878 -19 -5 418 -139 675 487 -22 -552 510 -594 603 -452 94 668 -13 45 284 -298 36 460 106 168 -848 16 99 297 -227 -698 -55 377 -253 163 88 -468 458 295 111 -278 14 -58 -467 503 253 548 146 283 -54 227 282 -646 -156 458 -170 -125 -194 190 -8] 4339.77
[-68 -17 -115 -295 266 475 228 -350 -161 -900 711 582 -21 -219 89 681 424 -552 -6 32 268 -257 -109 -285 -271 -205 343 -210 312 -1279 -861 5 625 2 169 443 -531 280 506 -113 294 -282 61 -279 -327 -537 632 23 27 375 -366 -386 -566 259 -339 582 -161 335 401 -196 -73 300 747 43 -255 -149 -403 145 -364 490 -591 -131 765 95 314 -134 44 -331 552 372 -307 -300 732 -4 18 80 -155 47 334 -124 170 49 -839 586 -25 -334 -72 377 -614 187 -1 84 781 -580 181 317 219 -103 -429 549 -202 273 -228 53 348 105 -76 66 456 -357 -114] 4241.04
[-384 -347 11 -211 -51 -10 82 281 -151 494 -545 -81 -265 -45 139 -584 -150 -314 -143 -622 -881 -921 134 -57 -206 273 -472 204 -769 774 216 -102 272 -495 -135 65 609 328 71 -278 -175 -136 -561 741 -935 -476 -84 659 -62 -469 147 -236 -185 -202 107 -229 -79 -192 606 528 -416 234 601 95 -83 -42 291 447 -669 -152 -251 114 -996 -342 -1056 343 553 9 -190 462 -437 561 13 -873 132 264 -246 -518 -40 -97 663 -94 243 -427 242 100 -386 -222 3 -256 647 31 753 70 85 297 449 2 611 591 -509 204 -382 -71 -376 -98 -247 -154 320 -172 418] 4444.17
[384 436 -200 -343 -260 251 -378 159 -124 -128 215 -81 181 223 262 14 128 -258 143 196 470 105 -110 618 647 479 -121 -24 224 -1016 -557 -95 606 152 -566 -264 -474 89 -51 192 150 -299 414 -620 776 726 309 -243 -528 306 211 -386 134 404 -300 -193 -354 154 266 494 -40 -743 -133 -171 -325 154 -1016 -87 -469 -52 -655 -328 72 -149 536 182 371 268 419 134 -208 -547 -54 485 -649 -432 -420 -280 -121 599 -112 737 246 761 393 -101 502 194 46 402 -365 -415 -214 436 -346 339 -396 98 -678 -99 -5 394 342 72 286 15 -291 -101 99 55 -707] 4182.51
[66 -109 -108 407 397 -165 -209 -418 -578 -330 -461 -104 -669 303 581 392 -626 739 176 189 178 27 174 68 -246 -653 78 -149 112 129 42 912 -330 259 -402 33 -229 -257 173 -168 35 419 -39 128 -47 156 -33 -121 -90 -199 11 120 -397 25 394 -199 85 226 -148 -452 144 -403 -567 -38 -160 -24 67 461 737 193 627 -396 525 245 -7 -224 -14 370 263 107 409 -35 9 245 356 -270 254 -312 -464 219 -465 -175 -239 -224 -263 -343 -321 1 44 -79 -173 -38 -808 -524 -132 -88 -12 -553 -407 -139 853 -646 -564 -390 -141 86 90 -135 306 -196 39] 3669.01
[-590 -271 -5 -372 173 202 -235 165 -358 -55 237 370 -79 -160 -25 -205 75 -548 -146 -79 -397 226 79 421 -459 152 390 -247 -41 687 5 198 -131 395 -193 315 290 107 -12 506 -421 41 157 176 -118 -5 -113 199 -261 459 -103 -241 -317 250 -437 190 394 -215 -248 481 540 507 85 -423 229 102 -157 129 210 201 21 -231 14 -116 -612 77 346 190 94 -312 -529 -407 600 -30 -308 -26 -354 -137 153 -280 -783 892 267 231 535 73 28 128 329 237 -188 -177 -183 535 -86 -147 -344 91 -81 -478 -471 984 -122 214 -150 -230 -106 -7 219 6 493] 3490.66
[814 -200 -112 -342 -363 -550 -312 126 325 591 -12 -423 190 344 5 220 335 19 200 -205 377 412 30 159 96 -170 -81 369 604 -634 411 198 -503 -209 140 -66 134 -367 260 328 -73 171 -553 555 -53 429 -339 140 -105 -285 288 379 -518 610 81 -777 -229 -285 -159 -90 110 373 26 44 -32 268 673 -364 121 163 -126 258 -81 261 441 -25 -223 453 -234 66 221 -155 -432 -620 538 25 236 330 -223 159 -315 -284 391 259 27 -506 -472 -701 157 419 -98 -361 110 207 595 146 -195 449 -153 267 57 476 -386 -159 -454 274 90 -60 -34 368 526] 3679.49
[13 71 -316 -646 -51 -680 87 -13 -154 318 206 -342 86 -18 -633 777 425 -51 -199 339 -72 303 376 212 478 264 -331 12 155 -484 -649 10 -93 -271 -256 500 -247 162 481 -179 -338 -577 78 155 -289 209 -751 -74 52 -646 177 196 163 733 221 45 -29 292 349 274 800 24 410 -486 638 -477 -105 -417 -1047 81 -366 636 -511 -410 467 -334 609 349 -312 379 12 295 430 -583 316 756 -198 -10 403 -382 170 -624 -516 153 100 218 62 -11 624 660 -190 -406 425 612 241 553 -201 195 -228 655 -702 262 174 -42 -241 236 -24 -107 72 -725 -496] 4325.37
[144 741 -426 -72 530 -151 198 160 711 355 -409 -107 285 408 -750 -990 170 247 -413 -5 -282 248 -182 3 -1 33 204 152 24 611 92 423 198 -558 471 540 585 -668 -369 -549 -186 59 425 -134 162 400 -313 -143 40 -263 177 -20 443 221 -788 -339 290 -485 -57 -362 181 51 -453 -577 -143 -379 -53 -1146 -484 -735 106 289 -604 -191 342 -343 397 -944 -949 419 351 -15 23 -138 674 -128 329 167 76 -583 568 -310 202 -229 -217 581 247 -50 1056 -486 -188 74 53 181 -14 -539 -147 2 526 470 -376 -453 900 348 -655 313 -219 152 -646 -13 491] 4633.25
[37 -241 -389 338 -80 -702 12 131 76 -180 -74 -50 -191 23 -315 295 -727 -399 369 -256 381 489 228 -356 198 563 -96 449 -88 564 450 -464 321 23 340 155 -492 713 -88 107 -486 413 -147 446 479 553 675 -279 -182 279 217 295 -118 -1286 192 -272 -532 471 298 194 -378 356 -138 -477 2 395 370 -157 -121 -536 -317 13 -427 268 -262 312 -334 375 -307 515 558 832 -615 -165 -792 -138 -34 395 269 557 -793 634 429 -69 -425 -214 237 -547 -466 -28 -522 -147 -52 81 606 35 -413 -327 157 -485 222 -15 737 127 96 125 184 154 -188 35 -325] 4261.81
[-77 1 311 -1037 -412 -433 -394 -513 365 -23 -164 434 -16 147 381 -349 573 -68 -350 -179 70 -380 403 54 -10 165 196 -19 244 17 -44 216 -171 -308 -107 -10 -210 -348 -20 170 627 -332 -45 -472 -236 -563 -350 583 242 -177 -374 -201 62 874 -162 115 344 -191 518 720 810 249 -66 -365 -171 -861 -928 169 -123 143 166 39 62 -340 -259 -281 481 -251 216 -300 -1066 -705 624 -138 684 -267 -98 -749 245 -527 654 66 -260 -178 155 262 81 -162 800 461 -473 146 41 430 -476 -384 460 392 -244 154 -540 472 129 338 -689 125 -61 -26 553 142 222] 4304.14
[-67 40 -433 -63 344 192 25 309 -631 361 512 267 268 -315 99 -1 463 -175 -111 -488 -396 468 -211 278 286 140 603 -348 522 131 -76 399 102 481 -441 -58 172 -136 -578 117 -614 157 613 -589 350 461 -355 -592 -788 433 460 -191 243 -757 -945 -61 -46 97 -385 225 322 -194 -273 -98 304 758 -532 -512 715 -82 211 97 205 -720 318 -18 449 -112 -992 -263 106 -59 656 446 -208 -350 459 602 841 -447 -456 267 -155 110 449 439 57 674 756 866 -193 391 -37 597 -462 -8 157 85 -600 -529 156 706 686 -186 -373 -497 239 -460 -651 210 -268] 4633.09
[-23 234 126 -33 985 -341 -73 -276 -1014 -606 60 -134 -671 90 -338 265 -95 727 310 -27 -36 520 523 48 -334 -279 77 70 234 601 -65 512 -794 -3 388 -239 -318 171 976 -373 -182 191 -78 -265 342 295 -199 -604 -128 -33 -328 42 95 111 456 997 -178 461 -252 -470 533 218 -168 461 374 -47 358 496 -18 448 -442 466 727 -411 -118 -1037 -108 -356 251 -192 -54 -104 232 -297 43 278 92 -125 -178 -435 258 10 232 -133 -249 302 374 -476 -313 260 -361 -226 -367 -267 -334 -222 -22 -270 -82 -449 276 -818 42 207 605 -262 -152 286 84 -339 -548] 4203.56
[-185 234 -312 1074 48 -152 516 -248 297 -623 348 -10 114 -167 -183 786 -640 148 -745 793 85 590 400 -598 939 105 -519 -1024 56 7 -330 -862 85 316 -12 -250 -328 451 -654 -700 184 -796 38 -437 -103 -319 129 -457 124 -290 -368 794 809 -519 129 294 14 156 -136 -257 -427 -248 632 -241 -198 -130 170 119 -91 218 55 -224 390 -648 965 -234 -590 -39 26 156 -365 146 37 903 -58 -152 -676 81 180 -469 41 -650 -767 -283 365 503 547 -130 -659 -332 -58 -3 437 -22 -383 295 339 820 399 452 219 -468 36 -438 523 446 -691 188 -514 -514 -306] 4865.83
[-231 -591 10 -451 449 -70 264 0 213 362 478 204 332 -428 -633 686 -477 -610 -712 2 -609 -252 -183 -197 -607 772 -213 -394 -390 -210 -258 288 142 486 85 581 179 656 -305 -106 3 -119 -404 -332 -361 -357 -590 525 551 214 259 404 -413 -386 -543 456 -328 5 -325 -110 236 -121 598 -729 523 -380 -21 -746 -655 -381 278 -513 -780 342 -941 490 591 3 -453 -581 -384 522 359 -33 -54 347 159 457 373 -86 315 -96 -442 -282 -323 -407 90 723 -229 -235 -482 8 660 -450 35 -487 382 173 274 -32 -471 534 -114 451 -308 320 -916 -111 729 -298 415] 4630.85
[745 -543 -258 621 -213 502 348 741 729 188 -107 108 -133 218 384 -409 306 836 -234 -670 -310 81 251 207 -437 -210 546 685 157 -132 472 156 390 -181 129 534 190 -352 120 -374 -435 -323 -90 207 33 404 -16 -251 -590 479 721 -492 -355 636 61 469 246 -172 449 -461 -380 -64 -13 909 170 962 603 446 -214 -120 115 -62 -120 -36 205 -264 -27 -443 108 -57 460 61 288 -755 -372 -472 -260 174 188 669 -185 481 993 -74 -163 321 -183 -214 32 292 -299 149 165 -286 -299 -468 868 -1395 -332 1 -308 -257 215 393 417 406 -104 -78 282 137 181] 4523.78
[652 485 -293 -83 57 40 -732 539 -258 9 -168 -317 93 296 425 -597 8 -201 -245 -516 -202 145 183 229 -120 230 279 763 507 -355 188 358 149 -290 11 562 325 43 598 -51 363 -747 119 -154 -523 559 374 -174 -365 397 -393 -87 418 230 -31 -187 273 465 -232 -442 -8 -75 -533 -344 -1011 704 -365 -89 -158 -774 268 458 189 -11 81 -178 311 -641 -305 -257 -173 -413 -178 -462 655 -718 -269 -1155 257 -170 907 1141 821 374 785 -6 1092 -296 -224 -25 -716 80 -306 275 88 -119 203 -331 -165 -287 -365 5 353 75 110 262 -426 52 319 -383 688] 4641.41
[-330 -376 78 -936 -447 231 -521 198 750 829 145 -307 210 -475 -192 -739 503 -337 209 -754 -699 -667 -303 674 -158 -122 661 -30 -278 -237 1087 -273 285 -377 -203 497 734 -165 -324 342 -289 -13 -84 150 49 -118 86 328 -379 186 139 -200 82 489 -627 -442 4 -531 210 180 -112 -206 174 -254 422 185 -280 -102 29 -183 82 -415 -483 390 219 257 345 306 228 185 -212 145 -467 -164 -489 -621 260 171 31 -705 193 372 11 299 276 -148 -142 23 193 150 324 -333 -243 456 580 283 -928 18 42 228 66 837 945 292 -69 -218 -91 118 -46 306 611] 4323.43
[-232 -476 458 -397 -33 297 168 -187 454 75 -54 359 170 83 -54 234 -139 -248 53 917 -273 -755 -21 -96 -274 -490 371 -136 421 -631 -426 -422 403 185 -259 197 508 -103 673 -14 350 -126 -259 351 152 -619 -289 2 577 -118 416 213 -302 585 195 -305 -364 119 213 -249 35 -755 560 -515 40 -752 -11 437 -422 456 581 -244 -938 444 520 -342 532 369 503 390 44 131 -466 496 33 460 -546 75 -298 291 -268 -78 -438 125 -557 -576 -209 -261 54 -562 339 56 -656 -204 477 246 -124 174 -447 466 48 61 93 -660 -182 289 462 467 402 -100 -729] 4242.78
[100 -39 -148 40 25 297 117 111 426 124 804 931 -23 -80 -93 -175 559 -451 317 -120 -351 706 -742 598 -450 -54 563 -70 846 -914 -231 -560 20 7 904 174 -353 -249 491 355 -120 558 -444 -308 183 -244 619 -328 46 869 -244 -301 -383 -136 -409 194 -225 -518 -233 -893 -373 297 58 760 -64 2 -376 -263 -303 195 -169 464 490 405 614 -107 -373 -846 543 -248 -265 95 -134 5 -13 -387 490 693 60 -349 289 196 350 406 317 -746 -486 404 -912 -35 198 -203 177 25 151 -310 -807 543 -67 -263 -196 143 318 386 259 450 147 140 -706 491 170] 4581.99
[-292 -98 246 561 205 -293 -466 -140 367 -499 -55 1363 -344 -68 -88 163 -448 257 -134 78 -15 29 66 -113 -104 633 162 -27 -196 444 -222 -394 233 -149 242 -27 -570 224 -367 -105 -290 412 -387 -227 760 -1067 339 35 168 -42 450 -333 547 -845 196 756 -228 -424 636 -437 -673 -16 -51 363 52 -858 -272 649 -896 -232 -456 -121 -155 132 -365 -257 365 -363 -31 -227 -228 649 -121 393 -950 -286 70 633 -228 -61 22 -95 -207 -336 247 -274 -257 550 -536 153 379 47 315 -123 -531 -291 -25 -201 -42 -524 253 -938 -233 167 594 600 69 -175 -124 213 -502] 4440.77
[341 142 -234 692 -119 357 775 -371 18 -245 -580 -377 -209 394 -28 24 -79 890 0 -250 -171 -242 218 -372 600 -300 -53 -418 -392 137 528 269 169 -398 -432 151 378 -152 -401 13 95 -722 435 -112 -1 462 -301 -33 -975 -348 258 -255 1203 333 -349 -35 579 557 405 521 -463 -554 -195 -25 646 387 328 74 -153 -331 370 17 42 -101 377 -682 -135 120 -896 196 479 -474 52 -314 -192 -528 -730 -161 427 168 -462 -576 -1079 13 -241 1203 540 -674 196 474 -239 46 450 174 -779 112 503 -608 127 328 342 -514 226 109 585 189 -491 24 171 410 -572] 4734.38
[99 -525 330 -99 -452 -347 6 104 -514 -496 -447 5 456 1020 -371 -603 -496 301 107 -385 -508 -74 -98 -96 -683 -351 568 -53 65 672 212 422 152 103 -652 712 262 -50 814 830 -446 307 -561 658 -4 1014 -511 -107 -263 84 -681 412 -494 66 328 -489 -10 -56 -127 324 706 -371 127 -78 499 -296 506 -232 -138 -713 -271 437 18 -13 184 -111 338 -195 -15 71 216 314 -71 -922 660 207 -172 -650 -471 -136 -244 -417 -507 -274 161 -47 935 -517 459 -174 -502 -446 116 1337 -220 269 -655 151 -100 -346 91 593 134 493 -182 681 -275 169 -174 -115 638] 4775.58
[-285 14 -242 122 -139 51 -189 -247 -308 -200 -77 549 -422 175 47 414 -41 752 581 191 -53 -809 344 121 -838 -209 366 91 -508 -112 -292 232 912 -498 -131 -209 -32 -80 -80 -227 -539 49 453 -399 -76 205 -89 -4 379 -84 994 -133 -219 260 551 1024 24 254 137 146 619 -722 32 -92 326 -286 -339 643 -471 321 125 427 -274 211 -530 -570 -213 653 450 -265 -383 402 718 -183 -983 409 90 -237 -521 817 -368 55 287 5 -873 752 -581 -21 -363 -103 -352 97 -600 347 -562 -304 391 -529 -313 42 -36 -338 -649 -49 234 39 766 -181 45 -256 -1061] 4624.33
[-481 -161 190 615 453 477 -841 -543 -343 482 11 -399 -388 -584 596 -33 -699 -128 -62 158 -204 -135 -116 750 -367 403 -591 -398 -161 387 -128 72 -720 59 -294 -194 -190 557 533 375 -735 243 -781 473 -182 218 42 472 -441 -599 -591 86 -38 -958 574 106 -64 -465 -241 -1012 233 -363 151 231 -280 399 490 468 83 297 238 295 -280 836 -917 760 250 143 95 -438 155 199 -31 50 -119 821 318 -587 -96 314 287 328 441 -81 -357 -874 178 696 -224 77 -96 141 -122 -359 559 104 -576 -596 895 -298 -391 -119 -675 -136 233 -251 -284 -240 177 -399 192] 4722.35
[118 -338 294 421 -497 -237 -236 -291 -378 -214 -128 -539 125 224 -513 -369 92 1103 -57 -468 -21 752 -335 -178 155 -77 -150 -186 867 881 708 423 -191 634 -212 -591 741 92 83 100 11 -79 -259 -501 506 241 -88 -314 -171 -82 -224 -649 831 248 19 822 -137 -183 -587 -11 -41 17 -675 546 462 198 304 197 470 -132 -160 448 290 128 422 -69 -88 98 -31 -885 279 -350 -361 350 -102 -339 -611 12 46 -106 413 -1115 -442 -664 -79 -69 445 -265 -27 -179 309 127 275 57 -337 465 -218 492 -637 -363 800 -209 219 -178 533 404 438 -583 -133 784 233] 4530.53
[-592 -551 -69 -104 -626 -396 -166 13 -50 -533 519 -329 -744 -192 -479 593 -74 745 -673 -512 -626 803 604 35 178 -58 -79 240 1172 362 102 881 -92 633 -838 238 246 37 -90 -347 -109 -428 -340 302 172 -147 65 252 -547 65 -825 -499 -131 1367 661 742 -69 103 26 -287 253 39 -429 315 -399 164 384 -110 34 273 -93 426 275 428 128 -478 -260 400 79 -325 222 -387 285 -13 -81 -106 -102 178 216 163 267 -499 -338 -773 -349 166 222 -560 -341 -523 -463 -56 -76 44 -326 266 -104 -72 -1023 127 89 88 455 427 -407 52 -137 -180 636 -359 448] 4607.03
[-172 -405 210 -917 619 -219 613 380 -367 163 -124 912 106 239 -967 -166 532 -646 404 76 -308 -10 -352 202 78 77 734 664 195 -209 -564 -663 98 447 866 429 -290 71 975 26 -180 166 -175 319 15 -594 -395 -477 252 289 -533 -521 -442 -225 -224 -541 -342 -384 512 74 -784 220 1269 -218 135 -203 253 -313 -485 -333 177 125 -565 -285 -242 -482 552 -682 -279 119 -39 237 -151 -242 170 -41 -273 526 861 -1021 307 -303 -427 -79 649 -377 -113 95 -187 129 426 72 386 230 152 -144 -363 434 -828 -729 -370 506 105 68 -281 -42 467 13 -140 114 -628] 4782.7
[779 636 422 -71 527 49 -206 44 -142 -249 -261 264 52 261 610 -61 166 -676 17 -259 290 -29 -149 -536 82 -423 150 -224 1680 -744 -83 818 -446 183 -213 -856 377 54 -350 814 249 84 -234 -516 373 178 -476 -132 -520 457 122 366 338 -432 440 -308 22 -86 -586 154 -69 77 110 279 63 426 51 -333 980 55 367 -3 767 -517 331 -76 -240 477 -1039 -143 -443 -724 118 722 48 -955 -617 277 167 -279 188 -621 -809 701 300 -85 -318 -601 -122 462 -577 120 42 392 -193 -236 27 598 -177 -629 716 1037 -392 -788 -29 165 -300 -609 55 735 -205] 5053.67
[330 136 47 363 1141 -269 -76 -593 -37 333 -92 -495 420 295 -231 319 -83 326 -276 35 658 75 -115 349 252 -275 -304 -463 464 -963 -310 459 -385 125 221 -630 651 -85 56 -575 249 52 3 -439 426 40 -67 65 530 -976 477 -417 47 581 -128 158 -228 -393 613 -89 -5 -266 96 -531 -334 -509 15 172 -75 286 -304 -41 -26 949 -123 -97 -123 1325 481 -290 -472 -398 -239 304 288 -164 242 199 -97 -139 121 -469 -306 -6 230 -642 -658 86 -172 -169 30 -146 -300 -484 150 -441 -781 749 -271 86 334 -320 -520 -286 -396 320 -599 -205 274 990 -160] 4472.59
[632 -231 -169 152 360 -258 -124 446 25 140 395 375 182 27 429 141 -1242 -29 -174 226 48 280 -1029 724 49 111 -283 332 -384 -562 142 241 259 -387 500 -178 123 6 -307 -24 25 -550 185 141 -787 306 609 169 422 334 -393 -77 92 457 -231 -372 -200 -423 -287 -533 -387 -53 307 144 -200 252 61 318 -23 -198 -86 -839 -744 -466 -155 -619 -195 15 194 76 -159 449 136 -194 -152 -608 207 740 -504 183 636 189 618 948 526 -86 119 -232 -694 -74 459 -438 527 516 110 -433 661 426 568 28 -127 281 -754 -133 -173 831 -322 -446 324 -133 27] 4420.77
[396 156 412 718 -69 280 165 -144 -249 -197 -841 -501 -144 -94 627 -834 -1142 480 -409 37 -622 510 -591 124 -8 -232 40 -191 -227 29 355 581 -403 88 221 368 446 -364 -131 -181 -77 -88 102 -202 -54 720 -223 -372 -446 -260 -145 8 129 -378 -15 -796 508 -259 -220 -1049 -731 -500 -295 -217 185 399 651 -261 679 -396 864 -668 -486 -39 282 102 424 -312 -134 92 584 -128 -248 -37 199 -621 -626 53 -183 -51 -98 -634 -55 255 -420 -44 246 -4 271 -160 746 -309 -261 -647 -611 179 341 -102 723 -305 367 -630 -485 -677 318 338 -89 135 308 673 -25] 4582.98
[-22 108 -312 1012 -345 -116 398 1458 -82 -3 -53 253 -256 402 208 79 -681 345 -160 -594 -424 811 417 -452 -559 612 154 201 212 941 902 82 116 21 162 713 205 622 -452 -114 73 270 -128 16 -1131 130 -37 125 405 819 796 260 -370 -518 -132 -579 1157 542 -80 -264 -331 -132 134 -137 -137 612 1009 521 -126 -256 91 294 108 -1407 -531 -98 -300 -215 153 -406 -133 1266 -143 -204 35 -501 -502 -208 -395 -301 -926 359 629 -228 805 764 574 535 163 416 746 793 117 98 -340 165 840 -960 -244 -448 -523 8 -94 -372 -113 398 115 -3 -197 -806 815] 5564.96
[491 197 112 393 291 997 159 95 147 -632 96 -457 1003 -194 -432 -415 711 209 -663 -227 166 -750 -393 -578 132 198 -142 -139 238 -28 380 794 488 -11 -702 -356 309 73 -180 92 -643 -224 -244 -196 229 -9 -388 206 -762 -304 42 -587 -247 -237 -196 252 441 -888 1085 -178 -422 302 -162 245 144 139 562 93 63 -427 -779 -458 612 984 343 -3 910 -226 -289 -240 229 -150 507 -346 -309 -454 -133 102 -235 169 59 -777 -807 -238 -793 181 -16 -142 -93 -369 29 -36 -304 -407 -734 -246 1124 -390 -637 -789 461 -112 24 237 798 -235 -887 -751 1154 765 -415] 5178.19
[-34 1086 630 -86 -143 406 -454 -42 -130 -575 -42 170 334 501 -275 -280 -89 685 639 326 739 -309 -263 494 219 2 1 -254 -982 597 -519 86 129 357 203 -633 -1138 -361 544 -47 -583 -601 325 299 221 261 -151 -566 -370 353 -1068 -302 330 226 -329 158 245 -496 -466 -237 657 -493 19 857 58 276 -521 799 373 -90 -569 -661 57 143 705 -278 83 -1430 755 -230 582 798 504 -531 -128 156 484 -1304 -641 73 24 438 -415 177 -521 471 1267 -309 130 19 -857 -49 -203 645 -14 471 38 -540 -432 -157 418 -237 -236 208 597 -185 429 366 604 -511 -207] 5410.97
[-470 -372 -744 33 175 -65 375 -133 25 -175 -469 -110 -705 391 -441 -409 299 681 -173 -91 -483 536 912 -422 -403 211 1 -978 -742 797 -4 75 829 -279 -350 441 89 -106 566 -88 -957 489 304 551 -395 -136 -135 -56 -212 -332 830 -612 159 85 -803 322 -139 599 691 482 -140 -226 -469 -415 419 -712 174 -447 -821 -190 -523 611 -307 219 -136 -100 557 -552 -288 553 92 -85 662 -529 66 764 -472 -697 -575 18 -265 -314 -243 18 -29 66 -123 -210 269 -203 824 194 368 -475 -790 398 -354 -28 309 629 78 -789 -584 436 118 200 -40 160 -200 -61 542] 4883.91
[247 683 -383 -139 8 374 -228 737 -375 -18 341 -381 -179 169 32 218 -45 -915 10 29 -146 933 -242 153 -649 830 -373 15 -105 -368 -276 -83 218 -197 -2 493 203 172 -332 1142 -253 -524 495 -208 -386 543 -630 613 197 58 -206 224 270 -33 -250 -192 684 -48 -538 39 375 -176 342 -705 -136 104 -155 -1155 -816 -574 514 610 -410 92 -736 551 361 -270 -610 -410 -128 -211 -19 -288 294 488 -296 -439 -280 -727 -741 519 191 599 196 235 966 474 -257 -386 97 -331 -91 745 -833 -493 -194 502 999 -288 -1060 768 -932 260 676 345 -169 504 242 198 -716] 5164.78
[-427 489 -156 672 -38 -1328 -142 -212 -603 -217 -405 658 -1176 304 33 633 -297 -107 200 419 5 -391 388 159 149 218 -200 550 697 -481 122 667 -1036 -276 201 -110 -951 178 -400 83 115 149 -108 317 659 236 105 -615 232 -464 137 424 -269 -722 858 -675 -715 118 699 -803 -139 137 -35 329 -391 2 -161 435 167 -13 751 335 -13 444 -431 -479 -1075 36 -2 -317 -134 684 -93 132 -388 -892 734 128 158 -451 -109 -295 108 -627 -173 -212 -341 -143 -539 -173 309 216 -499 -48 788 -57 96 -302 68 -409 489 -810 -44 -156 -35 28 -465 67 -186 -806 -623] 4996.26
[219 -91 190 -784 -120 -913 -577 -50 258 360 -171 456 -203 -19 -511 -820 565 -227 730 -273 -919 17 247 -533 -163 -37 -253 -753 -345 643 974 -1057 453 372 581 262 937 110 498 68 21 49 -1231 313 -416 390 -327 185 -989 376 222 79 -90 -210 -522 274 -266 -373 -546 413 -393 209 593 -582 540 395 1090 -294 49 -790 -96 -479 -1054 443 -271 200 -158 -703 -312 207 337 880 -766 -458 -458 230 -679 -471 -820 154 -1 555 569 -395 -350 251 -292 -775 -807 -738 -634 66 753 332 285 302 -593 780 264 411 -183 627 4 73 61 56 176 333 137 759 1074] 5610.11
[617 -236 315 -203 39 -152 -184 -356 -155 116 -185 -423 -312 429 81 -21 -649 292 82 443 -470 646 -202 584 15 279 -245 -693 -577 269 16 976 -314 -19 -236 -122 -421 50 735 -310 -552 596 -188 183 361 790 -756 -144 -393 -242 105 -361 -210 683 -526 -414 -107 180 117 273 651 -599 -883 -149 185 -276 -131 262 137 67 -601 -712 -512 388 -579 -40 778 168 -25 -338 182 71 101 -1006 -200 69 -477 -405 86 914 -762 445 391 365 -117 -344 -156 -86 637 987 98 -604 -364 110 -333 742 -415 -323 190 35 393 -562 -172 699 -166 270 -282 -340 439 562 -460] 4704.22
[4 372 -673 167 757 -1 -25 -372 -110 -133 -355 42 296 208 688 -1452 430 -252 -749 -291 -723 311 393 278 -722 -171 473 -443 380 224 -241 720 337 183 -524 141 939 -246 566 -1009 -686 -113 41 348 -15 522 -498 -142 -920 -857 -671 -697 295 43 330 395 -41 -482 296 -303 -295 -281 -126 29 -139 764 -104 -109 777 -465 -52 -162 -307 570 331 283 197 -289 -803 216 787 239 405 -749 864 -75 -296 -587 347 231 1083 -544 175 -332 493 -401 108 -451 874 -528 -1292 154 3 340 -109 302 -496 -218 291 474 -352 -256 981 108 -896 -208 -122 -641 187 689 1485] 5622.91
[272 -576 -76 180 -821 -720 -228 -599 9 -314 -425 -235 370 167 -259 112 -154 168 -340 -248 -278 486 -804 -14 -770 157 385 570 -375 418 647 1263 -159 194 -828 367 164 -437 -478 151 412 -124 -382 -436 -11 -1 46 228 -98 -309 -8 126 -232 232 -792 107 130 -20 8 -45 563 1149 -926 -19 624 67 -591 17 971 -167 183 -586 344 401 150 -142 131 130 -178 -401 210 -82 379 -462 193 -740 71 6 686 -207 -381 -280 -230 -546 42 -467 -251 -440 800 -75 228 -323 16 548 -346 -183 1582 212 -83 -173 622 121 446 137 -361 426 -320 -532 514 563 749] 4903.57
[14 -678 -417 -88 -1228 356 1329 167 720 309 -243 395 -408 239 1155 -507 579 668 -441 551 34 141 702 -19 219 415 -269 413 -407 -666 5 66 -264 55 -1039 -45 -1227 -454 -64 262 -80 443 213 606 716 331 -279 -283 -1056 -440 499 72 491 281 26 -160 -544 282 374 642 -427 -854 -372 941 -331 660 -25 -227 111 397 -21 -235 385 -261 698 -254 -237 -559 -44 296 685 -314 -211 -409 543 -34 -291 122 155 905 -301 -105 406 -779 177 -289 -39 -646 585 242 75 -557 -234 -385 -853 262 211 -480 199 616 -1 -400 1161 719 -264 179 -295 321 -690 575 224] 5454.23
[537 -675 71 7 641 521 512 -339 730 216 -49 -525 -151 -147 -96 894 -285 382 -1096 -286 288 183 186 -234 119 242 -7 -119 679 -456 598 411 -653 -320 389 12 -26 -163 -265 -231 -480 -181 -246 -3 -549 -500 -408 -1 -100 -466 -161 -394 636 636 619 366 697 42 743 -488 274 609 -700 -86 267 -152 -89 968 99 -125 525 -125 443 396 92 -28 152 877 -87 -390 -400 -235 -47 -423 364 -574 -465 -102 603 -534 733 -272 -871 -224 3 -10 -564 -546 -122 368 -318 -247 -1136 -1045 117 -1214 700 -717 47 -347 408 -387 946 302 629 887 -807 -324 992 387 -456] 5355.16
[175 -378 -246 418 -363 -1192 -388 361 -192 375 -144 -631 319 174 -544 591 -773 478 -409 -463 741 1132 -461 635 701 603 -287 654 111 -429 -454 125 -317 514 514 -257 -243 -652 111 218 -460 -280 51 900 101 500 730 -928 264 -556 -811 -356 458 538 99 -1120 302 14 57 -554 -187 477 -768 596 -43 -58 12 -700 476 -347 -506 540 -341 134 720 82 -788 663 496 176 143 -501 -479 -308 318 133 360 650 156 -418 127 -181 -843 135 287 307 874 -530 278 429 708 14 -723 826 516 -74 -300 756 111 -181 321 -254 192 157 -300 691 338 14 -15 373 -360] 5344.38
[31 102 134 -348 -701 263 443 578 -7 29 -648 158 35 430 317 -954 822 -601 171 -261 334 -592 -292 -115 260 -567 58 162 301 -50 57 109 -168 1019 145 27 -615 91 803 214 718 -398 -241 67 -575 -301 79 268 -19 1036 -296 -414 178 264 -140 -238 579 -103 -105 464 -455 611 233 1133 355 179 -432 -146 -117 -45 -446 -301 98 -279 236 601 1 -471 1011 -106 -481 -88 342 -1038 653 -700 -127 -671 75 -5 -80 -92 -444 -7 -42 -359 -449 -252 42 68 -344 -115 409 132 -71 360 43 -722 -632 -243 -182 424 -412 -148 -186 34 51 -108 627 560 582] 4615.95
[753 594 1008 161 51 671 167 516 -438 -759 111 215 792 -123 127 -347 -958 -598 -55 361 -465 331 -829 -301 -825 -90 274 2 -89 506 -226 163 -100 -288 737 -585 1005 768 728 54 380 -262 -568 230 -434 88 226 364 493 409 -45 -2 185 -922 459 890 -10 136 -315 -578 -108 507 80 379 -31 304 195 113 -180 -163 -340 246 92 -209 -864 50 -734 -205 -200 -1096 43 -191 -92 -97 239 -70 -1173 49 645 41 1064 -697 337 447 42 147 105 -159 -577 -363 368 369 1230 21 288 -103 616 688 1556 -494 -811 305 -276 -225 221 609 217 18 137 246 771] 5474.36
[101 94 226 125 -333 -209 -722 -216 273 376 -80 -84 -362 -58 198 783 -46 -559 293 137 602 -470 535 -263 898 1037 -438 -913 -362 -692 587 -1144 79 527 224 -20 -531 280 194 -58 62 176 -897 -576 88 -641 110 114 0 -451 -526 -604 795 255 -28 -888 -151 25 414 -411 -1113 -913 -563 -539 -342 -85 -478 -17 -158 -163 22 -576 120 564 -114 969 182 -222 250 -179 -683 -534 -1212 -57 631 -234 -195 267 -328 -219 271 -175 -1381 -690 99 341 208 591 -537 -94 -84 80 -758 -122 -97 451 -441 -114 -701 -40 507 -735 -133 -204 537 50 602 7 514 235 -112] 5280.08
[517 -58 -331 -605 395 342 -524 595 668 362 -3 -724 493 -508 -351 -96 -58 434 -626 429 499 196 351 320 486 341 398 338 -607 -1018 142 -787 597 613 -137 -342 116 -105 -85 -243 -504 -636 498 341 744 41 -325 -823 335 337 -141 1039 1048 232 435 -450 -271 -360 -560 -125 -1041 -596 60 -61 -255 375 -355 -444 153 178 -466 -286 448 -92 487 -426 -515 322 -337 -577 -310 194 -332 250 -211 21 -185 448 771 -1106 413 90 -174 202 431 53 828 -262 -456 -110 258 -537 -871 474 -123 -251 110 1531 172 -286 567 505 594 -50 -25 -150 -612 174 -150 28 -733] 5238.98
[710 -320 -384 726 -579 461 694 124 518 -519 28 112 368 666 461 -142 -186 153 -405 -319 -444 -343 1169 -57 553 340 -442 -676 -75 -931 1034 -706 -661 -426 -206 497 497 -626 -551 311 54 11 -1252 59 22 -205 35 431 -253 -23 -793 -332 471 424 225 -475 17 -148 830 81 -1721 -997 -399 -245 -250 174 -139 503 254 -851 875 -325 261 593 674 117 -5 -603 -688 -190 -372 -464 -361 -329 711 -516 -370 196 -91 270 1179 -296 -369 -264 263 -250 478 -160 -1023 -247 -429 319 -779 304 -567 92 -112 -430 571 -105 275 -1026 840 309 342 773 -1165 183 214 -499 233] 5843.95
[180 -458 -190 -230 -748 497 227 369 22 -535 -645 -1029 -239 -94 386 -316 197 89 4 341 43 -222 -72 177 -410 -396 33 -50 -481 87 1383 -82 227 -166 168 -161 -144 29 -222 253 134 -23 433 212 266 -225 176 -55 -351 -484 239 -1124 -775 196 -1056 -245 -814 -1 980 100 -271 295 215 -625 -222 377 -141 156 93 124 1479 -851 -288 450 -270 -199 324 239 1066 -196 735 -294 -404 724 -341 -1329 -907 -88 -132 -314 -298 20 186 50 -725 -761 -387 149 -524 154 1020 -518 -568 -1038 583 617 67 -239 150 107 252 -342 979 606 228 -125 571 112 343 592 95] 5403.79
[-783 -158 -181 381 -926 411 345 -625 1088 203 -279 285 -174 -418 -408 10 -301 46 -110 273 -972 -256 48 335 796 454 -469 -571 -524 35 90 -744 -63 -379 -523 67 331 103 -706 -433 154 -536 -589 165 -379 15 -123 467 175 376 613 412 389 99 -832 41 422 -10 214 526 -201 -610 -293 -456 345 -75 -816 183 -436 101 313 -485 -161 448 552 316 -410 814 348 178 -965 60 4 -19 -867 -407 -931 -497 722 221 -215 470 68 -56 -30 -95 -433 -1066 -718 -734 -12 -347 -36 229 -271 275 -73 588 689 981 -489 -53 1004 78 -403 43 -861 513 -32 -26 83] 5140.51
[75 -199 -794 599 -153 35 250 624 193 -101 -51 -620 412 218 -187 -896 -103 -624 -6 -342 -622 378 -386 330 188 162 344 -1016 -405 545 740 -555 404 157 211 334 -166 266 -529 -414 -203 -142 -378 39 670 389 718 -67 -84 -264 -96 -555 -72 -541 -589 -231 9 -428 711 -263 -824 54 -284 369 -265 348 -452 59 -442 -202 -541 -119 -299 2 849 402 -554 -264 -94 211 362 250 160 81 -249 -1031 -347 -7 481 -700 -509 2 -162 -233 0 -108 626 153 256 -62 -46 -69 372 883 400 611 -645 248 67 326 251 -398 1481 882 -368 -140 -214 276 -320 -468 306] 4806.86
[-92 1035 -216 506 414 -508 -405 -34 -499 222 -501 -82 -309 -208 542 876 -82 494 -108 -541 421 -23 16 382 658 -41 -461 309 506 -919 -410 640 -570 -453 -159 -69 133 -478 -106 108 -113 -21 -445 -167 221 -178 361 -682 -793 -161 263 -159 454 288 549 -304 184 94 59 -356 -21 445 -1095 509 168 -201 -533 181 -88 80 -522 520 186 -287 512 -481 399 640 -615 723 -82 -364 -197 -226 620 -456 200 773 -544 -68 364 256 -1137 -12 -449 238 -391 62 204 539 -966 -693 -629 127 157 -466 -249 -504 -301 8 367 -538 702 -553 190 457 -114 -48 -427 -55 -412] 4834.34
[219 152 -184 181 -489 157 127 391 359 692 -403 -68 711 203 -262 -627 -334 -165 612 -481 235 -221 -175 -637 -713 -5 45 -311 -860 3 364 -326 761 -188 220 -24 376 366 88 413 -1293 1183 -788 -80 262 1040 423 14 27 534 486 -181 -533 -464 -704 -53 -314 -147 -61 485 -289 -611 38 -184 145 301 419 -1213 44 -406 -815 417 -524 22 -79 757 90 -399 -188 430 -422 597 890 -896 -410 855 -181 323 -363 446 -320 -52 -214 316 -1149 -18 -259 518 -463 -104 -355 134 321 757 238 255 -206 -257 302 -200 -671 1004 459 -531 -625 -221 376 193 -693 -31 466] 5277.86
[153 -108 -1296 633 811 -470 461 347 515 752 93 -240 -55 259 -157 238 537 96 -219 426 358 -224 651 -54 631 119 -109 208 -169 51 0 1 708 590 251 282 325 -750 -324 -807 45 -15 704 104 -20 728 194 -610 508 351 1210 322 -8 723 -382 -1246 448 695 -320 356 -235 -564 -767 0 -649 600 -819 -216 266 -52 552 -89 -433 -467 90 133 -58 504 135 88 -408 -283 430 689 178 142 102 -164 608 277 -531 317 248 83 391 896 -169 118 458 91 285 588 -951 77 161 -199 539 -120 -474 122 -107 -4 279 -245 -1101 -757 -99 24 -380 -768 -189] 5127.01
[-291 -195 -651 -106 -174 -231 11 615 -808 644 719 61 -1147 -396 129 -22 345 -107 134 41 -185 562 524 979 -199 -90 -246 79 116 166 588 -283 -794 404 268 -125 -286 -197 432 43 -770 128 -268 884 389 -51 226 -635 -172 -616 -757 -59 -405 -140 810 475 -718 -537 -505 -453 -868 590 383 908 -155 271 239 868 526 -62 -298 -231 94 -483 140 105 -405 -1216 -205 108 -25 -60 -126 0 399 187 635 657 -533 -994 -202 235 884 -529 1281 -588 -114 502 -759 -285 -1 -19 -682 217 255 -68 -934 219 77 -618 521 -344 93 -188 1096 410 -419 99 -477 -978 -534] 5486
[-57 211 482 -272 -496 -523 -524 689 -17 1114 -359 -771 -317 -271 619 460 465 133 -5 -2 303 -668 575 -194 -195 131 -134 781 382 90 202 -199 -73 543 -251 -134 371 -268 513 -130 700 -908 305 -257 459 -556 -382 109 208 -444 766 1290 -209 593 1170 -308 -66 325 -292 870 207 247 -142 566 536 -487 829 -968 151 -52 -165 559 -893 503 543 -99 -120 269 156 136 -660 -719 -175 -154 161 -535 182 276 -1120 472 -883 -190 -623 -67 -233 49 -184 146 425 370 126 146 -599 1 -1 -383 -90 106 26 -173 171 296 -890 -371 -95 -338 275 553 335 1088 66] 5212.38
[-559 -84 -1018 -359 103 -136 -1101 -319 -795 -65 425 -182 -143 -236 -169 679 558 -78 611 -133 177 -648 765 177 -739 117 95 158 12 78 372 -375 229 -264 -313 -33 181 210 382 -3 -761 61 -166 -252 -78 -364 -260 85 84 -701 702 650 324 -200 391 631 -455 234 -406 68 169 -393 -327 -946 324 190 -106 -219 -511 759 62 839 545 787 581 -403 181 534 189 268 -393 -649 -658 -127 230 128 -128 277 -947 -120 -32 -16 -409 -514 -1004 -3 128 -489 -363 0 -659 -343 -1371 -167 199 247 -630 -275 -72 230 153 -655 -50 -554 765 -109 674 468 -372 -575 -406] 5022.57
[-650 -90 -449 -348 -886 626 53 474 44 522 -368 370 -817 -32 69 326 -305 3 -359 247 75 -738 144 572 284 728 -472 943 333 -174 -779 123 217 114 -610 291 -691 778 -312 -314 111 -285 -119 -575 -69 -56 356 341 424 -422 114 154 -375 -350 203 -743 -101 -33 477 511 -368 -516 347 -495 -807 86 -533 -161 -351 383 -4 80 -1149 -202 -9 482 -101 256 761 455 -680 87 354 383 -667 -273 -327 -707 161 26 174 137 291 -387 -1022 -141 -79 298 338 -208 747 777 -503 -534 182 457 552 -558 525 344 -457 79 284 -584 -570 439 190 433 392 -727 -996] 5035.2
[-321 -722 741 -880 269 -232 -321 313 -254 -86 793 -168 -361 -372 -584 383 -797 -102 581 -244 -660 -305 306 520 -102 -259 -13 177 -483 407 187 -755 133 -467 440 -27 331 95 94 65 -613 331 -264 597 -379 -1098 364 -367 342 298 -1137 -10 -677 505 -159 -213 -422 -84 89 505 16 -256 13 -924 113 -638 326 -28 401 -154 -84 -742 -66 -23 -430 -352 95 -700 358 1172 -73 590 -290 -177 1 25 633 155 -824 -495 161 476 -182 91 -92 -148 -8 -16 -871 -155 278 16 -484 3 473 186 -666 321 -91 157 403 -281 284 63 267 -77 431 355 489 -560 -386] 4756.48
[-380 -407 106 -479 -1164 323 30 -80 907 -246 -577 26 -599 588 -121 -878 547 746 -201 469 -411 -483 506 -199 217 657 448 309 -181 -368 676 119 842 -52 -847 236 -452 -247 253 49 -411 -74 -325 -136 273 227 -282 -186 -898 -168 7 -56 -212 295 -263 -429 206 -593 559 492 -306 64 436 269 -64 -65 473 113 -634 194 -113 -216 174 -654 592 -1145 6 -187 157 -144 -743 -1432 -11 305 -375 -1193 -1326 -95 -19 133 -226 593 -649 -330 -607 948 -34 -1024 214 229 -236 -666 -792 706 -1271 -887 61 29 176 -427 -278 381 342 553 239 354 -517 455 -608 105 -558] 5604.91
[836 -224 48 -368 -23 -190 -815 -29 -181 4 267 175 -258 -435 112 402 -282 81 -776 -753 -19 349 462 632 -747 1260 -832 391 -785 56 -542 -151 498 215 136 -828 134 -186 51 235 -268 83 -456 -130 190 -243 8 98 -958 340 -78 -176 -208 292 -161 771 -33 -522 -219 526 -170 195 -346 -122 358 28 -582 -590 -124 -732 -1260 -490 -82 101 -482 745 747 -16 -414 180 -412 -13 -252 -1183 -721 301 284 491 -231 526 615 770 590 -357 489 -76 103 624 -792 448 -1383 -578 -52 148 145 -97 322 248 -136 -202 93 187 29 452 489 -185 -1090 -683 870 710 516] 5386.29
[-82 -177 -409 348 -622 -840 -574 -283 -492 -322 192 138 113 -30 289 -677 1109 -39 -498 -122 27 -507 343 -278 594 440 -784 145 706 60 612 662 -330 420 -856 422 162 320 -173 882 645 -404 -231 -105 297 -18 -22 -229 -193 81 1430 647 493 -1028 -447 250 -348 -418 -362 517 41 513 7 435 80 570 -594 1001 54 444 -318 -445 223 -562 671 441 749 393 -166 -246 -847 -514 -393 99 382 -806 -888 -435 567 -611 -743 -132 -46 -1136 155 -601 318 -422 670 137 617 -171 581 -181 16 607 352 1009 80 330 1008 728 -521 -513 716 233 -588 -820 -430 269 308] 5691.79
[390 529 -879 -73 852 -450 213 341 -788 -250 198 104 -95 -425 -215 236 -476 -41 -162 -170 -726 788 -345 694 1 -596 -670 -931 346 581 120 1312 -597 73 -353 60 807 468 61 298 -416 476 -627 209 398 808 58 782 -497 212 755 -175 -66 373 -164 494 -121 729 415 192 96 -682 -474 -976 -368 105 47 -361 -81 -59 -450 -306 -68 736 -847 339 383 508 -412 -25 235 -46 351 -209 535 190 -429 383 -142 48 -736 -422 290 40 -472 -411 -510 -115 -228 -367 -218 217 174 -105 -306 298 -562 -171 195 -546 120 252 -91 -79 -473 70 -887 -511 109 156 -74] 4914.89
[-317 -346 120 886 -633 498 -543 186 -144 -418 -230 -171 405 -429 204 378 -672 318 -278 -667 -461 -27 -83 268 -24 804 -481 -344 -292 -479 -6 -267 502 678 -301 800 489 272 -887 310 163 -353 -501 -503 104 99 150 314 482 171 640 204 -722 -1150 -228 143 677 -484 96 -279 -298 -342 340 -172 -188 13 -63 326 242 68 404 -113 -638 -36 -407 1243 247 1015 138 -175 -658 98 -472 671 -648 -299 -321 130 607 192 -910 723 -498 -641 -995 -111 727 1218 93 -447 348 321 -573 24 -111 -129 -205 35 684 258 29 555 -643 -197 217 617 62 -118 -185 383 -1230] 5276.36
[45 -336 110 -151 -752 -870 -385 -210 1455 945 152 87 -631 -112 -430 -226 375 184 -580 -148 -671 592 366 93 -362 733 264 -166 -99 -387 151 -307 251 -291 -64 154 437 -836 -770 -247 106 -31 36 20 294 -329 -975 456 -304 -578 1679 -380 -289 1202 132 -293 80 -395 -84 255 -389 -549 -515 -25 -150 -400 -18 -1044 -790 -69 141 54 -1244 -262 -668 -206 -153 -77 -585 -268 -425 -222 184 -37 -505 465 54 494 -334 420 406 -583 560 -233 383 352 -1244 941 348 758 544 271 375 270 -896 -53 129 828 -201 681 -572 -144 -551 420 -908 120 325 -304 -264 -18 350] 5621.33
[329 -1004 14 -722 100 -358 -453 -471 501 1637 499 -424 49 -729 520 -314 -236 133 2 -411 87 786 -403 686 -325 700 182 526 -773 30 335 -525 -711 -268 118 289 441 190 -251 -300 28 54 -166 179 -168 -379 -326 156 264 126 778 854 511 -663 -971 894 289 -35 -1026 -372 19 -168 249 -451 474 289 171 -497 -80 -237 843 -963 -719 -495 -18 -96 149 -191 -500 -136 72 -198 -651 -334 -219 556 864 226 285 -428 -68 1142 1327 163 266 -494 120 378 197 367 -196 -173 181 -219 183 -507 464 141 520 -250 -762 249 913 -203 -35 321 -46 295 291 -82 -121] 5353.84
[110 -157 943 -737 -508 -7 -357 -15 507 841 306 253 -36 -700 541 265 -224 321 -277 -323 -210 -67 139 421 349 398 -997 261 199 -618 -352 132 -622 -206 83 -139 409 -129 902 -116 751 205 -981 192 -408 -481 44 597 797 221 437 293 -445 1210 936 -68 -76 398 -160 -55 -406 -328 -758 -21 -683 -556 189 569 -64 556 425 482 -117 957 217 43 317 543 669 -478 -367 -88 -623 -15 643 335 -187 24 -314 1145 1115 188 234 12 -756 -204 -330 -81 85 -354 859 254 -280 -1071 331 -108 -207 433 389 -274 -93 215 -660 -480 -81 283 66 58 898 43 378] 5259.96
[-128 155 -820 208 -486 231 -372 -136 -244 -735 -322 150 -238 -29 -12 22 -74 108 -321 380 164 -661 460 -78 364 -865 476 434 322 191 -229 247 741 -146 -392 -114 -391 119 353 -138 -811 -315 382 974 476 133 569 -724 -286 -371 -220 95 -607 -49 963 163 -666 -111 684 698 -43 479 72 -50 -695 -108 -136 819 125 51 -408 423 74 418 -67 -560 38 -186 189 558 -570 -152 1243 -9 -344 -191 -532 -860 -11 680 -430 247 277 365 -313 105 -473 -844 -381 -266 -191 -300 -481 153 106 34 410 162 -94 -73 335 241 -445 -667 387 9 176 -449 14 -402 -550] 4654.67
[502 -579 37 374 -278 -81 -1279 -17 112 -300 958 -816 887 -27 -1036 517 -795 74 -180 -795 -228 488 -920 -162 -87 651 -264 -68 378 598 1137 58 448 401 124 394 546 320 -193 606 -711 -355 -379 420 -12 602 139 442 -33 -328 -858 -493 415 310 41 221 203 -328 -610 -640 849 478 -69 547 1 215 589 289 -465 -941 -294 649 -656 324 80 144 -551 269 8 -1059 840 824 -645 227 -528 592 -50 108 -19 -77 908 -380 -706 503 -433 964 1068 383 -871 218 720 -12 516 963 1180 337 -220 569 654 87 -201 506 81 936 0 695 377 -394 130 -439 345] 5947.96
[-319 -88 -737 260 181 -614 -525 455 -699 6 477 -367 -145 -547 -145 262 -307 -351 -198 -225 -304 -149 -123 83 -426 61 -564 -438 -500 86 927 -253 -405 -31 42 -582 614 684 -904 451 -617 -6 437 282 -410 -135 554 27 472 -276 -1086 319 316 -44 864 504 -332 -365 -291 1009 -98 517 -804 678 523 -381 -243 -1 99 14 -657 497 -51 -38 -918 1 -1078 763 -434 -35 -828 279 589 314 -423 -51 302 644 -299 107 180 5 -259 -394 899 -188 410 236 -336 -663 353 -646 212 1412 -17 -524 -120 1100 486 -413 105 45 438 313 -54 -264 -511 -77 -184 -684 -472] 5271.95
[142 152 477 19 -332 773 -212 1070 296 79 -188 -451 277 109 255 -340 -121 34 -528 -348 -564 248 -408 171 -667 546 123 -124 289 172 -97 856 -321 -104 -230 -526 521 -405 -1037 -33 -1025 -221 329 63 -375 -19 -357 254 -238 157 -230 -998 729 309 191 801 626 117 -159 -282 754 214 -819 570 66 120 -350 21 382 -894 337 701 -34 253 347 586 -500 -550 143 -979 -145 901 467 -396 -107 -123 743 -363 -963 -327 1533 -419 -236 197 421 160 -577 457 -751 -447 -186 -66 -519 257 62 -192 -401 -458 139 -208 -7 233 -169 98 -122 551 -75 -331 7 69 1164] 5197.42
[52 75 199 894 -991 173 -460 -13 316 -650 -768 319 715 -112 -382 -492 -547 -162 14 516 207 510 -399 -213 660 188 -350 -202 -511 1271 481 -785 71 -41 -254 -318 -211 309 -482 481 -144 600 -534 -419 829 394 -189 -48 183 -485 200 203 -166 -1087 -118 -388 -72 -637 263 -357 -299 421 -511 -224 607 -283 382 -17 209 -900 -24 -697 370 -656 699 761 605 -513 -489 417 1033 493 -925 703 -831 -270 -610 497 -302 435 -254 -285 620 35 255 116 -50 330 419 -299 378 -358 -140 261 423 364 263 -644 250 -328 126 -777 -24 -722 893 -222 447 -706 -576 -253 363] 5340.49
[945 45 894 115 129 -332 -32 612 468 -175 -71 -368 468 279 631 757 -537 -89 209 142 -97 -229 82 -703 907 -106 -455 189 150 -279 96 -328 -425 81 286 244 -792 573 -440 -1063 568 -592 -135 -1016 843 167 -88 -159 273 144 267 363 388 -174 400 608 -296 336 195 -53 669 314 -338 -14 141 183 -483 522 127 -24 125 -1029 628 -182 194 355 404 -183 709 197 500 1053 -266 54 -240 -867 -245 167 297 -156 790 529 328 -140 -134 -103 100 366 -461 979 -744 -818 40 -508 401 187 15 -770 273 233 229 -456 257 132 247 966 -249 201 -57 -171 128] 4978.38
[-430 283 829 380 -975 -510 508 -166 298 174 -449 149 -422 -350 784 -220 -21 51 6 -436 134 82 97 -473 488 -244 -730 -273 119 146 103 -70 -915 -603 367 -460 -248 -603 -208 -119 253 648 -529 390 -256 -593 -262 -509 351 -200 401 516 -41 -434 536 80 -386 325 -60 -112 156 411 -691 598 468 -103 114 699 627 565 754 311 -233 -193 714 -376 -99 -314 45 697 -382 23 -644 -403 678 -442 57 295 -624 441 556 125 -439 -737 -1309 483 -455 -796 501 -709 -182 -56 -621 -357 139 -429 61 -621 1031 355 890 -671 232 -685 642 523 658 98 -426 83 -374] 5198.59
[-280 920 -795 650 -359 74 -331 423 135 -324 -166 -249 -309 262 -24 -169 -34 146 491 -254 -319 -21 -439 341 -471 -517 553 -405 860 150 167 -87 309 -211 553 206 401 202 -563 -427 225 -559 582 -536 691 405 352 -304 -245 313 -78 -6 -12 -994 -333 -137 -59 -309 -177 -999 -357 119 452 -61 354 88 -41 350 -768 -90 -43 59 -1115 557 462 54 -719 153 362 -86 261 92 -652 282 -710 -306 543 693 -260 -472 -881 403 565 -77 -1019 45 206 -395 113 62 -271 393 -215 -46 -240 -633 -272 -282 470 118 335 -509 12 201 134 134 148 784 -642 588 -786] 4770.28
[-302 74 548 -372 -94 -509 232 74 498 -502 -199 842 -79 558 -306 561 -150 851 282 699 -653 124 323 -145 149 -394 -962 -272 -680 150 -978 776 -901 -307 218 -251 249 0 233 3 -585 313 -1349 127 210 -110 -17 -165 -600 -76 -238 318 -516 1374 -61 79 -458 133 149 459 418 427 90 -114 -245 -373 768 -792 281 805 -910 -480 697 -43 226 -670 108 -1146 556 788 -397 -451 370 -192 214 762 -366 460 -1480 485 1056 -26 -250 -629 -746 60 -674 -743 -356 -518 -91 -484 218 -52 31 393 93 -232 423 662 -270 -159 -1032 -151 -42 873 -389 734 -536 -580 793] 5821.59
[-315 -232 -436 157 -425 -166 80 -1146 201 1070 226 -386 -96 -823 -830 283 -524 602 374 278 191 121 -587 346 302 110 -143 697 -892 -193 -68 -592 -128 -672 192 -39 -461 -19 -487 -649 -327 -453 296 237 -645 672 373 -368 -107 -204 -486 237 367 308 923 328 794 -58 -308 -212 433 371 -535 -412 -65 -97 267 -133 -276 -432 -537 609 175 540 -893 621 -689 1091 455 103 -163 577 417 -234 -602 789 963 320 772 404 -280 408 337 479 498 134 -733 583 -852 -78 -615 -866 399 336 484 180 -802 -413 -256 392 -709 -466 265 271 322 -213 -19 -536 -394 -143 -1028] 5425.76
[757 50 -255 -456 380 -98 -217 1065 -119 -726 348 121 388 914 -263 -15 71 -449 72 -716 -177 281 -176 6 321 -127 1006 847 534 261 -488 -171 -321 30 250 421 -199 -428 -505 -107 -136 -18 95 183 1117 435 504 -608 -598 827 520 -428 -849 171 -891 -285 -532 330 -17 406 758 285 -277 -220 -198 373 -700 263 -323 178 -349 -65 -561 -245 667 -174 445 -541 539 239 361 156 -622 98 -856 -196 -684 -370 143 -181 -114 1047 1073 233 529 422 524 -452 507 158 95 -698 460 -203 482 591 -47 183 156 821 383 206 375 1005 353 545 -56 464 -166 -506 142] 5216.73
[701 971 -378 -393 972 -415 -442 94 355 -5 -368 799 -438 385 695 -532 -431 -91 -22 -276 507 241 -442 -280 54 481 187 151 786 -335 231 551 -756 -427 895 15 -505 -124 -388 59 487 814 -152 267 -411 572 162 581 -319 76 361 -268 -277 -617 -87 -977 256 -326 -622 -986 -375 -223 -170 -601 -893 116 261 249 -248 -383 261 -610 -334 -473 -1041 72 -271 -381 -646 -325 205 10 -869 399 546 -250 -503 106 -1053 99 526 240 983 335 245 -145 75 -290 -227 -89 -780 -263 -90 -1140 -286 -903 -375 468 333 162 -124 -503 -806 405 -387 528 40 -743 206 178 733] 5396.72
[-332 20 37 73 -120 26 -243 -507 203 550 -610 240 -75 349 249 -168 -964 393 -518 577 300 -651 292 730 360 545 -262 11 29 -1158 -312 -2 -308 -368 -247 -186 -113 -157 -393 -17 -241 -77 -457 596 -126 -22 -358 -131 -218 -710 -566 139 287 464 -22 -996 -538 -1045 271 -213 -454 -1434 856 430 -546 73 467 196 -117 827 36 22 -538 -713 150 -604 -201 14 -332 4 -94 141 -430 -91 459 -94 -428 -133 350 516 407 -565 -378 -227 -260 23 323 -478 310 482 -45 -703 339 508 565 633 -260 713 -342 1333 -169 114 249 -599 -746 563 -452 137 -592 -428 255] 5060.86
[-50 155 310 -1102 -369 -407 152 -22 72 -348 -132 467 217 -328 -430 252 73 -216 45 611 -653 754 413 251 329 283 115 -209 -1223 -389 -663 -428 -469 -28 109 210 -467 148 -121 26 -247 467 -74 22 123 -481 -803 -292 -626 73 -390 582 354 -458 -624 -331 -340 193 -231 309 -496 -85 -58 -284 530 -175 -416 -1195 112 -742 587 -1016 177 -42 -319 -100 72 -580 -211 -362 486 -38 -492 -165 336 238 48 -296 -150 -388 774 -567 88 -7 303 -167 241 -59 -437 246 -267 -396 83 -556 -763 478 176 412 49 -415 -571 -426 1125 434 -122 -189 -107 928 -80 268 798] 4785.16
[600 -698 -236 -1287 -1003 -313 -610 -147 -25 290 181 -276 361 -157 678 -989 531 326 449 -1337 304 -664 -158 194 -114 -168 666 365 -167 -974 1245 -154 372 -124 -231 414 116 -48 -310 674 224 164 244 -493 249 -263 695 536 -40 482 141 -24 -380 244 201 -77 -156 -202 216 1025 -1116 -184 -976 -548 612 -676 -695 -177 -203 -358 -318 -319 738 188 34 544 393 562 449 -25 -332 -454 -290 -215 287 -825 521 434 -285 -55 -151 -318 -213 312 -173 -571 92 385 63 514 195 -655 111 97 -308 16 -536 611 -638 -532 626 665 -49 -253 571 -153 222 -118 946 593 -157] 5384.97
[540 521 -118 59 -284 -698 -785 -285 214 1005 -92 160 377 38 1000 425 245 259 983 -353 -204 -275 -387 518 306 -415 181 -444 131 455 136 -105 -819 -294 -502 -315 -39 582 -135 139 518 -942 -646 -628 703 173 -158 464 -265 -2 80 534 685 218 117 -281 -72 96 584 784 518 -171 53 533 553 -36 -748 1298 -239 178 72 26 -356 472 702 -436 -311 -169 129 -671 185 259 226 1 -602 -463 -76 -978 85 -83 -474 428 388 306 -66 -155 696 -421 544 621 -433 443 843 1062 -390 90 444 -182 -147 -313 -142 314 121 -129 127 444 -296 847 680 254 -529] 5119.92
[583 311 -98 1427 492 509 781 721 -163 -565 -554 -167 699 317 369 -149 417 -347 58 -6 223 -109 162 -690 -258 108 -176 98 -467 185 -948 237 -457 598 -236 -243 -153 -390 -392 826 19 315 74 -114 447 63 716 -695 -356 582 -261 -408 43 -822 -274 -207 950 135 -12 774 227 283 -261 277 378 617 -172 -879 1397 -849 55 226 451 -15 504 222 -543 -108 -237 448 144 -294 726 207 -1147 211 -213 -160 437 -31 57 663 -177 512 580 550 567 362 -709 3 -115 157 -892 693 297 474 -307 -107 521 -609 635 -222 658 796 34 -482 -732 155 -279 175 409] 5361.65
[966 -144 11 433 1153 -47 215 423 -404 -522 365 550 598 -596 220 774 443 -804 -568 248 -361 -367 -457 -373 -327 -727 -711 -237 -648 -86 -756 -117 206 -147 -189 6 603 427 952 88 422 -522 53 217 -664 -604 -423 40 909 281 74 309 -75 -89 129 -49 -354 178 252 6 -167 345 20 474 409 107 -535 -488 311 -274 -26 -387 -210 298 -502 599 871 175 403 334 -145 404 -264 -939 590 611 418 287 245 -644 621 -611 63 -48 178 65 174 -253 -944 -951 373 -180 385 -317 602 386 917 568 622 -23 -287 34 -945 -82 274 -633 -845 457 502 387 186] 5202.91
[-70 -517 -629 200 -524 832 396 606 -164 183 737 -224 80 132 706 1072 60 128 -1149 64 144 -501 809 -103 -634 -106 -562 -303 222 12 -664 -1110 885 729 -829 -412 -4 -202 -323 -229 -79 -533 328 323 365 -866 -522 -90 34 -95 125 116 -291 1095 1062 269 -365 -232 -461 488 -362 -718 47 10 -642 -106 -176 -424 -253 75 609 423 82 581 357 452 7 -297 493 -165 -764 -66 120 -10 107 95 286 101 -498 -54 387 -330 -717 -746 411 448 54 997 -1227 -716 -594 -200 -931 -327 44 333 -90 -71 145 746 -231 587 -382 301 202 -238 -561 -128 536 -400 228] 5365.97
[-327 78 301 1080 214 700 144 520 -213 2 -350 -527 -113 -306 231 -479 -244 -474 316 -703 -261 -471 186 447 -547 -205 310 18 -819 790 106 270 -99 -345 678 388 -45 463 206 -536 -804 -145 837 278 367 -431 738 -136 466 -151 -250 -138 -1223 -578 -315 -50 -420 -447 845 -240 204 959 570 -188 -326 117 525 656 510 -293 -217 -495 129 427 -388 470 186 -277 -96 132 -15 -6 202 -517 -224 -381 167 236 304 -441 -887 735 547 -56 520 -220 281 351 465 -151 271 262 512 -363 1179 -60 -676 -523 383 239 228 -292 -804 411 193 -475 -49 83 -569 -235 1164] 5083.89
[104 128 -266 858 -703 -391 442 -361 487 -282 -376 97 -1131 273 -41 797 -597 -429 74 -490 -198 929 1347 -532 811 594 -777 99 175 94 493 213 -84 866 48 319 -909 -103 -93 -307 574 -132 -936 381 -113 271 362 -41 -543 661 -517 387 158 398 -63 -792 655 590 218 -63 -283 285 227 567 -537 875 469 329 688 -287 -506 -95 314 -215 115 216 38 143 -443 613 -98 -155 -3 -485 -235 -504 -680 -666 403 794 -929 646 417 383 525 130 423 -1345 -5 630 -101 393 -184 83 -46 185 386 -1066 -83 87 313 -22 -135 -385 -403 142 -807 573 -34 21 673] 5449.49
[-587 -669 -283 1 157 -587 154 306 -595 -92 275 353 -105 -752 613 -543 -20 -629 -188 -1001 277 283 -498 -68 -182 -482 274 -178 946 -220 353 -496 -203 -37 368 19 229 632 -69 682 905 -42 173 42 -40 -187 309 131 750 498 -376 485 -399 -663 899 199 -483 250 52 -49 -713 -6 -99 -110 337 34 502 -158 32 303 486 165 -12 344 -127 -492 -901 489 403 198 -176 430 -754 -77 310 -460 893 857 -962 -240 -33 -317 -304 -299 -846 -462 -6 -536 -331 -637 -174 63 270 -196 -107 -887 -247 795 140 -585 -81 334 18 152 138 -422 155 -192 350 876 -256] 4860.38
[-60 100 16 -556 -419 -435 -437 241 213 -40 -140 244 -232 73 1018 726 450 -10 534 687 -110 -447 873 211 926 131 -259 167 -433 -446 -1118 -563 -68 -460 70 237 -408 43 205 -263 206 -309 -7 853 -206 -1169 -189 -587 -119 -12 888 -36 -63 232 -343 -293 42 559 690 619 252 -627 166 -771 148 165 -366 706 -667 434 1027 -567 37 -74 923 -630 721 -392 731 387 468 -154 -290 526 75 -332 -160 -687 -347 87 -76 372 -491 302 -26 253 -314 -356 -277 608 -105 -319 -156 -250 -130 889 -484 263 -222 527 -193 -89 168 -317 82 -179 833 901 740 -687 134] 5135.28
[1363 -886 -685 502 204 554 192 320 -88 345 -460 -72 265 109 239 865 -293 704 -241 102 670 -357 -904 -66 -261 405 -847 500 293 694 492 -357 652 -21 18 -506 -370 480 661 669 -594 -192 -270 246 -1144 71 379 577 270 -173 -394 -199 -638 -869 -456 -956 -322 -338 401 88 -165 418 152 -57 -256 -164 208 -99 -31 -320 -121 596 -588 203 -126 648 687 -160 470 551 -357 292 282 -223 411 284 -63 86 115 -13 -38 -295 -486 -702 -545 -907 347 77 -181 -113 306 692 -172 29 266 -279 1228 649 66 183 62 555 -231 -7 -679 682 13 -443 476 28 -1070] 5241.98
[84 -278 45 -289 830 -119 674 -586 373 -383 -18 179 393 -180 -304 121 -1056 -646 494 714 269 288 16 9 654 133 295 -580 -308 433 -579 -15 -161 -526 703 -439 -461 514 -336 -67 -473 1087 -705 -8 824 311 28 -228 697 71 141 289 -311 -428 -9 -467 -470 92 355 -119 119 -902 616 -438 -62 -178 -23 -252 21 295 -152 -846 388 -924 133 -28 -204 -3 -155 434 645 -111 69 310 -151 541 -277 498 188 333 -100 -717 455 439 -539 422 -557 -1059 -9 -160 -210 -110 -240 -148 -12 335 -112 259 -301 -348 126 -169 411 -358 -218 -13 345 72 -466 -877 -249] 4675.04
[629 148 354 -629 -246 224 -41 304 759 -100 -363 -881 -276 -140 -485 375 472 -400 -133 259 56 -221 318 -1118 -483 6 331 251 488 -447 739 -554 674 96 35 -508 -162 -559 -571 -48 460 -1 314 154 1034 -763 -548 -20 262 36 847 354 -439 480 271 -648 -570 152 263 -565 -43 760 228 -145 36 -565 242 -1104 -177 -129 -368 274 157 -138 59 330 -228 -741 -790 130 215 110 -15 531 -127 113 54 759 314 -567 -518 -677 -351 395 94 108 -540 410 243 -140 756 -90 567 -850 342 -105 944 503 -399 500 346 27 33 174 -286 -736 -230 46 225 -127 -7] 4894.89
[63 11 -162 -172 -154 131 -621 528 -361 -537 -321 199 -982 540 -440 374 244 368 -181 113 746 -494 1324 -395 234 326 331 874 34 696 567 39 239 367 -44 778 -423 -19 232 -161 0 -157 -270 1020 553 302 -318 167 58 149 323 -163 61 520 586 -261 1112 -560 901 135 -83 157 -333 -179 -466 227 -111 171 -260 -680 -553 123 107 366 296 262 -176 555 310 325 -393 169 749 -1167 -409 -196 34 -1000 44 -800 -1384 164 -310 -800 -426 346 -67 -303 48 -85 105 -134 -873 238 515 -203 248 -477 -667 -747 154 -212 412 243 -7 -183 43 502 1259 -694 -42] 5288.76
[-830 564 225 150 -469 1080 395 -827 -582 -439 281 145 750 -486 679 -374 -184 -305 -559 396 -697 -918 86 496 311 36 -614 -892 -233 -110 -538 -460 -202 226 -502 -764 394 -352 -658 597 16 225 -191 -683 706 -187 -68 493 -411 -301 103 -316 277 172 -51 457 283 -343 612 679 -8 -671 -468 -407 231 -428 -680 195 -738 778 -659 653 8 871 -226 -77 380 -34 -470 -179 -234 -16 564 -251 -173 452 214 96 276 1240 181 -782 -1059 -468 -857 1001 -585 768 112 -516 -538 -191 -46 495 -912 168 64 182 514 -159 -658 -3 -625 94 -225 -573 -285 -254 -36 293 -723] 5495.5
[-779 837 -806 44 128 -1034 -124 -715 -1418 293 -309 183 -782 270 -66 359 -203 156 218 -325 194 -263 765 102 177 163 -217 -16 -7 -466 229 966 -675 -177 272 -185 314 -262 60 -486 -449 -616 687 78 147 -483 291 -498 513 -1196 -433 -396 181 243 454 -215 32 -192 396 -131 -461 780 -546 357 251 -525 -668 204 343 565 217 -144 391 -475 -347 -610 -457 -317 45 128 -951 -1064 445 -198 1010 -145 231 451 -23 -620 -79 -290 -861 -217 150 670 86 86 99 768 288 524 -523 450 -278 -273 620 416 -413 -144 -520 -544 -422 -1162 -70 -61 -108 347 -165 -514 -568] 5326.1
[160 74 -230 227 766 89 -126 -784 219 -598 363 243 -993 377 -565 594 504 -392 342 440 -115 -70 40 -184 178 -557 77 -418 1012 90 86 -621 109 -230 243 -250 195 117 173 -872 62 243 -315 -579 296 139 -278 559 -572 288 -103 -878 -299 1480 399 -3 204 -550 560 -39 -322 163 454 -219 -225 -378 -195 309 -620 850 -507 -8 341 537 -55 464 -720 710 390 260 -770 -219 7 -580 -836 -161 -680 103 197 -203 -61 -447 -487 -90 64 49 -1080 246 -648 -323 -357 -386 752 -573 331 -19 -216 274 -670 763 -66 336 -216 455 -157 -791 -167 -331 217 -19 12] 4983.05
[301 -46 -87 117 206 -278 -117 -141 -509 1228 -309 -865 -420 -191 136 -268 29 43 125 -35 -558 573 -485 411 1016 -387 -419 186 189 1311 700 27 117 577 -159 151 442 -172 721 -753 388 -529 -870 319 99 151 -577 978 -4 -386 737 -211 236 674 492 -119 600 -229 181 -778 291 175 -451 -573 341 143 681 538 -716 -126 194 -334 -850 658 436 -329 365 -480 -432 -357 446 -362 -622 -432 804 -833 -157 -220 -30 -147 -1000 -306 395 244 -536 61 -366 -293 79 -210 -281 -320 -78 -498 90 260 2 -657 -774 321 79 -424 -509 -129 -33 -323 -402 -408 537 606 -80] 5148.88
[565 -18 199 390 -617 119 -307 -886 -55 -148 -125 404 654 369 66 205 28 -176 -8 70 902 98 -269 305 491 588 -306 231 -666 -225 -434 -327 339 -971 311 -448 -478 -284 13 556 -337 -371 68 570 -660 566 58 523 364 -294 -79 6 73 -384 -587 -618 271 -255 409 441 513 469 99 197 62 150 117 76 -147 -231 -921 570 -826 -25 0 284 -341 -108 -466 -543 -117 -264 148 -1679 134 862 46 -240 -14 600 222 -310 460 416 -304 271 133 -646 163 669 47 233 770 919 491 392 804 -198 1029 387 -160 284 -878 74 -183 382 388 -390 -383 308 142] 4968.77
[-548 82 45 -738 537 -51 -194 237 -593 808 73 -270 702 -11 -59 300 -259 -307 527 519 -1170 -821 -170 787 -346 -277 908 -149 -844 -185 54 -312 -470 267 229 24 220 -193 -243 -464 -318 3 55 -746 205 -138 -617 8 -330 -223 -792 185 -282 -109 -525 -718 -211 320 -171 -266 228 -488 1681 -1088 -296 -58 106 -689 797 125 946 294 -828 429 -666 154 173 -266 501 -753 -563 61 75 107 -70 -46 506 -244 106 -639 -7 362 -18 -177 243 -21 -9 712 -46 471 -607 -212 -720 91 60 -364 -456 579 -229 -556 -509 444 -373 35 -822 -258 -544 414 -206 -160 166] 5160.87
[193 -632 25 475 -199 290 -442 706 57 818 -475 73 252 -170 -226 -218 -638 864 -432 -948 -405 -1123 121 671 628 93 -864 -146 -808 704 -234 39 815 101 -832 -170 432 488 -724 -785 -640 -34 -780 168 473 601 372 148 152 -941 462 -11 172 -445 453 11 -702 -526 225 444 35 -1028 312 512 -454 385 208 264 -748 -375 -555 115 -1471 121 -576 1215 403 583 209 738 -96 628 262 289 -264 388 286 -122 239 123 72 -114 755 -979 -80 46 136 174 693 -333 871 389 337 648 -97 -161 83 -467 653 42 600 -100 194 -334 -673 370 154 231 -161 -251 -814] 5621.19
[-480 59 712 -703 -570 -61 -855 342 564 666 -234 -290 -77 -633 429 -259 -93 -507 -366 -431 310 -548 -54 382 -228 318 75 755 -751 84 -41 -8 -339 529 65 390 139 181 -137 -43 1536 -904 -134 -375 527 -355 317 807 785 -332 -229 130 -156 561 848 -75 622 -340 62 3 430 380 264 -298 185 -193 -302 499 -56 82 -493 -533 -803 404 -365 982 43 -29 788 -299 -637 104 -130 86 199 -100 325 578 -477 -273 -135 1005 -129 -51 -112 -245 438 1078 958 -199 -274 -380 108 -134 935 66 -391 -199 149 -13 -88 471 -423 33 -192 293 273 165 1291 -108 440] 5142.92
[552 317 -655 792 188 904 1168 427 543 41 544 -170 1033 -211 72 27 422 -474 -651 424 -299 -248 180 212 1270 -226 282 -583 180 -584 372 -1036 110 -37 -117 -279 272 -269 -310 139 17 -263 325 2 173 29 -588 160 394 134 -542 -285 889 544 892 -1051 793 -473 478 253 -558 -193 -151 503 108 -87 -491 -345 -275 -782 428 569 187 -81 121 322 -208 -78 -422 -231 -18 -77 552 -54 770 -21 338 843 665 -221 362 -1128 -594 418 729 628 -533 571 380 130 -60 200 -68 994 -709 -34 -186 24 173 -292 -702 -191 878 429 -391 -255 -314 -492 -313 -307 -874] 5413.46
[-670 545 -717 -480 -636 -433 296 -3 -423 176 298 -400 -506 -625 291 255 440 -1081 -150 -512 417 -660 -341 0 -332 457 -358 -588 -344 -456 130 179 357 -259 813 -103 -520 15 -76 177 99 24 832 843 -921 -375 401 493 671 -312 -1228 -341 -163 299 2 -828 241 798 261 248 -335 318 750 706 -453 -476 -368 -1306 -3 110 -96 115 307 210 -715 522 -958 -113 826 154 -445 -764 321 -631 516 257 1037 228 -253 -68 506 -171 -912 584 -9 684 176 467 -562 1015 503 783 42 43 667 856 -215 -192 296 567 -704 60 -37 793 -470 -720 19 -385 -79 -104 428] 5654.49
[-151 -195 -638 694 142 415 -348 334 202 678 -611 -886 -390 48 -473 166 199 1053 46 414 713 -510 181 164 435 125 4 453 -179 646 814 -272 -96 -93 -128 -276 303 -660 -788 -39 -464 742 -406 462 659 -191 58 279 458 -237 527 218 -358 141 -8 -870 468 -841 -156 -530 -930 81 -278 136 122 -325 429 206 -460 -474 195 257 -184 273 789 -225 -134 866 -163 115 564 56 69 261 -915 337 679 208 -1228 -356 -606 -1180 -88 70 -582 73 -1072 978 -73 -537 1049 -7 -110 -403 396 42 268 -825 -58 -290 267 -515 40 -96 -179 -128 201 -167 -177 -748 79] 5258.07
[-539 407 323 -275 52 -245 -697 -10 198 -823 879 -431 -294 -600 227 85 24 -985 -418 175 638 153 203 -351 156 119 -536 275 528 -330 -946 732 222 469 -339 -486 327 200 359 11 383 -625 184 1021 167 -807 350 132 316 38 -726 -2 522 798 119 654 -374 -12 50 100 178 305 -42 1067 -660 -488 -841 -636 -156 609 -777 -224 292 251 70 331 -123 580 738 730 -399 -906 160 403 443 728 -8 57 47 450 549 38 -522 180 -219 -393 490 -185 129 -527 656 30 279 334 -31 457 -37 623 589 827 -162 -73 131 18 145 -15 115 191 1021 36 44] 5050.33
[-749 580 -447 804 147 -861 815 50 77 862 -685 -995 -283 -176 -157 -397 1339 -334 -109 -6 -203 210 -132 287 928 231 -804 -279 -197 -13 -333 -115 227 520 147 -740 -482 310 613 -1016 716 -22 -40 -597 553 -434 339 -788 119 -686 514 52 -672 -507 -208 -357 -134 -45 356 136 -592 822 -144 1045 296 66 33 -769 382 102 -537 588 -512 349 12 26 -203 308 232 -92 -255 -484 99 23 211 -738 798 -141 51 304 -488 -169 -65 -441 -18 -16 -761 -151 450 -255 389 38 -214 -132 -99 -178 -432 542 -16 -282 -245 -619 11 632 -399 -1630 -513 -297 -596 1266 366] 5495.98
[1152 49 -241 -280 372 -310 6 124 353 -485 1082 -412 813 229 -1128 -509 969 194 130 -160 376 895 620 -834 -163 -356 -199 -1106 290 207 789 -363 349 -142 613 -448 962 -228 318 -474 513 656 -333 136 641 513 293 230 290 -225 -260 -749 31 861 -851 657 -308 168 127 -434 -314 214 -328 -506 -769 -250 1003 -569 -160 -849 -1418 -103 527 -82 702 211 100 -576 238 512 449 -607 -81 243 410 615 607 437 -1339 -418 184 -205 323 654 99 92 851 -592 -489 -443 -169 273 517 -377 320 316 -391 362 -424 128 149 -182 584 617 124 -560 -241 774 -71 -158 915] 5835.97
