[-36 -7 47 -7 -12 -178 -31 -66 406 274 54 -170 -39 537 388 -58 -132 -400 397 -628 -226 109 -48 234 -72 -421 -451 -584 316 -66 553 -53 -85 -251 204 55 -121 261 216 208 476 1 206 -376 -522 510 500 -557 -188 667 563 70 -72 -55 -635 -27 -369 261 409 -296 -153 40 -512 63 -143 219 -239 265 285 290 433 135 228 276 158 376 -164 115 -322 -88 62 55 82 199 103 -247 -179 -57 -329 214 114 136 -69 -186 -335 240 -384 -260 -30 -293 -576 -53 -313 -317 328 156 117 404 -240 33 43 -181 201 -42 307 242 -578 -79 224 510 -61] 3186.64
[-204 -439 -411 -125 14 -122 -296 147 -158 -32 67 122 -201 249 -342 -204 10 557 -236 42 542 -129 -376 -45 -207 -404 -139 -378 7 648 69 -106 126 10 66 -42 -370 92 -833 399 401 -144 -25 331 -67 -237 413 -182 344 279 -96 -334 -140 335 9 -446 353 -664 344 118 115 -313 207 -144 -788 -260 432 96 92 345 -301 269 466 125 107 60 165 -117 -446 125 -220 -191 160 382 -89 -48 358 -253 -60 6 -91 230 13 -575 -446 541 50 -176 -132 -360 80 53 -645 -128 -189 222 227 -102 -155 -132 319 -373 -393 400 -191 -217 -225 -36 -103 -139 260] 3193.01
[199 319 100 565 457 -113 385 125 -378 -446 -267 -85 -356 -76 -150 -301 563 395 -14 237 12 320 49 -160 341 298 507 410 308 -36 603 21 -716 -175 -12 -282 -161 -95 410 19 69 -177 79 360 -238 188 41 696 -200 -66 -178 -511 162 344 604 118 -187 327 698 123 -64 -243 -36 124 -91 104 121 -226 10 -524 255 112 -494 562 9 200 -128 -141 304 -31 224 -701 44 156 454 -142 -40 144 18 21 -341 -450 82 310 421 -495 31 18 248 189 -168 20 -241 147 78 203 42 -234 48 61 -466 190 -409 -87 -126 -201 605 223 431 217 -222] 3280.23
[-207 34 -23 124 422 60 118 -63 -157 168 -395 -196 -428 670 315 -312 367 -199 -77 -41 61 290 537 -19 -88 38 556 190 244 240 264 279 203 -116 270 157 -134 14 140 268 -230 -215 -127 518 -78 -317 386 218 -43 -326 194 -438 -16 440 271 -120 -6 425 -10 387 -365 45 888 2 622 -176 257 -211 19 -708 291 -739 -87 19 -43 -489 -322 153 -182 -240 213 -25 -474 -191 106 -246 -182 -123 86 -329 -371 110 113 569 575 58 189 -325 291 -157 93 326 497 76 95 12 -12 -626 158 227 -281 219 -513 -94 -200 -579 101 385 120 -337 48] 3314.31
[129 -298 246 -380 -109 -7 -169 -122 -549 180 647 313 864 -202 -496 293 -694 -25 294 -123 -794 -607 -421 -30 101 187 -568 -506 -268 -22 -186 74 48 136 603 -299 106 -174 -307 21 268 38 138 -347 -88 -85 -314 -189 -201 309 231 232 -587 -63 -410 -478 442 -672 46 78 -101 -416 -341 270 -609 237 69 318 458 289 -33 283 26 -258 -257 124 437 -68 470 56 -65 306 233 164 -536 -321 -273 88 49 -87 227 623 -673 -142 -387 222 310 212 -44 -224 258 -130 5 -233 -387 73 363 81 -125 -268 -41 -750 530 400 -353 503 -84 71 144 221 37] 3639.62
[77 -273 -13 29 -850 253 118 449 525 117 -352 311 311 -466 -786 407 -167 -669 -203 -9 210 125 -194 -134 -315 333 -65 309 43 -384 -46 -175 77 -336 -211 69 -67 226 -40 19 18 -242 542 -663 248 33 -459 -75 830 304 -498 377 49 -366 63 508 -81 154 -174 -243 596 244 -231 -253 17 333 -509 -124 -328 251 -414 -32 494 -219 -381 67 250 473 231 569 -41 292 -505 194 -253 339 370 -3 -529 84 801 -159 312 -147 -590 305 -372 279 -765 380 127 92 -245 26 121 -230 -207 812 -139 331 253 61 484 -285 219 94 -270 -593 -887 -79 -81] 3869.09
[-411 -323 -339 -44 -713 288 -286 55 253 429 -317 348 -92 -19 -419 191 -657 328 -277 146 143 -473 -161 -251 -668 79 -511 -169 310 494 -74 -164 -41 99 142 48 -55 87 -743 286 -64 144 296 -626 276 487 52 -669 80 706 135 214 464 112 -468 -151 220 -74 196 40 149 -165 181 271 -148 372 -180 80 331 -446 435 -124 290 286 -276 -265 -490 384 -130 101 320 14 -63 -17 -158 -364 -56 -402 -535 -55 87 -169 -254 -914 86 765 -143 275 -132 -524 -264 81 -592 -379 -9 39 -99 305 -326 289 541 -225 304 489 -154 -9 -457 -84 -816 106 282] 3699.47
[-38 -327 337 -298 324 -253 17 -602 -45 455 194 327 711 122 119 -288 -380 271 603 -145 -217 -295 -507 125 837 -347 -589 127 -25 278 -244 131 369 43 -98 -193 56 -247 -350 -79 571 140 -56 -583 -209 -104 11 -41 309 -44 261 131 -632 -79 -1040 -534 451 -311 106 90 -170 204 -390 -64 -457 -231 190 469 22 300 67 333 362 186 -272 227 67 -305 -295 100 -163 -42 -68 82 -1003 119 69 -473 194 334 410 687 -56 186 -420 -167 205 385 -291 -762 71 -31 -101 149 -206 -734 523 173 -39 242 -456 -164 136 439 -167 144 -103 -433 211 15 82] 3727.98
[-14 160 577 156 -98 197 420 -146 -528 -223 406 127 -217 211 -222 -247 -209 -717 126 -418 -495 -248 181 85 -697 -21 -209 -366 -253 120 530 372 -841 -515 -88 -305 324 126 567 -164 17 -237 -289 -136 -442 857 263 -59 -611 440 92 105 -206 -212 -232 -82 -273 102 392 267 183 -272 -70 202 167 547 -12 -237 615 -185 596 -649 -236 38 -234 38 -150 138 607 239 -305 -143 -33 -218 700 -119 -507 379 -14 132 92 408 -303 -471 -60 36 -92 85 381 -266 -403 267 -29 -248 375 117 -13 311 253 -240 -741 55 -295 -88 -67 -2 -430 496 486 846 -217] 3769.67
[670 108 -250 -300 69 -88 145 -292 -246 -20 198 137 563 -745 -291 288 -216 887 101 41 -352 154 -327 80 579 169 239 886 178 165 -214 -197 187 -27 9 -427 50 -416 -85 122 -15 441 155 132 583 -134 57 352 -155 -649 -391 224 318 -82 161 -183 267 41 -61 195 -229 -129 -556 586 -241 -121 278 170 -280 -566 283 828 -224 534 -305 287 -410 261 267 295 37 -146 772 -50 -348 -242 477 -248 305 -474 157 -243 290 -1 165 -465 179 582 13 -89 296 -323 437 455 -209 -160 236 -868 -369 425 -845 -579 521 90 -195 330 767 -14 -29 -597 51] 3973.7
[-555 -474 -90 -165 -285 412 -273 469 104 341 -517 295 311 498 -80 34 -398 -327 -387 -267 283 -442 32 409 -430 -147 -851 -512 -394 284 13 452 92 -299 96 84 -250 168 -524 -359 167 -642 605 -167 136 386 -70 -582 101 400 352 -589 136 12 -449 -446 -274 -560 -244 -88 -31 8 -18 -11 71 -148 -523 -336 88 -108 303 58 532 -526 -523 -417 233 -2 -323 682 -376 -5 -399 -277 -135 461 196 -8 650 294 237 684 -164 -228 -19 623 111 -21 -265 -344 -38 133 -356 -329 -306 -149 212 44 144 372 -28 84 -108 268 -482 -243 -840 253 -607 456 116] 3847.94
[19 260 251 -90 578 -250 447 -421 -342 -355 231 141 -232 92 -4 -385 426 -361 -89 111 277 -376 486 126 -828 -292 735 610 -210 -288 -528 -262 312 153 -183 151 678 -270 324 -60 -238 299 -1015 156 426 -98 -180 -264 158 -539 -293 519 -239 -384 73 211 465 -640 -800 -117 -108 -206 726 -517 620 -153 389 299 -348 268 -630 -216 29 -197 505 17 220 -177 -188 -297 -58 636 421 -225 161 243 -2 -92 359 -139 87 -501 184 -315 -152 -475 409 -383 633 500 228 222 405 328 155 182 -46 376 217 -321 138 621 -758 -816 424 46 -415 123 187 -250 -66] 4107.3
[-415 -6 138 178 359 623 303 102 481 -183 -304 83 -313 446 581 -578 128 314 296 370 280 -244 -417 21 -56 -342 -680 -158 -214 78 -342 -106 289 774 -152 -161 167 -547 -255 -608 272 693 -64 -217 55 587 -179 -527 -220 382 668 291 -29 -320 -650 -94 -404 -256 -830 -27 -366 492 54 -214 475 -347 -189 -17 -395 -439 -382 -77 75 -283 147 -4 -447 -172 -744 -251 430 -41 -385 -215 366 566 -228 -493 30 102 -116 -28 -210 221 571 -109 524 -60 111 -467 589 65 -238 -104 119 -211 256 361 135 219 695 225 155 111 -117 -304 -271 -456 -11 496 384] 3872.34
[-230 -97 -428 -893 -468 -128 -771 526 247 23 -70 -201 166 624 112 280 -387 -196 -318 271 -95 -71 454 138 63 200 -199 -52 198 57 -490 -247 334 119 172 283 -678 521 132 -187 -497 -691 474 400 162 -837 -286 389 415 -273 -58 -540 29 197 111 -166 -223 118 -310 -375 375 298 1 -537 -7 -358 -409 -93 -157 1147 -879 172 242 -363 -237 -195 416 -232 -304 716 -58 78 -402 90 -586 -11 22 395 -37 746 -158 -34 -74 453 154 876 -313 -341 -690 683 20 8 114 -466 96 278 -134 -360 -1 -387 547 -80 596 -157 -154 -103 103 -352 -71 -671 -219] 4156.96
[-746 -24 782 71 -217 -94 503 89 487 -109 -725 477 92 303 144 203 -177 -546 -30 21 375 -343 386 687 -473 358 -59 480 30 479 115 310 115 -528 -205 522 -98 11 321 -313 -136 -374 -19 -245 12 289 -177 -53 500 162 -55 -75 508 -66 -953 -310 -135 -172 -14 -702 136 423 323 -560 366 94 -456 -297 -102 -324 394 298 73 872 -343 -355 -120 -547 -197 208 334 -230 -350 -235 -681 637 -140 -406 744 297 436 -321 -207 -439 450 68 5 137 -40 49 -301 497 -76 -20 -32 -235 136 338 0 -237 -526 565 -353 -71 56 -175 -329 333 -272 -384 31] 3929.6
[150 405 -654 -141 105 495 20 -44 -277 -511 -14 -610 -256 -261 138 -203 5 434 208 219 -401 387 235 101 -2 -282 439 461 500 -473 -763 -454 243 646 202 -19 -319 149 -399 378 226 622 -19 286 703 95 -96 30 -29 50 82 -373 307 275 348 495 414 81 -536 411 301 538 266 292 425 -447 55 -157 -387 46 -379 119 -107 -292 700 -42 -333 174 -388 341 122 134 497 41 971 -362 437 87 -160 -380 -676 53 563 36 502 116 97 -471 -346 471 74 -126 441 -31 545 162 -142 -46 -171 115 704 279 72 -155 -258 -313 39 -208 -545 -32 488] 3878.01
[177 -318 -468 -416 -525 -3 -278 793 617 -20 -586 276 -360 209 656 472 -451 272 -458 407 -20 -688 -250 438 -679 -53 -581 -731 -99 744 -298 -391 257 653 399 176 284 -33 -62 -729 -5 516 340 329 268 201 126 -884 -333 -420 -148 456 1144 -439 -172 -267 -512 -474 -400 -393 -299 -633 -512 160 -154 -177 -254 439 -565 473 -275 844 -131 358 -214 646 -89 251 -942 201 -87 526 746 -296 -239 301 185 60 -121 -293 277 -394 69 -870 197 633 -214 -267 521 228 50 -694 227 -483 -330 758 -169 -164 -778 352 632 -623 833 -137 50 957 -119 -299 -9 234 -160] 4922.49
[236 -81 -16 -108 332 -551 -309 -67 -559 -588 5 146 60 -57 -515 -93 180 358 -399 -112 640 163 170 -3 -568 -227 87 274 -207 -149 0 -163 -672 -244 -890 -109 -216 154 96 4 -133 -368 12 174 578 63 50 599 87 44 -533 -266 -138 -456 388 141 -92 -415 222 -306 0 -193 -469 -546 -140 579 -93 -421 -341 652 -926 415 -64 607 -20 527 567 -146 128 452 -470 -1042 905 -245 -23 669 86 -14 730 667 -645 -339 470 -469 -668 -293 38 -318 -135 209 -245 22 -147 324 178 256 -226 -54 169 -131 -340 13 -1046 93 607 -451 -474 220 661 478 -213] 4310.93
[-80 566 128 -28 51 648 363 -358 187 -201 -74 -160 18 230 197 -201 -59 453 449 109 -595 43 -145 -164 455 331 -616 681 676 -1260 -547 -441 64 590 332 -186 -207 -348 -75 -587 -563 772 -91 -772 145 809 -74 -322 -414 615 645 -150 57 188 -457 345 226 656 -502 -324 300 -4 -375 277 84 -223 344 406 289 120 304 484 -35 -232 76 -203 -440 -120 38 -324 647 524 -400 493 780 -384 -357 -6 -660 526 -286 -1067 -536 673 967 -130 597 315 -455 19 41 -349 -546 -114 605 -253 -214 656 517 20 1148 517 599 -18 1 -72 -49 -1015 -169 -258 316] 4882.28
[-8 -347 400 78 20 -238 -484 217 -199 -413 690 -142 585 429 1133 246 -94 -846 220 -701 -89 -315 267 206 -21 -73 -636 -1418 -359 -507 50 467 207 128 368 727 -227 140 614 -775 -59 -427 82 266 -76 488 50 -209 -429 280 741 -138 463 -54 -234 -421 -279 -4 -372 -259 -353 83 176 -461 225 63 -215 -204 476 -106 -96 -198 -480 -665 247 -20 544 -610 103 -277 -492 280 -304 -401 74 64 -1103 263 770 -96 -447 787 -332 -39 49 455 -330 -587 321 -306 -85 -298 566 -434 76 77 -403 -574 76 -394 -295 -196 -740 209 -231 -601 -198 308 537 701 -78] 4634.47
[600 311 -176 191 -110 157 -192 381 346 -468 857 246 35 -135 415 -226 207 -331 317 -330 167 346 -501 -299 598 -928 25 -362 -5 -259 -52 -482 -94 410 -177 142 -262 -13 285 -433 525 760 104 15 -457 -116 42 -85 -127 372 515 874 -375 -552 459 -100 -495 426 -44 -347 57 -175 -575 -135 -503 -263 -148 375 25 761 -252 -85 -327 -510 16 507 -16 -83 166 -823 -489 423 -291 362 378 211 -644 -235 -301 38 121 -163 493 65 -473 86 -199 -729 -40 -94 8 -732 -124 446 -24 -199 -337 -391 -213 -373 174 -585 631 107 409 250 604 -487 370 890 321] 4231.73
[1 316 -33 273 -94 294 -350 -231 -85 -92 -508 -922 -712 -204 -555 176 192 276 54 340 112 752 -102 -596 185 276 612 574 24 174 159 -262 -511 0 -687 -534 272 289 -32 145 -944 118 30 136 -45 214 227 21 -119 -171 -404 -358 108 85 606 1028 -1023 680 51 356 631 331 234 483 617 -176 102 -765 -124 -948 174 -612 620 -682 -122 -419 -353 240 648 407 -173 -632 -496 372 1560 -389 238 238 -546 -395 -393 193 302 574 490 -774 153 672 -75 414 317 458 -96 172 224 322 -102 408 85 210 -330 257 64 -436 -188 -122 323 377 -163 -306 -83] 4768
[-341 -137 80 22 -171 420 524 291 -97 -43 -384 47 -273 -403 49 106 -160 -78 -131 664 -519 -808 286 151 831 594 112 332 586 149 -144 1020 -221 -32 -120 172 3 677 -29 -824 232 -687 156 33 -258 519 -1213 174 660 -539 -64 -19 559 258 -146 -372 756 23 178 571 367 651 492 -341 56 -342 -203 -880 303 -117 735 -346 -1056 287 -178 -382 23 -413 69 593 -140 -200 -641 -596 -490 -345 -282 271 466 260 355 296 -105 -335 689 281 -871 473 -345 92 -170 -189 157 -27 -231 -1118 -463 -236 358 -184 -433 751 -61 165 -1180 79 689 -19 -690 190 262] 4924.8
[-36 36 -64 381 82 63 -452 -404 -449 -110 797 887 -83 -169 -591 -869 277 712 -706 400 771 -518 210 -529 79 327 -58 -129 -756 145 -179 -225 -500 -201 -434 -279 180 -24 -654 322 -242 -461 -726 181 506 590 -407 610 66 -139 -323 -100 -3 565 281 34 1034 -382 -240 -185 239 -464 758 146 -629 113 96 454 672 -72 -221 -174 162 -101 444 343 -159 -464 -149 -601 358 62 313 12 -496 -187 173 181 210 445 -235 -251 -367 -181 -252 -7 474 206 -3 -73 -545 126 -611 26 -490 -124 23 157 461 -369 544 745 -838 51 66 -420 -248 174 -546 100 -215] 4406.87
[239 97 -132 -93 329 -7 69 245 -305 -236 415 -6 173 417 178 264 577 431 -807 231 -281 -384 227 -196 25 326 -7 -781 -477 -1201 -280 84 351 710 505 170 36 -314 154 -332 -382 -367 -42 -181 584 295 -451 643 -221 -268 322 343 205 -52 685 87 319 -136 -1055 216 -463 14 515 -275 785 106 -80 -580 158 -776 -405 -539 -686 -860 102 -142 -53 484 -180 282 178 242 -676 352 281 48 -324 179 56 -127 -508 115 -499 486 457 281 354 -192 330 -445 918 23 -34 -330 -37 406 -196 78 147 -49 533 87 674 -94 -402 -339 351 -60 -144 90 -328] 4319.04
[555 264 -450 -320 389 242 11 129 87 522 668 118 443 -263 216 -617 8 -451 19 -90 -670 341 -260 104 -128 -180 -78 -245 127 -362 76 -347 -345 -95 563 -534 -162 -503 488 86 802 -98 237 473 -440 -28 -164 21 -788 -47 377 -511 -710 164 387 -345 -318 -92 96 -364 -497 -394 -952 569 -231 -219 -965 622 -330 1198 294 108 -345 -726 -349 -127 -161 74 -232 -386 -113 314 655 -406 -244 -29 146 593 587 13 298 -234 -332 883 -318 -511 38 -305 851 494 -365 -292 327 203 -81 -52 -10 -1089 -403 272 -136 -446 610 -298 281 215 -185 68 900 729 -69] 4659.79
[-419 3 -306 756 -411 312 388 853 -191 -1095 -823 36 -550 -647 -340 -193 -103 158 -236 913 -19 -364 -433 -453 -244 309 200 412 4 839 -83 -438 -253 -72 182 118 140 -242 421 -895 334 -59 638 539 -98 369 -674 -511 86 254 -482 171 917 -168 -227 -12 -651 -188 9 92 551 22 525 -600 -289 -774 169 -103 -236 -318 -283 339 -707 -424 -489 -351 -208 -671 385 372 -212 -617 -252 -115 586 383 -129 85 187 -185 279 -688 122 -909 266 83 -365 313 573 553 3 -233 -496 -58 -135 193 -289 75 -174 39 -736 -398 -238 -552 -863 -9 722 3 -203 -655 52] 4753.56
[-256 -209 361 284 376 261 225 -182 -321 544 99 564 885 179 526 305 -493 -550 379 -473 -317 -615 -203 516 -53 202 -294 -479 -304 -313 -461 462 -17 -342 -205 19 157 -256 -171 -7 -139 324 -525 -660 74 -45 -161 -563 -383 186 325 379 -158 -336 -791 -108 -147 -629 -57 -165 -488 -513 -916 25 278 384 110 685 310 -509 28 591 88 12 -388 -88 333 -443 122 -50 -714 196 774 -813 -646 393 184 199 352 136 226 331 -157 -388 -468 -63 152 12 182 -171 -145 -89 424 252 -385 -449 471 176 674 452 -176 42 -371 404 196 67 -856 971 -296 -156 84] 4301.93
[545 -510 -495 -411 -499 357 -749 531 88 418 353 33 -6 -33 -190 238 -188 250 102 214 486 -280 -298 -337 550 -567 110 50 -381 654 -60 -18 406 338 985 107 -37 61 -925 375 -212 78 354 384 100 -356 30 -398 778 -351 71 -291 168 259 90 -76 106 -85 -296 296 -110 248 201 868 -518 -523 20 -335 193 -53 54 180 673 -1394 231 18 -231 467 -109 72 -175 656 -361 568 292 -666 231 -491 -164 -632 397 537 176 900 -146 271 -120 355 140 -382 490 -242 -49 3 -297 -278 115 -769 -536 81 64 -610 344 489 -891 375 -163 -446 -189 -212 537] 4505.15
[-334 -219 -213 124 55 -324 -934 -36 -144 -175 -57 -41 -153 -504 452 806 11 555 -357 -246 63 20 -510 -257 -288 -63 -423 -518 533 305 -62 -228 79 -78 17 428 -397 -288 -83 -219 203 18 74 -778 113 -21 -92 -238 -151 907 440 -619 725 443 112 -287 -117 -172 710 -218 268 -481 -116 -456 -551 653 -27 136 602 -24 252 473 -209 81 282 -455 671 -845 -40 -27 -49 -662 280 89 62 -268 -171 276 122 -295 -202 131 -388 -1102 -16 280 -666 -655 83 150 -381 -166 -641 -288 -410 110 15 3 -265 -298 953 -379 -400 1019 416 -344 99 741 -83 513 -256] 4395.68
[70 -78 60 -509 272 -204 -39 852 -1134 116 -662 -46 -59 531 -377 752 229 -331 -71 -17 -706 -982 1181 32 364 597 1036 218 342 -354 0 -141 -162 -246 983 125 40 -70 296 171 -122 -887 570 343 131 -981 -563 219 424 -105 522 -510 -162 343 641 -143 228 214 229 -48 -401 -634 717 -155 123 496 105 -79 -38 -321 -502 84 46 -203 312 -72 846 -237 115 376 313 -215 -119 448 -252 -925 17 -52 374 259 77 -223 299 970 583 260 449 -557 336 1000 -23 -33 273 27 -224 269 -12 -361 56 62 -36 130 21 51 -390 55 212 348 27 439 -712] 4772.87
[-286 299 503 -771 57 54 -1042 -803 190 183 63 -391 -710 -69 -56 -82 129 531 -189 127 131 220 351 -565 -391 -171 -730 -327 -410 316 -403 -338 -93 -92 -1015 -263 436 -152 -120 -613 -438 -364 -3 68 708 -259 -452 -276 -704 -413 -125 -217 -249 -612 -69 139 -538 -29 -641 -261 315 356 -285 -60 481 -42 -563 -280 -621 917 -596 -299 602 -579 -160 -332 176 -401 71 288 -39 -297 -54 -442 -4 -136 -297 -104 701 711 -267 109 -358 -534 340 -444 474 11 -9 349 190 497 56 -252 -13 17 -590 230 1006 -272 722 278 735 -493 507 -205 -222 -108 63 332 -130] 4535.88
[343 -454 -614 147 781 -466 -1 740 -520 -514 354 -227 -30 7 488 -742 104 -224 -215 271 55 -404 691 -577 57 208 720 -226 243 -776 -498 -246 302 515 159 377 89 -105 294 -63 -764 47 -369 894 320 -1138 -306 164 -230 -311 171 360 -373 -3 478 -319 489 164 -224 115 -224 -291 11 -756 536 59 117 405 318 258 -1512 -220 -273 -419 285 16 -114 157 -345 -622 -74 -2 166 -327 40 -202 -216 181 -261 655 -516 -1152 75 857 -492 -15 -600 -64 188 345 407 -742 440 -198 725 524 -165 -798 622 136 401 290 -820 -140 -70 -186 296 -752 400 -1060 -423] 5043.52
[-392 -101 -852 10 -318 -401 -208 -568 63 737 612 -48 289 506 -152 -361 -416 231 -720 -269 -760 365 314 -870 -1391 255 -181 -80 497 -285 380 50 -235 -792 287 -100 -6 -311 745 513 122 -834 806 -441 272 783 -80 192 277 425 171 -143 129 -41 122 -52 141 492 210 592 -650 252 574 -77 63 391 -70 87 826 -202 110 -1021 -703 37 -175 -428 -253 469 792 -63 608 -442 61 -2 -836 -868 -830 243 -353 276 72 -193 -355 -391 -558 504 -574 28 311 -82 -63 563 -617 -455 139 74 -621 -530 -71 287 -97 -557 -417 -402 165 -711 -386 437 419 100 -65] 4989.46
[40 380 -424 526 -368 86 -165 654 475 119 -746 -419 -347 335 -42 140 -121 -410 -222 -356 -146 780 -35 36 -460 361 65 -381 385 -150 -64 -56 -193 312 295 -223 -271 203 84 35 507 563 808 66 -70 92 -314 162 -63 159 491 75 298 -232 783 282 -255 569 -15 -97 -534 -125 168 504 -499 -219 -437 169 -410 -38 280 -596 60 361 -168 341 -38 837 -448 -586 142 -1 -431 -178 243 -374 -336 566 -925 -339 -535 -255 255 340 267 801 452 -421 -176 546 -56 -245 -43 -108 -296 375 -508 237 -425 34 896 -428 -66 -130 -268 -210 340 -320 -317 1022 78] 4204.26
[300 339 -116 -137 27 -666 391 -12 -657 -702 324 -394 351 -1002 -235 760 -261 850 83 -78 -445 90 415 37 146 1061 369 759 198 -193 -191 -59 257 370 408 219 -212 -258 587 -175 -275 305 300 -47 891 235 -678 967 -691 -483 -136 -185 1217 -23 638 598 296 156 -229 83 -177 -38 -128 856 38 228 -214 -368 -1 -794 351 374 -449 959 197 -40 -46 464 635 361 170 -354 493 155 185 -667 -430 297 306 -290 -947 -541 -529 33 593 -425 36 -251 277 123 48 8 264 -346 455 477 39 109 -688 -393 -348 -525 438 13 -722 -378 818 -77 57 -645 -651] 4989.93
[359 864 510 -272 -307 -194 660 -4 382 65 -208 358 -176 149 -24 185 -124 -160 -220 854 -658 -847 -277 12 -423 483 211 635 78 50 -702 -145 -173 400 145 -404 850 -481 118 -443 -310 779 -340 50 -39 -241 -416 314 354 -276 -304 639 -176 -806 289 -283 -275 61 -422 77 61 -212 50 -34 421 -377 197 251 -392 201 -216 103 -380 78 -478 -242 -480 0 -490 219 368 -250 -148 -372 82 216 -89 -113 -1131 -190 774 -737 -543 142 697 -123 237 505 755 530 495 -537 -475 265 265 272 2 716 173 -393 204 236 413 47 248 836 434 83 146 11 -336] 4437.84
[-25 -391 728 709 -186 -147 434 199 210 -291 -491 -126 120 -264 -308 153 -111 -599 447 33 -169 -396 -15 65 141 609 284 164 105 -537 -212 -125 -310 15 -77 -298 216 8 552 -140 392 15 151 -85 206 94 -394 1003 676 78 -775 337 82 -598 77 383 717 213 -83 -274 -167 313 261 -379 -508 456 542 162 -884 -28 -822 54 -411 724 465 1118 512 -505 -387 457 638 -792 -186 -322 -1467 522 245 266 -376 22 379 -383 310 799 126 425 174 823 -815 193 628 355 820 306 33 -203 -217 298 -365 -19 -725 244 -927 -299 -389 -278 458 -863 116 177 -716] 4996.51
[637 325 -804 -915 -577 -835 219 -58 770 190 838 -694 -129 -366 -442 486 270 200 220 -356 689 184 -151 -525 -126 774 -260 -508 299 -168 571 -250 137 530 56 -554 -210 62 192 378 266 -122 -129 726 -428 167 266 -55 96 283 54 109 -212 82 183 529 -648 246 -42 -90 144 237 -169 15 184 69 -537 27 -617 -663 -501 -431 258 469 312 -42 -463 343 -264 886 166 -56 -466 245 1018 -770 -241 37 -1059 -453 -719 -65 -113 -456 460 414 -370 300 336 -43 -139 280 -722 -773 554 482 -212 237 -906 5 692 -851 1437 -620 44 -510 694 -599 -258 445 -415] 5162.01
[-236 715 -538 -185 291 89 0 -125 233 -452 731 -607 216 72 425 -107 117 -451 324 -390 609 -174 467 575 -255 -76 -101 962 409 -375 -202 143 -309 307 -51 -187 -24 290 600 -641 68 66 75 447 -101 410 318 -558 -93 154 1135 -1018 20 172 -15 119 -558 660 -120 -389 -132 282 401 -131 638 -344 -314 -488 161 -147 218 -13 99 178 645 -363 518 -448 150 92 -185 -688 -33 -390 1745 -546 -854 -137 12 439 -891 95 277 319 782 -329 -224 -343 118 360 -888 -470 -404 -132 601 -56 -121 -84 -44 -150 60 337 -927 -742 247 -423 -896 356 365 793 -169] 4977.19
[-174 147 -486 109 -150 47 -434 149 110 -181 358 -129 174 446 906 209 -596 38 -49 685 -98 -56 867 -84 66 74 187 -272 -37 -485 -318 124 -769 313 33 190 -139 180 -56 13 -1024 305 269 219 -39 -53 50 2 79 255 447 -416 227 33 -19 311 -67 498 616 -212 229 365 496 210 883 245 -831 -114 828 -382 619 -365 -369 31 37 -514 -194 -265 194 -479 140 -594 -186 -107 -13 -713 -398 92 -356 180 -678 -206 142 888 1089 537 -73 -7 462 -287 -541 -77 -341 -335 -17 278 -442 -272 450 273 430 502 -158 -208 -168 -10 65 -3 264 362 -261] 4201.52
[-61 26 439 -88 -780 170 107 280 474 833 -446 53 -4 -240 -665 781 -425 -516 -64 -854 442 -276 5 -103 -421 711 542 -613 -406 553 711 293 -369 -357 423 105 307 -202 -168 804 -133 -191 251 111 -136 264 394 -367 393 -386 -27 463 222 182 -392 496 82 536 940 -243 19 -574 -372 646 -863 390 -450 -220 101 -107 998 79 566 369 -104 53 -140 507 168 -524 -314 544 113 462 366 -588 37 37 -319 -231 452 -504 -174 129 -453 -271 -364 257 312 245 -665 -73 -70 -396 -355 -47 -312 88 -772 -25 -242 -650 1124 -86 357 1170 -138 473 -102 -30 -333] 4754.4
[539 -112 324 111 500 22 97 1096 -913 -515 223 313 -301 544 -154 -233 677 115 -565 -202 1035 220 24 -670 -714 -359 1097 -544 -519 -67 146 192 -373 -737 -591 164 -125 -409 63 701 -657 -391 -503 96 480 -94 -344 1043 -14 534 285 504 10 -18 934 152 -247 68 311 -157 12 -346 174 -729 61 546 -33 -236 609 -728 -609 -29 142 -351 239 395 218 457 -138 -547 -759 73 -162 300 670 -54 584 -274 -147 472 -290 -648 430 195 -693 -87 -11 -465 367 -18 485 143 -268 -228 429 -38 452 84 988 -323 536 -31 -512 902 284 -826 437 -62 432 550 -628] 5087.02
[524 -275 322 -353 544 -778 -351 -122 213 24 475 477 1400 607 -212 615 -350 -155 -30 -614 -5 -304 -521 719 -189 -134 -437 -442 -71 -329 244 -203 0 -428 638 -61 -22 -60 -433 285 -321 -324 443 -226 190 280 697 84 154 215 -221 183 -33 -125 -683 -250 123 -563 -209 -1022 -448 -693 -582 -582 -825 78 75 309 -244 132 533 1085 -79 432 -589 644 1443 -498 -146 -149 -282 186 391 26 -1315 222 186 -368 275 -419 230 88 -457 -626 -699 95 52 27 129 -1017 -303 -216 -143 30 -110 -80 462 108 -257 14 -821 -472 273 -321 478 46 -754 272 749 -347 -637] 5115.99
[5 383 627 44 161 268 -182 -809 51 -397 203 -133 33 53 -439 -388 -278 -152 366 -126 234 202 239 -653 -20 -107 425 209 554 432 519 657 -572 -205 -733 -653 -686 276 -536 -131 -464 253 -524 198 91 75 -337 -177 -369 464 106 -586 -182 244 15 -570 490 -266 956 79 1043 -240 93 305 206 -213 -145 -164 1155 -25 1391 271 148 -217 -254 -957 -672 -531 325 61 -151 -257 -395 -668 923 -1046 -598 778 681 -217 -271 -288 -432 -222 928 -103 -476 207 -285 162 31 159 -432 -68 -470 242 -434 -521 639 -727 -158 230 -431 571 -238 -71 676 545 -32 376 171] 5028.41
[-947 661 83 635 -303 681 148 1308 -215 -707 -196 -151 260 -671 197 -530 6 135 773 774 334 -362 -255 -272 307 450 -361 -101 -24 286 -750 -188 -324 342 0 238 -242 -534 308 11 -21 175 253 75 -327 -656 -676 169 -668 146 99 459 182 215 81 -957 -585 75 164 86 480 585 -411 -56 -250 -614 -912 65 -722 -898 -473 -300 -600 -3 -75 -304 -70 -944 756 133 198 600 -647 -466 380 482 -485 -225 -284 141 56 -364 -174 -1311 753 574 -242 -93 -519 665 -123 453 119 -532 533 82 414 -245 133 -103 475 499 637 -17 -383 -385 1090 -254 -934 -147 820] 5303.7
[-254 252 -5 -183 -349 -23 618 346 -237 -466 302 208 839 662 146 -159 -76 734 754 520 580 136 182 -74 876 -414 132 364 -98 149 -152 -502 -138 -19 -776 200 -805 83 -128 -267 -84 -226 155 855 445 -77 -589 238 674 557 495 -290 232 -172 -416 431 -548 -683 -201 -471 -136 762 -309 -217 -90 -858 165 498 -330 -452 -1358 1102 -86 -233 269 325 -19 -848 174 -51 -353 -178 759 -4 -244 309 600 -695 327 871 -333 -282 828 857 536 -264 726 -105 14 456 211 -143 285 438 -83 -351 361 -702 360 161 -49 106 281 20 -163 -850 595 -418 146 -82 478] 5025.25
[-95 -234 86 445 -214 619 -89 785 467 164 -306 373 -139 -211 55 -59 -324 -579 72 600 -412 -803 114 -67 45 664 -72 -132 -4 120 -76 -262 -449 585 481 -433 463 -295 -78 -799 -278 571 827 -142 208 -64 -669 -18 -421 -16 227 -121 -12 -77 -9 -382 -357 192 -227 -192 -200 -754 -53 358 381 390 -676 279 107 -453 198 -108 -608 203 -344 -143 146 -109 86 159 689 -570 -534 -40 -429 511 -671 601 73 524 179 44 124 446 614 551 223 448 -198 -54 539 49 -500 -369 -628 22 -438 -227 -189 737 -126 -393 739 76 -881 -14 538 -199 -410 363 -468] 4331.69
[-434 -56 -271 -9 482 103 257 289 -674 132 527 -471 -1569 1025 -429 -354 853 -99 -151 537 323 68 64 -264 -344 -397 371 160 143 996 482 -599 179 -935 -402 -215 477 448 405 -119 -406 -483 -931 1285 -600 568 -147 -398 -519 -4 398 70 -471 357 327 286 -88 -608 88 -582 -104 -299 819 -583 -299 -469 986 530 600 593 -347 -129 113 54 654 -55 -325 -279 -658 -783 53 -370 641 201 199 -424 407 652 65 260 -134 -1229 -4 117 -83 21 191 -712 951 647 -225 271 -273 361 41 225 -42 -588 674 -650 572 -336 -1077 -746 -364 -320 -134 -124 763 -1030 -383] 5641.39
[-96 -97 -80 -503 -422 -336 163 -553 803 -154 511 267 366 373 -414 93 -158 479 -12 253 -25 -374 -340 -524 751 24 -768 -446 -520 359 684 109 189 -5 227 -52 -497 -120 -321 124 34 -467 -203 -80 -280 -402 244 -455 1366 590 -106 763 -609 -72 -1139 -367 -151 -122 -226 -270 -48 178 198 -554 -625 -106 630 -317 440 262 -1121 -68 -223 -925 -30 -93 -292 -358 376 54 180 31 -829 576 -553 134 -496 -680 -411 96 361 297 -387 -55 -248 607 -127 679 3 -426 64 -149 -533 133 -85 -446 206 -49 72 -108 -545 12 334 576 327 -392 -471 -459 280 -700 563] 4708.55
[419 -476 67 364 327 -247 -244 -212 -308 -101 501 -420 -865 -183 918 -16 730 -679 218 -415 265 1072 -96 -212 396 -24 -225 281 408 -64 515 -308 46 -601 -79 -402 -123 -22 790 -693 38 -300 459 402 -478 -113 495 -218 -274 -383 -121 -795 533 -349 574 782 -966 629 -365 507 268 181 -417 225 747 76 179 159 -379 -640 97 -587 681 -321 -405 -432 -404 -103 261 886 -236 -511 -653 -246 280 180 -285 355 -60 -87 67 423 -107 802 827 -8 -261 -377 626 -52 443 179 46 -102 494 105 -135 -282 316 515 -545 -733 30 -1229 -676 -681 730 -223 94 -581 -409] 5023.91
[411 -263 -398 179 788 357 706 429 247 -549 164 574 282 -645 445 -205 28 -421 -272 -5 292 85 -375 1197 240 -425 504 908 -412 -248 -372 277 328 -532 -48 -594 68 -121 -160 -60 197 537 -4 -26 -215 -500 108 -643 953 372 -443 349 -212 -267 -258 263 195 -577 -409 -346 79 -15 -136 -47 37 -244 149 316 -294 131 -228 492 580 -173 5 66 270 -13 -349 656 -615 145 -114 81 74 566 1319 -339 -120 -394 573 64 715 130 -288 133 190 402 177 231 360 -370 40 851 57 -417 1126 383 49 557 -778 -23 -89 -222 -14 486 -197 -300 -406 -448 320] 4595.85
[461 -137 -763 175 570 514 -27 444 -1040 -797 -98 -332 -674 -1193 -443 -344 423 738 -360 236 -44 130 -327 -428 -424 -4 826 1033 120 88 150 34 -681 -272 -102 239 278 -406 218 160 -384 487 427 -233 661 908 -763 -332 -50 -266 30 461 956 -367 1089 314 -871 64 -673 -24 109 -620 -468 661 58 126 -402 -742 294 -907 -303 211 -339 -595 506 717 44 532 994 -245 -219 166 1043 394 984 -196 -187 -311 903 -455 194 -357 656 -440 -618 -727 138 -95 338 786 337 -20 35 411 655 211 26 -206 128 587 -312 247 -1283 99 -592 54 78 395 -275 377 317] 5597.68
[345 -783 -246 -618 472 -644 -1170 -320 364 353 -265 -105 305 697 -319 390 -433 -118 -823 -865 88 -603 347 90 -397 154 -420 -575 62 811 451 -63 218 84 645 -164 -347 485 -359 -721 -562 -682 43 -287 420 165 62 -257 428 -265 126 -229 1272 313 -1319 438 240 166 -630 -407 -556 -896 -46 -106 -781 123 248 -226 184 565 -521 17 177 -473 -296 395 687 188 -646 436 -186 451 192 12 -500 -527 -770 569 324 -111 -653 17 -483 -421 -141 844 -363 -247 266 -258 -477 -427 376 -732 -598 -214 -249 -270 -1089 81 -143 -937 728 -33 -438 116 -991 -121 620 -574 -394] 5436.17
[-88 132 -896 -254 -181 -18 -291 402 317 25 -745 -668 -488 96 410 673 -760 191 126 4 636 667 556 -17 -34 -1071 99 514 -155 -216 -185 442 -148 808 463 533 -232 719 -389 -133 -603 733 837 417 333 -245 60 -543 -88 -404 -37 -982 132 -277 184 1522 -67 -428 -446 92 -56 563 -607 906 -479 -617 241 -221 -520 378 264 288 -350 140 206 -248 738 347 232 152 -554 27 433 -380 311 631 -85 184 835 436 -1385 -59 1075 485 459 42 52 -433 -416 -445 20 -80 387 -41 -185 -90 -779 -19 380 93 458 -303 96 202 -872 176 -182 -533 316 276 494] 5249.6
[-40 543 -90 -193 533 -97 630 -254 -203 -414 -525 -117 -121 621 291 464 -123 27 -134 -13 -116 163 532 999 -410 -611 121 878 -1117 -680 -226 507 380 -314 332 -117 790 -163 410 -735 -930 367 31 182 -342 446 -8 51 -332 143 -589 314 -77 -281 -243 366 38 -803 -1342 -86 72 676 536 166 318 -885 1049 165 14 -514 838 352 -386 -348 134 -300 11 -90 466 53 -256 618 -225 -124 519 437 243 -160 1351 -621 -182 162 501 -395 749 -371 1007 741 -69 -77 642 559 79 543 -542 87 264 604 549 -508 -585 579 -382 -58 -116 696 321 326 181 -56 175] 5272.7
[-180 -76 43 -219 203 417 91 307 844 -138 -141 -205 -264 -187 30 582 169 -646 -381 -515 526 144 -131 -8 463 462 1134 478 1069 -92 -167 304 283 -216 -418 38 -1081 872 82 -322 -325 167 -282 92 -992 -72 51 -329 112 734 536 -337 -15 29 620 566 -127 939 -291 -740 1105 -487 58 -650 47 -402 130 -474 -102 -204 324 -109 -62 83 78 -575 702 -781 -270 428 -75 344 -568 -23 700 -68 -21 155 -41 -784 -129 -411 -19 219 362 -384 -408 -664 -770 854 278 -473 554 488 94 -141 -62 -91 -268 -774 504 -74 970 213 380 328 778 462 152 -222 -99] 5002.54
[650 151 61 -823 488 -183 -285 -580 876 645 341 -425 394 -249 731 380 138 -222 -54 -320 25 -232 149 241 675 -1064 -144 -716 -102 -929 306 387 541 123 -167 429 117 -100 -314 547 -335 -398 403 502 29 -755 634 167 -438 -394 -64 2 -530 -485 -601 30 -567 13 53 279 -342 1090 -1214 -288 673 -140 -736 -133 -731 709 -173 408 57 -292 -423 -419 -208 -78 -1210 222 262 -658 607 -452 -466 243 456 64 584 184 418 -80 -146 296 -283 -36 -854 27 381 -1073 -154 -83 135 204 609 -388 -329 -699 789 -254 -225 -242 1169 68 148 742 176 183 -125 -525 11] 5269.7
[382 -127 318 -305 6 -322 -341 444 -462 -662 -142 -986 311 -190 -253 227 -152 -403 328 -749 138 -272 -185 129 -985 -1019 -138 -590 -116 -278 -609 -277 -193 -126 -653 -204 1031 -311 -216 66 668 669 38 -77 589 282 -24 -1261 132 99 399 1195 -130 -734 -337 -405 -115 -1017 -449 409 -5 839 -553 -401 -464 -104 -258 -281 -181 576 -838 198 877 -907 632 161 -122 167 -611 76 -704 -200 1479 -373 1604 276 -30 -292 641 23 653 -34 391 -721 -1178 -346 -702 -463 811 749 95 -560 -140 182 195 502 -660 308 -371 -66 166 -758 -1019 154 658 465 -801 212 367 792 747] 6031.53
[-418 195 -112 -116 -582 222 240 1138 -47 -216 -853 -117 -661 23 -315 -863 56 -364 -1094 -216 309 555 -291 327 -1484 -752 46 -560 -278 983 415 352 -835 -84 -140 -71 -51 -164 268 809 993 -61 -437 -291 -108 136 62 34 478 507 91 138 138 328 -55 6 -510 -247 299 119 -136 143 190 -242 -622 322 -485 -456 100 873 -904 -824 521 -710 -94 125 -382 810 -763 -198 151 366 -85 312 524 876 913 38 -721 111 597 -81 86 311 -582 692 235 276 557 9 -295 169 -3 -431 60 -222 340 439 -454 -101 596 3 -350 559 14 49 -331 -16 383 1033 490] 5243.3
[318 139 -243 -1197 -151 284 416 -38 -696 118 -184 -375 -411 -711 -824 228 -390 617 -560 30 -52 -752 201 -205 -30 522 -732 -494 125 -173 557 339 -692 672 178 -982 153 -234 -221 33 -387 -600 341 797 300 -69 1071 -273 -603 -467 -572 -335 -466 677 666 -412 -138 -584 343 438 645 -1128 -811 145 -493 291 375 -634 -355 234 268 -131 80 -31 -446 -525 -20 82 357 1278 228 -93 270 93 1098 445 205 726 277 1128 -259 176 -671 35 875 269 -111 707 -166 181 40 -167 -694 -744 726 213 33 -224 196 131 -1 333 968 390 -190 3 220 322 -240 583 -449] 5432.7
[48 -478 358 -666 -478 -161 -249 110 -922 -201 -647 958 -647 -325 -10 286 -519 129 -578 431 -455 -371 608 414 -1045 362 695 1183 -262 475 -684 -77 51 -283 1068 845 299 -474 -413 367 -114 -163 398 -403 428 -1105 -441 184 1434 470 -313 -244 -305 258 -471 -125 579 -293 188 656 345 143 964 -213 65 773 -191 -175 -89 205 -91 -187 -56 348 -180 -440 433 540 675 20 -218 -162 -397 225 -29 36 -246 -852 367 -100 235 535 384 -941 -166 156 482 22 -129 111 168 329 355 -155 -51 -213 -129 213 -191 49 233 -147 -75 740 225 240 -18 142 -218 237 441] 5035.24
[53 286 -580 2 -230 -249 314 414 136 -34 166 -776 -236 -345 -1320 573 367 516 -55 -497 236 162 372 -331 -64 502 -362 -830 -320 -306 827 189 -728 72 344 -677 436 -316 -541 373 485 -458 514 590 277 20 174 183 -350 271 -196 171 -124 -118 595 -172 559 177 18 760 -562 -41 -263 35 -593 472 442 -965 31 -582 -281 -342 -370 -352 873 -171 278 756 656 462 457 -220 689 113 744 -625 -117 -4 -442 87 -458 -164 -29 441 -197 232 173 565 -194 -14 342 -57 -772 -261 -259 -298 -461 -265 -325 -3 34 -657 730 205 170 -440 44 249 92 97 263] 4669
[-173 262 239 541 13 936 -220 578 -483 292 -729 676 -782 757 -8 -782 229 -52 -904 660 131 -571 401 172 230 -538 155 68 -560 911 106 -23 -569 175 754 296 -31 624 127 -525 -440 -202 193 -7 -310 330 389 123 -480 -240 -91 208 93 119 -61 295 -998 923 91 -394 302 -749 373 -289 657 -425 179 -107 214 28 292 -405 -221 -851 -1020 578 -393 227 108 398 -340 420 -946 196 496 -404 -178 -431 -910 125 -135 139 530 87 67 580 293 308 -31 -1022 -981 -122 59 -183 95 -180 230 621 619 195 -156 649 536 -336 -744 488 -456 -113 151 65 -751] 5126.57
[-510 -224 96 482 -98 -343 -435 289 -116 -115 -92 542 257 409 411 -293 168 100 9 393 -185 42 -95 987 707 -784 267 -108 -407 389 132 -895 28 79 74 533 385 338 -173 193 490 738 129 -193 -296 215 21 -145 545 -56 300 751 -638 341 77 503 286 -885 420 -284 366 -401 -134 -68 -745 -322 -414 785 -176 -101 9 -25 398 224 276 769 -100 314 -689 -295 -525 -57 9 851 -593 -31 637 -279 -654 -405 494 619 385 -294 -918 -15 265 -434 -56 -309 -430 -159 -94 433 -597 1007 741 273 -703 73 -441 175 21 18 -151 1162 340 151 -409 -252 -260] 4751.13
[822 237 -135 352 -90 933 -681 373 -730 -36 -731 55 -657 -367 -1373 514 -135 1 -465 -51 -211 294 -458 -150 -362 143 171 578 -198 370 -133 -342 -23 -230 702 -1011 225 128 -285 -101 -260 -313 284 419 310 32 -620 -373 -595 -735 -355 -51 723 261 -162 70 474 48 -342 -57 -107 -436 -152 244 -448 -104 490 -712 -144 -25 260 711 334 -246 -353 771 -447 556 296 -43 522 323 352 -335 1091 -387 690 288 376 -117 -432 -993 -194 -194 541 -567 387 567 -130 998 464 -324 -246 -130 -638 282 3 -426 192 -461 -35 -370 150 -881 -1108 1106 156 189 -154 -287 304] 5160.56
[386 -572 -22 473 -70 -1 250 -74 -698 256 366 -22 -490 -1111 844 264 178 -203 -161 621 -814 376 -224 642 783 346 607 252 -206 -535 278 250 -382 -94 -126 602 -52 -73 448 -29 109 -613 -205 445 -575 -238 -243 475 294 -117 -569 289 302 -176 345 350 72 -495 625 120 -156 381 -831 -398 334 416 32 -340 -345 346 23 563 -942 535 -212 128 -306 -57 600 385 -253 -169 817 153 -434 617 363 708 1131 250 172 -744 -69 -335 13 -576 -539 172 726 -163 166 232 367 590 86 -183 -467 -991 -52 -477 -992 -236 -87 -198 -840 311 587 352 507 -561 325] 4978.82
[74 315 432 -102 296 -845 400 296 -725 -949 -305 217 -715 -420 -257 685 -280 474 -465 424 -738 -289 -202 11 280 -14 421 422 -624 542 106 -280 -384 0 426 -47 -226 -26 67 309 20 6 -332 -334 -866 -672 -55 403 -163 679 -522 362 -462 71 -382 158 -303 -139 521 90 819 67 -93 -302 -559 494 367 324 -75 -587 -410 90 -296 117 -117 189 24 -135 147 11 191 -1024 12 268 505 292 165 603 -7 -229 9 204 512 -775 44 64 67 358 -123 80 -219 -107 -211 -96 -100 633 893 964 -107 -699 -393 579 -454 941 -386 368 720 -17 329 382 -578] 4634.2
[435 973 125 539 927 98 -593 582 428 -151 -561 -173 -152 597 137 -50 272 -200 -125 203 -1040 279 -315 233 1072 -250 -105 377 -273 279 -37 -232 63 -312 301 -45 141 -135 48 -609 -362 100 225 132 224 -944 -499 986 -144 345 565 64 -420 -419 470 -575 -895 661 -251 -232 -608 -229 -581 90 401 -414 -254 -463 -437 -147 -398 379 -819 -262 -756 330 205 111 -283 578 -321 -726 -497 -469 -67 457 97 -476 -336 -629 -88 -127 -2 382 397 -175 128 -237 -852 -81 962 -205 1190 672 -153 435 587 -368 96 336 -596 -86 1046 -445 303 717 349 447 -137 -757 -299] 5159.49
[1018 5 -21 554 624 128 394 27 -897 -432 250 252 337 -1105 -446 269 -387 139 -246 152 -492 -470 -139 -926 -236 38 123 450 -474 -1220 -138 -444 168 64 1434 119 896 -838 -75 459 -380 -7 123 -103 1010 665 -205 587 -331 748 -406 569 248 83 251 441 1613 214 -521 859 350 -249 278 373 297 577 512 -92 101 -955 -14 -289 -1006 -828 109 101 -367 395 -101 -35 780 541 903 -109 509 -128 519 -401 -388 -710 27 -296 -115 170 303 -410 47 261 531 -498 458 -683 822 212 733 155 283 16 -45 490 -13 0 -103 291 -22 884 269 53 -678 -13 -256] 5600.64
[-490 495 -763 130 -66 -421 377 248 -22 -43 -982 74 30 353 -259 -164 -289 728 -94 408 164 -849 348 -281 646 -775 162 -75 -635 -225 -771 190 388 347 -144 489 239 114 -35 -666 1035 -484 467 253 -56 -272 -838 337 375 -710 -215 10 -542 -248 -131 -8 1020 -1178 246 286 344 648 -197 -362 -719 -1249 227 -407 -54 1377 -286 502 -140 -370 -127 57 -295 -268 -585 418 -888 55 -324 254 0 642 331 10 167 1150 -101 -4 349 410 -371 -295 -31 -156 -541 270 -62 -273 -660 165 -413 -495 -380 353 108 -524 227 302 450 150 -225 1087 410 -305 -522 286 451] 5240.08
[210 299 86 317 678 350 -114 -136 118 -536 669 -636 320 -169 146 148 -51 333 1190 137 -619 207 -807 -326 675 -92 87 636 -99 146 -912 703 -51 531 -617 -597 -585 -397 133 -781 346 1066 -1161 -820 -401 -810 -871 459 120 -168 739 237 -418 -412 -270 -473 -340 77 323 187 -371 635 -761 -98 -471 9 559 -121 680 -24 -946 805 -94 -56 271 316 133 -804 1041 117 -462 -426 -33 -113 -55 -284 -1265 -43 482 259 -351 506 417 648 251 56 19 -118 -829 345 1075 678 107 173 -704 -696 256 -177 27 -316 308 -580 -664 810 -438 -472 8 -140 473 487 1191] 5698.01
[-223 -127 -209 -45 -38 435 -94 -81 510 487 367 358 338 842 564 -325 161 211 -479 -269 -172 443 628 1233 201 -248 278 -1153 -232 114 884 497 -547 182 227 465 -1151 213 -580 979 -102 -883 104 154 -157 -749 671 146 688 -194 353 -378 296 769 -99 -245 447 -72 339 -307 -510 695 -527 35 -526 77 -468 -25 429 -363 727 462 184 -205 39 145 -593 382 83 56 32 214 -16 58 -284 -482 523 66 760 265 102 173 20 835 84 587 -124 -357 518 -340 -141 346 12 231 -386 771 92 -1265 -467 193 -329 100 992 271 248 249 132 737 161 197 571] 5067
[146 -694 -148 317 -265 401 17 -52 464 176 -573 510 -428 -533 -21 404 -163 443 -644 9 831 -519 19 54 -681 -506 -135 -242 -132 -484 350 -194 122 -297 413 644 -342 -474 -594 200 475 -352 190 45 436 -717 163 -654 592 61 -176 -554 -222 -75 -92 -251 43 -933 610 -204 -612 -476 -43 501 -13 599 -403 -402 -449 263 -47 374 620 -71 108 140 102 370 -219 -631 79 -747 269 -124 -663 194 819 -1150 159 239 840 -610 -263 437 -121 165 549 415 -2 -568 191 506 -126 336 -476 307 -188 -407 622 295 535 858 -509 -556 80 106 -653 -911 -659 -12 298] 4832.94
[68 21 844 -457 285 -417 -513 -1035 -111 674 104 -867 -1017 -294 -165 621 308 518 -18 -234 948 -466 352 -404 -557 -485 -102 555 -334 741 134 467 95 -165 -451 606 824 366 -966 336 -1599 124 -711 133 88 -255 493 292 -519 -439 -1241 -194 -364 -53 319 214 -39 70 -171 16 -335 -270 154 299 731 585 1348 -741 -418 256 -152 -312 403 315 1056 -580 693 -440 352 -436 149 -420 -85 82 130 573 -354 -904 -20 33 -683 -119 139 -472 -34 -403 139 -29 172 -604 49 353 -46 170 628 -685 -153 -12 855 -693 -249 500 -782 1347 -187 -462 -82 -483 426 -531 -79] 5704.31
[9 978 122 134 39 650 426 451 223 -707 -442 -134 -518 -1 -144 -1071 161 -179 22 203 134 -79 626 -177 -503 133 -375 845 -245 -120 478 251 -120 -1023 295 -70 768 -223 592 -216 -326 40 586 1103 326 800 153 -162 -661 175 -245 -102 -47 96 497 -52 -1058 174 -115 417 -258 403 369 230 12 -774 -718 289 -210 -1074 746 -659 -601 648 -311 -307 -402 194 487 -136 658 428 256 -550 1157 363 -508 120 -311 -8 -120 -776 -46 -852 661 276 81 -487 70 581 -878 257 -672 -265 755 -150 79 30 868 130 252 78 60 -851 25 -192 186 -52 -385 238 196] 5212.33
[271 30 726 429 -334 -347 -102 370 127 -348 -59 -381 644 -536 142 -599 -705 -255 -277 525 -450 721 383 570 -780 368 -131 215 20 87 -257 -43 -760 -341 -734 -404 229 606 -882 -191 -566 320 175 385 477 -160 -127 112 210 552 -443 -624 355 -241 -214 77 -406 -180 -1 241 733 -90 -584 53 176 -175 284 -564 -206 288 -736 310 35 62 -60 -71 469 288 430 856 -296 -865 514 -841 235 667 416 151 -693 764 -129 734 157 -576 -410 50 316 593 -649 666 416 -51 -264 -210 211 416 96 787 871 -103 -12 229 -598 671 19 -510 145 63 46 -272 105] 4786.73
[-63 -68 653 -276 505 194 460 -570 2 -570 341 -220 569 206 662 -726 432 24 607 536 -831 92 -479 -73 674 -207 -511 -278 -74 -1299 -99 -301 97 667 -1193 364 -50 -476 -101 -1167 -241 -117 -120 -389 496 843 -317 63 -47 488 614 -67 -24 -517 -244 33 -60 -14 3 221 323 374 -690 -274 464 -610 -99 64 -291 883 -377 596 -358 -1483 -83 -505 50 -183 -439 550 -454 -119 131 440 310 359 199 697 542 1024 501 -98 -77 611 296 -479 78 -833 255 80 406 -197 -623 383 422 89 -322 165 406 242 320 181 688 329 296 -264 82 -565 647 271 2] 5155.74
[-577 -82 -624 744 -260 932 226 695 252 80 97 -84 -122 47 -93 -208 398 93 -688 335 421 111 -610 -275 -438 759 420 -732 -151 -1347 -850 -294 -653 362 111 113 76 -109 -202 296 74 160 -361 157 300 1254 216 509 75 394 -5 88 180 132 566 585 542 1089 -311 197 -251 81 589 276 178 207 -27 -394 -29 -995 -774 -499 -1098 -331 574 -131 -321 188 256 -355 -327 260 122 536 324 815 282 -605 -323 92 -494 -406 362 -17 -137 261 103 373 -596 -24 295 -241 257 -342 -92 -558 -389 -147 -20 1130 504 22 -266 62 -58 -582 -530 -242 -302 -153 649] 4993.9
[-665 -652 677 794 115 -257 247 -403 -274 -207 701 41 758 -336 -245 -1155 -596 -1116 324 -898 -244 319 -302 -21 -107 791 59 351 120 73 274 -425 -315 -111 -504 -104 -124 -218 332 0 -196 -266 235 129 -157 346 -82 248 67 60 109 -684 -463 -29 -1029 46 243 107 230 -517 266 -295 -592 267 -197 -26 181 702 307 247 -524 -77 1105 386 -464 -236 -200 -707 356 228 89 -579 -912 1214 -451 -171 -559 568 358 331 13 -47 -265 277 -875 -644 387 446 -488 317 -112 651 26 331 -116 633 113 -90 -214 -421 -704 -647 -403 -822 -451 108 71 53 8 -917 -204] 5062.3
[812 80 1084 105 -665 477 -282 510 -157 -691 -681 685 -36 -281 -166 557 785 452 -610 -180 -75 502 94 -270 -400 518 627 -459 -1069 174 381 -65 -371 -445 -16 -257 224 -372 -167 -294 -16 -580 1186 356 674 345 -281 -135 911 141 -344 744 916 -310 96 699 -743 -116 -435 -91 -51 182 66 -300 -82 567 -165 -558 -133 -491 -248 598 -86 -941 -274 366 -72 -114 373 -105 -3 -553 -21 52 732 35 -178 -70 579 -562 393 305 64 92 264 -446 191 -42 784 541 507 -305 -380 278 -723 364 -813 -86 -81 56 -782 -648 600 6 436 19 444 983 -38 1204 62] 5239.71
[-576 -533 493 600 707 -1 310 330 -201 69 -936 430 586 322 -304 150 -1043 -391 117 -799 -872 -19 -334 212 -591 152 -62 274 936 -199 -371 -11 534 282 360 63 12 -287 -50 -21 235 400 181 -1349 311 677 -401 119 -616 369 76 192 218 134 -418 -513 127 23 1 263 -285 355 340 130 639 164 378 -12 366 -1149 509 -273 924 208 -937 -44 -562 606 -23 -104 -69 18 -503 456 -207 -756 -20 -4 140 -640 228 -79 512 -374 -567 -161 174 -2 -428 -276 581 420 121 33 -698 22 821 565 -761 68 -38 -289 -308 469 -404 -7 131 780 -632 180 88] 4943.96
[-603 -167 261 -161 -238 31 16 -815 -564 -250 1319 -42 980 -268 722 -149 -681 -129 431 537 -710 -378 40 227 -345 105 -75 -682 -5 -575 -961 -883 -415 570 -562 244 230 -530 800 -493 380 17 -304 73 202 -498 -690 66 147 351 -16 283 -700 195 -296 505 341 -1357 351 -155 75 118 106 -660 274 -186 -239 676 158 1221 -931 -147 -589 -375 546 -315 532 -835 593 -554 -805 -156 707 167 -258 428 -473 888 -237 642 -252 462 -445 188 -103 261 -218 -461 481 1257 53 -110 458 -207 -13 413 205 -331 -357 -323 -108 -259 292 -634 181 223 705 247 115 445 -134] 5418.75
[-395 303 354 -62 319 -19 -101 165 -1053 -520 93 -62 -773 135 -656 -196 89 908 -454 304 -880 -91 408 249 387 -326 506 57 -104 1047 -402 -250 -370 120 -366 -463 15 522 -720 -383 99 -217 -49 193 -483 271 -248 776 -91 -514 28 -219 371 144 -534 -103 1502 310 230 501 912 -133 815 -617 -967 -136 385 -365 270 1017 121 158 -377 660 -61 865 460 -43 -343 -201 252 -704 392 685 587 -937 111 754 -341 380 -299 416 -367 -887 -214 -44 102 213 355 -24 -509 -672 -722 -500 -70 524 -352 1062 296 -1140 37 267 -24 -156 -461 785 346 -210 781 -90 -414] 5462.09
[-342 -137 -816 302 -141 293 -20 180 326 789 -341 96 -478 -22 -977 -471 205 371 311 -406 798 -912 -263 -466 603 519 -231 154 -404 -118 831 196 -1011 -461 265 -512 721 -252 -546 602 560 -454 669 88 -1178 438 96 -379 321 612 -183 995 -453 -37 200 271 -465 683 117 253 119 76 -106 234 -876 10 -275 -395 -33 -1041 284 -197 257 -309 621 668 13 -170 421 52 620 107 -274 233 805 -678 38 -931 -599 394 229 -553 -415 -133 -273 -553 -198 905 -490 -530 -150 272 -1092 109 417 -518 167 228 -428 137 -83 3 205 -455 88 478 -695 492 -431 356 96] 5251.81
[-301 216 250 36 636 -340 -617 -537 -350 443 -688 281 -241 168 686 -18 413 382 -155 109 -5 52 444 -741 126 633 226 -839 -577 -124 -645 -464 310 80 -24 -75 1075 -636 310 44 -702 -139 -1250 -132 -273 -647 -560 38 -534 -1044 -438 179 -289 435 -566 83 192 139 167 107 -33 -613 426 351 1268 201 -29 597 -7 -649 -610 -1122 206 -560 189 -231 -782 -721 -527 -591 -27 430 -909 188 -11 -600 66 -86 89 -944 -554 616 133 -326 333 -983 399 -169 815 846 -197 423 477 18 -1249 116 16 90 337 590 616 727 360 -92 782 876 201 790 20 491 -486] 5639.59
[358 108 -61 -680 173 171 50 -4 -784 135 200 626 -180 464 624 258 90 -703 -398 375 125 -324 367 4 -407 151 1066 172 574 -140 -500 -224 31 556 608 98 -464 -117 542 -51 -608 43 -597 -298 -111 -375 -291 468 -99 -157 207 -102 -57 867 -79 902 350 -270 -36 290 816 -514 715 -505 872 184 98 411 -481 -48 -879 -1160 313 -953 -89 -545 198 -159 -154 210 -284 505 -208 -334 792 -27 -116 498 -124 -262 -433 540 -58 328 444 -69 53 -1176 780 364 260 285 567 -65 414 -3 -333 283 -573 365 651 194 687 411 115 -332 312 545 471 409 32] 4907.49
[-239 251 -1222 -285 -1183 -718 -673 313 -182 503 353 -244 401 456 -187 -97 -270 159 -178 -31 231 36 250 413 755 -870 -1074 -466 -1291 341 299 89 -702 -332 -85 112 -116 811 74 193 70 -782 -285 -2 -533 -296 -9 526 -6 263 42 -760 -436 461 -182 417 -648 -770 343 -23 -222 607 -248 461 -151 -494 50 865 1215 338 -649 635 -253 -973 262 507 83 -53 506 -11 52 282 479 794 -694 665 916 678 -92 684 -32 7 -77 864 -223 673 327 736 -424 -325 -672 -1 -370 -331 -1214 517 289 -252 120 -151 308 -172 379 -497 -574 797 217 181 -41 -560 193] 5586.19
[-510 -437 -140 257 160 -142 -106 -753 213 261 -149 -28 -464 -84 1032 366 20 1272 -724 -387 284 258 -643 -375 -118 -21 -471 -226 -168 217 -337 -44 779 -172 -355 296 -184 -874 -394 165 133 279 161 -1011 555 -18 115 -54 -315 381 184 133 576 -623 177 -63 -556 -286 -979 106 -307 307 151 -490 50 -226 1162 708 97 -1291 125 329 264 165 -30 -358 -529 -347 -471 -119 323 -713 120 -150 -993 553 457 -535 -170 148 145 -292 -714 -7 -12 -13 766 262 488 -1064 1021 452 -311 401 -77 -89 459 395 760 -335 446 -782 112 585 -31 -1061 1014 -54 -767 -613 218] 5381.23
[456 607 1045 586 498 -1157 -401 -701 -262 32 225 278 278 735 120 162 600 -170 -42 -138 366 466 423 -343 612 -568 365 247 -37 -838 549 -747 -156 -392 -1077 -23 21 522 664 -648 -218 133 37 -435 155 1015 -235 460 437 250 -176 -25 -61 -723 1214 150 -362 -477 210 -1114 -129 -168 -401 366 424 490 -543 -57 241 624 568 -83 454 548 -300 234 -247 -286 62 -617 -112 -594 -642 686 -423 563 -436 387 327 5 24 -379 221 313 128 -620 502 40 121 198 -431 -88 -287 960 -76 47 -516 693 425 -865 -63 541 -1224 111 853 -83 -117 -134 311 1672 -593] 5614.27
[-111 -359 175 -311 235 -185 433 -268 379 -20 84 -285 -151 -137 547 596 312 50 277 -700 1078 524 512 170 456 234 283 262 -469 -439 270 584 343 75 -587 780 -75 526 309 585 -474 -266 -717 -103 637 -261 172 148 431 -618 -427 389 -279 -212 -308 714 24 290 -144 -122 -405 942 -230 -234 1200 1191 -624 -759 124 -1152 -222 -108 390 202 214 -224 -235 551 521 278 -891 718 -295 32 295 -33 -447 -653 506 -244 -276 672 736 -47 -449 -586 -597 -345 -418 -69 -284 459 1081 155 20 -808 510 -309 31 350 -518 834 289 78 820 -593 -949 54 -895 -490 533] 5391.95
[49 -257 -418 172 184 -142 -171 704 736 -342 56 -18 -226 -397 523 -223 218 16 -91 500 1433 330 384 -644 426 -404 -431 37 183 1113 588 749 113 21 70 127 -61 460 -401 -31 49 -186 312 198 -72 -167 -402 -556 698 26 40 -1182 235 836 169 253 320 -707 43 108 388 626 497 -218 -121 -8 -782 -788 61 -477 365 -253 479 -311 582 -905 285 211 -346 505 123 -375 -517 -334 319 237 200 -13 218 -208 -57 315 -480 502 -105 -488 -1157 -150 188 -286 271 -399 -110 -330 -45 -398 178 79 -81 58 629 62 -556 284 -132 -810 -474 -36 -139 10 379] 4719.27
[-386 413 -314 450 315 416 -1006 563 653 -177 -153 -337 -13 196 -759 -110 -178 -30 -709 879 69 198 96 -93 -210 -46 1017 -198 614 270 -142 -517 -379 6 -203 103 -546 1266 -1109 1165 -267 -33 645 182 487 -375 -299 286 -344 395 33 353 -91 76 502 91 834 559 404 -262 74 75 14 539 -92 80 -731 -39 168 401 -147 73 -175 326 -772 -418 -402 622 -654 -544 627 -573 528 -353 -13 -438 129 555 -919 -410 -465 -602 273 -697 -279 992 -607 -678 -760 -88 -766 -663 31 195 126 675 -603 1 268 -7 517 -458 218 578 284 732 -353 172 -581 -511 332] 5307.15
[-857 -936 223 1244 55 629 968 319 -1060 -632 -336 -60 -525 -267 -155 -690 -395 -113 192 233 -1311 487 -100 329 -149 611 233 -846 553 -582 -305 226 -813 555 -32 -234 -141 485 149 247 986 303 -422 -233 -1092 117 236 -304 -669 523 155 -472 -547 264 -205 268 437 -281 44 1059 -31 120 -81 274 -7 839 864 -123 79 -301 -106 -913 -202 394 -26 149 -215 474 543 -416 270 -632 39 -80 -13 1094 253 612 -41 87 -58 295 -766 480 -531 -987 517 281 93 -80 426 -162 881 -249 482 541 158 297 39 348 -341 480 -736 317 -191 -181 -411 -17 747 -178 464] 5498.07
[54 -55 -522 -875 -438 -215 984 93 -149 -570 189 -340 -117 -74 -645 352 -82 792 453 827 1003 -59 -739 -275 293 292 -804 211 69 660 812 625 -517 685 65 -108 -231 -140 38 -60 -164 478 -141 1058 -902 248 -1 -139 -111 -636 -779 -355 -431 571 185 -121 166 -763 733 319 187 -422 -167 400 -993 -316 498 153 9 392 -329 773 -57 558 711 -658 81 93 309 98 -78 -36 489 -404 417 207 -97 92 141 -715 -355 -453 -148 436 566 -126 -186 -226 131 125 7 -166 -347 40 94 115 5 -462 -502 114 291 -315 -150 578 97 197 548 -805 1273 -89 65] 4988.61
[-90 175 359 164 -714 454 -175 64 -390 717 -462 -82 635 -618 -948 870 -244 -1004 598 -3 -364 448 -151 478 -938 -349 -357 254 524 -571 -172 -516 -587 -451 -395 -680 -120 -191 -15 387 335 -341 169 -1226 148 643 -366 -480 -122 221 146 -1005 558 321 -208 667 -536 385 609 133 342 641 -396 239 417 870 -586 -265 -30 201 539 746 749 -87 215 -665 -60 235 689 406 488 -834 67 -465 461 -267 333 247 529 422 517 -452 -100 -347 747 -261 -364 107 436 999 -583 405 -1178 -215 333 158 -406 730 140 297 -9 296 -286 -79 213 -156 -720 101 382 910 63] 5395.39
[-1027 -275 196 303 -153 -377 -275 681 247 484 -806 -625 -592 -57 -485 54 743 -214 948 -194 986 641 -466 -308 782 -71 -628 -232 -388 817 1900 552 187 -1379 -488 353 105 473 -62 -639 329 -299 591 114 -976 -246 -671 -422 -498 1182 191 -358 -783 -665 -387 -59 -904 -516 1094 -391 128 409 -786 200 62 193 -739 -536 230 130 413 144 393 18 320 -437 82 -36 400 226 -298 -905 -265 -73 286 361 146 17 153 -320 422 30 -537 -201 -220 -247 168 67 -374 -165 -3 696 -1102 293 -103 -63 426 315 163 338 -273 -375 -141 520 -216 312 145 -447 -179 -528 -42] 5632.64
[-155 -142 44 -177 -541 309 -148 -277 -397 178 687 474 331 214 -1306 -497 273 -146 -388 -380 685 216 -378 210 -890 599 -332 53 -375 462 337 165 93 -592 155 -362 329 -123 294 577 267 -165 -154 -151 78 315 -81 449 -919 157 -172 180 -281 624 -105 125 661 -178 -352 -104 -257 -514 759 -327 -1449 365 284 918 86 605 393 -125 441 -106 315 193 1033 739 344 -676 630 86 209 -739 -97 -229 63 940 -216 -46 319 134 -1174 -223 -1482 186 238 -155 -260 -325 -76 489 -293 -41 -164 169 168 864 -204 -358 107 -607 -652 -28 643 -456 -718 526 122 -475 -937] 5281.5
[-72 196 -385 380 104 344 14 519 825 824 -174 184 -289 -98 128 361 231 -342 -129 789 686 -365 -222 -343 356 -80 144 -302 729 35 542 225 -789 -238 -95 385 -361 648 969 -57 295 -81 452 -788 -1020 -11 -726 -580 -75 -69 -316 381 233 13 642 556 -1055 232 1354 -874 201 -250 -1075 -31 359 199 -1526 99 -500 362 -91 -126 -95 421 -328 -139 150 -251 481 -6 125 117 -393 -333 -60 137 -565 -124 -327 243 188 -209 35 -904 -24 -165 -930 -357 -107 568 -718 -133 -62 23 130 -187 -709 275 45 848 971 508 285 -543 337 621 -417 251 76 707 184] 5259.3
[90 480 118 620 -535 116 298 566 -121 -248 -68 513 86 -999 -364 143 104 353 -458 1052 -400 218 75 367 370 -257 -420 432 -629 17 140 -210 -30 407 1266 741 357 -195 -884 -294 972 283 819 61 49 -753 -670 141 22 470 299 -430 -127 399 200 -176 570 -875 466 249 260 -192 101 657 -308 167 -831 -37 272 -44 594 103 -502 112 -702 -511 326 514 136 -337 207 -95 -205 198 -73 659 -148 -470 2 -433 233 881 -465 -380 224 -469 177 -316 145 -705 -571 -586 -640 -383 -301 -285 300 654 654 89 863 250 1012 587 -440 605 -533 -104 -845 89 -362] 5152.04
[102 288 127 503 -546 608 68 -89 482 -250 -126 13 702 -114 9 1539 -301 -760 63 247 -59 50 66 498 -197 -922 -173 -520 -81 -251 593 -320 390 631 398 213 -313 -262 344 -456 434 231 1319 -499 614 520 -196 -380 271 364 20 1300 527 -644 -673 29 -243 -302 -477 -304 6 496 -6 -676 473 739 -581 -1198 -470 319 356 -236 -723 -816 -50 -624 -83 417 269 200 -13 -537 -312 -568 -290 379 -416 49 394 -730 195 282 17 -135 281 406 -598 -359 50 -563 -213 -385 22 430 -102 -537 -494 -338 -275 -422 -887 -96 946 508 -25 -79 76 -99 -29 299 -82] 5169.23
[-515 137 -466 -159 -208 -43 66 447 -367 -812 -397 -681 -105 -523 29 14 513 424 164 26 -85 -55 325 759 1035 -2 -738 -430 196 -17 221 -53 -279 -175 -78 -318 -445 -168 -131 -205 1329 -92 -46 404 -129 -573 -486 -147 316 -578 -362 -726 329 872 410 -31 -498 -295 429 685 -85 -67 -156 -219 -872 -692 -2 489 -968 405 -644 295 356 -63 693 13 1025 -674 -540 75 -243 -624 323 -336 -156 344 1155 419 158 74 -29 759 -6 381 614 467 -110 -114 -193 289 -569 -366 -530 -379 -435 -390 238 619 193 553 452 733 -580 -479 -734 -578 297 -640 -300 -2 -397] 5100.42
[-388 -62 -722 181 -56 204 -335 -116 526 -338 -570 534 71 265 -587 -968 -555 588 323 511 232 878 627 -532 -61 -591 779 836 791 758 -288 -981 -537 -214 -98 234 -758 -236 165 906 63 129 132 62 188 -415 -181 350 523 368 -549 -628 390 245 -37 227 116 262 -70 -746 513 660 60 -4 -20 -367 -487 0 49 -2 376 -136 249 210 -727 -83 -760 -285 237 -242 362 163 -110 330 -844 -165 728 -479 216 32 -116 -962 573 740 457 -16 847 711 15 58 -321 811 -295 167 14 -193 201 -398 260 108 -414 462 153 -709 -35 -635 557 -133 65 -793 154] 5017.46
[-181 685 229 153 239 -81 830 -461 62 -749 -428 352 -348 -116 -67 -298 703 1020 270 -215 1017 294 514 454 -340 132 -404 958 -300 134 54 238 -189 -212 77 398 -150 -631 137 -421 -567 296 -268 93 340 547 614 754 -626 -454 -546 -546 1000 -138 234 -383 -11 299 -462 250 -25 -172 565 546 707 -90 47 -444 69 -718 848 -84 -486 496 203 -313 158 -67 552 -324 289 467 97 -30 416 -85 -330 -753 327 -811 -542 -506 -343 -467 762 -381 1400 -972 116 -53 9 464 43 481 390 226 454 270 288 16 -59 644 -19 -395 894 -142 642 422 -453 -643 236] 5153.67
[264 349 960 41 -551 327 680 -415 717 -603 490 -72 355 0 -338 353 488 -690 464 -671 318 1147 -741 121 -851 -910 -49 -247 201 -11 409 -563 675 310 -445 510 -560 112 601 -256 -14 329 -575 -552 359 859 574 397 -473 674 93 410 -45 -371 86 -19 -186 24 269 -765 1040 154 -103 -251 -182 -126 416 -120 -45 447 870 343 -116 -147 180 234 -358 462 -205 237 -1036 714 -766 701 306 486 -87 421 18 -404 702 148 405 -485 -1 611 150 -395 -653 44 617 34 757 235 502 243 249 -37 -593 -769 -779 -222 704 501 236 -532 729 -770 -512 677 -250] 5382.15
[-267 496 -178 -686 84 -260 128 -300 494 297 -338 509 -1332 1036 839 -45 -66 1233 -706 804 -372 -102 549 -20 255 331 438 716 328 661 -544 -41 64 -260 336 29 -172 -227 -477 44 -465 -260 35 104 253 -228 -533 327 9 -706 -220 -5 324 253 -289 -123 213 532 -181 86 -117 45 516 -264 225 -470 289 -204 738 292 980 -7 -680 -37 -302 -647 -585 -542 -325 -1011 45 -209 -913 5 -654 -415 -433 -201 226 796 -318 -660 -351 226 818 -153 108 141 641 -245 -21 -275 -75 -44 -440 -1368 -862 -639 557 -323 65 119 1099 412 35 -302 676 476 460 -516 326] 5331.74
[219 285 390 69 -214 621 256 1419 419 -191 -686 181 44 -160 -183 -426 884 -606 -186 199 298 583 384 -156 -652 101 437 -438 -355 -466 321 -48 -170 -211 623 176 155 -274 -18 199 -430 250 -43 1760 -27 -240 653 -37 59 -156 -304 448 -379 289 1274 -166 -920 614 -143 -364 -330 -125 69 -339 -99 -279 -632 -616 -402 -110 319 -581 -950 -383 -222 -510 -382 333 25 -1508 408 258 18 -111 387 961 127 -535 289 -212 75 -683 -146 571 412 -327 -232 296 368 239 -82 -758 255 276 545 29 90 -1279 356 147 -456 428 -642 338 395 -245 -16 652 291 -297 447] 5331.24
[709 -335 72 834 1168 -720 -183 -856 220 967 -213 33 215 438 -147 -1242 -428 -861 -72 -888 -233 763 -162 -719 -934 -459 139 27 1321 113 247 -365 -463 -723 649 -277 242 -194 -308 57 734 -10 202 166 -185 -760 524 1355 396 319 -238 -990 -1300 279 237 -234 -199 1044 471 -492 -329 -804 -226 59 -130 -92 763 842 179 585 -261 -149 212 -38 -1224 355 -46 -361 165 -591 -208 -145 -301 446 -938 -310 -579 -534 -842 -123 -49 -112 122 97 -604 -162 54 -300 -38 54 -78 -405 -94 -3 148 -280 -149 -367 380 832 45 -378 -619 -266 546 -481 -622 -256 783 116 -402] 5821.47
[-654 167 341 691 262 91 322 -257 435 -173 381 243 -230 -88 1551 -46 1107 288 642 -70 998 503 335 80 1643 -106 -899 -262 -722 86 990 9 926 -404 420 466 -238 -63 922 -861 463 -533 932 524 -921 151 140 -139 -419 173 2 -694 118 -472 172 289 -932 197 -97 -570 -648 912 103 108 428 -606 -273 217 -908 -16 277 264 -213 -133 626 -60 -456 -1303 119 -338 669 -404 -586 -719 -349 223 -9 -571 28 -651 21 311 -671 1046 698 -381 -333 -753 172 -605 -367 93 181 441 4 -348 635 -6 383 -220 -346 646 -172 -842 -116 -647 168 -454 294 -299 -477] 5904.22
[-156 -356 -688 -891 -455 266 -711 1 -317 205 825 -315 454 -174 833 508 -581 -438 -675 -124 -627 12 457 487 -130 112 771 -286 329 -1099 -911 -491 535 -341 -247 -121 -555 458 619 666 -172 -609 -341 -651 129 -260 235 -732 451 -604 100 203 484 579 -154 459 547 636 212 458 628 342 734 -638 384 151 -222 -662 84 -219 -752 -693 558 -577 248 -482 -562 528 -91 651 -171 -65 -24 112 403 -796 923 811 -1065 474 438 633 175 181 62 932 -310 310 -205 769 570 -2 428 -291 546 354 -269 -378 27 -126 22 150 82 -982 -324 386 295 265 -357 -845 487] 5481.11
[-62 325 -687 -444 124 426 431 -301 -31 -140 510 56 -368 -28 745 -409 76 -86 -322 197 -183 -248 491 809 -765 -1083 -546 383 -474 -493 -295 -394 363 61 178 -446 770 -340 1191 -565 -68 389 -75 384 704 70 616 -389 -1408 -508 -716 -464 159 -318 606 894 -542 -576 -1003 566 -266 -15 10 -236 1083 -165 571 389 -516 120 -388 -240 -163 208 288 102 276 318 -390 1046 -280 -119 716 -1043 218 1089 1031 593 -89 69 -133 389 332 -162 430 213 573 -375 -259 -528 664 570 389 -212 1051 -293 527 156 506 476 65 4 296 -801 287 184 114 147 253 -47 -932] 5582.07
[173 214 57 286 -157 -387 -1019 183 -384 110 -367 -326 169 207 -665 1247 -322 9 -173 -228 647 317 -168 231 441 -671 -498 346 -260 -385 -208 -885 471 -440 122 -318 -555 405 306 579 -53 -635 1576 -972 552 688 -127 -60 84 184 167 714 347 -569 -378 282 -99 -220 -828 -675 131 966 -566 -719 197 380 -1303 -414 -871 -809 402 302 790 349 -465 874 101 448 4 472 552 -340 -120 -340 -491 328 278 136 475 14 -96 -50 270 -1092 149 373 343 505 -795 -590 -1 257 -277 -242 271 616 -322 948 -646 4 -206 302 124 -1210 14 16 -163 -356 -393 -310 -232] 5572.19
[974 142 313 245 87 -823 -274 -39 -107 -583 219 -507 -361 -426 988 -312 -99 -402 34 -368 -476 -140 6 -291 639 -1054 235 -411 421 -843 456 -238 98 233 419 785 82 971 121 -233 -40 93 -306 -39 -588 149 710 -689 -546 -78 70 186 529 -57 -84 70 11 -261 -289 -262 438 58 -336 133 -698 -310 1052 455 115 82 50 672 45 -809 835 1094 20 -109 25 -647 500 708 -78 326 743 48 -464 453 -468 188 107 282 -124 145 -497 -382 -779 651 -744 38 250 -709 721 -97 188 558 -258 811 205 -1253 146 449 -689 -66 -324 619 49 -496 62 329 -3] 5182.28
[-364 185 1119 -247 -752 -244 658 -428 134 33 155 418 -28 -280 -198 73 3 426 -153 -397 304 670 -101 -198 -415 -574 213 -459 -238 -105 -59 -137 212 171 -353 456 -745 -264 -135 163 808 61 -714 -281 160 -128 -150 483 268 701 -528 -759 -351 34 313 688 610 -394 692 -218 875 -533 115 -11 -685 59 116 -147 -31 1734 87 -30 165 255 524 146 1121 -574 108 -532 -43 691 39 1482 -521 420 534 -280 261 236 415 -36 103 153 -279 -559 1274 -553 -551 289 884 463 223 293 -958 80 -525 233 -297 -880 947 90 911 -240 517 25 694 -193 17 908 314] 5548.26
[-58 -122 10 527 -1010 -16 -349 92 -231 289 955 -436 -165 -1221 -120 777 -494 -672 450 236 -284 96 55 36 825 843 586 26 -644 260 -615 321 138 -525 149 348 965 188 188 295 -440 67 484 150 -506 -665 -621 88 379 -268 -236 998 235 -661 31 468 -178 246 160 -436 304 245 -295 702 -611 -471 29 340 -199 -46 212 -296 150 -100 301 143 395 -477 985 -426 135 106 -146 647 -1152 -284 -227 426 53 -73 302 382 407 -108 -376 -93 26 702 -122 466 253 375 257 311 75 -406 -202 25 -63 -159 -884 -408 436 -376 -1035 724 479 71 -665 -652 426] 5039.97
[291 -696 200 -20 543 44 -569 -489 -317 -235 194 3 -100 -132 615 -49 46 -175 -711 -432 -56 463 -847 475 -147 14 -536 -567 -590 357 -144 1098 -410 -756 -795 -349 -112 -87 -101 -193 -114 351 102 -490 385 -728 339 -30 407 -395 -455 -85 -6 -591 253 -84 -331 -360 -142 38 -181 -595 -688 523 -48 81 -12 -202 383 1332 73 -127 316 -304 -701 -460 728 286 222 38 -927 -583 442 278 -50 605 305 296 -251 -213 160 644 -170 337 -839 52 140 -186 243 72 441 -525 -527 442 -202 -20 225 557 506 735 150 -688 -354 -149 340 315 -588 284 704 -533 -248] 4768.18
[265 -327 -171 -481 -564 -130 -759 393 744 241 557 371 447 -80 837 -57 -1083 626 -166 286 -305 -763 -1113 72 602 336 -999 -520 -127 395 -752 -205 52 447 152 -179 143 156 -129 -837 -94 191 -250 298 -728 913 500 -82 7 9 196 110 306 -186 -960 -735 -936 116 -734 -492 -181 133 247 -115 27 -134 52 130 372 -146 -403 926 -201 499 -738 453 20 -1031 -390 3 10 -164 -214 103 -507 596 -294 -199 133 -559 280 632 -493 -444 435 -60 -38 1164 -8 -1210 217 -277 81 -436 -512 -280 -68 13 -282 -111 -126 -66 1077 -294 -296 377 -3 -46 226 -19 -135] 5171.4
[384 127 467 -178 141 72 -151 566 330 -631 498 82 107 241 1053 443 -351 -36 -345 -348 -512 -474 113 497 -676 -1260 -76 -332 1161 -1312 -1270 -363 203 -162 70 232 -148 162 112 -789 501 551 227 -281 -90 -234 -848 -684 17 1075 1236 416 398 -503 -438 -12 -147 -148 -380 -651 278 634 288 -580 189 -226 -393 -275 210 502 -467 919 -92 -496 424 102 21 -330 -910 -125 -154 -436 71 -120 217 -625 59 -754 245 449 152 -638 -650 -275 178 111 -395 -377 365 655 1032 -810 -347 -250 201 535 148 254 698 -1043 933 -107 -255 -206 -114 419 -233 242 -144 278 353] 5525.81
[-445 597 -62 -96 -89 37 -466 392 736 -282 1024 42 -803 147 684 -90 184 782 578 376 975 103 11 -323 129 -912 -287 67 -393 423 307 295 -758 -781 -339 462 -47 57 650 423 -533 800 -125 363 -54 -277 394 211 -858 -130 -309 -231 -66 111 472 192 -14 615 1270 -1031 334 -113 -704 338 -33 196 -656 21 853 798 503 918 -104 1081 769 244 -33 9 87 -663 148 -185 225 509 9 -291 -236 -672 -707 605 -194 -773 221 316 -91 153 -293 -748 -464 -92 -424 93 -740 -382 390 -223 390 -311 530 -595 680 237 -12 588 740 452 186 -201 275 -725 -407] 5383.17
[859 -20 1127 -365 -86 520 521 -239 -1395 -464 445 138 357 96 -2 -308 309 -205 346 228 -24 412 353 -263 151 284 716 47 -426 -1136 -611 221 19 -17 -114 -155 -18 -372 -295 593 -353 36 -171 146 520 344 179 575 206 -114 84 -27 43 -257 270 37 1192 515 -165 739 247 850 239 325 741 -96 235 -438 -389 -382 -155 -337 -216 138 103 -258 -1154 1262 -122 554 -544 97 -534 -902 1222 -484 -117 -64 187 -715 -589 -515 634 493 535 -256 499 -38 264 -673 228 -352 741 20 752 -191 -1158 -179 563 124 -702 -437 60 262 -325 -600 798 -1358 1291 648 69] 5747.28
[-1089 162 456 243 105 -279 -412 -922 -13 679 -94 -301 352 251 103 -85 -200 96 476 -386 -352 -197 9 51 -84 234 275 -505 -457 631 -551 -262 503 13 -403 278 328 -714 -36 749 50 273 -343 -793 250 -904 131 -272 -156 299 429 971 -747 -114 -850 -61 207 -225 -146 69 -382 -27 564 -849 485 -52 239 464 218 -234 -201 -540 409 521 536 -619 -83 -623 59 -536 76 -261 -169 -144 -257 61 -297 542 -282 56 -468 94 -270 10 -49 27 597 299 -142 -434 171 533 -188 36 205 -77 280 210 -279 -80 -490 243 -186 310 482 -541 364 1116 -52 -1088 -387] 4610.23
