[-303 321 120 415 151 304 -313 295 -129 -70 43 94 -160 143 -143 78 212 227 125 37 -444 -197 237 -116 324 464 -450 -63 430 144 -19 -276 107 -385 -103 324 385 203 -283 29 579 -278 -17 -121 -268 -143 -147 -475 104 -185 52 121 269 -281 519 -249 -338 10 345 -89 -326 -27 53 -246 -410 56 -192 216 215 9 -501 52 -107 -505 676 302 -123 225 387 513 -531 28 11 -390 108 152 19 -23 135 260 68 -37 185 367 -35 -447 146 -263 181 -211 634 508 -88 135 153 254 141 -393 420 248 -567 522 -1 499 -113 -175 -150 -219 468 42 -263] 3108.85
[-190 41 -503 92 216 -157 81 -200 278 -10 -172 -55 445 -959 -108 -30 -133 71 141 -254 594 491 233 66 22 -437 492 7 -334 -160 -168 145 -21 52 69 -512 -616 119 326 513 -285 -94 196 358 92 140 -672 47 -173 111 -210 -152 51 375 53 -175 516 84 -185 181 36 -110 -78 396 57 529 458 -205 -261 137 87 -71 124 157 -450 -177 600 133 -119 -657 -120 -483 -113 397 -179 -104 84 389 224 -407 -103 583 100 338 233 -102 -577 -56 -110 -276 -135 -289 291 253 -311 -75 -356 399 289 -587 557 83 -1002 -22 130 100 259 40 -23 207 166] 3420.08
[59 297 278 632 257 107 -5 -138 467 16 -82 233 293 -361 883 422 404 308 508 -239 234 59 -115 -101 173 -153 -143 -230 -540 -213 -662 -20 -204 363 -124 39 199 -341 46 -183 232 568 -287 99 -166 -24 153 -190 -41 -107 56 -138 364 -187 -40 -234 242 -244 -294 -208 -147 79 -250 183 -309 565 181 56 193 9 -84 384 -590 24 -92 67 245 116 10 -15 31 35 130 -324 -379 -824 -97 356 16 -261 -210 -457 165 -89 326 -85 -265 189 -301 -32 312 227 -130 -66 -116 -148 -359 -297 247 -314 300 286 -571 425 288 533 57 350 45 -127 456] 3170.5
[-58 682 -150 526 56 47 -16 60 407 -116 -45 -20 58 -518 286 -104 -140 876 274 340 497 428 -106 -308 -405 220 31 -353 -52 -99 -267 449 7 -645 82 -50 -101 -55 545 241 257 -358 -90 117 369 -128 -460 101 88 -94 -126 319 481 -344 556 -693 265 326 -335 -255 -171 -355 -17 430 -22 81 271 98 -21 221 -403 152 -325 446 -396 121 188 148 -182 193 497 -243 273 -154 -430 -576 88 111 284 -158 -457 0 387 52 334 -397 -595 232 30 -324 -25 -580 103 -307 -165 -255 -34 -214 410 108 -38 323 118 144 61 321 -261 875 -52 -453 233] 3469.13
[645 74 51 -485 -174 -59 -303 192 -106 65 -378 -468 206 108 -142 -197 216 -550 116 26 -382 -417 328 106 -111 -148 265 198 450 -450 52 -449 485 591 -363 424 -1 263 -7 -135 -802 469 12 -254 -86 -361 172 -128 271 279 -383 -323 -357 281 -548 471 222 -379 147 255 544 -155 14 -173 280 303 -476 -332 45 -601 494 488 345 -340 -74 -250 -167 130 189 -248 239 270 794 287 160 368 -172 161 -83 149 -269 -337 113 -143 -362 479 363 389 -494 193 -474 -24 -130 130 364 -64 572 548 -877 -118 -3 -652 236 -339 -145 -309 238 -361 -75 -122 71] 3671.92
[588 462 -319 171 -320 -269 -67 315 -40 71 -542 524 -296 350 490 -13 -104 8 132 242 93 -60 2 90 -448 306 152 -73 240 -82 263 303 23 157 -75 858 363 -421 88 -256 458 51 -660 115 161 103 -216 71 482 200 -280 723 130 -847 79 -69 88 36 313 -509 -121 -222 -142 654 -249 626 157 320 10 -120 -481 393 -552 -154 -511 300 -394 168 -174 -19 548 110 512 -365 -233 -586 -284 -272 -136 -43 -280 -150 -368 -238 718 218 -90 413 -85 12 -579 -22 -59 -705 156 -255 -235 83 16 -415 -313 35 -119 -175 232 323 -134 496 -43 -230 724] 3680.66
[-93 -182 450 210 -32 272 -419 -233 242 -211 -309 -426 -346 -84 77 414 392 953 437 -338 -97 154 -31 -265 294 301 -374 -640 101 134 -509 211 0 -13 -193 98 252 409 10 9 417 -245 239 545 610 0 236 124 40 -518 419 -334 413 -73 7 107 81 -602 -503 -271 -33 458 -132 195 117 -290 -301 -189 148 -598 82 534 71 -337 61 -406 -155 209 256 590 562 382 397 -297 147 -327 -69 250 -215 165 -85 -62 331 285 -167 -533 -120 405 -221 -345 187 -40 -547 -24 432 92 415 -186 -295 412 -81 251 584 390 -188 599 129 314 121 -684 -85] 3588.9
[-220 91 -484 103 -177 428 -318 38 170 352 24 155 307 -373 9 554 33 774 377 -97 225 117 70 -179 146 226 11 -187 448 -368 -126 485 35 -404 108 590 -40 -272 -29 175 392 49 34 -8 -98 477 163 285 264 143 -388 108 400 -899 702 3 -410 380 -362 -181 -251 -520 -305 -258 -263 374 80 -162 -201 108 -15 302 -364 -81 22 560 152 1 -106 -49 226 -82 198 -611 -47 -252 182 -58 96 -119 44 -304 -224 142 -251 -25 -331 -115 -304 -243 -136 860 -266 -52 -80 -440 138 86 463 -539 -582 -71 -161 -264 204 -68 -690 168 262 216 163] 3371.71
[145 -1125 -246 146 59 204 96 181 -656 -95 306 -84 -179 636 -402 185 -322 -193 110 -338 -317 -209 400 326 735 216 -147 -195 212 240 284 111 145 -155 -188 -243 209 253 -757 -70 115 -296 -149 -134 -53 115 -10 519 -9 427 -108 507 -115 -325 436 503 -931 514 152 -262 583 -260 230 -351 -19 -13 -390 -52 141 -392 -418 -314 204 -288 134 649 182 -433 26 48 -243 95 -177 20 168 343 -39 -530 223 -48 497 -299 -384 148 -555 249 572 -193 -140 -245 508 707 80 203 -62 -48 58 -231 -316 -360 -526 -449 -137 -197 228 -678 19 3 33 394 -332] 3731.01
[35 149 -6 -59 271 28 -308 232 173 -594 0 -211 -96 -222 -111 -781 72 701 -192 -100 -45 595 -252 -344 -466 44 -58 82 38 11 -59 -8 433 -211 186 -125 371 81 -192 335 -162 180 204 -13 77 -519 -460 -478 230 74 195 278 126 -194 272 -615 -116 -121 156 -432 12 566 429 456 -110 -158 49 834 325 -89 -779 -392 644 619 212 -390 155 229 40 2 -450 -63 -90 163 103 161 119 230 31 363 -359 127 26 399 -265 -323 79 377 294 -255 -6 -810 185 -561 -410 10 97 -683 381 245 58 589 162 434 -591 23 451 221 212 41 -127] 3566.33
[345 -253 -135 -206 -299 -432 -359 -285 48 -566 -193 394 -66 -66 -374 -879 -764 251 395 -281 -27 476 215 -323 -588 43 830 24 145 -399 82 171 -241 -250 -199 93 -83 590 423 523 -305 -647 -151 166 420 48 -836 277 2 60 184 -109 349 -289 97 -189 156 -539 19 -107 568 425 587 1004 -60 -28 491 -22 -61 -305 -39 -143 419 651 -578 -819 455 120 -290 -2 154 -224 -141 661 174 -155 359 73 58 -373 -582 338 74 -78 -483 -54 -183 655 246 -321 -136 -801 443 -573 -220 80 374 244 -353 173 355 237 572 163 -581 373 325 131 15 51 -262] 4113.04
[-293 16 -402 -732 -455 260 -108 387 -552 652 -372 -138 -576 178 -431 231 328 -477 15 338 -427 -225 137 410 18 265 -278 78 693 -175 545 805 223 224 -304 452 287 375 -159 -157 485 -262 31 282 269 422 296 139 890 108 327 8 -289 -123 487 776 -503 -309 -22 65 -90 125 -411 -196 -278 -282 -237 1 -563 -169 -22 -342 13 -385 530 211 -673 -104 -109 142 -237 237 -57 -433 282 422 -77 -126 -139 156 -299 -15 -673 539 344 498 498 -345 -70 -555 -114 220 -576 -1 482 -210 -433 241 -270 14 -595 -286 -322 -615 -72 -131 -376 -475 663 -34 98] 3991.2
[-59 1354 -699 164 241 -45 -141 261 665 177 90 -344 597 -1075 188 -280 655 480 -55 542 277 334 -173 -575 -194 -679 -108 267 533 -111 120 -422 489 88 386 -128 498 -719 414 57 -130 375 584 21 138 -643 -344 -606 -117 -119 -542 186 321 -16 118 -809 385 -398 310 0 -396 122 -168 -77 212 322 342 285 324 -249 -353 649 439 69 275 172 -411 109 -358 -149 -476 -250 545 -299 -284 135 307 540 327 509 -50 -111 651 188 -202 -380 -400 69 197 -27 46 -756 249 -613 -506 -161 -233 -299 750 -13 -155 795 -111 455 119 -740 308 451 -19 -82 -38] 4431.03
[-373 -47 -739 -96 350 -409 825 -437 110 -92 91 -58 -635 -221 48 551 -259 487 257 -299 278 -256 -125 29 760 125 -484 -268 78 303 173 304 -327 -181 321 -875 -483 324 -239 -160 240 -687 41 243 1002 816 -360 610 -115 -375 323 -209 -261 -66 604 -167 336 385 -576 -217 -4 -309 -201 63 382 -664 26 -431 120 249 237 -32 77 173 -34 423 332 -207 -346 262 395 -215 86 150 -129 14 -504 -428 70 82 347 -32 132 478 205 -276 -378 158 -240 -395 289 109 -149 168 284 252 -335 143 255 139 81 631 237 -461 260 -24 -111 940 154 -196 131] 3921.44
[462 -834 -71 371 -419 -249 -549 -506 59 187 345 -210 321 393 -439 116 -639 -44 -399 152 286 -126 60 -167 106 318 358 -136 30 360 559 421 -272 -9 262 323 -116 -195 633 18 192 -169 41 970 272 344 539 317 -475 128 -603 -69 52 -10 -605 731 -322 10 -349 -196 -245 -574 111 -432 896 -224 259 -554 -225 -86 293 678 -212 -460 -576 -347 -600 -410 253 -94 356 152 540 346 577 -478 140 -349 -425 -486 468 453 -250 -6 -65 206 -50 -393 -80 435 -876 262 -47 -114 603 -403 256 499 -713 -210 216 -498 794 -334 254 183 120 73 -275 -186 -154] 4243.74
[152 389 -440 -385 -216 -521 398 -88 -265 309 -533 390 391 -595 -33 -730 -43 -123 703 222 -616 -289 314 -547 -156 -577 365 552 464 9 266 -1096 99 83 177 71 -332 -48 128 374 -935 120 270 172 -313 -103 -460 -386 4 180 43 -128 -468 212 109 -291 707 -706 1071 738 230 184 53 77 93 397 -330 -300 -65 -311 285 -20 774 -429 146 -156 -136 352 184 -73 -735 -160 94 -86 335 987 74 -2 -121 421 309 47 274 393 -168 81 -561 122 -34 90 123 130 -21 -18 -337 365 313 -109 271 2 173 467 360 539 -337 -761 452 -482 164 -213 54] 4217.36
[-500 79 131 -487 617 -10 648 336 -131 -132 169 -267 -1345 -80 -404 111 -3 -360 -448 -194 -480 -91 206 608 707 199 -541 -13 -12 182 710 95 364 222 -65 -350 174 493 -516 43 202 -306 151 219 894 -145 -319 -99 431 -525 551 -539 -369 1008 -329 435 212 -265 174 -137 222 407 -113 41 -10 -1166 19 -174 426 -268 674 -54 172 -341 358 -59 54 86 -192 301 57 192 -405 450 -437 421 206 -258 287 364 70 434 -151 -3 487 -172 60 189 497 -589 522 -262 2 709 438 1060 -428 518 -186 359 -644 206 -567 -149 345 -254 -13 71 274 68 -283] 4414.44
[377 -153 -119 717 71 -75 -237 -280 322 375 356 -374 530 -738 -255 -946 -128 159 364 731 -44 184 280 -688 -301 -369 -122 -196 -156 -192 522 699 235 -770 92 -727 -160 497 1199 -174 130 -763 286 963 462 -469 -56 210 -420 200 506 -524 197 286 157 -139 -49 -517 227 371 17 -176 -147 -209 732 -703 540 -565 -187 21 212 -262 375 197 365 -217 17 -284 -326 -104 -38 -270 -468 270 -325 -249 561 -64 -210 -599 -500 66 231 100 47 -196 -205 -157 373 -350 395 -1147 270 -366 -278 92 -600 214 -608 521 345 -395 -163 571 -103 235 -48 -21 236 -139 -585] 4497.76
[248 -336 -392 -256 -451 -7 66 -466 -52 -553 -411 -233 -295 507 -216 494 -554 809 451 -430 -122 270 -31 -150 480 139 -292 -537 -299 252 279 19 168 -506 413 56 25 142 -556 -498 -158 37 324 -264 139 118 -62 721 -284 -461 544 150 481 -546 217 223 -261 -357 -559 -167 373 19 -590 373 142 149 -450 -383 216 -604 657 158 347 -133 314 317 287 -25 -168 -174 499 -260 -67 -57 -18 241 -113 -109 -638 241 337 -342 -120 -395 -612 -155 -4 867 -80 -177 411 455 -130 -656 -412 176 123 278 -45 -172 -82 -429 166 -69 -103 217 276 100 -312 -274 569] 3834.8
[-315 -231 516 -316 -288 182 247 -503 156 71 -53 340 10 493 -624 -214 -1366 143 -246 477 123 427 140 -200 -190 32 537 34 -543 560 511 166 -398 -542 46 595 -712 -135 512 -506 -237 258 7 164 65 -317 752 615 -312 -497 279 -69 1 499 -513 191 28 -536 -383 122 111 -403 130 309 475 -719 282 -412 -226 -306 956 -82 -363 -315 -537 -289 -62 -62 -66 -24 749 -68 -438 273 26 274 774 -533 -179 -272 74 -223 48 -975 -520 -313 -515 -236 395 67 -85 219 -61 -280 8 26 869 270 -936 641 -385 -391 656 174 -135 52 -490 -238 -617 -179 216] 4517.94
[417 480 -200 892 83 814 -157 -188 150 197 104 -31 512 -802 -19 -484 464 396 1355 -79 -344 -129 526 -82 310 -15 318 -402 464 -505 -800 262 -342 -198 -561 -209 -374 422 607 602 512 19 -452 539 192 -433 -173 -51 178 488 25 -174 302 120 325 -443 -120 -456 -34 360 336 -244 -101 352 -9 228 172 -519 -221 289 -791 142 -53 -122 153 -109 18 285 533 334 -53 -294 -43 -371 120 -321 25 435 235 -428 -450 -466 638 934 -291 -426 85 130 -311 -610 612 -39 264 657 490 -627 -208 -241 -656 -222 64 -88 -167 275 -134 -453 -223 474 330 -20 -423] 4379.89
[43 -165 270 -319 -268 112 1070 -317 -934 173 -258 -136 -342 1011 -41 175 -99 -668 28 680 128 480 -37 675 -415 265 -118 148 -349 61 -275 -146 -580 -340 -224 -740 -460 180 334 -187 -192 -215 -361 33 -89 354 147 451 -110 131 811 520 -426 598 80 275 694 77 -437 325 76 124 -108 -78 -95 -262 -662 -50 -334 710 -779 -868 -505 310 -533 137 -153 -106 -14 -113 449 -270 -748 -184 -259 278 -362 90 73 -358 -207 223 -264 -254 218 -8 -85 45 372 329 443 -664 -130 515 261 -377 -661 -568 -224 84 777 -568 546 -384 6 187 -530 205 -867 -647 -106] 4483.22
[205 238 566 803 599 227 447 265 412 -215 314 -484 336 -437 271 -113 -136 -452 219 745 559 146 -420 409 27 -125 -103 -218 179 -562 -198 -327 149 490 -380 -119 687 -332 752 108 -295 137 -469 -346 536 -681 -297 -339 -218 473 -658 133 -591 555 -364 -421 352 259 -679 -348 89 -634 434 -567 282 -46 -340 97 640 -398 -52 669 -537 398 -515 -142 67 -602 47 149 527 117 846 465 -317 -779 46 412 699 -634 66 -230 809 -868 95 395 -27 102 -83 327 -511 -798 614 377 321 -282 -311 -205 -497 -591 70 -65 162 -476 1269 -419 69 1456 -442 -576 -285] 5032.77
[-636 187 70 -323 -480 417 409 -214 86 -449 69 -73 -335 55 -2 151 574 237 -549 -96 482 20 -1045 134 352 160 10 -286 73 -216 -870 748 -350 369 -218 -319 52 -144 -329 1 196 -444 330 -968 444 275 42 183 -100 135 -102 350 -71 -196 549 -195 -42 339 -826 -387 -143 680 245 -431 -109 -275 31 367 -6 416 -350 -535 -281 1208 -250 -373 621 144 -378 476 379 246 133 -33 -9 -325 -311 329 149 207 -33 -122 -151 -420 -778 6 -98 320 386 271 -378 -284 -53 -70 -50 -469 -41 -994 106 124 -5 48 563 -664 -226 -203 -1118 327 -479 238 -396] 4325.39
[-598 431 -1151 -499 -364 -219 440 -12 193 -178 332 29 -1039 -193 -800 318 -424 822 -569 -58 196 -313 50 562 361 -92 604 49 -671 747 270 1258 -88 -314 -287 -506 -720 77 -74 33 351 -41 252 189 863 -36 -243 878 214 -531 0 70 335 602 309 916 215 276 -431 -400 377 -69 18 787 250 -1112 634 -655 -217 156 428 42 -314 445 45 -364 -198 -431 -271 392 663 -239 209 575 -59 406 375 50 364 256 -165 170 132 428 -7 43 36 368 1 -457 2 -287 221 60 179 -53 100 -16 33 375 -342 539 164 -925 148 -609 -42 243 102 94 423] 4754.61
[-245 -550 206 -1013 -308 -422 177 400 -251 -375 -103 -239 34 400 -182 749 -264 435 -19 -630 16 -360 -273 221 153 -478 192 16 55 640 412 258 672 681 -316 -3 54 -28 -410 -62 -742 702 625 -745 246 129 -145 206 610 -474 -347 383 163 -331 -385 820 -172 114 153 -146 572 333 -251 266 -34 491 -179 331 -451 -1121 509 -187 656 -600 -272 213 -300 241 -51 -333 26 258 658 179 437 743 155 -310 -322 435 -391 -362 -129 294 -173 469 133 264 -260 -336 -494 128 198 -269 -435 382 801 199 54 -26 14 -136 219 -86 -88 -46 758 1 -257 -344 408] 4344.33
[-928 765 422 -194 -471 866 340 -403 424 -149 -341 -594 -144 241 -415 1064 509 185 -372 -491 227 316 -540 217 471 473 -496 -835 -25 101 -435 -155 239 -684 445 420 273 4 -345 195 605 -532 335 -457 78 195 348 -162 -343 -558 183 30 118 66 42 -637 -304 -258 -960 112 -588 -478 -715 -530 160 -474 -915 -15 307 -240 322 1014 -321 379 719 -68 -822 -7 269 615 703 152 223 -465 714 -239 -289 600 -266 1132 671 285 819 -427 -389 -819 266 289 23 420 -42 313 -606 -50 781 -15 508 4 319 -42 -658 426 549 -330 36 -246 -121 -180 -249 -200 -250] 5106.1
[-294 -44 100 -43 350 -187 2 322 -88 -148 -231 -404 265 233 489 -118 -191 48 -271 551 287 339 -409 431 -143 148 -388 271 -259 -321 -466 -643 460 62 -188 -184 -63 465 -479 4 -490 -126 -129 -543 -770 -331 -140 -235 76 -320 -349 303 -249 743 129 -236 270 680 -794 202 -168 -617 307 -166 -559 283 -765 68 264 -391 53 180 20 -165 -37 596 517 -412 -60 -129 -415 -30 325 451 -284 298 -424 529 77 98 352 -84 574 -168 412 248 48 -454 -801 268 250 32 -5 213 571 56 14 481 -40 -504 186 -339 -710 110 306 -131 -58 651 -230 -520 276] 3901.47
[-76 324 -252 -121 -491 -628 943 -28 285 543 -205 286 92 55 26 -884 -51 -693 24 185 -813 -816 56 -584 114 -525 10 46 483 -287 943 -652 485 229 455 354 -762 1 219 56 284 -1014 -442 -324 392 -189 -196 141 -257 571 -315 -77 -719 170 -1 -670 -53 -435 801 398 89 -500 111 -221 241 -442 -290 -952 393 -230 1039 486 167 372 741 405 17 271 -348 270 -352 256 -290 350 -22 598 -459 -697 65 464 180 -270 144 -569 -250 389 -256 -212 64 123 276 540 245 -208 382 698 283 45 -418 136 -571 -318 -47 568 123 -1114 -575 -93 480 685 -223] 4866.51
[-640 742 390 -122 -678 191 -174 415 -9 10 -15 372 230 -239 615 -146 -142 1010 83 1253 -239 261 -671 -510 -232 -164 159 364 82 197 -233 189 -101 73 -426 -211 283 -200 234 209 -594 -3 530 -871 31 -711 345 378 594 -60 321 -21 1005 549 194 -203 -132 -370 -291 761 371 274 -12 196 -350 -369 -63 -174 -323 -483 317 -75 197 -208 -169 -116 124 24 -225 482 -381 189 -65 -654 -21 272 844 571 279 19 -281 174 432 -238 35 22 -106 307 529 -437 803 -453 -161 -222 185 -432 -303 -826 288 796 -425 -426 547 828 -51 -200 -401 434 -180 -1134 93] 4630.09
[-25 -43 562 55 -242 902 -232 412 180 248 -355 -282 134 -671 72 497 531 561 759 -287 169 -337 48 2 415 -501 -48 -30 96 17 -395 -52 189 527 -302 -213 -101 115 -51 -150 -38 1015 -67 -676 -87 -166 677 -46 622 -396 234 -834 -17 84 -356 -257 -5 -60 -283 683 -251 -18 -1079 478 -370 -228 -508 -368 48 31 925 -303 -105 -864 673 262 261 805 830 -212 764 -203 -71 -851 424 266 -368 487 -456 -385 30 -251 202 104 474 204 106 721 -511 -753 300 779 -363 594 456 178 -167 222 215 -60 -84 -536 -974 -486 113 731 -161 48 489 -172 123] 4758.35
[-178 376 -239 95 -294 -774 723 219 71 -252 -646 757 -866 86 -305 207 -1442 -221 -410 421 478 -59 43 54 -351 488 -167 -490 -566 118 1108 403 -298 -293 284 487 797 -604 95 -316 -132 -921 -100 -474 638 99 -201 542 -384 37 198 -430 -388 -830 -236 -259 -291 -18 544 76 -280 -765 -2 182 413 -802 285 -6 51 15 941 26 -401 826 16 -270 -83 -396 -509 338 239 251 -62 -62 276 -631 299 -255 -309 236 303 806 -87 -626 1096 331 146 579 602 130 -714 -402 -1 -326 53 754 -344 136 375 663 -757 420 144 -695 282 906 187 -157 3 -330 560] 5139.76
[224 400 -299 -119 91 -101 56 -324 53 149 -346 -46 -518 -480 643 -249 239 -113 998 -129 -446 -526 193 -98 317 -88 219 -237 249 44 -628 -643 17 256 -299 -92 101 113 301 363 267 498 -410 745 414 21 -1056 -514 236 -792 70 89 124 681 -26 -198 548 -790 -230 202 276 173 243 599 -359 487 -66 -153 344 -258 3 928 -329 -882 -13 -91 -56 342 -48 649 -323 326 498 308 207 105 196 239 169 38 -44 247 538 602 -27 -387 -888 364 -278 -89 784 77 65 -221 646 270 170 320 240 -624 117 1454 358 460 0 -100 1028 374 483 -473 -95] 4623.3
[356 191 -253 -239 536 -147 328 163 77 -640 -72 -247 -99 531 130 -432 237 359 521 33 40 708 605 458 -492 -216 -373 136 199 -260 -797 134 294 283 -546 -697 252 622 107 313 -288 -64 56 240 711 -102 152 99 345 23 255 152 -308 248 -370 -110 230 241 -332 -335 321 344 -33 450 -206 153 9 320 132 6 -1134 -467 267 79 -267 85 -131 -122 94 -293 -292 290 -487 43 -320 -4 63 204 6 -162 -844 -498 392 593 135 -341 230 98 -220 -306 156 -1029 269 931 -17 164 -346 -894 -4 218 514 125 95 -38 43 -18 -192 280 -560 -375 -1] 4020.39
[-90 -584 859 832 518 434 -753 340 -235 -169 296 -650 796 -639 -325 -306 74 560 -540 84 691 343 330 -87 -278 846 279 222 -233 -768 -604 -269 427 -515 -395 166 321 -53 625 521 -366 301 -75 -31 -595 -114 -276 -658 20 219 -1163 -177 294 54 464 -498 305 596 -514 -205 -324 -1050 835 -723 192 -393 -300 0 43 -32 -1083 110 -521 403 -339 41 725 52 261 65 -267 373 796 -338 -353 -45 350 424 1212 -51 11 211 482 263 -630 -206 -520 145 11 -228 403 637 -243 57 281 -438 643 -459 225 -340 4 -200 79 418 -384 -89 -382 123 358 207 -604] 5013.03
[-151 -298 -232 305 -644 -553 -82 -272 -421 491 -645 834 312 -194 -601 -506 -611 -591 -37 301 281 -475 69 -55 -39 173 845 -265 -121 453 414 362 -675 252 40 363 -397 -461 893 47 156 -279 287 -74 61 691 -780 0 -565 111 -340 -425 -305 -95 309 -403 589 -227 663 639 -778 -925 549 -129 423 263 677 -529 -614 474 -5 -870 -475 288 271 -194 391 420 42 184 -493 352 40 292 763 608 -125 -285 229 -699 263 957 85 386 -157 436 -377 -211 235 288 -242 167 444 -440 46 324 -480 -340 238 -96 216 756 -9 -151 4 355 162 -353 710 -83 -108] 4712.98
[-255 -159 92 -683 -420 118 -81 590 -487 110 -741 487 -58 -18 351 -380 -832 69 500 -88 -147 172 730 40 -677 332 373 -157 578 3 -138 262 201 -221 -459 339 -415 690 -633 599 -951 -408 -174 -252 -563 -105 -300 236 940 -312 328 278 -130 118 574 -174 -57 541 342 342 252 -205 -24 928 -980 1019 -459 600 94 -972 -200 -254 223 22 -602 168 -114 178 115 -58 -526 -156 374 327 653 527 -387 81 198 130 -327 218 -389 322 358 443 490 -87 -925 -430 -242 -559 -681 -113 -62 -70 229 -51 147 70 -859 75 -213 114 -510 -274 615 5 333 -591 583] 4742.94
[213 626 -502 -406 -384 -252 -19 -162 257 -70 162 385 377 1435 -770 -386 -878 168 230 -5 -728 83 46 -36 -133 80 503 92 648 503 216 -541 -759 -375 213 520 372 -103 -619 284 202 152 -68 -532 -291 48 141 74 123 -7 196 690 384 -394 -59 -100 -507 -178 268 -459 -111 593 -104 278 -404 482 211 436 -252 296 -433 -316 427 277 259 -217 -249 471 397 -172 -439 -298 -465 83 493 630 379 -588 -212 152 133 -513 -252 121 -280 -344 666 -557 423 458 52 670 582 30 -638 -126 535 -1082 283 177 108 493 1529 296 -7 -409 -552 -184 -177 -160 142] 4723.09
[277 599 -437 2 303 322 -222 -29 201 909 262 423 522 -811 -75 -589 410 408 771 -71 -474 -72 213 -222 -551 -20 392 -192 217 -270 -346 -391 374 -449 223 457 -624 282 -41 330 437 145 -1134 78 -614 -401 -89 -102 215 868 -96 -181 165 -627 516 -450 156 87 941 -94 285 -480 -237 107 9 42 -526 -249 -61 507 245 16 -180 389 144 467 91 260 320 375 816 -485 -281 -512 -614 -182 203 -391 597 -143 268 -830 337 -143 543 41 -185 -451 -309 -313 -179 578 -401 493 -136 -545 906 -82 129 -18 -887 -62 -506 355 599 -280 -805 300 509 19 86] 4635.09
[-443 -435 1413 787 831 741 36 -57 252 143 -78 -130 717 -581 296 796 307 -278 425 -257 296 -345 -57 708 563 70 30 -525 -569 166 -351 370 -200 382 -527 171 133 -215 461 381 -130 710 131 -269 -290 -210 341 67 537 244 -80 -275 -80 242 83 116 -826 5 -312 348 187 -865 -120 -693 -237 -244 -248 -12 -658 -180 788 120 -224 56 34 82 441 -41 65 -52 -215 511 -99 -38 527 -448 371 75 860 -336 -523 -71 165 -312 155 479 521 -674 18 -392 531 179 187 763 77 -266 -108 117 26 -460 16 -145 -620 -433 900 122 916 -542 482 -130 180] 4656.37
[115 109 -505 -467 -38 -330 -135 -637 239 -178 17 622 98 75 -138 416 186 126 -719 -253 289 -143 200 -318 416 -177 -251 592 424 629 59 -118 -587 1058 177 163 430 -393 -121 -35 214 788 256 237 743 810 144 -30 225 -116 -442 126 67 -457 -1368 946 524 -572 342 -81 -221 524 -860 436 530 -234 620 -194 -436 258 -117 201 464 -566 -63 -205 -430 479 223 -557 -34 -28 340 -68 213 234 -693 -111 -147 -60 363 416 -359 397 145 -234 285 304 517 58 -643 426 -284 319 356 9 -225 232 149 511 484 -500 388 -513 171 -45 -14 -68 -408 245 147] 4436.41
[-304 -767 585 -448 -608 -254 139 -50 387 478 -555 240 646 -503 384 -181 -1055 1129 224 -648 331 676 -503 -1114 -227 -354 72 -481 -610 440 -106 242 957 -415 587 78 84 436 -87 481 -318 -127 -13 39 -289 58 -242 -295 227 -88 189 177 590 54 -1010 -100 72 389 379 28 -74 660 -1029 497 -470 248 -200 211 -206 -786 648 107 69 -73 367 72 -477 484 247 -341 -49 -236 -327 -359 348 -524 186 -156 -1236 87 769 774 -574 -487 1072 -485 -924 120 337 78 -554 252 -359 -266 -304 867 198 325 596 -157 -344 -576 -789 943 212 997 -106 -176 -394 -126 163] 5372.43
[185 314 -5 793 59 -162 199 238 -105 -107 218 -426 180 298 -180 -173 -305 206 -436 559 204 -288 -362 -489 490 612 -437 166 351 285 267 246 444 669 275 -139 -233 346 346 -1355 -30 -84 33 -1208 395 409 -109 -183 54 -110 -1100 325 176 52 349 -91 -234 897 -1069 -423 64 -1224 136 -846 996 -607 326 -595 375 376 -55 -131 -94 -356 141 1003 108 155 -519 146 310 -57 1073 463 -8 -32 -390 -979 249 -573 -591 -1002 131 -481 -734 187 -198 84 327 -428 502 137 329 -249 217 9 383 338 -715 476 138 -1061 665 -373 8 -501 -456 1031 -222 210 -28] 5306.79
[-483 -909 744 55 -506 722 484 240 -919 -266 -469 143 -693 -176 -694 238 -169 -533 -228 194 -296 -360 296 960 123 452 118 -735 202 487 -510 480 -510 214 -631 747 -208 -45 -117 108 765 -364 -227 -122 -309 402 478 612 -443 -711 24 792 -635 35 -153 -1 -737 -180 -74 -4 -320 135 -266 95 -183 -60 -446 341 -300 -407 -11 -485 -433 -481 197 -68 139 242 319 633 515 694 -94 -531 440 745 -191 -576 -156 -44 449 -26 -326 28 -21 87 -18 -426 5 -56 -263 686 -567 386 -83 -132 923 -140 -344 -33 -1050 -1003 -194 -252 -233 -374 26 -807 340 -51 -369] 4845.8
[-525 80 -476 377 -273 409 160 -388 24 -38 -93 339 438 -395 -18 -54 66 -302 868 788 202 -303 479 -793 354 -59 -1092 229 163 -267 292 31 566 -629 -303 -301 81 302 628 -695 201 161 -223 -88 -52 718 -526 -866 246 -104 341 298 -126 -257 822 577 -231 -63 -638 79 -499 -160 -722 -598 260 794 -17 -237 -218 378 -173 -600 -607 -510 651 527 -494 -107 302 -3 -840 -414 167 -190 53 -371 371 22 295 -618 -216 -462 -187 170 -85 219 -608 -115 301 -142 416 535 44 -345 -967 -162 -538 -783 808 -356 766 267 519 -273 480 -359 -337 -674 251 -66 397] 4800.83
[153 474 -290 132 -171 -75 417 -178 447 -383 -518 350 230 -203 -164 -367 221 148 251 801 -138 -423 111 -239 -113 -66 -324 269 -16 -51 -146 305 387 -110 -396 737 396 121 174 196 179 -216 143 575 3 -33 234 -259 366 -214 -49 108 -711 -899 -177 -134 481 -1171 749 -803 -699 -52 -219 286 179 254 39 720 -415 -698 -471 -479 86 870 33 -756 -417 472 527 598 -254 517 621 193 239 -274 -148 185 -135 397 -593 -678 268 793 908 -370 -194 -86 -109 262 -1164 -812 -63 -528 -21 324 420 -1162 210 53 86 1352 223 -37 71 -26 -69 83 582 -975 376] 4970.2
[775 61 -35 -424 253 -556 -301 -316 35 -508 500 398 -38 245 548 -927 300 -472 -178 -440 -648 -700 167 243 -1183 182 318 1100 416 -235 461 -189 154 -379 444 464 -207 -418 742 239 -857 392 -309 544 -47 408 12 -647 83 467 -141 25 -147 -635 18 124 109 24 658 155 -142 -139 -134 -11 53 -795 35 -157 268 889 411 582 156 -319 -591 -5 115 -383 -254 -728 -512 -296 136 370 -237 260 294 -750 -622 366 -225 107 -553 45 -558 510 117 586 113 165 -252 76 -154 -8 -223 -149 36 919 595 -267 408 -36 719 -420 -706 -304 512 -565 357 817 135] 4812.28
[-1029 -19 240 71 120 369 -536 -16 1020 -77 318 619 97 -692 283 496 197 122 159 -582 386 -181 -84 -766 1152 -997 -161 1255 1184 14 252 -439 520 -61 208 -363 223 441 -22 110 -933 -216 789 -686 5 439 304 -318 205 -36 -333 -742 540 -632 331 149 -143 461 341 -146 -230 1261 -99 -104 -902 -345 526 -314 334 -62 952 356 575 -549 68 -346 389 5 290 -238 -760 -531 27 -100 383 -242 437 403 720 -233 128 253 -248 -746 -578 -125 -300 -60 455 -111 102 391 476 724 -761 741 103 309 1507 475 484 1236 152 -1022 85 -392 125 -698 253 972 -517] 5798.67
[62 242 85 -119 320 73 -293 104 362 -768 464 -320 69 212 -47 424 -83 -280 189 338 4 345 309 -232 667 -178 -324 115 -259 -531 463 -1246 234 -598 346 392 -147 -21 -581 -94 185 -414 476 -288 -1 -133 312 231 -475 -569 326 -422 -65 818 211 -956 294 -176 -345 -376 0 309 365 -67 -141 405 -169 -84 1409 -611 860 154 -316 306 633 413 674 61 103 238 718 339 -315 427 -387 54 15 193 -1 -386 250 -202 648 -1356 -792 -134 -202 347 -344 590 956 234 296 -616 -958 821 -258 -112 213 -288 -315 318 -29 507 638 -126 -487 164 241 -8 -56] 4852.42
[102 433 -201 0 -551 -119 -724 236 261 -595 18 -130 -148 624 -566 78 412 1006 -445 -129 78 294 -459 598 -409 -384 337 280 263 384 -19 551 524 342 -552 -11 287 -178 32 -167 33 115 274 -737 213 -739 116 -15 -131 113 -80 -518 844 -239 -264 172 -7 -523 -28 161 166 -29 -203 887 402 -278 -80 -616 291 -227 348 268 574 -73 -278 -260 -132 91 717 -495 671 -92 288 199 92 365 641 367 97 370 97 -106 520 89 489 447 676 848 -201 -644 -252 -621 536 178 -111 -240 424 -378 -244 139 145 -565 387 -468 123 384 47 523 -622 -655 43] 4360.24
[-434 -515 -626 -408 74 -732 -62 -139 -13 -42 766 82 248 -146 -659 -108 -645 -353 -817 -172 -238 -662 -566 -40 1153 -486 -366 -33 62 406 836 304 -335 603 321 -287 299 -107 -583 112 190 -177 501 -486 499 57 -53 -132 -470 -61 -567 -522 94 -40 -336 377 -115 332 -97 -247 -309 -78 -88 -869 151 -674 -6 -465 -258 -539 328 -93 360 225 894 359 118 -417 -673 168 -759 206 555 473 -608 615 -811 -511 -268 204 861 145 -376 325 -188 341 124 -568 153 130 -513 470 57 -521 603 483 -251 60 -103 383 -636 -385 -736 221 548 -442 -843 696 626 76 -254] 4877.42
[-258 -510 652 -333 811 438 996 -319 -54 -207 144 612 -211 135 437 -278 -240 -65 783 -273 146 -87 -175 646 350 -86 -492 700 -362 -323 -631 121 42 -74 -883 -173 103 -28 25 -297 100 1126 -838 -130 267 -250 381 -410 507 -54 963 -844 -616 349 -265 -86 430 163 -701 83 192 -112 968 273 -690 -758 -48 234 167 211 -380 -650 -968 -87 49 602 -273 -678 329 373 -156 265 -609 -486 -143 -68 287 42 -17 271 262 -327 45 -155 32 -98 -529 255 -179 142 621 892 134 548 530 494 -373 -284 -227 201 199 376 -218 -210 -174 638 -719 207 -254 501 176] 4817.59
[256 -844 -248 -220 -48 -182 106 -206 215 93 247 -407 223 -155 -705 146 -797 467 -625 52 246 493 339 67 -495 252 -126 -590 56 -374 166 477 233 95 -92 229 645 9 -279 -114 -128 -878 296 495 89 -348 -314 104 -805 -1022 -34 -212 -60 156 -571 1083 53 -309 -434 220 -74 -142 -89 -378 531 303 406 204 -35 -1099 862 735 689 -348 -383 -310 400 -948 -389 -288 -231 -23 213 342 -222 182 756 377 -293 562 1148 691 -56 -106 432 321 386 -646 242 215 -644 378 -200 223 -194 -133 46 1185 -98 -218 -291 -1081 -100 177 -264 42 429 -561 -648 -55 46] 4919.53
[-406 -582 7 -416 -362 162 -118 -2 -621 -145 71 937 -631 545 -1210 -125 -193 95 -435 -331 -252 857 -65 636 -635 520 9 -464 -353 -521 601 -307 -490 -171 75 807 -587 19 -604 8 697 210 -375 -274 -1085 166 658 339 -339 -190 399 -680 392 -431 185 -199 -690 -79 5 176 -676 -148 915 397 -362 -574 -50 225 -31 176 -313 -1197 473 563 379 -29 -831 -165 -30 494 34 -57 -979 -415 374 676 104 -374 307 381 14 -255 26 -303 -374 224 363 -213 -7 -208 -516 -34 209 69 -52 271 766 -233 -639 390 -307 -414 197 247 -721 -312 -786 -215 41 516 -193] 4987.16
[240 -595 -671 -367 238 -640 -719 141 -106 -438 -158 -168 -548 -107 -332 -791 -615 174 97 -403 -236 -182 469 41 -783 -384 257 -193 -552 -197 -217 -78 -277 -580 205 13 388 -233 670 377 261 -366 297 675 422 -520 -1045 56 -162 -18 -110 -557 49 232 -936 704 -120 156 493 -30 311 598 436 573 86 224 385 -199 -606 448 56 -160 288 -11 335 -692 -195 -749 13 -213 -297 398 -1075 332 -503 166 609 199 -507 -296 691 717 -60 -110 -60 -246 -322 -175 471 200 -37 -195 434 -134 -375 1179 77 733 -316 -209 221 -302 -577 80 50 788 -40 -866 -367 303 7] 4769.53
[103 -888 162 -53 454 -87 390 375 -152 85 140 -424 400 29 -545 502 570 465 -736 -23 172 740 -40 420 28 -52 -328 -76 -895 -430 138 737 785 -107 -692 -170 228 128 -1058 344 331 -217 410 -334 -414 -57 594 187 -34 -121 127 215 -360 -532 443 908 -295 103 390 -470 -349 -51 132 -988 -204 -826 -287 564 78 -500 -272 -1005 -141 996 126 34 770 -4 -618 -81 829 494 -221 711 -236 -21 262 229 -221 193 -1089 84 -347 86 -94 50 767 -136 -117 566 -259 -1210 450 -13 287 250 -351 -343 -114 -203 72 -214 -217 -1 69 363 -181 -89 26 -351 -1136] 4967.71
[91 -628 462 731 -9 1071 -1231 -227 0 -569 -109 403 15 800 372 -210 775 -359 122 -276 -244 261 136 -47 335 260 -82 -631 -643 324 -77 -275 -74 269 -256 276 -128 179 -660 -90 839 724 -12 -265 -106 -198 389 328 514 761 487 428 389 171 -76 151 -1325 24 -466 136 -223 64 53 308 -219 397 205 -174 47 389 190 217 -82 -512 -157 22 280 473 -280 -305 -26 158 -546 333 1001 -905 -25 -54 -660 -467 -355 -191 -265 -339 -685 257 1048 416 -208 -164 615 180 133 -295 -116 -206 -414 -150 -558 -448 381 -594 -738 292 94 -246 283 -398 339 481 503] 4796.48
[-46 -922 -130 -212 -370 -159 202 -469 -85 -452 -21 165 -290 433 390 -118 19 324 212 705 183 326 -148 -293 -128 -553 -819 77 -691 -377 -119 177 -203 438 -519 -440 13 171 -182 -909 119 -224 -467 -185 -414 -460 682 1353 -1050 -101 1116 -205 -5 52 -628 171 -255 -1497 -312 340 395 784 321 813 -223 -76 -580 -537 822 -1027 495 -711 -279 708 274 -436 393 -586 111 114 -366 180 -993 67 -431 113 -31 864 188 -688 173 -373 59 -844 -579 -82 565 194 -203 233 185 -537 -61 -645 -64 -185 -711 -1098 -1099 639 88 -465 -20 101 186 341 706 384 -316 -655 -70] 5524.99
[16 770 -26 161 -2 559 140 -236 218 -376 953 51 617 502 -80 -430 -274 563 -233 640 66 -9 -20 268 376 888 -52 555 -200 173 41 853 4 -326 -136 -539 192 297 307 -297 7 -262 218 -215 320 -120 193 695 202 -58 -57 415 505 32 75 -496 -341 -206 -222 -518 47 -745 -561 -264 -164 -499 746 341 192 23 -518 -770 -1028 771 242 352 583 30 -337 33 -689 -216 -365 112 -117 -188 492 -369 -86 -334 -1038 -610 252 75 -835 -984 487 648 360 -123 583 -275 76 -271 343 -152 -584 -927 455 238 -1046 253 -549 669 181 -420 -465 334 576 306 65] 4886.75
[-344 -675 -54 -491 -555 156 1133 -622 -358 213 -485 -168 -501 -388 -270 198 -298 256 745 -925 80 879 -119 -551 -25 189 -745 -375 -145 -294 -655 376 50 -580 945 -87 -768 186 -190 505 235 -656 -615 -230 -112 775 -786 302 -364 14 474 79 -428 -748 451 178 -9 316 -1353 -18 766 141 563 305 -95 200 -1143 -674 213 343 21 -193 -42 1388 -442 170 -23 -171 -44 480 476 -587 -284 368 -18 -62 -684 451 355 -249 -16 744 -882 -20 -416 230 -636 -36 96 219 -127 -251 -164 107 -33 -496 601 286 -76 202 297 -623 1241 -1014 -303 292 323 1086 -378 -117 -405] 5504.81
[219 301 -710 -1037 -49 -7 822 -452 -74 98 423 -23 817 -216 -726 671 162 -737 500 -176 518 234 619 509 470 -571 -354 357 348 -470 631 -133 405 -224 -855 -506 342 543 -389 239 310 1 -415 -574 917 558 -418 639 586 561 215 224 -593 -342 -193 422 239 35 -360 -228 648 -571 -1256 135 508 643 -268 -283 -591 -237 -667 -147 -256 190 -325 422 -355 -307 97 -507 780 -301 105 -494 -278 45 -304 369 143 -216 297 -141 270 110 494 -203 978 698 -1 357 -159 722 236 -201 209 -371 -1204 315 166 -570 446 -674 -472 -801 699 -797 -155 340 -467 -183 55] 5267
[550 -244 321 -20 871 195 -130 407 57 -100 689 -586 -804 -188 202 -163 873 382 72 5 -308 327 -419 666 259 385 -669 -238 295 -681 -234 67 225 419 368 118 192 325 222 -98 34 1320 201 617 332 -62 438 115 834 -43 30 -494 -161 70 105 -135 564 457 -645 -1023 -322 474 627 -141 -708 -773 -226 510 551 17 -454 236 231 34 267 285 -58 -252 154 84 101 70 284 217 32 233 -602 289 129 -153 -452 -844 157 -80 -387 609 330 356 -717 -407 306 -174 147 324 -11 432 -793 -30 -283 -91 362 495 78 -390 -239 -285 11 1652 112 61 -208] 4779.94
[530 -330 283 906 436 -428 27 75 -330 718 -57 -282 466 -147 -205 -1127 -685 -397 -837 512 132 294 227 -90 182 619 393 -421 -818 22 255 -458 -407 -194 -91 -180 -237 466 130 -350 -306 489 310 320 -1046 -412 -649 337 -316 169 -427 744 105 1081 -260 128 419 185 451 753 -51 -739 642 -226 -433 -78 551 -450 -304 86 -36 106 -200 -21 -227 275 229 659 -806 -511 -582 -379 45 857 219 309 -611 -582 311 217 -257 266 41 -385 112 137 -153 -266 -59 221 401 97 355 105 -139 571 62 390 -667 -145 536 -605 -701 339 -370 -272 301 -819 -533 438 94] 4850.91
[194 82 838 1295 -235 107 -397 185 21 5 -223 -194 289 552 -89 -246 249 -486 40 279 -326 188 1203 -383 -723 509 -1103 -1161 -426 -702 -484 -156 466 -649 -401 199 51 308 400 -306 -327 154 211 -308 -222 -159 165 -233 -84 151 -52 -600 226 -404 -312 -260 226 657 -418 -202 -942 -977 -51 -322 169 638 21 -343 -207 168 -660 -25 272 646 527 21 -179 566 -413 -55 -516 235 823 542 -575 -144 -351 -94 625 -218 -1096 -1026 185 642 -1 -406 489 -188 -562 -92 -211 62 250 379 -806 408 748 -862 -75 667 825 -25 473 1544 -524 -128 -188 360 290 -186 647] 5458.34
[396 -211 -475 -145 847 -964 -15 104 182 -109 257 -484 -245 -554 61 -268 92 25 27 508 73 -112 -585 573 791 -110 269 742 446 287 876 701 370 631 -298 -567 464 491 -220 -18 44 303 -217 703 231 -164 -95 162 585 -65 133 754 -161 612 312 143 284 14 -8 -1128 222 786 656 401 -711 -168 -167 584 243 -806 -446 -423 134 407 -733 180 -342 -317 -178 129 321 -14 379 -33 -409 26 71 -488 262 -543 -201 -134 -516 107 923 315 -242 -589 78 366 -407 -1022 485 -241 -24 -230 -810 -444 -369 -353 250 1081 -428 -656 914 85 186 726 -70 -387 -99] 4986.18
[385 -986 911 765 -540 267 -481 10 45 663 -106 -213 360 -368 -397 325 -37 -457 475 -137 193 -880 -54 137 777 -96 971 -139 628 292 -817 -275 -437 99 -1340 124 187 -8 773 10 231 -745 220 276 -117 -299 104 356 -517 -535 -1022 136 459 198 563 -317 -95 81 -506 -48 -161 249 990 304 -302 312 406 181 -633 -947 -275 504 251 -1087 -550 -497 677 -257 -14 600 358 175 1282 -591 61 228 385 -54 -23 -366 325 -201 326 171 -297 -594 -957 -464 -210 -125 335 798 343 -160 263 -287 1706 1001 -188 -493 258 92 83 573 -155 -397 -80 372 811 1 -357] 5606.53
[816 -192 572 767 3 -52 -208 156 -487 -262 333 -230 71 600 344 38 -626 -184 732 120 -102 -192 423 -214 -59 238 -123 -243 643 -733 -248 -389 207 565 -470 -150 348 473 1197 -113 -414 -318 -196 -438 57 -149 -33 -413 -1169 -147 141 -1320 180 578 0 -502 528 202 -332 525 346 -671 259 -442 240 861 74 -679 806 -235 -632 508 -230 -185 755 408 -116 -262 427 380 -682 266 -303 -78 -184 11 215 832 869 -493 -468 -251 952 76 -365 202 -61 472 -16 -361 811 -919 719 607 478 80 -751 198 -438 -171 106 159 434 152 586 242 136 11 -92 -125 -608] 5107.87
[-346 -643 -239 194 179 598 -209 -54 -348 330 672 -52 -475 11 398 131 -55 17 -483 641 -844 -579 -177 -468 1095 -67 -711 525 507 662 628 -675 219 -406 -7 -229 -446 -580 -77 -182 -140 871 236 -3 31 -472 434 26 -408 734 42 -160 -147 -276 818 662 -427 -394 790 101 153 -184 249 -536 154 -447 -49 -875 257 95 113 -64 -312 -337 283 -1 858 -138 261 -84 -1336 185 -258 693 -165 984 350 -80 917 352 56 -257 -593 340 -1052 277 27 128 -273 -393 934 841 140 -225 207 -153 -154 -668 331 -144 90 -95 338 243 181 -1020 304 -103 550 178 -347] 5078.5
[-601 503 661 -351 -214 -291 -155 436 -181 -708 -152 -204 -581 -254 -543 -1001 -55 -13 -605 -206 -148 14 -119 185 -455 316 139 589 -75 -21 495 105 549 -278 588 447 -448 564 590 491 -542 405 -194 -384 -230 52 -578 -714 685 -433 -217 -624 16 466 -60 -851 420 2 -512 -632 28 -503 56 705 -295 -569 -21 -328 512 248 154 -487 345 1162 -77 -716 199 768 -239 417 -110 142 37 440 -460 734 -216 325 1219 224 -965 155 37 20 -196 -232 -690 388 604 -257 -99 -859 228 -810 608 196 516 431 -160 274 47 471 -213 -445 -261 -170 -149 624 559 228 -80] 4992.67
[64 613 290 548 -593 456 896 -55 139 -180 783 -681 8 421 -770 366 -542 -204 -368 673 711 -231 -825 385 153 35 486 -226 -198 -279 441 -164 -197 -22 580 -457 57 -626 949 257 181 -385 470 -550 -7 -194 249 -371 -716 -1056 -863 869 80 -52 -239 -241 -272 540 -189 242 -225 -316 -579 -783 498 -327 -92 -266 -98 418 213 175 -261 755 754 -285 -154 -283 -83 63 -128 77 190 -192 -408 -83 170 710 51 -64 -261 -188 611 -350 -333 442 97 150 656 339 -120 -41 612 159 135 -44 388 45 522 162 367 -37 671 -392 23 -423 489 71 -132 107 109] 4615.49
[73 -768 738 -133 129 64 123 -31 -131 234 1001 -123 -242 49 -453 1022 582 -239 -112 -296 533 74 -153 155 13 -179 -344 -533 6 -1059 354 -309 82 673 560 121 403 -92 841 -310 475 442 -11 358 280 758 893 324 -757 -683 -21 -688 -512 -530 -555 -412 266 -741 87 -171 -692 189 -195 -732 -247 -717 -310 152 801 -68 594 533 -207 453 312 47 424 -250 -492 103 394 537 -400 -660 236 65 -352 382 -126 -137 -87 -300 330 -663 -209 483 279 -40 154 507 -215 351 -365 247 80 -83 -448 -305 414 88 256 1002 -40 -162 -346 328 -139 72 253 712 -624] 4797.52
[303 -983 800 -167 -57 -27 154 -373 -108 726 356 67 1360 622 -571 -165 -458 -286 871 -880 359 -220 250 72 -652 -421 667 -216 233 -22 -543 152 -860 -36 -337 -80 510 -196 413 724 -516 -288 308 -141 -355 516 771 -640 -89 -451 -106 -390 -130 109 -487 78 -282 248 127 810 -556 -148 -214 -380 -342 -89 58 -134 132 79 270 -65 63 232 -477 -171 -605 -520 -3 -285 -237 -101 -616 -397 761 -102 208 104 -1078 -402 562 -87 -681 -625 -369 92 312 -707 370 1113 -56 128 36 288 141 467 -473 200 131 -613 536 -140 434 -549 337 820 -585 -757 -714 465 -720] 5125.45
[327 308 -619 -717 -262 -192 721 112 97 -108 36 -369 144 263 -552 183 -904 -559 694 691 -679 -360 -274 249 -406 -339 -41 34 781 -520 -332 -288 -227 -166 -634 482 -531 237 15 -191 108 -268 -958 -1486 -16 -131 673 689 -681 -168 338 100 -519 -104 187 -603 -744 159 -402 1064 995 -902 409 707 16 -389 -500 -428 -389 -143 601 -193 263 -201 476 718 487 -552 -54 497 -27 -22 109 240 -36 1470 263 -258 -701 -178 -160 -359 656 245 -545 254 737 -102 -715 -198 376 1579 468 709 331 -298 557 635 -417 -284 249 -362 578 -147 -764 -117 -298 337 107 -104 123] 5575.51
[-23 -829 976 -312 -205 463 492 -598 -549 71 226 395 -762 -866 -44 -588 455 -83 184 -664 -71 -39 85 262 180 669 81 -202 -420 -700 -358 634 -1084 -411 -677 321 760 -246 -284 509 136 522 -135 876 180 80 -654 27 629 88 861 -120 -1353 162 -92 505 313 -1312 -228 252 281 475 -105 -72 -847 -440 -37 -165 359 22 566 -366 -609 1164 -352 -1104 260 393 -37 71 -199 239 -559 540 627 -228 -141 232 -103 571 71 271 -463 52 -166 704 163 733 -53 -3 14 213 -651 -303 66 97 -94 -173 -254 -50 -310 393 288 -792 -460 316 708 -564 -119 691 -395] 5331.46
[-185 811 380 524 -374 -60 -9 -517 85 -529 -272 775 57 247 496 -1141 -101 280 20 -63 252 922 -441 -294 -616 399 357 516 -296 271 -73 -375 -796 324 650 514 -554 -17 192 380 -129 53 -248 372 -565 32 -60 -561 -304 270 326 149 -68 -186 346 -972 392 64 -528 -236 -902 212 528 358 -330 109 187 337 758 1020 -211 -821 -616 -241 -699 -379 289 759 244 161 -87 -429 -560 349 -325 -292 -58 -34 -107 -950 364 432 -295 -574 -257 -666 -863 -86 407 -128 -131 773 -172 -205 151 -79 -175 -261 260 -13 404 467 -248 918 -285 28 -221 975 -231 87 336] 4930.06
[224 -158 458 249 -313 20 -340 -73 -79 60 197 -224 -362 717 907 325 483 205 -340 -347 -791 -75 -385 -208 820 135 -488 168 -224 1044 -81 -244 812 440 687 -97 0 -317 -562 -147 682 89 368 96 -734 233 1108 -10 -458 -1049 454 5 940 229 -912 264 -233 -589 552 -24 -182 989 -487 78 -221 149 -350 -227 959 -281 185 372 -307 -222 723 -83 -906 419 -63 300 29 244 -450 -89 -495 -86 -562 447 62 -177 142 -21 -800 -878 -183 -587 211 -298 306 808 529 -201 -75 -20 72 166 -225 -365 612 260 17 153 -102 930 496 45 1217 -468 -190 -269 -61] 5113.6
[-749 31 556 -147 -57 171 103 648 -60 -31 51 -253 69 -398 -53 448 317 195 362 357 -671 -568 -969 228 805 -641 -379 152 310 881 -347 242 143 849 -182 -603 -446 938 378 -514 -90 -243 502 -301 -339 -529 -179 -601 153 -531 456 -231 275 696 -524 635 371 -336 -806 377 491 457 4 -618 -104 32 -273 -226 177 -1025 116 546 428 -1000 545 -636 -1183 -600 708 777 -620 -173 1271 226 200 461 -632 614 -27 -172 67 146 215 474 338 378 312 -349 -22 43 -191 -509 -177 42 782 169 119 221 -415 533 90 -366 -84 77 -381 -591 1055 329 -58 -378 -306] 5246.5
[-212 -399 630 43 -615 398 370 -570 -281 -206 86 -309 -246 380 -820 -414 -946 -401 4 534 608 255 223 -166 83 198 236 -188 -593 253 639 -91 -628 -688 -362 228 460 -463 370 247 447 -641 -241 383 1060 -779 -919 -184 364 -9 675 389 -305 653 178 258 354 -388 -587 -403 309 389 262 488 96 -460 -258 128 -374 -388 -252 -667 -395 382 234 -446 -162 -53 729 325 218 -93 4 546 -106 75 -155 -3 390 57 447 272 -181 -707 -1 287 -246 -87 629 -457 10 -144 -7 -583 -325 41 198 -259 -718 974 12 -579 803 -299 -34 -364 -587 -289 -132 -231 410] 4672.7
[-4 -577 138 -67 25 -258 503 -544 294 685 118 114 -233 872 313 170 -723 -75 -44 72 -147 -531 451 20 464 691 -119 -461 649 165 258 52 83 73 -642 312 82 188 133 -254 16 -81 -420 471 472 114 -151 704 113 -723 -529 104 -58 -305 129 596 -160 -253 116 -647 -94 -894 549 -192 -56 -70 427 78 215 -671 -42 1062 -599 -13 -186 457 -154 -309 -117 451 -197 200 813 997 66 -141 -66 -672 435 -312 -390 -602 -198 -24 10 410 -399 -198 -329 418 283 -428 -261 -77 944 478 1049 653 -176 131 -487 664 261 -705 551 -605 -82 240 447 -79 -130] 4630.55
[-469 1173 -54 -258 -858 -302 -225 820 398 357 37 313 -167 137 1167 754 121 50 -67 -145 -476 -517 -660 -443 -238 -82 721 479 315 -76 215 206 349 -632 -367 785 -323 -127 152 86 450 424 -611 -864 -51 575 -64 -660 306 -111 -843 189 337 -105 701 -101 -176 -233 -201 -281 -149 -529 -361 107 -422 305 596 -264 -256 752 -361 495 -1256 207 417 -37 -402 126 250 565 -96 227 1024 166 117 -129 -510 -161 -164 -25 -1021 -685 448 971 370 663 -134 196 -956 419 469 -78 366 -874 805 -309 -91 -60 419 43 280 551 318 -776 -350 187 -514 473 665 184 -338] 5279.3
[682 178 761 -210 -844 -42 -170 -209 -410 414 394 -758 318 745 767 -728 72 -1170 1269 -311 -798 -847 -570 195 -428 -184 844 355 82 -467 196 -385 205 95 353 78 963 -561 877 -170 -13 969 -563 201 -369 -249 -426 -656 552 520 -331 -62 112 -62 -199 -391 -367 -655 694 -320 607 434 -288 -120 -607 311 -294 149 -437 862 -374 182 -475 485 440 -22 -372 566 482 -94 -830 -92 -334 -178 629 -650 386 -165 -906 -56 -428 -744 -72 213 206 831 28 -81 -23 -154 587 -212 154 -535 -243 -270 354 -152 -54 -540 354 752 -449 -147 -211 160 588 -213 654 -54 -222] 5330.96
[-157 317 13 -679 -321 697 -140 -202 576 -280 -238 -388 219 -1010 -529 -476 178 -300 190 -362 -121 -276 101 -330 -621 -381 522 -590 101 -338 -230 407 310 -244 -153 -444 -619 739 49 372 -206 -862 -152 -503 105 -290 -228 -135 -442 -9 663 -542 -442 313 -138 -165 -98 -366 337 1113 449 -111 -692 159 522 -276 -243 -297 183 197 1151 192 317 216 -198 -772 827 -30 343 189 471 -701 -60 294 510 -111 165 813 -644 -207 127 815 310 -254 -164 -19 698 411 -75 123 -717 -706 -636 459 243 -319 -451 426 -173 -146 -438 -430 -413 -597 -800 -140 281 -1481 -7 777 -593] 5090.07
[720 -150 -356 -525 -790 69 323 157 -358 476 -403 -560 437 171 -368 7 -1136 -353 499 982 84 -836 270 -386 -58 -56 629 327 776 216 614 -129 -1015 354 -548 177 -19 230 19 -902 -865 144 166 -533 -490 273 -250 617 235 94 -279 490 -720 -173 83 1167 483 -5 -38 380 834 -644 -271 -494 -526 709 -38 -20 -231 26 647 -803 -460 -400 -542 -246 314 369 333 -15 370 -441 580 -44 247 497 -827 -247 244 -213 -223 -420 -668 -651 -498 117 143 -129 95 267 -1042 9 -217 -110 294 -550 14 244 -592 1 -842 -746 576 -1394 440 -100 -113 -623 -436 -241 75] 5376.84
[700 -643 596 285 -197 -81 50 -17 -271 369 236 -186 -352 343 774 13 -104 -175 -58 -247 289 -170 100 657 -169 419 -588 219 -829 210 58 -118 -29 -307 268 -230 275 -214 -467 -168 -300 351 -460 416 -578 -175 -73 271 7 -400 -23 217 22 413 -282 1012 224 1529 -462 -331 269 -461 220 -80 -523 740 -509 -480 420 0 -105 275 -910 -490 -539 553 -336 -272 158 -127 136 -133 159 401 -175 -379 -116 172 430 -557 -86 599 -257 -686 216 446 275 213 -517 475 -69 124 -174 200 69 457 -273 202 137 -428 157 -514 46 -22 866 326 704 214 -343 -27 622] 4435.76
[199 523 -202 954 -632 5 122 394 669 -75 703 765 190 -822 174 -456 -189 -440 -43 279 183 -31 441 -608 -237 -533 401 224 -1045 -10 517 88 -353 798 230 195 229 -586 286 218 305 313 21 -108 445 238 727 195 46 644 -565 -737 181 -139 -232 95 -368 19 -470 117 -12 -533 326 -224 900 2 611 -795 -63 538 357 -67 -749 -176 -580 -133 161 -523 513 647 -39 276 -202 -789 -561 -444 133 442 493 -1268 129 -233 275 -598 370 951 -234 345 -4 -293 62 744 -687 432 -44 -513 -362 -517 218 580 98 -1023 -360 -406 199 -246 -1087 1 435 89 479] 5134.33
[-394 403 -71 -127 107 517 -580 -300 -8 321 -156 347 813 -792 -195 -621 194 -328 717 927 -260 369 -187 -308 223 -328 60 163 540 -353 -228 -655 -871 -246 17 -69 156 428 431 424 -575 641 44 -210 -744 -459 -449 48 -65 55 -708 -59 10 -496 220 -364 288 -728 130 1056 -80 -506 223 -152 -699 263 -410 -95 -1130 -43 -204 -1150 383 -529 -681 -278 323 534 13 -12 -647 -438 -139 -138 237 307 112 113 -69 -144 -273 -167 980 396 -539 -33 -5 -635 76 -266 -529 -488 637 228 720 -72 325 259 -513 301 587 -118 -444 -293 -254 -441 -346 655 -111 -936 -805] 4969.96
[698 -30 -120 712 402 -215 -69 124 3 -236 -385 611 -341 -127 -13 -196 672 -699 773 -516 -148 -416 -188 33 385 127 365 121 -552 -459 282 -380 -70 1360 -290 470 723 244 -734 -482 337 -487 -651 233 -28 -3 -167 -880 386 231 320 -567 14 -333 422 170 -8 -894 678 -606 200 342 758 233 253 -286 113 520 579 -859 -336 -731 170 853 147 -353 -291 -139 -434 1015 -64 329 549 45 283 -603 20 12 381 -263 -212 -881 101 -346 -395 761 910 793 -204 -451 -49 -424 -52 -445 -218 303 100 -627 -600 -750 421 944 -552 263 8 254 134 65 771 193 701] 5187.56
[13 -320 -725 117 438 551 308 -236 -1116 483 54 45 -391 -751 -820 426 111 -863 704 248 28 -113 330 625 997 359 -456 110 779 -265 233 -665 147 -247 -71 302 221 67 7 965 738 -450 -158 875 586 629 -1080 85 556 933 66 382 -541 115 351 303 546 -298 401 150 135 186 -371 -19 -172 71 -944 -727 -356 -81 95 269 218 576 -669 34 -200 -166 7 -391 491 -119 -159 167 48 501 -536 -143 1023 317 744 100 -404 134 370 -70 -89 124 -562 -361 -437 485 75 529 -315 -132 -15 830 -184 -807 251 -17 181 -914 868 -384 289 591 556 -318 342] 5195.83
[363 1109 -499 -128 -17 -183 408 139 864 -830 -681 -211 -154 445 -456 -407 -379 254 -754 892 14 417 -522 424 -315 -345 200 -227 290 487 691 -775 72 93 683 188 -585 -318 -199 -25 -232 -342 -171 -125 369 -1094 423 801 -737 142 -253 602 -105 135 -346 -700 -406 -56 728 -817 -87 346 -211 585 588 -205 -437 912 -49 158 573 61 857 -18 68 -259 770 314 625 -89 346 115 -541 -24 58 353 -26 -134 -125 385 -80 423 214 -719 449 -251 699 311 339 284 -790 -754 371 -45 -132 -317 90 -550 297 153 -551 285 25 25 176 -423 -309 -390 103 -244 860] 4989.23
[-426 358 -289 -20 -222 403 123 225 329 592 -881 -266 -255 -509 207 -226 136 106 40 161 489 448 -347 562 -243 -253 259 14 -380 22 -593 389 -226 624 -1034 -91 312 -53 -591 -379 -87 293 -639 301 -231 -505 499 351 166 39 -6 270 -87 1004 -166 1177 -346 -407 -349 -365 -122 854 -119 300 -342 -385 71 -83 449 -198 85 -62 -295 -407 341 -330 -844 -805 426 -55 -299 -489 -106 -140 -79 -68 16 899 48 -582 742 -296 -21 -528 -191 495 710 287 -404 8 -69 -27 -307 699 131 -109 -509 289 -837 -140 -250 -1170 -795 -456 75 18 245 180 -634 285 184] 4696.42
[336 -1010 533 357 162 3 -110 32 -275 -366 -35 577 662 957 -614 -463 -1075 -120 85 -291 -261 134 -281 91 368 429 160 494 -76 66 1002 106 433 -1351 351 -262 6 556 -419 -616 -305 166 -576 -209 -1284 -606 159 -17 21 807 1051 497 55 -548 -64 -14 -701 -437 1040 -66 211 -185 610 8 -296 -640 -211 80 209 -585 -658 -452 836 200 554 119 -203 -158 555 -264 -343 -791 -988 -185 904 446 -61 -252 -117 442 181 207 -140 -169 -110 158 1121 -147 699 501 636 -35 580 -217 -131 -456 -433 -540 -624 19 108 -96 595 701 -476 82 101 -116 -436 290 -530] 5396.36
[403 -870 -392 -821 -88 -260 -93 -209 -344 -70 -657 102 528 175 -606 453 -136 -690 -237 -425 134 808 -96 92 222 -77 493 -283 812 -287 460 -507 -146 423 358 539 -527 88 -294 73 -530 -659 -342 -301 -470 770 -399 326 -160 704 -176 564 102 -426 -112 -739 -470 432 147 -161 230 289 121 314 -652 318 -322 360 247 -369 166 767 1072 572 -16 1093 674 317 -1157 -458 192 -278 40 263 794 141 -12 119 -119 -563 128 541 -746 -182 -1227 147 250 119 67 137 -142 -593 541 -742 -313 -138 -117 667 -28 -1295 -550 -209 140 -695 1043 -130 181 448 74 731 -494] 5305.37
[-851 -251 362 -719 -384 214 96 95 526 -95 769 243 -273 226 -197 -115 -962 511 -1385 120 279 88 -772 -121 -400 71 407 20 159 -146 609 1224 508 -862 -5 334 -1032 -233 363 289 136 -68 -229 -740 203 -52 760 324 64 -22 -114 725 -112 281 -757 37 -1013 -206 -259 -28 -168 203 -543 246 295 -473 776 318 -733 656 260 -111 -205 594 104 -357 506 -92 -59 -396 169 694 -803 -122 -166 123 457 95 -533 -166 -440 -224 -476 18 -17 -223 244 -348 439 519 -823 -25 151 -203 322 -685 407 125 -125 199 -363 -1032 -320 134 -802 -99 -1583 -434 -150 556 -134] 5280.18
[258 -117 563 -265 308 641 -623 -59 -284 587 -547 712 162 -138 -200 283 176 -211 871 -309 -230 -82 422 -762 535 149 125 397 -491 -544 648 -396 -46 555 340 660 -390 -32 239 -898 -685 554 -627 719 212 -14 676 -297 596 774 778 -1545 -760 83 -9 13 892 -1064 520 194 219 44 32 447 141 -572 -120 -561 89 -325 558 -49 -467 382 254 -150 -329 378 18 746 680 -30 -192 -579 473 -538 -319 91 -50 -389 220 -348 66 305 48 371 496 1075 -151 -394 -179 339 -483 -228 681 -361 -816 88 -809 82 -800 987 -155 -101 138 521 -338 -239 887 220 535] 5369.5
[148 -476 -206 -317 -411 316 -385 -182 -523 64 418 270 -29 330 130 -474 -311 343 -823 -519 -296 30 -335 59 -841 -7 -295 -159 160 528 -1106 509 -21 -283 966 -484 -283 -268 -654 -296 -720 147 585 -448 -182 347 551 321 -19 265 79 -825 327 -569 -402 -140 -355 1218 -342 132 -45 -305 -257 -86 288 -43 -15 -190 -444 768 444 -393 1045 143 -890 -170 361 -309 -623 56 -239 92 -118 380 454 306 103 -176 -11 894 770 271 -559 -33 440 -226 466 -235 90 -133 -1024 150 -363 469 -742 -550 444 138 500 167 -431 -608 774 230 -821 -186 -180 39 -271 50 152] 4903.7
[96 928 -1126 -88 354 65 -118 463 85 -35 -427 161 120 -494 54 739 247 -109 -677 298 653 323 399 -306 268 -532 -2 405 128 -128 -66 -394 495 1028 748 289 590 -359 -749 30 -1075 971 381 -545 -274 361 96 43 141 -814 -1049 288 384 -330 -828 -271 -627 -33 -47 402 -65 -674 -926 103 -379 680 284 353 629 -763 843 848 407 -937 -163 541 437 605 -593 -1148 -382 663 321 231 212 458 449 -162 74 86 -378 -39 -257 -317 203 238 -297 449 114 -577 -105 197 -245 -258 -500 566 610 501 951 -463 -797 5 -1098 -616 187 -26 534 -369 -35 397 243] 5533.84
[171 1010 -488 -314 -528 -719 -209 396 100 -165 -489 -454 -322 239 -80 -409 269 -216 -356 660 -745 -58 -155 -310 -41 10 114 713 -75 185 255 252 1086 179 618 -161 -335 56 -666 82 -309 -995 758 48 623 -204 -945 -351 574 286 -119 222 -123 209 683 -319 -286 237 -165 -611 349 -508 -172 190 -129 186 -72 -368 798 379 450 198 486 -339 -623 -239 1083 573 -354 -403 -344 600 96 1081 -65 268 132 -883 -438 138 -921 545 -755 804 775 -412 -272 372 219 -235 -116 -376 647 -293 30 659 -170 -133 661 -359 -507 147 263 673 -664 220 564 219 824 -397 514] 5203.9
[231 123 -350 567 -71 158 609 138 -14 -699 165 826 -409 114 -218 362 -288 590 210 846 -418 297 -292 455 -252 624 -6 259 -46 58 6 35 -245 -778 475 610 -214 -800 733 634 885 -271 -306 492 36 499 -315 291 -3 -762 339 707 582 273 202 -235 -115 -230 -856 240 -261 -695 543 395 -256 -194 290 -269 -25 212 218 937 -686 -315 -600 -28 -403 -680 -50 420 -6 265 -635 -348 142 -207 1009 285 -143 -255 -57 833 -33 -438 689 204 -774 417 667 55 624 304 424 -13 78 4 -500 38 977 -1131 353 -398 634 -177 213 -180 342 79 216 -310 335] 4959.85
[1 -756 783 -42 449 461 29 -124 -197 715 -394 -592 635 -1200 -424 -1153 320 -260 384 -1206 20 363 142 742 45 -207 440 167 -135 -150 -752 657 418 599 445 286 39 259 -158 373 -50 84 -307 1077 -329 237 352 -253 221 424 438 -738 -608 604 -414 -1071 268 -32 -331 -509 -232 248 -587 743 -348 -81 -1 371 -77 -497 -411 -281 -463 516 -682 -466 -78 69 447 -1015 135 -287 -327 -119 329 -185 -51 -533 -400 665 798 -316 -920 268 525 -549 -269 -361 -488 -122 -755 356 -461 -222 -282 -333 -296 560 -975 -605 -128 -492 -1762 -20 -718 -176 185 -277 478 809 204] 5644.5
[427 491 -1046 -972 233 -374 6 -224 567 514 -424 523 287 -313 301 110 -201 368 587 413 101 392 -248 -758 -221 -531 213 703 754 -533 -425 -1399 -420 239 4 443 -178 10 -563 -323 -324 536 -857 32 -603 -90 137 417 150 494 -225 223 -54 -120 -358 -649 424 -435 -243 128 216 408 174 923 -45 1179 -121 460 9 -428 -274 -64 423 -616 -1045 -709 -48 -317 590 -105 152 -176 238 -724 229 277 -5 697 134 -512 227 -247 647 -116 21 -438 111 28 -150 657 -345 548 279 -340 394 -598 -161 -416 -339 -893 454 592 596 -76 350 -348 -300 882 -177 -502 91] 5120.19
[59 -708 549 968 -391 188 -103 -244 -312 717 318 1141 265 -198 -661 -1037 -71 -496 -507 725 455 350 1098 -40 -778 -41 196 619 -502 139 -346 790 -567 -19 -57 135 -633 -349 1111 360 388 -651 321 653 -113 171 247 458 -495 883 79 -434 -724 38 -99 181 237 354 150 239 -315 -1608 -136 108 154 -771 284 -828 142 1118 306 -602 -563 618 -575 96 408 -51 -406 -429 93 -227 -464 650 122 -177 -251 -559 490 -643 -217 558 -630 81 666 460 -194 -470 -32 -235 -549 -321 -110 612 -281 390 -322 -744 397 -21 -259 -1105 -1109 -332 86 -194 -678 -741 291 842 291] 5764.71
[88 -340 -598 -228 -12 -499 306 -472 121 485 489 123 141 -194 53 242 213 67 60 -441 -663 566 200 350 38 152 71 -214 -815 -248 193 166 95 265 164 137 218 60 -1198 631 29 1096 32 839 -922 599 -451 -474 148 690 881 -110 229 147 198 1217 192 -721 -264 -829 253 403 -375 -784 -196 788 165 147 250 229 -379 206 14 472 695 217 -185 218 264 -227 -753 -529 36 541 -26 -76 330 249 -12 520 -36 -217 -516 1315 551 857 -612 47 -276 36 846 -54 -606 96 -753 -73 -548 -562 385 -442 132 -50 -358 655 355 -225 -146 424 227 158 -47] 5023.74
[-951 253 -283 317 -561 173 600 -92 762 414 -55 43 -1023 -695 96 -239 529 1402 -374 -218 -108 517 -687 -739 -74 127 104 -251 -750 -435 -292 438 -60 84 -174 543 460 -186 -1272 812 701 -719 4 -60 247 480 90 -128 260 -105 366 290 -599 -200 759 3 273 -718 -150 326 -328 1079 191 694 -504 -1422 176 -235 225 153 286 -640 272 1141 436 -553 252 538 -61 900 287 210 -214 -97 154 158 -193 226 -331 568 369 -208 441 555 123 46 47 377 -239 -356 -344 393 -121 409 83 512 176 -442 167 194 66 360 499 -218 -791 95 -796 934 220 -127 -477] 5353.48
[-171 778 -280 -485 155 -288 1130 -467 322 398 -232 -195 -453 -1793 -63 280 -282 72 484 -306 37 -295 -203 -277 422 -669 312 377 -266 211 -98 424 251 258 -105 436 -272 -740 727 915 -128 1064 205 963 806 -700 237 121 -371 575 281 -732 -967 638 -149 -661 675 -413 -317 -84 477 192 531 540 -245 -843 206 -415 239 -387 97 575 155 1207 137 -1203 -873 -286 114 825 -582 539 227 68 369 417 -233 563 -350 647 -382 395 -7 827 286 -3 -743 -91 -304 208 -494 -514 24 99 500 -56 -261 145 -433 495 -283 819 -42 -47 -625 -642 1152 722 496 185 -605] 5773.34
[-315 -70 78 545 1063 -198 -106 200 -59 12 118 1246 -344 315 973 116 -369 157 224 -305 134 -325 851 -89 -65 -128 -647 757 -1258 322 394 -345 70 290 124 196 -151 -449 -727 14 189 406 -934 800 -124 403 613 -630 -203 396 270 97 -878 -285 -126 679 633 1138 699 -362 -436 -208 -7 -174 140 19 -116 -298 212 607 -779 -252 -832 -512 119 413 -13 -482 739 554 -398 23 159 -800 -745 -220 -231 -366 -161 -360 546 -90 -449 953 853 209 555 -81 -865 527 -215 888 -446 830 63 295 -632 -45 42 642 -58 559 -20 171 195 -89 -510 -77 378 466 615] 5386.02
[-556 -42 46 -761 -406 34 -676 -429 237 213 370 -1156 367 -243 -777 299 -585 219 -998 -129 1139 858 -709 65 76 262 -264 -156 477 -552 -71 498 -676 -249 1024 -335 1049 -965 331 -425 -3 363 673 302 183 344 220 -397 -572 -609 -530 -92 -392 -423 -283 -88 38 317 -430 -501 -565 704 -145 -555 100 -179 11 283 -383 221 -315 -389 335 890 -92 -109 -201 -519 -99 -463 -143 -231 64 236 51 239 -308 750 -753 -110 1080 579 -124 24 -661 680 385 -443 -100 257 -419 301 -463 -276 -330 -432 -554 241 -128 96 103 -315 360 -642 -268 468 -769 581 -906 -169 -631] 5276.23
[-629 729 -229 346 -289 370 770 -252 -56 -164 -331 1327 615 -540 -429 -1212 -557 402 297 579 -290 -302 -329 -109 -429 100 453 183 28 -152 247 1060 -72 115 -491 722 -47 -199 438 704 -103 7 -34 -219 267 -33 -1090 -223 293 67 387 427 -432 -537 434 -147 31 -185 454 798 -452 -572 303 88 -87 248 355 348 -554 -31 -218 1 -172 577 166 -233 -286 -34 -375 -144 -151 -76 -129 18 403 56 391 142 -905 -180 -421 -217 111 682 -403 287 -179 625 632 -31 -1019 -370 250 -235 -97 208 135 -250 10 103 -233 224 -115 500 -274 -1056 -12 -19 256 -244 -63] 4692.32
[-209 29 162 123 75 145 704 -425 -95 281 840 -259 -379 7 254 -170 100 -47 745 -399 137 19 -675 -94 931 -311 -415 -453 -566 360 539 324 -108 241 1252 -7 68 -384 -97 -651 -288 766 205 219 337 -261 386 -36 217 536 201 -128 -386 -453 289 -630 -479 -401 318 -483 593 160 -158 -335 624 -274 -502 242 574 -98 209 -944 -117 571 499 707 45 -250 265 262 64 -104 -489 -492 -94 198 -318 -474 -608 195 585 -1743 85 -542 -677 116 -564 -80 -275 -455 613 773 -278 -871 -720 110 -383 -426 -1010 472 -325 388 -73 -336 392 -46 -323 1656 -407 -513 127] 5307.86
[-330 -1802 417 85 -6 -370 -692 -20 -280 330 -120 -299 1283 -11 34 360 866 224 -176 -1077 849 1046 -680 1070 246 -446 342 241 708 824 -457 14 -182 1283 -439 -663 133 -91 50 338 460 54 -15 -103 -105 1102 187 -127 -412 -45 -542 146 271 166 -365 -171 -573 82 -937 -496 -293 209 -213 -350 182 352 -65 -351 -36 -610 -41 -274 13 -580 -754 744 278 -44 -462 -409 -115 393 34 -258 100 111 -262 -945 460 -370 641 685 -744 308 -368 -94 -153 -946 -414 -90 -135 548 583 -270 499 -796 -117 24 605 -1007 515 -557 -310 236 1073 527 514 573 -58 15 -739] 5763.66
[-163 -211 733 549 -28 185 -817 719 -426 -474 -346 558 -761 498 -155 -156 -63 -367 -937 365 -53 188 -253 75 -247 287 -160 422 18 149 96 -269 -179 -138 332 -62 -77 133 -49 -416 -144 -654 -419 -720 -26 -505 -24 -586 213 -138 -300 -585 162 473 -560 30 1012 806 228 -180 -312 469 752 203 196 -472 296 -303 276 237 -254 388 109 -266 -216 -595 37 -501 243 446 980 642 465 -448 -252 -553 130 234 149 70 630 748 -63 -572 660 157 345 86 609 595 -173 -155 -253 -10 266 -187 422 273 -213 876 226 -453 458 724 -392 260 -753 271 -76 117 262] 4611.72
[592 -169 -175 200 -178 795 402 -403 -634 -20 -542 -407 94 32 -180 63 -765 -243 189 829 191 74 2 -238 382 275 -103 -613 -2 552 95 249 -17 -118 438 504 -131 -954 835 -377 128 740 -40 107 56 -1014 -409 616 -155 484 -438 1064 -316 -765 47 458 -453 -107 302 -159 479 -800 71 -238 532 991 -285 385 -759 -104 -810 -69 -312 759 -524 668 -616 -310 -349 161 -972 363 106 -77 -89 329 -820 -327 125 -20 -738 -471 -858 -449 -870 841 -227 -301 618 485 -234 -711 -26 -703 -221 -729 37 -546 -485 -110 -586 -680 -540 -539 207 -358 -128 91 -641 -125 806] 5334.32
[-131 -275 1060 665 -275 356 60 517 -25 140 -468 -760 -357 -306 90 -278 -419 -220 175 -110 296 149 -405 353 492 469 -230 -713 -574 13 55 -449 -481 -360 -264 -427 243 576 -232 -635 -657 -939 163 -148 -497 -982 78 102 200 -819 -194 453 -208 1236 467 151 -104 231 -719 260 -5 702 478 179 -421 438 -866 269 -188 -731 380 513 112 -403 -212 -125 -885 -204 209 416 1014 -882 413 -161 578 -381 -657 604 -471 502 665 127 804 -654 631 383 14 218 -931 187 86 -253 -644 -121 198 129 962 1056 -621 610 67 -345 516 -70 142 627 294 220 -832 -759 415] 5446
[252 346 -982 -1479 410 351 -312 -421 -56 -256 17 -970 -532 -150 -1108 -311 -455 35 -741 461 300 712 397 423 -304 262 -552 -75 615 -101 -343 -583 181 -678 230 439 -502 -611 -107 -528 -44 1230 38 -436 319 -274 55 278 -4 -611 -383 -142 -611 296 -490 -494 698 505 -822 98 -282 -719 -122 878 498 205 -369 -851 -51 326 -41 85 -111 627 -355 199 245 -221 46 -392 236 182 -163 778 -892 1453 -227 304 347 235 173 -274 437 -367 -1019 -332 57 555 -545 146 -366 -172 539 29 -413 -142 385 820 -51 -477 -549 -211 559 -1004 161 -695 -174 592 -454 -417 240] 5533.85
[337 -877 -540 -123 -699 655 990 212 -603 871 -931 -454 -53 1253 -391 -1171 -220 -192 148 300 -88 1084 548 -256 61 -98 -748 -342 -354 282 131 -266 822 50 398 -551 796 61 -318 -966 266 -621 557 709 -13 -21 -218 541 -229 -180 985 1025 -285 -112 -401 432 -267 -766 367 248 65 719 312 205 128 178 -45 -242 562 -653 -1088 -573 190 361 991 673 -985 176 -232 295 -717 467 -1121 -206 695 825 -97 154 -33 729 288 299 -542 348 -400 -214 799 423 62 327 620 -188 -182 -732 -295 488 -496 -619 -129 363 198 -386 416 230 -491 -345 728 -977 109 407 -35] 5895.19
[476 962 586 569 54 137 -601 -745 716 -741 322 622 784 -332 513 -667 6 -559 511 374 2 -438 695 -275 88 560 53 -62 642 746 -715 -350 -779 -656 388 -99 269 366 657 276 -992 283 -234 92 64 -145 -234 -929 76 -411 78 -302 732 33 151 -1179 516 -38 -251 192 -316 -302 -652 745 -122 59 395 238 184 686 -125 262 262 -191 113 85 304 309 632 467 -639 -706 178 -117 292 -204 -640 90 570 -911 -24 258 1005 405 -485 -469 357 419 509 167 888 -138 71 61 -23 -26 -733 335 874 859 274 1197 765 12 221 241 158 356 234 -32 169] 5382.6
[118 -20 244 763 -578 385 744 -207 -12 -374 -515 892 -554 927 267 -298 -354 -258 -91 536 134 -23 181 -114 -727 638 -57 -656 -600 -1 125 -525 -391 -448 206 519 -30 -529 785 135 996 -104 -514 -62 23 480 224 267 -220 -231 712 -203 181 -82 -395 -178 116 -465 -29 106 -1282 -620 -389 446 193 -717 -331 -204 350 892 35 471 -626 1295 148 -123 -110 101 -741 533 -146 772 -520 29 698 -141 -216 277 129 -128 -152 203 -109 -637 -184 42 -98 834 330 493 707 -862 -131 -338 386 362 -411 -761 -143 78 534 61 1077 4 190 54 -313 519 -95 -371 363] 5101.9
[-477 438 -237 -167 400 152 489 -387 -164 -485 458 562 419 -137 868 304 833 -47 255 216 -156 -557 65 -18 -481 -331 -1115 973 -89 -52 -726 -596 404 -703 -473 -197 -132 479 -569 -394 -369 -171 -98 -121 -633 778 266 69 -182 6 1016 -132 -78 -435 -105 -137 458 800 -281 367 156 -230 -581 -945 -270 394 -97 56 446 183 11 303 114 -662 447 -66 -4 -261 -294 33 70 -256 21 -145 -293 -147 -299 69 -444 135 -709 -479 369 -78 2 -758 18 678 -266 586 -158 -6 -643 -33 -133 528 235 136 570 433 -125 180 42 299 202 -188 -187 -692 203 409 -412] 4550.58
[-153 412 -630 -12 -65 -265 315 549 348 -298 -689 -22 -272 -617 -537 74 402 444 231 -1005 864 420 -399 796 -109 -708 322 443 160 134 340 76 151 546 -257 -266 525 -8 -342 -461 -378 -276 313 -61 646 554 -457 320 -150 270 -325 -11 -843 -636 520 -332 328 482 660 -448 73 71 -612 181 566 -15 396 70 340 -181 -43 -31 648 -527 -450 121 350 -43 69 -813 287 79 139 -319 238 283 228 -288 -94 407 159 -172 139 -104 364 227 596 1202 -402 -597 -700 143 18 127 -1000 129 130 710 316 -896 196 600 -897 -714 360 -191 186 60 -119 335 155] 4768.71
[202 -269 -91 1434 -595 430 -1124 163 -387 -487 -491 -690 -449 -202 522 157 464 1176 157 -280 -229 -585 99 -244 -160 532 -617 -554 -84 523 -505 401 585 428 -97 467 593 115 -169 -805 441 -101 83 -1014 20 -657 -546 -40 -83 312 -312 -121 -12 -488 671 393 -223 925 -218 -631 -314 -760 -85 -188 -406 641 -853 -550 543 205 -210 -193 -380 -42 460 99 -356 -572 621 522 -74 439 385 -95 113 -258 -754 -385 -40 -165 442 -302 -615 -841 311 230 709 133 291 -329 -91 557 -486 -161 -318 181 -591 -481 303 -182 -336 -551 -1119 -621 599 514 572 -428 455 12 1077] 5412.68
[743 -922 -36 733 136 180 51 -65 -211 -216 -22 -236 -534 551 -304 -157 266 341 36 -47 122 -340 451 275 640 -20 -405 -552 98 389 -167 301 -485 -129 -250 277 289 -398 77 -48 570 -45 282 763 48 -509 856 69 -425 -257 -282 288 -828 10 53 316 -245 99 180 -639 -675 -571 381 0 -405 -692 -340 110 642 -216 -579 178 188 -362 328 65 -108 -177 500 1026 330 801 97 99 532 640 -761 243 -925 7 229 229 -98 452 -87 221 486 -13 -430 501 121 -530 -160 -217 1309 324 -319 -246 -741 -476 -567 770 201 -936 108 14 -437 666 -120 -400 -887] 4864.19
[97 -525 -959 -114 112 -152 -1374 -158 -618 -386 169 -517 -24 201 -714 892 493 -582 -196 -250 104 109 372 235 551 -344 -29 570 410 47 -30 630 926 359 -58 -418 119 929 -39 -808 -156 -316 211 929 219 690 103 -82 56 373 -891 528 420 -116 -239 793 21 435 -88 -1552 52 756 -348 -345 96 350 385 -399 -235 -935 -599 808 -118 -340 -366 -72 -628 -603 -469 -705 111 -156 694 247 86 -710 66 -573 -203 -435 15 -624 -279 423 -241 -9 -196 196 -604 -290 -803 -31 -54 55 -684 -588 502 -46 -405 -449 -145 -125 -563 -187 306 -319 215 -390 -53 576 -120] 5249.67
