[205 139 5 -623 369 -245 332 295 -149 67 173 581 -114 48 51 80 -355 39 506 649 -342 553 120 139 77 -52 -179 540 148 -2 -162 283 0 72 27 -53 28 1 -37 245 395 223 38 419 -214 299 34 -249 -252 -517 -444 -217 -337 -412 348 234 -27 397 263 314 216 0 269 -460 273 -104 93 63 -231 100 -293 -309 301 -475 30 -297 380 -233 -205 62 -337 -34 -472 -202 510 323 517 -67 -400 -46 -335 37 -2 50 -77 -474 279 -329 549 118 234 23 12 -448 -185 161 570 116 65 238 474 -234 316 -114 640 158 -41 -216 687 -109 182] 3232.81
[-94 -580 -236 -122 -383 62 -35 -308 -265 292 -591 339 -41 47 -84 -316 -292 -194 479 -7 -66 439 91 669 -539 233 261 -238 -69 184 -85 662 -41 -252 396 -145 -353 188 -101 53 382 441 227 25 -578 -52 -278 274 236 -599 -139 1 244 -235 192 207 245 106 346 164 447 -76 -289 139 111 -112 -30 -269 -201 66 -36 -774 76 -176 567 176 203 -328 -55 248 -291 124 -110 125 165 -287 -254 -166 -344 -261 -485 369 268 274 643 -320 224 -222 994 -325 -112 -297 183 -590 77 447 45 284 -237 235 419 202 80 71 544 132 283 61 -37 -48 -38] 3377.19
[233 505 46 -410 -39 -288 -117 -239 -701 -401 750 57 150 -25 125 -128 -187 -248 155 -82 -193 -19 270 -377 676 -369 143 81 -137 -144 -311 64 -97 111 -28 510 -14 -247 -44 136 187 -401 -50 183 414 -293 483 -478 -318 -39 -321 -255 -465 185 286 -173 50 448 -349 -333 -329 319 161 -647 535 55 372 469 -245 173 -15 -128 184 12 -149 -20 -722 -203 -43 -76 285 194 -437 -282 422 1101 400 -295 -174 65 287 -192 -89 164 -190 8 -35 -5 -539 654 -294 -128 -81 -123 -191 -316 -101 -407 370 -335 770 318 132 -831 -207 370 133 203 297 -197 -63] 3591.07
[-250 288 294 -310 6 -293 -410 423 -132 -141 175 -345 -211 99 716 -22 374 48 582 -91 -250 -167 354 56 162 -80 718 -224 -242 471 -298 390 386 71 98 482 -414 -69 128 -236 4 74 -108 -71 66 -108 388 30 -192 -442 -478 243 135 -155 384 -246 -162 236 249 -375 566 -33 102 127 271 404 209 -107 -14 -110 -59 -416 376 -84 388 3 -183 324 52 -490 81 274 -49 305 -207 126 549 231 -321 178 -548 -429 206 209 10 668 -313 -353 110 32 47 -407 -384 -246 -374 96 -715 138 -185 -17 431 246 -100 -355 -49 522 459 -62 176 -67 -242] 3282.3
[-37 28 24 182 -242 484 487 30 -401 -58 -390 422 -326 -96 -270 -217 -357 -101 145 216 512 321 -404 784 -85 50 213 279 -184 81 383 26 -177 -761 69 -405 -538 -25 -41 -118 428 228 209 144 -1 404 -169 164 -97 -477 467 -237 409 162 443 635 27 428 605 74 217 562 -157 -320 69 308 -12 -356 -409 102 -214 264 48 -308 -203 -153 182 -246 293 137 -309 -286 -84 -271 -209 160 -310 27 238 -466 230 553 598 -206 469 -171 222 214 391 -480 108 95 66 220 -305 164 106 -181 -9 -181 -56 -108 114 176 309 327 -582 175 -475 110 769] 3422.28
[-62 201 621 252 -61 -14 -47 34 239 -155 -269 117 -122 -260 278 -403 36 -326 327 -540 -41 -81 -103 435 191 -159 -166 -23 -53 -43 275 -225 136 -130 -365 253 -315 716 184 -252 254 603 -235 -337 585 12 -4 -209 -577 252 426 -171 71 462 810 369 215 -114 383 -651 -66 248 13 -285 -118 126 -141 -527 -122 297 270 -92 129 -169 -286 61 -206 109 291 49 165 -12 -53 -327 -224 357 -293 -45 421 -195 190 -107 17 -157 290 755 -176 333 -274 -124 -194 -96 -439 935 378 -136 -827 -68 116 86 122 -27 556 86 164 -113 -456 380 -220 -135 142] 3376.54
[-23 -1 -333 -284 -388 233 -264 -87 -645 306 -151 16 482 106 -15 -233 106 131 381 -453 -240 375 382 -153 250 -303 688 -221 25 205 -734 596 -246 31 530 173 81 -318 53 -150 11 -194 243 481 241 -924 75 -440 1116 205 -301 23 -203 -91 -396 -686 -50 -577 -201 405 512 -244 -12 -48 115 300 249 60 -66 -121 206 -138 514 81 488 458 -113 64 51 363 -410 602 -166 -113 2 -93 511 -211 -911 -247 -55 74 -30 -151 470 -384 298 -290 474 37 93 31 431 -698 -167 265 87 -16 -160 217 710 692 -149 -240 273 713 641 -153 415 -209 -597] 3966.95
[22 -570 244 -255 216 -398 50 5 802 401 -806 249 -282 -150 300 -88 35 -167 -87 419 -56 23 319 694 -118 -240 -377 211 669 -205 38 519 335 563 -423 -277 -102 481 57 -204 45 907 9 -183 -100 -57 -362 -23 -67 -750 -448 -669 -523 -349 127 294 583 -108 346 363 104 -214 8 -682 80 -225 -289 -110 -100 -4 416 -570 -242 -515 -99 299 525 -173 6 55 -611 -122 84 -214 171 -634 -19 98 -332 -182 -198 490 -119 -335 -249 93 174 -508 899 -168 115 -557 -54 231 661 -118 384 538 363 94 -105 -95 373 168 168 -749 469 221 671 148 497] 4024.29
[222 -232 -345 169 311 454 343 467 418 -270 261 -323 -264 -73 -15 211 -93 305 -357 403 119 -57 39 410 379 37 -491 93 563 -407 44 100 68 360 -308 -10 468 -394 51 69 74 -218 -73 -194 182 78 145 -262 350 558 409 -441 -446 -155 -707 14 447 -458 -486 226 -233 -124 493 -258 -806 -240 -8 161 22 -470 565 480 -526 159 -913 745 232 -2 105 -248 -445 -173 216 -219 197 -815 326 -242 -466 -346 97 311 -418 -569 -541 -157 -104 112 36 123 -131 239 -66 135 -350 -10 -5 -86 -61 -406 -736 -120 -312 -244 -1 -635 419 -443 193 -50 -68] 3750.38
[-375 -168 -245 161 -377 163 -388 -493 -249 -316 298 -221 79 -131 575 -260 479 -231 -375 -570 -2 -445 218 212 505 -375 302 -540 34 -47 79 239 -178 460 172 -180 -213 224 334 -394 -23 288 -184 -351 -47 -667 -247 -147 -112 -394 262 179 128 342 482 81 -448 -224 -299 -651 187 265 41 -272 193 192 95 268 -318 -14 -14 15 61 104 -52 346 -331 -100 -735 -244 515 -501 48 -495 -432 634 -419 317 -190 -70 331 277 288 -121 -425 737 -94 -272 -44 108 -285 -111 -378 200 671 -398 -429 102 667 -54 -140 224 734 268 -693 32 209 238 94 26 125] 3625.79
[1 -113 356 572 -93 -392 -251 -14 657 111 -794 -226 -283 272 -220 -361 250 200 319 -727 -83 -330 248 -206 -61 374 64 -462 -125 676 -353 145 637 -176 -704 153 245 169 326 -485 -130 477 -83 -396 701 -289 302 179 680 404 98 751 40 -411 -426 -230 438 -686 -159 51 -335 -937 66 1250 -573 -61 -663 -510 112 -35 487 -250 69 -275 -194 231 94 7 481 209 -659 100 68 543 -10 -933 38 239 117 -10 -579 15 -91 -49 732 734 0 -106 -4 -511 -452 300 -62 -90 351 639 -715 236 -490 724 -43 -171 159 122 299 -203 291 90 -1 96 -602] 4409.25
[-102 -673 -62 -43 -77 -232 -173 -30 467 272 -122 208 -178 10 150 -49 -75 -512 -659 91 -202 -477 -44 293 -172 -165 -460 -270 799 -108 -147 397 196 667 -42 -247 -311 672 -399 199 219 727 269 -106 -227 -441 -823 63 228 -201 26 -363 -151 579 36 -229 70 -874 276 -19 -195 137 -228 -566 -75 -750 512 132 83 386 396 -178 130 32 -40 345 481 51 -503 693 844 138 333 -328 -248 -65 -689 70 -697 302 -149 -325 202 -214 139 -335 505 -167 301 370 170 -795 40 779 543 -485 416 225 180 208 -243 279 533 84 31 -761 36 -32 296 52 213] 4057.9
[241 95 145 53 269 -665 447 231 -157 -243 254 48 68 -369 -224 520 124 -348 121 640 68 468 -261 -289 90 -297 547 870 -240 -387 22 -300 -281 189 36 -264 -935 -396 -390 241 59 -87 135 -77 136 582 153 -100 -124 -497 -441 -807 285 -5 246 3 -205 288 -123 685 534 682 206 -299 288 -183 -193 262 51 -10 -905 198 152 -323 98 -681 359 -102 249 -50 -366 -161 -143 96 -14 892 150 50 210 650 41 -106 -128 656 -198 -529 49 -50 -392 -120 752 -155 310 115 -238 -366 402 130 362 -191 -7 -96 -446 260 -84 137 301 157 151 202 371] 3823.74
[-79 -1103 -434 476 -267 60 -320 4 -108 -336 306 129 156 217 -1 143 -31 -385 293 105 -107 836 129 94 316 366 -25 -339 70 -237 -589 366 -187 477 39 -85 -301 422 214 371 80 161 371 -376 -82 177 -199 -48 412 307 264 -102 -241 56 -346 -216 -34 -1317 -608 459 -463 -74 -129 41 -381 -692 1 -112 157 -250 27 66 435 -486 -133 412 175 -337 -332 759 -187 43 -161 91 40 188 -436 -526 -240 -57 209 -145 -580 258 823 -120 470 -192 586 335 -163 56 -18 -599 165 20 49 411 367 797 505 236 -215 205 48 -141 216 6 -152 -43 -600] 3891.85
[37 -632 144 545 -97 -598 -496 -154 63 -487 -12 -589 -264 329 95 80 518 55 491 -758 -529 80 9 179 650 383 1057 164 67 21 -536 654 398 329 -340 342 -305 -396 -266 -75 -186 121 323 -187 779 -359 143 -275 1016 420 -527 206 -44 -363 -87 -23 442 -578 -395 445 89 -148 149 326 250 -41 -380 326 313 -359 689 -351 -11 -126 -118 90 -183 65 798 324 -641 773 227 986 -57 -322 236 -637 -257 271 -153 86 -90 -341 700 574 259 -559 201 209 190 63 27 -256 -483 160 -581 307 -67 78 494 316 -244 -499 158 209 826 784 308 -180 -591] 4468.93
[-226 -21 356 -26 80 243 -44 349 -249 207 181 -218 -446 149 -42 -469 291 124 152 393 301 -412 484 54 -365 -49 360 -514 -233 -32 92 945 547 33 -416 -52 -629 -693 511 -44 -30 -13 121 -127 54 176 -15 106 468 -545 -381 -47 4 -914 8 -145 -227 -486 -272 -178 111 -665 312 391 -167 196 -625 209 326 -230 30 -295 -163 -262 61 417 41 -156 -629 -398 73 -326 -119 167 89 -574 221 510 56 -10 -1139 -10 417 -50 -108 139 -430 -151 -253 -68 -684 69 -328 -471 -70 499 -146 442 -351 163 50 266 171 -92 -622 -163 369 -138 48 406 154] 3747.74
[400 12 574 -7 -85 319 -376 156 429 536 155 -469 205 -231 -261 -17 39 563 572 132 -586 43 731 74 28 -149 -165 183 259 -224 -482 392 267 114 -844 465 -239 -147 450 -453 -290 254 -5 -297 708 448 -28 -498 578 648 146 -127 169 -25 -262 -543 338 -892 -272 82 462 -735 -232 639 -1135 1 -539 -614 892 -176 150 -156 -113 -226 -285 801 225 99 209 -290 -488 195 148 362 307 -697 25 98 -249 -255 -631 -235 -556 -52 698 238 -63 207 -456 -522 -202 331 175 -160 -116 712 -963 620 -356 657 -217 592 -856 312 -15 -125 386 152 -387 15 -449] 4583.36
[-277 18 -66 30 333 -114 311 343 562 -310 -54 85 78 73 20 527 41 -110 -455 -162 -139 -89 -709 -359 -284 -463 -20 -114 48 464 24 -917 199 680 224 -371 274 508 -315 244 38 336 380 -461 -238 -298 -167 337 -318 -297 -229 189 -87 522 162 -201 -324 216 115 444 52 -198 -255 63 97 -644 580 93 -316 54 -554 472 -20 -104 498 -911 331 -218 -139 109 1132 -44 47 1 -625 328 -217 369 227 253 -83 -127 118 789 -186 583 -454 -256 -158 -9 895 55 47 350 -55 -249 71 -111 -177 57 -562 -765 162 55 -84 -421 -158 215 416 131 -183] 3871.7
[221 209 354 111 -40 25 392 290 233 151 -665 -170 -439 105 710 -100 -251 120 182 845 -163 242 -383 844 -487 -32 -45 610 473 287 -240 92 -33 322 -362 405 -184 572 167 -237 313 1068 371 370 -487 339 -584 -413 -311 -461 -45 -549 -688 138 224 -42 226 262 1177 44 691 -86 -710 -143 -15 -175 333 -249 39 75 255 101 -124 -302 -258 174 558 122 627 104 201 667 15 -139 32 -698 250 227 -211 -162 -457 -332 -61 -401 457 141 798 -347 483 48 384 -769 258 394 -627 492 -16 714 -45 -259 -37 319 -239 28 752 154 115 190 306 -523 151] 4341.87
[-133 -42 232 -330 -174 689 218 548 -406 787 228 -388 417 -62 -8 94 28 -91 -752 -150 261 358 527 -77 2 -554 155 -23 401 -703 288 -88 -44 470 494 -811 -850 -370 -138 -556 -563 -493 -164 -31 345 -389 -314 162 257 -290 -257 -751 -140 484 -249 -547 -18 -516 -808 51 -59 -18 -522 -785 -177 391 213 70 309 180 -751 399 105 16 137 -80 -273 -307 -294 -214 421 -717 218 -683 -990 312 -177 274 -100 -282 131 -103 -89 -148 -333 -106 -967 125 -195 -199 40 109 118 101 -281 -324 223 387 176 -376 530 235 -482 277 -1143 -138 -56 432 -554 215 754] 4433.16
[34 257 -73 -612 471 -265 321 621 131 214 547 -351 -80 -148 169 -20 187 407 454 517 -576 -5 552 -245 108 169 -251 333 190 8 -58 32 406 3 143 -36 -203 326 384 -117 -320 -299 -1099 158 -251 555 -182 699 -282 161 -36 270 341 -65 386 -299 -149 -178 57 40 118 -363 409 86 -201 249 -259 -512 203 285 -729 -9 743 -42 147 -473 -328 384 -775 -575 -93 -210 88 -304 -178 443 898 14 168 556 358 -427 -100 -331 -719 -540 -274 57 170 -283 173 652 -577 -476 235 287 107 528 14 597 286 48 485 500 439 144 -475 -571 291 -281 390] 4073.91
[300 39 -465 -866 -225 -31 53 -88 -422 267 922 -210 567 656 -363 -401 -105 -140 -105 790 -26 102 -383 -562 341 273 -561 -67 196 435 -79 284 746 237 -128 73 42 -1 96 28 70 -590 -462 420 -473 237 -722 781 -217 -308 -632 352 108 -76 15 -474 -121 250 -522 -104 -568 -445 -129 -285 140 21 322 236 -165 0 -242 -403 123 128 337 -114 -441 -660 -1298 -81 1229 168 -262 190 583 339 -217 -149 -19 567 -553 -78 -57 454 -104 -385 146 67 -378 425 -518 394 -57 -722 177 632 628 -139 -88 223 700 444 398 -644 -63 76 -19 -117 102 62 -105] 4420.85
[71 683 665 -157 -267 53 245 -725 30 830 -616 -578 153 32 -641 -39 -13 339 -492 223 -92 39 633 -231 -158 -630 -98 123 513 200 -206 466 198 108 -592 -49 729 -225 145 -357 85 -139 49 641 -114 -987 -484 87 475 -133 -279 392 -598 -139 114 -352 368 -216 694 825 409 -1025 -430 152 255 209 -56 309 -54 -145 -40 492 -660 -141 141 119 -259 -32 366 20 272 298 230 -557 111 -496 1009 525 71 -247 299 138 -156 -247 -109 -552 463 -287 63 -375 270 653 1029 -244 109 254 573 268 58 477 -375 -117 -18 392 -56 17 131 499 713 -107 305] 4433.86
[35 126 276 288 167 -608 -461 -551 -193 80 167 -462 -801 90 30 171 -948 -203 -117 177 -776 -552 477 906 671 339 92 25 47 66 -492 -93 160 -571 -417 -329 -263 421 -1086 97 231 -4 -626 -77 258 257 22 87 -465 103 119 642 551 599 702 794 674 648 357 -973 -642 292 -65 115 198 81 857 -378 -132 796 -254 -480 54 171 -544 -202 -99 -111 319 -62 0 -55 275 -90 -398 572 192 72 -100 382 242 -413 525 442 464 180 100 196 -105 51 -8 -189 -419 -93 -486 -246 -387 -12 -15 316 353 -9 108 -190 604 -61 -1057 178 -244 257 382] 4501.48
[-69 -901 -712 -250 -356 1392 548 296 -407 -418 413 848 95 -532 28 214 -152 532 482 865 -181 729 -268 1061 211 286 157 466 64 -151 -70 502 -348 -4 400 -46 -184 -118 804 -44 542 402 543 407 -280 1173 -226 -381 223 -386 281 -449 3 387 492 63 -242 103 -92 548 982 338 -588 47 -445 -293 -175 185 306 -53 -82 338 229 -162 160 515 485 -65 -99 -187 -540 738 31 207 117 -19 -463 -510 16 -478 357 253 230 -232 346 -498 968 -133 832 -229 285 -78 301 -497 -347 619 201 186 245 -711 -302 422 -294 -121 791 797 155 50 -242 -975 77] 4975.65
[315 388 208 273 413 137 1116 538 -217 -240 -104 413 114 390 -598 90 -256 -99 335 918 -79 988 -683 54 -1 477 -250 282 -394 434 420 -97 136 -468 484 -927 445 -124 -527 217 861 68 487 129 -41 721 247 -241 -247 -160 5 493 414 219 571 240 161 528 249 447 251 238 557 297 -471 48 -104 -457 115 -165 -443 152 -26 -434 34 -235 794 518 626 -183 -253 -198 -383 508 182 0 -240 123 350 -180 -730 -96 252 210 -74 -391 466 231 -198 -122 423 2 406 213 -463 267 166 -104 -370 -440 -192 -937 -91 116 699 49 75 -189 -210 389 268] 4332.56
[-64 436 116 -1 -212 -17 -232 183 -268 92 730 -484 295 468 325 18 378 825 -451 351 410 -772 -338 -689 669 64 78 133 301 623 338 -160 168 15 -326 -336 -619 -456 -300 -27 -466 -250 -278 660 297 577 -441 -72 76 -360 211 394 521 235 8 -388 -1279 -144 -70 -497 479 423 -124 277 614 230 564 336 406 224 -247 357 421 -161 -723 -492 644 -94 -102 219 1023 73 -221 226 -250 430 307 485 -29 300 -215 -390 439 -76 36 452 192 -563 -597 202 468 15 -385 -399 -676 -357 -141 247 757 219 -237 -31 -178 303 -681 96 -544 281 -329 565 506] 4491.45
[-613 -270 52 -201 567 -221 -288 511 9 -256 407 -434 -251 -99 610 5 105 276 -305 -343 371 -733 732 -65 207 -251 -393 -846 28 -234 183 470 68 340 -325 -559 -735 389 -390 385 -93 -356 -435 -577 138 -328 113 255 346 -1 -29 -87 90 -244 -497 -107 -319 -785 -985 -556 -94 -789 165 234 -349 -174 -88 348 -192 307 -2 -192 -225 418 -772 170 37 -323 -99 -170 548 -656 506 -492 -566 -176 387 195 35 -39 -640 -323 55 586 -686 980 -1186 -268 -623 -89 -278 21 -770 -237 -249 -288 -490 931 309 228 -186 -167 -182 -512 -1259 -1189 -119 121 -210 286 -205] 4846.22
[706 -560 320 -102 473 -47 262 350 742 296 -498 26 165 -435 136 -272 -115 229 116 -280 103 -248 6 585 -593 -404 -135 208 525 -340 384 -662 456 270 459 34 -33 622 -316 126 -543 -91 -694 -416 -37 345 -58 -245 -305 242 -524 -866 -105 -304 49 -70 796 -395 -440 176 276 -198 -311 -350 110 -70 14 31 277 -238 162 -693 -7 -630 343 -181 20 266 429 -162 82 380 56 8 314 -1096 241 -702 354 7 113 -193 -383 181 -659 48 -227 -48 436 316 86 -463 -118 36 361 -259 -433 -221 -55 -335 -511 133 -210 -281 379 -844 465 430 331 287 112] 4088.16
[24 561 -243 -702 636 -173 -124 -11 377 745 -463 -474 442 -166 862 -282 181 214 -177 213 400 -468 331 -658 85 -360 -618 570 392 -348 -407 288 101 -2 -86 -487 541 780 447 -462 -330 685 -385 746 -108 38 -403 -243 -251 -851 -119 -15 -583 -477 -355 -234 -257 -501 -177 160 -110 -980 -207 -215 -141 441 -206 140 -95 -82 -599 131 477 -554 -201 92 -287 -322 -445 -235 -257 -355 -92 -511 214 -105 872 327 -297 106 304 -79 -18 -547 -503 -99 435 -189 588 450 144 385 -271 -1012 704 131 565 660 1055 852 257 177 558 486 20 152 -356 -180 438 125 55] 4694.23
[255 905 -134 1 405 658 318 381 -37 460 441 346 691 -138 -79 -369 -514 227 -24 -741 296 -492 -77 -330 -506 -403 -503 -251 -347 -49 520 -540 -543 -333 334 -60 786 439 -302 -202 152 -112 -47 -32 -515 -81 157 -395 -581 864 509 21 -547 116 -19 -79 320 -485 -102 -446 -59 -992 -179 -471 -718 156 432 84 -244 -186 -138 162 -424 -240 -280 567 -713 -370 -201 -310 265 -378 90 -830 332 -264 190 -139 148 -387 -35 -114 -244 -260 -889 552 -528 118 -467 282 -675 998 -50 -323 134 25 -582 34 -34 374 -502 -298 45 -248 382 -366 -69 -314 -345 -262 -700] 4472.75
[291 -336 513 -251 -853 637 -438 -935 -691 30 -254 532 539 87 -368 397 -234 -441 -367 -209 -157 208 216 -479 -733 -544 -296 -238 -76 -406 104 -236 102 411 -289 323 460 -265 373 172 -722 -295 460 42 -33 -297 -190 94 -337 -270 -821 264 -220 -78 146 197 -89 -33 -547 200 -443 -1042 -1313 382 205 -335 -17 -48 183 165 267 -237 -660 202 1177 115 -281 -100 -480 15 750 -122 117 -111 626 -235 -1001 408 146 -438 -280 -333 -448 511 628 -326 181 211 -595 95 -635 8 783 325 789 19 33 -523 -883 256 -40 220 -358 327 -544 -473 -21 656 -644 -70 -55] 4850.95
[483 -281 -492 -241 608 238 486 29 656 -70 35 -431 -269 -364 -41 680 -86 117 -471 -57 -120 -534 -507 79 -383 -143 -358 246 99 -86 -287 -540 -316 -461 634 -357 632 655 -183 -152 38 -221 -514 46 -412 169 18 -63 -368 473 219 189 71 223 -482 138 698 51 -192 500 -1050 2 229 -96 -377 40 152 17 680 -126 107 738 -140 115 141 352 -648 602 -175 5 -581 -289 682 -10 -307 -1241 -448 -680 336 43 991 131 60 -185 -965 -762 -7 615 490 181 -55 -308 212 111 362 90 593 96 -174 -814 -1239 -665 -17 -394 237 -312 -169 -319 280 37 79] 4647.48
[-83 536 8 -402 -322 -16 -230 -44 -414 506 180 -1052 -786 81 -51 -298 -106 -543 -275 558 126 -45 191 -253 -297 -77 439 -425 -941 205 -436 652 746 -312 -626 304 -365 -458 221 -305 -60 284 827 495 -511 450 248 875 -210 -599 -160 55 -501 -153 -387 -101 474 465 481 123 -173 -73 -615 -399 114 46 -290 -251 279 71 -229 119 -557 -112 173 603 -958 -616 -599 -151 361 -67 -29 672 -18 350 -384 306 374 -164 201 442 548 -567 398 -112 -30 73 -394 -341 -398 -683 144 -692 -87 782 -85 231 -149 -331 529 964 -614 -386 -966 -29 231 652 -787 398 832] 4843.15
[368 828 873 -148 573 -495 992 1126 187 670 -372 644 -954 -502 -484 -567 119 -309 786 -718 -232 954 487 -22 -902 -375 -34 316 -179 376 -91 142 897 173 207 458 -644 157 209 -110 240 471 233 -32 383 -500 208 -233 537 -119 -519 -249 -602 -344 26 -431 -413 -185 316 62 189 -426 -571 57 644 220 -512 345 -423 293 -728 6 729 -731 12 -862 505 325 42 277 732 379 -612 -272 -236 428 332 325 189 30 -763 -520 199 -178 552 45 -69 -86 -294 -635 346 116 470 682 -250 534 33 -466 -644 74 -52 747 -296 -142 150 70 -378 276 626 -128 13] 5081.52
[-308 229 -16 234 84 493 436 -178 384 -817 286 -531 -434 -514 133 816 432 513 -115 -104 -54 361 269 -12 129 -277 758 522 45 -119 179 333 523 -261 180 17 -343 -392 432 -320 -74 -384 -195 -1020 552 -36 605 659 -350 -630 -74 323 192 409 192 -41 -118 1170 -133 821 -514 -17 -30 -104 328 381 400 180 199 -159 -283 173 -517 -43 -8 -177 -855 503 416 -835 42 -59 -11 -63 -633 547 374 -291 134 -406 715 -118 154 94 -547 914 -555 102 214 -258 175 922 -37 19 -863 -377 -293 -17 447 -658 100 -259 -990 -96 -712 174 120 310 -282 -26 403] 4660.76
[-190 945 151 -127 420 1096 449 98 40 583 -33 74 246 9 5 252 847 -103 -89 227 -176 -15 -492 -108 -602 -817 -820 169 200 -336 462 -120 -164 -139 -516 111 449 -7 390 -620 220 653 364 395 266 -391 -361 -423 -646 -167 533 555 242 344 314 -330 -715 71 19 -69 115 -437 8 -285 -708 297 381 -181 541 -176 182 323 -75 318 -14 163 -222 202 -766 -192 1094 -31 -36 -622 27 -23 -390 595 -141 33 -1344 -351 25 144 27 474 -246 596 -1001 -4 -65 949 -202 797 180 687 206 -173 106 315 -407 -156 741 99 32 -178 -310 -237 38 290 -294] 4686.02
[416 179 513 -10 225 -607 192 369 -780 507 629 761 -346 688 -41 -13 121 231 240 -150 -33 -708 612 -1298 -256 4 -335 -423 -323 867 62 154 -391 -595 611 60 370 -215 -770 431 -124 -694 594 190 -32 -169 997 -339 -158 386 -216 282 -219 20 -250 -904 -679 77 82 -57 -557 107 357 -579 1212 -173 1083 217 942 101 106 -465 843 -76 421 -416 -252 367 -127 1044 -152 968 -670 430 -236 504 265 -339 322 171 -514 -1176 -143 33 -117 -19 69 -424 -292 1189 -209 -578 -415 -485 -342 -450 384 -174 48 -116 392 -53 -188 -387 88 -299 -111 -523 214 680 -480] 5326.3
[679 -660 -461 332 -526 -541 146 -518 -260 -675 703 233 -236 31 -104 -15 -159 -405 -1394 -849 -456 -430 -198 -222 407 295 -61 113 229 16 311 196 -338 657 -31 -470 394 -37 -360 98 256 247 919 -643 -576 -890 156 8 288 -131 -220 85 -267 814 291 88 -177 587 -362 -430 123 -430 -597 8 -144 -716 174 1016 -506 50 132 -156 -869 497 -71 34 341 -307 -634 163 451 -25 766 -52 115 554 -1739 459 -272 -365 -68 467 -1 -937 154 256 638 -660 -634 -394 -281 -406 522 1258 548 16 -190 382 -221 -679 -733 206 -295 75 -507 -828 611 37 -293 -739 -32] 5407.34
[-546 -132 -311 -55 -740 -131 -1326 3 -69 -472 53 -48 200 524 584 -496 44 398 -245 71 -499 -1010 419 -234 472 70 -619 -756 197 496 -429 74 918 362 -659 932 -415 314 895 50 -847 237 -162 -174 352 317 -514 -2 111 -52 47 -149 10 -246 -295 -653 -163 -497 -208 -937 -169 -401 -368 741 -216 -184 -324 -526 253 514 590 -559 568 63 -115 464 -133 -38 -11 -324 1046 436 -486 311 -89 -205 -2 206 158 722 -254 -736 262 -139 366 451 -136 82 -396 908 -471 -619 -207 -248 -80 -12 -789 328 79 62 515 888 171 -43 -483 188 -516 473 -905 -525 314] 5052.03
[121 -191 -301 882 -207 -116 -14 153 -111 -25 378 -120 -518 -278 56 38 -622 -133 361 -369 -722 370 412 -100 99 234 539 372 18 -314 -90 17 30 -53 -224 1030 -745 -552 -278 -85 327 -49 151 -231 -55 -228 -94 -355 667 532 148 -451 -578 -289 -618 366 -84 -786 -234 724 -161 -321 -635 -366 -312 -57 39 611 -458 -277 178 124 -462 25 -703 506 240 -57 177 384 -429 -67 -453 -380 124 -39 261 -457 -646 137 -270 -356 289 -553 624 190 542 -193 -4 15 305 422 484 80 -947 -275 -65 49 -209 187 55 211 -621 8 433 101 -9 290 88 -920 -61] 4194.03
[614 253 -126 155 109 -733 320 -96 -622 53 247 329 135 -261 -37 15 -718 185 251 -150 -819 -436 1488 -513 380 -5 -148 22 688 -133 -209 382 299 425 -360 324 -86 -813 -210 -218 58 124 34 58 506 -163 79 10 176 122 393 -425 -304 589 -524 -626 118 -431 -1051 525 -367 -274 42 -556 -162 -770 320 89 -186 153 169 -231 219 -175 -503 -71 -40 -43 -111 422 -636 -247 -494 -311 927 1516 844 -264 -1280 206 45 17 -93 -383 434 -1271 469 -614 -542 -517 188 550 288 -282 265 -445 169 -456 422 688 -275 146 519 97 507 -889 421 -139 -10 -218 400] 5118.92
[156 469 255 -196 -557 591 79 -732 -186 -379 -380 57 267 -316 -71 -81 -1229 267 454 35 -133 -463 -1054 73 212 -118 983 906 -297 -240 -175 -323 423 -283 -502 800 208 -839 771 -25 216 368 293 -27 803 344 47 194 -120 262 -364 -662 -336 -256 258 626 577 1385 -377 712 -226 -31 -214 -546 -443 -160 -319 -358 -163 170 511 78 -1044 480 295 -18 -399 -473 -294 216 -330 -91 -36 617 922 437 -411 -450 -72 -275 623 789 206 -14 543 5 547 542 -649 -190 -613 382 5 365 -102 3 148 -1260 -281 -253 299 363 576 -173 375 468 154 1152 -100 -15 -5] 5223.44
[432 678 687 383 -228 282 91 82 -22 1039 -424 -973 223 -175 182 -304 581 -1 438 -59 520 -176 382 225 546 329 506 295 98 -105 406 -18 640 -728 -347 530 98 -8 -58 -754 -560 -86 -437 111 203 -37 681 506 -417 744 716 152 268 243 -367 -166 485 -166 -552 150 271 83 -397 -871 15 452 -60 -75 -189 -692 135 55 -206 -17 -1041 191 -331 323 745 -467 -213 401 -206 381 47 266 427 -460 345 27 616 475 -436 -527 190 595 366 -75 -282 -505 102 544 -238 -87 31 -524 -1028 -668 665 950 -781 503 -742 211 -7 13 569 830 -193 423 278] 4921.09
[282 -575 -78 43 -124 -313 -595 -131 -319 -425 1215 863 -533 -102 6 1009 -547 -157 115 222 -365 9 37 156 366 -263 -783 249 -64 692 -123 -457 -355 21 -872 739 50 130 -305 -129 60 117 684 -247 -476 846 -402 -445 -552 -151 488 427 -367 317 193 457 -184 346 669 441 -545 120 -880 -725 845 -309 628 542 -196 386 426 113 -320 -10 -299 253 -254 -215 -205 600 64 330 -309 -489 622 364 -704 -637 289 83 -339 -392 82 694 290 598 449 43 -252 686 4 99 127 63 -585 -236 583 451 296 -122 -83 -391 -307 -461 544 99 -943 449 88 -455 -392] 4872.75
[235 864 -59 -261 179 -714 -15 292 -60 -195 712 -32 -227 9 -211 555 374 118 233 -674 -151 -738 88 8 -470 -494 416 -245 -217 691 -111 -67 22 -38 19 411 -662 -373 -563 -423 3 33 328 -275 -259 -378 92 -612 415 385 289 245 -89 60 -933 -189 -147 -426 -1055 -235 209 39 -177 5 -28 -108 -22 772 -60 549 209 290 -251 247 -883 134 -229 89 -45 105 489 57 303 -61 -58 -400 99 -467 -536 850 -233 506 533 48 -314 -116 -202 -427 -506 -419 -244 -207 310 148 -399 -622 -230 294 180 40 -1627 -24 -774 -374 -83 -651 934 693 148 277 -235] 4602.78
[-260 -219 -341 138 357 403 -150 313 -80 -777 -222 -874 14 -69 1634 475 570 -200 276 -777 -114 -727 -534 816 -190 -743 1035 -540 488 -191 -411 -301 -349 938 300 225 624 768 166 -235 -762 948 135 -252 -351 -449 -395 -326 -949 357 92 -268 -416 442 -178 87 682 -386 -181 -51 548 -52 -291 -205 136 -366 698 -280 34 -69 324 199 400 -83 328 360 -874 220 4 -594 59 829 270 -107 -372 -433 613 -352 -714 -265 553 411 540 -400 -202 -107 -255 -632 447 493 236 -741 -717 -508 -13 314 -952 671 -82 32 -628 258 504 -27 248 -689 585 463 493 27 -230] 5329.6
[-79 -422 122 -329 630 24 -263 -381 497 314 -71 3 257 -513 528 -699 146 561 -39 -535 133 -62 647 -37 -164 -435 132 -241 137 -621 147 211 -35 -294 206 -368 653 475 -68 444 -355 359 95 -279 -284 -23 418 -592 -555 -123 -255 -448 -11 -150 -565 -163 -4 653 -12 -400 416 440 83 -312 726 268 -283 357 -33 -84 -25 -1276 72 -345 292 264 -33 369 187 -237 636 408 -874 -80 667 202 -209 -521 -223 -465 -476 -118 97 286 -833 79 -485 354 -114 191 -143 -960 -246 -515 258 -135 12 551 862 165 310 285 -324 -166 -1352 -594 125 -248 -26 550 275] 4522.18
[-60 -192 133 565 345 1 -504 -16 -191 45 385 74 158 122 -421 509 382 356 -771 1121 128 585 338 365 276 144 -742 -42 494 -258 -592 640 204 816 -538 -277 381 -44 356 390 -484 -316 543 505 351 666 -1234 -761 604 439 50 -702 -226 -272 -351 -353 168 -1316 -234 204 364 -36 188 119 -418 53 -370 366 739 -1081 -180 605 123 -691 -274 451 415 582 151 78 366 563 569 162 -1 -342 417 113 547 115 712 -260 -303 -271 307 -1225 1175 -30 -283 751 659 390 736 72 196 241 608 -300 161 -656 -915 1032 -202 -76 -504 -311 169 -34 -455 -219 124] 5364.83
[-551 214 -378 118 237 164 525 1263 -78 -698 860 725 73 141 567 469 -176 -91 35 463 -56 723 -579 341 551 900 -60 -214 -343 570 175 604 451 192 540 -598 686 261 319 793 175 208 256 -387 179 100 868 1152 -1175 -210 -318 1030 -260 433 295 -10 291 1303 70 -213 -648 31 429 -45 -125 -64 764 -279 -763 72 -509 -30 896 -509 47 -205 220 266 -735 -412 200 -11 -3 -100 -352 1181 -306 159 -490 -510 -308 -233 61 98 -356 848 -504 -154 14 172 -102 547 -1083 -27 70 231 -84 -170 -348 147 710 -334 174 -279 -14 24 -99 -604 -381 -177 -467] 5304.64
[22 -980 384 954 -262 753 -939 -311 -521 -148 -782 9 -189 184 568 -171 249 -499 -159 -796 53 -593 211 332 -548 259 576 -197 -390 -612 443 -339 365 -60 -642 1019 -123 -80 378 366 -406 714 1458 -279 122 26 508 -310 -639 -254 -182 -1379 -500 -594 338 548 231 -33 -224 -345 602 -732 -526 -157 353 -536 -173 381 598 -1365 536 -662 -604 -168 263 79 -491 -658 551 46 -37 141 19 883 527 89 -304 -117 1265 -621 -104 629 26 -351 1447 533 160 -195 23 524 28 -530 -21 -83 -144 408 -1306 -517 -488 -640 -296 264 24 -402 -638 -284 257 1018 -1149 -657 428] 6028.65
[-913 -434 -72 -987 -33 -118 35 831 -610 30 -7 -88 55 954 267 -51 -296 -270 740 122 -996 373 -80 57 1097 392 304 -395 -537 826 -151 43 203 413 223 456 -131 17 23 85 574 -200 -244 798 -453 -956 -681 817 245 304 -956 889 -244 275 603 -317 176 -176 863 416 -45 -177 -77 -486 662 295 74 -376 -587 485 386 754 597 415 588 140 -239 776 -230 284 296 56 615 214 -179 444 113 100 -432 429 244 -383 204 135 -205 186 135 18 227 -325 1 -751 59 161 -244 241 381 64 -250 -34 955 51 706 -944 -83 973 -636 510 182 -646 -238] 5169.92
[-325 -404 -156 417 -79 -160 447 591 459 -865 1190 -801 42 55 828 -135 -25 366 742 -682 -516 686 -692 -617 427 856 556 562 290 -191 37 257 -226 148 164 518 -434 87 442 139 1307 -291 100 -703 -119 -632 -67 333 -240 519 -55 -654 -478 36 107 -91 -352 54 -118 -102 391 -85 156 341 -992 190 191 561 -183 -262 -535 421 3 254 194 -449 -132 -422 -460 947 -183 91 309 313 -555 799 -66 -713 -380 295 -449 -166 -225 -193 368 743 -122 -15 -73 -99 -114 163 -834 67 -655 667 351 500 98 44 307 -1019 38 22 10 412 138 -99 -96 -845 -1006] 5087.62
[-29 190 506 -100 -636 430 -24 -617 -574 -957 444 -689 297 701 -95 18 415 -321 -161 170 -10 -305 -517 -480 -10 215 -336 -141 180 70 -291 -317 522 -236 -154 629 165 -257 -81 267 -370 -1033 176 684 150 -273 381 -559 -173 -509 -176 706 -356 303 18 116 -277 201 -235 -475 -706 268 -705 611 325 332 34 719 387 -139 820 1039 -301 252 343 -67 -403 583 363 4 709 309 251 199 -205 -612 -136 -37 624 661 -126 -360 187 -7 -205 156 -139 642 -608 990 7 -652 233 699 109 -612 546 -739 -325 -619 -373 -775 39 -571 -37 488 -291 383 8 -505 462] 4839.3
[-14 124 -704 347 45 -752 -326 -107 -80 -120 -308 -481 1132 351 -103 86 220 421 -442 1426 385 -49 -1322 -367 586 -181 -622 285 511 281 -93 -798 -445 658 -202 -39 363 56 461 513 -1007 68 169 469 252 31 -863 -364 294 -20 -849 -510 -536 -600 125 -459 -107 -5 294 908 91 -285 453 -518 119 70 -193 -614 15 -150 -239 1044 561 -919 153 -283 634 -144 -239 -149 -59 946 -89 -409 359 -879 908 672 18 130 692 490 -27 -757 94 -431 267 -766 10 381 976 -16 -247 -130 282 31 411 520 281 51 96 232 3 516 2 -323 -52 612 768 796 150] 5379.52
[-767 -315 1048 -176 189 37 -171 -46 334 506 -204 474 -524 -473 -552 -198 363 808 435 -316 79 455 912 251 65 -211 -331 -416 -208 -2 -368 772 46 -36 -345 -35 467 -522 737 186 52 128 492 460 563 -138 871 -420 382 13 -83 205 -629 -629 1182 -287 -49 -510 252 3 766 -279 238 -336 -40 287 -869 130 -193 75 468 272 -75 -421 302 41 518 555 365 506 -550 54 191 -270 244 -192 259 301 348 -580 -592 105 -715 -89 47 638 -688 -272 64 -810 -23 86 -377 333 65 -167 107 -216 29 224 -398 -845 501 -5 -424 -204 157 407 848 29 -135] 4684.38
[-629 -245 91 -531 -317 -807 -403 587 331 449 407 342 238 -311 75 246 -433 493 565 -1174 -412 -640 114 -989 -190 214 354 -290 424 691 548 35 165 -59 82 75 -4 -9 -130 -112 600 893 241 -419 -264 35 -784 203 -146 -371 154 463 130 38 -302 -40 -449 -137 -69 -385 160 -754 -595 834 -212 66 -232 600 -344 100 -661 -575 302 -119 487 -562 251 -189 -483 372 772 527 -180 534 -134 -2 -252 -426 -715 600 -953 -107 714 440 539 -114 -225 -388 586 -10 330 131 -614 -55 76 -159 -492 204 -230 353 -602 -617 182 -5 341 -24 131 190 -81 -595 -936] 4790.41
[-596 93 433 147 403 559 246 812 -186 45 233 908 77 406 793 -101 366 240 735 62 735 3 18 172 -395 389 26 -23 10 325 157 -316 -150 -97 -195 411 -378 907 796 -33 267 128 169 -375 154 -106 -196 -73 -404 539 770 -823 -349 535 -269 -928 -1019 -30 290 -174 142 533 288 -870 196 -118 720 -62 -75 1043 -239 74 560 623 -185 108 271 531 -469 834 -14 637 195 -707 -541 903 380 32 -56 -126 67 -573 110 355 469 127 104 482 -143 26 -547 239 -680 526 -254 -247 897 -77 591 407 424 117 240 -168 281 22 -798 -1009 84 -147 -662] 4983.89
[-25 -286 880 -349 -284 712 -797 84 -187 303 1153 -330 235 335 -402 340 -51 -102 -326 345 -506 -181 782 919 1251 -69 -934 -519 -119 765 294 450 532 -63 -457 717 227 -286 427 -374 -167 -128 11 338 403 -72 -22 -239 -1140 555 728 453 -403 418 418 -231 550 -431 -369 -496 55 572 240 -1253 567 53 509 -222 930 -166 758 257 146 -119 -195 1116 -535 414 -536 218 185 451 -192 123 201 284 -422 -709 601 -32 409 -124 -193 324 -444 344 -93 145 -132 624 -616 -184 -98 373 745 -304 -395 -523 147 -412 -293 53 394 212 -479 -718 -271 942 -425 383 262] 5330.61
[-736 461 29 -102 791 656 -41 1324 616 -360 122 607 -483 -311 383 676 355 303 -325 191 -463 135 94 364 -884 -401 -175 -36 -840 -224 10 345 106 -74 -136 249 -1033 -382 955 -99 506 715 312 -148 344 405 1 -39 -344 99 534 41 -170 -135 -143 -101 -927 -671 -523 70 -414 95 103 322 -760 -631 -109 -114 510 172 -236 543 451 -79 -51 -270 325 15 35 -464 324 337 -382 110 -1180 75 -92 -137 199 -8 -100 -413 485 358 548 391 -1165 -237 -99 -638 529 562 -363 268 -173 332 -305 486 -589 290 -384 -223 -274 -77 -117 -400 -317 -389 -705 -826 -63] 4926.15
[474 59 378 4 489 733 663 -468 -647 60 214 -1023 -391 109 -323 -281 -231 -85 -80 -300 -145 406 446 -212 -123 -90 -179 -362 382 -443 -447 546 51 418 -144 -182 865 -1054 -257 48 707 -176 444 604 431 -1277 467 -1027 205 315 -270 -12 -1020 -370 -113 -219 11 -436 -475 -96 687 -369 393 702 -198 -957 357 795 723 -358 -582 338 -228 35 -99 358 -268 -326 213 -122 152 543 131 -51 738 655 987 401 -286 -744 378 -142 143 -268 298 -1078 735 -51 -192 809 -386 63 -101 -502 -375 868 -73 -733 -130 -901 324 599 265 -166 -137 -651 518 -32 484 332 -572] 5333.94
[-500 -37 39 -168 438 -812 176 174 -507 -864 -355 -218 -999 93 688 299 -84 -260 646 217 -82 85 -98 -91 -872 168 -603 487 140 -389 -268 146 -453 22 -137 62 -1000 57 -133 514 -726 246 -232 -72 315 378 -3 107 -56 -615 -186 -427 354 9 -55 249 163 149 339 -91 -661 -10 384 8 -42 196 -382 -663 122 1406 283 262 292 20 -27 -298 -193 385 329 17 -477 126 -221 -175 -437 -39 604 -15 -788 479 -968 -758 -120 -74 -278 -27 -726 704 -160 424 -14 -741 -693 773 -428 -248 280 518 -542 -178 1565 345 502 155 579 -9 -685 -547 54 2 -6] 4941.84
[-600 637 436 72 622 193 372 71 906 838 -661 26 -24 -189 30 10 -77 355 371 445 -689 408 70 -220 -619 -891 855 333 88 177 -1105 -500 193 299 -13 280 319 417 464 -131 -761 24 -644 -236 -1153 -369 -308 152 -362 127 -445 -498 -563 154 73 -598 -174 714 777 541 237 -690 -595 -511 367 822 470 355 -349 -1019 -287 286 13 -808 347 -124 451 920 -658 -635 227 494 -421 -296 55 -275 634 688 9 555 413 317 -126 546 -496 337 247 -160 107 -656 715 -9 71 73 -555 135 928 -42 139 834 -915 757 -352 -114 1 530 161 -454 913 -440 -70] 5423.59
[576 -95 -62 -968 -7 -340 236 -765 230 180 -113 -269 -846 233 91 -145 -402 -273 97 -662 -468 -122 -1170 737 -95 -540 -102 1017 6 447 -243 162 58 -499 383 -55 -176 857 -2 -320 391 884 6 -614 -318 -312 -169 -504 -483 -1025 -119 -304 348 33 966 407 535 1083 359 -413 -21 -213 -459 -260 146 85 276 166 -804 425 -726 -575 299 -729 453 -846 -108 -383 -342 558 618 168 -252 -61 -470 118 -937 -327 -78 46 -5 982 664 216 755 233 59 401 745 129 -627 -634 239 235 8 535 183 272 108 81 -354 61 121 263 351 287 -1009 360 553 -25 -128] 5186.13
[193 -293 -363 99 -180 360 430 197 34 -131 429 -821 -814 -92 167 549 238 50 -783 503 1066 -254 -1125 -80 226 -237 104 354 -414 -92 501 229 -207 -317 137 -805 125 -361 -457 691 -860 272 -224 258 -45 1530 662 155 -137 -449 779 -536 403 6 40 283 -252 441 -89 23 -581 488 770 -522 171 62 400 -545 -171 7 32 45 -248 -326 -745 249 418 50 -1021 617 -316 -382 -115 132 -271 -296 -544 -82 -60 -890 865 842 -368 -809 -701 167 -269 89 519 215 -12 -147 -635 19 -173 -569 -389 -13 202 -526 -932 -139 -960 376 -428 -687 49 -551 -58 877 432] 5274.56
[-64 18 228 -276 782 -10 59 131 383 105 885 -378 152 -269 224 450 -533 -396 -272 1224 513 188 4 47 -83 -391 -956 -428 566 -1137 114 219 -7 535 -781 445 364 269 -270 616 -382 -863 101 -95 -264 887 70 -322 12 370 12 -625 -519 21 -284 -38 423 -332 -33 338 -61 98 -375 -26 -647 -348 482 -107 637 -335 78 169 28 -235 -8 -4 -147 -361 -548 221 500 740 360 -691 317 -314 722 27 169 274 -226 -923 -316 33 -116 -154 -76 221 -1141 225 -68 -343 -315 -381 -234 142 374 844 395 463 524 626 -822 -130 58 -1072 -368 -119 -139 190 125] 4845.02
[170 -568 -466 252 129 -554 906 -185 -2 381 -264 711 310 -106 -753 148 324 -525 -627 308 -193 162 -275 -57 -122 260 -881 82 276 521 13 646 -67 373 418 -648 216 220 -754 -255 210 1136 532 175 121 -595 35 371 667 -653 -137 -437 -291 1086 286 -457 1004 87 -71 69 86 -596 -140 -105 457 -979 -105 -184 233 725 -462 -967 374 99 -148 -138 405 -1365 675 -163 607 1197 -179 -492 36 539 -644 -382 553 328 -726 85 -102 185 380 -322 121 -596 -179 66 489 105 525 -379 90 470 -384 1079 -49 -508 590 475 227 -547 839 -502 316 -60 555 -574 -127] 5373
[1139 485 335 -82 -556 590 783 -948 -928 -476 656 -346 3 -46 221 -256 -847 362 212 376 399 -349 -770 -1152 -716 150 492 476 463 -506 -83 -263 -113 -769 -164 297 -738 59 86 -579 511 -146 -43 193 405 770 29 -75 -229 -67 -30 -810 -164 273 -513 62 -179 510 -313 23 -1147 256 -241 396 -599 -492 209 -360 216 390 -921 131 292 324 -149 -598 -927 -352 654 143 333 -577 -1081 -36 89 761 -244 -695 6 -208 -4 -459 709 -418 767 -821 656 173 -365 532 -754 -115 -256 -5 -816 220 -59 346 -369 -306 807 -411 46 -706 185 313 73 -323 -401 -212 727] 5457.98
[-186 1097 -425 -224 328 305 287 468 -765 -74 502 261 -219 -631 -110 631 -740 317 228 295 -126 317 -516 212 231 -497 462 233 24 -236 -2 -194 417 -458 -279 -182 67 -127 -208 303 318 -870 -158 1026 704 152 171 337 44 496 -27 656 116 -646 280 172 339 526 -126 809 188 -72 67 -417 -617 1106 639 -243 -795 632 -266 328 292 710 -127 -476 -334 58 146 32 -108 -100 397 -955 361 216 1361 -25 -592 77 -141 -33 419 -20 -20 -473 332 324 -488 86 669 1298 -423 -189 -1358 406 500 -1124 -520 -331 698 362 256 -1182 612 -40 -248 244 30 448 36] 5385.26
[-440 322 -1 -654 316 268 -506 -125 138 602 -272 1263 114 80 -545 -263 343 101 524 286 316 -108 1224 -388 -1254 -39 -415 -1 164 -446 152 331 109 -925 3 55 -466 -612 -52 -558 -315 52 799 425 925 797 785 -251 156 -877 -436 -204 554 -64 84 -310 -654 424 435 -1 297 77 -81 373 -347 295 176 -151 855 707 133 -871 377 -313 152 -94 119 -260 104 -295 -928 339 412 747 286 13 548 1116 -647 -122 -802 -451 814 -586 637 -341 114 -303 300 16 110 129 -158 -101 -227 10 505 93 -48 -75 1346 462 -386 -31 324 549 82 -345 -767 230 838] 5365.59
[408 -230 466 -207 -321 29 -438 -844 208 -157 -2 -1187 -171 418 -626 -357 68 -155 277 224 67 -1194 222 222 254 116 371 -325 559 361 -471 310 -496 -515 -942 866 421 525 166 -95 484 -202 -288 -774 182 -772 -232 -321 571 616 977 378 1003 202 -553 -964 956 -305 724 -559 -6 -59 477 1390 -259 -300 53 -624 132 575 550 -265 -299 996 -469 332 -176 -208 749 276 319 1049 320 419 363 -630 616 -25 -666 -28 -105 319 -100 1037 472 -559 105 431 -490 148 -447 -564 203 12 39 899 -744 323 -769 571 -172 318 -356 -388 320 336 71 -351 834 474 -801] 5709.87
[446 548 375 892 -369 -181 554 118 191 370 -132 -347 813 196 -264 236 157 270 -43 421 -396 390 -294 -1070 312 -68 -570 411 1197 -386 -33 103 10 -279 -126 -2 -205 -48 -285 218 -574 -1022 -427 550 7 160 -693 -355 459 139 133 -435 -13 554 -159 -404 -500 -558 -178 1022 -628 150 -814 658 -298 181 52 -19 1033 -424 -211 710 530 -916 -444 -264 220 866 424 185 238 438 -169 -644 83 -413 233 9 452 378 588 -899 -57 -435 512 -1404 940 259 -91 451 556 147 702 -303 -669 -596 744 233 953 802 -1042 -105 -714 616 -100 156 -896 112 -652 312 777] 5663.83
[500 362 -580 61 150 -95 -181 -361 -161 8 -427 197 42 -589 -17 -487 25 -728 1400 -585 -1125 1337 -90 4 -601 -76 350 251 -645 -811 345 -370 -202 157 759 753 102 -695 -871 -360 -423 521 210 698 -6 282 721 -208 -129 -32 140 111 -409 306 39 336 126 471 290 -322 614 735 -827 140 304 -62 -52 -317 -996 508 789 -976 372 552 473 -231 -143 66 643 252 -531 62 -839 344 706 620 -331 -710 -999 428 -621 223 -378 -496 362 357 -477 23 417 27 673 -224 -622 414 338 165 -715 -629 -733 34 1210 40 -362 -108 1264 144 778 73 -28 -463 -720] 5740.03
[-213 -830 -153 242 103 -792 -282 -23 178 -537 146 754 -198 212 -206 -148 504 -628 748 -406 -283 664 905 137 538 -448 248 -825 -699 515 -391 1001 310 718 713 -13 456 -573 -146 -81 153 -58 311 15 -138 -49 665 -361 656 -703 -471 258 -636 -266 932 140 574 -829 187 277 -288 -359 424 -286 769 228 -651 470 -285 -91 366 -585 394 -1180 528 319 27 401 -32 -251 -507 -11 -101 232 384 -361 -381 -341 -246 99 -361 490 395 -629 -34 263 320 -1205 665 214 -418 -200 273 -645 268 -325 -154 456 -42 410 125 -209 378 -666 -219 560 441 96 658 -476 -431] 5134.09
[483 1684 91 -144 -519 -13 254 187 4 501 -269 251 366 292 -112 -108 -381 329 -409 320 -933 537 -54 -539 -446 -152 166 60 -291 1086 56 -1273 158 450 72 -379 936 170 10 185 -539 81 -252 360 258 -85 434 -52 -111 393 -439 609 -38 52 -596 40 145 1666 -47 -12 -202 -117 92 1027 279 -79 560 -515 239 405 -326 -9 -103 97 19 -1445 434 -322 244 -306 156 -41 -1294 281 -552 -103 606 704 64 -354 2 371 288 -97 64 56 389 -366 -534 -476 637 -117 1026 -311 -448 811 154 -273 -869 155 437 -265 -289 625 -95 389 265 273 223 392 205] 5343.01
[-217 153 -343 111 29 -103 262 -219 979 357 74 -811 -421 -90 -795 110 -551 -572 -916 -556 202 361 -80 -500 -291 -462 291 -339 212 -631 -77 -463 -384 -373 160 551 -61 -782 -206 583 557 -882 -474 1033 140 -398 562 -394 122 253 25 -315 -176 -196 -575 -290 -550 -909 -720 75 -141 331 -298 678 -703 91 292 1060 507 414 -449 178 198 349 -670 -536 66 68 -402 906 866 -304 345 -532 399 -32 99 225 -278 176 -81 -943 117 516 369 -1312 257 52 -559 112 -63 24 540 274 -1085 -94 644 8 401 -142 599 -38 -50 417 157 378 -417 -17 653 201 469] 5185.65
[-732 276 -383 760 62 15 -8 -954 -904 -1282 379 -251 355 395 327 -320 -183 160 -304 230 -264 408 157 -335 452 -328 -11 -899 -336 -553 -455 -361 -1343 912 152 -572 392 -288 -266 91 -630 -149 146 -5 -161 -281 -528 -536 146 822 1103 -305 -536 565 -520 183 199 -101 -622 -626 503 861 15 548 68 -845 217 -151 -568 154 -226 520 -94 403 -446 -230 -58 -750 501 28 -123 104 -248 75 -682 1234 125 -187 854 -68 914 655 26 391 -332 436 -67 -581 -875 594 358 -232 -495 -771 90 -26 -259 265 298 -590 217 499 248 34 -738 -1077 49 824 -696 -293 186] 5568.8
[220 156 265 -700 -112 -43 -172 -95 97 272 643 641 630 -345 -607 -574 -853 604 99 -389 505 -689 79 -892 -640 -38 -681 -241 -148 -353 1233 -1014 -713 -345 312 173 -117 318 -401 644 -199 -982 341 -558 -247 732 171 -95 152 268 970 -343 190 372 -424 -172 -45 -264 399 -485 477 -143 -583 24 -409 71 -653 220 -392 82 -230 303 189 -2 157 -688 -181 34 221 160 -199 -177 -85 91 68 -84 -139 -651 1126 -372 743 741 -130 -124 -255 275 -965 487 10 6 292 159 -415 323 380 -646 -299 -250 260 -200 162 -136 -512 254 -168 -190 -687 -253 -370 107 -167] 4864.65
[593 -368 87 -736 90 -736 -194 -3 656 -364 428 212 -572 -177 -395 -41 -195 981 -218 283 -351 -592 161 235 221 -187 185 985 504 -241 115 -207 -195 -125 -729 947 -531 -587 -343 190 85 -31 87 -687 370 -268 238 -277 950 -629 -56 -265 583 -501 -427 68 204 601 329 214 -99 641 162 16 50 -333 -816 -116 -454 116 278 -502 -384 -272 -489 -417 89 -247 360 106 165 -444 -29 101 1279 169 -231 -192 -714 -256 -280 181 -121 403 -696 955 -239 -16 -202 -838 48 -293 294 425 -115 -373 -355 -261 14 -47 80 -234 -402 -906 -600 192 356 348 527 477 224] 4743.38
[548 -556 869 209 -650 -293 134 -170 -695 331 -822 -75 -47 278 363 -196 -553 -674 526 211 1057 88 -455 -218 60 -65 401 -361 -973 -84 673 -437 -209 -173 -662 -55 155 566 -812 752 -51 -119 -402 877 -722 927 104 410 -746 350 -241 -533 149 -300 685 1131 446 -743 713 138 221 333 -532 -339 941 100 -66 -808 -414 157 -266 -471 -554 -76 739 42 -111 -688 495 611 -331 -459 -587 414 184 -288 -385 -585 1319 -308 175 -187 -1064 769 -244 629 123 645 236 472 -305 -936 -40 -768 179 -452 -1130 85 -160 749 146 -721 -517 136 397 -98 227 218 68 660 -121] 5710.26
[-71 394 270 -788 263 148 -281 -775 506 -247 425 -420 -143 -354 -30 348 152 417 -426 -561 -273 -423 6 -28 -151 -473 849 -172 -57 -96 -572 429 351 683 -179 -119 573 -637 32 -744 -884 219 34 68 -324 -127 -316 217 576 -422 -949 1021 -7 200 -1 -196 528 374 411 247 492 -387 -357 419 471 146 -577 5 252 345 -4 -361 -449 27 542 555 -425 247 -425 -939 54 -146 118 630 185 -23 -343 127 -500 -35 99 120 327 -446 -1306 588 -302 -647 -63 -18 58 194 396 187 530 -25 -451 144 -194 -377 408 781 -180 -33 393 90 886 444 563 93 -103] 4679.08
[730 500 491 823 415 649 419 -499 495 1163 77 -633 13 -975 247 24 225 93 -430 118 308 -287 242 336 -454 -474 285 1015 357 -604 662 186 -883 -72 -141 -347 -206 -593 413 -928 406 47 -423 -346 532 163 -180 -1447 -134 195 963 -736 -479 217 206 -169 214 -644 -671 -755 111 97 77 -258 -140 1283 552 1044 995 -676 156 620 -942 63 -503 660 -335 -513 123 86 -554 7 163 -777 -626 -987 547 -60 -307 -132 -232 496 -703 -183 -303 431 -14 531 -511 -324 -149 340 -334 310 128 9 -27 481 -182 -146 -928 93 -494 766 -182 -227 754 -650 159 92 -535] 5714.88
[558 315 70 -561 -357 155 512 36 129 671 -476 217 -87 -83 675 -326 56 72 173 -265 52 629 -333 -81 355 221 -710 688 382 59 833 17 -367 -252 315 -257 209 648 -172 -396 219 238 -915 59 -481 -342 381 423 -163 55 -83 -350 11 33 -209 410 328 1004 1044 -802 280 -117 -271 203 392 170 88 -352 -727 -73 258 -73 -511 230 -611 21 544 -555 1000 87 100 -82 -427 -568 -383 -300 -159 353 -109 -651 -111 -163 -1186 -494 -67 644 -174 19 230 -871 -233 -307 286 13 211 305 -418 534 10 -43 -118 -269 -1183 271 89 -103 -185 -387 -256 -388 328] 4644.38
[839 546 -17 -677 572 -328 -621 -74 -84 131 93 181 202 -99 -48 -752 451 244 303 1 333 253 683 1 -184 320 -382 981 -542 221 -273 515 13 -793 489 -130 -112 625 684 -446 -110 790 -33 110 -138 -61 -138 -351 -308 -627 352 372 404 -743 -440 -511 -387 92 -811 122 1530 81 296 -53 113 79 -786 529 -401 -453 -852 -294 193 -163 -147 -609 -417 -155 -314 -27 488 -291 -485 298 566 470 357 -440 528 -119 -29 248 293 24 -97 102 1082 16 255 292 324 361 -22 -371 488 723 137 561 182 -38 776 570 375 620 -352 180 512 643 153 -247 -17] 4885.03
[157 -893 -301 353 -238 -1067 -200 -291 435 1100 -354 -323 -218 134 -104 -701 -628 -402 -319 -662 -1064 800 139 251 474 687 308 293 -321 -38 -509 -591 50 401 -367 674 -258 -63 245 -402 254 301 -831 135 -533 -202 -379 -170 -286 702 -587 -534 -587 -480 387 273 1014 138 -203 -572 -918 -430 -497 -75 28 -65 -121 -52 -49 32 356 -869 -563 -621 322 126 396 -357 -669 846 -663 -4 -320 88 837 -60 -882 -228 640 421 368 441 -659 -159 722 -125 226 118 387 -436 -915 -387 632 -296 416 411 428 223 196 -536 520 -191 289 234 7 310 -122 76 -15 -1072 93] 5279.54
[66 -594 -56 176 220 6 798 1003 -143 874 -102 361 -503 -131 10 -277 316 -85 92 -98 1136 724 44 -37 697 712 499 183 33 -129 332 367 622 98 -104 -388 -706 -812 -171 -230 -285 -734 -266 899 72 529 -169 924 661 624 439 -911 -409 299 -256 241 40 -1778 -475 279 -394 128 -339 -1162 377 -172 -758 781 -288 -376 319 646 13 -108 -473 -320 696 271 116 790 -635 -378 446 49 -429 596 -364 -239 677 528 206 361 -446 -1177 197 -655 112 -214 -179 -1095 167 750 -204 386 131 -707 701 -24 22 78 -669 -308 58 249 -360 -227 -545 -410 81 -912 915] 5720.04
[-62 260 392 617 -76 306 249 -660 -195 498 -938 -688 -512 8 -159 117 447 7 -77 821 524 475 656 311 -456 440 128 191 -122 -627 -118 745 -642 -988 -578 -269 -705 131 -190 -673 171 306 130 124 830 284 529 -405 -109 -1584 168 281 -153 -182 -815 -242 -232 554 449 -151 -514 349 -321 424 -252 390 -393 76 394 -286 -206 17 -151 -299 -318 587 -494 625 1315 -336 -852 -222 323 -177 -681 -520 76 825 82 -461 -422 -779 255 -77 235 623 -311 241 42 13 -51 -4 41 255 25 -38 293 450 487 -880 1038 278 -797 -531 -647 186 161 -285 -433 -34 279] 5222.69
[134 -63 -236 -713 -177 73 -737 -258 796 579 -648 121 -81 -332 165 386 -9 -342 332 -215 220 1141 609 -579 -235 -21 -1099 371 418 405 113 56 703 380 281 288 916 -399 976 -933 -619 330 -369 -464 67 -12 -85 380 144 -693 547 238 -93 -642 -274 725 -1 -222 -330 109 -137 -946 -91 -325 -543 376 -133 -648 -1006 -17 132 -317 -312 251 -7 -75 893 -207 -407 -39 -206 -946 -276 -131 419 -114 -809 256 -1051 -555 -345 761 -1029 -237 753 705 135 -98 1188 -353 -182 688 -529 377 856 110 -384 -1002 -273 333 149 -124 386 1243 37 93 -146 -229 279 -83 -571] 5560.47
[-130 113 -221 -32 -431 170 28 -677 -226 546 -358 -473 -97 -727 179 -59 352 22 965 88 -610 1790 259 422 55 12 -113 213 404 -701 -160 236 -84 -5 -309 111 -510 -31 -85 -353 147 58 -1099 719 95 481 -379 -116 -277 766 957 166 990 67 312 636 -378 -680 -490 -273 1104 499 88 -27 -495 10 -38 -715 490 330 160 -506 -478 797 298 269 -13 -17 -95 158 -293 226 -626 -621 -154 240 664 323 -458 211 -292 -389 -628 -17 441 -583 85 465 104 -1120 481 702 -78 265 -281 327 25 465 -322 183 584 -315 98 1572 600 -804 46 -103 377 -6 84] 5308.62
[596 -526 -249 113 -412 50 43 -331 -1160 -636 555 162 -102 16 257 194 323 -51 705 -284 464 52 -170 938 -245 -175 38 -558 217 208 185 439 216 513 -543 112 -710 155 -525 302 -343 -230 284 87 287 443 -413 -367 -184 147 -411 -609 583 184 -735 387 -294 165 -607 256 301 992 282 -614 363 -378 166 29 263 86 1147 -646 -439 285 362 304 -139 89 -185 1025 -325 1016 -77 366 -15 -75 -440 -1175 295 -228 -553 114 157 -22 381 34 141 31 -632 245 -432 -290 63 -211 214 54 14 190 389 -655 -61 705 -344 -826 99 -1104 557 143 -322 359 -324] 4866.83
[447 -541 -847 -114 -459 -211 -392 55 -330 -439 768 -81 -1106 -291 -243 -100 -678 -123 -542 740 -210 -72 241 458 575 -124 -25 178 -78 482 -1499 -247 -414 -246 -399 768 -686 -249 787 127 19 113 405 117 -192 241 1045 -263 283 186 113 -597 -563 -83 43 -313 -45 343 473 -122 -624 589 152 -201 -96 -739 361 346 -213 387 93 475 203 -565 -705 441 320 -1019 -341 464 -231 564 -644 -41 554 436 -308 185 69 -68 910 561 -194 -513 813 -401 492 -125 359 307 -292 -1096 97 -372 -391 98 169 -125 -294 -451 36 711 -691 -238 384 950 -65 -405 403 -427 226] 5161.76
[-909 -468 -242 830 -641 -71 -327 -981 -470 205 -184 -470 261 586 -128 -439 -625 -195 -474 185 658 -197 -266 -17 -35 837 634 -1096 -528 188 -162 -88 -374 -790 254 -441 -266 -58 -773 247 372 -49 706 320 -220 522 525 -512 171 -223 130 132 577 322 -30 -115 76 -85 569 -392 -560 0 47 606 -236 -121 32 -44 195 681 -230 152 -296 -326 32 258 507 -165 859 171 185 79 157 27 -386 -190 -249 474 42 -123 69 -276 664 -96 875 -439 -264 -256 204 276 70 -405 523 -364 -960 -552 -349 813 552 -145 539 -373 -634 81 -355 512 -370 84 -794 99 450] 4772.51
[167 509 -90 -402 702 231 733 -150 531 72 365 100 1177 -432 338 225 757 -210 154 -955 584 1010 -412 -434 -21 -291 -344 880 386 -192 463 -109 -361 350 -149 51 -253 -116 225 -535 341 429 -842 182 717 -618 -39 -642 -124 -394 -515 -313 -45 712 380 -57 -716 27 -701 -205 391 143 -122 665 98 49 47 434 -26 -139 -734 310 395 -290 -571 -487 -555 -710 298 -217 351 375 77 -1080 183 972 249 -274 -182 -420 280 -343 -214 436 250 708 193 -289 83 -781 230 1644 -22 174 387 250 -763 296 1098 64 582 165 371 -318 471 444 232 -53 181 -677 -860] 5347.52
[-864 95 -491 -342 -347 107 -95 -389 24 348 -574 -260 249 457 -251 -307 232 -248 -461 -853 8 340 -778 159 40 -239 -337 -621 198 81 290 1038 771 230 858 -277 -63 -396 -533 -253 52 -349 -41 600 -208 -918 -787 830 256 -915 186 674 54 30 -263 -260 -14 -41 -318 252 240 -38 -257 -337 265 74 362 -130 -710 57 260 -577 420 462 618 124 -395 -517 -468 318 917 -1 -2 -579 -577 -271 11 96 -465 182 151 63 359 106 339 -321 -630 305 1020 611 72 772 120 -264 -551 -224 626 -137 260 -60 1097 487 923 158 -199 -291 -508 -212 171 315 97] 4868.45
[-237 -621 -802 597 -919 90 -391 -663 -654 -335 719 511 376 -192 206 636 -747 -246 60 30 -173 268 -80 -426 587 433 212 -198 -9 -871 -45 59 -1652 263 212 -33 -372 -133 -409 -51 100 -738 -588 -266 -545 380 -430 639 267 753 -330 -376 651 1078 -768 693 -291 192 -262 -528 -304 123 -579 -106 -389 324 304 -42 -349 -61 352 -347 -419 1094 -190 999 -165 -734 -311 -278 -648 -226 356 -29 -215 149 -813 -216 -588 -374 432 -141 -556 136 54 -328 232 -479 -155 -310 157 -105 260 -46 51 64 -133 133 -566 -290 250 840 -663 -256 553 206 153 -917 -563 -736 -858] 5307.91
[2 -622 -221 -208 519 -535 -84 -582 565 -403 658 383 461 -490 -607 649 -253 1 413 -56 69 -767 -815 -4 239 -630 667 882 -198 -875 -154 -1278 -1017 274 -594 136 -123 722 144 285 -463 423 182 -331 -197 1299 -280 -981 -477 -46 -1091 -1070 -118 -504 921 761 250 350 517 -324 304 -10 -564 -484 195 -28 -271 50 -247 355 -462 302 103 -248 32 -838 -368 -413 -143 -440 -253 -161 826 -846 1049 144 211 35 165 665 1123 665 -30 -216 -303 -221 101 -311 -178 -10 70 -182 50 217 226 -54 -164 809 462 174 -766 -204 -139 664 -109 228 -459 569 519 -42 453] 5521.61
[-255 88 -382 -248 -676 516 -609 596 -588 30 -85 -276 1326 148 326 -5 309 -195 1 -400 -42 377 -375 -256 -162 -545 888 -46 -750 339 -587 467 -52 451 383 564 -234 -143 1227 396 -425 252 960 69 -475 -268 88 157 140 -176 -101 21 6 -216 -321 -1294 -750 -161 -484 218 1225 -132 -205 -26 -144 -11 -324 -237 -45 -255 -453 -166 816 206 879 -35 71 254 -486 -639 816 427 -338 319 399 847 -865 134 482 -107 -717 591 -513 595 989 -309 -630 -223 -872 -329 44 35 551 -1084 -126 581 -444 403 92 556 837 1118 -352 468 -1076 854 -142 49 -714 -459 -392] 5688.28
[-558 -681 -248 -36 59 1271 171 -114 -992 -1136 17 552 -177 261 305 151 -635 594 1184 155 -188 172 -40 629 -463 -273 495 35 -1114 130 442 -451 -1435 -221 1202 -231 393 154 -171 367 -113 310 952 565 -584 458 38 -665 -6 48 -488 -59 -5 -192 450 807 -778 174 -122 451 288 -457 -199 313 285 253 79 -558 -88 -391 -16 714 69 -261 920 -306 -72 61 69 -61 -230 123 169 762 -6 -883 -188 -89 131 -667 188 -363 369 -182 -259 654 663 -605 522 164 288 -219 245 -420 -809 635 -496 155 -654 -340 -104 55 -138 -285 -276 781 -653 361 -752 -145 -982] 5480.27
[992 340 379 -72 445 57 -137 -161 -169 739 321 -589 -1083 -6 351 -156 -456 1179 -256 353 -976 -380 705 1049 46 251 64 779 319 -225 443 -28 -416 -462 -187 -398 284 433 396 59 -235 -415 -1383 -130 -702 -21 -353 161 -268 600 337 258 492 -732 -207 2 561 681 159 -186 552 4 125 -227 -694 382 -240 -89 -550 -7 -268 -402 -383 688 -834 -577 69 965 -60 -802 -181 -777 205 -530 -91 -774 246 -322 -209 -966 218 223 -143 -348 -390 11 94 -71 434 -507 209 491 -418 207 168 719 -318 158 -550 314 -129 784 400 67 -160 -40 -160 -137 721 10 465] 5195.8
[-581 466 -348 -18 -129 638 384 114 -1037 -417 280 -269 -64 -5 27 21 -6 331 863 292 155 -1149 746 -381 235 -361 685 -575 -124 45 -559 494 -307 -157 -221 224 -263 -488 211 -202 131 -328 492 174 651 353 505 -384 318 -628 405 -381 -135 962 47 -636 -1218 -216 -471 -311 -690 -541 56 -313 -699 38 123 -31 -82 -254 270 937 55 175 -119 374 -533 29 -198 -647 -268 529 294 414 36 690 829 498 -461 -82 592 161 770 -285 387 2 -199 -293 -348 -84 674 859 -618 -362 -516 -437 -536 -434 -46 -209 -742 389 269 -880 -287 795 -128 -841 24 -385 -96] 5101.48
[-77 -377 792 -1333 265 -8 -445 646 766 444 354 -250 -355 -580 321 -716 -187 -563 -86 -537 -130 426 707 453 103 -503 -762 535 255 -566 421 -99 1308 67 -236 -46 -311 308 514 -485 756 533 60 -641 -143 220 -300 -142 -200 -1076 43 -242 -30 58 908 384 -213 282 -18 -358 699 -385 -829 -111 -530 418 -501 526 -926 -932 -337 -46 -718 -151 288 -281 -352 -340 6 -395 962 -43 4 -21 535 -138 -94 61 296 15 -366 -340 -12 556 307 1015 -29 800 610 -413 10 -656 34 441 -296 -225 37 276 225 -413 -348 -238 -205 -110 -724 341 -68 269 -632 -537 1] 5205.81
[-387 36 273 264 41 -1342 -1136 -548 -31 8 174 -202 -155 254 211 235 200 -567 327 725 312 746 573 -448 983 256 242 -184 -752 215 -333 70 455 -135 -173 -189 316 62 166 151 33 -335 117 75 554 260 888 -226 -167 -94 -921 536 -44 -1334 -251 -72 125 378 -599 336 30 433 440 -29 482 1040 -89 -197 -833 -144 -158 -397 575 130 168 -276 103 -206 207 585 -828 -210 -126 405 180 368 1004 351 73 662 -45 -216 -786 763 -369 341 834 -219 -36 321 218 -575 -418 -340 373 -852 341 -487 126 100 588 80 -453 -29 -256 -111 1169 496 145 1331 -211] 5286.98
[409 -127 286 315 -62 -467 -637 -196 -182 -256 87 355 383 -17 101 875 -635 314 -432 -126 -242 -225 124 237 303 237 75 267 -80 295 501 -220 -469 -164 -370 -410 -45 8 -384 -187 236 -338 -1225 777 -735 -186 -494 -38 -704 -150 -375 616 400 -292 733 1043 -219 428 -365 203 341 -188 481 1000 447 -95 -235 530 -40 433 -613 -373 9 -104 -366 -678 650 -361 290 -289 -208 -56 -242 -232 625 413 217 19 586 267 391 -43 475 759 -342 -564 687 -637 122 -381 244 374 527 -807 114 -205 176 1021 -21 497 -32 -1080 172 150 492 89 -406 427 -245 -467 292] 4804.8
[-175 449 17 -423 912 200 341 221 -249 -913 489 -93 -543 -687 752 173 110 -85 -112 103 363 504 -232 31 -510 -209 482 502 -47 -513 -384 -434 -175 -336 -86 -247 234 -250 724 -112 -150 146 499 689 -8 -361 341 -302 -48 -704 -123 32 -344 190 -480 58 -304 820 -603 295 99 -117 -463 -209 325 373 73 169 -143 597 -393 842 95 6 115 -846 -350 29 -367 177 681 19 269 -807 423 689 76 -229 -252 88 184 -250 318 -44 -305 141 419 342 -528 -372 6 -153 -284 131 -104 302 514 -89 320 -291 349 388 -303 -232 -374 180 312 301 -242 184 317] 4170.08
[600 -163 -280 105 21 265 210 399 -236 -486 171 36 -659 -316 725 294 262 49 180 -615 -506 124 -70 208 -56 -365 -360 635 199 506 236 -1695 -69 -44 -867 459 -735 682 481 -374 -182 724 -795 -49 51 297 576 17 -865 98 911 -259 538 120 -365 327 -280 449 -69 233 191 546 74 -359 64 -208 -286 -295 148 82 -259 506 153 -191 -926 167 -45 -278 261 -258 -329 -722 -874 -472 447 48 -402 -52 -135 -188 -277 148 -307 329 62 379 96 347 -242 -853 396 -778 67 635 88 145 -817 -528 -599 -80 -756 -179 104 -428 612 -377 -120 212 -398 -382 410] 4833.66
[-226 -420 -328 -705 135 -395 230 516 1011 -981 868 688 -270 16 -36 1005 -336 -450 623 9 -177 256 -544 -888 -397 -465 324 152 -50 -156 -245 -745 256 930 -29 286 536 -165 450 1057 -446 -218 513 -619 -280 1144 577 -151 -25 29 -855 -204 -876 -223 -222 -131 6 394 101 1505 -372 268 -195 196 -251 -562 -378 -480 366 -13 99 84 -521 -222 440 -916 430 178 -487 -38 -315 296 4 266 366 -332 327 156 -41 -57 408 -280 -166 -352 -55 -653 -39 -164 472 365 218 7 523 32 -508 -390 950 -250 171 28 -38 -342 -376 222 171 -376 165 -505 875 323 -67] 5121.65
[583 411 584 -626 -36 -91 16 399 76 753 341 402 228 -362 -481 -554 35 -466 -196 -482 -401 -398 788 -640 -636 -628 353 48 6 -549 -52 -377 663 -648 271 -33 -752 -612 -848 -611 -43 -70 616 260 168 -254 557 -354 201 -281 -583 -253 -261 828 283 -546 -260 -518 95 410 291 158 -1058 -675 -201 459 150 38 271 170 -183 -290 4 -412 615 197 -443 511 27 -300 17 252 449 -165 566 481 -226 186 -232 -181 522 -269 776 -360 -231 -423 186 442 137 -215 437 -429 325 410 -232 -673 -223 285 468 -96 121 382 -874 -474 -10 24 603 -368 -217 262 1071] 4761.48
[-163 342 489 465 133 221 33 -158 -495 41 -225 -1215 -640 -1098 713 610 955 353 -634 -636 579 -22 23 -40 -485 -95 1219 694 253 -814 -525 303 35 197 69 -985 -697 243 61 -456 -676 324 50 169 390 -47 261 -414 749 -515 615 -309 271 -126 63 201 -529 426 -125 -293 246 117 461 579 301 486 -565 8 404 629 -745 773 -206 280 -90 277 190 130 -458 99 -712 -154 361 -371 -1208 -174 354 477 47 237 384 158 -234 -313 -649 130 -512 846 190 -607 401 -224 -162 422 375 -328 191 697 -83 -381 -500 335 -697 441 -585 98 387 -381 218 -287 -29] 5163.61
[252 -618 -613 896 11 -202 21 133 -377 443 -916 265 141 55 202 611 352 -443 -785 135 326 -277 -162 630 -695 -235 913 124 525 -691 -369 -585 -896 710 371 -513 -257 -57 -1069 301 -1011 148 797 221 -369 438 -404 -178 1629 71 119 -265 -348 -289 -569 372 33 -1432 -493 493 90 -147 -901 151 61 -551 446 127 308 383 -172 172 21 264 -691 -781 564 -163 -53 390 -270 -481 1192 -265 -537 -502 -452 269 -141 318 -108 124 -603 -183 296 214 579 -913 409 314 253 484 -50 -435 -71 -490 144 665 348 798 -248 511 -372 479 117 169 107 850 122 97 122] 5503.47
[-428 -1178 -974 577 -184 -199 -74 114 213 -219 -296 -16 399 -60 -216 436 176 -1012 -306 -311 843 69 -615 -405 239 692 195 -251 496 132 -210 173 299 1107 400 -869 -768 -39 -432 -224 -332 -310 -171 168 -313 104 -648 617 784 -594 -248 -219 54 -23 -125 -68 -884 -879 -851 -95 -1108 -206 -709 157 388 -123 -15 712 32 1138 193 647 -472 888 -566 422 739 -418 -901 125 -946 -465 898 272 -49 19 -411 649 -501 934 -196 393 -138 152 -610 -40 91 -771 145 225 -67 75 -325 8 99 -1012 791 346 17 -260 -43 -389 -189 198 526 -172 594 300 11 -182 -480] 5486.08
[357 -67 -403 -450 521 -599 884 221 36 -9 328 -264 -264 -61 2 -847 119 -555 38 -888 -5 -493 696 -236 -191 -144 -571 41 -246 -1044 115 -764 785 443 345 609 112 -1065 -31 208 63 -87 -1043 145 90 185 789 201 141 -92 -205 -161 -155 -356 -117 510 364 -137 -1191 -722 -369 -1 310 -159 -27 -322 -297 489 -400 -109 183 -320 45 11 -529 -508 -636 -499 -18 -1047 -34 -893 -434 -52 567 455 679 -500 -293 726 -446 242 -184 -286 -540 60 -975 480 -176 -66 -505 371 -667 -605 157 -679 -492 -570 183 304 117 23 472 -211 357 -106 486 -171 420 -255 866] 5094.96
[472 -201 639 -551 48 -240 -106 -172 57 20 -41 -411 661 180 475 262 494 -46 -6 -477 282 134 -11 -241 -517 -18 -566 482 302 -179 89 469 319 459 194 79 -361 254 151 -1127 -305 861 -50 -550 -482 -11 -540 -592 -773 -1082 0 238 646 -785 142 61 178 -313 -483 -496 -147 -563 137 132 -717 60 -1209 -579 49 -50 -404 -482 -448 -485 453 -58 -209 -248 95 -890 551 -1525 334 -496 340 -339 -705 214 -230 483 -1327 274 -1009 385 -728 -158 -946 525 -3 -161 -574 478 674 512 682 -76 -423 902 -525 351 -525 -854 729 913 -457 -310 511 154 123 -69 -249] 5548.21
[-457 -473 -168 205 421 -263 348 757 711 393 505 -195 -484 -231 -612 -206 778 -1013 149 103 1040 -159 -959 -473 -526 245 -86 -158 -631 -161 283 385 128 -110 78 306 -507 -921 -68 -305 289 976 325 -105 -74 1065 -395 159 109 24 810 317 73 433 292 53 -167 -1071 239 214 -20 1016 338 177 -404 -944 -178 -141 343 -112 492 474 -287 -136 -267 -362 -72 -312 -534 552 339 790 333 148 416 258 -358 -125 712 511 -60 -74 -6 -115 527 -261 -614 204 -110 -84 -242 233 -637 303 456 357 338 239 442 276 -140 -395 494 484 485 -479 35 -540 452 -27 -414] 4904.3
[281 1055 -567 33 376 -143 309 -121 374 -787 -137 1497 -455 51 205 -760 -781 352 763 403 204 -78 -1170 221 -804 99 -595 -109 -459 1202 -40 -489 144 -233 332 166 43 503 267 -277 805 53 43 -842 -539 536 -134 216 -171 75 250 165 -276 -124 755 -128 -582 626 764 -255 -357 -145 -258 -111 -728 -5 327 -932 -1839 522 329 474 -75 45 43 -585 -267 371 238 43 718 -887 -428 -777 1001 555 238 158 -475 24 -81 -38 291 112 -224 1006 163 172 -263 -540 -672 398 -712 843 -440 -7 376 -358 26 219 -196 -281 493 -182 548 149 201 -508 -122 396 -352] 5619.52
[-640 -148 178 -809 -570 1068 -102 -94 -168 885 -227 215 781 326 -70 172 134 -83 -242 -50 800 -183 -26 -326 197 -532 -159 400 331 239 193 -650 -266 -451 417 214 453 -1045 -462 -112 226 113 432 464 56 -384 -477 94 -370 -62 -533 -288 247 36 331 942 -134 -209 821 391 475 -82 56 -1053 889 -253 1054 -233 -659 -119 -112 387 -239 440 873 412 13 -943 553 -440 -264 977 -348 -311 -346 -181 716 -7 -57 -434 -115 -2 345 -26 401 -440 -649 39 225 304 549 177 255 -829 -851 -580 210 -50 -715 594 252 -721 -28 888 327 51 -723 -315 -130 -479 87] 5167.19
[-733 412 881 124 -16 79 -193 291 150 434 -794 710 486 561 -38 -254 -639 440 503 651 14 -31 557 -121 823 281 -87 -157 299 1027 295 456 355 -354 -388 -431 -57 721 10 -851 -218 89 -158 -197 1057 286 -48 335 -440 -6 -202 564 584 772 698 -323 21 684 81 278 -376 -33 -628 -497 -361 487 1102 -1264 -16 255 142 -315 736 -677 -227 150 578 854 494 -494 -1117 292 -19 183 -327 99 397 743 -452 217 -34 -630 84 197 41 703 462 -293 -238 -480 -31 -29 -96 534 197 -278 -367 -672 -549 795 156 -222 152 117 808 -435 313 168 -850 -98 298] 5281.92
[206 273 -376 347 97 -431 -772 -608 -341 -491 621 -283 1526 661 500 -176 611 -124 418 273 -583 185 332 -1034 197 116 -623 -522 -628 410 -268 -206 -44 78 651 934 -104 860 -317 184 -725 -778 -169 -115 -923 347 -685 -219 -435 566 -367 53 -375 272 15 -134 -623 -272 136 -856 -748 -220 -490 -28 419 612 102 -1100 -326 -570 480 -58 -36 221 754 503 -197 999 -827 -237 501 -262 235 -126 338 681 -19 -671 451 537 795 -43 -478 54 -1209 564 -251 -303 -644 494 -85 -51 -39 -379 1380 -836 38 45 -22 369 -918 300 -341 -331 -657 -60 -84 -833 -944 -671 48] 5811.55
[70 135 766 60 -44 -348 174 345 -149 -567 888 -806 -133 -36 840 -255 309 -640 1447 234 -327 644 455 -657 -188 31 195 -875 -56 -414 -169 209 296 500 106 1005 41 748 357 533 636 -452 -1259 -621 -739 574 -801 -500 -698 679 -523 -50 -601 232 678 352 -55 -583 259 -542 -1100 286 163 375 424 733 -351 44 159 489 611 -235 -549 423 -6 141 -640 1318 73 -727 904 419 -336 -55 538 297 458 -582 501 228 36 -938 -208 130 -993 -349 330 65 -400 1037 -207 -760 -394 -373 21 -765 -211 406 439 -59 40 -107 81 -568 -228 250 182 -186 644 -9 -226] 5724.49
[-517 -544 -753 766 -601 -58 -146 238 577 -416 -75 -286 903 75 -300 -721 66 -569 -180 -862 268 -474 -142 -1001 358 5 -378 -824 -309 614 196 -183 62 -460 262 -57 -515 798 -410 396 209 340 549 -147 -78 -155 282 745 702 -84 869 110 -105 526 -665 -475 -291 -757 569 956 -450 -133 175 -542 -152 94 304 -617 -257 -217 665 159 235 208 -148 719 -682 -424 -170 1123 206 -509 -192 -45 -105 93 -859 -579 164 247 -483 -302 -18 -70 85 758 -143 233 379 463 119 129 298 -187 447 -202 190 243 823 474 578 -257 649 283 -214 248 -288 -346 -896 212 -59] 5040.1
[-350 54 -708 558 576 -422 635 -46 437 -439 200 410 246 57 -300 54 500 131 34 -43 -1236 445 -598 -137 308 -65 -473 542 46 -215 -2 -560 528 173 164 -489 221 234 -407 345 -51 171 -1120 -108 1065 -705 -81 38 -203 652 -433 320 79 533 382 239 290 -398 -1695 387 -820 -355 240 -282 -669 -275 -115 508 -373 1178 -199 -134 -210 -575 -165 368 380 -368 -719 -152 -212 666 -400 -644 -541 -131 142 171 -274 603 -65 -123 332 254 10 307 -345 -20 -265 -360 305 1002 74 -206 695 -354 139 -251 -202 410 -95 -865 620 -168 719 -1219 -230 120 952 6 321] 5272.76
[-565 300 20 -210 146 336 -601 854 531 -481 -199 -268 -1 92 -79 527 1347 -77 317 24 310 736 -335 196 295 484 -8 -287 36 26 -414 -151 244 -230 -708 529 420 95 418 -743 -25 87 507 227 418 -144 461 -556 770 -67 82 814 196 -81 142 529 -565 501 282 -331 148 715 67 248 -390 463 -189 -206 227 316 550 435 -168 23 136 -268 492 311 651 -509 -258 778 760 699 -574 -1002 -549 276 255 -564 -236 768 671 -634 656 632 -58 -257 76 -798 751 -555 287 550 114 327 -289 -829 -700 -589 -378 -475 -489 -909 462 903 -202 63 278 -251 279] 5150.29
