[119 277 365 216 -172 71 -224 -123 -50 162 -245 -162 -405 183 -453 450 -357 -424 -247 219 169 32 -284 -407 -114 393 -280 -240 -21 -334 -14 331 1016 -87 405 237 199 -484 135 -19 19 -233 401 51 -282 -601 -64 -548 -154 55 -540 -57 -191 343 -145 -217 54 429 -253 255 227 -114 -292 -510 -32 292 -553 -83 191 -195 -116 412 -143 288 -140 54 208 98 -112 -190 -329 489 80 57 209 6 89 -599 -100 -318 -242 -68 -11 -147 181 -447 78 189 399 355 110 -489 122 -43 -108 120 -135 -118 -220 -225 275 92 -180 -67 455 211 -125 726 283 54 -502] 3190.02
[46 -194 -107 76 349 486 -226 20 -37 628 173 -5 136 -800 314 452 66 547 6 -757 -302 -94 -65 234 233 460 733 153 189 214 211 -402 -332 -381 91 80 186 221 128 17 -436 -176 -140 -176 -169 290 -422 24 -294 -108 30 -17 290 -22 -13 241 -20 -56 74 13 248 109 181 303 -453 -412 -515 143 -179 9 25 37 604 -125 -80 58 -197 72 197 -59 -865 18 -478 156 146 -36 -89 222 135 193 73 -503 114 224 270 -446 294 317 -34 28 -237 128 266 377 -32 211 -182 -204 -620 363 -108 233 205 -66 -234 -539 202 -346 -325 5 -418] 3208.79
[-121 176 -74 -104 191 112 -14 -443 54 465 -158 -628 65 -321 -224 416 -357 -261 -177 207 -520 265 -423 -51 256 -415 275 -376 293 -354 -283 280 -56 75 23 613 116 -458 376 480 -417 -221 187 -45 55 237 -497 -382 158 60 -115 355 -516 419 -479 267 42 659 493 337 586 -456 355 -436 441 -82 -211 141 -134 -1 -482 71 314 -7 -380 -272 136 -165 -48 -455 -405 558 -150 -348 358 157 106 -294 -88 -301 98 -328 173 309 363 370 276 -86 409 90 283 -312 252 109 -260 48 119 357 83 -26 -35 -628 274 -441 149 58 -8 334 328 -466 -435] 3431.37
[190 572 494 198 -715 318 -585 228 49 464 -43 306 -142 208 -331 32 -1 -279 -256 243 657 -271 -123 -664 71 368 -220 -161 22 830 282 -304 105 -116 503 301 -181 -341 248 -508 406 186 236 -78 -206 -824 20 -369 -638 295 359 -60 413 188 334 -282 570 146 -254 79 -27 -542 -239 -113 43 160 -301 -268 9 9 294 -115 -57 484 146 -91 -334 -150 -137 0 -104 -80 186 220 -9 194 -132 90 -132 -240 256 292 38 -212 240 -939 -541 523 -234 -88 -519 0 -24 76 316 348 409 -118 -413 323 328 567 -112 317 63 -442 756 509 -149 854 -413] 3781.66
[-488 -250 -705 -418 -66 -373 341 -75 -198 -256 264 293 354 461 -151 129 683 138 239 -256 182 -319 127 -146 -383 586 -298 380 -419 241 -302 -195 282 249 -190 -232 -276 123 70 -742 -413 -273 -385 95 243 -52 -228 -111 -87 109 -35 -17 -215 20 -238 -211 -327 88 -114 305 -334 -115 -109 -69 290 -5 -555 -462 -96 -105 206 -35 276 91 -662 224 344 465 168 106 83 -327 -15 195 86 -128 305 224 0 -464 206 -324 124 -378 -221 -321 -202 -419 -242 -348 51 -375 351 25 208 229 -112 -76 359 -513 -520 -15 -96 139 1 -37 -55 182 -535 -315 539] 3235.68
[-162 -119 -596 16 -584 -346 259 735 -314 277 -366 99 377 -339 -23 -223 372 441 97 -165 -282 -332 101 160 -231 656 -239 379 -122 -10 -397 -235 -28 -138 6 -232 125 3 147 -476 -357 -487 -232 132 322 -268 -662 118 12 -684 -286 261 -31 325 -290 269 -94 741 -426 242 123 -168 88 -300 469 -239 -173 -456 13 -398 -142 397 34 -539 -297 411 57 201 472 480 193 461 -304 43 -246 -126 394 -139 199 -315 21 -59 403 112 121 -99 551 -481 411 90 -42 -384 302 -131 -191 -272 -51 -426 -406 11 -273 -22 -15 -380 354 -632 -371 483 -225 4 -143] 3502.61
[-213 186 -373 -321 -409 -233 715 259 -96 88 -516 -511 490 480 -92 100 567 -210 159 91 61 -266 532 133 500 -242 71 -125 -479 -200 -551 -27 -696 516 -85 -173 -229 -285 279 -509 -439 -152 149 -194 42 230 -385 309 -134 -244 -705 80 -392 -1 -386 138 -164 79 -61 359 242 181 -337 -95 207 171 -66 -185 74 -70 -161 349 355 -749 -511 125 187 -125 -36 65 248 287 312 -21 -94 159 787 -92 -65 -723 230 -26 42 183 116 35 -44 -658 825 168 -67 -361 346 -440 -155 -510 249 -325 -34 -205 -589 33 176 12 -381 25 376 244 -744 -116 162] 3629.87
[159 393 288 86 -337 282 -469 -264 -8 267 -561 6 -297 -404 -412 540 -602 -189 -336 456 -559 527 -177 -143 637 -353 438 -614 26 -46 -64 -139 -273 216 38 199 -285 -238 1059 -41 -216 -396 91 120 -230 -355 -631 -617 128 -145 -147 -186 -535 296 -162 317 -143 410 105 510 140 249 -44 -256 -242 198 -125 1 -322 -275 -132 691 155 7 3 -493 -118 -152 -220 326 159 -55 608 -210 198 424 228 -658 -632 -891 359 70 -222 -85 455 0 210 611 534 6 121 185 307 -59 -662 -157 76 164 -822 366 483 -252 13 75 136 -89 142 307 -124 115 -428] 3865.34
[-163 339 253 6 -529 -25 -605 447 90 -17 -102 -299 290 -406 -124 215 -515 153 11 275 480 644 7 199 -297 -314 -28 289 454 -301 -269 320 -12 90 384 -483 305 -326 408 3 84 -189 -219 93 369 -259 -168 -182 656 -630 -451 269 -459 337 221 -18 128 397 -351 -173 103 89 158 -63 237 476 96 55 -529 -580 80 124 -450 141 151 -59 510 -565 392 219 711 550 460 -395 -505 -358 294 -380 -78 434 -57 157 447 337 517 664 25 -46 322 768 161 -156 222 -80 -183 -279 152 -354 -92 -261 -83 -217 -347 -69 75 110 -105 589 299 28 363] 3625.4
[-95 -447 128 -282 -230 -593 -378 313 -107 252 156 481 158 -213 53 -61 -651 320 -109 343 185 501 -144 405 -515 535 -193 194 500 280 285 133 108 -237 -245 -76 101 -386 160 -101 -427 -679 -407 827 157 -391 -410 -392 493 -365 237 -342 270 285 -78 210 424 40 300 447 -215 345 -153 -60 413 156 223 -370 -271 -986 450 151 -314 866 -102 61 48 520 -37 -196 129 -49 164 -321 -210 -131 -98 -143 74 -258 224 -480 269 -428 40 150 366 415 233 178 37 24 214 343 -350 -97 -338 -480 -193 110 126 32 66 -518 103 -376 -57 473 -1 -329 -7] 3582.67
[49 -137 -381 211 598 -29 69 -915 35 9 453 -62 -343 67 -15 147 -196 -167 298 -220 -229 337 -277 232 7 436 389 -156 152 -200 301 -53 671 -11 164 -272 351 447 -205 -453 -845 82 -132 135 -221 202 -582 -264 -360 343 540 154 7 -34 -231 -616 -202 158 418 -5 -333 44 117 -287 -846 -401 -686 -271 -159 365 -438 472 300 -162 -184 306 -347 457 -4 -482 -472 44 -470 75 188 -437 -42 620 -26 -590 393 -500 686 -412 9 -300 -127 -183 -205 -287 137 -280 74 -126 -627 497 -284 397 -50 176 328 -143 195 391 -90 -225 -346 -282 167 -415 -319] 3746.93
[22 604 978 437 -475 251 -520 117 236 233 -157 292 -436 -760 302 4 -1051 346 -50 71 -220 284 -339 -142 230 542 -57 334 811 -322 294 71 664 -342 439 82 186 142 547 -171 -58 -447 23 -219 -353 -649 108 -509 23 -67 -15 59 -75 471 488 -522 16 432 77 -292 283 -428 215 -409 -264 -51 58 47 -711 -269 -224 250 -484 -32 836 -4 -600 78 -84 -97 747 749 -1 297 -357 -362 -19 101 271 -303 413 433 -72 65 395 -401 -67 -149 -450 198 244 337 57 258 -477 -135 415 -81 -688 36 472 446 -332 -99 405 -190 -286 438 337 295 -494] 4119.06
[-325 150 863 -13 64 -251 47 -121 127 -79 -438 -212 -408 478 -224 -589 -604 -408 -196 711 237 192 295 -30 585 36 38 -481 266 -642 -57 380 114 962 432 72 207 -115 -209 2 311 -182 638 -245 -64 425 -269 -792 155 444 -490 -146 -493 148 252 -509 114 -79 390 -70 548 -31 -396 -460 -317 807 33 -329 82 63 142 -110 -246 210 417 302 349 -518 -322 -499 668 224 289 -9 -80 -322 296 55 -423 -383 56 -16 -118 47 273 228 -334 141 401 188 790 23 -18 -341 -516 -116 526 387 209 -263 61 272 -180 207 -47 -135 454 453 -221 -140 -25] 3861.23
[318 266 -395 483 -196 -154 144 275 173 694 134 -361 -3 211 452 -989 709 -250 365 -196 -64 -193 41 -64 86 -53 -144 -347 279 448 394 155 71 -499 -197 270 329 243 218 -600 -31 -52 36 13 -331 -468 -31 939 -278 -601 689 394 673 -201 -186 -107 510 274 72 -243 -117 -266 409 -13 186 -446 256 -361 -65 197 322 754 324 -348 -132 60 -272 373 281 377 -369 -132 -717 -291 -73 -142 108 457 557 -103 261 505 836 126 477 -664 -329 -654 -194 -45 -833 -472 -250 -317 44 206 603 -491 -476 346 -73 -267 424 550 30 -686 461 130 68 446 21] 4169.12
[128 -721 -522 -277 112 243 -326 140 -818 29 380 547 9 -660 -279 464 140 511 -305 -82 -686 -315 -87 -179 -453 106 -235 -232 -245 381 190 -540 -568 -7 -773 569 -138 -200 -56 -14 -478 -210 -242 131 -42 -502 -70 -379 -119 19 126 -449 -159 15 -257 860 -78 307 -375 488 -609 356 129 260 498 -478 -409 230 -270 -288 619 278 488 6 -445 1 -34 166 860 633 -227 -497 -27 -252 223 116 -389 -592 -360 -184 -303 1 323 -301 -312 -86 476 180 -293 -111 -241 266 -214 -185 -112 815 -949 23 -373 529 159 -64 196 -831 39 -421 -71 412 -103 -415 -558] 4186.22
[145 360 -363 261 -362 395 78 -22 -521 220 -147 234 -269 -164 -319 -526 288 -36 5 286 1 -118 -402 -187 -59 585 344 -313 161 955 -54 -429 -1026 -872 472 -281 424 895 -113 88 188 470 -165 311 14 160 -685 279 -537 -233 503 295 731 194 -341 263 350 849 -253 -287 -29 291 -22 152 -110 -246 320 -302 752 156 -281 250 -674 -281 433 -68 -714 131 85 659 -472 145 -352 -191 259 359 -536 273 -195 364 101 223 323 -20 -39 15 857 838 -444 -444 -438 656 -248 366 34 -256 -296 337 -699 878 511 175 -162 55 -307 -754 -891 -257 297 490 -396] 4548.04
[175 -16 -161 387 -512 -220 359 -12 85 118 -95 174 -231 -1232 442 -422 -416 281 74 87 -457 426 -76 291 -290 -320 -122 746 -258 -88 607 -178 235 -249 -218 -275 -428 133 563 153 680 6 -858 674 581 -378 -266 279 353 -591 322 423 -255 116 173 -308 11 -324 274 -338 -327 -544 250 145 177 -222 531 -283 -87 226 -72 296 -420 -278 1008 -382 -449 -8 57 537 623 211 245 160 -482 -156 -468 352 346 -154 -170 20 -284 46 125 514 -199 81 23 68 127 39 -267 -245 -449 75 436 36 209 -20 294 -324 55 -83 299 58 -715 54 750 285 -42] 3960.62
[54 72 -785 -442 -229 179 -249 530 191 -156 400 -521 550 695 -94 -288 -314 196 124 311 793 57 104 179 -34 -115 122 -576 -95 67 -53 709 -922 322 -217 -180 -99 115 17 -750 -1046 376 99 -147 -375 -50 -444 268 411 -202 489 275 -114 -338 -122 36 191 -42 -67 228 -331 200 119 -244 -98 -211 377 -46 -481 -231 490 218 16 181 -642 347 599 -353 475 -396 457 -504 118 -407 -346 25 752 531 -107 -41 328 172 691 -333 40 370 -214 -933 190 216 -582 -450 555 -235 -679 -242 229 -498 458 104 -400 -409 312 570 -343 -263 104 511 -530 -383 1152] 4393.33
[218 178 -314 316 16 -157 -799 91 -187 392 94 -127 864 -892 87 -264 374 227 135 -968 -55 -238 -708 -125 -140 85 241 447 587 -190 -492 245 576 134 -209 499 -77 -204 10 375 294 -829 -160 -238 766 -544 -246 175 52 -105 -130 338 -257 284 38 299 8 349 -128 91 1291 -1470 847 -168 789 -638 -642 20 -548 -391 -414 -807 631 -288 -70 43 292 -407 65 131 -66 423 -504 528 -107 389 -40 -98 109 636 -258 -427 166 698 197 -512 67 -253 -80 -328 563 -144 259 174 585 -103 222 55 390 63 -358 -350 -15 -435 826 -529 51 86 -265 -106 -127] 4666.19
[-208 75 -849 154 217 263 -10 -251 438 -106 496 -633 -482 312 -524 1187 -33 -328 -129 -166 972 417 -64 -13 -587 -229 112 640 -583 -409 279 -104 707 -297 264 -801 -181 52 231 -233 -545 427 -817 408 39 -55 -205 -356 -116 -383 81 562 -548 23 167 -511 -769 -374 -580 26 -207 136 -470 452 -826 -266 -1155 141 238 617 -486 416 -137 80 -220 213 -190 396 543 174 -161 -761 144 314 233 -164 -93 223 75 447 -128 -382 -99 -270 -297 539 -204 -66 -84 397 -303 -427 363 -507 -88 72 -405 266 290 235 -121 -488 -368 942 -255 692 -666 130 190 300 73] 4586.77
[-87 356 395 -216 -343 -283 -1037 -717 89 -321 586 -499 560 459 -849 489 280 -422 -425 39 864 824 -425 -233 -25 -767 -412 72 329 -49 -209 119 77 -220 215 -780 252 -813 -210 -95 -69 640 28 -263 181 -247 385 -279 229 433 580 96 -95 581 449 131 344 -22 187 157 75 8 -512 51 255 -114 -293 290 -266 61 -993 -227 -407 372 86 23 -893 -51 -23 -433 431 -364 553 -330 217 -205 347 121 372 280 586 -123 221 9 -423 758 -331 399 -44 459 -266 -122 -173 -342 275 -537 175 -6 625 380 187 -553 -10 130 -36 794 492 165 488 105 78] 4402.97
[-272 182 -382 -535 -135 73 -106 94 -163 -516 282 -289 619 758 -568 -325 314 -166 -183 88 -17 -716 554 -480 507 12 318 -482 41 150 -466 -96 -1430 561 -20 -337 -291 456 44 -447 140 806 869 -1015 152 71 211 -25 37 -62 -231 282 -645 340 -123 315 -318 163 -146 249 -64 -105 58 157 406 -223 -177 194 -830 375 -147 -667 -300 -988 9 86 306 -1114 1 76 1145 -158 845 56 -367 72 391 495 -138 -361 593 714 209 -245 27 235 164 -680 -303 -756 378 143 -298 -113 -524 -291 352 250 751 -26 45 -11 -55 171 30 -145 226 51 -739 -508 732] 4769.75
[39 -81 81 461 25 18 -26 376 282 551 -199 -39 206 -247 142 469 -263 -171 -412 -252 -377 594 276 -231 -67 -222 213 -217 -577 194 96 -680 -80 -651 617 -235 183 -693 410 55 223 332 -372 543 -43 -334 54 -453 -158 -481 -198 -119 297 207 200 307 -145 -335 -8 99 -367 537 -360 31 192 134 -267 191 91 512 -839 -288 -22 -85 56 -442 143 225 -434 92 -357 -92 -242 167 117 293 217 -695 640 15 -173 -86 -47 228 -449 326 442 802 1471 49 -421 -348 175 17 -200 -101 -395 -424 -65 295 779 -114 -285 129 231 155 281 -569 232 528 -494] 3970.01
[-87 692 137 344 548 -457 570 412 178 1047 -755 -418 -196 -161 326 -355 -263 -259 274 98 76 189 -254 -334 249 239 -120 228 -257 -618 -55 -270 -177 442 347 192 207 219 348 243 297 -1029 244 45 -247 327 -669 72 -240 -792 -627 488 -453 67 412 -502 -429 -69 -164 23 588 113 -322 113 -535 42 141 -118 287 383 186 90 -62 -484 346 -21 477 288 -56 307 478 682 -247 74 -117 118 -180 75 -104 -52 63 -146 -216 613 425 -55 304 -374 817 -66 287 -147 -50 -202 -572 -632 -206 69 -259 -667 -98 599 -272 53 270 -514 -176 440 -452 11 -148] 4058.1
[-20 125 -45 140 -616 546 -490 -459 110 -601 -265 829 -635 476 -682 416 253 -133 194 451 158 299 -318 -269 -467 -220 -166 -217 147 335 -29 95 844 -606 127 -694 189 87 -87 -247 825 522 -195 391 306 -651 188 -338 287 -365 163 -32 219 -23 -415 -454 210 -202 -323 -214 -85 382 -295 -24 231 831 270 -552 135 -97 201 398 -358 952 -118 337 405 -527 -507 232 -25 -550 553 -337 371 326 19 140 -435 165 10 179 -165 -287 197 -414 -94 1234 -399 85 14 -710 168 219 360 266 10 357 -188 184 180 -19 -589 787 -42 480 -4 139 292 753 64] 4325.05
[-22 177 -205 559 481 6 96 -948 265 100 -278 -426 85 445 -325 63 325 -967 421 413 219 791 -452 -260 -370 -1166 -411 -166 93 -478 -74 739 34 -24 -627 501 228 -354 -635 600 -15 -247 45 415 114 -14 153 362 110 46 68 -46 -593 -289 -260 33 407 -349 -259 12 402 168 -397 145 346 34 449 421 309 -65 -549 624 -277 191 -73 -432 99 21 -592 -333 231 269 -145 -334 419 474 -236 -110 -446 -27 44 -330 557 274 7 404 -184 33 449 721 42 -485 -267 -519 42 -466 -851 370 210 235 -449 -237 -353 -849 -378 1005 50 505 667 -243 -301] 4416.62
[-470 21 515 111 -80 332 375 -36 -201 156 -352 -21 142 -36 253 685 496 83 524 -143 753 -282 465 276 -110 541 228 840 382 -512 -335 511 656 -443 737 -872 219 235 252 -132 -47 -427 143 363 -33 535 -67 30 -349 122 -1101 -367 -66 -70 -48 -370 -142 348 141 -472 310 521 -312 265 219 921 -584 -76 -4 -641 -747 550 36 -194 397 95 383 263 259 -336 -602 496 155 18 -38 102 498 79 465 -356 108 -331 167 253 449 -725 -137 139 -224 289 306 12 983 372 430 85 137 -686 -590 -41 -774 486 -653 -102 -270 510 153 67 -604 -81 126] 4454.93
[335 57 297 423 40 -552 -151 -220 617 385 -148 -307 31 -375 59 199 -41 -485 106 116 -14 333 88 225 659 -1121 -37 -360 219 293 72 -442 -569 -17 -392 613 -553 -730 -349 468 -417 -247 140 403 43 -10 -150 411 9 251 133 108 -47 -314 226 755 64 279 -68 149 261 83 76 149 -454 -1029 289 327 -173 155 -482 -447 491 4 -814 -291 -1146 372 375 33 300 -473 -326 131 -234 87 -44 -637 236 26 181 438 417 61 15 132 -459 -433 63 302 -540 574 -117 -532 518 145 187 286 -378 138 277 -584 540 -340 -126 -152 837 -367 266 355 -317] 4210.57
[317 -396 252 64 188 -763 -100 318 -161 -212 -96 277 253 3 -102 -335 100 -97 -324 -699 -389 -167 -191 -147 -263 422 -1007 465 -95 -263 -183 510 421 -510 -870 -265 460 -207 -74 -25 -139 -1217 -146 -30 -406 -975 452 -53 50 -540 -104 -659 -130 130 620 795 -105 -800 -11 977 174 61 -676 395 247 -651 -237 168 -103 -265 193 256 -86 -422 11 185 -65 1049 -373 461 205 -45 -190 87 -272 -325 457 -262 307 136 -86 197 -306 -562 -200 -524 1058 381 -382 63 261 -10 -510 -358 167 -184 -157 -716 -221 -22 51 200 -2 -217 384 112 -272 117 -416 -352 124] 4419.8
[169 366 -1181 431 207 -23 13 -185 -238 -777 -50 185 511 -513 318 -565 177 1007 298 -464 -553 408 -350 -127 18 -10 410 -682 -592 11 318 116 -730 -333 282 -725 -69 1062 -61 270 685 183 -312 -25 -174 794 -792 802 691 -631 -55 233 92 -351 -651 279 -604 347 -286 -959 -230 370 26 -46 -754 9 180 -398 -19 -182 -49 655 -20 121 100 -295 550 -101 349 1002 134 -368 -625 -258 -94 578 341 -122 -340 158 178 378 -250 66 282 494 204 188 154 -244 -22 57 164 703 -522 -299 223 -267 30 68 562 -778 -112 616 24 -294 -798 -290 109 -37 895] 4840.58
[120 869 -35 230 230 45 948 13 222 145 -141 -591 -337 155 163 158 -788 -163 41 159 -169 366 104 422 -429 -282 450 29 -41 -600 154 512 831 -8 -41 50 211 251 534 -100 250 -851 -220 392 -804 247 -172 -46 47 -405 -461 43 251 -47 -518 -488 -277 -341 33 -469 164 602 161 -219 -999 479 -128 69 3 -136 175 742 7 374 504 -70 -473 957 -86 -160 88 541 -624 -41 277 -294 -193 -234 -548 92 -17 512 -663 428 559 14 -390 -314 291 572 391 -28 -355 115 -397 -344 72 357 -206 194 -280 41 -429 530 -546 129 7 26 264 399 -908] 4293.28
[-65 -395 -640 347 -37 414 392 -347 -320 22 142 -145 -542 -210 -125 197 81 -688 737 -191 -206 606 -477 249 209 346 441 -94 -102 85 -402 -152 102 672 406 -356 759 87 -870 -656 -534 142 36 85 880 188 -243 -379 -240 39 -776 648 -562 -632 -3 -806 -143 304 -781 -60 193 94 116 -45 -516 -221 -178 -511 39 495 14 312 403 -436 -749 -167 574 -509 452 202 -473 559 214 -90 37 -466 -99 -99 -272 168 -499 -418 569 -108 188 -51 324 -357 315 192 -368 -258 75 -238 111 135 -423 404 52 -1116 -260 355 118 523 153 -212 -621 408 -35 -80 554] 4382.97
[-863 187 417 177 -26 -545 -209 -647 387 -172 -274 -438 -563 -108 -117 313 -110 -351 -45 185 -2 733 -217 46 -181 -572 -213 -76 486 -1043 -430 164 648 142 330 -370 -134 -203 44 687 317 -647 -428 -124 395 -101 -392 392 393 -456 -453 163 -767 564 -167 395 -675 -13 267 -319 810 578 -383 -172 -102 184 154 -561 -5 -36 -427 127 -434 626 -98 -536 186 -438 -72 153 421 650 496 -123 -211 -396 434 -423 25 -137 296 40 3 158 200 581 -107 499 239 600 720 -375 179 15 -72 -376 449 -157 -223 -362 595 -403 -183 41 699 797 186 375 48 15 309] 4330.45
[398 173 -1026 83 -337 22 441 88 -182 -325 114 -754 972 1012 -67 231 626 36 251 -382 179 129 311 -232 76 -212 -16 -158 -517 753 -69 -106 -534 732 301 -217 -397 -61 -159 -322 -874 434 154 -588 82 212 280 12 243 -230 111 208 255 -533 -583 -372 113 -196 -368 222 -172 -424 229 174 491 -179 -83 614 -529 -57 232 -96 453 -651 -893 -219 231 -142 -618 92 -344 226 154 -284 461 -89 159 145 -267 -23 303 -389 -230 329 -64 482 6 -322 81 -477 -358 -189 -498 579 432 -402 -23 269 199 -169 -587 35 104 163 -498 -55 335 -360 -427 -769 162] 4208
[-195 -508 325 -147 408 -250 669 -736 -239 437 193 -589 -876 -361 -125 -574 650 -12 -130 -392 323 -72 141 -7 115 315 -352 23 322 197 807 -247 -69 688 -100 433 -145 -115 -787 947 327 -435 -386 -274 755 943 29 323 85 -86 -1101 -470 150 -49 107 151 -83 -159 -149 -366 574 -73 -262 665 -141 -180 32 246 203 -295 750 -210 -265 283 -212 -299 -84 593 424 402 -427 247 -568 45 109 -597 -760 -339 422 389 -667 -543 -625 600 -183 118 96 417 -268 300 -348 452 -673 247 661 177 311 503 -528 -847 -155 282 142 -396 -308 -601 223 143 123 -272 -86] 4627.48
[-621 361 159 -470 -762 256 702 -614 85 -170 393 -77 -214 -220 -197 -658 247 129 178 -90 -481 651 -63 31 277 -521 -440 476 268 -327 73 122 90 440 -241 -457 -460 -175 1109 -1065 -250 87 -984 -151 806 244 -605 110 269 -86 -7 450 -772 322 -41 -142 108 664 -273 -75 38 -412 211 53 333 316 492 -394 -485 -28 -32 204 -71 299 253 -646 -187 411 192 590 1129 32 164 -233 222 -782 708 597 514 -763 763 463 176 312 62 213 -819 -644 -456 125 -172 162 228 -99 -14 -198 751 410 216 -309 -80 -1029 -270 568 -576 198 -358 -68 633 234 533] 4853.38
[-42 246 260 322 -646 150 -323 -98 189 -547 -24 -75 -568 339 -369 201 841 239 262 -628 -196 358 602 386 -137 -510 -432 -26 -110 -30 -78 -338 486 208 98 -819 -42 -131 -59 -1019 -670 68 -563 -518 61 -392 -79 675 -32 -216 -371 -213 359 290 -313 342 -810 527 -909 172 -249 936 114 -202 -100 170 -339 64 -109 -264 156 329 126 -65 -54 -114 -153 397 182 895 672 82 481 90 528 -629 1023 -400 21 -512 42 397 101 241 -195 260 -16 126 114 126 -212 -301 2 92 -26 -723 -149 -368 -448 88 76 -357 -96 741 -396 -171 -37 -530 -6 137 114] 4270.16
[-12 82 285 279 -347 -665 -931 180 78 -180 -422 428 -123 -47 126 -248 -131 -116 -289 -281 207 348 -6 68 -359 721 -711 683 -57 285 10 474 794 -32 262 -84 816 134 -40 352 317 -862 -354 41 208 -390 739 -332 220 -725 -659 -244 -256 588 828 -116 -397 228 -76 -120 174 -566 205 -763 27 249 -528 -38 -151 -285 582 -242 -483 -32 647 324 372 337 -287 178 325 612 389 516 -313 -716 -184 -431 -49 234 -605 90 -277 308 352 349 287 31 -274 -74 666 -203 136 301 128 104 175 -554 266 -308 -147 159 -353 -109 512 -255 -393 255 128 511 484] 4267.32
[-349 -614 -637 -285 -173 248 315 -237 38 67 726 175 190 616 -219 -120 376 -191 325 -464 724 -187 494 -146 -318 181 716 94 550 580 840 -174 -158 502 14 391 -823 709 -55 -99 329 136 -241 -32 652 343 14 538 68 -174 -479 125 -370 -567 -588 87 -282 -465 -399 -564 444 -340 93 395 -266 -117 -334 -631 -985 -722 305 -219 449 830 -163 -305 512 -829 -454 -75 -424 -502 -1 137 -127 5 -886 1176 -232 -535 770 56 -393 -87 267 -796 -870 -150 -513 -478 542 -18 325 917 440 408 476 -193 253 528 -316 493 -768 281 -160 -79 1007 -843 -842 430 197] 5160
[-500 96 133 3 673 538 438 -665 601 425 -75 -335 -194 -45 415 420 -4 -350 498 164 -327 67 -694 432 511 -72 657 -195 260 -234 42 -312 -97 19 -307 422 -621 315 -25 594 -51 -230 -195 -398 -463 237 -537 889 -135 643 507 278 617 -217 37 69 -537 -340 1000 3 561 -52 322 -99 -438 -400 126 -487 -283 313 -1007 -140 56 -1 70 -677 -942 13 -200 -440 -58 -208 -475 17 132 651 -264 837 43 -337 898 -441 342 3 94 -204 -372 228 -377 -526 133 69 471 291 -492 70 414 104 -106 196 -415 251 -197 383 -186 -33 18 -726 -355 -135 -135] 4396.29
[-324 -215 392 -265 181 -570 -131 72 -378 248 -34 176 62 144 -322 -245 -8 -273 -210 651 -382 -291 154 298 -38 5 -283 -167 -364 17 -489 137 -412 371 254 659 41 -116 -962 1551 732 -109 1037 98 -38 367 733 102 -129 288 183 -142 394 471 121 521 -473 403 344 14 38 -333 423 -30 248 202 236 547 688 27 -739 -550 -801 62 276 -161 245 -657 276 -125 175 412 -217 205 -137 452 -629 -664 -102 136 -120 110 356 -184 -194 521 700 262 150 139 735 -82 -225 -163 -235 378 -341 -105 219 269 -119 37 110 -921 471 -4 -110 120 -61 -276 -430] 4323.45
[139 449 -163 -292 -115 -494 365 26 -371 403 -51 71 727 -843 -357 437 -351 -90 302 113 -31 827 -577 645 269 365 -73 1215 -245 152 -385 31 -20 406 244 -428 -332 364 183 -150 311 -577 -677 677 331 -177 -591 386 64 412 -295 313 -141 119 519 -279 -233 150 -229 225 141 -108 209 -230 -1019 -365 -201 -262 -40 -243 -423 280 -180 483 617 -137 -355 325 -4 128 792 312 -85 244 -597 -87 -907 -211 469 -153 -21 -323 -130 11 34 2 -264 -40 224 68 787 430 371 -600 -294 -324 -46 -140 335 -431 -424 72 -573 276 246 205 -850 -64 -16 349 282] 4286.95
[440 120 79 14 -256 228 141 361 91 19 -105 278 209 273 -369 176 -262 -162 -399 149 -436 -916 -195 -952 167 824 -21 -441 -379 -8 195 -437 -314 -333 -113 489 -641 -848 552 259 -371 7 213 -386 -116 -197 493 -163 -336 -306 -246 -337 -223 397 642 892 -214 804 -444 742 262 -217 -206 -76 -118 -909 -205 308 481 -529 -504 -263 -457 -324 -489 -360 -500 21 297 396 -371 -99 -548 29 -452 447 -139 -479 -114 331 225 256 -207 -405 -288 -545 776 -503 162 125 -594 490 130 449 -83 -218 -540 -467 -738 -69 509 311 -76 -1111 166 21 -683 -33 374 -203 -620] 4560.8
[-273 -183 860 -32 371 389 280 -626 136 151 104 -531 -865 -666 70 342 83 328 -453 -694 -483 -110 164 378 -158 -927 -130 540 785 -832 531 -695 628 322 -166 36 -90 -148 -152 -172 -514 504 3 -752 85 343 -157 -404 99 202 50 -192 42 384 -375 40 -402 -590 253 -454 -328 335 -68 7 69 442 31 597 -395 342 -411 92 414 74 375 -253 -229 -4 -695 -689 297 290 226 212 497 -30 -124 107 -58 -783 227 -466 -620 493 -504 348 -167 453 72 -262 446 -42 -608 -332 -327 -596 201 511 -44 -48 495 431 138 -219 336 -258 437 -68 -274 -694 -1086] 4508.31
[-13 -204 -22 618 -14 566 -372 781 -202 525 -138 778 691 -233 58 457 -584 288 768 -31 918 221 64 -299 -167 593 -423 -242 -675 67 476 406 -385 112 155 232 179 -610 -673 168 232 -381 903 298 -704 49 -272 -460 -405 272 -723 307 -107 -369 354 -399 832 809 -1018 -287 321 -182 -323 31 70 59 -190 -107 -655 150 70 -808 194 114 111 -305 611 264 690 -81 320 151 -122 52 418 13 526 209 -313 -288 -14 304 951 82 300 -987 93 -271 7 217 -24 -328 419 706 -14 544 -938 -387 308 101 -385 596 -357 -667 -540 -704 369 647 -52 174 -199] 4859.75
[514 -46 518 689 -715 -46 212 499 60 114 -270 -61 1136 -178 -455 -298 81 -891 -199 52 -407 674 201 259 -177 -252 -559 515 -928 655 -145 258 69 -161 538 -363 409 -620 17 -551 -89 90 50 314 140 153 -826 -420 160 -8 -202 352 -103 204 993 381 506 384 -219 791 -115 74 -241 -961 -4 -82 -447 -366 367 64 -833 439 719 947 515 -167 -188 221 -309 56 -226 -81 -271 -384 -162 -292 532 -515 244 -642 -131 241 575 -176 54 98 -99 353 775 430 85 -357 194 -676 195 94 321 -719 341 542 303 -727 -58 -36 244 -101 148 -242 395 201 -608] 4691.29
[372 815 131 268 276 -489 1034 17 -312 258 -282 -636 -269 164 -69 -1015 162 180 706 -22 -413 -31 -152 -100 -304 306 -1056 115 -274 200 -65 -327 1038 810 588 58 -96 -55 -680 -725 151 -41 460 130 -139 -259 -1118 358 -614 635 210 309 549 -431 -765 -834 -180 1195 -862 269 -331 -394 530 -198 -240 139 247 -214 820 -97 39 146 -54 -529 -487 489 -68 671 -156 111 274 1045 -601 316 65 -460 483 27 464 -667 -566 -27 168 657 39 47 -372 -487 600 -163 -69 -575 12 49 -57 -225 -91 624 -119 -1093 -173 -245 -288 534 468 -536 -351 -149 826 -320 -43] 5198.92
[55 -144 -196 -127 146 139 277 383 -213 368 -1034 -389 468 -375 -910 -7 366 97 -185 -228 144 -437 67 38 -385 -273 -652 296 -844 41 -650 -506 288 -196 13 224 608 249 41 -8 443 770 74 -369 -488 -243 -376 439 -74 -233 -49 317 -466 -53 212 724 364 597 -618 37 -322 180 251 -233 -333 498 775 136 612 937 -467 110 -206 -541 100 74 226 154 -400 -29 -604 68 -646 -87 -36 -98 133 -118 -525 507 -832 370 -470 755 44 44 352 394 662 263 293 -618 215 -334 363 -454 -201 -140 -212 -396 -204 368 -263 -12 567 250 -14 -711 383 748 81] 4433.07
[-725 -70 -488 103 485 -128 640 -765 -298 -430 160 -86 -429 280 103 -255 553 185 596 350 78 -821 280 -755 -494 -336 43 -156 -358 -401 -59 -85 710 268 -21 402 -699 889 273 -218 -480 -211 -366 -126 -793 238 137 1 257 413 12 -530 -270 -117 -314 -644 70 275 808 -677 -316 400 277 -468 780 252 118 65 -130 26 -177 209 25 487 -76 141 681 536 173 -333 -175 -934 -1203 -230 868 674 -409 71 -587 103 -76 2 -335 193 -407 -616 -416 -358 -752 -579 414 44 -97 -372 530 333 57 653 -287 -247 -327 536 -251 -244 66 139 -100 239 -462 -993 -326] 4776.01
[-480 718 55 753 1176 -526 -183 -387 405 -207 -530 328 -347 409 138 505 -241 -514 -110 206 809 -419 117 -649 39 637 -509 394 -222 91 707 -292 170 118 216 693 344 783 -294 474 173 -440 -60 -207 -1042 -121 230 -625 -298 156 -548 97 -484 390 476 -476 -866 414 -213 -218 -108 120 -594 14 -1039 353 -1427 125 16 1042 351 527 39 74 183 133 48 1009 -309 64 631 -468 -269 1003 -168 490 -311 -544 -191 -693 -437 99 785 -1105 -196 -425 -638 -403 -619 -931 738 846 -581 -454 -413 554 -850 182 -15 63 672 295 -494 -249 -55 -197 -678 484 -268 -136 -320] 5584.73
[-3 -395 134 876 -590 352 437 -6 -172 -599 -648 -183 -580 -539 134 69 -171 -171 -47 108 -1070 -75 558 588 -67 -253 123 249 4 179 -850 -68 54 -557 -861 -90 177 947 -185 338 -529 -355 -491 -142 -442 -242 99 363 609 -128 117 46 296 147 -329 699 16 355 -52 -45 -807 845 542 -854 -178 -483 378 161 -466 27 -17 1224 -172 -711 -20 -439 -931 610 17 298 -533 1351 14 -486 -68 -918 -325 -95 -504 -244 -583 253 998 -334 294 357 469 181 -670 156 -135 412 -955 -667 156 684 -32 244 -1170 576 -259 -175 0 -1057 194 -7 -485 -430 1085 -208 -632] 5484.59
[76 -457 -502 -215 -314 165 180 -34 289 14 -158 202 -430 -831 71 387 -472 -212 -74 -358 -821 -799 253 298 -580 -231 640 404 460 -113 474 -380 -917 -692 -700 669 124 -91 529 -7 -909 -449 -544 239 353 -582 -834 -2 8 -955 -452 404 -1057 23 -616 792 -636 181 -224 1246 736 -270 54 326 69 -727 -256 -552 546 61 245 823 725 -851 -253 468 -195 -450 -118 24 -385 -107 431 550 -338 151 201 -246 34 -16 -636 -221 98 -857 238 405 627 -458 466 310 157 -335 549 26 -461 -161 -629 -129 -286 563 337 -508 538 -239 -380 97 -1259 -348 426 -320 -476] 5298.34
[649 518 -391 172 -537 -189 716 402 -735 400 -90 543 616 379 64 -599 270 -64 503 -241 -719 -355 666 -968 -152 -307 -342 -335 128 534 -4 211 -948 -8 326 -355 -273 794 171 270 339 -616 16 631 -349 -509 498 537 -425 -1027 -317 -235 717 -649 -256 70 546 -309 91 57 153 482 347 476 352 5 688 -44 -349 -259 525 12 130 -266 508 51 717 -86 -481 501 -58 -123 -459 -474 154 170 -340 158 430 339 -212 951 537 160 48 -1278 57 161 -71 -326 323 506 -885 201 649 452 -433 94 -228 1053 333 399 -683 -200 -849 -139 214 -910 -664 198 -845] 5212.51
[-189 -595 -2 380 634 257 952 -242 1007 302 527 -380 -664 32 -525 -82 24 -281 -7 7 -222 108 232 494 -356 -40 838 125 282 -261 -24 327 1159 -413 492 261 459 -76 -595 -568 44 626 -366 -16 794 402 -101 189 -109 875 46 -27 109 463 -768 556 -176 -99 -140 424 -255 619 114 -434 -44 -409 -505 -285 412 -264 -690 209 177 805 329 -157 -298 7 -583 -1397 -763 948 -791 -442 173 42 -639 299 354 -446 -46 -395 -261 -439 340 -95 -78 246 821 -362 -52 -185 -498 214 -281 107 -94 305 -93 65 207 73 -91 -251 163 580 515 -825 895 11 -808] 5008.31
[-333 988 344 -125 -344 -475 495 81 96 5 290 -1042 276 327 74 83 264 111 -19 -206 746 64 134 -354 265 -582 -514 345 -1083 -124 315 -51 -464 -517 61 -689 -564 -255 852 512 690 373 529 199 -1001 -67 -250 663 605 -799 -360 478 16 56 50 36 -333 -467 356 378 -537 -40 -860 735 180 386 13 351 -364 813 -298 -363 -539 -185 -726 -261 746 300 410 760 278 -819 -104 9 269 420 734 411 331 250 114 40 -134 -104 406 212 -329 149 -299 127 -97 -407 -354 -630 305 134 848 -842 927 -325 -733 -658 -86 989 -196 142 -522 128 -214 -387 869] 5184.43
[240 -164 420 45 226 -252 344 -768 431 660 599 -328 -24 -443 -230 740 -67 -294 -317 -252 696 454 -192 3 -96 652 -383 679 412 -49 634 134 566 -153 462 65 245 -516 7 992 91 538 449 -229 605 293 625 231 244 -309 -800 -65 -517 245 298 333 721 292 -127 -73 -257 57 23 221 -116 -132 819 717 -959 -109 -306 -496 -630 -79 -78 -708 -502 48 -520 -767 -417 633 539 -497 -249 -521 -674 548 291 -148 278 -490 288 116 365 -45 -349 131 -30 176 -298 442 -516 811 359 76 -752 -244 80 -635 -130 507 -179 -1575 440 209 125 324 620 -430 -48] 4960.71
[375 222 -376 164 -24 9 -399 -803 -458 -124 176 133 -181 526 -697 54 184 -520 -501 -248 -700 -237 182 -622 -425 -376 203 -706 -373 621 68 -319 702 821 -189 415 -653 -176 353 -354 -339 -225 -26 730 509 -283 242 -1034 -415 -445 371 -179 200 100 -593 287 -473 -84 396 -28 -23 -635 763 -26 952 58 -1385 324 -173 -504 80 -1072 182 431 -265 -318 -164 165 451 548 -181 -304 -509 424 966 216 -540 -378 -910 36 -249 114 -13 -213 -452 445 146 50 -122 -740 653 657 -668 143 236 729 -210 1188 496 1074 427 -500 -141 -444 -338 -755 443 106 -336 -58 -1365] 5429.76
[179 -228 640 791 558 143 -11 -281 329 -319 248 -332 -57 -595 132 -769 -153 978 10 -425 -275 -586 -121 -850 513 604 -189 -140 -190 -444 633 -507 806 -753 819 174 -313 -251 -612 -20 364 852 255 -603 319 -281 -241 -319 146 107 -505 386 -358 923 -182 -572 217 103 -23 110 -57 -428 -178 -339 992 361 -682 292 121 516 114 -553 341 -278 353 365 252 -496 24 72 -177 493 -214 506 -16 189 156 112 828 103 -715 -727 72 432 442 -407 -399 16 253 -740 -536 -670 -456 462 -435 503 120 225 521 -766 1151 -624 613 -624 594 52 -478 17 930 -1007 -665] 5261.05
[-143 405 -375 337 -868 -759 -206 122 -40 489 -428 140 512 342 92 -303 556 605 593 274 523 -26 252 506 -237 69 -128 220 1043 -18 -42 869 -73 289 431 -652 13 -130 85 -134 -201 -562 122 223 716 679 -357 78 309 -389 -234 -166 -106 437 -526 311 337 606 67 -84 1358 286 464 -306 617 262 441 -118 -144 -271 554 -726 89 806 267 160 508 232 -543 -454 470 124 761 -339 291 -542 816 -98 337 -301 751 87 -271 167 411 -513 -66 -202 -545 -394 713 -17 342 1344 -10 -534 -45 -158 -105 -1 -530 -271 222 -201 -225 -329 534 151 -894 -408 695] 4937.17
[-314 -98 -380 -847 398 -23 113 -72 -121 170 708 428 277 82 324 -275 -190 -108 3 267 185 -498 273 -183 -746 -514 386 -346 316 656 -52 455 -923 -212 -232 786 503 766 -152 530 154 -185 592 -139 -260 633 -92 461 143 -4 802 901 -183 -210 -1135 432 232 9 644 -526 -563 -277 164 899 773 -8 124 -22 79 -325 1165 -261 815 803 -509 366 1520 -802 714 29 -799 556 -182 -522 104 -117 -433 652 -134 65 394 487 1170 -488 216 130 275 -99 -594 205 288 -183 -510 225 443 875 260 -231 371 305 31 -480 436 -409 -917 -109 404 -423 -107 -370 147] 5364.31
[330 -5 -64 469 452 -190 337 358 -258 58 162 -355 119 -321 920 -670 -491 -36 258 507 -140 -222 -1 66 -6 -503 -528 -248 674 -781 953 734 86 -353 -73 202 496 -582 -236 -359 -70 -154 461 202 -411 417 -7 52 -125 -86 -146 224 -615 288 -625 -7 718 500 189 -1047 489 325 -50 -207 687 -173 343 -149 260 178 379 -63 656 -386 -147 568 -156 127 130 229 563 225 -137 -312 135 -366 534 251 502 -302 39 608 -107 280 87 239 183 -1050 172 242 -141 -146 3 -238 -473 -387 232 -764 231 187 275 -132 462 -293 -5 -811 -293 1073 137 -518 -344] 4459.99
[-658 701 608 -271 0 -152 -268 -265 252 409 435 -845 -943 126 -19 238 -347 97 -699 13 330 -247 54 108 559 262 509 -400 533 -157 235 -762 734 -586 -13 109 -85 -529 459 -700 -24 291 -127 -26 -551 -723 58 -294 79 -827 -150 -347 426 464 -570 -308 -209 -663 349 -436 33 558 -262 569 -183 821 -257 546 -787 -217 -286 452 -331 -24 -342 24 -1104 357 -541 -193 -423 -201 198 651 -94 -385 731 402 729 -432 895 70 -196 -127 62 -740 -261 457 241 569 -752 -463 -157 458 -716 -157 44 -331 -902 -74 288 224 29 190 196 295 1166 375 -140 292 -521] 5013.27
[614 238 -248 265 -179 1292 -406 -91 30 -306 131 807 -22 -96 -578 146 -277 -205 -391 -156 -158 609 -10 379 -225 810 114 -269 -1098 982 320 -27 406 354 176 -253 657 187 255 -625 -333 763 -407 -211 -175 -143 -389 -1179 -458 -709 120 -317 440 -498 1117 -827 -33 15 -454 318 -406 -387 615 -458 -698 -12 114 65 -466 275 62 -732 -73 486 253 271 575 -492 -199 207 -262 -538 -174 121 51 -403 493 202 -867 241 -294 81 171 411 -309 -171 803 1217 -389 127 -52 -269 482 -41 -165 412 -453 876 -34 118 34 263 -537 1355 -288 -1264 -283 26 -191 65 -129] 5285.12
[-524 703 -410 -1046 -65 132 113 312 275 309 -292 -364 230 228 -723 836 322 -239 -704 -216 170 -473 34 -95 636 302 -29 1233 -418 94 -1481 253 -469 -75 47 -325 199 671 142 416 358 -468 94 1 308 729 116 391 -392 -239 -1 392 220 1102 -79 138 -441 337 -217 664 778 -476 126 -18 -176 -462 170 134 82 575 -282 -392 -643 -216 -256 -12 59 276 155 -80 43 1276 405 -185 36 -544 106 158 355 -97 -32 227 -621 -12 101 -202 950 -327 -29 50 -165 144 -184 -100 514 -1171 447 602 102 26 -687 28 -114 48 548 362 -61 716 -317 891 202] 4973.13
[-314 158 -900 -112 301 -906 261 -506 -610 -326 5 1044 467 24 -527 -423 27 306 202 -189 -202 351 14 188 264 150 348 13 -406 -181 -319 -701 273 -1 387 -584 27 500 655 -313 273 186 -978 667 137 85 -550 -291 -206 -283 60 61 -444 98 -934 -393 79 425 -148 -631 -180 -645 -23 222 43 1032 -496 -479 716 -521 -592 -472 -134 -401 -134 440 744 -366 -425 1193 -94 -145 -847 266 104 413 -89 297 -1186 231 311 -494 12 -138 30 6 230 716 361 -219 701 -38 235 -226 131 -132 -559 312 -233 343 561 -62 -341 163 -745 -718 -1579 -165 43 -194 -580] 5140.11
[-619 14 -432 961 -859 -363 519 373 -252 187 -615 -395 -283 -470 635 -157 518 217 150 -374 -98 -475 289 -681 29 868 250 -257 -929 -228 219 -1180 -266 257 1140 370 -754 -662 29 28 -114 9 -316 -284 368 153 -778 -224 -284 -340 -1276 -306 -386 -15 338 367 100 558 21 -412 949 14 -508 -511 -348 23 -509 -380 600 485 -478 -489 -70 -653 303 -372 -920 182 -143 -173 -311 -36 -66 913 168 79 327 -481 135 257 -217 -721 -363 842 -32 -43 -348 291 395 -26 -171 420 563 833 176 490 -275 -479 -230 -319 -208 909 -148 -904 305 -219 341 267 -375 272 -332] 5206.13
[1674 -716 -171 269 208 268 238 341 -401 100 -191 263 -255 -595 -475 92 -947 192 13 -153 -1207 -115 -91 455 -32 868 493 -283 -351 67 -513 415 894 156 -416 -369 -180 -593 -327 -369 -39 -337 185 797 598 -1345 -227 -677 -35 413 -662 -369 335 -104 -722 -117 163 -104 62 897 -149 377 612 -203 788 -480 77 570 -65 -436 226 54 289 -801 24 467 -188 -228 257 13 78 286 352 -27 106 295 -245 -509 -478 -252 -559 46 -530 -233 119 -501 766 492 1058 -619 -171 -320 -37 126 -1058 -108 -417 616 108 75 284 -103 199 -308 657 -608 -701 337 -20 -773 -570] 5298.1
[-356 -900 -956 -335 519 203 -85 -183 -182 191 469 120 -620 251 541 14 244 10 -434 -118 -397 -256 99 222 119 602 687 -546 -420 -58 335 -772 90 1298 -285 -119 162 95 106 -420 -702 758 -401 -581 448 93 -745 -285 -206 -118 242 -127 134 -496 104 -326 -52 -815 400 331 -455 166 -77 140 -45 -30 -706 -668 -807 596 660 153 650 -95 -99 367 323 -246 561 171 -966 -790 82 46 -155 -346 85 519 -393 -690 -483 -359 288 28 -792 -122 -614 -223 316 -293 31 -177 -308 -267 -59 296 -632 337 439 733 535 43 536 241 233 36 197 -201 -521 133 -168] 4743.62
[322 -487 -104 -116 -221 -97 427 2 236 255 -571 -15 781 81 -300 970 -859 -523 44 627 128 -309 -235 288 251 549 -601 536 647 224 -391 717 76 -175 -67 -156 -457 -558 -133 192 -1 108 284 476 623 -453 182 -145 -222 -63 -379 -132 -481 -323 609 91 1243 -423 467 444 342 -467 196 -747 667 -160 200 -370 -1201 59 -473 -749 -554 252 -811 -161 97 -419 -100 -1600 -102 60 285 -78 -594 -309 -74 772 459 -140 -436 -238 778 -518 526 -355 232 -252 -341 -343 724 -563 651 77 -366 694 -247 159 593 -59 -654 -104 -244 -1257 520 512 275 523 304 -441 466] 5276.93
[-403 -508 -247 -247 291 -352 232 138 358 -164 129 530 -1207 394 -481 293 -158 -429 -125 362 -648 -527 170 -772 -774 -104 -1787 378 138 255 330 35 164 -692 -187 404 448 -374 -739 -48 -500 429 -509 635 489 -287 707 -378 -71 -759 -520 -362 -489 -14 -259 1115 -351 326 -50 319 361 422 -505 239 1250 -61 -79 207 110 -398 -418 317 -107 698 -329 666 -78 271 -321 -598 -11 -653 87 -155 -133 26 645 -610 1314 -1170 77 1159 -134 -1011 -527 -408 92 -367 -346 -396 -507 168 227 287 176 789 -283 -500 -239 752 892 -321 -247 -733 240 390 48 1088 -101 390 -503] 5723.87
[303 -349 1120 -279 76 306 437 417 110 92 -364 152 611 -676 176 291 252 -356 267 320 -250 212 680 1205 266 -745 -496 -206 -712 511 -87 94 159 200 -1614 579 -241 -114 544 696 394 -437 -280 367 -165 19 277 575 16 467 -286 -763 -90 -296 272 129 126 -415 671 369 -1103 62 300 281 103 -171 539 290 -280 31 -41 -444 -75 -873 -312 -174 -543 490 -40 768 829 -731 22 503 -169 38 339 -533 -208 -437 -596 408 -183 -84 -81 290 -363 -71 -89 701 571 225 15 -1011 143 674 202 61 -144 -335 -1101 -51 289 -499 -1067 98 676 -827 193 -170 62] 5234.48
[-42 980 202 483 112 495 234 -127 615 -344 -348 105 1021 274 -370 137 119 -88 483 -93 80 181 326 -1493 -580 -551 -139 -725 341 960 -378 -436 -189 -986 652 305 -248 661 922 -376 368 424 -196 61 -683 -383 -200 -157 321 98 537 304 -590 -559 -153 258 57 614 6 72 -257 412 203 55 805 442 -181 -261 -182 144 -267 -206 108 -123 -680 -218 -251 222 -13 740 229 -1019 -899 -414 -26 82 540 -203 -146 506 -61 822 200 -444 461 204 -570 115 -381 -256 -199 148 193 1045 1059 163 419 -103 -734 -562 -80 -679 -862 45 -621 373 97 -973 557 46 265] 5271.91
[-746 808 -33 300 -574 -290 -204 29 629 275 -60 117 -584 311 -565 313 656 -119 -80 347 -19 -113 303 -482 -149 468 -375 368 367 783 75 91 821 -293 -116 69 755 209 1372 -389 227 -35 -283 -283 -25 -735 521 -477 -308 212 343 -54 76 523 -532 469 156 752 153 870 -170 -784 -6 185 156 199 -1173 -309 97 112 196 497 -467 -316 80 -295 -372 294 -582 419 -183 -478 298 425 454 35 549 -333 207 -399 113 198 35 -394 708 -392 -81 888 -863 241 107 275 -485 -145 299 300 366 -150 -65 108 -714 -263 -498 277 -666 433 -309 242 261 634 -296] 4775.52
[444 -32 377 75 -1044 -68 829 164 -295 -54 -1033 560 421 214 -347 -453 1209 -355 122 152 -241 -500 277 819 25 647 -668 566 -490 211 -783 189 748 -172 -482 -1257 -441 -158 -286 -167 1179 -178 -269 -275 544 -549 4 639 -485 608 -97 -2 777 110 292 287 409 355 -52 -46 760 -291 3 -58 213 -400 110 -297 1053 515 -253 -583 -85 96 275 862 -630 109 124 410 244 52 253 643 -10 -591 377 280 528 349 -541 495 167 449 -409 -148 -211 661 -1008 32 994 -498 351 -518 506 38 630 388 177 208 -707 -565 -154 355 446 -86 45 -567 178 719 441] 5372.79
[398 421 -382 -513 -511 751 -92 145 -308 836 -254 -345 412 -799 -398 231 -727 -301 33 48 676 1069 -1215 697 819 441 729 -233 -223 1072 -657 -13 -1112 34 116 -221 29 128 90 380 -612 -106 -31 428 227 269 -1085 -479 614 -699 397 557 734 -410 169 143 137 196 38 -72 313 713 546 -70 -945 -432 781 387 -786 -67 -507 198 -53 253 -69 15 -1195 399 -68 -489 113 321 247 -282 95 469 -339 -180 -71 -125 -102 -431 407 373 -122 681 397 133 107 -741 -487 370 520 -3 -722 -493 -349 634 -784 393 72 -171 -70 276 293 -816 117 -78 -376 459 -188] 5338.61
[382 28 816 -723 -476 509 -314 682 -564 284 -453 -69 494 -918 -358 -351 152 286 -445 -143 109 -448 -964 65 574 180 -828 651 -762 -133 -231 190 -71 -45 191 625 15 174 115 -365 673 473 1036 -473 -494 -22 180 637 219 381 -250 125 -98 -140 737 463 991 -84 -608 -955 -710 -352 105 -819 11 155 763 132 799 -428 -10 -266 -216 -284 1155 -71 -766 -633 16 -210 369 -30 58 430 481 363 -886 201 350 6 -317 429 -729 192 17 -292 -553 -1019 286 79 -510 660 -663 -132 -9 -277 532 -1005 292 -148 -323 926 -379 -847 273 234 -241 326 504 905 -91] 5451.15
[-236 -383 -610 225 206 -291 -837 310 -34 340 22 338 -177 -418 123 626 -302 230 22 -30 539 -45 -191 955 -568 -535 612 955 462 2 -666 -526 66 -70 358 -259 302 361 -3 68 169 -321 -1112 305 669 573 -25 -92 135 82 539 45 -136 26 193 -272 79 -268 23 94 -354 -584 514 480 -28 162 -342 60 -283 353 -24 -373 208 214 300 -169 486 829 155 -463 -600 297 462 -47 -122 -25 -340 275 -459 535 -249 -648 -228 -144 145 -119 -102 480 -426 -619 155 755 -29 470 904 644 -248 536 -230 381 -76 461 595 -227 139 -184 745 -335 -220 756 669] 4518.05
[679 637 -173 216 -635 -177 198 581 -555 -174 -486 -101 1006 76 1 367 -52 -317 659 670 804 90 805 -833 -664 -469 -360 408 -145 838 -524 -250 -895 347 659 -706 -225 269 -127 -513 -338 138 596 244 -162 48 638 -347 -402 429 375 254 -52 -457 645 -607 988 551 -619 -1077 -937 336 61 -86 -473 -462 186 698 -247 549 -30 -216 -160 -475 -458 291 -137 254 105 -31 629 900 -326 -40 -783 -880 -634 -392 108 712 -186 817 512 558 -305 496 -45 -988 -574 156 72 482 -337 -908 773 -118 -64 -167 -308 -899 -351 688 -805 23 -209 -201 65 -116 123 447 247] 5504.6
[-711 15 -307 68 7 645 372 -72 522 48 190 -63 -607 -191 472 -464 135 37 576 -269 -825 393 501 -486 546 -400 1233 -493 -365 278 207 -173 -298 315 -523 342 618 43 -352 -726 -173 217 -7 -361 -654 573 697 -852 611 835 341 722 101 -410 452 -325 -39 -44 653 -567 549 186 23 135 -361 -188 156 404 199 902 -83 308 550 19 17 310 -100 259 -4 -428 421 -1148 -651 206 1389 -139 645 392 180 475 283 -164 -62 581 -214 261 294 -307 311 461 -198 -196 171 -291 -233 -436 796 443 379 -815 -1290 163 73 933 -542 -451 425 -473 -271 315 225] 5214.06
[657 781 -285 95 -853 182 -24 -123 90 378 -158 -1080 -845 33 375 37 126 791 -395 790 -20 -214 -160 65 968 -630 -473 -204 771 -864 823 138 -759 151 454 -748 -172 -322 167 669 -136 635 -318 -254 153 398 45 -28 -32 -557 280 48 -106 -78 -431 78 341 617 486 -335 566 -1007 247 -59 -76 -251 123 166 -384 -27 61 1067 178 -656 326 416 -684 -688 677 -250 235 -54 550 -364 -176 99 -164 410 996 -134 418 189 325 764 447 426 -808 -55 -775 -95 -579 370 -37 -378 -782 656 541 443 -397 1395 -89 -785 -94 -166 -621 92 348 521 -32 369 -541] 5371.34
[-424 994 354 -68 -268 218 -575 -1147 -76 -56 96 -457 -757 -937 -969 -700 -149 -1022 285 -132 559 336 -584 -649 -548 -1382 302 -556 -184 572 -161 9 115 -70 -330 1327 -33 563 359 48 55 -557 -379 283 131 -481 -806 657 -132 -140 436 99 -413 82 -243 330 -557 720 164 401 96 -150 773 -289 -521 253 -38 -399 177 -185 -376 338 -176 414 266 -838 12 -235 -305 -365 -459 -328 285 396 550 843 21 -444 -1243 -155 -657 426 466 277 594 123 -270 735 -87 120 -85 -117 238 -378 -163 92 143 641 -216 201 453 -387 -244 270 -157 239 179 -62 205 259 -348] 5192.85
[-42 618 -588 81 878 -348 -846 -109 -9 -60 447 488 -532 347 -92 1459 -425 622 162 0 -229 -373 -392 -112 165 152 76 411 847 -367 651 -373 -515 111 -591 124 368 88 -127 132 -203 -710 -310 -238 -552 -672 1015 -34 -265 -43 -241 -364 300 455 -321 -422 -682 -579 -256 393 212 -109 -278 300 311 -8 -989 177 -817 -424 543 70 283 -148 -424 419 309 273 115 7 35 541 169 271 -251 179 -651 186 387 205 168 -799 -516 -601 283 -183 533 -345 98 -557 -441 -305 -76 422 -494 -371 -1225 -260 -252 339 -684 620 -159 14 -87 -136 -887 1055 29 -448 -66] 5009.4
[-203 286 -95 -190 36 217 447 -55 -86 975 -149 478 -849 -222 -641 232 310 318 -135 -20 -81 554 -79 -25 -342 385 557 333 -675 -403 -661 -737 852 612 262 -395 325 -195 724 -570 247 -369 -113 254 1088 -85 -519 -823 -641 -439 32 280 -644 484 -676 -691 -689 -26 -1342 852 -96 113 -378 760 312 -163 -343 172 585 150 -288 -79 131 -436 0 218 478 104 360 859 -436 177 -89 472 828 348 -94 -643 -267 -186 -343 -464 -355 391 -421 3 44 444 1208 -534 105 -87 -432 103 144 -313 -1184 761 -554 -283 -158 -324 102 388 -70 -212 -319 -276 15 599 -748] 5212.54
[-679 750 -258 -637 -689 -75 912 -133 328 200 297 -592 -567 1109 -561 -82 135 -1589 55 690 879 -742 131 -14 -487 -415 424 -215 762 266 -254 -20 580 127 268 461 223 -91 542 -626 -93 6 -411 292 319 455 -461 277 -908 497 -252 88 255 288 -580 -201 -11 760 663 89 716 -466 314 -336 -131 -327 -101 -873 453 -437 -708 -548 -399 35 -595 118 -487 518 -198 -503 -499 569 -389 -304 383 -333 959 896 -423 -736 -289 440 -587 -448 -172 -582 -256 -863 104 718 -84 77 -437 358 556 -916 431 428 395 -23 -250 619 186 602 59 -208 343 406 -123 544 -429] 5478.35
[283 1098 339 77 560 641 -184 181 200 -58 -1029 341 -241 -197 -256 666 -371 262 -146 -173 -439 -107 110 -193 490 -613 138 -125 -681 -795 -208 233 -197 -3 -687 -578 -91 -102 164 1118 829 -543 191 528 -395 747 -451 -296 68 -314 -227 -597 -171 303 212 302 -746 307 -587 30 594 444 -229 405 -1508 -270 -317 539 273 428 -480 -339 110 -167 -862 355 372 592 -22 76 349 -1 -834 618 26 572 99 -709 -794 511 -481 482 -914 -452 191 -401 173 342 190 348 433 80 -75 -512 -10 112 -530 976 -1052 619 364 -198 -286 -302 -482 119 168 -270 336 362 -625] 5249.43
[615 -122 -124 157 -424 619 -669 1142 389 535 -437 176 -265 651 27 -179 -15 197 -593 128 -367 -126 413 163 1173 -319 526 -598 16 331 -15 -940 -584 -78 466 127 -771 -295 -30 891 -214 1535 151 -491 573 444 -104 -189 417 -1302 -208 348 670 168 432 292 -653 -299 -209 244 7 -168 335 -231 -505 316 46 365 -443 -67 -297 -985 15 -158 -527 545 209 -1239 20 692 119 -435 -178 291 -653 920 -509 161 -261 54 467 139 -364 424 -255 -249 311 374 380 -165 -595 -2 46 -34 223 66 338 -146 -429 1102 722 17 -65 270 -194 -1005 142 -1032 -824 896 -945] 5583.64
[528 -296 -26 223 671 -429 219 -592 207 -384 -290 524 -173 61 -1165 524 -64 -196 379 101 -275 -319 312 -11 -47 -566 -697 -28 120 -699 -26 -437 325 -512 -155 51 497 -417 -1024 -785 76 22 25 561 97 419 44 -216 -66 406 -197 70 -491 -351 -223 345 -551 -42 -450 513 -377 -405 -665 22 -398 -314 -1007 232 -30 -187 -945 968 686 -414 -580 366 103 187 452 -373 182 -34 -609 -276 -195 -395 460 111 413 -816 212 255 307 -1030 100 -451 862 168 362 279 -56 -1224 -275 -537 -833 621 -618 428 324 -298 365 -151 154 -33 -166 468 350 8 283 -77 -606] 4953.14
[-915 682 899 -309 325 -416 -56 -190 75 -235 214 -186 104 638 -230 -425 -218 -754 199 138 819 -620 302 -268 180 41 199 -114 506 876 -561 -376 -740 72 -591 133 -269 298 -413 -325 -273 -474 408 462 -899 -540 300 -858 -328 -45 87 -188 -47 -101 107 -493 -436 -158 296 513 279 131 -208 489 8 956 -365 171 -537 208 -48 -455 -412 -363 -293 166 -510 566 -571 175 707 -1002 -45 523 -166 -31 393 648 -550 161 529 612 705 -470 314 -765 -531 41 -740 -195 440 472 104 -130 563 128 29 509 378 -237 -586 621 -418 386 -917 -306 569 -330 -1027 -73 -317] 5052.03
[-663 -144 655 -898 -158 606 -359 -221 273 -115 659 -217 -999 316 -564 -203 268 -931 -192 212 217 -199 -642 -64 -367 48 199 223 1225 -217 -363 726 794 -231 375 -117 662 -367 645 108 6 -88 -377 450 1142 -76 -94 -478 -604 -176 359 -364 -179 722 56 -518 129 159 666 445 494 -483 399 194 970 778 -125 -396 487 -450 -1 -356 -173 426 -325 -158 962 -541 -439 16 -744 82 201 -506 208 -175 -285 838 213 127 266 -265 -39 -285 562 -770 319 778 -1064 -57 299 -448 -19 781 523 176 487 -117 -6 -323 -11 99 -235 536 153 459 -601 188 124 -219 -170] 5123.5
[-391 37 119 -592 242 36 302 41 -78 15 704 -646 -190 306 -377 194 414 115 -227 -120 775 -558 -45 -1014 -709 128 -819 -314 -492 -141 295 157 110 -374 289 -239 675 190 -94 -828 -278 399 601 -154 -646 -728 -537 -467 -1079 36 93 154 -228 -50 -379 83 117 -375 -385 -230 -449 -93 -984 -78 -23 78 -1318 -410 -14 -60 10 46 -45 -650 -231 750 -80 -446 308 -262 -662 -265 -525 -121 575 -547 907 986 -196 47 -428 728 585 -343 585 -114 88 -65 -299 356 301 -1009 107 196 -130 1222 -20 -359 888 425 -324 95 -178 339 -130 233 629 198 -40 13 -454] 5034
[129 -108 -629 102 144 695 -28 -290 118 395 72 83 477 575 -108 439 -93 -135 -553 504 -509 -330 -692 -184 -799 538 43 -303 403 769 712 -98 -110 -1022 -734 746 14 871 350 244 -113 -59 -96 -54 -804 -479 -297 -207 3 -435 743 140 217 217 -830 114 418 -714 247 305 -314 -202 -150 -352 453 -318 -112 -474 -264 364 746 377 -98 868 -114 75 38 338 -442 391 -374 -766 -365 -375 110 108 -575 160 -654 -446 315 -116 -84 -695 199 -462 -249 138 -827 -256 -261 -412 -319 783 -304 709 173 -129 -199 430 418 157 106 -39 -230 -244 -361 698 -499 -30 -612] 4722.81
[72 -356 1102 227 -141 474 -245 352 249 527 -334 -57 -1253 -930 130 -259 -1492 -1 13 -132 388 885 -185 15 160 -256 -162 173 162 -337 152 211 471 -42 399 205 -618 -122 727 -291 -381 18 -173 794 381 -191 -630 -950 -59 0 613 702 -307 -477 775 -419 -295 106 483 -523 50 -845 348 311 -669 605 85 197 134 892 321 -210 -184 78 202 -350 -450 318 529 29 316 236 136 138 -196 -463 -11 413 -31 359 98 438 40 -217 182 751 -338 407 -599 202 -95 469 1286 -319 -158 1042 1165 334 -5 -108 197 -414 -176 1080 101 -751 -243 275 42 978 455] 5323.17
[141 -104 64 469 203 868 137 66 220 -153 -843 345 -595 44 487 236 -295 222 32 757 -177 -193 1024 223 253 861 191 -423 270 -633 896 246 791 271 303 -275 -468 681 371 -391 191 290 856 242 -436 60 -261 -547 437 -47 58 -619 68 -670 -644 -470 -12 -490 -256 -541 -625 1233 -53 -222 -1090 -12 179 -109 49 105 577 940 240 -88 -3 566 509 -836 197 -473 -93 -421 -15 661 -10 -264 221 -698 576 -790 -584 -299 444 -414 271 -258 -974 111 286 126 345 -568 -133 -251 -1233 1173 279 -84 -578 262 298 -372 -99 438 536 236 532 238 153 152 62] 5264.94
[23 521 -721 975 -352 264 329 139 291 346 -842 303 -765 -239 621 -403 74 17 271 496 -394 -222 110 -1508 -646 -321 53 -210 -437 938 -9 -730 -94 -756 -439 539 -45 687 -607 -282 635 171 -384 733 -158 -268 397 -212 -734 419 831 683 -93 -575 -47 -293 -315 176 121 -575 -424 -353 77 -452 714 -271 172 -167 428 921 -20 329 -401 177 258 -242 167 65 513 106 -172 100 257 17 384 251 -157 748 -211 -442 78 1158 -158 -114 -108 277 -359 -609 -286 -251 -997 89 -103 109 -62 68 -104 629 37 -88 -294 10 -429 -294 441 -13 354 612 314 584 303] 4963.01
[-525 -156 660 -591 -214 104 904 -22 -468 -748 87 -399 -648 -472 -244 128 -1075 -121 -510 101 -1273 134 416 796 386 -833 242 68 -259 -60 14 -787 -93 1435 296 529 -703 -445 297 30 311 432 -382 -181 321 338 380 -716 811 704 -393 -201 328 267 -118 263 -187 102 255 -599 -207 -149 868 316 530 684 129 803 -553 228 -330 -1194 -482 -238 108 -831 -361 171 43 384 1256 -459 -116 495 1083 -527 -49 -483 -493 12 37 405 -877 71 -321 1205 152 205 -174 -501 810 883 -1099 231 -32 360 472 761 467 -80 28 -246 -138 114 -104 -521 -83 -433 264 -251 -562] 5740.05
[-555 69 219 -377 212 455 256 285 26 -183 297 -412 -158 25 612 440 -587 968 -579 -693 -912 40 328 -48 732 -959 290 -345 -55 -282 408 173 -1130 -888 180 442 -108 -566 248 473 -1058 348 -944 -551 -1130 317 794 254 -485 588 -79 -905 568 125 -140 400 -856 -21 517 790 -115 -115 -208 429 -296 371 -8 476 591 235 -219 628 -201 -376 246 -266 -70 481 -482 56 -428 484 -658 -258 235 268 533 -399 170 -28 188 103 -886 298 -72 259 433 98 -91 236 -387 1155 377 509 434 -322 526 -856 -402 241 -251 3 49 1013 -1157 -2 -483 -922 161 -61 152] 5460.02
[300 519 -56 -503 -390 -521 647 -1141 -854 201 135 844 278 -287 -801 -343 -152 -705 440 447 -852 -19 -494 -356 -148 86 -768 238 632 -110 -734 906 382 166 164 -343 398 -272 69 -46 156 -771 89 1241 300 -300 -250 -559 144 532 458 -428 -243 377 -415 -46 735 997 792 610 -88 173 346 -1106 405 -546 1260 -645 -43 -378 -596 545 -117 20 -497 426 155 958 -259 -1085 424 562 46 -955 154 71 -212 164 638 -782 129 -171 420 -113 -115 -649 450 244 311 -181 310 -535 271 -227 423 17 148 274 595 -207 -578 -39 -168 -221 641 231 -382 611 179 -283 -173] 5486.49
[112 88 719 -389 708 51 387 201 3 -399 236 -486 -124 612 177 -204 228 40 -795 371 322 -379 467 290 -573 29 -708 76 617 -586 271 43 786 22 -4 -91 585 -304 61 -534 460 980 435 -456 -81 -110 485 -402 -476 423 -505 -794 -339 -58 428 241 252 -275 26 -301 -776 230 -405 131 133 654 -110 542 -553 -246 -208 155 -141 -266 -31 279 -612 461 279 -576 -164 -201 -376 -186 -709 -195 520 -395 311 -268 708 1195 -593 180 281 -260 -849 -400 -365 434 -578 -178 -345 -244 278 641 353 -300 148 -222 97 30 -90 505 0 1032 826 267 128 344 144] 4723.86
[98 1 2 813 395 -167 -425 154 728 385 -887 112 -419 -625 719 -638 583 479 801 -169 194 -170 169 838 1213 -218 567 -457 925 -395 451 94 1 -84 -350 1155 -247 414 -563 -163 -452 60 252 -11 -42 206 -532 1593 -21 903 605 209 828 -563 -643 -142 643 51 254 -567 789 241 682 -204 -396 -733 620 384 205 -135 -242 -237 136 -40 -184 520 31 100 -363 -861 -251 222 -1118 471 -35 -59 262 706 1071 -356 -61 -773 707 45 -11 -424 -176 -621 -157 -579 486 -27 -174 229 -832 -334 82 -314 -685 30 -191 52 851 -260 49 -200 -207 -685 236 -150 428] 5532.43
[170 325 566 414 405 -354 663 464 669 1319 74 -511 -579 275 -123 -204 -493 -845 -464 531 -434 74 -16 306 513 -1073 -620 -417 653 -87 635 -356 -54 729 -262 210 301 -351 -609 522 386 96 494 -154 -169 370 542 -680 33 -67 911 719 242 89 115 -3 293 109 258 -228 44 -1000 120 165 -213 307 -609 8 9 -180 258 426 111 -150 140 -110 -841 409 39 -240 266 -74 11 -678 -160 149 -471 686 -602 -296 473 -190 858 -129 504 1068 -85 144 -28 -16 412 74 -1093 -265 -552 355 145 286 -191 -178 -639 -131 171 -628 -417 -1131 878 697 561 -160 -847] 5227.52
[124 -454 602 -420 -631 383 1078 -23 233 -129 -157 -719 -812 123 257 -841 -668 -701 -395 603 595 -637 511 1098 -459 249 383 56 -498 -657 300 1022 545 244 800 -404 -332 -413 64 353 465 -80 1035 431 -41 -222 -299 259 237 -514 -1208 -414 348 -578 243 789 452 -1027 250 377 -334 422 168 402 -258 1073 1043 -52 -379 512 397 -701 -771 158 263 -740 657 -199 42 -811 -129 76 280 644 -246 207 67 -295 108 486 -1005 179 -55 -239 555 -1 -10 507 -70 364 -296 215 -440 239 -282 721 714 136 476 52 -85 -153 245 911 177 210 -547 -409 -285 -72 923] 5601.01
[-63 -114 -292 871 596 -164 -105 6 700 -188 241 22 -80 -304 979 -1225 -902 762 -718 -946 -831 174 -118 208 -196 365 165 -4 647 -525 305 559 397 85 -2 98 4 736 38 232 -392 -1095 -813 14 312 367 -28 -384 466 -699 -141 -350 -54 -175 396 310 -364 -636 43 -810 467 895 889 -164 -604 -391 963 324 -645 -126 626 -535 -259 631 211 217 174 243 257 308 677 -364 -567 -84 -501 -768 476 153 -293 523 -28 467 -214 899 -575 119 314 -192 159 4 -293 826 -8 355 -325 -933 -36 464 -174 504 555 -442 -476 -377 681 -450 226 -316 -544 69 401] 5342.82
[70 -747 356 1063 168 -65 366 898 -328 341 -116 -737 -179 34 435 -68 -223 -655 768 -302 -357 687 -103 396 265 -816 25 -220 880 4 -214 -288 -141 37 -23 354 -132 -644 -401 679 -909 -202 -491 570 501 -374 -189 350 190 70 -1107 430 540 -169 -219 -10 515 610 -425 302 558 125 41 218 818 321 -82 45 452 697 -254 -152 227 -720 -282 -935 -73 809 242 905 -8 -417 193 392 378 413 -14 -1762 80 1014 -1198 -464 399 897 -144 296 437 -143 -47 -282 -476 609 -28 -525 853 -220 -235 423 5 -116 424 -615 227 33 -173 -228 -1045 -232 103 -482 -425] 5505.98
[863 -220 725 -621 -201 592 -212 772 -931 20 49 -413 376 240 -77 -977 -531 409 -756 177 81 163 -644 138 957 410 1111 -1298 696 191 -606 487 -1176 -99 -103 253 702 -51 116 -663 458 813 51 -266 7 -469 -611 -206 -25 1131 114 -279 590 -645 -856 671 802 119 -131 496 230 225 -767 153 622 301 450 -143 170 -770 915 231 213 -24 -121 213 380 -542 -363 196 -374 -26 288 -1141 232 151 442 48 -376 132 -49 254 -84 25 -388 172 375 535 1048 -95 -302 761 23 -150 -414 -585 -62 -79 -41 843 451 -7 -298 181 -77 -142 443 -188 -328 212 620] 5500.53
[53 -1641 177 108 696 -302 601 -233 -241 -393 523 1167 367 383 -110 -452 263 -175 299 -34 -710 153 -171 741 544 345 -667 -164 -408 213 584 658 321 41 -597 -220 776 -62 -1058 534 641 394 701 120 47 177 825 149 -370 66 -583 -258 148 -308 220 111 412 -523 56 170 -143 30 -219 -130 30 -71 720 -518 324 227 299 -740 614 590 -145 360 852 -168 -279 411 -182 -1039 85 -207 145 165 -218 -55 216 -140 12 247 304 -652 -135 -858 311 164 -76 -88 306 -245 132 -257 231 1138 -409 -211 1063 -218 -6 -211 534 123 260 -88 -115 -500 -373 -85 119] 4993.89
[749 -253 -66 314 -301 -406 -241 339 -489 -631 -382 511 71 -186 121 -819 349 892 23 46 -350 256 -233 478 163 57 -68 -272 289 -294 -505 -42 -461 -567 -321 -498 338 -413 -775 170 358 763 -430 80 1192 331 360 347 -176 112 27 187 -236 416 -76 536 623 1043 -785 -753 520 61 -275 -148 129 38 881 75 1228 -107 662 -55 -109 40 346 329 -616 68 -153 514 97 186 464 -149 -254 243 -340 -445 -207 1010 -466 -357 -74 900 -632 675 18 -209 -157 -794 84 1300 250 187 453 -659 -610 171 403 -186 369 -453 487 -670 -294 -165 -793 -70 538 440 712] 5189.6
[-506 -793 -820 -796 163 -571 1117 273 372 -683 12 384 163 114 514 -432 326 170 -39 63 -1136 -459 390 577 -383 -242 -186 524 -299 -173 -356 -312 -8 -539 -294 -125 -456 -670 -389 603 996 -204 -442 -367 612 298 -17 856 -41 -498 -120 323 277 288 -513 677 431 -670 -405 443 812 -60 -290 306 867 70 501 -86 689 91 -423 -837 -56 810 -841 346 -200 77 -553 93 419 -56 -662 434 -164 66 274 64 844 -265 112 391 221 -267 -370 -2 499 -60 677 258 -454 -756 192 13 293 -116 -230 -174 -160 601 156 -740 311 -345 578 162 -433 -138 210 701 -590] 5103.67
[370 132 -466 68 -2 169 177 -681 -337 306 14 -65 -636 510 -72 -68 326 -1048 474 1005 1124 -855 381 -551 -304 -462 54 -587 113 697 1128 -452 -1290 147 -66 295 -255 879 -320 149 537 659 714 -11 -248 306 629 1037 -1974 724 342 -316 160 -241 249 -431 -167 82 -24 -740 -943 -68 -119 270 -625 -137 197 -224 499 710 -173 -403 -787 -1337 176 -435 147 -585 290 -9 -31 -75 894 437 -616 541 -377 929 -355 -694 -103 586 75 -404 -589 -329 0 -550 179 -68 -586 -157 168 -416 -571 66 -564 -341 302 173 -123 699 304 312 -217 -597 -393 -65 -187 322 643] 5814.52
[435 131 216 759 -102 854 -336 50 305 -4 -977 878 -336 -254 120 -51 -82 514 85 -75 580 131 260 -758 423 531 -333 379 -276 309 785 -338 -472 91 270 323 -1030 858 650 271 -251 -25 -677 171 -185 635 87 -341 -706 518 563 -153 146 61 792 -513 206 -540 -790 -351 192 -860 -138 -465 -1506 -264 -99 330 1371 213 329 -31 -347 232 1180 -443 -147 443 -768 -308 1 62 385 780 -124 330 -154 -60 7 -99 -645 -517 -568 244 -396 -278 358 550 -570 -626 39 542 713 115 -558 127 -377 627 -171 74 338 289 77 -126 -45 -431 -771 155 -19 725 -16] 5321.19
[-645 -119 1 -621 -291 428 12 -428 120 552 -132 25 288 860 -993 395 -250 -318 174 103 345 799 -233 -558 -457 24 -255 -486 727 122 -389 6 13 593 44 -367 44 194 417 -470 -447 400 60 -296 275 10 -620 -519 -145 266 -526 707 -1050 434 -203 -71 -81 415 -341 620 -10 179 -441 -427 -233 -440 -265 -608 -764 218 -901 -766 -759 385 -219 -401 119 -122 -536 -365 1075 341 652 46 -358 -521 461 640 274 -1225 951 909 -317 -394 -590 -663 -221 -721 154 -126 191 -285 508 320 -186 -224 218 588 1 -507 639 -10 -539 -22 365 440 674 100 -582 688 569] 5207.46
[484 184 -56 539 -682 -543 -272 237 -536 397 144 -17 207 -140 -453 -1208 602 -536 -261 -671 139 -910 334 -980 1113 -354 -352 -912 -616 -121 238 -102 82 530 -51 -512 -294 -708 125 -642 499 709 1037 -44 503 -10 110 -50 -156 -196 -786 -65 -709 -4 303 148 268 930 185 422 -15 -967 -601 191 379 -107 -791 -156 -60 -233 -521 -574 107 -347 -376 131 1576 -476 1080 459 -282 -921 -22 52 -308 279 888 -262 -21 -519 220 470 144 -418 168 -1197 -150 -495 429 -96 102 -9 -333 -996 409 -112 940 -551 513 -250 457 -370 471 -15 687 -674 272 249 -511 170 665] 5708.6
[432 -9 -118 -560 723 -111 -373 -17 -363 373 -428 -48 775 -661 -102 584 -498 163 -47 -253 260 -332 -605 -229 -529 641 -295 86 -389 -842 -272 269 270 9 -209 -113 -440 -622 486 15 -1203 -703 -467 -59 -306 230 -1143 672 -314 -133 298 372 -148 371 681 844 662 206 1012 542 60 141 -17 -705 -136 -98 -208 -717 126 -519 -421 171 260 325 435 -435 -90 204 44 -578 -853 595 -321 -124 -392 134 312 718 -453 163 -35 -576 -81 539 453 -111 381 47 638 156 105 -585 1432 398 -204 -205 58 -1124 399 -195 189 -37 582 -754 206 -170 -495 493 -386 -487 -45] 5141.44
[-563 72 49 -669 -37 -906 1108 -497 129 -173 111 -1002 67 156 1005 -767 490 283 413 220 256 178 -498 976 498 169 46 607 369 -163 232 433 142 -341 -895 302 251 -585 266 148 -660 29 -136 -57 366 442 -494 734 955 -857 0 485 -194 500 -256 -108 158 -122 866 46 855 300 -53 294 493 423 345 -252 484 -657 214 326 214 -604 -117 413 -1048 1 73 277 403 -630 -142 398 -327 -103 97 -200 342 140 326 -719 241 748 451 516 -305 -833 -278 214 -84 -215 93 33 9 -1321 314 -782 151 -461 -1004 -719 550 -145 -745 521 -714 -143 -254 -650 129] 5386.54
[573 633 666 108 -142 315 -541 215 141 -82 -613 -203 286 -149 380 470 174 -102 -549 -872 768 -98 -559 -177 535 517 119 -258 367 -293 -52 -52 358 335 603 689 740 -220 341 543 -20 -249 167 -226 -366 -614 366 172 -569 425 -544 -123 -141 -188 348 266 -124 -477 -185 253 850 38 -234 -818 -1217 -549 -646 -387 539 125 814 -371 734 -285 -1160 640 -49 -529 -368 194 -876 251 -330 515 -382 329 -54 -616 158 875 -955 -425 -17 225 -238 -378 8 -86 799 438 -52 40 357 -832 1004 134 252 -1274 195 -177 -39 415 43 -91 86 205 -55 -616 -677 820 -20] 5259.86
[-368 65 -495 625 -199 -694 130 -344 -138 515 -277 443 -268 -686 -311 -151 946 188 -6 -120 -927 419 743 182 246 62 896 -464 232 129 -523 234 276 -269 426 -984 984 -71 -9 -885 402 -259 -13 617 704 -504 510 -308 83 -458 -689 -334 -357 665 -303 459 -292 -533 812 133 -157 1229 -98 -38 -294 854 -330 80 178 571 438 680 -12 -16 651 471 425 -272 -636 108 733 -349 463 164 -99 76 541 -208 456 -54 -488 -353 272 253 780 -213 31 761 838 364 491 -159 -15 -654 -328 2 62 -752 542 -421 -431 19 244 42 -203 -81 444 479 -806 427 714] 5189.53
[-176 130 -348 -87 -140 511 521 -127 18 323 -316 -3 305 -21 154 -106 85 31 -1 574 -1118 666 -287 171 845 -66 63 -154 -336 1454 -347 -521 -1237 -285 833 -93 232 882 538 -578 -717 757 141 369 281 393 -161 -299 -147 -469 1069 715 -7 -450 -209 -606 757 -818 187 741 -904 -395 230 -343 391 379 802 48 169 123 -516 -290 -46 -96 76 -512 84 -685 -1474 405 53 -340 375 32 399 876 -244 -382 -36 -442 499 -383 497 -149 -129 701 493 799 471 -775 -292 528 -9 -21 119 -48 -229 480 -478 -183 357 82 535 206 -913 -386 -427 -377 -593 -117 -244] 5425.87
[-740 137 172 -759 43 -689 386 -210 -70 -113 -21 -521 -221 412 151 -806 703 -364 -279 -226 167 26 683 -431 277 -432 350 -718 148 -634 -47 139 -267 -76 -620 255 476 -95 901 -583 224 224 18 -242 -505 431 650 468 124 -10 -1207 33 -452 -152 -285 323 -55 508 563 -326 -202 1029 -190 214 -16 -20 149 -50 385 515 -30 -379 -277 -299 187 -85 -136 285 -143 -390 15 -417 -66 -165 337 -902 494 -213 773 -600 -89 866 75 -273 -666 -320 93 -1442 -42 86 -150 353 -835 -556 -181 -308 -19 -292 242 -1039 153 -341 -209 -379 49 811 4 -553 311 233 440] 4876.51
[-301 -578 -1307 61 475 890 -196 113 267 -285 -48 607 -14 -133 -590 271 -326 519 -82 90 -922 -136 -1096 170 -145 1275 -389 -283 12 -623 -182 387 769 175 -84 429 -26 112 46 -8 -151 -811 -255 -197 753 578 -897 -416 172 -1079 -251 -130 -534 -162 -54 24 -169 317 -1158 692 724 -208 342 -689 -348 -138 -258 -875 -26 -87 429 183 163 298 -449 273 640 -520 372 385 -53 -197 -1009 -275 41 -331 75 -636 -587 132 42 -355 -206 -72 572 -654 283 -746 135 85 -219 -1120 293 626 -453 473 -657 253 -635 -187 173 -457 102 -42 218 -153 -984 585 458 41 -318] 5343.21
[48 -507 600 473 401 505 -60 -327 333 376 -676 323 -875 -718 -10 -218 -172 -426 154 -288 -903 143 300 -188 317 -228 11 -566 -817 565 321 -974 -593 -362 18 1115 397 32 -984 -232 180 468 160 26 -390 -387 -367 -43 -89 -171 52 60 -185 -554 93 410 -131 -40 242 104 -35 -272 -28 -130 -347 102 -106 -398 -54 482 -245 113 551 -428 -26 363 -524 -422 15 -505 -189 47 -88 128 -285 -597 333 606 -667 -789 -122 701 629 -160 664 146 -121 685 -11 -6 295 -343 -235 157 -100 1288 586 -96 -559 612 470 403 -40 -99 -487 -484 1137 -180 -142 1087 -514] 4916.55
[305 -134 -462 -142 -262 -427 688 762 195 149 -777 434 -662 -460 -383 -104 -157 276 -21 49 -18 253 309 396 127 -276 176 240 566 207 -493 -270 -205 80 -216 -360 285 903 40 356 426 -666 -643 400 945 666 107 -45 360 -613 -894 172 471 -321 -367 -392 357 -11 -48 -430 579 573 608 -183 -405 -58 932 -539 -91 -528 180 385 -261 214 783 375 38 386 203 -127 -59 392 -153 -463 76 -112 -563 -131 -20 445 -597 106 -1328 573 51 452 830 635 119 106 -77 -157 -490 450 344 -1119 -100 898 -623 -612 145 144 -44 87 -219 -253 -195 -191 214 199 -642] 4845.01
[192 -89 604 -55 107 -254 201 621 170 -384 -41 -546 18 -391 -89 -1428 -633 125 695 41 -378 873 148 840 -406 -1190 85 -251 392 20 33 126 291 1256 -961 427 143 189 177 -12 63 -222 515 158 290 575 -440 140 1126 -507 875 127 -162 -259 186 309 230 -328 -103 205 -353 224 603 -426 77 107 1520 339 -286 -492 242 -555 -260 159 -196 -330 502 -262 -318 253 784 -163 -122 -845 67 -262 19 -442 -1001 -39 -67 61 -497 873 262 571 534 -535 515 -358 353 -76 -470 -576 98 -695 517 449 -289 -641 -423 -74 199 64 752 -587 393 -616 -180 -402 -300] 5311.35
