[223 -212 18 269 143 278 163 88 -41 -571 218 516 -25 55 387 -134 -189 181 -83 -554 -464 50 285 55 -104 45 -132 351 -11 -426 163 -171 145 392 272 1 359 576 457 82 -380 -84 -621 134 -11 110 -208 -130 719 24 -191 4 -243 -131 123 160 175 340 -198 661 -16 288 143 392 62 95 -300 -137 372 6 -317 -414 -245 -398 -70 55 86 -133 -58 201 -400 -264 -526 244 -64 83 -67 -153 98 -458 94 -300 -30 230 -383 -188 -73 -187 310 -130 749 246 -231 186 10 -54 -94 121 -28 -174 -275 198 127 260 -733 153 -146 -41 584 -247 -485] 3101.02
[-315 -145 -317 -156 3 -43 -120 -6 84 271 356 47 -227 41 -253 -78 165 157 31 46 119 164 -34 -385 -107 583 349 -518 253 159 157 546 -482 -318 -84 280 59 11 -66 3 34 14 113 -480 205 -484 206 113 -853 101 137 499 882 951 216 -35 -386 288 -14 -554 280 303 -259 -485 53 -34 201 -57 -186 -77 205 -33 -167 312 -80 -38 -413 -70 -147 21 192 687 3 -154 88 -253 161 279 -397 -105 -464 90 301 -238 323 -144 166 278 -90 518 -710 -279 427 -206 -298 -131 -280 -307 -296 -440 121 267 818 -158 521 -248 277 -298 343 -152 140] 3429.89
[104 -263 -194 -1 -60 -158 -240 219 -235 -421 632 132 -432 79 -138 -54 195 -167 252 -264 -382 406 -41 38 -488 -15 110 -772 163 23 148 459 -38 374 -52 466 127 378 -12 -237 -171 -630 -400 -140 -212 19 -22 211 103 -291 162 -407 -231 108 -124 -517 -279 537 380 237 -397 227 646 165 86 78 311 222 -285 -14 221 -53 144 78 -131 -444 91 -208 -446 -402 -49 -189 -642 590 160 -188 141 -154 200 -197 -17 425 -340 319 -368 -715 -18 150 42 609 -55 -213 117 286 77 -425 197 -224 62 -18 13 28 489 -344 -105 195 -211 483 46 -278 -193] 3233.62
[-418 302 -264 -291 -290 -113 492 -48 121 166 -151 81 -476 8 171 325 166 40 116 -473 139 193 -288 -106 -387 318 355 -281 -321 68 219 176 -195 444 168 -306 -216 191 -315 -285 -177 -148 -195 201 131 -426 171 357 -323 453 -92 1 -80 -66 -596 -335 -4 868 325 -489 128 297 635 26 -113 -39 385 -78 267 -120 208 -22 171 -316 -340 -668 17 -98 125 48 -389 97 20 245 -265 -261 223 -52 24 -586 193 199 -358 93 -232 70 3 157 273 269 -94 660 -318 252 560 -115 158 147 48 -339 -39 413 -325 -144 -275 348 139 -147 296 223 -766] 3215.77
[305 307 -319 -222 236 70 -691 189 284 -349 -130 299 -175 86 608 -248 -107 81 341 143 -395 -171 -126 355 -265 163 -182 -205 -3 -69 -83 -28 354 427 209 320 325 265 -439 -259 -52 113 -193 -437 -125 -156 -404 466 206 -171 105 -146 197 63 279 -916 595 306 387 -233 -194 432 595 126 -37 -140 -221 -853 311 -72 -50 400 168 -347 83 -172 -454 -142 461 -149 -297 268 -211 37 178 157 -89 -418 410 -62 200 50 -126 -27 -767 -536 61 313 -14 -169 192 27 -249 -200 -243 -353 174 168 16 227 -177 250 40 190 -635 116 -113 -564 196 -288 -204] 3329.39
[-243 356 11 -599 339 -162 -457 -21 209 586 203 548 -850 -14 445 29 -92 88 -112 -166 -424 259 -24 -204 -330 704 229 -445 183 153 -256 200 -661 593 765 214 586 -186 -49 -125 -311 362 -49 -356 76 -772 -397 141 -313 -178 -234 -160 32 441 -94 -683 646 464 166 -803 -189 597 230 272 -237 297 127 -51 -79 -36 -72 63 673 -153 -400 -210 215 123 275 176 -618 760 52 436 517 -202 273 -95 -182 -96 -310 169 69 412 -724 -342 289 522 237 -300 261 263 -273 139 -143 -77 -154 286 -166 -501 -223 680 558 7 -473 160 35 84 150 -490 -576] 3992.34
[253 -153 -245 461 35 274 275 218 -763 304 15 -178 -503 532 62 -542 47 414 -128 -252 -99 295 730 -542 112 58 100 166 121 -173 -363 403 111 -112 350 60 145 510 297 117 -425 285 -550 264 -584 -312 333 130 -87 258 180 510 212 399 351 691 -11 515 255 54 -227 536 -69 -370 310 197 19 -88 7 39 194 -59 -398 224 -502 -96 -347 -479 -244 468 -203 15 -678 -492 170 -51 290 129 -587 -318 -267 251 365 737 -198 -105 39 407 214 637 111 110 5 -10 374 28 -59 299 250 -211 -160 74 255 169 -199 246 509 370 194 -310 -358] 3566.6
[-449 -133 -439 -751 110 -507 -431 -257 101 169 -456 41 -307 250 51 -481 -131 221 436 -116 -471 -301 47 89 3 -111 354 77 553 -85 -234 255 -93 -450 274 320 -93 118 -45 -407 164 -125 -13 148 27 230 318 18 -469 231 402 695 671 587 86 -415 264 -324 464 -373 192 -186 -14 -756 652 273 333 -162 -123 11 187 247 -50 532 -78 -671 -792 -607 168 -96 374 501 -735 -88 319 300 -324 -169 -109 2 -27 -492 369 250 -340 217 348 -29 9 150 -659 -34 290 36 -249 -63 -32 -48 -270 -247 -155 103 499 -38 276 -197 106 -447 -337 -159 407] 3654.47
[-359 93 175 -396 -28 90 -217 -78 156 266 -468 -72 496 171 149 431 31 -149 87 -184 -209 -1022 -17 35 54 -52 396 99 -47 222 -440 -341 784 -82 -305 162 138 -238 173 311 481 184 126 313 317 610 -91 -161 -432 128 52 112 -121 229 292 -325 239 -673 328 -528 60 -348 31 -89 266 436 -196 288 -346 166 254 653 454 -189 599 121 -348 63 -98 -213 299 690 -35 -55 315 341 -860 185 239 274 -320 -644 328 -696 -30 509 227 252 -280 -111 -282 -104 502 44 -798 -529 321 -48 -258 -422 -82 -260 -140 274 337 -325 -548 13 -637 -22 863] 3839.92
[65 -450 154 -2 376 -125 -70 -236 563 11 128 -14 38 -106 -699 -781 36 70 -20 426 -334 188 645 -178 439 -41 157 -46 298 -569 438 341 -296 -290 -14 -312 -203 295 541 273 -342 -229 -451 -459 410 422 40 -667 260 70 113 -101 197 527 -392 21 60 -887 -251 166 378 -252 -57 -106 241 329 333 279 -78 192 -196 -695 -185 706 -25 27 -158 -553 -64 313 844 -290 117 26 -73 286 -271 145 -188 483 84 -125 306 -69 256 -18 -108 -329 -178 -79 -562 -590 -515 487 456 477 -584 4 -264 -31 100 52 321 300 153 125 164 482 222 -402 489] 3726.38
[-250 -39 -130 -525 -403 -339 -197 -221 821 83 179 -215 -328 1 -562 425 170 -35 -231 227 -297 -17 160 -297 166 152 -109 -299 120 -278 518 571 -314 118 -83 379 -554 -264 285 -206 -319 -540 -583 11 90 164 50 -707 -334 -225 203 -420 142 -14 98 -379 362 202 194 377 533 284 414 2 402 228 614 888 -79 -718 -209 -11 28 411 -57 -60 52 313 -556 -198 176 -79 -61 364 -21 -480 159 440 -164 -425 3 240 -25 -68 -134 -314 197 -278 -25 945 -412 -372 -14 762 415 -112 -368 -131 230 -178 200 -74 65 -243 324 46 242 415 -392 -179 137] 3645.19
[-185 406 -105 196 -95 102 928 333 -1217 308 -222 -124 -304 166 354 -63 608 11 -170 -556 389 -97 -161 -423 -157 378 364 -27 146 524 -411 -259 380 526 31 -398 -99 -130 306 17 111 399 -21 613 -258 -106 374 329 -1003 444 -169 304 -733 -78 -79 602 -583 672 860 -126 195 -67 0 -79 -51 -201 -203 491 -476 130 220 -7 80 63 -323 -49 418 -726 140 337 123 -269 172 607 -169 81 74 456 -267 -188 -237 -31 29 546 -196 21 -362 545 -57 -161 406 376 297 -277 487 -16 570 319 26 -12 -247 -23 -778 -224 187 -100 -187 961 -417 196 -156] 4098.51
[273 211 250 298 -209 377 -1166 110 -66 64 866 301 -377 -376 -208 242 431 -115 -350 -102 83 -479 52 61 -437 -98 -287 -534 162 184 -67 -30 135 424 -340 312 -145 -574 -370 -183 310 204 344 -1090 -155 -45 -663 262 -439 -530 97 -297 113 -326 809 -659 386 -82 410 296 -93 274 325 695 41 -618 -411 130 -725 -351 30 251 685 555 193 303 568 356 -74 161 28 -168 362 779 154 56 216 636 178 2 -416 -84 -64 -361 -358 -751 41 331 -443 9 408 -849 -192 -185 -675 116 668 -36 154 167 309 -483 -403 -240 249 -595 -481 385 -569 -445 178] 4373.56
[-250 1 105 -256 -8 -121 543 198 -22 -181 263 -152 160 -56 151 315 340 -377 -292 -236 318 184 172 -276 503 769 477 -250 -654 -249 440 361 433 707 -925 34 447 701 345 457 -426 -825 -655 222 -294 68 -220 105 178 176 92 -528 17 -179 -869 242 -393 594 -587 -272 180 149 110 447 -732 400 255 427 19 235 158 133 -105 -658 5 621 -3 87 -539 470 452 -87 192 -31 -372 -175 -218 218 -271 -341 -249 -79 -267 -424 7 -127 -70 482 178 372 -476 -330 -38 125 805 -132 -79 -176 -352 -276 152 -261 237 93 -194 239 122 249 536 88 19] 3938.11
[-427 -40 -630 -34 65 -405 -30 -537 -374 -439 893 141 -531 -620 -248 -116 364 -35 488 -433 36 6 -386 87 -796 212 165 -610 266 19 390 200 -666 -412 -247 -75 -62 -502 -43 -200 370 223 178 -707 1151 -481 264 481 -24 -56 100 145 454 767 -167 -48 -359 589 301 -414 376 -9 372 -82 -259 -671 258 -259 -500 259 386 -406 -66 686 -532 -805 -281 -750 145 254 623 -341 238 971 -394 -54 -139 187 530 -266 108 252 32 -91 -176 91 -93 -217 -724 -119 -312 29 -318 65 -143 -115 592 -533 -657 -32 -204 342 198 182 493 -257 -414 181 30 90 -311] 4333.68
[-170 16 -82 264 15 285 21 5 -213 -192 452 -143 73 -400 -233 508 661 -185 109 -339 712 -354 -186 108 -406 385 360 -33 -462 132 414 -417 516 555 -672 -489 -181 601 -599 213 -156 -433 -85 7 310 921 -699 693 -59 898 -257 -526 -263 -691 -586 -483 -238 38 -200 -972 -130 71 806 599 27 29 -18 -476 -416 870 -147 -4 1106 -308 203 -281 237 -356 140 29 -120 258 428 -114 -501 408 187 333 957 463 358 -85 -606 -703 37 -449 -492 667 -212 36 -21 267 -410 -166 37 -409 729 -418 -18 66 459 -126 -975 319 -78 13 -296 169 483 297 -14] 4626.92
[84 199 -171 -31 475 182 366 39 188 -36 750 36 -507 52 483 737 311 -276 129 -370 -101 -110 -131 200 -359 335 223 153 54 548 -54 -343 114 579 -174 34 299 -302 -264 259 -259 117 337 131 240 -339 -433 70 778 -214 -189 -478 -497 -100 -13 -303 -266 706 -75 -781 -158 96 234 691 196 435 -351 -286 -552 495 -40 380 551 -287 324 580 116 489 -48 38 -463 468 358 -410 286 -39 669 -70 278 850 504 792 -119 -215 -414 -385 -347 519 -159 125 611 134 154 -254 -211 -468 379 10 -166 -533 -51 214 -335 335 -94 204 52 110 13 -545 -255] 3925.38
[-522 -21 384 -437 877 52 921 328 803 618 205 63 -232 -63 85 -223 72 -257 196 430 95 100 -314 205 -446 138 43 -680 6 518 125 568 -267 603 -26 -7 128 -791 -11 520 -53 228 423 115 470 -637 -36 -179 160 -644 -94 137 -308 341 -830 -7 -222 -304 -242 -361 -250 -614 -179 243 -709 465 145 476 -165 504 42 406 321 110 242 -142 -200 276 -175 -311 196 587 782 272 348 -249 -450 -346 -442 185 -383 499 -63 149 270 905 154 -291 -225 -369 -841 429 244 -477 279 353 -384 162 -457 -381 28 80 179 -236 -133 556 -229 -151 -130 -108 -65] 4178.07
[89 -231 -80 -337 442 -416 -108 472 -389 169 581 -379 -67 -296 44 -554 -5 124 5 40 38 12 681 -8 147 335 7 -482 -281 -849 -99 769 138 71 205 532 363 490 561 45 -586 -100 -918 136 -390 710 -94 246 85 -69 -273 -302 393 319 -529 246 232 29 -213 -170 -582 470 97 -132 -146 581 -133 553 -31 756 -490 64 2 29 -593 -407 -48 -915 -414 474 4 233 -8 150 -509 413 -259 54 147 152 -455 -59 190 1223 -188 -5 196 487 -393 -235 -489 258 451 -576 995 95 -562 -351 -54 270 -13 -1 473 195 -245 636 321 483 198 -318 -668] 4324.86
[55 376 -164 186 135 -446 -128 60 27 55 76 -233 -74 436 465 -114 305 -638 538 72 26 434 -307 -187 616 509 491 -638 -44 484 174 277 -172 408 -787 -423 -158 -312 -28 435 27 -137 387 -919 200 -718 567 87 3 -21 178 -452 -250 172 -91 -518 -262 108 308 -561 844 -7 -312 142 -650 -256 -280 -34 8 -106 333 -269 -111 286 -75 186 -602 218 289 46 602 81 155 -30 -178 -405 90 302 -226 -180 253 373 29 -525 -154 -511 18 662 -474 655 -352 -544 375 551 395 -113 -41 87 -332 -343 193 317 320 -365 330 -60 247 -61 -510 -87 12] 3861.86
[-569 181 -544 -168 534 -97 312 -289 488 45 -657 -89 -180 932 -173 191 373 30 883 364 -98 -26 4 105 -148 -513 66 544 -135 271 -62 -127 387 404 -37 -746 -180 -32 -344 692 158 426 92 171 448 267 -445 317 951 351 271 92 -218 -343 40 -502 99 -222 390 -721 216 -571 384 38 513 549 -22 -465 162 786 -248 625 224 510 455 -429 -1066 -147 88 -404 -88 751 -193 -497 341 161 -643 -204 465 157 147 292 13 77 -162 326 -146 48 -903 942 -338 730 -280 384 122 34 -37 134 123 196 104 -319 -964 392 44 736 37 -219 -283 -367 472] 4520.24
[-90 589 170 -489 -477 50 -24 419 682 -173 237 678 -564 202 564 311 388 -68 -350 237 26 -138 -535 14 -767 575 -496 -281 280 658 618 82 -469 462 672 -73 465 -759 -701 -358 184 563 453 237 413 -1132 -632 -261 -169 -669 -527 -169 -57 552 249 -444 102 864 648 213 260 656 150 390 -20 -635 -50 177 144 -524 -119 461 -123 -662 656 548 412 508 10 -493 -111 161 772 776 139 -208 277 -60 256 31 316 846 -106 -326 -574 28 116 1 -163 -19 904 450 -12 -686 -283 -164 630 198 6 -130 -167 49 -227 6 394 -158 -445 30 242 -437 -187] 4694.23
[168 -506 965 336 386 488 615 811 -594 -54 328 3 249 591 73 -565 124 -36 -51 -133 41 309 281 -686 558 382 150 -304 -212 -113 41 484 -311 -51 -422 194 885 559 395 315 -609 100 -425 303 -497 126 81 -459 297 -257 -501 -127 -770 397 -410 695 -255 -220 142 300 -627 393 -218 365 -899 123 45 535 298 302 -256 -19 -236 -419 -243 904 550 -165 -975 -251 92 -412 11 507 36 -394 -479 73 -655 -668 -333 11 -321 44 -552 -151 127 799 -50 213 169 -166 347 64 340 -476 248 246 -272 -412 -55 -168 1196 -32 -221 188 -966 576 430 -28 0] 4660.13
[119 229 149 415 876 -270 254 81 -102 413 254 -578 334 397 -423 -858 -133 404 270 92 72 -204 480 320 71 -612 -330 312 354 102 -99 -394 309 -202 44 -555 212 -486 163 712 459 589 516 308 267 841 -83 228 896 281 360 326 158 -127 221 -252 4 -986 84 -327 -411 -838 -696 19 777 749 -415 -147 -112 1217 -116 37 544 1110 -261 133 44 -483 195 -142 83 869 -12 -655 -92 606 -297 94 148 1177 97 242 484 167 298 83 -169 100 -818 168 102 415 278 125 174 863 4 305 -212 324 -97 -438 -882 184 -94 349 693 137 -1010 -367 467] 4950.89
[-388 63 185 2 174 513 820 153 -297 225 -370 -801 -603 436 188 114 256 509 12 -652 387 -425 -116 -168 167 20 131 857 691 1000 380 -19 35 -295 -27 -468 -639 -49 -180 335 208 103 428 708 111 506 415 -90 -313 1163 113 1071 324 -410 -17 466 -185 -291 152 -463 696 -281 -1344 -24 799 -59 138 49 -522 300 -370 -16 612 599 78 -313 51 132 146 -351 303 541 -376 -435 18 -202 -254 611 -401 199 319 -353 172 -365 -269 323 160 255 -356 391 -347 759 514 271 -242 580 701 216 -113 -932 123 -780 -278 -371 118 -514 661 -189 -130 315 234] 4817
[1027 193 -242 -134 354 30 -572 -532 399 -643 -384 -638 -141 -491 -396 16 -233 136 3 556 -613 150 24 209 102 -841 278 -219 139 -264 450 -368 493 -503 -99 22 -111 601 -345 -395 20 -526 -204 53 -52 477 20 122 369 206 296 -228 265 -434 -329 -908 74 -639 -71 -283 -562 -377 -99 -2 671 -211 341 -376 -19 -142 802 9 756 168 561 -199 147 106 430 -22 576 -38 -318 -924 -8 89 389 -33 287 1090 457 165 -211 -580 75 -879 -524 -566 100 44 -572 -954 -458 770 57 437 251 308 145 712 -338 -912 -180 -69 -634 -20 187 -245 -276 -175 583] 4679.68
[-114 96 580 -227 -366 -294 -369 -131 -238 318 -306 -261 -118 19 289 37 -660 54 -414 163 -559 738 -758 9 267 393 -200 470 269 -27 695 -267 -866 -480 1100 27 -312 -769 -46 -450 -413 -89 -18 729 720 275 360 -743 -547 498 -858 -317 -245 -594 29 -284 77 -511 -8 -3 444 122 -1112 190 90 -673 434 289 138 -734 -636 -932 754 -718 -409 -463 547 453 465 -941 -833 399 -297 -292 -312 -304 307 653 -370 -54 648 -200 106 68 -5 138 466 -288 687 -160 372 599 232 1009 -101 407 -76 1 368 53 -231 159 533 -926 -364 -232 26 -383 112 981 -675] 5173.35
[-272 -199 -501 25 176 -510 670 -601 166 -321 -269 111 299 -36 77 396 -126 -485 542 -106 255 611 -508 241 -121 -49 134 70 -888 199 70 -324 -258 324 69 -406 436 149 -492 706 120 -361 197 854 207 63 -212 601 500 339 -1 -511 -325 -312 -1125 -293 -229 55 -682 -44 -177 -672 306 -18 -686 501 555 222 59 840 104 119 192 -101 -67 -1176 -374 -270 522 -61 -38 92 -92 273 -131 295 432 -512 699 39 247 455 -515 6 271 93 -332 -331 125 310 -338 -79 -150 -344 800 -439 -528 -330 -428 626 394 522 -368 19 95 486 86 -116 -295 141 415] 4375.85
[66 128 -44 427 490 945 8 -283 516 -591 -439 29 -349 317 664 185 -466 523 430 -150 423 -284 -517 363 -360 -463 -357 491 67 227 334 -318 224 -530 -81 -234 360 60 -324 356 479 225 644 -112 -260 -37 -402 199 409 79 75 824 864 -706 435 -28 599 -434 -231 206 -501 116 -956 33 544 -775 -425 -501 530 385 -261 352 86 43 268 -368 -576 652 321 -147 146 302 -641 -613 273 -105 -37 350 646 -215 -465 -381 46 -363 -192 202 -181 -255 -437 238 -298 -189 0 -607 -777 231 -117 -446 -284 -122 282 -741 31 -149 -51 144 -152 -1348 322 -407 260] 4578.35
[-122 172 123 202 539 -22 494 -561 567 -51 612 53 374 42 -520 -335 -194 -150 -107 731 759 2 301 -194 -179 342 -589 -985 190 21 652 -162 -141 256 -272 -368 689 -274 538 419 -396 16 -661 341 729 -142 49 -721 94 -207 -44 -400 -808 47 115 315 203 -139 -495 578 -243 254 74 303 -684 179 277 386 673 743 -274 -799 899 -60 -487 262 424 -318 -587 -403 217 -103 636 757 -760 -632 -242 12 752 -766 -91 448 284 -609 55 11 -622 -537 -434 20 173 193 200 316 257 -592 -334 -34 -276 451 -143 434 3 559 -197 63 -369 697 -599 188 234] 4703.92
[698 193 -824 -177 322 -70 442 189 -240 -705 -245 369 39 64 842 322 -302 709 272 -508 -242 -302 -762 97 -594 578 101 369 531 580 -112 -662 139 160 -261 195 1026 36 -135 -75 753 164 156 311 49 -282 254 314 15 -226 477 835 172 375 496 -474 -142 967 425 525 -462 47 -229 127 144 -162 145 -521 101 -159 264 147 -502 -351 61 383 210 -53 729 277 0 180 -532 284 114 129 140 280 9 135 -189 -72 28 -430 -991 -693 -658 -569 167 0 384 -706 160 -215 -616 -145 -84 -231 -781 -178 -242 -111 62 763 -205 1 -239 -455 70 -593 457] 4497.16
[-584 -416 206 40 -659 750 -122 156 512 -348 570 117 103 306 -1044 349 381 57 136 -310 71 167 749 -59 -87 -96 581 -449 -866 -561 255 841 -1 388 -469 -255 18 664 -188 19 30 -693 -487 -440 -893 43 -366 458 170 162 -93 -101 358 146 -609 -116 -213 441 -211 -481 207 205 1377 -147 -16 432 -209 -319 447 114 426 335 -85 -244 -407 -23 -357 -336 -681 234 -534 -20 88 207 -537 34 77 -136 54 -811 -24 105 -64 -190 260 179 166 774 300 1215 -123 323 -498 -157 197 -207 -174 175 69 -92 31 148 -202 -135 83 576 360 182 498 439 -403] 4494.31
[-113 590 373 -276 -684 95 -449 -23 268 -109 -207 531 -291 893 -255 248 455 641 111 -89 -286 72 269 293 115 -504 22 129 333 -49 -258 448 -587 -423 299 -130 -88 -183 -704 -306 212 526 304 -457 227 -518 -222 -96 25 110 238 374 462 -10 531 -508 107 845 723 -339 -113 662 274 -14 443 25 125 219 484 -326 602 180 -192 173 345 -356 40 801 -804 -572 -124 129 -353 -395 133 -581 -290 51 -138 -520 99 -14 -372 -35 -244 471 178 264 -112 1011 399 544 -264 1162 -668 223 574 411 644 -307 -365 -343 -34 -156 339 -502 295 -275 -91 -169 -743] 4432.14
[731 -204 -77 429 -413 -573 -812 -103 -523 -228 11 -167 195 -769 -935 -552 87 230 -502 372 -21 -168 -13 -268 -581 -455 -280 -163 317 -7 -95 -99 272 -481 148 -46 -212 299 19 -316 681 214 -172 -263 -418 360 202 -64 185 -130 26 48 98 334 276 -23 539 -473 98 -45 -286 1 166 60 -100 -121 270 -12 -224 -919 204 -422 -437 340 134 290 257 -218 431 1210 142 -410 266 86 -425 637 -136 528 396 605 -138 436 -155 204 860 -71 -208 -611 112 -407 144 -55 -1034 74 -112 556 -361 -57 494 888 319 -132 -336 540 975 93 172 577 -8 137 285] 4362.61
[-269 -12 -191 -206 178 -355 64 165 714 -215 111 -419 3 -219 118 519 -113 156 474 671 -39 97 -664 459 212 204 -141 -250 -181 187 869 58 -193 -99 -202 -55 66 -346 -1034 306 307 -430 519 560 441 410 101 542 268 -11 -339 -74 233 -27 -930 -72 -32 2 -447 -240 -188 370 358 -474 66 -141 315 -170 253 774 183 712 -88 -221 151 -736 -431 -15 546 -1048 350 -44 -148 -308 -89 -287 35 -553 900 63 274 272 -799 -89 -168 -242 -151 -7 -165 90 -418 508 286 -900 34 -478 81 -297 170 438 -21 104 -203 261 -43 39 90 -304 26 -86 291] 4090.46
[42 118 88 -378 42 -10 -729 291 -452 -335 50 -424 -337 63 100 -197 328 736 226 883 525 34 231 -128 610 311 -592 496 30 -219 -354 857 -432 -600 223 613 380 -255 -226 83 -93 -145 -463 -114 -426 -322 -397 191 43 -748 75 140 1138 -167 345 1033 32 67 -603 318 270 667 -810 -372 137 -208 -151 -177 -129 128 -225 783 -507 590 31 -304 -356 286 -127 -379 31 114 -289 -166 -424 -475 -458 406 -588 -514 -516 -275 -53 241 -584 587 811 130 -884 709 -273 58 81 -525 -249 555 -230 -392 -464 314 494 -770 856 423 237 -443 443 -410 488 6 30] 4732.94
[313 -405 -282 447 483 -47 -244 209 227 502 -188 -77 -114 -96 107 -492 137 -160 86 7 -837 -167 115 411 108 -402 -102 563 -13 -203 573 233 59 433 92 483 -199 -97 -353 176 -192 142 -19 -232 152 -136 215 -650 1063 -88 567 -98 67 -116 -30 -270 1036 -652 -59 799 459 -259 199 467 -298 -73 371 -3 -268 -573 -484 -364 162 485 102 -593 -261 111 655 292 366 -544 -408 158 594 536 119 182 -124 -53 259 769 79 297 -257 173 283 -593 388 562 -252 -679 -376 517 176 602 484 287 109 -465 -16 232 -407 219 -525 112 -124 99 -513 -73 -639] 4159.66
[340 -252 -261 517 418 -259 132 115 -61 -194 -395 218 915 126 -102 -619 3 103 428 396 88 -395 -215 822 -352 -417 -559 579 124 -390 243 -594 202 -354 59 170 326 -576 -461 25 679 139 375 -49 -132 343 163 -174 912 -50 426 201 2 -370 -66 46 -258 -418 -156 881 -12 -1058 -292 -37 282 305 -328 -561 673 32 -184 -55 -229 436 430 -445 -600 -112 436 -168 -218 -628 231 466 -125 716 2 -332 331 198 -268 -120 -496 442 195 515 -494 -825 -100 -632 -102 -196 60 -500 -299 529 -108 -262 -550 819 338 87 -426 124 287 -363 -442 -767 -218 -90 -117] 4385.18
[141 259 50 -409 175 -211 63 -516 31 589 -279 -472 -421 272 374 147 -260 226 18 -149 -50 -595 922 -126 249 -174 270 342 173 -681 -97 507 -39 -794 563 -10 683 -195 654 41 453 520 -357 -293 -330 -937 414 -580 120 -256 88 310 750 264 -91 693 480 -410 -102 447 670 358 -412 5 445 -49 214 365 356 -87 -445 60 -64 -89 -582 463 85 -412 -521 135 -231 -54 -150 415 163 97 -369 -159 -680 -592 -432 -252 1127 186 -917 591 755 -361 -749 -323 180 -443 81 -395 193 287 100 598 -671 -517 -464 -183 232 478 -132 -19 -42 233 -203 -529 -272] 4528.9
[-372 656 206 -470 160 676 49 -127 642 -176 -79 -50 -588 -479 675 -28 -607 212 -296 -549 -405 -211 -97 105 209 388 -339 -475 578 467 -12 -691 480 -214 759 3 -36 958 169 -81 -273 -39 -56 841 413 791 46 119 -408 373 -658 181 -401 738 -529 -733 599 -352 425 -638 -662 363 -229 -560 893 252 -227 92 -70 549 28 -43 332 -503 -3 -624 183 -334 240 -602 -57 810 -302 -227 -129 -101 253 -165 614 660 438 -563 -56 -186 -166 16 -493 445 736 -533 512 985 294 -279 -366 -570 67 209 611 -6 -520 548 436 -43 -275 -149 77 274 157 -281 357] 4763.35
[-166 -171 -472 -278 -122 -297 -872 -171 -533 -83 -653 -463 -45 -656 -275 -455 -65 27 245 438 389 150 -215 -318 521 -544 394 91 188 48 -377 13 618 -461 63 898 -525 1090 209 -962 -352 -550 469 229 -921 374 280 -4 -767 107 753 375 589 361 715 543 360 -749 -418 -692 560 -387 -175 -883 564 261 -312 -334 22 -284 189 208 9 781 53 -303 -320 -220 343 140 98 218 -442 -697 639 -98 573 -305 385 53 -10 112 208 295 642 -421 -7 -70 230 -79 -836 100 335 -700 -643 -266 334 -209 -11 -426 1 -209 708 242 -489 -764 497 -461 52 665 423] 4910.36
[160 -28 439 152 -43 357 -656 77 291 52 -51 399 335 262 -136 46 -242 253 -446 -231 -162 235 81 271 -654 -248 146 -505 -242 -791 -121 -87 634 -219 170 313 802 458 371 -46 733 699 -403 -805 -153 -389 -231 -160 151 -624 -93 173 143 999 402 -192 454 107 81 -312 -228 611 132 -131 -13 -125 -342 122 309 -681 293 -406 -367 -962 252 1055 193 382 -269 67 -72 193 296 130 -355 5 29 107 661 -46 -463 229 200 -165 414 301 -493 292 147 -443 366 -132 191 -172 -279 -8 -235 -128 -422 -658 -549 -6 294 751 224 317 -401 -12 605 -189 -404] 4183.61
[-362 -69 173 201 181 17 1 -412 122 -498 -320 438 -206 181 215 -1173 -166 -440 421 819 -368 628 -121 -45 64 351 201 -63 157 461 913 -239 -38 491 675 -614 25 297 621 89 -860 -422 267 64 416 -70 -618 -601 -477 185 -443 -157 59 208 430 -329 -338 -224 408 -388 806 96 -295 396 304 -531 -200 -522 576 366 -345 -521 -272 -89 -160 56 -493 -893 851 -66 357 85 -475 -349 51 91 -697 -385 563 216 570 595 995 231 145 -453 463 -27 -30 -18 -583 392 35 40 247 13 248 -31 98 172 -439 26 531 19 -517 272 -91 -77 1018 462 172] 4572.19
[-269 -412 -138 -288 -337 -187 -571 -646 63 443 -254 404 48 -84 -607 404 151 -6 82 -501 -89 35 653 -122 61 -296 194 601 -937 -1277 -376 -119 -699 -518 1127 202 390 669 160 98 -705 790 -418 651 -252 325 -788 -764 410 144 -2 -595 99 347 108 -325 651 -213 211 -159 -323 441 319 253 -26 717 370 536 176 365 -740 -228 -234 152 -549 153 587 -571 102 116 -509 126 51 -278 -586 301 -147 -213 100 34 163 446 447 495 -13 517 261 -112 169 982 286 63 -246 504 664 -410 104 -14 565 -131 -78 337 3 1004 0 766 -40 611 -517 -175 -381] 4821.59
[-896 84 -594 -646 80 -212 514 -368 -658 914 291 -716 -602 455 156 -53 -317 -257 -536 -144 -255 -604 63 -323 197 139 280 379 111 24 461 -216 50 -955 -796 1009 -140 -60 -128 -1055 -353 -533 399 1160 -208 34 699 -374 145 -104 -70 181 1 -120 -310 326 133 327 1065 -217 -757 -203 -366 -957 573 173 839 294 -95 5 184 1080 388 5 -589 429 -361 -358 -579 514 204 -333 -216 -229 111 636 480 454 -324 159 -82 388 259 333 -311 477 1 427 459 567 -620 -343 938 230 267 -9 315 -404 105 268 243 -579 422 -581 652 283 -539 -73 -436 -44 -407] 5103.57
[-848 145 -252 176 -291 -273 -623 -94 -906 -310 -472 87 365 251 -51 -213 212 -402 372 -187 482 531 -929 -596 -323 -6 311 468 636 498 -77 -621 -163 -557 -400 173 277 670 184 -74 407 -580 770 142 170 139 -295 122 -167 -517 -80 174 181 0 720 -237 116 -440 299 -289 703 -216 -142 -861 607 -434 -692 -247 -672 -334 78 -235 -312 107 230 137 -591 -319 347 -226 306 607 -543 -187 -229 392 343 775 603 59 26 -361 -104 -393 992 217 290 353 -97 1213 -80 495 596 433 -758 222 -241 -678 -688 -90 230 -255 648 280 941 -147 -187 -124 29 864 608] 4906.08
[-156 73 315 -423 239 -952 488 345 -95 -478 -63 -92 733 -588 -37 367 -384 -74 344 -217 -163 164 -371 531 441 -211 -668 163 46 -996 228 248 -218 -208 335 375 144 -742 814 577 322 -361 -70 763 525 390 -255 297 759 -43 -44 -217 803 -524 66 242 -391 -222 -1240 253 330 -846 -335 435 -47 629 -596 -8 275 486 -120 206 -203 53 -62 -37 -185 392 258 -820 -420 -55 241 -217 605 -179 -279 -1189 38 -52 -472 -795 -507 611 691 255 210 -772 -309 -790 -210 1214 -112 -123 -349 450 -737 234 -442 327 -262 -184 143 -204 -1006 -290 382 -159 -310 31 121] 5033.6
[-166 394 -745 61 337 -663 -252 -1011 150 -355 321 295 164 -909 -362 -447 241 415 224 -74 -272 -459 -625 40 -115 262 401 399 320 299 227 -529 -553 -322 -645 59 -614 -225 -391 -234 -20 -312 -233 90 1549 198 473 149 42 990 305 -118 381 168 240 -48 110 50 -702 -492 735 44 377 -630 16 14 175 -528 -16 236 782 -930 281 1092 -243 -1343 -450 595 1228 671 859 311 -566 -224 -692 128 -107 740 565 -185 257 213 30 -1166 492 -130 435 -392 241 623 -441 -83 -693 957 -474 -400 -213 -410 -345 -274 665 942 111 -36 244 -742 703 -1241 -60 671 -118] 5720.27
[-630 -89 315 158 -470 322 422 83 267 432 -120 -400 -347 275 -331 114 -407 471 397 -683 -122 -565 -77 98 573 97 -162 229 -188 20 265 -246 398 -256 613 -248 -862 -954 362 416 235 639 338 36 103 100 289 -189 -182 277 83 929 459 597 677 13 587 28 1210 -364 752 -245 -560 92 732 -204 -199 291 -133 -210 64 530 -591 764 -495 -668 -534 -435 965 -31 475 -356 214 205 -428 -170 -201 218 293 -173 725 271 323 432 -424 627 -105 491 -166 602 -243 661 -259 -55 516 235 588 348 -157 -918 -187 -176 -879 402 110 482 149 822 -323 -449 -15] 4845.27
[64 -583 -1367 -154 -364 256 688 -1099 -54 -268 -1008 535 -69 329 114 1626 -347 58 -161 -623 -323 -569 120 358 -415 387 -64 619 -767 204 419 -827 -429 240 347 71 -80 500 216 262 16 -151 -415 1070 1109 -254 -103 91 -260 846 372 403 66 -74 187 -117 -411 1170 -3 -134 168 60 -309 -271 367 448 570 -798 142 441 66 91 468 -718 777 -474 155 -75 838 -251 -31 -341 -674 -304 180 256 67 -519 1022 258 204 30 338 -415 -269 158 -1018 -1078 583 24 -48 -325 716 1017 -501 -564 358 -514 -244 -528 -233 459 18 750 -263 -236 -344 -83 145 -361 -353] 5582.44
[-145 -541 -45 473 -37 -406 434 -100 -814 334 54 286 475 -194 -474 826 468 -198 118 705 347 38 -360 -710 511 -54 38 -393 -1016 70 -386 -52 -326 349 -885 -449 473 -444 520 387 29 -136 -169 96 -10 165 305 122 -280 -194 -428 -447 -706 -132 -172 1318 -799 -27 -741 -304 -381 -110 -587 -275 -513 399 -201 -4 168 103 530 845 497 139 815 703 58 371 124 340 -232 -340 132 -277 69 -421 -294 -174 397 -346 -1321 -471 -443 -181 896 -144 -1069 -102 -665 -321 -540 -117 681 -208 -456 -267 -491 -678 -395 420 389 -339 321 599 291 102 -1052 323 -360 -163 334] 5111.75
[-407 66 38 277 323 -3 647 28 -367 185 296 1213 183 241 -518 -340 293 864 -422 -285 342 400 -406 -469 -43 358 233 -461 255 398 114 103 -246 936 538 -848 191 -42 411 201 417 819 10 110 -216 -862 214 -105 -1064 -101 120 1384 -545 329 368 1018 -427 417 124 -198 445 -434 -897 -648 -701 101 176 1017 300 -268 542 -198 483 156 164 -173 285 -353 25 321 -148 881 231 136 153 -180 128 105 -189 -1023 -474 -232 190 -84 959 373 -927 -150 519 150 289 558 98 -422 -297 385 -414 319 0 -5 -304 162 -575 159 265 -21 24 -181 -55 30 -182] 4992.24
[635 409 390 -334 -543 -61 -219 216 527 584 -675 200 555 134 43 193 -436 -17 261 864 548 -440 -340 229 268 -657 -659 -395 -347 -278 -1242 144 -408 -668 118 190 311 -21 -607 -400 -30 856 211 -111 -478 -385 186 134 -961 -154 -706 -173 89 108 316 173 239 -313 29 497 -1283 691 50 -417 -15 -497 -479 592 504 -119 288 207 -411 -581 256 17 87 842 -868 -732 -44 517 -34 -910 -79 -445 672 -43 -260 -50 6 426 55 181 111 408 30 -329 -127 281 373 -254 241 -657 157 -673 -393 199 306 163 -134 -116 81 -203 220 552 -427 -420 -550 -60 109] 4783.77
[-1110 409 -423 -499 -5 -286 351 304 -404 901 970 114 1015 -1149 -844 -104 -33 -26 -429 -135 126 -156 -210 -198 -233 359 116 -297 198 282 87 2 -365 65 -609 553 485 -894 -310 -894 132 217 277 -183 -170 -153 614 225 -617 150 -5 -352 345 389 -103 540 -790 1261 229 58 343 -68 457 -230 -699 77 222 -213 -186 -612 99 364 125 170 -752 671 369 141 -426 782 -208 49 938 514 28 60 -195 55 -405 -567 -878 221 314 69 178 -406 785 435 -297 -787 -827 118 294 -232 -390 6 206 -155 -370 106 -145 88 576 -14 182 -449 225 -439 -117 507 -287] 4991.82
[-408 95 224 -1531 86 -695 -5 302 504 -94 291 290 -1129 -1144 303 590 79 -475 -10 -19 -229 -425 -1000 129 -881 100 -424 -80 412 820 404 86 -1088 268 -191 225 -248 407 -655 -462 -321 -523 -250 812 9 -188 -394 65 827 -773 -804 124 -581 423 -1146 -380 947 192 -225 43 -718 453 76 262 -172 -3 469 -116 -630 -91 203 325 62 140 156 -189 -55 153 904 147 -136 -274 343 719 -741 -301 -167 -538 401 -103 347 399 -823 -119 -423 274 538 -705 233 4 -369 1348 -539 -367 271 292 -416 172 466 510 491 -553 152 282 -183 618 -147 293 128 51 350] 5430.92
[-660 181 337 386 -272 -22 334 -323 -52 -19 -378 549 183 577 164 117 -181 2 435 6 422 353 -219 -607 809 -214 40 -238 -372 191 -380 55 -193 136 -145 -637 39 -188 216 -144 -425 -129 607 -305 -1 54 -198 65 -658 -34 -781 -210 -164 -540 621 -778 691 201 219 -453 -742 508 435 134 -349 416 181 -192 957 96 217 394 -246 -42 -210 -336 256 134 366 509 -316 169 -64 -177 510 -707 130 -870 420 -891 -367 -747 -303 -31 -75 -424 -226 532 -151 2 -589 581 10 142 -279 -564 -570 -191 20 -92 170 226 133 135 -419 281 -373 -452 349 196 -246] 4238.25
[-302 -177 -736 -143 310 252 -144 -393 886 -401 -452 284 678 -168 182 161 -175 -172 155 508 -223 -1060 85 -608 23 230 322 -50 -631 -172 -364 -48 698 199 141 73 201 81 460 1078 -51 128 -607 -586 800 -418 95 -558 102 -269 347 37 -30 -251 400 -156 718 -1296 -293 646 624 -269 173 -37 -715 512 255 225 418 -263 -531 -144 -173 196 1027 -769 -644 -213 120 -25 339 770 -204 445 -149 -66 -1243 654 -449 -524 -466 -264 155 -765 245 804 482 -1157 -99 950 533 -642 -354 569 -659 -517 -803 -207 -517 -334 99 980 -271 -51 403 551 -715 -464 -178 -410 457] 5439.61
[323 214 322 176 -759 428 -731 192 495 -445 -185 -87 542 -140 896 647 -361 -164 -47 -144 239 -426 -8 480 128 586 -135 -657 -309 635 -330 9 106 -181 939 379 23 81 -149 -44 166 -606 112 -248 -281 -1023 107 -61 106 -3 497 -107 375 154 128 -464 287 -319 -14 445 -278 40 -645 58 -392 -252 -194 -278 462 196 153 34 523 -946 538 -1115 62 872 281 -691 -224 183 -185 618 48 -216 328 -416 511 192 232 -102 -209 -569 58 728 -248 145 591 -190 606 -214 509 380 -900 -277 302 -202 44 -353 746 1124 749 -950 144 -654 115 -237 -12 -398 -50] 4803.4
[1096 144 677 681 697 273 -223 125 -570 271 -121 -1040 -150 421 -95 -735 -276 -240 -158 1048 568 244 -105 -519 528 286 71 -557 774 558 -57 351 574 -198 -144 92 58 638 -393 -94 -462 -557 -11 -102 -1178 355 417 -489 524 8 223 -596 -810 -912 -23 80 605 -922 -106 340 -830 -488 -486 645 -647 -144 729 275 148 482 -597 48 1004 -358 -704 343 266 388 -382 1 361 -244 -92 124 216 18 -82 435 -610 9 -179 276 115 44 -521 -1109 -359 161 88 -118 -679 -111 -612 498 416 21 -528 382 754 590 1042 -415 539 -97 -491 425 445 527 -498 -170 547] 5405.83
[-202 458 427 210 36 -590 -1091 468 412 381 178 177 428 -357 -349 -792 30 -105 -850 384 -50 966 307 -329 545 622 -1005 -118 436 425 312 82 86 1158 -184 -580 366 79 805 -177 336 -354 -248 -293 -410 176 -166 5 481 -441 51 -719 -527 355 -423 -114 87 6 -272 664 862 -14 245 -206 -409 109 -214 468 438 -533 -47 -889 -432 -89 -390 1086 343 676 -83 233 194 397 -172 733 44 -349 622 -210 -177 313 337 138 -8 3 -147 -764 135 769 724 -281 385 -321 0 324 396 370 407 -48 208 328 -80 212 357 451 -27 -145 241 666 385 534 356] 4862.23
[-50 16 501 97 -405 67 472 414 -712 514 525 408 -444 -227 944 -823 75 -160 -545 -947 470 -53 -156 -582 -692 1010 -258 -4 139 440 -189 351 278 925 -20 -18 202 227 556 563 299 -207 -324 387 -293 -568 279 214 -811 90 -232 -370 -950 -459 -57 639 -415 66 -74 397 171 23 -194 402 -315 362 23 543 75 -1045 184 -364 -49 -233 -150 651 43 377 -63 -239 -543 805 -75 345 296 -445 220 -181 -1402 -381 -553 79 57 -398 -350 512 545 -163 768 -292 708 186 -377 -625 12 -18 244 1 -900 -1017 756 -406 426 -697 120 175 126 -272 284 557 3] 5092.03
[279 -239 450 -207 658 552 -465 626 812 364 -396 -137 -921 -457 265 -964 274 984 307 -639 -372 -868 159 103 -454 65 14 -276 829 98 83 701 -285 -167 737 651 -359 854 -296 -54 330 720 129 -150 -333 -69 152 -485 -331 201 -380 942 705 1304 141 -82 784 -869 613 -439 67 824 205 213 538 -139 -421 881 -104 -332 -470 -142 -104 665 -13 2 246 13 222 -64 -195 647 453 210 522 189 -194 230 -380 173 -40 334 99 309 -700 457 275 10 -42 -331 249 -12 -573 -958 -282 235 -67 746 -128 -1206 54 438 74 399 278 -68 13 295 -56 -474 69] 5166.87
[225 -82 -164 -506 361 894 -723 244 322 96 -539 87 -582 256 127 -295 -121 401 30 70 -199 116 648 265 -743 -76 282 543 373 -1109 -372 140 324 -980 1415 -44 227 783 -441 -201 70 880 -880 239 -460 187 -514 66 -43 919 -218 589 875 343 -284 124 246 -476 -312 -690 62 439 -497 -336 958 99 -585 -666 289 105 -674 -372 66 -232 498 209 -449 -44 116 -304 -596 287 -119 -334 -306 248 -148 57 -93 887 -2 -249 -132 611 113 200 -127 334 311 -361 715 348 -51 -932 -170 76 156 99 599 -120 -526 -276 659 45 -32 -187 -105 -400 1227 -193 -496] 5086.84
[771 51 -157 45 470 44 625 22 819 382 233 -335 -37 -194 45 67 -243 252 229 71 -728 -296 196 322 592 100 118 217 -245 -491 99 471 -578 205 643 234 258 -34 -37 -377 -646 387 -433 -80 -624 -309 52 -104 338 -1029 -486 -337 220 270 -304 -422 1160 422 155 24 -1093 825 841 13 266 121 -264 -514 420 185 -65 934 -552 -302 -179 -18 121 12 149 363 -271 -270 54 -783 479 98 847 -127 21 29 113 556 137 542 -804 -243 369 72 171 242 -194 -349 -391 -406 776 165 159 568 269 -42 -312 406 -129 78 -470 794 -8 213 110 -471 -829] 4643.39
[-162 -627 -249 92 207 611 367 -319 999 61 -15 -123 132 -53 -300 460 -434 29 8 231 -524 324 164 -341 -41 725 776 -672 -217 600 -70 -370 -110 484 72 -113 398 566 -194 753 -131 -266 338 -80 219 412 208 -33 -507 301 -193 -185 -214 296 -871 -85 -673 -12 -99 -1145 -933 -465 -212 50 -596 1160 156 229 -168 439 538 199 9 -3 535 -248 -522 321 -199 532 115 370 141 -176 288 -185 -193 300 -424 837 -272 -130 -220 -334 273 478 -996 -421 607 -400 -214 -830 -167 520 -461 -135 -968 -457 -310 -118 228 817 1450 -163 751 112 -189 391 480 -816 1103] 5159.31
[109 -225 -315 664 -219 491 7 -588 -768 154 7 -845 291 -340 -12 868 -118 350 -154 -595 460 229 -511 112 -519 1018 381 45 -406 514 -447 -416 237 -529 -204 312 -33 -492 236 399 1017 215 539 71 -485 -661 363 859 -550 142 -91 366 56 192 124 -72 319 240 295 -778 -230 45 -342 85 -599 229 134 -355 -123 -363 896 342 460 -150 -469 -486 82 387 945 -4 -308 59 403 326 -103 -436 818 422 479 138 -513 262 -760 -908 -45 607 -641 665 381 -363 -356 -352 -21 22 -434 -173 411 -264 -469 -481 511 -236 -102 104 -35 -207 -68 166 170 721 -456] 4777.34
[-331 122 -19 259 -393 296 -481 -382 421 -217 -104 -218 -756 505 -391 424 -333 -15 -97 156 285 943 411 -619 94 -773 -604 -3 -690 -154 -244 196 -171 799 1013 -867 -447 -454 184 -153 -500 14 -18 31 209 -306 -532 158 310 -1068 -147 -743 -460 -686 514 657 261 23 -174 22 250 -661 195 -235 428 -532 -237 -152 -699 31 321 5 248 759 65 -36 -149 498 -195 30 -491 -576 97 -127 940 -466 1021 272 -5 567 648 504 488 633 -106 46 -379 -620 -577 497 647 -383 -1241 171 308 420 -195 -119 -562 204 237 191 -441 199 159 248 391 346 -196 -213 999] 5021.99
[109 -161 61 478 -191 167 -388 83 6 76 -473 -90 -71 692 -241 -120 323 -77 664 -930 -435 -341 519 557 -90 -296 173 310 -261 -476 -764 292 -62 38 253 -339 341 750 -133 475 200 539 -234 -651 -196 332 86 348 569 774 -416 213 148 698 -381 61 639 -210 184 -112 -416 428 423 -149 -20 48 -59 -261 299 754 399 -335 -318 203 -375 -958 -677 -77 -142 -127 334 -649 -1175 1038 46 96 151 -915 661 -418 444 202 -4 750 -874 35 319 984 278 272 299 253 -395 519 238 -622 1160 -233 -28 -849 -14 458 -47 263 30 107 -975 742 41 -28 -764] 5030.99
[1110 -159 524 -172 510 99 -469 47 31 -880 -340 -509 -190 574 615 -895 -229 818 -171 734 -589 -184 404 586 202 -122 -1067 719 684 305 -760 162 56 -282 299 -242 46 -214 78 -330 -115 312 -940 696 -213 211 -89 -155 891 -106 -299 874 -188 365 680 172 1202 79 -355 948 -282 563 -454 -242 -712 -545 141 -897 22 -302 -516 -391 134 362 -230 349 69 123 1024 -109 266 -918 -643 -169 -889 43 -671 116 610 -42 750 -21 32 -447 -846 310 -41 -31 -197 -216 1016 270 15 201 -145 61 -493 441 391 1051 -46 -386 -224 903 31 -396 815 186 -298 2 479] 5522.72
[15 -752 -565 677 -248 865 714 447 981 403 125 -317 -320 759 -637 247 -60 585 -204 429 798 656 573 355 -407 -230 244 115 608 695 1088 716 631 -238 93 -631 -359 -323 -679 472 130 -231 -168 -9 102 -874 648 -475 -283 113 600 870 538 440 266 338 -299 311 -259 518 533 294 389 -252 200 269 1169 87 -181 -21 189 -20 159 -387 174 -1158 -963 249 -532 -488 491 -104 82 -645 489 -152 656 -139 151 111 580 199 -290 -760 142 357 67 142 570 281 -1027 -75 -32 -126 -329 -128 -367 183 160 -868 312 -167 -214 867 154 -108 742 538 1021 99 -260] 5401.76
[300 487 -138 711 310 1298 579 -634 292 382 53 -940 -724 -244 -215 861 392 -36 -966 359 217 -612 398 -1101 127 211 206 397 464 -65 173 -835 373 -668 252 178 -818 -277 613 530 -203 616 -24 -285 230 -368 292 -651 -593 19 -311 -770 -462 -260 309 490 463 -119 204 -183 264 579 351 -118 429 -582 -310 186 -592 -418 157 -216 -70 261 -344 145 36 155 644 773 1003 -403 735 117 237 -389 1115 423 -145 441 -176 680 601 -114 -23 61 192 260 -11 148 -142 -365 -479 775 91 -14 154 330 258 -313 -260 123 -750 -328 137 -368 36 1954 -434 -304 312] 5414.93
[253 360 222 487 51 -157 403 -629 376 -776 677 -245 562 -255 453 573 -182 58 -548 -470 32 203 -3 846 -91 -6 -77 205 -206 386 -379 -614 -383 -245 29 -33 -155 -538 -206 327 397 443 674 -774 40 -570 -46 553 543 -226 -404 -123 113 389 67 -25 -160 501 -719 -435 380 71 -431 63 -406 622 -111 -415 245 105 951 -413 16 -254 -195 152 239 954 152 307 -635 924 652 -140 -215 -345 1245 -917 558 242 716 223 246 -601 29 -74 105 55 524 -803 243 294 329 383 -310 123 -670 50 -518 -355 -10 942 -583 -423 531 -546 1246 -789 216 799 -245] 5095.34
[1076 2 -367 805 -675 -607 659 -116 60 -355 -92 -356 426 -120 -133 413 675 -478 -120 282 331 -217 -286 -103 510 -192 180 -343 -199 266 73 340 -481 322 -382 -542 -1265 -156 -220 115 -463 491 365 221 -217 131 799 -340 -503 813 235 -488 -233 -47 -299 234 233 685 -497 -380 251 224 -441 145 -736 52 618 242 -332 -211 549 -110 -149 333 310 8 91 331 141 1010 914 -368 -66 -1189 -212 -265 636 327 -56 82 573 562 -375 -332 914 -593 -557 -788 -110 656 -210 -240 9 711 784 -649 -78 174 906 -2 -134 800 -818 -257 358 -761 880 59 -967 734 129] 5322.16
[73 -112 342 -766 384 -560 465 191 302 -177 -401 -976 -112 33 255 1068 -423 -396 701 282 -173 -565 -636 399 -1002 -309 549 -155 -699 -409 -637 246 35 -205 -113 282 -185 -611 715 -123 511 -56 -30 52 319 385 -232 236 -363 -926 -247 -478 -150 38 -488 -1153 606 -394 29 -598 -100 -219 1174 -32 -218 259 195 233 -264 503 -250 552 620 -38 -669 299 -83 -319 119 -702 -381 -101 433 541 -94 180 -628 159 993 367 182 297 78 106 -697 -39 771 -171 -551 -53 -792 179 117 268 188 -557 -608 -377 -1037 36 62 -422 -230 287 -45 1022 -283 667 -629 174 548] 5161.84
[-354 828 -709 763 194 -560 -172 -326 -1239 -45 446 -406 -12 506 361 -788 -49 -136 -67 120 105 -396 -205 -398 328 402 -342 -668 -652 289 -179 -483 862 -180 578 57 570 11 -67 151 21 291 556 180 371 281 -260 582 -295 -338 -489 -1065 129 -10 384 229 -77 139 1151 -481 -177 439 -320 -436 176 135 -315 786 95 773 -19 838 -108 102 -196 -266 -275 -901 -433 -692 -112 945 -560 -23 -150 449 -115 371 288 422 299 724 396 -134 28 -611 506 410 -480 741 817 318 932 -313 244 -515 506 -202 61 826 -384 625 -850 -97 461 224 -534 763 -406 -91 -259] 5232.08
[-280 104 -70 -357 -28 953 -159 67 1004 -477 -439 -490 -302 122 -243 -223 -444 408 -59 1037 715 483 -6 -216 -157 -219 -751 71 -14 177 13 -28 392 -285 -48 320 -633 372 -1117 -321 -275 150 -87 -223 -349 -402 -138 -40 -270 -523 45 586 543 -351 503 305 986 45 -306 196 -564 1012 710 -500 -989 -313 472 -692 448 -618 183 570 -96 -271 62 -598 -304 156 -212 271 -251 -607 1019 -230 -424 -476 705 -515 410 -1031 559 541 -1000 -523 294 1046 -482 280 680 505 130 619 -720 -486 -323 62 -710 225 701 890 208 342 -922 326 311 49 -67 8 -77 797 -145] 5448.85
[-449 185 43 -800 -945 -726 -717 -40 63 109 -161 416 505 -1 -79 -98 -128 -637 -369 383 469 727 -410 394 -33 237 -168 -45 -194 -662 1237 -577 391 -413 -24 -29 13 60 -638 -1099 569 130 188 -388 132 -217 -735 583 -194 717 708 -534 1056 398 160 -550 -362 165 82 888 792 -342 -102 -28 -259 -914 396 -121 500 -457 309 -326 -306 -476 -240 580 314 -271 600 -284 1232 -648 956 748 -698 342 -216 -325 -46 -329 28 -263 504 -1114 456 339 -123 -116 371 -286 -304 -498 -641 -180 251 477 179 65 197 926 -147 -439 -1015 -1025 -413 122 603 24 37 169 792] 5527.2
[-454 717 38 274 457 624 467 -382 -106 634 -229 -280 799 -251 341 -300 -273 64 173 -106 664 -382 34 -199 -20 323 148 -58 -323 274 -77 -738 418 -268 -51 -248 -172 210 -86 932 -165 431 -207 -618 1020 -544 -155 1000 -749 352 -26 322 558 -44 666 87 -74 38 266 -692 476 519 715 104 -28 -1084 -324 -949 -101 512 21 -271 533 -528 418 -190 -11 -488 552 -583 41 256 1130 -604 149 -120 -260 -350 1023 111 37 406 98 -814 609 -158 -248 830 -714 -424 -140 116 -241 -212 114 98 722 512 -425 -96 -464 161 -773 429 -451 -218 -432 609 448 120 441] 5042.85
[-189 2 102 -564 -270 632 408 1054 118 -482 600 -86 164 -390 -48 611 323 -98 487 -492 -109 -419 -721 -115 -322 -403 -31 -664 98 473 173 523 531 -483 -204 991 -879 -436 -734 -521 -7 212 636 -240 112 -510 497 -714 271 -769 -125 29 -492 431 230 -566 -72 -7 1219 450 244 -342 -124 641 -83 -73 -210 1016 -894 -698 -85 472 268 94 864 -800 293 260 -300 -191 -535 294 902 495 90 202 -141 666 154 47 39 542 -806 -350 -86 637 185 212 -1434 889 -534 -22 614 -402 -789 -357 -38 -163 85 -633 653 -356 -174 -131 593 77 -655 142 243 -488 -339] 5387.53
[-712 417 181 -426 312 178 -371 48 582 896 -137 -156 -331 -186 255 470 128 -673 -388 -481 183 9 258 -531 58 -170 340 -343 -472 674 184 209 16 619 -9 -161 167 451 -358 405 -410 196 423 -70 488 629 -121 658 -444 268 -180 51 489 -311 -479 -680 -216 -574 67 -806 -16 -534 129 136 -451 -628 166 385 -524 702 -864 110 1075 -320 254 -372 -25 -9 -804 415 -554 872 626 240 558 704 -239 500 -394 280 -666 -914 245 468 356 -71 146 789 -675 -86 -664 -210 316 -267 275 -16 -125 539 265 398 252 333 453 -951 248 -274 -513 -426 -485 -162 706] 4924.65
[57 6 -746 275 -98 -73 -219 13 354 80 -156 18 273 721 -207 111 -108 505 690 39 512 -900 1025 151 -424 108 431 -967 -277 -141 49 634 -42 430 -102 -557 82 -165 424 38 260 -344 -973 477 -216 49 403 61 -951 224 360 590 250 -138 169 217 -138 183 744 59 -318 541 730 -262 118 -386 -327 440 529 665 367 294 -285 202 -435 -1286 -796 -898 -903 415 672 82 -1155 646 -5 -92 -752 402 285 -763 3 -368 457 562 -147 327 507 79 50 546 -479 -493 581 59 675 -457 345 -667 -72 94 -402 399 254 487 428 129 -844 -2 -373 -159 -355] 5132.38
[-61 310 199 28 212 -117 598 -308 -290 -571 841 -291 -568 -314 349 -479 -16 16 -632 102 -285 342 -156 -279 410 -306 21 55 -348 250 -146 301 746 73 -240 -216 163 -126 796 -222 -684 -401 -269 392 153 -101 377 -355 648 -1075 104 -435 -400 548 -388 712 -559 -77 -598 261 51 -83 -419 10 -500 -72 591 -2 -598 534 848 100 -439 -154 -429 909 -90 -140 -271 566 804 -843 -375 -310 -75 -384 -81 77 -861 669 342 20 431 -351 335 -297 -282 -226 314 -784 -695 141 -250 -368 298 31 -49 24 -351 317 -316 91 415 98 -853 144 362 171 67 164 646] 4579.94
[963 21 178 -422 31 -59 219 414 -1011 -163 -358 -573 -490 -532 400 155 -10 80 0 -220 439 -10 -42 -217 302 -87 -61 42 -247 366 -225 491 -68 -302 735 71 186 -107 -358 -715 -47 427 -370 989 -843 590 11 -329 -821 727 -87 -168 284 -585 34 221 124 -81 112 -643 -213 -83 -430 674 -818 130 1073 288 -138 -819 -546 793 838 -285 -284 31 892 -306 204 605 -407 -101 667 -174 224 233 -72 -524 -660 58 530 -380 -146 53 -658 140 264 42 328 -448 -318 237 -155 -408 167 -361 238 566 554 942 -363 -502 -350 117 -157 304 -206 376 -491 766 -107] 4826.74
[332 214 -216 -295 390 -355 -241 -84 29 908 -355 -515 -254 55 764 403 -604 -176 -62 -735 225 -181 921 -556 334 -162 583 191 109 -646 -511 -695 606 349 -464 -806 274 357 -233 -241 -637 -118 -44 -89 -531 216 317 180 718 678 -402 104 -937 -669 -20 -17 505 -288 -183 -350 -583 -474 128 701 294 594 -629 -784 516 -72 132 -290 755 -36 -218 470 52 328 77 875 -1425 -47 -136 -1287 557 52 354 143 -900 95 -268 -837 114 456 -854 6 176 -124 -30 -183 1026 -31 -455 -125 -222 258 -82 1006 301 -451 -282 30 -441 1043 -186 45 214 -636 -339 -604 -174] 5341.25
[-23 181 741 54 -257 619 163 1034 -245 5 -104 77 312 341 -164 -556 229 247 19 -418 468 -703 -274 455 -638 -514 -540 -383 76 179 -179 -2 595 77 -121 -450 -94 562 -128 -358 923 537 420 219 -437 219 290 387 440 -676 -158 541 -491 113 -65 -135 -390 18 482 297 -165 -746 37 -177 202 -351 -1072 -434 319 593 402 331 -418 19 205 566 137 2 -75 -594 -127 -116 328 557 -742 192 -566 99 -130 -130 -234 -16 -200 -139 115 746 -342 233 -190 -246 490 1214 458 -425 -281 649 116 245 -205 38 -20 -661 116 478 71 -13 -615 298 -275 86 262] 4466.96
[19 -57 -546 -935 493 -333 -434 31 -77 -45 259 -600 657 -259 90 -193 -391 -379 242 598 -183 55 105 465 804 915 -597 -322 -63 -451 -21 117 -615 -673 -363 786 519 -1031 362 389 -209 -621 -546 324 -106 215 -186 387 320 120 566 -330 844 -140 -95 -1044 71 -264 -80 -80 -413 -304 -34 75 16 251 -720 -233 53 745 119 -46 171 205 -685 -709 -707 -331 71 -484 518 -42 246 168 -371 -318 101 199 350 500 -67 46 301 685 -787 -607 60 674 -79 -19 -53 -1511 48 -12 481 -339 -23 -516 -97 1220 -440 199 661 -1595 -178 222 490 223 -934 -51 -79] 5277.3
[-376 -647 -591 -191 106 -411 663 248 -209 155 -68 234 -642 -110 -509 499 -89 408 345 168 287 224 -305 386 89 -85 -437 11 -251 -541 97 16 -522 148 283 146 433 536 63 -288 -251 -294 -84 -172 -468 463 648 -113 482 74 339 57 -927 -346 -861 311 30 28 -599 0 -674 -782 492 -162 457 401 847 -312 536 191 -951 -874 -15 271 -631 -340 673 -736 -348 -793 -594 -133 -254 233 670 -979 136 -444 134 43 1 656 -287 1220 -529 -143 -965 -812 518 421 329 577 -771 30 151 -392 216 -124 62 -269 -206 408 -48 245 -484 541 18 345 60 -90 -135] 4910.01
[680 -174 -215 -54 -18 176 -499 508 137 -1176 157 -120 548 -75 277 -575 -308 -18 783 583 288 548 -126 286 88 -895 -134 68 -170 314 198 223 -401 -8 67 -935 322 200 -812 -483 175 333 -69 -190 -283 292 -141 301 -39 -185 256 -339 -120 20 243 -20 18 -639 -5 171 -520 -9 -283 108 -517 48 31 -676 453 423 81 212 -14 273 129 -420 -141 -76 51 399 -201 299 -190 -365 -292 152 312 -7 904 279 611 166 65 -142 -591 -437 55 254 -542 176 106 -674 368 -515 -509 -127 211 -881 -39 662 156 -348 352 108 569 -108 -97 -743 410 567 416] 4249.04
[-221 1019 -41 -206 188 166 -213 444 179 -68 113 -170 -654 -452 996 -22 760 -75 19 132 1056 -265 -352 82 -244 115 -433 -710 -283 590 -215 328 141 344 9 -128 -8 -511 -943 -287 -528 -13 -59 493 -480 -587 -210 81 -199 -388 910 -259 -55 -19 -622 128 -358 754 911 87 -378 379 166 229 -426 -742 824 -467 -263 678 -215 909 384 99 -125 170 -118 88 -93 -267 -1 -406 569 303 -150 -276 -464 320 -312 -27 19 318 -355 266 -909 -66 119 439 -702 -455 -418 -369 -663 -821 130 -262 1289 -70 397 742 517 378 -434 281 320 16 -407 -385 -211 -310 527] 4918.89
[-172 58 -625 460 -102 169 240 441 518 1325 -397 -358 -35 1020 -168 -1100 -53 -23 144 619 996 966 373 -736 -346 373 -667 -507 -214 448 1048 265 43 312 65 -766 282 -189 -1220 -88 -643 271 -75 368 -9 -321 -375 440 -419 172 483 -194 229 160 313 -1158 367 -97 638 -132 -749 -1 946 -52 -321 60 789 -815 498 -208 -442 -67 65 293 -412 -455 194 -272 60 -323 -21 631 447 -398 856 -103 447 204 -86 134 140 1039 208 -229 221 -275 32 429 488 935 -878 -167 -229 -482 860 92 -100 -110 604 59 511 -83 238 -40 -166 594 118 -602 581 -124 227] 5381.07
[11 673 93 -716 -348 -910 -376 679 329 880 -828 -307 87 628 578 -552 -13 628 -483 260 355 -477 -88 -244 78 485 253 339 -82 -221 -98 297 1216 246 949 110 214 -286 275 -204 161 112 -343 524 -258 262 350 -199 -994 334 434 -260 692 186 558 -745 151 -480 443 -397 163 -25 -283 -290 293 -110 230 314 463 84 -366 108 77 -681 -220 -143 -101 120 333 -648 185 1203 -461 -651 288 713 -910 280 -532 647 -370 -239 270 94 89 873 632 408 -548 313 -232 193 -257 -560 561 -352 97 394 15 -489 207 62 -697 -411 -132 270 934 -506 -218 140 371] 5035.22
[-164 -170 -354 -462 438 297 744 32 -18 -324 -169 -182 -855 293 -59 -303 -244 517 -215 -216 -822 228 339 -721 -185 171 -178 -817 -116 744 -551 -234 337 1087 322 -294 326 -11 714 -4 -439 -366 -321 838 184 -42 -150 750 -441 -79 2 580 -196 239 245 69 292 520 -255 -611 -956 192 444 -78 36 339 39 -669 -123 186 212 899 108 211 -202 -102 394 66 349 -158 -407 451 -1065 -226 952 -698 -71 11 -283 -524 -716 -40 -318 919 -419 -814 381 455 532 -114 595 1071 844 425 -492 -366 70 540 25 -343 -507 311 84 -191 -978 -160 -459 344 281 -439 209] 5061.86
[180 -13 -379 262 368 -94 561 -427 -577 -166 818 -244 -263 64 240 -238 516 -503 222 95 191 770 673 151 170 184 292 -114 290 780 234 816 296 -5 -171 -65 -28 760 -132 244 -181 -497 262 578 -854 -961 -257 338 671 -475 547 369 -76 213 -626 845 -802 883 -134 808 -569 265 -503 -22 36 314 302 855 -13 872 336 391 -139 442 600 -226 -67 0 -1147 22 495 421 -691 -573 443 -116 222 -287 -148 -5 -350 549 -152 -189 429 165 108 -37 -272 952 -481 -188 1084 -859 29 147 417 -646 601 430 310 -792 308 -267 940 -113 -52 325 613 -341 241] 5165.11
[152 196 38 -442 -379 -211 322 583 -555 -103 -188 154 -80 -201 779 866 616 -418 189 -768 -802 -325 -225 433 -173 -41 1791 -206 -428 0 83 113 685 748 -453 984 -312 188 -407 119 -112 -233 599 -329 -22 -271 42 593 -853 343 358 1003 493 -285 302 -160 -927 1041 357 -355 330 -250 -91 61 157 -96 -969 69 -591 130 1106 337 -425 -66 718 -969 -893 -602 448 333 313 -40 -367 -173 133 -116 160 -380 -520 -169 -570 -348 -327 193 317 211 281 -205 -177 295 -1112 67 1225 -195 51 169 396 396 -399 -643 -231 -750 144 -638 -566 -348 209 -621 191 -190 -520] 5484.86
[331 117 160 -335 441 400 641 -183 1 208 560 -154 -217 120 -184 375 -9 14 -388 -333 -412 -426 717 351 -411 -207 -440 563 42 -628 116 124 -91 -758 311 56 273 263 303 391 -220 420 -740 640 127 170 -190 -129 203 534 -687 261 -197 -174 -395 1145 -39 683 57 459 -334 802 -87 28 450 403 42 882 108 792 -370 -481 803 36 17 301 116 -3 -314 -482 81 -685 -26 306 -507 -57 352 -486 788 132 8 629 -382 430 -320 255 -759 184 -412 -838 683 596 624 -317 19 -530 351 145 399 199 -165 -474 -145 402 41 -219 -196 808 289 -902 -132] 4662.22
[-265 -469 -130 -237 677 175 -261 871 -1035 472 -102 356 -228 421 808 -487 277 -73 135 914 49 -332 -149 -27 477 716 -787 -253 158 437 -535 1106 -40 6 -430 583 -76 -188 -582 329 -165 621 -76 207 484 -149 500 344 -825 437 -314 90 -287 -10 -274 -191 422 -177 540 -151 -175 855 -124 45 -1005 131 474 108 -359 -35 -1176 574 420 -98 433 454 -270 -431 104 -850 -16 624 -308 123 571 -184 -1189 97 -234 -63 -175 47 -325 315 -1070 -342 43 595 -523 -558 154 -651 666 -64 -753 -324 565 -601 451 192 -34 -16 296 -255 -196 -116 -657 341 64 -115 -448] 5093.59
[-1355 1004 132 -386 -242 -938 564 -80 -128 66 657 563 803 -77 107 -94 103 256 -105 -773 493 -46 -649 239 -362 1012 155 -149 455 -416 -433 -202 -512 -427 -170 -559 874 241 377 -223 753 -452 -184 318 187 -646 291 688 -99 -142 10 259 144 687 -390 504 -765 498 222 150 166 633 432 -872 -342 -474 72 -63 706 446 672 -561 -805 -364 -666 595 254 -115 202 -531 250 -411 -160 949 -1041 -130 -597 -122 653 -928 -340 -537 -201 -649 100 522 -134 125 195 619 622 1178 -96 -104 -343 -365 404 -206 -365 -347 -29 391 298 46 378 70 -476 530 689 -53 31] 5396.33
[-255 -676 -293 -28 -286 -856 -136 237 -611 397 -261 -618 690 1188 -741 207 -469 35 -307 88 623 247 -119 -23 676 -467 121 634 -710 -541 616 28 175 -896 -199 -231 -73 703 -491 -744 707 -273 -61 77 -552 1185 509 430 -119 489 284 92 669 -818 436 103 -103 -18 868 52 -657 -465 20 -549 43 -192 1409 -471 594 206 -365 279 183 126 -924 24 583 -426 -108 19 -573 -904 -418 371 -37 954 75 -158 267 598 153 40 231 193 -146 -279 62 630 -414 45 -2 -827 -136 106 466 290 -204 -614 516 662 521 112 -775 -967 918 448 280 275 230 312 -265] 5443.4
[-342 -422 187 999 -170 781 752 -515 336 497 -373 -98 376 88 -511 -1008 -87 -150 6 -142 -51 587 3 -358 226 -390 367 1181 -299 196 -278 -726 -169 -51 504 -1060 -353 -3 -514 311 -326 -158 -385 1207 -81 427 305 -733 -328 674 -596 -859 -1195 -311 -225 40 -600 -511 136 -327 679 108 667 -114 855 852 68 -121 -14 -292 87 -420 -117 184 -108 374 -62 -200 741 19 -286 -144 359 -1244 -261 -98 412 11 -529 975 1413 494 -205 -597 325 173 64 617 1015 73 198 437 -513 19 799 -254 -135 297 77 -41 -624 330 -636 457 195 658 912 -44 228 1391 152] 5727.89
[-88 192 -154 -140 280 -634 -917 -440 -703 -870 240 -199 -675 857 143 64 -7 -338 656 522 -36 192 -88 986 637 -292 111 416 531 100 -493 -443 -305 -164 -40 240 88 57 -633 -297 521 67 311 -247 -632 43 -433 129 571 -30 343 163 66 -1428 381 643 575 -47 128 -709 53 211 6 -12 -47 -334 -131 -909 -657 147 -631 -37 263 467 -333 192 -137 -298 -255 -224 640 -425 -659 323 405 -75 -222 -110 542 -170 1185 411 -302 596 -1049 -370 189 712 -395 57 1276 -110 90 183 38 -339 736 155 296 546 -422 164 -58 -479 703 -80 -373 99 -549 146 -224] 5041.67
[1008 -100 -355 -311 37 -306 -585 -205 -79 101 -791 -37 -763 569 265 377 -110 -210 299 179 -273 136 595 -176 -526 -449 614 -611 -631 -577 -65 403 -574 319 296 -142 734 180 429 546 574 681 -659 227 -415 -605 -772 328 -90 -501 811 -316 53 56 -441 -160 1108 180 399 -339 -151 659 545 -569 -494 -126 -166 352 139 11 175 77 238 62 -450 282 63 -529 412 664 947 -290 -118 934 143 183 -491 82 504 -105 -504 404 679 609 -516 -293 499 214 91 408 -243 -731 417 853 933 193 -179 416 -287 446 -491 -646 260 -112 -22 178 462 801 -818 -191 8] 5066.49
[160 860 -4 -556 -208 -352 457 145 -505 119 -688 -401 70 -6 -31 -520 522 98 -298 258 -174 679 -300 -525 1035 702 322 -439 -203 -45 608 910 -195 6 685 -214 457 232 100 -663 59 451 -272 43 -1179 -473 663 -179 -1295 718 -544 -116 533 496 -558 -127 -258 718 455 -574 633 197 -808 181 -347 -266 -172 197 625 -804 229 156 -203 -166 -572 610 295 -274 -203 12 -364 357 335 39 127 -456 177 -4 -609 -230 -119 463 -208 -170 126 -491 348 868 62 -401 -582 -151 -171 43 977 683 205 589 282 948 -188 -435 562 -533 302 -384 433 -12 395 739 -506] 5164.1
[-944 235 189 -757 -496 509 -305 -110 -440 -196 -879 169 220 -212 468 -109 430 -430 130 366 -412 -198 -482 185 -1 126 634 1150 -409 -5 220 -325 -130 -702 -40 -195 429 -359 -469 -319 231 -144 191 835 108 -243 -589 85 -118 733 10 -270 657 -293 -727 354 -531 134 72 -392 175 -595 -260 -513 -243 -351 228 -436 -391 -88 873 54 -35 70 566 -314 -238 -552 1467 836 585 -62 365 64 -391 390 -432 -4 255 580 -44 -139 263 -619 144 1110 -18 46 -20 -149 -283 -980 -608 -237 -518 424 100 -493 -689 232 -66 -378 -107 -478 870 -210 -349 -90 408 483 1134] 5077.61
[374 -1332 519 178 487 -448 -233 -17 10 148 552 -30 -743 260 409 -256 362 -237 -236 -379 534 -425 804 -52 -215 176 253 70 485 -580 402 -54 1207 543 -64 -197 -383 542 329 19 -314 -301 -568 765 -642 1072 205 -539 -253 589 156 549 -683 -435 101 409 -388 -911 -607 725 212 -23 -160 945 367 316 20 442 -88 -21 -1027 -145 -88 248 94 372 23 -293 -548 222 -255 -26 -717 -219 -380 532 -362 395 -83 -388 -476 -777 197 702 -316 84 355 -67 474 -198 247 -524 1063 -939 292 -578 476 -343 538 -1004 702 -452 128 891 1003 -717 -511 -114 -74 -264 -36] 5415.76
[806 92 -107 1159 362 591 518 171 199 -677 991 -316 -140 512 8 -833 151 166 153 -204 36 -487 1283 -390 -703 -897 -301 -859 -71 -233 387 545 166 2 -725 -5 -179 333 197 -118 -717 326 -663 208 221 156 0 -371 1233 -5 106 -604 -624 -28 469 507 -198 22 421 187 -777 498 812 152 -404 311 -628 393 842 -69 -17 206 210 280 -75 220 216 239 -1730 292 -372 131 27 -268 -104 276 -17 92 -203 -577 37 463 -101 -330 263 46 548 283 -452 1169 721 400 496 688 389 -431 -27 611 519 140 400 -56 -264 -504 15 551 2 -73 -503 -375 -983] 5410.96
[117 -500 289 1150 73 621 456 67 186 1179 -658 -323 -241 673 47 -259 -226 256 -140 359 421 690 139 369 18 70 -836 -160 -667 -802 -1 214 -285 11 -197 -55 -567 -901 -195 889 -49 177 579 -198 -72 -570 84 193 -630 250 -170 22 -529 -887 -430 -75 -138 -247 232 -79 -60 490 415 -42 -629 -467 565 -475 660 -460 -208 347 -8 84 -1082 404 -689 -165 570 -698 -620 -667 -188 -998 144 -296 415 -408 -446 -655 -253 63 -598 552 408 510 79 257 846 -655 -348 -161 -480 76 726 222 -405 -35 154 292 431 565 -513 -96 -577 328 -213 -275 -168 231 -752] 5106.64
[921 183 -21 -70 337 150 406 -417 594 -232 -119 -77 -125 422 741 362 -311 -498 347 -499 -105 -135 -241 -139 167 89 467 -159 298 -278 117 -311 -243 489 433 -537 -1101 98 54 -830 -80 -492 55 96 252 -293 -385 292 -136 -334 -811 -425 -658 -1073 135 -213 284 149 52 169 732 -574 679 -42 553 -697 -696 83 -289 -404 -313 163 592 62 4 300 952 311 637 -133 -152 -610 330 309 335 674 652 -125 281 221 895 -953 -537 172 108 -459 150 222 -450 -591 1058 -84 -229 -86 867 -255 -1041 613 -381 -60 569 176 -955 -654 1 -12 166 -392 406 -463 -437] 5063.45
[-112 -408 -225 312 912 -5 1317 -843 907 -115 14 601 156 301 -10 -190 285 480 -237 40 281 579 88 215 -243 472 647 526 127 11 66 -253 -190 145 197 -676 998 793 850 385 -244 220 -145 130 -217 -356 52 -407 -446 260 -390 613 -64 532 -352 372 -1055 229 -468 -128 -261 -134 -774 -321 -50 -35 371 713 411 444 -128 -410 434 145 179 483 -117 -332 -254 509 265 170 -120 -55 156 -50 126 -124 232 180 -285 -127 473 -330 534 -254 -629 -318 -32 -728 -190 -563 464 -82 476 243 -1027 -413 -479 241 -149 -47 212 -19 -31 249 -6 -120 504 -314 495] 4607.61
[-661 -65 -118 -1082 209 268 -14 -216 -74 345 -557 -550 -878 491 -629 -469 507 1143 -573 887 1239 94 715 -677 -115 623 690 507 585 194 -669 957 -764 -644 580 -464 -164 1033 -319 -788 -284 -249 -175 -438 -794 -613 0 287 -464 434 -203 299 212 -367 -568 423 160 -434 -329 -910 -28 42 -64 -542 -102 262 1138 -609 463 487 -485 -357 623 308 -594 -125 37 -470 -55 53 132 450 528 -6 65 -610 370 118 -839 240 -452 -264 -58 192 -802 916 -149 388 146 -331 -642 255 -1043 35 -230 422 -789 8 -435 133 796 -102 219 23 282 393 944 108 1453 66 240] 5819.36
[198 61 -403 -319 456 845 142 403 -461 -1153 -743 323 -832 615 1090 -1102 260 190 18 251 -1072 -187 -53 589 113 -329 168 614 348 -809 -164 415 105 -479 172 768 203 77 -445 -414 11 -8 -301 625 -238 229 98 -125 67 179 -618 -24 183 -431 196 -83 28 26 200 604 -449 97 -194 -880 350 -1010 -211 138 587 -219 -432 681 -247 -202 78 -259 -901 -101 43 -350 694 -927 -379 75 700 702 -358 332 -89 -195 -250 -467 -274 1401 -818 -141 -188 158 162 79 -322 471 300 -785 -63 -243 -364 -217 146 952 -247 -870 233 -1285 169 55 -296 -308 -305 147 -106] 5346.32
[-439 -206 -133 -62 1000 -564 -245 -518 468 -787 109 364 -414 -41 -422 384 709 -557 795 -217 -1362 255 -794 33 -228 189 533 76 818 89 10 -297 -681 384 187 1130 -20 -248 299 -281 -260 -127 -56 447 -299 300 -311 -342 1120 -249 -543 123 -302 -600 -320 -28 -439 352 177 -32 1324 -634 304 -31 200 -94 -626 -5 -440 -367 -843 432 -27 680 661 365 -302 585 259 -309 276 -83 -613 1533 -335 -328 -209 324 -493 -509 -157 -327 -808 847 -189 -629 218 -37 -314 494 -110 188 506 116 392 -605 -263 431 -166 -165 -247 626 891 -646 -8 349 -310 -332 -159 -627 139] 5390.59
[230 572 362 402 309 461 518 187 -373 511 -1156 125 485 230 454 -552 432 351 -248 529 366 279 -24 23 -182 515 80 357 414 471 -692 -425 63 -5 722 -450 1124 -375 100 400 248 1553 360 628 -506 -446 -104 18 -300 -592 440 549 -600 602 1 -632 601 265 725 -182 -791 -460 -650 -280 -705 366 -130 383 918 -79 -26 113 71 -298 -127 828 -354 -446 438 282 -41 438 1089 -171 -538 -9 75 565 -56 -32 -455 -251 428 505 -654 367 -1079 -94 343 -186 155 -232 -243 -457 85 212 -42 357 -482 719 -377 -458 129 370 23 873 -124 83 -847 -23 624] 5261.22
[416 -394 827 556 671 160 911 -123 541 -848 220 -471 711 136 -377 -446 -160 145 451 581 -202 -409 282 28 -155 483 54 -445 439 314 522 226 556 859 -448 192 -445 423 1033 1377 -297 -899 -1009 -153 -298 454 307 -373 -173 559 493 -246 -424 -735 -4 329 -321 -98 -100 139 1 167 251 647 322 1199 -125 291 477 675 401 151 607 280 113 22 -730 50 -801 -622 -601 114 -925 -295 5 -610 -1145 -68 691 -390 -61 515 -312 -311 -31 -141 408 -646 -69 431 -383 152 -458 911 -163 -460 -515 131 -38 -157 653 -85 956 -319 -21 -334 462 23 268 325 584] 5424.92
[390 -260 -641 -119 -421 -55 -449 377 -484 -446 971 185 70 161 115 -128 -241 -378 254 -1057 -944 32 334 398 -119 515 -857 214 710 -119 11 810 -464 -100 820 413 83 -17 386 -261 188 40 -734 162 548 125 -8 381 195 65 -223 -636 232 663 60 467 -520 504 177 -187 54 362 179 -198 479 14 -468 -826 -792 -31 120 358 266 -743 461 146 -699 18 -551 -931 -240 -269 -572 202 1057 427 142 -641 260 931 670 107 951 113 -1021 -364 811 981 -100 -758 831 -201 -142 -303 -623 -581 1158 -320 6 63 -431 196 1002 -295 -19 -526 -209 897 494 -411 449] 5494.57
[167 -103 623 452 -25 -282 -301 595 439 -270 133 93 1154 -39 -402 324 -90 634 534 -12 223 -756 -12 1062 304 -487 125 -304 -45 -620 -23 -103 1090 354 -144 197 162 -348 -272 884 1440 -415 -97 -299 -316 574 -739 754 -17 -311 507 411 608 -59 134 -663 93 -593 -201 -194 -546 -86 679 145 249 290 -397 -88 350 801 331 222 -178 -336 245 -327 346 -36 314 -678 -368 776 143 -27 77 669 -869 -688 1086 16 -167 -328 -99 17 368 398 196 152 461 156 234 -66 63 -865 -907 450 22 -7 16 398 -263 -85 -951 265 198 -167 31 242 317 156 586] 5039.46
[398 -310 188 113 601 -296 93 707 -483 125 77 -754 130 901 59 85 185 -131 389 551 141 -383 208 1413 13 -679 -8 586 -43 -609 -27 295 565 -871 -37 600 -154 -108 -915 355 360 552 -250 -65 -118 106 586 407 1253 -308 -450 320 513 -145 381 1059 -228 -521 -394 44 411 -71 -311 -233 355 12 -395 -1281 -246 1207 -232 252 -444 -56 179 1002 -703 -229 279 -1156 194 -748 116 -771 -594 133 -1017 -812 -177 429 572 392 258 196 -583 912 377 131 -878 -259 22 505 234 -829 531 427 321 683 24 39 -192 -542 -133 421 -218 273 94 268 -86 181 -398] 5536.64
[-290 547 -543 -27 -263 -210 19 -537 -152 416 -985 -3 -664 326 -263 -154 851 -57 -1 -386 -58 183 258 -719 -1105 -141 3 105 576 195 165 55 927 113 194 85 -7 1106 244 -118 -118 121 -353 -85 -193 74 -568 -132 -533 530 426 701 414 -178 903 -744 253 261 821 -60 -36 165 785 -113 942 179 1153 -4 267 -717 41 -302 391 -64 49 114 -356 -576 -621 219 -448 623 -700 -150 724 307 202 -754 135 -343 -642 -275 251 181 299 -200 -139 -91 247 859 -708 663 -547 -3 87 -517 151 97 661 485 302 -330 196 480 91 172 -661 -165 250 2 552] 4962.22
[-53 937 30 10 54 -30 404 -3 72 -379 -453 -755 1258 87 406 284 -118 87 187 184 358 -515 387 84 73 -951 -424 313 418 392 -1130 -388 214 -434 -280 323 150 -1183 449 464 917 412 224 117 -782 -542 -44 244 689 -516 198 -324 135 -193 342 -336 319 455 399 150 -396 -242 315 -830 504 84 -371 196 -170 342 721 265 -635 51 -544 314 -17 472 -569 285 8 461 420 -57 202 -173 -70 -662 504 363 72 224 199 253 -172 357 599 292 -409 -133 851 -199 -13 205 157 -179 -346 31 -457 521 -727 70 -215 -478 435 -210 719 52 -720 499 877] 4873.76
[579 981 -278 276 208 -537 605 -37 -524 145 21 -251 -185 -609 -474 -74 110 406 -525 -394 105 -241 134 -787 278 337 -571 -310 420 -145 75 295 -267 -103 86 -134 169 473 985 -75 -382 366 -373 177 734 -670 248 180 -444 36 288 690 867 583 193 333 864 508 -112 -123 487 93 277 112 -61 -410 514 106 -312 -227 22 -243 386 411 -278 -23 361 -30 -833 838 -32 457 -371 -551 536 10 297 1062 -365 -398 -362 16 26 -293 545 -136 766 -435 -234 696 -8 131 -1120 1641 -17 324 -249 727 484 70 -599 504 31 487 -114 -639 7 1108 -202 -306 -57] 5099.42
[659 90 -197 191 219 -337 818 311 -359 365 -653 59 171 -41 -58 -675 198 -377 821 -561 253 133 -325 -147 -1 -190 794 -203 -232 -934 -15 -382 -458 -271 241 -303 66 741 304 -630 -891 314 -885 -160 -106 -212 571 263 -71 487 -64 559 678 526 51 508 -444 186 143 73 257 125 -641 5 191 -877 -936 -1039 299 -136 33 -605 -533 242 -198 10 388 -420 804 810 659 -574 358 15 -1624 181 -991 1006 -479 -322 -108 -676 481 120 924 112 423 210 -151 128 -244 118 -616 600 1366 992 -481 628 -441 -482 148 319 345 -331 -629 867 321 -150 309 -20 -1004] 5669.67
[-334 -757 -72 -410 -454 216 -573 -356 -18 151 -74 469 -944 650 -376 22 302 -592 77 -974 -1114 169 -90 -180 -1112 360 934 323 139 6 -381 -281 -189 712 468 -211 -397 -147 -90 -54 -214 321 149 175 -59 666 -483 97 -203 1065 134 -410 -669 745 139 -993 124 -92 877 -1133 775 -530 687 492 547 312 -435 -246 -710 -265 -14 -352 927 297 -48 -254 -508 -460 377 -191 -460 199 -34 581 563 518 456 97 387 786 555 144 -35 -75 -266 -304 -59 787 814 -266 163 201 -468 163 -131 -634 652 -45 -307 -830 320 554 -37 -323 314 25 -412 700 -325 -196 248] 5285.44
