[-3 -5 -149 231 36 4 48 -21 -152 -21 -312 -160 152 468 -66 -21 -356 572 170 -257 -227 285 265 -249 -562 -692 -148 54 -256 94 166 266 -641 48 30 -44 391 -186 -430 75 -164 169 -48 -30 -36 28 -205 -185 -96 -431 61 -234 677 -311 77 -63 68 507 -260 -257 -358 201 136 561 -251 294 14 -282 -405 423 -79 201 472 208 255 -380 302 147 -160 -486 -618 707 45 335 301 -437 333 -631 132 -157 46 310 312 300 156 -148 -89 74 85 -437 224 -595 -227 -348 173 -87 189 -212 99 -181 -44 0 -181 -123 515 -242 172 -464 -143 -84 252] 3195.88
[390 -555 190 -589 231 122 -77 305 55 217 -161 221 -166 -302 -268 -192 62 2 384 171 -41 341 -162 106 106 -288 -407 340 417 162 -297 -380 -413 448 223 170 57 784 61 -89 27 -201 -425 95 -311 -379 61 -194 77 -237 -252 -43 200 414 -64 -151 847 -310 -280 343 384 213 176 -230 226 -227 29 -117 96 290 -505 -140 288 609 -139 98 -210 121 -239 99 306 -527 -392 -170 -116 -239 -235 -195 144 -75 486 -623 -86 207 17 200 -7 69 478 347 300 16 -324 260 344 -162 -319 -46 534 -172 159 441 -141 144 109 -277 -370 369 80 -362 25] 3200.48
[-318 215 -516 -258 -248 -58 -81 66 165 -455 -321 209 22 168 339 -192 -150 661 16 -20 -29 33 -162 -77 -386 121 189 266 131 146 -108 60 -359 -207 119 125 45 -699 71 670 -435 416 -78 42 119 368 -146 490 -742 -562 95 -109 -5 -108 189 -382 -128 453 255 284 137 326 376 -151 -174 -30 236 117 -26 -62 -19 -168 -539 -97 191 60 167 398 -2 157 139 -489 -212 581 104 405 -468 309 -37 -68 438 203 306 -415 235 -811 -583 50 -68 -29 -136 -26 -259 -128 -62 -80 213 350 -242 190 -293 150 -461 279 43 553 -132 -521 273 47 -218] 3236.56
[-633 -144 -30 -344 181 -467 -422 -172 208 -180 -349 127 -172 83 18 -19 -154 -124 203 -49 160 450 -422 -190 -465 -568 -68 -29 418 379 -482 322 -99 122 571 -368 -49 -25 -177 157 -466 555 -454 -41 635 -66 233 14 -239 -177 -341 306 118 -238 -352 -469 -21 -18 85 107 155 327 -127 358 202 261 -102 -102 449 247 -244 -161 243 -115 541 -207 95 216 -568 542 710 -504 23 121 -247 301 -328 -383 -157 6 729 9 123 -323 67 -320 -382 -140 -324 346 -304 -380 -490 -284 0 -383 265 311 242 438 -183 434 -500 66 -111 451 120 -414 2 498 -17] 3446.52
[-291 -475 -212 -12 -508 -123 480 -678 -8 380 -16 -522 -77 141 -149 195 -571 -470 -20 313 -564 169 -36 -58 165 -650 -398 -456 -317 -279 -313 -333 63 613 19 -87 -112 310 -441 221 -560 -298 -218 -363 76 -669 -18 -627 -296 63 -108 -571 114 331 -17 -143 391 -342 176 563 -211 341 98 259 168 318 -184 -327 -33 436 -48 -225 320 299 -114 -291 -196 -412 16 -408 -69 260 170 -89 51 -611 284 -944 -233 39 -2 -288 -467 560 -15 529 425 -213 158 78 12 -533 -267 76 358 55 234 -280 406 -317 131 -44 71 -525 483 61 693 -106 -113 162 178] 3667.53
[186 -25 806 176 391 32 -315 820 24 -480 304 -174 -161 -267 -375 8 -11 -354 279 102 152 -110 -85 189 -86 -728 -481 103 105 -174 116 225 -506 409 903 -224 115 820 567 -486 143 -77 55 133 343 22 117 92 394 503 -252 223 146 400 -147 90 -118 -349 -664 -144 -298 -90 -412 -38 224 195 -124 -137 201 395 573 -143 327 206 548 -473 -29 -342 -140 -46 171 -488 68 -675 -102 -125 -148 -121 -186 199 -247 469 -276 -199 -407 443 337 -246 162 11 -203 240 249 661 -408 242 -493 -163 37 -356 -353 -435 63 -214 -224 -292 -339 138 206 218 217] 3608.54
[62 -173 -8 -123 33 502 221 235 245 708 -288 225 224 100 -207 95 200 -206 -302 -231 461 320 -162 336 137 -469 -176 79 -180 326 -414 156 634 67 -283 121 286 195 -367 -284 1 -384 -54 -140 86 -295 -155 220 163 -584 115 165 116 593 -549 -294 457 -220 -67 -583 176 286 -151 145 551 -16 -136 -236 560 60 -588 153 315 212 -161 606 -212 -56 -165 202 463 243 597 -347 -14 26 287 -336 127 111 -451 -415 423 -4 12 405 296 210 -246 432 303 404 -191 -394 -211 -235 -344 -218 74 -427 553 140 -211 -39 -18 -43 -370 291 -330 -446 -640] 3405.86
[-451 -330 258 -363 -472 -211 -235 -751 -45 50 132 -298 343 -117 481 0 -192 -651 -261 620 699 -422 220 -159 -153 -112 405 -661 193 -322 -920 -175 -234 688 299 -202 -2 131 14 -188 -211 -53 193 -62 346 95 357 -644 -93 657 -90 -348 -389 -498 -108 489 -40 -662 428 -138 -313 -45 313 -474 347 210 -129 -295 492 -228 284 -686 -218 -104 245 -57 21 -571 221 216 378 -312 -51 -492 190 -193 302 -192 -349 -119 -237 209 -83 76 -183 479 -359 51 -162 358 -117 127 -316 549 -22 494 -112 196 -241 5 -220 -266 113 -270 -261 291 489 -211 -78 618 275] 3736.84
[-261 -4 -430 -177 -79 426 402 -804 -157 309 57 -347 280 -68 2 -184 527 411 -76 213 -96 -239 369 -374 -18 -142 -281 528 -124 301 -260 -238 -944 -230 -364 103 202 -425 -358 441 117 62 351 -131 -234 23 -85 -453 -173 -121 251 -621 -119 62 349 360 192 513 116 171 260 -508 428 -182 -53 -87 -239 -73 -377 55 73 78 -402 150 -112 355 -88 294 117 -586 -382 536 379 308 1129 -252 752 -514 285 164 -135 -718 512 349 -263 25 149 645 -382 66 345 -66 -238 171 -27 95 620 10 323 -3 296 -193 -117 430 732 -205 91 -80 -11 -70 208] 3740.68
[-33 326 29 -98 -1 94 291 385 775 -132 -81 788 -92 -541 -317 217 -64 212 -507 66 -235 51 -521 -591 499 -101 -150 326 106 784 -213 -660 222 -81 -112 460 -77 -623 30 156 7 -40 -391 123 -128 339 222 1007 -734 -63 -560 259 -319 437 -302 -439 419 207 -256 394 47 251 127 -451 -61 -254 359 447 -117 -45 -238 -93 -641 -436 -68 583 -285 63 -47 571 366 -334 198 -402 29 567 -216 198 527 343 509 -797 25 -331 174 -91 -178 -97 399 227 239 401 -172 -113 165 -486 111 81 -91 -394 336 -23 -56 98 233 -166 -314 144 28 -560 -114] 3816.76
[-194 -264 -434 -380 -610 -332 -103 -1204 -411 139 -246 -504 279 269 -92 -303 119 -99 431 229 -298 -253 214 643 227 -195 318 -435 -19 -185 -416 101 -727 282 29 49 388 -341 43 100 -24 233 87 -260 -485 -434 -105 -377 374 -569 274 -273 -102 -550 665 315 179 514 266 715 -40 385 -105 -184 604 -112 -306 -27 -235 186 -186 -27 -380 134 207 222 -216 -142 -224 -241 -97 -343 -665 428 91 -505 -92 91 -383 -320 246 43 -286 541 154 -259 -448 230 38 -97 249 -307 -272 73 -74 60 -38 9 -140 -373 -307 382 263 -328 297 -124 247 275 6 164 292] 3608.25
[413 -810 155 -377 -418 -203 -352 -341 404 19 -249 162 -202 671 317 226 -969 355 -1 540 -271 431 -14 -491 -63 -39 -174 74 76 -97 -370 -429 -81 697 347 437 451 306 13 76 6 122 -471 429 542 -325 138 -273 -882 -77 86 108 359 53 43 -405 560 -329 312 157 -467 490 186 -155 144 337 243 -708 34 238 -145 -628 -516 112 314 -335 457 -169 68 -189 180 -20 -542 -812 -133 -464 -312 -836 113 -369 -48 -20 323 318 576 697 -782 -267 599 -184 80 -361 -350 -204 114 -301 -148 -55 17 -618 160 73 -688 -626 447 -171 261 -629 92 -306 262] 4187.03
[312 14 -161 -539 217 22 -53 521 -72 -690 -138 192 -450 97 632 -294 -384 253 416 312 193 15 336 -151 -112 184 192 46 -284 -10 241 -689 -496 926 -520 475 -7 343 377 -139 -530 77 -28 423 -193 446 -112 548 -713 172 7 -100 156 -5 425 11 83 -224 -208 -181 -588 311 336 182 283 -77 557 -6 171 -314 452 -121 -212 -6 -542 -37 274 -280 294 300 -102 -385 -350 -136 -151 -490 -112 492 172 -263 -80 -29 -98 392 791 69 -1029 71 753 -768 412 300 302 153 618 53 -408 114 -21 -358 27 -404 -121 292 154 46 313 -359 -162 -354 365] 3861.71
[-188 -84 -450 -1220 -261 -184 48 338 -288 444 -111 -293 65 -637 217 131 -61 122 581 440 35 -33 12 101 188 -952 12 57 460 499 -355 33 -722 189 455 28 109 -45 -582 154 -234 185 -15 -2 233 -153 299 -111 -145 -189 -217 -465 -411 -33 268 -87 331 -410 61 4 357 247 602 103 192 -165 -405 223 851 294 -163 -572 -38 -37 298 -178 -409 -530 -53 335 12 -622 375 513 759 -143 -308 -726 -306 -52 345 -485 -15 561 -688 -282 -401 217 -84 346 237 -242 -400 135 208 -19 402 -129 370 139 62 146 -231 865 425 459 163 139 -28 386 404] 3969.98
[-382 135 -168 -180 -506 -277 288 -240 -333 -387 500 -847 -171 -163 -388 75 -316 5 405 -361 -868 132 -45 799 46 -775 -249 -116 585 48 -216 279 -14 135 659 -160 27 -208 44 366 -137 -273 -287 106 -145 -30 -126 -26 371 -328 -176 -182 -234 -456 319 244 -332 215 210 748 132 560 261 555 48 354 -202 277 -137 1027 455 -56 36 -15 218 -392 256 -536 -532 280 110 -75 64 344 114 110 -830 -175 -563 -224 408 109 -334 266 -37 -731 -580 -446 -144 -263 29 -905 600 38 112 18 116 -213 595 -237 -209 152 370 -425 208 170 271 -75 702 27 9] 4010.81
[-362 164 292 336 10 275 -506 -8 446 9 -92 -462 -505 -138 -818 -575 575 -474 -461 -23 -132 -90 -166 96 -84 22 -667 561 99 -434 -375 -309 26 -61 238 -372 -581 291 57 179 175 -134 -249 227 -116 -458 -430 -294 602 302 144 -242 -375 616 -673 129 226 92 137 -195 568 41 -94 249 356 -24 -128 -460 233 -84 -124 -323 197 593 -222 369 -988 8 -300 -240 829 -396 97 -92 -194 206 -95 -101 170 558 6 -447 -205 49 -63 197 1130 299 -615 267 -343 -140 202 429 -102 -191 -108 455 443 834 499 25 -66 -144 -216 66 9 -339 -169 268 -393] 3951.94
[190 370 455 813 -154 -41 140 -321 -191 -116 -119 -115 450 -139 -164 -261 -123 -11 -568 -168 -61 -532 641 -344 -384 -117 790 -220 -492 -763 -647 -566 -58 394 86 -145 151 -285 -611 542 -78 -302 243 -326 -816 181 187 241 343 -127 -416 -778 127 -819 -289 1139 -320 771 -40 -298 -349 464 48 -360 -419 254 413 -253 -503 206 13 353 531 36 -152 32 219 -515 -270 -708 -776 1336 42 -26 -236 -471 442 149 536 -57 -373 321 -130 -69 194 -342 32 -538 125 60 34 300 -109 -8 817 339 -115 215 -245 -258 49 -910 678 -699 18 -577 374 -135 -262 -15 501] 4589.67
[541 138 313 -161 551 -125 197 -620 73 -681 172 119 -452 -106 -540 -104 -519 7 -280 -295 -367 325 3 -15 -107 171 -285 130 685 329 433 -74 -433 419 -45 -92 -271 454 622 -638 584 -383 -201 633 -657 -214 -192 -356 -187 457 -191 338 -11 -360 -52 70 418 300 -273 183 -315 -323 -554 332 562 -439 324 -144 -321 -131 63 419 -217 79 -417 190 421 278 -121 785 614 -157 -446 -598 -138 -43 -45 487 548 -158 504 -136 -129 246 1137 157 -545 849 981 -223 690 -740 49 -273 -120 -283 -372 126 99 -390 -163 560 28 -306 528 -949 -348 -53 -251 -350 113] 4371.08
[-374 717 -109 -110 -696 -80 -1 115 87 413 -355 271 736 -344 188 -71 -277 -158 -178 -129 -61 51 -36 -125 142 242 891 -18 463 431 -366 425 259 -188 393 41 96 -995 73 636 182 74 231 27 -408 127 419 24 -115 -230 -415 -120 -593 -782 -449 37 -228 -1 374 -110 572 -104 -67 -383 363 -149 325 -252 17 -437 -355 297 -136 -331 -265 537 170 13 207 422 -94 -55 413 298 272 718 -493 259 413 -149 657 -236 520 -286 -157 -261 328 485 -321 878 57 223 -881 -285 118 266 63 122 343 -45 399 -331 379 504 -503 470 -518 -34 116 231 -237] 3987.01
[383 -205 -88 -291 621 -245 546 -66 -84 -44 204 310 -796 167 708 -100 -320 146 -108 309 -125 -82 -44 -21 460 772 -25 597 -259 42 -41 -632 310 -233 -538 428 135 268 733 511 -720 -413 141 -81 290 14 -164 1033 -1171 226 58 580 18 443 252 13 -147 -324 -272 536 -450 226 42 -11 -324 -88 749 606 -13 -506 -181 739 -892 -486 373 4 144 170 58 364 208 124 -345 -670 -244 -116 106 459 354 144 -403 -291 188 -40 847 169 -618 -866 491 -227 142 1095 509 -37 435 -74 80 266 -270 -213 -355 -163 -122 -245 -493 230 -70 96 317 -532 -250] 4474.11
[-491 -201 345 -446 -434 -18 -560 698 217 -53 124 24 431 -439 -620 143 -222 -496 696 152 8 -15 -748 -501 -63 -196 -536 107 675 209 121 377 179 462 816 46 -64 -372 653 -354 356 42 -378 230 19 721 574 -211 638 495 -365 -107 -444 268 -606 -627 550 -401 100 192 608 -131 143 -585 -40 687 -366 73 111 131 -249 -1027 75 72 83 -130 76 252 177 -27 286 -1161 -126 -205 264 869 -653 -256 -315 148 609 -80 -539 -225 -611 197 -24 236 -115 78 95 -124 29 261 -544 141 -8 -344 403 365 318 8 233 -76 -446 87 228 7 765 365 -109] 4354.4
[-403 657 -284 26 -73 236 690 -929 358 -371 280 5 543 -325 -82 73 488 376 -905 385 396 -464 -708 -367 115 612 42 396 84 358 -59 -403 -269 -193 60 226 -819 -523 -165 815 321 92 133 108 -156 380 -48 -73 93 -304 -97 -270 -859 -20 229 158 -271 615 615 370 -137 -119 664 -355 -393 68 -244 243 265 -187 -154 -470 -1380 -256 68 194 -162 371 145 22 407 389 416 170 85 123 36 247 498 94 85 -407 345 -18 130 -535 -357 312 142 -186 275 158 -22 -93 -248 36 84 -39 -686 88 -466 293 -263 -195 601 -74 248 -82 91 -5 -158] 4100.7
[-4 -287 -108 -925 1123 137 -218 -158 -221 -407 -283 101 -497 405 -413 -624 1062 194 -46 -130 3 645 -247 72 -96 1174 270 551 660 144 -396 -247 -314 -122 -693 176 53 364 -113 75 94 387 -92 797 -148 256 -248 -131 -215 -256 675 14 -77 95 106 -141 319 358 239 21 601 -28 1 299 281 -385 -263 3 430 -515 -580 -224 -241 408 -229 915 -881 610 -220 377 1589 -514 -481 -43 -27 -55 334 583 434 107 8 -373 342 27 392 -76 -94 501 -175 60 258 -117 642 267 -337 -80 -63 978 -10 563 400 809 -505 78 -566 389 -57 -384 -45 -418 -556] 4785.48
[-138 460 84 298 427 87 -151 -325 211 -451 336 -162 -174 674 104 284 128 -219 -308 329 283 -112 355 -430 251 505 286 22 -820 315 -472 312 -164 393 -984 242 703 -484 496 -219 -84 141 573 55 94 247 -46 -204 -1154 45 796 356 -36 593 -141 -477 -70 -196 -90 -456 -743 395 44 -360 221 -136 153 -336 -200 -233 1139 -301 -968 -315 -190 845 -323 -54 532 180 489 -104 295 -937 626 -171 915 234 285 362 -747 -501 101 -161 104 712 -150 441 -204 259 293 521 398 149 -462 132 229 538 -886 -290 330 -578 84 -194 -169 525 320 -290 -169 -260 -331] 4664.17
[-360 -216 -474 2 495 -373 -635 -505 -1 -325 -628 397 209 -218 645 -158 -171 -618 20 504 678 -115 550 211 -494 292 252 -500 282 -255 102 316 250 272 -650 -623 -520 297 708 -314 -722 564 -141 247 93 32 -32 -206 314 927 277 533 584 67 -251 -408 107 10 664 -326 84 -220 -79 82 162 -118 90 -123 216 -541 495 -950 128 -187 -360 -227 112 -203 775 565 636 -1105 -464 334 -475 198 90 422 -566 -196 -135 235 -506 -419 138 -466 -842 449 -226 -342 -162 327 -388 94 -98 -2 293 37 -722 1222 -351 235 -476 237 -106 560 568 -419 52 756 97] 4693.22
[-223 -226 523 -810 -53 -376 434 40 -351 -183 294 -91 330 -371 -82 -418 144 32 -37 -40 244 -267 57 -858 46 -820 311 -109 535 486 -164 357 -622 166 133 -160 283 -28 -759 -248 -99 -522 286 -218 560 677 697 -51 -371 102 -360 -166 -151 -745 216 140 624 -193 -537 -3 -151 -144 633 -136 -845 -20 -909 618 120 121 274 5 575 -175 579 -231 -438 197 10 630 221 270 -314 139 695 -135 836 -240 246 -73 388 92 -165 288 -259 460 37 -131 392 498 869 -496 -126 -139 608 309 439 -386 215 -218 -637 76 462 243 -26 168 349 223 364 -260 311] 4292.76
[145 145 110 -358 513 -103 75 349 -156 232 -450 170 639 -698 -326 -8 -546 735 1 0 118 165 -344 125 38 -684 -73 16 1181 855 -174 92 -1198 -325 202 83 215 -553 11 -802 169 252 334 275 -700 215 283 -470 899 72 -420 84 13 126 -317 -47 620 702 -718 -549 99 57 262 277 133 10 -273 91 -215 278 -982 20 -60 5 165 64 -507 24 -218 -28 -370 -81 -375 -496 477 -461 300 -753 316 -230 436 -600 -43 558 12 -324 -371 399 67 -178 269 42 93 -451 -387 -366 -118 -221 -143 242 576 712 96 -69 500 -780 185 197 -91 421 424] 4437.17
[532 7 -177 -570 245 429 107 474 -55 -60 -71 -204 -60 112 -129 -209 293 723 157 57 37 518 -92 -83 -456 90 -625 558 219 85 770 58 -1390 89 -47 -71 141 929 731 436 30 341 249 291 45 -354 -553 -133 178 -24 680 -482 398 546 407 362 -260 -120 -561 -486 -212 -243 -474 132 260 410 269 -193 174 142 258 143 158 688 41 -203 -194 230 -240 -636 591 125 -8 159 753 -520 -14 -165 309 350 -495 -73 163 -49 74 403 157 63 510 -172 198 -146 437 455 -335 707 2 -70 227 114 -48 118 -740 302 -165 372 -32 -465 681 617 350] 4174.78
[670 -530 642 614 438 -35 -286 599 230 -901 279 415 175 -83 355 -99 -639 685 214 93 468 -86 564 -710 -540 -150 111 273 -340 47 -133 -359 -8 492 -357 338 55 565 -336 -251 -74 201 63 101 -488 615 204 114 -272 -47 -301 466 594 -364 128 -233 80 955 -95 -280 128 71 739 -374 -83 -481 926 -226 -230 362 530 -75 79 -62 -2 -268 661 369 292 188 -367 -79 -548 -319 -569 -216 4 619 37 -182 349 317 -141 -1 615 -301 -795 333 62 -538 -279 996 34 -62 685 -64 -715 -26 72 -395 -217 -211 -149 88 605 -618 -43 -611 -210 -570 469] 4469.78
[-772 782 -37 311 282 546 -227 484 -124 -27 -259 62 559 -217 1 -255 203 -952 -312 -182 -181 30 71 239 -67 -156 168 112 -278 -482 -205 167 -363 -217 65 -460 187 -336 91 -300 -733 116 554 -158 265 108 251 -67 -423 502 -270 -510 -213 -22 -527 -539 11 -192 171 -133 -243 -331 -7 44 81 74 -481 -5 77 -737 330 -680 466 206 136 -103 -548 177 905 -322 -800 -241 467 585 617 -50 433 -271 -224 102 -41 450 528 -90 -703 14 356 24 104 -37 -528 -321 -690 700 -333 -62 248 -26 -70 9 225 -796 -62 528 -129 45 -139 -560 -482 827 -218] 4149.21
[-278 -1015 118 -570 705 541 -668 -792 -446 164 472 241 -397 -79 1011 -316 716 -952 282 -130 423 -238 399 159 -299 672 -4 482 50 -403 -1155 -549 812 56 -322 -549 -388 1115 600 -397 -792 -610 -236 -200 254 -208 250 -106 -204 29 -264 -389 -245 390 -69 488 538 -874 325 428 475 -260 -20 148 -88 300 -192 234 539 -256 -227 73 778 -99 -747 311 747 563 -480 88 217 -391 69 -453 -220 -416 509 -518 -348 -173 425 -483 259 -586 -89 -26 -1094 -797 -141 538 -509 102 155 1 619 -360 764 1033 838 375 229 -121 -695 232 82 -691 428 133 -161 315 -305] 5321.59
[-328 147 -23 -279 173 -509 46 -1045 615 -90 -688 338 -309 442 -115 -265 40 -182 380 97 441 370 314 -278 -472 -501 93 184 21 524 18 299 -241 471 -245 -226 692 -379 -196 94 -25 617 -288 74 -101 -155 30 -390 86 286 -290 -528 11 -341 -406 -56 359 267 -142 126 -190 -185 -132 -139 499 352 149 -498 125 -220 -148 301 3 259 93 437 639 -297 -694 108 520 74 211 98 70 483 -386 -38 362 -322 236 -452 519 -59 1151 251 -773 315 -73 714 331 -233 -573 -324 658 -145 372 189 -8 144 356 -20 -424 -138 -239 65 107 -206 148 45 -131] 3899.18
[-104 -179 -349 -703 -176 -192 119 -484 299 -108 -957 296 -479 38 -175 -134 -445 43 54 55 -4 680 386 550 -44 -347 236 457 315 896 147 533 -29 666 372 215 457 -395 234 489 -142 131 -456 -27 -103 -613 -282 106 -490 -608 -304 -13 323 23 277 -94 337 -29 -222 328 -469 128 78 367 200 272 127 288 -307 28 -490 492 -466 -62 -303 295 562 -144 -57 176 -345 -339 -80 -183 -52 -72 -974 -98 -43 -406 394 -540 1128 192 1082 -420 -268 267 539 564 171 -335 -526 -268 586 -279 -121 236 382 -150 -31 480 23 99 4 -18 -86 -159 -111 -239 118] 4117.78
[-1004 251 -120 587 -870 188 -590 -1102 958 428 -176 147 422 488 90 201 79 -832 -660 -93 208 128 203 668 -230 346 -245 85 -275 314 -451 330 537 697 656 -286 -325 -867 330 -138 -111 -307 -57 401 86 259 -272 -452 347 -286 -9 -108 -76 -207 -549 3 192 207 220 26 -175 -429 89 333 8 860 -139 -411 50 489 -193 -202 -353 -177 -450 249 342 -325 346 -366 -363 -66 613 109 -95 696 -541 -377 -38 -466 379 -1 878 47 300 -203 196 270 -600 -32 175 -133 -2 -39 152 -180 -91 -322 110 253 155 -48 -29 -1149 -357 -279 -90 -752 -357 -290 -761] 4503.99
[-93 5 -316 498 -568 211 164 -308 227 -594 415 -202 57 601 126 178 -105 -92 624 60 -421 -699 395 697 371 528 -163 203 -708 -925 301 -366 134 114 276 158 -392 -395 291 -106 -197 143 330 -282 29 141 114 -128 -949 -70 885 15 -63 726 591 -730 226 293 25 1081 677 -97 -377 -820 -8 -290 -417 356 -593 24 358 435 -44 109 -167 -308 -228 127 457 -673 -1141 -824 -943 660 -378 344 -775 560 -424 -298 557 542 -1059 -162 -284 -528 131 -370 7 -21 -771 98 215 344 -668 -212 -81 -20 -610 -127 -378 -211 -97 -563 -37 -81 40 845 174 -45 -187] 4907.4
[115 547 449 39 979 -6 -135 860 771 -1057 -830 820 325 270 -116 184 462 -239 -403 34 253 617 -335 -349 -554 109 2 193 -408 212 -160 -122 -780 1309 478 -617 132 1151 237 -91 -654 449 -148 295 2 444 211 275 -322 281 4 -387 874 190 -1026 -710 546 179 -250 -14 -213 134 -477 -544 292 -298 -3 -270 506 -18 120 -364 923 115 -285 485 184 -458 259 181 758 -775 220 -240 -19 179 170 -383 763 -314 424 86 416 -659 1 -37 -565 395 686 13 262 -143 -653 505 85 -94 -166 367 -473 161 -89 -428 -1006 288 -656 269 -614 -278 -166 -499 -512] 5136.24
[-308 30 163 -85 -551 666 130 -678 676 697 587 658 383 -601 505 -16 118 75 -274 -474 1364 181 -302 -363 -358 -298 -669 -144 23 508 -413 -1106 -57 26 -417 440 -345 -346 -1108 173 101 395 162 -85 52 273 446 -295 -169 -223 -337 -700 -509 -292 312 894 -184 335 -349 -254 -460 -601 1268 4 -85 772 201 264 41 736 -116 12 -258 269 -504 126 437 -82 -264 -189 -635 998 377 399 374 136 -118 113 5 -199 -58 -168 961 -58 345 -494 -443 -296 42 -266 -764 218 525 27 1085 -42 -332 -368 -105 -170 456 494 -7 -148 451 -528 247 -417 -734 711 225] 5071.47
[-593 23 74 471 497 -533 -187 35 48 -478 129 -786 -542 360 -200 -180 474 -144 -182 312 176 -232 -63 330 -133 -495 -388 797 -746 -163 319 191 83 145 -371 -456 584 180 321 130 -719 611 -98 -464 608 -353 -413 177 229 484 201 2 73 305 252 255 -668 457 -374 -160 -182 -104 -181 286 548 752 76 231 387 664 511 288 41 -531 624 -74 535 298 -534 202 510 -572 79 -221 -82 -343 78 302 -206 165 -218 -367 -59 -328 256 -241 -50 -185 -727 70 -687 459 793 73 -49 -254 452 481 -147 1002 -737 18 -222 -256 -426 314 442 -514 468 220 -637] 4374.75
[211 473 -235 -59 98 852 235 -54 339 4 232 -217 329 -239 -731 141 299 644 -681 196 234 148 93 198 505 -13 235 756 516 196 -322 -754 -164 -11 -520 462 396 55 -1004 148 481 496 346 107 -157 -414 270 -345 -715 -546 217 226 -790 472 206 110 -266 385 638 -902 197 -144 911 4 269 125 -81 90 285 702 43 -696 -612 -16 -454 241 -687 -318 213 1119 138 770 201 -221 400 -740 -614 701 314 508 -844 -1098 524 135 1 6 -205 483 456 229 26 35 556 -103 -612 -379 -313 -79 -20 46 367 787 98 349 533 -192 359 -316 -287 419 284] 4863.54
[-404 1107 -217 -226 -570 90 429 10 -183 -257 274 -283 193 -202 728 91 -388 -485 557 -994 115 42 -656 192 517 -991 -714 -107 211 682 292 467 -427 -291 -349 462 -283 -745 723 199 -229 -652 204 -639 186 336 48 630 231 -207 -650 3 -605 285 195 -400 68 -508 -818 664 -863 932 562 388 -685 232 440 880 -118 107 404 -76 -291 -62 48 -148 192 271 -37 -98 -304 76 407 661 433 120 103 -245 8 -412 236 157 292 607 -122 -227 -922 -449 432 -411 715 -565 -45 -734 810 -72 -66 -537 45 -605 241 -104 612 345 513 460 -145 715 -77 368 -499] 5023.8
[176 528 440 1083 -866 179 306 -170 136 -312 -88 -4 -104 -411 -244 -850 -72 -124 -428 -101 -1294 -357 186 570 202 -886 -475 74 -107 -936 601 -637 -17 -634 10 -340 185 116 46 713 -256 -251 401 -142 -277 -601 -172 654 232 581 -541 -524 -354 -89 -29 46 96 687 -180 758 -183 -386 -420 -232 320 -91 752 -202 -550 361 1456 -180 507 491 70 317 109 -388 -212 -672 -20 -3 170 871 -339 -25 102 609 355 -21 -621 284 160 -194 157 147 485 -788 281 231 -379 -286 -72 352 703 421 -445 -31 30 -595 264 -580 223 -239 123 309 -517 -514 12 554 -97] 4921.48
[-690 299 -52 -17 469 475 1110 -697 -736 337 862 199 152 -704 476 -128 380 -331 -304 282 246 -319 103 187 311 -248 227 105 1111 345 -333 -625 1015 -1087 -1147 193 -444 -104 48 -303 -456 -932 159 84 316 542 188 721 -69 325 -473 1052 -257 -76 292 260 318 -589 295 -168 -254 -439 1194 920 -407 -328 -578 947 -537 -453 512 -469 529 -68 -344 131 -683 -27 700 777 -543 875 -189 182 125 -430 1362 -252 103 100 -471 -267 428 524 -339 52 235 -498 13 -616 347 -84 743 -7 171 247 295 -423 213 152 143 476 571 319 60 10 794 200 307 94 205] 5495.71
[-123 -123 140 -427 1156 314 37 708 8 -192 138 678 752 -692 48 823 707 570 -493 713 771 73 -698 -48 -651 1246 201 -475 163 -499 -369 -834 -1023 731 296 -322 -47 322 91 -314 -373 143 -115 -162 152 248 876 -307 167 58 -291 -564 485 292 -527 91 -172 -442 -504 -414 219 -147 -122 -1665 -566 226 -347 347 -239 155 -217 -73 229 617 -153 -121 36 588 332 -696 -1163 111 -1108 -426 -242 -344 732 -222 304 314 165 -466 -442 -585 -546 -802 -512 -463 573 262 -121 458 -189 809 -183 294 -205 -56 -237 939 -187 -263 -330 -113 -888 -279 12 330 503 483 761] 5555.99
[236 -485 322 -485 657 -227 199 -275 38 -338 -417 84 -699 106 -128 -374 306 811 708 432 97 -90 182 341 -671 -195 300 22 364 -96 144 332 -560 -605 626 -69 766 -405 -868 402 108 627 309 249 325 79 99 602 -188 -691 69 -645 205 7 1006 -286 -217 792 -532 206 -15 -394 -250 18 616 -86 -689 -156 123 -169 659 312 -539 700 430 216 216 237 -314 -513 379 341 -124 -231 15 -181 213 57 -156 297 -573 529 834 -865 355 -543 39 261 -75 553 -271 586 345 754 -33 603 -118 681 147 -227 46 -428 -369 -6 38 -299 -518 -268 -220 -253 254] 4580.23
[-102 347 -558 77 319 532 -312 916 352 402 64 -78 -567 148 578 -339 767 289 534 -599 -76 220 -619 375 -367 406 -559 331 -744 449 45 172 -683 -186 184 -175 -291 350 -589 404 -777 684 117 129 120 -155 -283 -19 66 -650 544 -262 -52 224 101 22 -750 468 -400 -56 5 300 -183 790 45 -401 -382 -30 455 -112 -535 727 -498 233 943 -274 -608 87 -1121 -226 -138 -213 483 967 -137 685 -423 -347 -331 270 194 608 175 46 292 -563 -157 -704 -541 -777 -616 252 272 -319 -306 -796 -228 19 -323 -80 86 0 -940 1007 -150 218 -646 -190 -586 720 -38] 4986.8
[163 93 -387 -770 -150 -786 368 -29 -636 112 -152 -8 99 -238 567 489 -490 124 -332 862 -582 300 -94 -289 653 643 1311 25 -849 -82 804 -128 540 178 183 344 46 533 -79 129 -326 412 378 -17 39 -304 176 319 -472 206 -1003 -335 -517 -564 244 154 -659 -185 540 646 -233 -1231 -325 55 -384 -274 411 250 742 -659 -445 -23 -129 -874 -69 -49 661 108 527 311 -202 -267 679 390 194 -281 -590 372 126 -557 -46 -4 599 652 -171 97 -50 -99 322 369 -331 310 -338 -366 282 221 529 693 191 -237 -632 -253 -396 219 192 8 609 -488 -71 67 259] 4831.56
[60 157 -782 281 -371 99 180 -376 -334 22 58 195 -93 55 -131 -127 602 130 -62 -516 90 -399 964 472 413 -1143 -383 -247 -496 -140 391 -99 151 -130 -666 -31 477 -906 -615 -255 9 -533 108 -245 -149 483 -679 525 634 337 170 -150 -109 474 251 633 -203 256 -264 -187 204 -70 -15 468 -383 762 443 564 5 456 -419 851 94 -561 476 -395 -414 -886 -401 230 -904 1042 545 674 -405 489 -41 563 234 79 -776 -175 -416 927 721 5 -598 -649 -189 -181 891 427 291 -488 488 -66 -155 -1186 -246 -925 130 -100 239 -809 -4 -288 -196 744 112 -813 -251] 5207.84
[68 1111 -190 1019 -11 20 -921 -645 -5 592 336 429 105 -432 -106 125 420 221 57 868 -490 -637 779 189 204 614 478 -1 42 41 405 237 -215 -872 367 -637 -5 -656 536 -33 921 -4 40 678 -1095 4 -100 -258 289 166 -200 138 -411 -826 -281 266 -501 73 631 -241 206 -739 41 -142 -312 125 546 -833 -441 -714 224 79 -698 -450 277 179 -57 -314 -53 739 -450 389 286 -142 25 562 -161 903 800 501 152 -656 590 -366 -190 -658 -336 108 57 340 198 326 -67 21 201 414 337 408 -335 14 43 -206 418 -358 185 -665 -625 496 -534 -350 -56] 4982.91
[-93 -396 403 351 -11 357 462 333 998 -488 217 230 231 -156 -374 -150 -274 363 -1202 385 -397 45 -657 -174 60 305 50 148 -691 -318 127 -804 188 278 -69 30 35 336 -869 -23 -464 4 -6 -138 657 318 132 -126 -577 -241 -155 -257 24 -343 -426 -907 27 477 48 -63 -190 -72 113 -615 -156 -217 -632 -391 -5 -113 -15 -203 -326 -131 422 -296 32 1105 336 455 530 -30 -258 -451 -217 -286 435 552 29 316 280 -425 678 -598 111 570 76 45 223 27 -532 279 -72 199 78 -533 -551 -27 -17 -428 -217 -103 -245 -674 503 -161 761 -538 -441 -535 -648] 4413.56
[731 -270 902 -431 -577 -374 -491 -89 1066 -111 240 -115 -319 40 891 -429 -243 -610 -37 -310 98 -219 -8 33 -18 520 29 313 -546 -145 -251 102 508 1284 179 75 -358 321 593 178 20 -807 391 -54 260 276 -361 118 26 224 658 -143 71 -215 109 182 340 -227 -415 347 -196 107 59 281 -79 -305 -262 -239 -88 -600 282 300 -769 160 -424 32 712 440 13 175 428 -591 -251 -331 -214 524 -460 133 -309 -650 378 329 610 -197 685 418 -710 -46 834 -108 260 616 364 198 959 -73 -181 333 185 -273 18 -644 -121 -83 -589 -439 -278 9 -284 -622 -850] 4631.3
[-650 -72 257 121 113 184 -209 46 -175 579 -362 -431 75 -68 -162 -190 756 -421 194 -436 129 -234 -72 398 297 -637 -547 114 569 168 862 653 236 -1140 323 -260 -328 -103 706 -4 328 437 -1030 1323 176 -512 101 -467 1339 1106 75 86 -276 -33 364 531 75 -658 -459 247 14 -575 -707 625 37 389 -347 685 -505 -21 -301 220 395 76 1072 -329 -289 -79 -753 58 875 -573 -65 484 -54 628 -24 55 -315 -307 103 63 -664 -115 -969 -312 292 -529 -582 197 423 -669 -276 605 -368 169 13 -120 -505 368 -278 395 -387 -323 -566 191 -676 922 1502 313 -339] 5456.3
[-498 173 -380 876 -28 520 3 -259 -112 -195 77 -639 242 63 -585 105 1588 19 -88 252 33 -200 -458 -305 111 -96 -93 318 -352 -209 -524 -117 465 167 -462 152 -339 -3 -1068 141 101 -75 -447 -561 -496 499 -694 85 121 -1131 345 -366 217 1148 549 -154 -154 535 380 276 709 -13 798 377 -436 730 -314 -250 24 1056 267 -1052 303 207 -363 229 -196 582 72 -132 527 629 615 245 -201 -277 671 -55 592 298 -144 -201 -158 -301 -789 -124 1151 -54 -119 224 518 172 -258 -53 -270 44 571 193 327 557 -34 548 69 -270 130 -100 -83 -226 -254 -982 -888] 5097.14
[96 843 -97 1093 -574 339 -163 616 1071 -570 -587 -104 374 387 587 461 -589 906 -483 -90 -823 -418 -393 703 96 -119 153 378 -67 105 1210 -210 344 -375 610 302 -685 -621 1105 -284 185 370 178 982 498 340 64 610 44 -67 127 1018 -418 183 261 -322 -275 864 -639 -144 -236 -474 -753 661 57 -159 435 -305 -485 423 407 -177 -425 -462 -295 -475 707 329 899 356 -954 -569 -406 -247 -599 -265 -472 236 200 -569 38 931 356 -345 -395 -48 -227 470 689 -971 740 -102 -165 -537 -619 -173 -714 -271 -445 271 -262 -168 -315 -884 -103 -273 -203 -711 -74 -29 -455] 5609
[188 -411 -186 213 -1246 71 -1046 351 527 834 -714 586 911 -396 117 -199 -508 -307 12 -51 -432 -215 546 -286 -103 -361 96 -300 -176 234 148 157 754 -261 319 -175 82 51 184 -123 50 -194 68 -677 340 -325 967 721 278 -146 -535 480 222 -149 -278 -530 292 510 -255 -185 375 -342 -16 -424 -188 201 506 248 520 -257 63 -771 391 -110 -7 353 210 -553 394 62 -341 -195 -87 87 -66 122 -304 -32 -601 393 -508 349 463 -352 -495 -355 -320 -163 626 -130 -303 455 -118 -732 656 322 -407 119 343 -181 564 -535 666 566 -133 114 -323 -265 -883 812 681] 4684.03
[-312 192 548 -68 419 19 -70 -637 -6 -135 732 -724 116 163 -613 520 91 -353 590 397 -37 138 331 531 231 -153 -473 926 450 -161 415 604 548 -499 23 43 -132 516 1167 552 1054 140 38 0 775 -794 54 -369 1339 631 -27 825 -735 -437 -106 109 -413 -201 927 -268 824 152 -140 -13 453 304 416 90 1107 -345 603 -204 -511 105 591 -357 -71 -173 -2 -61 -15 -219 318 -515 -156 -51 -1224 356 -429 278 -659 -308 -128 491 -198 -14 -1163 336 155 31 -267 21 347 -266 228 414 -37 -671 492 716 -232 -148 27 47 85 309 346 222 463 1059 257] 5231.06
[-18 7 322 -638 -145 -406 220 451 56 160 -684 600 -8 -1003 -738 -69 53 587 -190 709 212 -703 112 -553 258 5 1042 -920 271 -17 -300 -537 113 -724 463 -169 246 14 -1680 -867 1159 676 -417 93 -15 -197 597 63 39 554 -519 -23 -37 -1216 -361 -142 -141 53 84 -672 632 -338 453 -522 -189 -868 -382 136 -21 -910 -263 -34 549 -174 587 371 -371 -633 -374 546 -303 681 -1148 -166 -257 7 507 226 223 169 407 31 357 7 -71 -589 11 -91 -54 121 -713 -321 -413 292 263 -441 -170 580 3 450 414 39 572 272 -178 -460 334 604 -1005 -210 765] 5416.07
[145 590 481 -422 -39 -797 -240 156 -187 -63 -583 1144 868 -1082 121 -748 459 -559 -547 325 247 -647 -458 -95 438 -985 -327 -226 104 -252 -418 -499 -792 366 400 -491 656 69 495 959 -61 -23 -31 -492 252 -491 261 368 924 1123 -427 -297 98 41 -471 574 600 -251 -609 67 13 251 -83 -633 363 116 178 -71 372 -31 157 150 -96 -368 288 859 144 -676 -856 401 1207 -749 69 137 -232 80 625 173 825 -226 -53 -1172 2 11 57 -52 -168 -402 -12 722 95 564 -1055 283 515 280 -130 -352 -842 -501 -498 -807 61 169 -508 624 -814 462 724 -25 -392] 5568.94
[1064 119 -780 203 73 -69 147 -216 52 558 -519 391 142 -127 1068 -544 -699 -273 277 -741 -167 320 349 270 143 453 239 -364 -179 -579 49 -585 -155 -592 -173 -481 -384 1185 -697 441 -859 405 540 -251 -165 -645 13 -573 -429 619 59 -243 -102 562 521 60 66 283 -604 427 379 -260 -255 172 -574 -542 693 307 22 -138 -653 735 1274 364 -669 -897 -288 67 485 471 187 781 -477 1128 -214 -340 -396 449 634 -72 199 530 -32 -76 315 203 2 -841 999 318 -474 245 -707 -250 718 -312 -74 -212 191 309 -52 -62 -148 -330 -195 266 -36 -193 -460 841 -468] 5285.44
[-341 -331 875 -563 959 121 -52 -8 -254 -960 350 -11 221 323 -229 156 682 -79 394 155 540 115 228 -955 -571 486 465 857 179 -537 171 -128 584 667 -418 0 576 112 -728 550 88 660 -496 21 846 537 315 -511 259 689 7 -218 -65 -890 245 -69 -60 -283 540 -352 535 -175 625 44 -138 877 -216 334 601 -440 358 -541 77 265 588 -232 -162 548 -196 -312 421 42 -497 367 -585 307 -429 405 105 273 -109 188 -602 52 453 -9 -726 -65 -147 200 -179 -77 -192 720 458 378 -175 -495 -241 451 -206 -160 -804 70 -832 358 526 -816 1303 379 346] 5065.69
[124 -24 410 513 -89 -383 -338 -504 291 305 -873 226 660 -185 142 -247 136 -429 -80 180 182 -22 -590 506 508 319 -47 -923 985 -510 -517 -499 -247 183 -243 -795 -707 1060 -314 -442 120 86 -79 -416 155 -528 1039 -820 621 32 186 494 455 -23 -391 -126 284 38 -8 -285 382 297 391 -392 -269 -248 -509 -707 539 644 14 -560 70 51 -647 -161 -220 -306 29 1117 1529 306 -876 -626 -617 -841 785 260 181 -603 143 -145 -328 -433 -463 576 122 117 67 141 413 72 -470 -1018 359 -21 -468 -265 -323 1150 -319 459 909 -270 -180 757 19 702 -935 160 -252] 5482.43
[-412 -363 -1189 -443 -1132 -207 122 -663 25 1102 -272 660 -46 383 589 -9 -538 210 -10 301 358 1109 -536 255 -533 325 -413 -903 200 179 -74 -491 100 344 -386 326 121 -240 -665 119 112 183 -134 241 880 -75 -361 -492 -1197 -220 564 -272 769 -441 328 -721 247 -475 341 -587 -75 -71 12 -115 337 579 257 -1173 108 525 238 -209 52 661 -884 453 1114 860 -290 -443 382 -156 -177 1194 -24 233 383 -149 -102 -249 406 -434 847 -119 447 263 405 -25 -55 131 -623 -1035 -66 -257 -294 -15 162 -261 318 25 55 564 -291 -369 303 599 -5 -1016 -546 11 -111] 5436.9
[63 126 -382 666 354 -226 -215 -617 -421 -803 385 -473 -667 212 -278 -169 143 -540 -339 -22 -248 66 430 426 -93 227 762 -364 -601 -455 217 296 1056 1039 -108 24 -346 575 -446 36 158 -400 -215 674 -148 -31 -539 -304 104 -198 589 240 301 495 -40 -270 -198 471 579 -54 170 262 -683 813 -246 -323 -188 -591 -535 127 651 -12 517 115 -480 12 -407 -281 292 -445 -179 -316 -224 264 -1103 279 423 -130 -53 122 -151 280 -463 422 320 -176 800 -212 -365 -713 -603 -110 1077 -43 -188 47 1 753 -92 -364 471 -60 -95 -965 -7 -396 862 -287 116 -355 104] 4752.38
[-581 339 -254 -39 -179 -39 -419 -267 289 97 -95 16 272 191 106 -451 367 -269 617 19 386 -790 -213 -250 -472 -22 -357 -49 -351 25 -736 667 -632 244 1008 -435 -521 -953 -220 430 -427 -9 49 -430 -226 662 104 844 -187 -1297 518 -481 -39 -90 -308 -1 477 805 176 -493 -295 820 -47 -284 -391 280 -948 -232 14 52 -337 690 219 -565 -725 -112 13 -285 112 -702 -621 105 279 130 737 -355 505 -886 545 302 557 -557 247 6 -419 -959 118 628 -715 -216 134 11 -644 -269 72 -503 693 -32 16 493 -51 -494 55 306 421 127 586 -96 -660 -407 -306] 4980.35
[-765 448 16 215 -550 277 -734 509 -84 -1096 -144 120 1026 97 683 -385 698 161 200 154 -179 -297 -72 -366 -178 741 50 226 996 -43 140 260 -449 -427 466 -376 -121 869 868 9 -366 202 -86 -194 -216 511 569 491 1283 75 -609 -154 -157 -125 -153 -158 -361 195 767 321 1355 -856 51 -82 -171 41 -98 228 206 -315 348 -387 782 -187 -31 69 -555 -149 20 92 254 -538 -455 812 -429 397 -92 -210 494 213 921 543 -543 -228 -191 -667 48 301 -961 -406 -432 210 291 -416 -93 555 -210 175 702 418 205 -226 -365 1033 -532 99 -373 -498 977 742 274] 5297.74
[-916 -188 -920 -540 -16 456 470 217 -672 -44 278 -79 -319 -158 836 -673 -45 -296 629 8 392 -234 76 396 266 335 360 -1046 -634 244 -540 14 -1004 -96 -377 -152 98 -246 185 -659 -674 -392 301 -776 667 -352 -86 -861 -651 165 -248 -141 -422 -491 -569 -455 -281 -1361 849 -90 -84 339 449 -255 305 -25 -290 -490 -489 -943 451 698 -379 82 -150 282 311 335 -85 -292 -1218 84 274 129 87 -303 785 -225 -520 494 34 -612 180 224 359 81 -361 283 -1076 -358 -354 -357 -786 115 -56 -752 40 -286 574 -362 581 -366 510 1012 0 945 295 236 -215 224 11] 5368.34
[-663 317 -423 -409 -1160 516 -176 -148 -732 1126 425 -226 -395 352 5 327 652 -213 -252 257 -173 -355 103 8 -71 1056 884 85 -71 -245 -43 -115 932 887 47 371 112 -232 1111 102 -293 -429 -567 525 -876 163 99 -77 -152 -595 -118 -427 -446 62 164 698 259 -1186 -294 -285 251 348 -331 -374 -91 429 746 -88 -21 -625 -438 177 527 78 -166 506 -526 41 -379 -260 -614 -72 -577 161 124 495 401 300 375 -370 110 -363 -606 508 -115 -333 -19 -599 -76 748 824 108 239 -274 101 1103 -311 557 48 -189 283 -105 376 -373 -932 228 454 857 481 -840 -61] 5226.9
[525 -154 -351 -443 -457 602 -827 548 669 430 -97 107 -570 23 136 449 104 1237 849 374 511 -377 1096 -469 -522 297 613 332 -4 666 308 -313 -664 -642 255 270 646 -122 -186 152 1057 676 -354 239 -33 -199 -18 -345 -510 -730 774 -1107 39 -464 366 861 -352 -11 -177 -707 199 -418 433 208 -600 179 100 -700 -178 -533 -328 278 -680 204 145 -3 378 -243 -330 -665 -774 779 193 -464 469 -406 -716 -788 -306 833 159 619 842 -914 -182 -122 316 551 -244 135 -401 -207 -211 329 472 559 864 505 -60 398 428 -389 -284 807 -19 -374 347 -38 -437 291 834] 5528.28
[589 669 -355 -451 -178 -200 -307 330 -244 -393 -224 156 74 675 239 76 -27 1166 533 20 -541 150 -16 29 -600 1191 468 -340 30 74 217 286 -1453 623 285 23 351 -677 -40 307 796 533 748 686 -751 559 96 -783 312 -283 692 -933 -504 -795 128 235 -328 706 794 -127 134 324 -149 -437 19 76 11 -654 144 10 -91 64 -1132 102 -148 182 427 -296 -358 -406 -1266 76 181 992 -104 232 -279 7 320 -635 -205 227 139 782 553 -477 -1580 541 477 -361 175 -458 561 -897 -310 86 -80 70 -1218 374 66 -355 -166 521 -15 240 480 -881 -713 688 946] 5807.09
[-368 253 -515 423 -176 166 682 457 77 -485 992 316 437 -484 376 -290 42 -55 -517 -354 896 -334 -42 -139 -33 -546 -394 281 396 1299 91 -40 231 152 -621 203 104 -311 972 550 -436 -39 -756 -146 32 31 -288 934 -114 -332 540 984 598 66 627 493 -411 737 -514 -795 -389 786 115 165 863 60 366 514 -620 510 659 739 -535 -783 147 74 29 136 -541 960 740 -93 -511 -116 -109 4 363 296 -475 -113 362 -708 51 -226 951 -494 110 283 -538 -1011 -836 524 597 -174 -528 -156 -74 -442 -406 -860 -723 333 379 435 2 244 281 339 1287 -647 -161] 5570.52
[-49 67 -111 -326 105 -152 -263 302 294 -287 -666 893 -236 892 -228 441 -168 -235 343 -568 -583 237 -469 -1243 70 596 200 -43 -65 -38 -196 -250 1476 358 -36 486 126 -25 -368 288 357 781 -908 -378 563 84 723 475 -584 -12 -460 806 -417 -51 -537 -747 -428 -743 698 995 971 344 -482 72 -284 52 539 246 -179 -475 -565 -113 222 -555 -502 -103 781 177 222 564 -501 347 -39 -115 -1157 283 -141 -452 475 405 671 579 -205 -671 427 -48 -413 65 -310 -540 -225 -355 -264 -629 -134 -582 -94 -72 337 13 766 -331 148 439 -179 208 23 110 -89 -216 112] 5157.74
[439 611 565 533 -258 -124 314 41 327 -602 367 493 -79 -234 395 -552 -34 -3 -641 -159 780 -943 -291 313 -289 130 223 252 89 -1406 745 -1253 -83 -656 -461 -317 -380 -156 234 -50 -90 34 878 -476 -136 29 -510 393 363 814 -28 -974 -587 166 385 647 43 113 -273 -1074 -844 40 547 5 963 -257 -102 247 477 -1109 -74 -122 167 54 -445 -261 -292 -10 0 -576 -141 830 -27 265 -314 -907 -55 538 -200 -708 -360 402 40 -45 451 -208 259 643 762 -156 -722 196 -4 94 235 386 -251 34 -541 388 -374 -384 70 359 317 -74 302 176 -281 455 -204] 5117.84
[-510 524 193 52 -117 585 -248 131 343 297 168 398 406 -908 107 36 -51 -783 -538 -128 713 -95 248 326 195 1 234 -458 426 -352 -857 -1187 80 589 -557 384 -196 132 786 -721 -63 -597 -649 260 -166 384 334 570 58 816 -321 408 610 -181 -558 412 -235 -3 -327 -259 -42 -25 -166 -467 513 -53 361 -237 -591 27 273 -259 43 720 -229 117 1028 -68 323 310 -316 -104 16 261 -91 331 311 808 -100 -297 -230 111 139 -709 -713 -289 -268 -302 380 -257 -330 340 -648 711 -1 -146 -97 -38 -381 -80 535 -629 642 550 -479 -315 -323 442 -517 169 -19] 4655.45
[302 324 150 691 -21 -160 -649 -1113 579 -224 -190 -522 126 -246 83 -736 876 -668 326 -189 392 -772 -326 211 282 -339 -149 26 -392 -635 424 -263 -211 -711 -346 -185 -634 463 236 337 371 557 253 -981 -684 -1058 377 -1108 1629 40 -93 -911 -802 900 294 781 -181 -4 -39 892 452 -635 -535 -232 517 -203 -699 -469 -353 -247 -57 13 423 573 -779 -33 -501 280 -41 575 101 -430 -581 150 -308 -668 -277 675 -236 -26 320 -1180 -396 42 -482 468 407 404 124 779 -221 166 -32 195 583 276 -218 677 534 200 89 -43 22 -151 247 -1213 361 988 -342 865 -33] 5739.91
[241 85 103 -18 -785 309 -1144 534 92 407 526 170 -399 -472 -107 -15 -282 25 -552 88 -122 340 608 -85 -314 173 -596 1008 778 -92 -450 -313 -122 397 1106 -249 494 73 -213 494 657 -108 -155 682 599 -404 382 110 -1496 178 -20 -276 5 -554 -46 93 360 44 119 -1772 283 -38 555 -861 130 -147 227 -360 -112 646 613 -731 -468 96 301 -75 -315 -163 -226 -711 -363 67 130 376 863 613 -382 -191 340 -151 394 -16 647 106 -209 -610 407 447 155 856 -80 -451 -460 -237 -38 -191 -629 26 477 -380 252 -204 112 782 426 210 -1410 -779 -137 -68 357] 5354.32
[-342 -337 72 -501 426 -124 456 -383 367 99 58 480 -154 -175 279 -524 691 620 -732 220 -830 -424 128 478 264 1175 804 232 199 -353 -596 -365 440 -627 -1018 158 -466 -249 -333 471 -729 -198 -217 300 105 161 -187 217 68 -513 67 146 238 -3 546 59 -73 194 -42 164 157 8 476 265 -311 -1081 -881 360 -297 -603 -218 286 -1127 240 233 414 -893 229 72 42 739 -474 -923 382 -305 -190 483 458 -78 2 134 -126 -552 61 -171 -807 713 45 -1134 65 -8 546 18 50 -209 16 -262 184 -597 316 -184 -70 -411 -122 -117 462 -337 -15 1111 -429 -101] 4954.4
[380 177 -1428 -678 -770 9 513 326 -478 574 88 -18 166 -469 462 -568 -748 -111 155 106 -921 205 1194 692 -697 -30 955 247 813 -577 -618 -332 529 424 476 -379 -243 -105 -485 695 -926 -956 193 510 -392 399 -177 -35 -769 -579 148 -988 359 -508 169 161 10 -199 -12 -164 857 412 352 289 -101 -347 -234 -539 320 -380 -538 -362 650 292 -313 -603 43 -316 427 732 -246 354 -144 1169 71 420 -712 -315 -316 -386 605 437 228 19 167 -550 -429 -338 898 798 864 109 -336 -388 643 643 158 -90 855 -692 -58 -1004 80 162 368 161 462 -36 -60 -865 -67] 5692.3
[-301 1050 88 959 315 -342 696 -252 250 283 -272 510 -133 -530 339 549 -129 414 -261 339 -272 -238 -161 -148 -427 -561 121 -36 859 211 931 -299 -514 -550 550 -111 -457 -460 151 -281 -132 830 -164 79 355 -559 500 406 435 484 -1506 385 9 10 96 265 -373 -356 -1226 -639 -560 -768 -442 443 -219 -431 338 410 -776 756 302 215 62 -467 500 -747 90 -609 -741 476 23 654 393 291 -420 -317 77 225 734 -5 13 -7 -363 -390 -581 -374 733 136 174 343 293 6 -925 -641 -436 -500 -194 -273 -516 803 -495 641 249 -49 77 -109 -691 596 208 892 639] 5377.35
[-479 -158 889 797 -543 -212 -460 -172 800 -1026 50 207 29 -43 -266 -62 -72 -99 518 530 408 41 -511 -1078 -536 -529 -685 441 186 -177 -352 -992 -407 -105 465 193 -128 563 -300 -947 197 420 -513 281 130 415 96 -606 394 843 -662 126 -80 -83 -426 -688 383 -509 -59 8 17 -295 1240 87 99 134 486 -113 -395 712 490 -962 281 -38 511 -730 449 601 -75 386 340 -180 -252 182 -431 -18 117 -86 452 59 1377 -168 911 248 160 744 438 285 -6 -211 -388 -334 -776 677 333 -467 -808 -8 886 257 -90 430 -264 -369 -372 -360 -172 -913 -150 -8 -167] 5323.99
[-249 -114 87 -437 135 -378 -636 738 -190 543 -339 -113 -780 -437 -186 -314 275 327 215 725 899 -90 271 -937 -249 -1153 -473 441 -1005 687 7 397 -16 -226 -536 549 1099 -498 -529 -477 -324 615 270 -344 6 470 -189 461 -802 43 23 -219 -222 410 61 -95 -153 -246 10 -582 -290 -289 851 2 -146 430 180 -25 601 -68 627 -619 -392 -191 626 572 276 354 91 336 17 -509 751 -390 798 57 -8 -89 17 667 -73 -221 296 -146 13 321 -77 -287 -369 295 -763 621 43 26 254 -30 411 728 -123 339 26 19 -210 328 216 189 279 -879 -131 462 235] 4819.47
[676 370 -431 -479 558 605 -270 489 -125 234 -631 541 502 -401 23 -750 -26 1189 -245 58 842 -215 234 -55 -626 -192 740 -190 903 -335 277 -196 -357 -241 -146 -236 455 -449 -396 539 405 -60 -565 500 -603 213 313 -41 66 -290 259 -612 -176 85 -313 741 -83 160 -56 -892 492 9 460 -224 -726 55 46 -483 117 -481 -1163 -214 -144 644 -985 -262 -555 -112 299 1125 522 310 -698 -24 -40 253 -503 664 604 328 -464 -343 262 -1046 216 -360 -566 569 877 653 246 266 107 46 553 927 1 132 -650 -2 407 -278 38 -167 -38 113 -128 977 255 -143 -339] 5230.92
[306 346 -104 -109 699 632 608 305 -192 -193 -993 86 838 263 195 -352 1114 -95 733 -602 -17 277 -301 976 521 -102 50 250 -219 489 702 -301 -532 463 -374 125 -372 683 -1136 4 -222 -1 785 153 -823 154 308 -255 343 -655 575 -501 77 471 253 -51 332 482 -535 535 281 -581 -638 640 110 22 -323 249 338 388 -701 576 757 502 -704 928 358 -170 -443 -1090 -456 252 1039 432 -653 -605 463 -446 579 -294 -158 415 90 -191 -10 -28 314 -31 -7 -695 1031 105 -50 -279 -261 3 -232 182 -189 -24 648 104 -189 315 -289 -46 -1258 805 -646 -38 -635] 5456.54
[22 -134 -134 -348 -363 -94 -96 -933 452 -275 28 -554 -133 1077 388 -186 -503 -20 540 -196 28 -8 753 5 -254 572 149 630 -597 6 183 150 373 -828 -386 210 606 -811 146 205 -807 -591 852 -648 421 -328 -119 415 -314 -632 -237 -256 -453 40 74 -129 409 117 249 26 -491 125 78 -230 -35 20 246 598 -253 -655 40 265 56 94 -680 449 234 351 409 -780 -546 249 -86 -72 539 -464 -719 -103 -186 644 -411 -238 594 216 1208 118 -797 451 -625 352 293 -79 375 -169 723 195 203 168 1278 167 234 -929 -226 80 -5 41 682 -809 57 28 -418] 4937.95
[734 411 137 -245 756 -523 -419 1105 -321 228 -369 -44 -173 343 394 -306 -40 435 993 771 -630 -167 -68 672 699 -282 210 1030 -991 -399 862 -610 -535 -78 371 278 444 367 121 74 -255 -297 391 809 380 -37 656 771 64 -103 -234 -148 -158 -74 -447 -584 161 -109 -64 67 -294 -101 -96 431 -719 807 -82 -138 1063 84 -266 10 -241 -199 486 40 -187 -111 49 -59 -20 -581 127 -263 -726 -630 -512 10 179 323 -440 179 -15 307 -360 84 -844 -611 -139 -898 1102 650 1348 64 528 111 52 24 -149 -167 -362 -821 -435 -624 -243 -492 -172 269 143 -874 -452] 5270.01
[603 -97 678 216 -27 -331 178 -399 -480 -256 332 -49 607 -67 372 -450 -550 -85 -121 -527 656 -109 -119 369 -276 332 365 -469 -564 318 -199 783 491 35 570 273 -258 570 -29 -448 200 -758 864 -157 144 95 327 -241 600 -878 481 709 277 -930 -4 243 -440 183 -250 -540 -757 61 -128 437 -293 -152 -826 196 -28 196 774 486 200 -290 38 61 1130 -59 254 -273 -365 1419 168 -354 298 -367 672 -82 168 -381 -357 808 1070 122 296 -53 -834 -665 362 -765 551 121 378 -1057 295 10 -723 392 68 -460 -214 -201 518 -602 -46 -103 739 -291 -694 -405 52] 5197.6
[173 376 -195 192 -122 -960 272 175 -676 -23 -530 -312 78 -819 -100 -121 -981 412 126 393 -136 -298 282 -76 28 -138 735 -70 -104 156 -831 288 -213 -1419 600 -57 -13 -578 786 -66 -708 103 125 -643 -549 -332 -314 415 556 -37 -90 830 745 -129 -180 -174 -401 52 -115 379 -65 665 -423 -40 -260 -484 546 352 -499 -381 508 645 252 -89 -25 -9 8 266 57 -187 -194 -25 -123 278 98 19 -566 -521 -474 -453 914 -33 -411 -709 -601 -992 14 -836 -66 722 -576 395 -684 472 259 9 354 944 -205 732 -192 50 266 14 -507 256 -77 479 381 365 527] 4956.04
[399 757 304 -400 334 275 4 117 -454 -680 545 -124 319 -146 480 240 577 -295 1007 11 387 -362 -36 132 207 1073 603 283 292 -80 -125 -419 -409 37 120 282 177 117 80 70 364 336 727 -66 -746 608 375 -177 640 -74 378 -173 -467 -127 458 396 -103 71 149 356 428 99 318 -710 652 -100 -45 419 560 653 1067 -400 -46 29 -481 394 85 -939 320 -841 233 46 -309 676 292 94 -334 333 809 -726 130 -305 -300 -175 -383 -621 -1248 -214 505 -79 41 421 531 404 676 109 -143 -6 -555 566 565 24 49 121 -669 64 32 89 94 249 71] 4761.05
[-165 -496 422 469 -63 178 -838 -31 -204 330 -287 74 604 52 542 736 127 54 -504 74 1206 -292 228 -353 330 960 599 -770 -583 -257 -119 70 768 -353 -501 -417 335 25 -118 -1006 215 -69 122 -744 60 36 490 358 -198 434 -124 507 296 -534 -136 386 161 -604 239 -1037 -63 -373 466 -309 -1008 476 268 1085 -515 -297 -456 197 162 -800 -131 339 -308 683 241 364 -584 599 -721 -766 -258 -268 613 1022 -88 516 306 -104 -436 -806 -322 -47 -618 -443 604 -61 -183 579 -218 154 495 -135 -58 214 -433 625 -572 189 563 -196 -484 -1020 157 293 -575 56 -255] 5258.72
[-171 388 466 -236 774 156 565 108 -345 -552 115 -531 151 -473 -837 -811 -353 -591 275 -139 -436 -558 122 -174 -111 -969 -78 628 249 -136 -348 -554 -770 936 511 94 -472 -81 -289 779 328 -552 -462 89 42 -488 582 -299 -326 -145 -406 -984 -510 -138 -175 -216 201 27 -464 498 556 497 -9 526 640 440 -151 67 437 710 110 99 5 418 125 9 460 -41 -353 24 518 128 232 -348 -454 -720 75 -521 855 665 364 -295 -251 182 -78 -142 552 -30 206 -93 -34 -515 34 -169 210 49 17 387 315 -447 14 -261 548 -279 -66 -43 232 395 203 977 626] 4655.33
[229 65 380 1 -761 80 -11 755 340 -58 -76 -275 110 -211 -445 73 23 -125 -600 -1303 -244 463 385 16 276 -558 166 -456 352 609 113 373 -25 372 -283 379 -220 -558 -386 560 548 -391 154 -97 -26 271 -696 228 524 -278 -138 300 -275 -901 282 935 -482 99 -714 34 -315 344 7 865 -1045 -131 -7 264 -596 -77 -134 447 -32 -80 334 90 -795 138 -787 126 753 664 729 403 -164 -189 34 557 -23 670 -35 435 -188 447 58 612 1386 -302 -471 132 565 -433 389 -138 330 136 -342 -331 746 -665 105 -371 975 271 264 430 504 -536 -71 -44 451] 4984.6
[-152 409 87 386 902 -81 -222 270 -521 937 40 -37 -36 -285 319 -1295 1278 -1046 -699 -364 871 -2 -109 159 -292 74 -445 280 -364 -620 151 -433 394 -182 -638 -538 -713 350 -451 383 -205 189 -134 623 293 -328 42 -30 482 808 266 -43 -183 -227 -83 317 -702 -402 -207 -922 -326 -494 -188 274 -165 379 -29 153 605 -263 35 469 519 340 -185 -343 -139 -16 -462 609 813 320 357 857 -834 421 496 886 525 263 -124 -557 -417 -117 219 -278 309 -1104 -181 -73 -1019 282 830 211 729 -211 33 48 -343 595 -195 -127 -308 -81 -733 470 -329 339 496 819 -143] 5298.97
[659 -178 319 -556 59 -73 -934 198 33 -150 567 1485 -701 -543 -43 -371 -982 -184 -417 -378 755 -133 788 -620 -479 494 -414 333 424 -241 -339 -1056 -121 235 616 -24 -851 895 907 -439 -43 -424 -169 830 181 69 247 94 -434 906 -74 207 710 -317 -815 634 1097 -749 -320 -461 -46 -297 -260 -173 -183 -606 204 226 44 -375 -690 -234 525 -455 -150 -309 182 -445 514 313 117 -391 -713 -280 -67 88 -213 -297 -209 -416 434 291 20 242 89 -254 -714 190 115 -753 132 -290 -280 364 221 -419 -406 -79 -647 -57 -473 59 -540 -212 445 -563 70 492 -777 -693 150] 5288.34
[-478 285 -103 1383 262 -192 588 -1443 33 19 -405 -463 209 500 3 -337 434 -749 237 -180 -355 401 173 344 434 81 -1052 -153 -454 359 496 204 -745 -467 -149 -466 -629 280 763 796 -153 306 464 -1056 -579 -842 467 -155 385 20 306 749 94 -758 142 -177 -487 789 1163 1520 -212 197 -172 96 93 -279 145 340 50 -262 1200 591 -340 -403 178 -146 -296 189 319 444 -270 749 716 515 276 -5 -282 469 -109 -79 59 -378 -50 187 108 -496 -8 589 -221 -796 -333 -214 -525 -6 689 -136 528 -440 416 673 -687 -31 949 149 500 1026 -313 100 -914 280 388] 5683.46
[662 176 -796 499 201 188 -114 -739 -543 220 133 55 -536 187 119 -608 653 -181 -371 152 275 -414 365 414 720 450 149 528 -1408 -1375 -323 -1075 107 -406 -213 151 182 1145 559 554 -421 -131 34 -691 270 -1495 -82 -548 -240 -325 186 -23 -557 585 361 193 676 -538 490 258 82 383 -19 -515 -53 -567 25 -230 -142 -748 -695 508 -169 83 -140 -65 -368 553 -386 571 -170 -56 -841 474 -679 -650 -190 845 305 -194 48 -1079 71 334 292 426 -234 -930 955 625 279 330 -1093 -99 408 -419 -368 190 -235 -730 -861 214 -315 -257 249 -391 -116 1030 163 -717 -763] 5779.42
[-136 -788 -655 79 480 -443 30 -422 -325 -447 -301 5 -75 65 1395 -162 -333 -347 749 -121 52 -230 -294 312 -371 41 -487 -486 -77 303 233 196 -837 -226 -105 54 -379 884 370 -224 -1433 -77 479 -548 261 -11 -303 -575 -928 843 597 -516 508 -18 269 -211 -55 -244 -105 652 -116 -460 365 11 -520 -35 651 217 246 -149 339 -164 -193 -620 883 -129 437 -117 -176 -12 762 -1559 -169 95 273 29 817 127 -887 255 82 736 -604 -256 391 -553 -484 -169 -358 -1043 -432 267 203 199 -373 638 269 768 18 625 -999 255 -685 -19 -3 927 -273 -548 -135 648 164] 5427.6
[-593 0 612 724 321 -227 -77 -682 599 -443 214 -228 -505 727 444 -586 467 -495 69 61 714 -230 -17 710 -211 -611 -353 -219 -77 -129 425 -18 140 259 515 51 -966 -410 -275 208 -124 451 21 -564 1037 -254 36 -584 -217 412 400 466 -267 43 38 229 177 -70 -468 281 -651 -152 -127 398 -402 167 -894 41 -403 -721 272 598 -475 245 -83 -478 -848 -249 -378 -965 -768 -502 70 -86 -977 -110 429 -103 -424 -62 -246 224 214 -30 221 -336 1439 73 -632 293 -889 108 110 130 214 -235 -165 315 -911 619 -438 550 641 -362 -201 613 118 600 -431 157 -162] 5034.97
[-375 -992 127 214 -581 367 307 -1090 -548 758 232 -570 417 -71 -37 -790 773 -10 147 25 -87 -916 1660 600 -193 -1120 -49 566 -192 -90 -166 45 -90 650 -169 203 572 -919 -499 159 132 -523 677 -410 -50 792 -441 -266 317 -374 540 138 211 -477 711 1462 190 479 -254 195 152 -826 598 367 -781 77 -395 -36 -744 711 21 722 86 -151 184 -456 355 -80 -319 74 -1291 561 283 544 495 -122 543 403 -509 -548 -794 -597 198 821 -360 293 332 33 -828 323 362 454 -56 140 387 692 74 -382 -151 -216 -663 -328 1017 -537 -43 74 606 257 -468 -505 377] 5789.06
[506 -68 -503 146 712 149 156 -108 -596 168 -39 150 -101 -1015 -243 -763 5 -429 786 -414 -281 463 738 433 -184 387 441 298 164 -82 -320 412 192 -450 -106 -540 -137 31 70 40 371 -389 -512 -529 -1001 -740 -300 -751 304 -251 -342 -617 36 -701 -22 592 -461 -104 607 632 849 -206 584 -96 -73 409 142 209 -637 -696 -267 -21 -425 779 -341 -156 280 153 318 -610 -1272 647 176 172 53 295 -601 479 -548 591 459 -236 373 -101 645 -897 -621 -107 6 -228 -33 220 -272 205 1035 239 118 49 911 -68 376 -680 671 381 -164 -253 -781 67 275 -200 353] 5066.43
[-482 -778 -118 -387 231 -498 -482 -143 -189 299 -1308 -15 -593 461 15 -602 507 -1155 1005 213 846 268 196 1334 146 -498 -441 -587 269 -132 -124 632 -418 977 686 394 482 614 830 -775 251 -524 152 -276 311 476 12 367 1355 341 -439 1150 230 -240 -294 185 18 -1213 -398 500 -247 -190 -540 483 264 304 -80 -152 775 -582 -412 130 316 431 242 69 579 -9 -265 297 201 -639 40 -120 -823 266 -138 673 -798 -115 -143 568 786 27 275 1015 147 -386 -293 -188 1082 347 -26 511 -234 653 -972 133 881 -259 -329 -141 1516 -477 -947 376 -373 644 -631 -264 247] 6091.15
[-515 876 -548 106 -509 -443 865 -335 -448 -37 186 -480 -10 -126 497 -307 -387 -185 732 306 287 -430 330 200 -48 -584 -117 765 28 428 114 -495 -180 143 -229 553 -85 -911 -615 588 -637 -141 397 878 -351 691 174 -311 774 660 39 -739 -764 -161 458 368 107 491 -133 125 -214 353 1368 738 -172 -192 -247 446 157 573 -120 214 -358 -285 -190 161 209 -258 -133 9 -240 -90 726 1262 120 -89 126 -398 564 -262 110 78 182 1159 14 -662 210 234 -1187 -309 375 177 477 -722 374 44 394 -174 -443 804 -52 -549 512 97 291 157 910 -322 -6 14 -373] 5172.29
[-407 -867 -359 343 -355 -251 134 730 -409 -281 -800 25 -1226 -257 10 -216 204 -487 -37 549 -411 322 253 120 -45 -195 81 -245 -268 -623 98 -191 715 329 346 -490 -386 732 279 -84 -1294 -44 -871 100 -49 -73 -920 259 56 95 63 -425 653 472 -489 66 125 -706 570 233 70 485 402 -139 -156 109 -103 -508 -372 22 -410 -71 301 98 -248 -117 -383 -346 -208 258 508 -1454 -552 -19 -598 13 -133 458 -740 170 -38 -225 -44 22 206 517 988 -585 -466 -14 -980 -19 -373 703 233 -66 -66 657 99 662 -616 560 -17 -439 -874 906 422 -410 564 -731 -483] 5178.57
[-181 -159 794 471 -545 92 -195 -92 414 229 257 191 -467 343 717 984 -798 -607 -293 -543 -509 53 1093 890 -235 -133 270 -25 566 -902 -72 222 1366 -481 298 -413 -364 -39 -213 182 -276 -2 -96 932 27 -388 -283 -397 1008 601 -318 -490 246 29 376 214 19 -111 -177 -601 -73 13 339 1152 -190 -741 -268 129 -69 516 241 -358 985 10 -323 -696 -49 -816 176 10 -10 431 347 792 -385 367 -197 -119 -419 -525 -307 1154 -168 207 -231 -694 68 -212 -1257 74 -395 -342 665 352 215 -265 234 77 482 670 369 -242 -520 -492 613 -355 370 -795 -446 432 -260] 5386.44
[199 33 364 902 -131 304 -103 359 815 -99 -504 -713 461 -281 -379 604 -677 -23 -322 -839 -293 81 -149 1021 -211 -1359 -643 -229 -596 -10 513 748 -687 668 378 -764 -466 608 -60 -367 -636 -554 10 84 -383 -1460 -398 -786 588 -17 7 -1 -237 770 -362 -304 758 51 -853 311 -492 536 215 1274 -578 21 497 2 167 622 156 306 1157 601 -205 43 -308 -190 -469 412 226 -537 329 -117 -498 -637 -623 -626 -452 423 12 672 -586 30 299 -350 365 -506 584 -18 459 -972 -174 89 -187 -184 -401 228 136 368 -53 720 -583 -689 -117 184 -132 -255 -242 1246 -356] 5711.49
[384 -43 -74 -872 -697 -852 29 -1020 85 606 -292 -315 63 404 -540 626 -1015 -62 -213 -422 276 303 51 -494 447 538 689 -726 -394 28 1096 -243 363 360 -366 875 -115 -651 -910 -447 938 351 162 8 243 315 -240 -1319 279 267 250 -243 72 -294 448 141 -171 -1 -182 184 -473 -474 -235 433 -576 492 -231 233 -126 -391 -941 -319 -290 240 -228 -1044 -33 17 690 -1133 -430 1220 -239 734 167 40 -446 -67 -32 -752 -340 506 125 1158 37 636 744 101 -275 -592 -399 -621 303 174 71 421 -119 -666 -654 -78 218 578 433 -815 -24 146 1589 -191 -36 119 323] 5735
[-216 860 -107 1074 309 -386 287 -211 668 -430 -49 280 -240 -264 -439 148 -10 -34 440 32 501 493 -446 -578 -565 -1444 -885 -148 -232 478 719 280 -618 -255 94 37 -809 -117 -53 748 399 540 -689 -454 188 -244 -540 570 105 272 -446 660 172 643 -230 -149 -436 789 -291 405 -727 -347 -317 349 -112 106 523 -695 -40 -325 332 13 -303 648 561 -446 152 18 -299 -286 122 -48 660 371 -245 622 -553 160 -103 258 -249 931 301 83 398 -292 1217 -113 56 133 -603 -110 -522 -410 -248 128 -202 39 -754 -633 -254 130 68 -137 73 -152 -1010 -252 -982 438 478] 5132.54
[421 -154 155 590 -70 -849 -1260 -90 -223 -49 4 280 -25 27 675 173 -467 -517 824 -27 -697 81 997 255 247 512 -278 -451 -279 -45 486 266 43 -957 103 547 -283 -130 658 -1242 522 442 -76 517 -513 484 -433 23 963 567 -375 781 135 -637 13 420 -626 -212 -572 471 -336 -762 -690 510 -421 151 1043 -207 -204 -100 197 -269 -150 -742 350 14 624 -999 -207 368 249 -610 525 -114 -460 567 -1044 498 -204 -13 -530 908 -668 293 31 61 -33 -314 -919 -815 74 502 206 -83 188 -205 -260 84 -283 350 101 -248 451 -693 -165 166 -533 -543 -415 177 378] 5385.08
[111 76 62 149 801 -161 1434 -34 -603 -635 -389 71 162 -337 -453 595 -17 -65 523 339 -455 187 386 177 208 -925 -37 438 237 1247 -7 136 -755 107 1085 -17 -234 1016 -466 206 422 -147 -480 83 -50 -126 368 -974 -350 -143 -582 16 319 105 -134 116 295 -292 -109 1177 -41 136 66 140 -850 445 -306 -212 936 701 178 429 235 -557 -93 -227 232 -1821 -361 -131 -197 93 1355 -674 180 -259 -59 -1063 -75 -476 617 -439 -96 132 -612 -101 243 -387 308 559 44 -605 103 111 672 409 -44 215 -70 -1012 -611 -418 -163 -230 859 -7 131 368 -182 -523 979] 5627.84
[65 82 448 632 480 505 17 -473 454 -1619 -53 443 27 -431 -404 -191 -179 -495 78 344 76 -951 -342 -438 341 299 -447 257 -555 -993 -99 -575 775 219 -470 307 -481 342 -141 145 49 39 74 -797 106 -48 963 890 -432 -202 -138 1196 -186 1077 -200 -634 -78 290 743 501 110 700 110 -899 -79 -642 -64 529 -615 -47 1017 -470 -14 -180 -3 -439 -694 -178 847 -78 -632 207 -1228 -407 -950 12 -683 712 9 505 -52 352 -1041 -585 307 56 -153 -692 189 -405 -365 1065 -284 -114 122 -609 -471 -384 -17 469 219 -293 616 -200 445 -169 881 -57 -480 676 794] 5773.36
[26 773 -723 -88 472 140 1226 -229 -312 -752 -381 49 334 -229 283 201 316 357 -146 -145 40 555 -395 -361 -25 -498 -136 -130 970 13 -528 -1 137 -511 -370 306 -3 -387 -1142 1217 -243 219 -25 -83 271 194 719 -21 -38 -362 -231 -121 223 669 -255 -677 127 213 819 373 307 625 525 439 -1234 303 -230 -289 487 259 400 -619 80 54 -426 64 78 -150 -272 322 -71 781 1020 524 -610 648 117 -1015 277 -207 -581 -153 554 -112 163 -330 -694 -852 17 734 438 -228 -266 -508 -68 -399 428 -302 -468 -477 491 541 -1071 830 458 699 -94 -10 -144 289 -276] 5271.39
[51 187 -339 161 756 477 381 564 303 -279 -796 -728 469 -191 94 446 -334 -532 -680 236 -209 192 374 311 29 76 243 163 -610 -549 34 -404 -226 924 -955 -47 57 236 -439 684 -704 -108 97 -293 -21 -305 -515 310 -425 785 219 -413 669 563 -220 -979 -211 -76 129 -415 155 230 -487 306 1114 24 679 596 -45 -337 -106 -203 421 38 -413 245 -220 375 829 776 552 -158 -50 -173 -585 -257 -303 355 257 981 -791 -307 -187 133 119 -248 192 402 867 16 -175 326 -531 484 -820 -214 -345 318 133 408 182 -192 -332 -50 -452 241 -272 -115 -323 831 -85] 4844.23
[-132 -418 -165 -965 74 622 121 -489 -146 66 -441 -507 -717 236 -185 -250 360 -867 -313 -362 -480 552 712 779 -657 -1174 -454 338 830 -263 -155 -412 -99 673 276 -23 -567 -65 -280 -63 -8 -474 -315 817 419 -281 -421 -85 -586 299 16 59 -372 119 -105 -66 460 -924 371 281 200 221 -367 1154 408 120 -28 98 392 -432 -351 28 447 794 381 -436 -674 -334 -280 496 478 -7 846 580 -203 -133 89 -187 -228 -60 -485 -216 470 768 -214 -404 -286 394 -26 653 264 -978 -26 723 114 -126 38 840 845 -103 741 604 -351 312 349 438 -71 119 -757 -119 92] 5078.34
[-81 -132 633 -827 467 -263 -733 420 829 -669 -485 151 -834 70 -1298 -349 432 436 -278 390 -413 48 -955 -419 400 -120 -469 530 -725 360 44 -554 -760 -400 788 443 689 -334 -444 -395 783 837 -919 -15 772 -179 -31 251 233 112 -295 318 266 -267 295 -788 346 359 -595 506 -626 -271 -139 -188 107 -390 -1006 509 -197 -235 -225 -371 -1174 384 1482 578 -150 902 -1120 -352 1014 -696 -173 -2 -241 18 -587 114 258 -141 784 -457 159 -66 -358 -83 -384 -552 196 329 -172 -275 -356 393 -126 -1372 -72 514 -556 229 -368 193 -216 380 437 -418 -247 -127 -216 -292 -220] 5732.85
[9 -382 -178 103 -860 34 -582 27 289 79 445 -274 -346 229 -486 762 164 -630 418 -342 183 937 -482 416 409 61 378 -676 -9 920 -333 373 859 1052 147 677 -878 91 -29 -271 40 -241 -758 -392 -206 -122 -320 -96 135 -1142 410 -252 -150 523 820 85 157 -701 3 558 -59 908 -130 -205 9 229 245 550 43 958 -398 -471 -82 234 -566 -124 -449 -257 -41 -212 136 -779 431 536 -617 59 -784 686 -609 503 555 56 -1246 -125 -813 -256 688 -184 491 407 404 -206 -245 419 436 461 -108 -192 242 900 -290 903 499 -160 -367 630 -131 380 68 -108 -296] 5269.61
[587 426 523 -717 -191 -730 -684 586 85 -462 85 755 43 -1207 -212 -408 -869 346 270 -490 -371 176 55 -521 88 -146 45 630 487 364 137 671 -14 -41 173 -73 489 98 985 86 453 489 24 149 -966 -481 653 1100 410 -570 -977 570 -265 -124 -556 -379 101 1248 -366 62 39 92 120 -114 -287 -504 -17 474 -411 332 481 -29 -266 -242 165 -197 -391 -554 135 205 -49 -167 -563 622 408 377 -1336 653 -92 -230 983 61 -492 242 512 -593 -175 418 417 -20 208 222 -246 -826 564 -815 -176 -410 546 -505 73 -33 166 843 104 -628 31 -546 1227 537 835] 5524.73
[802 13 269 442 641 40 -88 -364 -247 -28 35 641 -387 161 -653 -346 533 342 189 121 -154 130 506 -208 -71 -397 -26 -16 -432 279 557 -124 -313 -1085 -626 -645 174 768 94 -419 195 -827 -170 -16 -495 -598 -553 254 725 -764 -25 142 540 -272 -788 276 794 182 -460 459 -386 -42 -283 562 -744 -634 480 55 -127 158 275 1143 640 77 -227 482 184 -115 -792 -47 305 208 615 -169 -391 70 370 117 388 579 -142 -8 -94 -440 762 584 92 -626 53 -4 886 -373 224 -387 1227 603 741 -215 -246 -273 -595 290 -358 339 -103 -158 -350 316 248 -727 430] 4995.19
[16 -257 -174 -1113 -156 -498 -162 533 203 -413 -248 121 -967 -607 -146 -211 -142 503 -354 -241 58 -220 279 -194 -37 -437 96 -60 337 -205 224 172 -214 -566 -291 -48 -180 -211 99 -214 212 414 98 -189 575 -75 -562 123 -324 819 -166 -743 -402 804 166 49 -599 -271 -1019 -283 294 -608 -123 825 -245 716 273 52 632 -540 -615 101 82 -112 264 -37 -217 203 -273 249 339 -726 -525 -137 -92 -107 -455 222 -317 646 -48 430 -182 -740 44 -559 512 249 -98 1066 -1085 -202 496 332 -121 259 485 1237 -180 456 290 242 -222 -807 71 -176 651 42 -601 603 -90] 4803.84
[-698 -114 217 -100 -246 -347 -392 633 -374 -485 -352 -491 546 -125 -485 -117 95 -160 -281 311 -161 -286 477 413 2 -114 468 -551 779 108 -695 487 -509 -26 41 -399 921 -984 -33 -793 -648 134 93 316 -572 1063 -85 -11 696 806 -386 -545 -168 -318 -398 553 -300 563 -283 -157 -47 -331 554 -63 418 734 12 569 -309 258 -882 -436 125 -1351 1149 245 -801 -994 -3 758 -74 -755 -713 -557 459 825 -544 0 -344 179 252 801 -462 115 657 247 89 -206 -839 497 -210 680 505 652 -564 170 -31 22 -123 237 -14 -145 149 -195 -1149 166 428 -776 531 439 202] 5500.75
[-25 351 -151 314 945 -619 -45 297 601 155 -412 783 -739 -13 -3 53 -245 -380 239 378 427 461 183 -1213 -638 221 -316 -118 -244 436 300 -31 -232 192 83 -343 -233 -332 609 -620 77 835 113 509 200 626 -534 494 297 1639 -479 378 131 -782 -1148 836 -637 384 37 -673 -169 -958 -1044 -228 -85 -67 703 -914 357 -1249 -418 445 -59 -233 50 -204 -114 -527 -691 100 141 480 1024 -419 -107 701 -90 -18 308 448 -351 289 -24 292 827 670 330 500 -508 -978 72 616 -141 121 83 -106 869 54 154 696 144 -1102 -28 -226 -332 349 160 -1009 -5 158 445] 5705.55
[-792 -81 224 327 -266 -577 568 510 345 55 -688 -134 129 -143 -463 -541 -592 -643 349 5 102 562 -875 372 1083 -1069 -183 -858 -420 457 262 -230 -130 278 107 220 158 264 15 -290 -1113 559 -503 -861 -108 -576 198 383 -340 123 -790 47 -34 318 370 -302 -453 -332 -891 916 -899 -79 140 124 253 704 368 581 -32 418 -447 845 24 -336 -326 -350 52 -603 -229 681 622 -284 -454 -548 -138 -448 -906 418 -330 489 930 -130 -844 -100 337 325 625 -953 580 -487 -1028 691 -73 406 817 -51 -309 -150 313 -200 -389 -21 743 -381 -291 383 98 287 494 405 -167] 5454.79
[115 938 -221 693 322 425 -219 619 210 183 6 -168 -485 202 -457 501 -464 -402 101 -586 -662 -19 126 -169 23 807 540 369 258 90 256 -2 899 -464 -134 -493 80 -900 374 -195 -146 -219 -731 600 -540 869 -384 881 -689 -222 198 -272 -385 63 -493 -232 -198 70 24 -304 -158 1520 -765 -107 -425 19 324 -7 153 -294 -476 -218 -250 -421 658 -680 -766 461 -160 262 199 -265 548 -131 361 483 65 213 -87 -58 805 317 -546 -1116 -785 440 -27 -462 764 75 -35 -335 -276 67 -481 -220 495 658 -445 -284 539 -396 255 -446 -394 -209 -211 206 89 -39 -1086] 5084.56
[-127 -44 -21 -430 249 26 285 336 -844 539 -640 24 -601 -293 271 88 -899 277 -812 145 -130 -112 277 26 -147 -1123 261 -241 964 -799 -168 -308 425 -144 41 -422 70 58 -757 -395 -138 -111 -951 268 374 -261 -420 632 -421 686 -958 -241 -63 -877 -952 953 55 -404 -113 -1141 -496 427 -155 694 116 473 983 -485 802 -213 -567 -53 522 -393 472 -320 217 -1229 -262 365 385 119 53 -749 343 -6 594 -215 -23 -274 -1001 193 -211 386 218 -162 -602 92 -234 -10 407 -691 -831 -308 514 147 -135 260 -348 272 60 16 -19 -327 424 404 449 -581 -395 -232 609] 5319.08
[-857 336 -61 -315 18 -1130 -513 -186 420 -177 -1105 -147 490 704 40 -707 -291 200 279 502 1055 -527 791 323 -239 -1641 320 203 -189 -414 -1008 -156 -1342 -56 -62 -416 683 -554 -842 581 -828 749 875 -132 122 315 -27 618 438 336 393 -202 566 192 47 -159 451 1507 -220 -262 1080 607 397 27 652 -97 197 -444 477 -115 -177 120 370 699 748 79 -911 15 -188 -676 138 -365 -778 535 161 -438 753 -261 321 -115 399 412 117 11 243 -672 58 151 -1264 -14 -498 1337 53 152 55 298 769 450 -22 564 -355 -777 -369 -497 392 -168 -40 -19 73 41 -694] 6036.4
