[-197 311 132 471 -15 83 343 -29 -26 -651 -381 -127 273 108 357 281 -88 55 23 143 210 131 269 -106 -124 -421 -166 -316 95 -2 -181 -482 -329 -212 -51 42 -308 -227 -90 -183 -272 222 -118 23 511 101 -286 203 -179 632 133 42 55 -699 236 11 613 390 -199 13 159 -33 417 -111 196 -156 126 11 -1077 -171 268 -79 -23 -275 -569 -220 24 -374 -61 -150 -37 48 -292 -329 195 -702 65 -117 -340 334 184 -80 -98 146 500 627 120 -184 390 -42 -17 -322 -251 405 162 -99 142 510 -106 69 61 -198 105 414 -379 104 -127 86 -490 -412 68] 3183.91
[173 -25 169 303 -147 351 -152 99 566 -212 546 236 -157 -212 455 -78 -513 351 146 -470 98 102 -135 -128 333 -262 182 -29 -546 399 -53 -165 -328 -61 -84 220 331 -60 -219 -308 204 -355 646 218 264 78 196 -417 425 -217 145 546 -410 -302 157 151 -130 -200 101 123 283 -1 273 -45 -84 -357 470 -275 -359 468 -229 -486 -180 122 131 555 -416 -592 244 -283 26 245 -347 -257 13 235 -130 -413 160 637 384 215 110 450 22 224 -47 17 190 26 187 377 -195 -222 6 19 108 -21 809 48 -240 187 -174 -116 -281 368 -28 -201 -66 52 430] 3192.27
[251 -96 352 -78 265 261 72 776 -703 262 589 435 112 -157 -454 -217 -82 -99 153 -396 -18 15 268 -444 125 -7 539 -357 87 -98 216 -29 490 408 456 285 146 -94 121 -164 121 -232 -149 -10 146 63 74 64 777 -56 -85 59 557 -103 310 40 -51 -125 149 189 -193 36 -115 -58 -527 159 63 907 387 -116 -387 128 -94 406 -305 -11 5 11 275 167 -383 785 407 -128 175 243 -316 20 -187 90 -18 115 85 353 381 -536 -137 347 216 -249 -26 606 -12 238 153 302 -141 -166 -165 290 -357 -251 -30 -85 -103 375 -388 -444 -349 19 72] 3273.89
[419 -109 743 110 349 98 282 106 -555 -535 176 -235 -101 -171 -83 100 202 -212 215 -389 49 -504 159 -387 51 -207 -76 -402 -576 -366 227 163 -243 71 536 394 -290 185 341 -452 -83 238 297 -602 210 666 -375 254 55 793 86 -48 543 -471 279 231 619 -422 -221 -131 -257 176 -281 -84 -196 6 175 188 -436 12 -299 92 -40 74 -921 -673 19 -353 185 -142 1 184 -773 168 195 -229 -109 -393 -309 478 -303 -477 -86 86 156 -111 -124 617 809 46 -223 62 -104 21 312 -19 -98 170 193 412 -182 -434 10 -131 -926 -111 -444 -144 -161 76 71] 3708.01
[-209 -364 -455 -38 433 -492 -428 183 -73 736 551 233 -150 167 -291 132 -342 406 -271 -97 -38 63 68 -422 214 484 641 -419 264 312 366 449 593 -322 277 12 -122 -325 543 -468 247 -130 -352 398 -10 -28 -652 21 135 -792 -642 4 136 98 -413 -514 -208 -127 -238 117 69 196 -299 -63 -609 -379 -360 331 599 -105 46 -54 -83 -7 233 386 -101 -67 147 -340 -603 387 826 121 -271 578 -517 220 -24 -237 240 -250 478 142 452 -463 -2 167 371 -208 4 467 -138 -175 -34 -471 -256 -238 -440 235 -32 -238 203 20 373 427 -315 -344 103 13 95] 3707.72
[-139 30 198 -39 48 145 29 -299 -672 -322 -431 -478 -29 -367 -224 -381 693 -342 72 561 381 -443 -195 6 35 -291 -273 350 -88 -635 -220 747 -422 272 68 -95 -358 221 159 58 64 634 263 -944 539 -33 178 -21 -159 1040 547 -422 469 -182 531 435 218 -128 318 19 -703 209 199 387 234 446 71 -10 -591 -332 -333 449 8 23 -68 -400 -26 37 -375 -98 236 -288 443 422 397 -175 -38 115 -206 136 47 70 -401 -126 -275 162 131 628 -188 215 -167 -1192 -212 222 320 288 -185 34 50 97 6 -84 -365 368 -119 -367 -41 441 -257 408 179] 3872.87
[4 184 53 96 675 -221 86 -634 -141 -9 145 -152 64 13 242 22 -126 246 -25 28 -137 -157 300 316 182 -74 -323 50 -407 -26 400 -112 -319 -227 47 -342 -514 -210 127 -379 -324 800 -162 673 80 440 -327 -277 -716 245 -106 443 -255 434 -411 -117 722 367 -350 -368 281 -140 32 -483 213 -679 -642 273 -209 -325 328 57 3 -196 2 -256 -128 58 -45 -66 338 -123 -328 35 -193 240 -711 -207 68 -473 3 -940 128 70 405 290 -114 260 470 561 -4 -34 -50 -232 15 243 55 453 -287 234 -62 -574 177 -155 -206 -311 248 -156 38 -292 145] 3484.19
[-176 -15 -673 380 -186 -463 273 -189 -130 -591 137 -55 -100 130 12 246 -520 281 -242 287 193 486 480 316 15 -36 -277 -24 298 95 -46 -552 50 -493 12 53 255 -205 -28 19 112 162 -444 177 121 490 -372 -8 -474 325 -267 191 -59 65 -664 -32 771 284 -361 -542 340 677 182 -105 420 308 -347 -118 -422 -236 138 -94 -143 -335 66 -257 404 -746 263 -119 85 -626 -731 -334 -690 8 203 -343 147 47 14 -1057 65 -215 151 663 258 130 580 -147 99 -432 -157 -117 78 -178 79 555 -696 -1 127 -218 27 -305 236 248 570 235 -155 -335 7] 3738.19
[726 180 270 -507 44 678 -17 332 -19 -705 -395 71 1 10 -248 -53 518 91 311 -277 -23 -595 16 -651 90 77 337 -124 166 -193 -537 243 271 533 -449 555 178 285 -575 343 171 -333 -353 -96 -265 -217 140 -63 187 136 286 -599 121 -491 925 -92 25 -61 635 167 -36 -60 -391 202 -103 242 261 -32 99 162 -170 221 153 415 -516 150 -134 -119 25 119 174 238 304 221 609 -382 151 -224 25 122 -30 632 364 276 20 -492 404 -236 -405 431 -69 103 225 655 166 96 -367 -136 -74 -440 177 400 256 83 -451 -156 -530 148 -677 188 -927] 3758.69
[613 88 -223 217 -309 279 -142 537 -269 -567 136 151 -290 24 -263 263 107 2 196 2 291 507 -209 91 -258 161 297 -641 257 271 -643 -452 -176 -240 -347 384 421 139 -358 204 -47 -353 373 687 -132 114 119 -335 567 56 154 152 229 -430 356 -44 57 -195 175 245 99 639 -142 8 -516 504 568 -153 -741 -118 -186 -697 -295 156 207 -162 98 -820 434 -205 -247 -138 400 157 73 -342 747 -276 -30 -8 -34 338 -88 -95 138 417 -240 -628 -718 -100 429 177 36 -23 266 253 224 -111 144 -172 238 106 -38 458 222 127 -159 175 -660 -63 -487] 3639.67
[300 52 217 -434 457 521 -167 -318 -527 12 -233 620 185 -209 -234 -790 252 16 196 107 -153 -1135 -116 -582 -36 -202 164 5 328 -76 -315 -119 437 660 -35 557 69 910 -343 -214 -275 315 -739 -145 -672 -68 76 303 510 23 56 7 664 207 704 197 341 -301 355 -311 -120 -380 -396 372 405 462 72 727 561 -154 -166 479 86 58 -344 -72 -204 509 -237 467 -651 30 73 46 331 102 70 -149 -92 50 129 127 153 121 -197 -469 165 247 29 32 -87 -211 355 146 195 405 -971 390 -336 -155 219 -228 -368 -179 -269 -98 -374 -498 -329 302 -425] 3981.97
[176 -117 -259 -2 -436 -64 -30 -224 308 526 -86 266 -170 182 478 381 -296 -270 -255 -107 -48 589 -460 425 124 -108 -428 350 137 541 220 -523 -296 -510 242 -695 -246 -736 5 -115 -316 -18 -64 364 121 -247 -412 -227 -144 -360 120 154 -542 -18 -438 -640 -638 -56 -424 169 553 162 319 -198 88 -195 -645 181 635 215 44 360 277 -66 929 7 353 736 -456 -51 -197 -232 76 -367 -1090 61 44 246 155 -544 64 -181 252 12 -289 -24 -163 33 27 -648 464 134 478 -279 -762 -231 143 -145 267 116 -93 -202 20 203 -319 143 374 -30 214 -242 472] 3836.49
[323 211 -289 -67 -543 426 355 417 60 -9 529 163 198 -28 -363 -107 80 120 -249 -376 -78 -19 -21 -119 -35 146 400 67 60 -152 -366 -417 266 524 105 396 166 108 -530 23 -176 -560 296 -48 29 -268 337 -66 1363 -334 477 -193 414 -536 381 -470 -360 160 810 -11 404 683 54 -91 -267 73 265 649 784 388 -298 406 264 638 320 -171 250 -156 271 -92 96 548 33 -365 -502 228 234 -66 159 -329 766 202 -87 -329 -61 -124 -14 44 -396 -447 -22 531 322 -13 -571 213 163 -396 -77 418 82 34 -332 -383 248 674 176 62 -164 -200 -431] 3854.71
[128 60 -223 335 -220 714 582 308 -436 -375 -277 64 -94 -210 778 129 627 -432 262 82 235 660 110 115 207 -468 -394 449 298 -6 -181 -449 -376 330 -616 -295 99 -435 -464 381 -295 49 -11 -354 386 -93 -50 -544 -413 861 480 106 -531 -359 -88 -462 -6 104 -349 -428 87 -302 682 -657 582 -7 -426 337 -502 -176 -245 324 -201 276 -21 133 311 -289 -451 -184 134 -377 370 -798 -217 -127 363 415 -8 94 27 -186 88 30 -164 106 287 -425 -240 -420 494 26 60 214 -59 -373 407 -226 -133 -266 90 320 205 536 133 561 417 605 -582 -222 359] 3938.45
[438 -231 527 -116 -57 628 242 -7 -349 293 97 57 -116 -363 356 -587 234 -21 223 -717 -648 -612 -130 -460 403 -24 -97 386 -366 529 328 -692 -193 -46 158 267 66 -240 258 191 -421 15 -333 -153 -393 348 40 -238 -76 357 87 -193 -663 302 225 262 216 -97 -387 -85 445 -476 -26 -370 -104 -331 -504 232 481 191 173 444 123 230 -336 150 -466 565 211 400 812 608 -598 235 -83 194 -540 -656 159 131 -398 21 36 505 -30 -571 373 594 -263 532 222 814 484 388 -132 137 -341 5 344 -612 381 400 -344 -738 -685 -502 193 -200 -1 417 302] 4101.32
[-310 183 348 402 -66 280 187 -66 57 -244 -739 -168 88 231 -131 -34 581 -641 353 230 210 -164 272 -248 -519 -438 -350 -135 272 -194 46 -1031 335 -307 258 380 -809 -277 10 -226 -479 -588 -343 -742 -82 -91 -410 386 164 367 -98 -432 613 -505 313 131 405 250 -61 87 -267 -467 435 -220 16 -561 -165 492 14 -203 128 497 244 -134 -832 -598 208 312 -132 -280 489 522 17 111 45 -365 528 41 -520 85 -299 354 -292 -377 101 149 -528 101 -121 -725 -695 -389 373 518 130 -400 207 11 95 2 254 -383 -159 -184 207 -180 -163 102 163 -139 618] 3957.41
[-415 -590 -387 -345 274 -150 -178 -263 -1038 658 83 -136 -662 11 -181 -153 207 85 315 532 97 468 129 417 273 563 -74 339 -57 262 311 -67 450 -142 26 -1 113 -531 207 62 284 -182 -282 109 -119 372 -441 -359 -161 295 -352 413 431 408 -109 509 325 20 -198 595 -342 88 -228 190 -273 220 -840 25 264 -440 -296 173 -241 -352 -165 112 441 -18 693 391 -189 -466 826 414 -209 263 517 -393 224 -428 -826 -467 -406 -77 -138 160 -31 203 -197 -183 1 -41 123 254 471 -35 102 -140 19 -383 187 264 -354 -319 678 -404 664 570 299 141 69] 3901.67
[22 -621 -193 854 -310 -168 17 414 -334 -171 609 334 -190 -150 -84 -94 273 -322 654 299 482 -68 -38 -105 218 -385 -199 -581 231 -261 -154 101 -317 -231 106 734 75 120 528 388 103 -186 218 -829 296 21 -164 -76 279 656 -144 276 736 -140 -708 806 425 -525 -250 48 -462 297 554 -181 -113 166 818 -6 -867 -198 -817 -588 -527 -406 -596 -117 54 -850 582 -110 -291 358 22 -34 -63 347 533 -107 -294 1201 -625 432 -429 244 200 265 -324 573 -81 -586 367 -12 -105 44 936 -409 -398 181 424 304 99 -18 -7 253 148 274 -564 -360 -786 674 1311] 4764.04
[111 48 -354 -136 -506 -272 -3 -116 -572 -86 -235 68 1 -622 -574 -137 336 1051 -808 600 98 112 177 -227 -289 819 255 -331 452 -90 -17 752 373 187 79 249 336 -188 518 146 37 341 -17 -61 111 167 -66 264 130 32 -58 -482 -220 11 536 -223 171 -277 236 -73 -501 443 -161 91 -705 -33 -103 -454 -174 325 -66 -55 -409 83 -22 -106 343 -341 284 6 -363 201 418 254 189 385 63 -217 245 371 65 -238 -323 180 152 -262 -7 -24 -631 552 -101 161 -177 -22 -187 -130 -295 94 -650 -98 670 31 -328 214 687 -87 60 566 -406 -88 -287] 3658.23
[-234 -198 -185 212 -258 -531 -87 389 -144 342 -116 40 -197 -154 -201 -288 109 -104 348 -241 -287 260 -119 -127 -78 94 201 -228 512 -100 -403 -629 26 -268 -323 981 248 187 153 673 -215 153 -12 257 -646 2 547 512 302 302 335 -257 -182 824 -763 -193 -284 282 310 -55 137 351 -138 -63 -51 1168 389 -435 -732 -552 -137 -704 -399 73 521 154 -590 -328 -112 495 751 -573 401 227 211 -238 341 -108 -18 51 306 284 -164 -305 15 128 202 97 -975 447 357 108 2 -146 593 76 -178 -318 -194 -107 192 1083 -140 -104 623 -255 -423 -224 -334 820 -173] 4219.15
[648 327 -167 -434 453 -389 -503 -587 371 469 165 -177 -578 18 -84 131 37 515 284 -455 -803 -346 127 257 58 344 -42 -550 -268 -173 169 -122 241 452 -23 646 -608 465 -15 -21 -698 763 9 1001 -276 -235 -166 -8 -53 -147 -69 -54 -192 350 3 -420 61 21 33 -199 -4 1 -798 -24 111 -588 296 163 307 -21 51 -145 -225 -100 -39 -194 -810 -161 -325 57 581 -56 -168 113 -96 782 -184 -117 214 -629 -142 -152 93 -115 494 -342 -135 -363 -158 941 277 1010 582 -428 -81 111 -673 -380 -384 352 188 -577 1021 -449 -199 -460 -379 -739 -524 152 -288] 4346.37
[793 92 219 -531 -754 60 -353 238 1145 -292 180 355 -365 -100 1 691 142 -706 191 -225 171 764 -21 856 588 -383 -506 429 -224 -910 149 -763 -263 165 288 541 -27 -23 -600 907 119 -458 114 -439 -391 -434 150 -160 242 -42 32 218 -103 292 -937 -311 -214 -202 63 -317 -361 408 -32 -17 272 105 494 -102 584 100 -912 -143 -382 142 229 258 106 -716 -411 68 699 -153 -1365 -337 -936 541 574 267 569 -50 -644 -158 -2 -353 -1035 130 -725 -6 -478 -76 54 162 717 -844 -174 -18 697 -645 556 216 -559 61 459 -703 -88 207 -273 -168 131 415 541] 5092.05
[-422 104 29 268 257 349 432 643 -208 -301 -447 -668 150 -173 -439 -580 -168 -390 83 462 791 452 245 -619 83 -254 406 318 -191 -571 -370 -865 297 -423 300 401 -76 183 -163 163 378 -234 63 -1072 -25 420 145 -21 747 707 244 -478 643 -911 190 -70 188 117 434 -119 -292 -132 99 381 -423 688 11 480 -74 -726 -18 133 100 240 -210 614 -87 -779 134 -259 419 150 74 167 127 -844 236 97 326 336 689 292 -458 101 -182 98 -115 171 -172 -267 -796 -911 -414 309 540 315 285 -285 -8 179 32 570 -382 371 110 349 -85 165 454 -159 -45] 4373.51
[-65 3 370 -245 344 234 251 -317 854 -249 364 84 406 -443 -195 -216 592 306 -77 -458 -203 -477 266 -363 635 110 6 384 -186 -902 -90 234 447 583 -375 123 -259 -938 -248 625 270 -289 51 131 -540 -484 -338 -1044 -51 -295 85 291 -410 181 398 -147 602 832 481 -388 312 -520 534 -790 -564 -1296 -143 103 501 354 -323 288 -99 278 -578 92 -37 -139 365 292 756 695 195 249 -253 629 -552 229 267 233 310 220 -179 573 142 -437 -35 420 -1012 970 -696 845 417 -263 130 -140 256 101 451 52 19 418 114 -353 453 4 -80 234 440 -179 -231] 4757.17
[-26 56 269 -524 155 321 -66 -225 -572 219 -81 533 -44 -625 177 -424 -90 339 177 319 213 278 -215 -23 490 -379 -352 588 367 -590 429 164 52 381 -234 -50 -43 -20 74 -357 372 453 -352 -28 205 132 411 50 130 -473 -73 -364 -271 1379 175 655 -479 -35 401 272 -703 -146 -121 244 337 379 -735 241 550 -75 -953 329 125 548 514 336 60 207 -551 811 -804 -13 645 13 470 643 -199 152 378 -308 -178 -613 257 424 -262 34 99 335 262 135 298 -446 -178 34 60 605 -159 -92 -511 136 -349 -194 243 -311 325 -422 140 87 -370 617 -106] 4201.38
[759 152 169 -39 328 -282 -592 -244 779 -443 -1051 381 -262 -190 -429 41 424 -48 120 368 -281 -319 449 -14 -542 -7 -36 -531 61 -67 -294 476 819 -455 277 639 -228 455 52 -353 -73 -264 -288 426 -605 88 -340 785 -573 -372 -715 -24 449 -20 214 -606 182 -607 268 -99 -564 -319 -199 387 347 67 268 -487 352 113 -37 -557 -383 57 169 113 312 -202 -566 34 -622 -485 -434 475 379 -318 482 -346 -124 298 -296 -211 283 -760 -166 -706 -600 -379 145 -65 -318 -508 494 -90 141 -908 110 240 -351 -164 -38 -302 279 58 -57 -392 -763 -303 -771 39 363] 4425.54
[-528 -250 -387 -403 -300 390 52 -159 -20 130 446 83 -233 816 167 11 338 -744 -40 -457 -167 -402 114 356 -473 2 97 334 607 -8 -62 -441 835 98 -321 -19 243 556 -161 -348 -34 -438 255 -176 -1019 -323 199 -136 296 289 -182 416 -66 -5 -640 -233 -204 176 -463 -684 206 159 -370 -36 526 -96 13 344 388 75 287 623 -115 -120 279 -224 -674 96 25 -69 575 -744 347 -376 -227 754 422 225 -135 -673 69 17 -1 -283 -542 -49 101 -321 283 -372 -267 408 -131 -235 98 -318 -204 -273 130 -25 50 -175 205 -648 370 854 382 420 615 -170 -381] 4032.4
[-178 -413 -122 385 -107 -574 -174 -479 117 488 -82 -421 20 17 351 -7 320 -214 346 302 -698 -568 -746 -681 -372 -192 -16 55 62 -75 -549 673 -715 -43 -813 300 396 1016 237 499 -641 166 -237 -825 -221 -51 470 683 71 -386 220 -136 364 684 -131 276 -415 -118 509 376 500 -108 -336 -223 697 778 343 -653 -102 94 -2 -49 129 -317 241 -150 64 820 -218 485 242 -395 -403 293 90 -560 441 142 203 -163 624 584 32 -648 -437 129 534 516 -376 162 393 -308 56 475 296 -405 -618 169 -140 -873 453 636 -583 477 154 -611 42 -92 33 902 -47] 4640.81
[319 45 990 386 -131 815 72 513 -368 -598 -346 311 386 -20 372 -282 -335 40 698 -776 -370 -86 387 -277 -256 -196 -18 220 -266 186 4 -411 -134 191 13 433 -169 -257 -728 -314 -25 -59 -227 810 -296 127 408 401 203 171 358 -97 -624 -385 71 -536 -147 527 -614 212 99 -497 299 -218 -199 -276 -177 4 -873 329 483 -229 637 352 -569 62 -606 -10 -390 265 367 214 -643 -200 613 -539 -178 -879 -15 99 -229 16 352 279 493 -181 -327 -337 356 566 215 509 -50 752 -115 77 213 231 319 -118 -282 471 307 -273 -695 -45 -547 177 -883 362 -441] 4368.27
[826 -260 -342 99 119 -113 342 -639 -407 311 25 221 11 145 -270 252 803 -351 240 -161 -165 -132 108 -82 274 11 -343 120 623 -164 -21 -641 -439 36 -16 586 -464 -19 -234 160 -1230 136 -445 -36 -629 -205 56 -75 193 128 394 220 198 772 -719 -230 333 156 819 -155 -160 486 -8 -1048 73 436 -277 421 367 -819 -222 628 14 191 565 -445 -190 466 29 692 970 -58 264 409 -380 188 179 49 -308 -800 301 -229 -99 62 -130 240 -90 43 -914 -36 392 207 878 255 212 216 223 -345 -141 -114 201 -335 -455 -261 -489 -392 -227 -5 -457 -6 176] 4375.03
[-167 449 370 -934 -192 -530 145 -6 461 259 -556 36 367 522 156 565 368 19 139 -436 -454 21 96 -69 -39 -297 345 -170 181 -684 132 73 311 775 -602 -143 102 652 -238 547 -180 -759 -661 -241 135 -709 -6 855 196 -818 190 -252 1094 142 278 406 -290 510 1300 1058 293 -33 -784 376 721 218 330 -30 558 204 -448 162 155 133 -785 -103 319 884 -153 807 -646 392 -117 -664 837 -903 318 231 531 -621 -218 314 171 104 337 566 420 -66 318 -391 314 88 162 663 5 166 -404 485 -148 72 -213 -292 270 -414 241 -601 -108 -601 155 469 -545] 5036.89
[140 453 31 -172 -45 -357 266 -231 -121 -346 28 -64 684 -33 -571 858 -269 19 -479 514 255 197 100 -435 -441 203 192 -673 630 -446 184 74 0 -267 519 188 -576 -203 584 -396 -70 188 84 -347 112 50 -793 270 -88 643 -41 -563 -109 -391 -220 -415 298 357 108 -411 -403 774 -329 -751 -558 178 -117 -81 -163 -214 -183 142 1 240 98 -707 413 -236 -308 -268 -500 -7 -107 587 27 117 -100 -250 -398 494 474 -1216 -328 193 408 228 -450 -53 132 -51 -577 -261 -68 -845 -85 7 199 -86 -282 615 -61 -493 -123 79 168 471 -589 -59 -101 -656 -494] 4185.47
[200 330 -111 -451 507 -492 260 -1133 -213 531 75 114 -3 -150 -484 -192 551 795 -185 510 -534 -687 -345 343 -537 483 -692 -721 -22 -8 339 65 244 674 -447 452 -500 400 160 -305 -347 690 491 31 -107 -76 458 432 -15 441 456 204 -64 286 437 -143 -100 -232 477 -228 -436 442 -957 -455 280 566 -49 -50 136 -180 -119 -189 -191 -367 604 -551 175 247 -17 273 22 -100 90 -35 257 86 122 -494 -356 -512 133 -109 -318 -508 181 -325 -155 -325 -239 172 98 -46 245 -493 -314 300 -367 -73 -792 506 216 -480 91 26 408 -565 207 317 2 -28 -394] 4195.61
[-97 -220 464 -95 67 100 544 -574 -54 227 85 -457 406 267 -194 645 7 -924 318 77 -183 -190 -626 205 61 -190 -656 297 -303 -210 -20 100 -726 120 248 -201 -824 -514 259 121 -179 537 258 -94 200 -261 -246 -224 120 607 68 340 322 -538 60 933 123 478 -485 983 -827 -79 122 -226 -160 154 207 -212 -39 -710 -467 -391 321 -991 79 -241 353 111 -294 871 -10 150 -1021 772 15 -1130 249 -380 -543 -111 -385 396 -900 -181 492 592 -438 -599 -252 123 160 -713 200 269 434 421 862 104 1164 -85 -800 117 741 573 -802 -634 -710 -28 206 -184 -130] 5057.13
[-335 -548 -81 -781 -784 -315 -97 829 313 29 -480 -275 -229 51 -157 42 -35 -314 50 -573 1 553 171 458 -156 -85 213 119 320 -243 106 -299 756 -181 254 366 -94 -338 75 1020 382 -290 -241 -146 -33 366 82 376 257 39 -392 -568 47 371 -66 459 -238 474 435 428 228 -406 121 45 -515 219 381 -730 770 67 -254 -308 -583 148 -171 -102 737 402 481 768 15 162 40 64 105 -263 457 354 570 28 -678 629 -378 -126 -422 -587 -321 48 -649 441 -742 528 27 -36 -165 -190 328 -396 299 97 69 757 135 -410 894 -297 -322 -542 553 -237 -403] 4375.11
[-315 30 115 -7 -241 -164 -543 -719 302 -719 -569 398 -210 67 -11 -103 -1010 741 -552 -138 -233 487 479 -69 29 -275 -193 -226 179 447 419 -302 16 -443 -16 546 199 -275 -438 315 163 500 -695 352 258 750 -49 -106 -542 123 -260 -215 -1203 351 -82 174 518 154 -518 -485 187 371 -40 140 456 344 -197 -509 -780 -1115 587 -270 -40 -204 493 -194 -766 -319 -195 -28 -143 -377 -709 -53 -206 55 -252 -595 226 65 191 -828 311 495 184 240 225 -269 736 960 294 -462 -177 -254 -11 -155 -37 374 -843 -69 178 -512 358 -383 -254 -280 -368 -183 -490 -348 -473] 4615.53
[346 -688 -31 566 380 -154 -194 398 -1282 -513 983 -713 18 357 -144 114 -494 -163 693 -51 -270 78 517 -248 -420 8 496 -84 -59 424 104 295 -81 -536 6 549 -119 392 305 -768 132 -371 -64 259 -322 911 68 41 141 304 -661 432 636 219 -715 46 412 713 -83 409 -433 603 16 -808 -155 669 1 -195 -800 64 -229 -405 117 -17 -6 -465 167 -1025 769 31 -219 -360 -560 567 985 12 -50 -513 -31 324 -116 -556 281 -27 -73 166 -142 193 747 -80 -497 649 -309 368 671 -526 492 273 609 -43 -113 -46 -628 -330 219 385 -710 11 -490 -10 -155] 4831.62
[-500 68 551 780 -1094 -124 380 573 -154 -25 -719 -74 214 -557 -556 -445 207 -236 43 -112 -71 837 645 333 -549 -334 -283 -14 97 -712 -100 -1141 714 -169 308 134 -106 -701 343 1281 -354 -68 -279 536 -460 -247 313 554 337 577 289 -283 -136 915 -312 -56 175 1299 110 -187 487 -695 1116 51 -693 -484 -172 532 -457 42 344 -286 -196 357 -373 -1003 185 251 249 910 198 660 -138 -138 95 -454 -121 288 142 -198 -711 -268 -700 -396 178 365 -1061 238 -1014 597 -434 348 289 467 -140 -184 728 166 -479 823 84 -124 321 82 688 -370 224 -71 -632 -142 552] 5435.18
[167 137 -277 779 -53 -335 617 287 -783 137 -310 -353 217 -194 -465 -33 -313 162 214 287 -74 61 131 102 -212 261 -313 -277 43 -202 -171 113 -108 619 -152 -329 -15 343 -71 -451 -216 563 219 285 267 169 297 994 -164 153 69 -557 373 156 -418 -592 -99 108 -639 -626 -309 -104 196 -49 -209 565 -109 205 -285 117 58 -394 673 241 -418 -597 445 -188 -439 -409 -333 -127 -758 -271 -26 -543 290 231 -1150 158 39 -788 231 -1100 -66 -44 -73 -581 963 -648 -273 -404 132 -726 -603 239 132 -124 -1544 451 -162 -308 746 527 -1136 438 98 78 98 -296 -267] 4749.44
[482 89 -532 167 -86 -168 829 51 1249 -197 322 -529 -400 394 433 494 -162 153 26 -381 188 -617 48 -501 -384 -414 -362 -86 286 -511 -406 -628 488 -19 -405 406 -138 482 222 -726 303 -264 -384 -58 248 -1 293 821 9 -519 -609 -218 -582 -117 -562 -405 -827 155 621 -197 108 351 -533 405 589 -180 285 -157 286 702 396 -191 223 98 1041 188 74 -442 -179 75 782 -48 -429 -678 -264 -271 -71 332 -163 -929 243 40 957 -654 350 -60 485 -639 991 10 125 -15 -310 864 153 -710 57 -15 -1273 -56 -619 -47 1433 334 -111 372 7 267 16 246 -405] 5122.13
[-352 -397 -663 -181 247 544 432 -113 260 373 174 156 -315 221 -102 -190 133 -60 -53 212 -172 -177 -121 -172 317 261 317 25 641 564 510 -352 214 -480 33 529 128 375 587 505 -424 19 -1110 -387 -1080 419 -165 -366 -354 -378 -514 -615 131 880 -752 211 257 116 -11 -492 142 -480 -413 -377 127 -267 -487 321 1300 -312 -210 74 -792 -7 -305 465 284 -143 63 395 -326 293 -199 546 37 415 339 598 314 15 11 13 -172 68 -244 -303 -21 -594 -587 140 -200 456 99 493 -43 -620 53 -466 375 -353 976 -247 414 -31 437 199 -107 -159 207 -546 73] 4439.71
[387 -331 -269 -368 270 -190 -219 829 -888 468 114 -154 -13 307 58 526 371 -6 -360 227 0 347 66 -269 158 564 411 6 -157 157 122 -363 45 46 -253 -354 879 344 266 356 -460 322 128 -159 -342 401 502 -411 181 -612 -220 -112 -8 740 17 701 -147 -745 -178 174 -568 -414 -819 -116 -580 -123 242 125 269 -557 381 197 -146 -225 -9 259 -223 -225 793 331 540 194 643 181 410 1 -147 242 209 -100 -427 998 28 43 -291 -337 497 -612 -748 553 214 462 -302 359 184 818 -55 -1197 11 -677 11 581 -160 584 265 -776 223 95 -97 -198 -627] 4525.86
[890 -586 -21 -350 128 -341 -905 -164 -602 218 -376 722 82 -166 -549 -355 229 464 -106 214 -595 -479 247 -197 323 463 279 -390 469 -125 93 1380 84 582 -275 482 50 503 268 -140 -250 401 -16 -376 225 -237 369 251 51 -115 -228 235 32 -143 74 -349 -324 -798 -333 -157 -818 -154 -531 -148 0 -45 -20 -506 366 -388 295 253 -146 -421 509 459 -835 390 -85 147 72 141 -51 640 644 882 -313 -376 120 311 -380 573 17 169 154 -761 176 22 -25 611 574 248 -197 -9 -22 310 -518 -30 -180 74 160 -17 -404 134 -142 -828 -370 85 -976 694 4] 4511.03
[342 -197 960 -283 -25 106 77 556 272 74 -207 567 249 68 -267 446 299 -196 93 189 535 -126 35 357 -120 643 193 -312 166 -888 283 474 355 32 605 -694 -339 -93 590 -172 517 -243 46 -427 73 -317 141 935 178 -270 168 -327 74 -402 -345 -291 -1079 -519 221 368 -304 -144 -536 116 -743 -656 -826 529 775 486 441 512 -170 19 -33 778 115 519 102 -195 271 575 669 -68 10 137 -523 113 -78 -44 -860 372 73 151 373 -41 -561 395 100 -607 -114 -311 -331 662 -129 425 -79 448 289 587 -758 -38 38 -51 -132 -491 -354 126 338 66 295] 4486.16
[290 1086 234 -433 1200 -429 232 -312 -60 670 681 44 -115 334 293 -237 -123 813 519 -444 -460 -340 483 -691 56 155 539 -1078 -816 667 363 -453 -177 297 -245 1089 350 148 -576 -599 -709 -87 5 187 373 776 -171 344 367 332 335 879 196 -14 -56 -127 475 -565 457 115 563 -534 -767 -158 871 -373 -317 594 -282 -585 248 148 164 -570 -804 -4 -347 487 301 -185 394 -39 -300 -289 221 508 -87 -914 84 -148 416 -289 297 -127 785 -65 429 326 862 223 413 732 -573 -288 853 -373 -772 -181 124 64 249 366 -147 -310 128 -284 -238 -404 122 -36 -188] 5157.88
[-588 -691 -426 224 -206 -338 -184 -619 127 876 -219 -493 -512 296 -361 203 -1408 -212 268 452 -101 746 -33 -92 -548 609 94 -497 840 154 -239 -423 621 -321 -248 -336 614 351 -224 -405 -119 -709 -64 505 -131 -105 5 -49 -24 -681 -591 -34 409 369 -720 702 -835 37 -162 312 -486 379 -390 475 -471 -528 56 -614 66 -503 371 -367 532 -194 313 -66 -504 186 240 16 -67 -639 479 745 -232 387 667 -640 -367 -138 -391 -668 -46 -270 426 1233 -371 -907 483 -88 -258 -532 -193 -231 457 23 -127 -333 87 -450 -102 -160 221 29 438 -628 -106 -151 294 -102 -286] 4891.55
[9 892 -147 444 -161 184 -230 172 -228 309 63 320 651 -221 77 33 707 -263 1205 582 -60 777 449 363 -716 -42 16 153 -300 -384 -624 369 -656 -525 -639 -699 -260 180 -492 -383 18 -81 682 999 -178 -109 830 -120 436 -708 154 97 -117 1033 -270 547 -432 -355 161 551 -345 -1140 603 -430 66 -529 3 162 -284 525 -133 21 657 496 42 541 86 8 16 523 -218 -50 452 105 748 935 623 -256 306 -350 257 204 -492 -688 -446 115 -671 -632 -939 -133 193 36 -118 -407 -113 713 275 -353 -107 -537 26 539 171 -33 450 -41 587 414 -56 291 401] 5020.75
[-261 -57 -200 59 1058 -620 -218 -400 -532 702 -97 -84 -405 43 -695 -4 669 2 294 1259 -294 83 1036 -201 -190 114 -96 146 -338 243 24 931 -136 -398 186 138 -591 702 820 -298 -94 264 33 -532 182 1038 29 -417 -855 313 -751 290 948 468 -123 313 554 -450 194 -177 -1108 -500 -187 408 344 475 -230 204 158 -222 310 -105 -472 -568 -262 -14 537 -86 372 -23 -18 -359 267 766 225 408 464 146 -349 401 -176 73 -437 63 -447 -783 -324 105 -91 -430 -362 -282 514 220 994 -128 -196 240 -178 -639 98 -660 -648 737 -187 -328 13 -122 568 82 1088] 5084.2
[-59 841 220 115 -584 207 185 352 417 -855 208 434 -232 41 553 21 122 922 -716 -1387 470 -248 -333 -1020 108 -92 -168 81 -98 664 429 -62 277 77 -995 206 1224 341 217 66 442 -180 546 -496 -569 376 -383 -225 -577 -260 104 -112 -1186 350 148 249 354 -648 -533 -1302 949 -494 -533 391 243 547 -671 -250 -147 454 -47 -699 -182 -376 -338 48 54 -578 -188 -427 -193 293 -684 -1063 637 -423 -317 104 350 441 208 -163 987 304 248 216 789 125 863 -564 236 -332 -677 -283 231 -275 -280 298 -421 295 287 -139 706 -275 -657 256 252 -193 439 166 -376] 5441.91
[89 -145 -378 249 -321 -74 -237 1002 -956 379 -345 -269 213 -203 7 38 -208 -779 573 -489 397 525 -805 -32 -363 85 181 250 48 475 -511 -172 -431 -431 137 -371 -295 -128 38 822 207 247 -116 724 49 -179 -344 -279 126 582 169 -403 483 -12 -59 94 -154 344 299 25 284 10 598 334 -1074 1239 -590 171 -118 -208 -31 -400 234 273 187 379 704 133 -43 481 -613 91 896 -155 159 -1057 -259 166 277 -165 -299 -206 -31 326 -44 596 16 283 -846 -483 670 -801 327 17 -194 726 428 54 -425 -425 341 561 -338 151 64 95 -99 -514 -197 207 114] 4617.56
[386 457 -149 -307 -104 -68 603 375 -40 -978 179 426 137 -112 -371 354 -366 849 -166 173 729 754 474 -56 5 199 -286 -928 250 119 -669 -193 -58 94 -382 230 426 -354 -584 -5 285 -230 602 -70 583 514 123 -336 459 612 555 364 377 -417 498 -384 183 -853 -406 -326 189 116 -585 96 106 134 270 153 -161 337 -16 198 -570 -121 -557 -56 264 -409 657 -165 26 -17 -770 -464 -75 -120 395 -341 -57 286 480 -304 293 312 0 -242 -408 -314 -185 197 -88 78 -543 -92 -80 233 -283 -330 -22 97 -110 -362 322 1214 -811 -226 848 751 -2 -969 -448] 4547.28
[-421 429 730 470 310 -786 377 -67 -276 -217 -151 -272 -26 -146 -416 -404 404 549 568 -628 56 -797 277 -370 -332 582 74 -1130 -160 -549 278 -133 572 -355 271 -229 -625 -406 742 -484 411 -191 197 -28 -1224 225 -776 696 -705 583 428 -598 24 253 -76 -263 380 -23 -445 -467 216 -79 -405 -387 -250 632 -607 560 -833 -299 702 100 76 69 -1020 -320 -456 -504 566 176 -100 -153 181 -412 912 -615 118 439 -786 78 169 -351 22 -452 368 -326 116 174 394 -271 -850 278 -360 -97 235 -517 -698 497 -345 890 469 -366 676 -33 -737 37 230 73 714 -436 -811] 5216.16
[755 525 382 404 -82 -824 659 517 781 -217 -224 787 496 606 -713 1039 -174 105 15 332 117 -45 1102 84 -384 -178 -249 -648 -576 -912 686 256 219 -215 811 1172 -25 -283 -151 -425 179 -146 88 -458 239 678 -82 637 -238 -253 170 -566 463 74 -828 375 633 81 884 96 -307 535 -127 -619 219 434 -299 -327 285 -128 -198 -88 67 222 -499 -487 1155 79 229 390 297 310 -448 123 -725 -337 1127 -1074 -338 760 -47 -190 -481 -758 481 -507 -332 529 1073 -531 -437 -108 196 229 574 -620 351 -152 -468 513 -161 -345 198 -317 -187 168 -299 -75 -1111 -315 -291] 5512.94
[-326 -327 656 161 -334 846 325 -665 -617 -238 -1398 262 201 33 -407 -1244 -389 -983 -214 -258 -114 -503 -232 -38 -864 -737 -406 -5 41 61 288 -897 527 -295 290 -499 -283 -696 568 34 -160 -346 -476 -352 -337 225 -38 -504 282 283 454 -547 69 -463 1523 406 -283 285 -318 138 -239 -332 712 205 122 -452 -406 375 -52 -269 327 653 934 -359 1024 -1006 104 404 127 415 -599 -105 103 -141 151 -283 -45 -248 647 -151 -580 648 -531 753 121 203 -102 18 102 -193 73 -245 -238 344 -416 737 -135 893 557 535 219 -642 -379 293 319 -572 107 374 446 -73 -297] 5314.34
[147 788 -518 270 168 -162 114 681 -441 949 425 -421 524 797 335 16 -370 88 -281 489 862 -281 -320 672 -1016 97 130 -699 -497 751 926 217 -215 258 64 -726 147 315 784 -349 -96 705 -81 1044 270 -428 108 299 -614 533 -205 407 172 94 -270 -82 85 679 -282 414 -195 -806 29 -142 -177 -463 -271 214 -375 209 503 -785 -14 -770 274 -256 784 -109 329 -121 -347 505 966 -615 809 -582 -696 451 -61 -167 -243 269 -78 -4 990 -273 -10 -918 628 240 -86 407 -698 346 -119 -272 276 -13 -591 421 80 -828 646 1155 362 683 -71 -249 -444 -610 208] 5380.23
[304 654 609 360 563 474 215 -226 417 -407 -229 233 -27 -550 -267 -715 -622 311 295 28 327 72 290 -630 -213 -118 -627 -712 -295 184 -334 -372 -920 10 104 783 -425 89 -732 68 151 261 -26 -912 418 862 650 -471 -255 944 986 -93 -395 -132 491 -53 317 -330 138 -1047 -244 -300 35 -13 -30 -140 -449 -336 -1069 0 763 113 288 95 -58 -249 -549 -337 -360 -29 1477 -254 -507 280 -122 466 -111 -693 -262 676 449 -197 -389 779 311 -490 -553 135 -225 1502 586 -184 -327 25 -53 600 142 -19 -63 -522 322 58 -457 880 -208 -939 191 763 -287 365 228] 5349.8
[489 285 -192 -1069 617 58 67 -67 -523 290 756 -704 -540 -177 267 420 -308 452 273 -61 382 283 69 -274 963 -311 579 339 76 -448 188 -83 227 -94 -163 467 318 -125 236 -520 200 -340 -462 -107 732 84 -471 186 259 -44 -1 -205 727 -2 197 -487 -239 536 706 6 -118 558 -343 775 195 128 -397 199 -25 339 -168 425 78 658 -515 254 -293 -282 -178 -699 -597 43 188 -84 -305 530 -189 193 464 -644 -83 -954 741 305 -158 727 572 515 1285 -37 163 74 -380 -43 192 -166 -576 -544 -529 393 151 -441 105 -70 -191 911 312 570 287 751 -712] 4782.24
[-537 -595 35 273 414 997 -732 70 -95 -415 -158 377 -245 206 1129 -179 -326 -364 139 -57 699 -405 -280 -250 496 -429 -179 777 81 366 48 -152 -315 -685 -238 165 -412 42 -350 -972 161 166 -141 -526 531 604 -531 -148 181 -567 -237 119 -76 -844 -284 535 266 -80 -567 -564 530 -512 545 254 -609 -1272 -505 -579 -636 -34 585 -343 271 -110 -713 326 -535 -313 -402 -760 -220 498 209 -559 212 185 -18 94 -125 251 54 161 587 -271 -400 733 -160 888 1439 34 -266 -715 -670 -89 -570 559 -45 197 156 -54 553 557 -342 -58 384 154 -127 -80 309 558 43] 5098.24
[-265 27 128 308 367 -150 510 -152 489 68 761 136 -156 145 -679 92 -341 -357 -268 -687 -82 448 -394 -566 -58 20 -428 7 112 29 238 -168 -639 -249 183 -449 -656 -403 294 -198 -92 422 -469 677 351 -161 86 -551 536 -1258 110 -678 -233 -256 -60 48 -728 190 -565 16 188 170 -153 17 -658 -360 -262 407 685 -200 596 128 584 -44 -287 -325 -596 244 -229 -478 571 975 -585 430 -618 -109 -725 418 -398 -552 457 261 165 -205 501 0 314 -126 -459 224 657 87 523 423 -688 364 91 -231 -12 471 30 -948 742 -233 -344 -464 274 -127 1270 742 476] 4823.14
[460 944 -300 -249 5 356 1071 755 604 -941 -224 231 -18 360 -361 419 -681 -583 306 -1017 628 1126 407 -756 -305 -373 160 317 278 -102 -121 -546 542 -293 215 219 193 -121 -610 -272 157 -514 119 210 -90 -80 295 68 548 331 431 -1156 -718 -531 18 166 -267 25 383 -10 -432 279 -71 920 -361 417 176 -213 350 414 -455 229 433 1191 -338 519 -577 49 -751 308 513 -109 191 -229 53 -354 -10 -477 487 -73 296 103 497 1181 -84 279 241 -368 421 -647 253 -428 -500 415 337 373 -107 -701 -275 -97 -292 1 1027 -271 -1101 594 -9 12 -73 67 -272] 5230.83
[-360 -645 359 -28 1087 -37 -62 -938 -615 291 76 163 -550 -294 406 89 431 -229 -392 279 -280 -1026 -629 -691 14 11 -257 -1 -268 -393 -340 762 -422 -5 17 1 -133 -235 775 -1014 -781 810 80 168 -799 319 -327 -110 -658 436 -55 998 352 519 259 -175 512 -181 -558 141 -102 382 -150 -6 494 -496 -473 -189 -323 -286 -426 149 119 -225 284 -389 -352 -139 75 709 -201 -689 1322 585 -201 155 344 109 -168 -448 164 307 -197 166 268 123 446 146 212 261 551 217 -57 308 689 -393 84 323 -120 -131 157 78 -82 971 -68 -245 -50 864 -1140 -46 -642] 4967.14
[775 -795 -336 280 -215 425 -520 358 197 -806 -179 48 -524 53 553 132 617 -1122 936 -179 -363 -334 -690 510 89 -545 -503 489 -108 -433 68 915 -715 -37 -583 -267 -255 -10 158 251 -225 180 -150 -324 405 -242 -191 -392 -479 -32 -257 -852 -391 -228 -252 797 -169 -301 -539 201 236 -166 -120 -714 497 -140 -686 -271 751 -353 -353 878 -334 252 179 236 -105 607 -355 -177 401 427 -31 389 371 254 174 -397 708 -381 -1296 625 -10 -1018 49 78 567 585 15 -174 1127 -441 317 812 -222 -327 447 -330 109 -229 -13 -256 842 -959 541 -781 451 29 -742 528 349] 5335.11
[693 -288 344 -31 -137 -174 -328 591 575 -492 136 16 -278 -865 -713 -677 -367 780 300 -325 518 -154 -338 -198 810 -216 549 -155 255 -244 -271 -830 917 1024 433 -348 559 -28 -207 258 842 -256 6 -100 385 45 460 215 783 -766 -441 319 -291 -165 1101 642 82 -101 251 295 -629 -918 384 347 -911 409 815 -372 639 193 239 -318 -460 72 132 348 57 -341 366 -9 -540 201 -405 350 -60 -458 16 298 -970 766 -314 864 -234 -172 -729 -629 -330 -510 -357 -2 -899 -785 -118 -292 -292 434 247 96 135 114 -1029 61 -139 -194 -353 -283 415 -60 647 -237 447] 5241.91
[-524 172 242 -842 596 -795 -520 -160 1189 -131 290 159 -132 806 -178 741 -731 -144 104 -135 261 -296 285 -137 271 57 -467 -291 50 337 263 176 1143 -137 333 354 449 96 -615 -218 707 -852 -96 22 -496 -611 -358 166 -322 -50 -739 627 141 -431 -340 236 425 -391 -903 -231 -246 -217 -423 460 478 213 880 -1048 733 -119 705 -470 57 -865 -1017 312 17 -98 442 -108 -437 -726 -190 97 -362 -220 129 -427 -374 179 -713 -399 696 -202 -291 -210 -267 -117 678 -220 -831 -636 -13 -433 571 -946 0 -407 300 -361 -446 124 103 -1281 392 -177 550 -512 401 298 -457] 5349.57
[-899 809 130 -174 -539 298 65 496 -174 -72 -635 -438 637 733 -576 3 27 -452 -100 -781 -283 174 875 -982 -386 114 822 -571 1240 -133 -320 615 433 -568 -198 -180 214 -241 248 375 433 -502 -87 -383 -201 17 437 304 -540 -11 333 -1094 150 -187 -213 -448 25 599 370 -201 585 -375 491 -204 -239 487 -752 -190 -158 -283 390 398 1018 679 11 -280 -246 714 -534 78 586 286 436 660 958 108 -428 -127 -42 -138 535 362 -58 669 854 109 272 283 -90 285 -230 -541 -813 487 56 1009 199 125 -656 -16 219 656 405 -83 138 267 -258 349 98 -135 -698] 5188.1
[551 606 215 768 -132 -314 -1128 -180 778 -807 104 -172 -15 162 414 -83 -156 -799 1158 -105 143 -736 -1160 -359 -782 -882 -564 -177 -397 95 -902 -59 -159 -554 -153 578 225 -189 -209 634 -353 -369 -51 -479 -589 -471 -157 14 -137 978 91 820 5 13 -3 -31 373 3 -603 96 486 -480 545 20 369 345 848 -605 -969 -108 14 -582 -74 -904 783 -636 -104 486 -430 -56 100 -614 -254 287 -487 -897 592 -389 41 172 38 790 -40 -624 105 -122 -780 468 -245 -147 132 -619 294 -223 719 -876 -129 168 95 -385 132 344 43 348 -451 -232 -321 -349 -752 404 296] 5365.65
[-662 -735 -262 -610 -1141 135 154 -402 -340 903 -433 202 80 -241 211 -502 74 289 -260 -386 -161 292 501 -2 47 -342 -42 1080 300 286 395 -1094 325 75 534 -427 -335 -653 -282 -416 -922 146 -470 533 300 76 203 772 791 -175 -253 -721 -364 425 324 50 -404 700 122 610 -711 -398 948 305 -197 -742 -427 448 869 -170 -149 991 623 560 367 -251 -164 668 -437 720 -287 623 726 -121 -742 465 -290 -521 589 -877 -675 12 -36 304 -490 297 -237 -261 -55 55 212 -582 210 429 -377 2 86 -424 -141 205 -602 -422 -393 -618 296 279 -45 199 43 174 401] 5228.95
[384 400 33 -273 234 549 449 363 -390 -443 74 34 478 632 879 729 435 -153 -7 491 90 4 57 291 -52 606 -148 -867 4 234 -326 1422 -555 367 -374 -676 1030 58 95 86 -57 314 87 903 269 -38 -25 525 -500 167 -47 533 480 -276 129 -442 749 -263 -569 921 870 -489 -217 -996 -462 -653 -74 -218 -314 934 -495 -237 -548 -66 -1715 37 1308 485 720 -231 -159 -192 -145 54 482 -557 -392 -397 -258 192 -339 -967 422 442 1226 -403 -305 -99 66 378 -206 886 -51 612 240 -5 -78 556 -59 -966 -47 257 466 290 -718 -314 102 -472 -546 -657 19] 5667.87
[-48 -498 -792 133 561 52 -263 159 -198 1245 1131 -709 -128 348 311 66 -1123 -263 69 157 -242 -147 -422 497 -89 525 244 -273 -415 988 709 -281 171 536 118 313 288 10 -174 -247 -345 -64 240 587 26 -160 -559 17 600 -395 -738 211 815 -497 85 209 257 -333 -1154 509 -209 133 82 -83 -217 48 238 -204 1145 -143 -309 -349 484 -700 -500 437 345 -7 315 -281 195 705 -670 -833 -991 92 16 -314 381 42 -190 167 384 -610 -137 226 758 197 771 -1097 -548 667 -112 -533 -291 311 -220 -359 -465 -460 -161 1 -4 -776 178 962 -16 -575 564 -246 -165] 5253.04
[207 40 230 -601 902 375 430 -1257 252 -187 -270 74 -477 -289 864 284 -474 325 74 29 141 355 -200 -241 -171 -193 -624 -237 -148 272 931 -120 -355 250 -232 93 -591 276 274 -899 -675 1199 -337 -193 -563 559 -83 646 -827 660 294 923 -785 73 -677 -15 -158 -465 -115 -635 -570 -1299 -158 -381 526 -573 -861 -446 593 68 227 -1 -212 -781 -332 358 308 404 -821 1179 -559 -473 -1140 -381 738 -114 -299 -632 437 453 -51 -686 124 771 -248 146 -31 -835 810 11 130 -419 -339 -214 -262 -438 227 -109 459 793 -224 -273 796 -26 -837 -200 -572 394 570 -866 607] 5766.47
[-78 64 819 -42 -598 332 387 244 347 -231 489 -182 1043 -157 544 343 -370 -46 -263 -363 -428 -248 -318 550 150 -191 -453 680 -152 202 360 213 -676 511 238 -421 161 -455 184 729 -499 336 374 137 846 -391 301 -266 -379 255 270 176 -434 -321 646 1116 -204 821 -656 213 146 -283 1001 -463 521 -666 898 -373 226 127 725 -672 75 -404 252 -494 417 -391 700 355 -91 409 -947 -376 210 -571 -623 -167 -244 569 -172 120 -730 -15 726 420 210 -666 -70 91 -130 66 120 311 -365 222 884 544 997 270 -772 262 -251 -1019 -374 -37 -149 -415 -485 -318 -109] 5153.65
[-481 -393 -515 -636 -63 3 -147 -63 -572 1146 719 -406 -92 -206 -78 -189 167 -381 -397 -527 -668 74 616 94 -426 -631 711 254 269 -57 -202 -185 574 -453 171 143 -154 380 -182 -412 43 312 -145 1047 256 192 330 -163 614 -568 -485 477 1116 680 -342 145 -287 254 176 -228 -498 686 489 261 426 -722 121 1331 641 -234 -265 87 -61 479 116 452 -642 -358 -105 87 -348 670 475 44 -487 1022 -442 216 53 -821 39 -517 287 -20 51 324 -175 -277 247 238 237 -120 37 -356 255 -289 -356 -29 -270 -531 -39 -748 -110 -652 1101 1131 -209 157 -87 468 237] 5031.62
[-424 124 380 -349 -552 98 -130 145 111 158 22 699 -521 -170 -594 -100 -340 24 -510 164 561 -503 553 -678 99 -112 946 -300 -143 1 -145 330 93 -122 807 60 -72 -242 -286 -854 472 -184 -673 113 157 75 -441 685 675 362 91 366 567 -712 -227 -487 -170 -486 534 125 281 538 394 1422 -290 -196 -365 875 346 189 -76 137 -199 -179 120 204 595 521 -231 196 -875 466 309 337 -715 180 25 -359 -69 -83 -3 -336 454 -815 391 290 -381 938 572 -463 -420 -1041 -278 402 426 -448 369 727 797 150 -773 -437 -788 -66 533 792 -394 -27 378 177 -126] 5040.71
[-162 -355 -286 78 1059 -487 157 -209 713 -472 64 208 681 281 71 -37 -426 312 -314 -263 564 -35 824 -302 50 -380 -136 68 -9 342 -58 -424 318 -471 305 962 -602 552 -46 -907 1140 227 -205 -599 112 230 -213 705 -40 350 12 993 -163 -107 -720 -110 344 -389 11 -816 348 -234 -1069 -171 309 1438 33 -288 384 -135 225 -308 -636 503 390 694 -237 119 48 242 -28 -605 -1252 -189 64 146 -68 83 138 206 1682 -517 -64 -341 -272 -260 312 13 433 -564 -924 -83 -46 -177 -45 185 117 177 -787 676 -156 204 -857 -10 -548 441 266 -580 592 -320 -124] 5328.2
[64 -101 -572 -470 540 322 -3 -808 236 -226 751 -342 -204 -475 30 -777 34 525 469 -993 15 -630 348 -218 263 81 2 837 705 215 -430 157 373 603 -80 523 -469 -45 -597 -185 495 -876 122 -362 -810 461 -715 -689 -403 83 278 828 282 482 -84 -737 234 213 466 -878 -69 -572 -400 -658 134 -368 -823 -305 1065 458 -606 202 -2 231 -109 31 3 -592 86 -147 224 -808 -879 282 -83 1090 172 -630 580 100 559 -1200 -25 388 275 -207 -411 -99 215 246 -419 442 436 -662 -198 -489 -303 285 675 160 2 367 3 -828 300 73 -376 78 1348 -103 -272] 5376.99
[-492 336 -91 -421 -107 661 261 449 -444 -271 294 -53 -681 -241 -151 334 305 16 -257 77 1243 904 983 -175 -60 -147 423 -282 -198 227 -120 100 -173 386 713 181 605 107 -686 -85 -140 -578 468 -886 705 1177 489 -396 652 451 308 471 1270 -542 -113 -520 77 -903 801 75 -945 172 418 186 -188 54 171 218 -493 -731 -891 115 -35 215 -1113 -386 291 -772 170 -1057 -154 -161 433 -129 -325 367 647 333 233 534 -252 -519 -417 641 9 314 -856 -226 -219 -198 305 -117 -318 65 269 91 304 -445 981 547 -129 -740 -434 419 669 396 -36 236 232 -231 1110] 5489.09
[-351 -444 -810 193 250 168 -382 211 602 -1315 -805 -939 -646 195 78 -193 -474 -131 707 -137 690 -187 26 -34 333 -361 -259 -133 -756 82 -51 -416 -265 -215 -325 442 -25 482 -394 183 379 -110 -443 -81 227 253 826 775 -832 654 606 -929 -115 -410 6 -577 -81 -40 249 -391 587 87 315 115 -143 -851 987 -570 -887 614 8 -319 355 420 -817 60 230 -1135 290 -1287 1166 -556 -473 106 -126 -310 -411 -185 -20 613 404 199 987 -349 -608 -335 268 -170 483 496 -1550 -494 -261 -178 -840 -314 -218 -876 -407 517 246 943 218 -199 -745 203 39 53 814 143 95] 5776.19
[831 424 -210 -516 31 -87 425 592 440 -626 183 340 396 672 152 33 115 -797 292 -1166 388 -701 -193 148 -602 104 -263 -209 -95 115 -450 574 559 -425 -578 112 646 510 -298 51 649 -705 679 -37 -1041 202 42 -579 -296 -446 -210 100 -367 -336 -737 651 227 -723 -94 -575 277 -35 -380 -626 382 696 404 -456 667 232 -735 -488 -22 265 401 83 62 45 420 21 -480 -184 90 -363 1059 105 538 -100 439 -166 -1058 643 360 208 184 -717 -403 -343 -101 -455 340 184 -119 -815 884 171 -28 280 384 -248 204 253 828 -1147 725 169 261 -129 426 158 -348] 5192.58
[287 57 109 580 -761 -488 -3 115 279 -456 125 -524 106 -539 -605 282 -433 230 -230 -264 143 -388 -173 -1096 -1049 -211 -220 -646 -47 -663 -272 -215 475 498 118 -4 340 361 -203 -142 314 -175 479 49 383 824 -489 -414 243 -439 -346 -572 598 274 661 89 81 -1022 338 -656 -297 111 15 -147 -544 -241 320 356 449 657 60 246 651 -216 -159 -879 926 161 421 -618 599 346 -706 -340 -972 97 214 -354 -571 346 378 -465 646 -441 -517 188 -117 388 245 -341 -799 -708 -88 -759 110 -230 -958 -127 -804 -725 -424 -866 307 212 -558 366 170 -40 347 -642 -160] 5145.7
[361 -26 591 160 46 -228 -355 433 282 -407 -473 -554 -248 882 -10 58 -501 -524 1 -973 496 530 240 -17 -13 -820 119 50 -202 890 574 -230 -4 -139 -260 -711 516 -350 -753 150 -264 -555 -59 -750 -81 -208 637 -26 -446 -83 886 -329 122 -140 82 -173 -664 7 -388 32 -501 -625 264 214 146 277 241 -389 -33 -451 366 -431 279 -316 46 -509 -19 181 -576 -266 -26 -49 -338 -434 658 -1286 -175 606 572 143 -331 1178 1150 -9 -326 34 -236 59 579 -387 -188 -1250 -500 750 -157 -260 233 -467 969 98 -324 -458 47 796 -367 -356 -502 48 651 198 13] 5090.47
[671 745 699 -412 -291 -418 -907 255 121 760 4 -239 -537 11 205 383 -753 114 909 -633 -844 982 116 465 -430 -664 410 -672 -116 311 484 62 638 158 368 -332 308 970 78 175 -375 -99 358 768 277 369 874 766 -41 309 -42 187 274 463 175 122 -839 68 1193 459 173 -437 -117 223 443 988 -414 -79 345 680 384 -250 -247 -169 374 571 36 388 -243 930 -805 -519 -521 -726 610 -111 51 -230 -307 603 100 -322 78 -124 -723 -321 -197 103 759 246 -120 -6 48 7 -431 -56 -580 351 -337 -222 -243 -78 -63 -326 -321 -340 72 -1323 -155 -115 525] 5257.94
[-956 473 8 -156 -3 -360 -186 790 -124 394 1016 -470 675 433 568 1102 -1072 600 120 293 173 -119 -14 504 353 -28 775 -288 -327 -111 656 7 -190 -103 830 -594 -77 112 688 162 318 326 -242 -260 679 -227 -1 376 -145 1096 281 -242 1214 490 -284 839 759 931 188 163 153 491 -34 349 257 -328 401 229 -240 312 -74 48 -584 296 -492 33 104 -678 669 -85 252 86 84 -1009 249 105 -1228 25 194 7 631 -476 -244 335 228 1039 430 972 1157 526 -477 -383 -990 506 -670 534 392 10 -123 430 -437 -578 -207 -279 -319 780 429 -606 -522 -190 466] 5641.92
[697 -95 409 -337 231 -94 550 670 538 -718 -75 -368 805 -146 50 799 -274 -875 -264 321 -194 266 419 148 -225 -287 458 100 752 -1072 218 209 -213 -526 358 -736 -394 -228 394 -259 -270 397 -169 -71 -76 15 -496 -59 -908 -87 -576 -277 113 -720 -401 25 455 234 -374 278 -517 -164 50 -562 129 -665 332 -883 506 216 -51 -15 -452 381 -631 -439 529 260 -1089 703 -68 328 -1139 573 347 -510 20 -16 796 9 -296 -8 33 32 42 107 -109 340 698 985 -743 -104 -625 564 227 35 568 317 863 162 -94 -190 593 590 -81 -26 -701 43 -789 -419 -297] 5099.21
[505 1114 627 -1050 23 -980 -743 352 577 -2 -154 672 477 668 -29 971 386 867 -583 -982 -394 81 -438 333 387 600 50 -515 -225 370 -168 -270 -610 51 -614 610 52 -53 -569 943 -156 420 473 852 -408 -710 620 293 499 -735 894 338 -539 -122 -322 -456 -492 -240 330 -58 828 -59 -528 727 48 127 -207 -656 -122 160 831 -335 91 -167 178 815 -1015 595 20 -102 1053 34 -318 -252 -324 55 -266 -570 320 -700 186 1274 -21 63 235 462 24 -413 -1245 448 1191 4 206 -465 -323 864 324 -285 313 142 390 815 12 -642 392 -599 61 341 -45 542 -701] 5900.61
[176 50 954 213 -124 887 -25 274 -152 -523 -370 73 686 -301 103 349 -153 -645 -584 1025 64 -445 -519 28 -707 -462 494 -633 2 -596 -149 325 -462 11 351 -400 -267 1028 90 216 -515 34 305 -162 -347 630 -501 718 641 354 -125 -432 541 -65 600 -637 -121 -205 -357 -355 164 14 -173 -83 -830 -915 -139 415 -689 385 548 179 -317 464 -711 -583 226 684 -422 -172 -1496 130 -410 295 -225 -618 -48 138 -356 -324 94 -1196 139 54 -112 193 -1253 188 839 278 -31 357 -309 -313 -310 -396 290 803 -209 -257 127 -1125 -75 1159 -202 283 -844 -155 -282 -407 -747] 5479.67
[615 462 196 -108 566 -746 -398 -541 -547 -108 -47 -340 -535 14 -816 92 54 370 -89 -141 -106 -410 1056 26 242 469 68 -3 -643 -39 636 1036 692 0 445 27 453 -417 -63 -137 318 -279 -691 15 360 -163 200 475 -1103 -947 -260 244 -189 532 433 -8 726 -325 306 -225 -583 329 -84 417 616 -56 232 482 -219 -416 813 347 907 160 115 -930 -343 278 293 -571 316 34 -208 121 130 579 -1064 -379 -267 -579 -1001 133 352 206 255 -511 274 -157 619 651 943 -138 15 212 -100 172 37 -265 -1071 -161 -552 -538 269 -151 335 -199 425 742 -354 -26 -204] 5089.47
[643 111 109 88 384 516 -161 -4 -538 -822 51 -115 -970 -231 882 183 431 83 266 33 124 160 533 178 549 -115 -136 106 -1065 241 534 -473 223 -270 334 -112 -86 -233 555 -1150 155 339 48 371 -212 970 -443 -556 -388 221 6 103 -50 51 507 519 721 -348 -140 299 -402 17 -552 -37 -254 -432 -579 534 -233 27 -745 -54 -899 412 -706 564 259 -1644 21 412 -304 377 -604 -140 224 -420 84 -169 696 348 -128 -548 311 -211 160 254 288 414 588 -20 -222 415 66 723 -427 620 -105 27 217 -39 -114 -688 875 197 -329 -465 766 -327 -556 -501 -390] 5025.73
[150 298 541 -342 -1011 226 -137 659 -581 698 192 689 -5 -330 246 -503 -371 -144 -418 -1003 -170 1365 -152 277 -19 -105 -366 382 546 422 529 -984 397 -566 210 -525 274 -545 -671 -104 15 -406 809 1151 -677 339 166 -455 406 -724 629 573 -342 743 30 446 -502 -404 202 540 368 -22 410 39 -749 345 -436 -175 -158 766 -537 -538 -171 758 296 -145 -392 1057 -180 841 94 300 194 -347 -472 -12 405 -34 -189 -163 -8 715 38 381 -276 -476 -620 370 -198 -141 -18 1131 100 -342 -222 454 72 12 850 -86 206 292 -310 128 66 -133 205 -517 63 569 43] 5237.41
[675 948 493 -102 -273 579 60 787 139 -119 786 -53 -165 -142 524 751 -45 252 373 -205 -604 530 -113 -1047 187 -71 383 -953 9 241 -452 -1122 -56 -36 -440 263 405 -132 -205 -206 99 -996 -165 133 23 -577 410 89 168 172 -32 669 -435 -136 240 -500 -124 868 982 550 1139 203 323 -193 -382 -77 -65 662 -247 602 -379 -49 449 197 -47 -98 415 -473 619 175 817 319 170 -118 588 -379 -1148 75 -232 272 -44 -70 772 142 390 142 672 57 -298 562 202 1048 354 706 312 166 755 -315 -189 -117 11 877 -430 -152 112 -86 -376 -78 -1066 398 526] 5232.66
[198 137 412 -149 -23 7 4 421 -358 -982 -671 -99 -746 -670 -349 -241 671 13 -124 -829 508 560 318 -1079 210 -393 96 -165 -308 -299 -142 -428 90 -160 -381 672 426 480 96 108 614 -181 454 -535 -121 358 466 -12 -199 706 233 284 -907 -296 -1 93 134 -730 282 -917 -60 -413 -224 414 -140 1002 -211 -200 -619 -147 -177 -560 -362 399 -497 535 -542 -890 594 -420 274 60 -607 398 1163 176 -187 -192 340 469 -706 449 134 127 -472 333 106 -133 -726 -339 -349 -220 -7 -420 626 277 694 -431 74 336 239 212 -216 -403 19 -286 391 151 297 626 772] 4923.43
[-44 -887 51 -354 -190 410 -166 204 -281 -184 -153 -240 -174 -249 -521 -178 84 -490 -659 -293 219 -61 696 -281 48 352 527 990 471 -185 -160 314 1132 -71 1272 -193 642 -558 532 658 926 -350 -378 -294 306 -7 -404 -1033 -155 -15 -623 7 149 -616 459 -77 446 1 -110 -186 -749 275 538 834 -506 -55 -358 -25 478 -919 989 306 -674 860 190 203 -16 823 -151 341 75 89 -5 509 -556 -155 -503 262 567 -275 -167 -657 -209 737 50 -516 -420 486 -438 950 -495 -719 -191 1026 275 -82 64 317 -42 -1121 314 -154 -442 694 564 80 553 251 -391 -334 88] 5344.79
[571 -208 -448 -25 71 242 639 685 -841 28 312 -113 759 36 359 -521 -179 543 540 -754 10 -789 674 -183 247 297 1178 207 -569 89 -715 -19 229 949 -88 92 993 249 -951 -568 325 166 -156 629 -310 529 488 -106 902 -336 601 486 652 -777 -599 -537 291 -240 632 12 200 -389 234 -514 -181 358 475 264 192 -100 60 -148 254 901 -328 64 -17 315 104 -5 -204 -240 -597 78 -266 -168 578 -802 57 916 759 59 -552 -164 281 -666 188 -417 167 271 50 699 100 -734 64 922 -448 -20 490 271 -312 770 -188 -352 -329 990 -205 -226 549 -315 -996] 5318.52
[16 450 -92 -271 382 -466 -164 -367 -667 859 -211 -487 84 182 286 -498 345 296 -17 504 553 -231 -431 858 -444 -231 -1232 280 -100 128 181 -907 225 790 -443 -19 -383 352 -264 193 194 139 -299 261 94 -610 247 -118 -380 -279 90 714 1084 1001 -318 -377 -299 -449 547 -149 -494 -501 -810 735 501 145 -294 585 305 379 -467 -102 -7 -378 -430 -348 66 1045 324 -86 -258 383 -61 -589 243 -87 73 688 4 -561 -711 7 48 -17 -320 445 -451 -139 -151 -686 -755 504 819 -220 -170 485 -637 -147 -922 781 490 -637 342 -470 327 -454 431 -264 106 462 925] 5157.25
[-9 -536 338 -29 538 721 429 804 -196 886 -472 310 53 -260 289 -290 -117 -837 452 68 -727 791 -206 472 396 -725 598 490 108 -813 -158 -190 201 590 -67 -606 -51 558 -129 -90 -42 -127 -370 488 56 56 419 -490 237 -65 -106 158 504 117 -482 -208 -434 850 -666 122 -54 355 67 282 27 -402 -212 959 496 248 -341 93 7 920 -41 228 658 162 -678 360 -1861 -137 1166 -9 -335 287 293 428 78 -575 -858 -491 -104 104 31 -386 -357 -518 562 -633 625 372 391 -315 -23 -142 403 614 -173 232 -271 -385 -287 199 87 84 -205 -281 -318 575 -337] 5076.98
[80 -390 -416 -562 -539 363 516 36 -59 1050 254 -12 -110 513 -403 629 -771 -383 -515 -345 -368 249 446 -473 -583 646 -153 -139 920 1060 536 185 1006 479 991 -131 52 -904 448 471 -94 -264 -467 -837 606 -452 -502 123 -487 -253 -59 -163 -734 -7 -47 254 -778 252 -801 170 13 -249 -53 -63 -619 -97 -174 -250 817 646 226 813 576 -142 150 -476 783 647 30 784 -739 93 -1 168 162 627 43 473 -302 -201 -729 448 -515 262 324 -599 -30 -777 146 -334 -231 957 132 677 -1152 386 312 -880 58 250 13 365 -26 -92 71 -21 342 535 478 -654 -269] 5397.95
[-249 142 487 -506 8 12 -331 149 -25 -450 -181 805 -83 103 67 -110 -806 -341 -685 1139 -435 -33 -771 -64 -87 -125 -625 -282 257 270 616 -1160 -85 -1137 600 298 567 -249 530 -166 11 1092 -949 667 -1322 487 398 225 -103 47 -511 -228 -601 153 -43 -380 -110 -282 -999 -499 312 338 -784 654 -189 565 -242 -216 120 -214 321 -49 -219 65 339 207 -305 458 -939 671 24 -928 -498 302 -1668 -296 230 -554 703 122 172 -410 -102 257 -498 -105 397 483 124 732 743 119 635 -136 -270 477 -446 -78 -667 -469 527 72 309 -251 412 200 647 176 -256 366 -589] 5533.25
[-562 75 -675 673 472 -447 -313 -826 181 -74 -159 -274 -356 -87 -281 -291 114 723 56 321 -520 -708 -229 327 -852 165 -321 -664 218 461 420 33 924 -598 95 683 530 663 466 620 -618 933 -132 384 -166 124 222 295 -761 551 -220 -449 168 198 253 -424 240 -242 627 -734 179 248 -338 202 105 525 -314 -605 -945 -494 444 -260 -572 -895 455 56 -57 -641 -441 -566 -5 -597 703 541 315 -15 -312 -920 -23 -167 -134 -344 -510 -623 581 408 117 -52 149 874 356 -1427 -743 393 14 -427 -396 -28 -1003 803 617 -264 44 -306 660 -227 89 403 -1076 134 467] 5450.42
[-262 343 104 -103 -129 400 34 -109 271 145 -774 235 -60 388 98 49 -196 33 435 324 526 -222 -638 64 631 -214 477 -374 -165 -362 340 324 -169 313 -442 -707 420 -484 -184 754 496 -309 -467 231 -600 -814 -168 126 -733 61 922 -3 -284 -926 -527 -606 -15 450 -346 580 244 -563 301 -2 303 -55 -677 -581 -622 -272 163 -503 195 -944 -177 967 -43 488 -330 -283 -590 -331 452 96 -466 -906 390 -623 -86 409 -5 570 -96 558 372 370 281 -324 180 -159 294 -310 -413 -234 780 -195 -484 89 794 186 118 426 533 717 -374 845 179 560 263 209 -198] 4799.66
[524 394 798 -398 150 263 221 592 224 -18 -1080 -431 583 145 -219 221 426 -257 222 475 992 -537 855 54 -305 157 149 -548 -481 -889 -366 -608 187 -286 682 -281 -150 379 -184 441 144 414 -514 -411 -411 -203 -429 523 -400 414 241 -613 816 -170 -51 573 595 -885 364 536 -246 -829 -562 933 465 19 781 90 -494 149 188 162 -385 127 -597 35 1 -562 331 -269 139 -226 110 -24 415 -755 -401 -267 190 359 -759 -61 -40 42 307 -96 -142 -315 -379 726 -807 -727 269 586 754 62 -1 217 306 -288 -392 566 -89 208 -684 -607 -1295 -617 -80 -174 -139] 5142.87
[450 197 79 -583 1 -39 -138 210 632 -118 -246 -383 -146 87 -162 805 156 168 -395 117 680 -88 325 74 486 628 -288 303 227 -840 -492 333 -763 -447 455 -81 -725 572 -294 661 146 162 -401 -933 465 -202 431 -159 -279 -396 -74 -992 -346 -174 -1030 -352 -1009 -753 828 -213 -315 336 -441 714 258 81 336 -664 399 -53 469 410 695 384 454 505 -143 -260 6 -277 720 -143 626 57 -338 843 -236 921 128 -858 -329 823 284 198 -798 83 -3 -53 -552 356 -77 -54 289 193 -113 183 355 -790 176 452 445 60 143 -145 -808 -252 -797 9 -101 241 165] 5008.85
[-264 -441 681 -600 -214 -27 185 -761 -832 1044 211 540 -1215 -349 -382 10 119 -733 -450 -123 -164 403 443 -38 -45 463 274 179 -271 -436 409 444 484 327 645 -629 426 -290 227 -600 169 232 -365 85 -263 22 -638 444 138 737 80 1085 98 535 -663 74 4 65 -687 402 -408 527 -498 401 -612 4 -241 271 -212 -625 -17 -76 -448 19 -134 -742 -166 509 -576 636 -54 -967 610 -70 -197 190 355 -241 -679 -1088 274 -1262 183 -755 -563 65 -248 220 554 117 -25 -238 -7 -626 403 -153 67 -291 355 -193 -478 -375 -517 616 -845 -21 86 274 311 195 103] 5123.42
[194 217 -281 170 56 -54 11 -508 1193 -458 247 94 43 255 -224 -105 292 619 26 -587 35 -327 -4 -198 678 -98 -74 237 42 819 -1158 -218 -481 -481 -596 95 -772 -581 -554 157 297 -759 -127 457 -249 -194 101 -58 -219 -488 -270 -241 -715 -315 125 -836 97 712 351 -225 726 -43 722 355 77 108 362 -689 -27 864 104 -609 1051 131 499 -265 -126 -420 -511 -566 285 238 -490 428 -903 82 162 676 -479 291 404 645 434 -36 -20 -486 130 -25 -449 -136 277 -139 860 -170 -822 -583 418 203 -574 161 202 264 751 313 -779 240 -53 510 518 295 -14] 4943.82
[-569 -253 384 -413 108 274 281 -176 786 1027 625 -71 567 98 529 52 592 -369 15 -278 -588 -42 -427 -113 169 -37 336 -361 533 -475 727 -190 -285 -386 -285 442 -56 -1 281 344 -429 -344 -389 -502 104 -241 294 679 -109 62 -415 47 -138 311 -1230 516 -662 -338 320 -20 264 278 -688 -620 273 -658 585 -411 -34 -474 95 170 -121 501 -309 230 -917 602 59 247 381 904 95 147 426 846 450 271 -488 92 403 846 -844 -160 -90 -125 557 -421 40 -29 772 1262 -421 -161 -391 -286 251 -675 65 57 295 494 -41 -217 627 233 -836 207 -8 67 -231] 4909.08
[279 -198 -95 -20 -221 -367 29 302 -37 18 -188 41 -258 -458 -271 57 149 463 643 -80 -537 1151 505 4 291 -486 842 -500 613 -956 531 722 147 649 -179 -446 376 92 -372 640 463 -295 -517 45 785 -818 477 166 -19 -223 -428 -219 -401 -271 127 -132 87 399 907 -303 -193 -239 -10 -542 14 366 -132 46 232 -30 -141 -70 -1200 808 -429 693 -243 -298 -437 -13 -460 1097 183 92 -74 510 -92 870 202 377 127 -436 -262 606 -285 -276 316 147 49 641 418 395 -30 267 -250 -875 316 -120 -1050 -443 116 -392 917 -157 667 1004 12 49 -251 -223 677] 5022.96
[-334 -402 790 -159 -219 210 -178 -29 -292 215 -352 344 -243 -772 -159 -171 118 -181 -813 -354 287 538 -426 -464 283 -113 470 57 746 -267 194 656 -689 61 -346 -209 -200 -421 380 -203 -964 286 -357 42 -7 530 192 -249 -78 -515 23 -617 -196 599 281 -593 -901 -189 -180 163 95 9 169 -727 117 -1065 -324 -375 418 -405 -608 -321 -294 711 231 -217 -503 917 -852 111 -209 224 495 320 -740 255 -133 1023 256 -397 985 -680 45 509 508 -174 -476 -235 -698 199 177 658 -320 -107 -259 -201 57 255 -59 81 488 -68 124 362 330 273 -454 -322 -179 577 97] 4748.13
[-235 -743 -414 -294 -669 -558 -189 65 -1301 996 -74 126 -688 364 475 779 -108 -588 -21 -480 -402 690 312 79 298 516 220 -251 1266 267 -112 -692 74 220 665 -45 124 -312 544 333 -833 -242 -1591 164 -95 -313 -974 154 -765 681 -619 643 471 -803 -1310 -234 785 295 -484 185 184 926 -179 -403 -477 -157 498 214 -489 -688 -286 -495 -887 68 -291 -136 306 -124 -274 870 -1022 -214 795 -1107 -568 -319 822 255 -243 -289 -257 -574 -263 504 -36 409 -202 -122 -85 -28 351 833 511 47 -252 -165 -341 489 -574 -1075 720 206 269 140 436 723 -363 -681 -402 -725 30] 6000.51
[-824 459 -523 143 277 -837 351 -117 -46 233 -194 171 3 -73 -246 -297 352 1254 -787 263 -244 380 342 232 -70 324 -399 -633 590 -112 510 -170 562 430 149 241 -208 -226 265 -105 241 91 692 526 -148 -302 -48 249 -869 -343 212 -391 293 726 154 -651 239 -133 -276 -194 -680 561 -209 521 -119 25 31 -406 -335 -81 80 -802 -325 -90 -303 -488 187 -948 54 504 -170 -499 670 -351 452 -507 514 203 -674 -600 375 -904 249 -117 624 61 -169 -701 -68 -167 -169 -465 -719 474 100 -289 -239 -625 -393 630 -20 -403 1011 195 558 -150 433 789 -1104 -298 -650] 4979.11
[-139 673 289 501 493 -87 280 108 111 40 371 -86 835 454 817 -247 173 -835 66 -952 202 289 -641 722 -704 -298 10 -130 45 658 -339 -822 -452 -765 111 54 -167 103 -441 -253 -343 -453 546 1329 -155 -536 538 -88 187 -1022 583 1108 454 626 -159 717 142 198 429 381 788 -242 656 -28 279 34 423 329 -140 790 393 -718 203 206 -25 -338 -239 751 -245 372 335 481 -177 -280 11 -414 -293 -89 -448 -150 441 525 327 16 550 415 -193 23 -682 -211 640 57 156 -6 -184 253 406 153 783 -521 227 75 -276 3 238 -545 -34 -213 -204 -374 590] 4975.01
[1 180 100 -35 -25 -183 12 -81 -980 32 391 -68 305 209 41 394 984 592 -65 248 -203 -134 -402 -1003 -41 476 -717 208 554 212 122 394 -178 51 -1185 -393 -483 -563 439 -292 160 248 -85 -481 -283 38 -892 -543 68 -472 172 -557 142 111 70 -888 -263 -770 -906 -368 -485 -518 -589 -402 -523 -530 -921 146 287 769 -22 668 497 -887 -393 -628 1019 556 -235 179 -381 253 0 -140 353 118 392 3 173 -250 241 322 884 -378 17 -762 195 -67 -222 28 101 651 67 355 -751 -386 -434 -261 -65 -53 314 182 612 969 275 -708 214 359 100 513 -929] 5115.39
[-474 -432 -240 666 309 479 478 65 751 -933 -236 -472 286 -577 304 -812 -127 578 -239 63 279 -859 -387 -139 1160 -332 -508 133 94 73 -691 918 -1039 72 -607 120 -777 779 -161 -142 -2 275 -285 -780 415 388 93 262 288 -899 -376 -874 379 -530 -198 -241 228 -140 63 -770 372 -159 301 -55 282 -641 823 -737 -295 383 55 -120 -142 -9 -504 607 -88 -566 -240 -1033 -600 722 -469 464 399 -400 -619 1017 -536 860 596 -154 281 335 181 223 98 -284 90 525 105 287 -57 -99 7 -261 734 292 305 240 115 176 21 545 -709 -28 -595 23 268 305 -133] 5238.4
[144 -112 51 53 -4 -451 93 618 300 -5 526 278 -336 502 -208 504 264 516 -763 -488 -70 222 -36 1054 746 262 84 156 -883 541 884 689 -327 726 -128 -735 -155 -362 435 787 -103 225 224 -84 689 588 -836 -729 -1180 -84 228 -20 203 724 -677 363 17 -212 -559 45 472 302 181 120 817 -500 -599 89 401 233 352 -169 -354 -222 137 -826 838 72 -6 -373 -67 -454 -155 -879 -527 206 27 524 -203 -376 -600 -365 390 -915 221 -359 78 260 418 -847 650 175 -102 -78 -535 -543 379 14 315 928 -501 -1150 515 35 -301 -295 905 -368 -713 21 311] 5311.9
[-365 -28 -1547 378 -86 -726 70 196 10 636 -469 -483 280 -193 -298 -114 -17 -75 12 23 -28 -51 103 -356 -944 114 87 -386 1122 28 -548 85 200 62 478 -2 -513 622 -531 664 -223 1286 -549 203 -5 -850 -705 642 104 316 712 -867 -542 -887 -159 -31 63 209 -337 -39 619 -53 72 -138 -395 -37 379 -44 -487 100 834 293 285 -664 -644 -186 142 -351 -260 -275 -129 -938 1138 54 -223 69 -278 -471 -131 212 400 470 -425 84 943 -525 469 56 -521 552 -96 5 -45 -208 -98 -886 -1286 165 -90 53 492 607 204 11 682 -321 -1073 -1133 -493 306 -78] 5453.64
[759 -646 -429 -249 -130 50 -115 209 -1052 -180 91 128 -313 -416 -388 -544 -288 -438 -134 308 126 -376 -440 -12 -429 -64 404 -184 -148 401 -251 531 104 358 395 -60 1287 731 774 400 538 96 370 83 206 11 382 -290 353 19 132 816 500 -103 1127 689 257 -482 381 199 120 -681 268 -61 -387 234 408 -299 317 168 -323 -882 -670 -309 -94 33 390 324 123 -198 -228 22 -864 672 -158 -217 -45 -233 618 1465 -376 116 -566 189 130 -207 -15 903 -662 221 142 -322 -455 -102 123 847 -771 151 898 -291 -59 222 -987 440 1026 78 779 -334 444 163 371] 5169.25
[-1111 -229 803 335 -55 457 270 330 444 137 1034 110 -90 -279 221 -299 -140 -507 67 -435 27 -517 -140 -582 102 -60 -54 -272 -152 576 -540 -375 -157 -88 625 386 138 82 -355 -175 -307 -277 -185 171 -707 -644 550 708 597 371 242 373 312 -858 752 -437 151 91 -594 -157 739 -426 345 417 -166 347 471 201 39 253 343 29 91 -200 -971 437 -6 -209 105 390 147 560 -161 -233 -467 -683 -97 -192 -599 12 142 721 61 -116 323 -123 -125 136 17 -85 77 -99 -155 911 108 61 460 339 180 -163 -784 72 -211 -444 90 641 196 14 -499 461 203] 4432.9
[-53 -258 642 121 439 -168 115 -561 381 -1257 -72 646 405 -190 -364 43 884 527 969 -471 -491 -1041 -236 -37 -379 -653 -509 48 182 -535 -134 898 574 599 -603 -190 -518 478 -26 -194 -87 -28 270 -9 -1027 -503 252 343 -406 561 -187 245 408 -315 401 284 702 1244 562 -782 40 -918 779 -1149 351 -215 344 -181 307 675 173 -39 -294 32 -1058 -415 357 299 260 316 -100 311 -426 -134 625 -712 73 -954 -841 1051 64 58 -83 455 -139 -324 -510 -535 -6 -129 -136 -932 485 105 -77 -1015 -303 307 63 375 -432 -675 832 -491 -629 452 -589 38 240 -567 167] 5661.65
[-18 -250 132 -118 680 457 341 718 -135 -443 862 47 -160 -183 59 -781 -492 119 380 -556 279 525 328 469 27 392 146 -368 59 230 106 -141 -24 393 270 710 363 649 -986 -22 474 -42 598 521 -206 667 87 -29 6 851 -162 836 198 -725 -941 -847 -22 -307 -1206 -837 179 -33 -1045 485 -103 671 461 338 -55 -495 -27 -74 -146 -95 -938 589 -723 -1035 -12 -208 14 -9 -790 -567 -561 -52 -32 -45 73 170 253 -813 275 99 -96 -378 354 -373 830 115 -145 209 -340 -593 33 -380 -480 4 -2 692 99 260 166 -338 -1079 777 -473 190 310 -51 -538] 5181.01
[-286 -680 392 595 -245 215 -588 -590 150 -691 -522 -255 -475 -343 -214 34 -389 -333 84 -320 310 536 -372 -156 -239 -357 -283 544 -287 272 208 153 -78 -1040 -242 -6 228 -728 -595 -177 -143 436 -420 -380 225 741 -251 321 -147 331 494 -384 3 148 260 63 -1 -42 181 -528 506 643 745 -121 -412 -201 -470 -414 -541 -412 291 -364 -346 2 190 -675 510 368 -328 -24 776 -544 -410 -95 -902 -123 225 -780 13 345 1021 -638 406 -747 -278 308 -411 884 743 286 -615 -1755 112 -21 -234 -563 140 197 -27 -575 -255 -119 -607 -83 -259 75 -300 52 204 -35 -153] 4928.22
[-92 23 473 439 -390 369 -70 439 866 -136 -541 488 289 238 360 -370 523 -158 382 -175 178 364 468 614 89 -175 -332 -254 -860 30 418 -295 -1284 -581 582 274 289 -594 -554 109 -45 -897 329 234 607 -248 413 170 -482 -385 -31 -1 -377 207 -108 403 -65 -313 517 286 79 -315 680 438 -333 -34 328 -391 -669 -47 171 -385 568 152 -61 -391 546 -166 94 133 809 571 122 34 46 259 523 5 -44 -45 -476 481 -2 -400 -463 238 71 305 -491 -427 5 -591 190 -57 -207 156 882 -997 237 -61 -468 353 -435 -453 101 -425 -48 16 71 -136 322] 4441.64
[128 -720 394 301 -390 519 572 611 299 -555 433 -3 371 3 -122 -240 -444 -440 457 -40 1029 100 203 611 789 -316 -410 704 336 -806 363 -44 -625 -211 752 -443 60 490 -219 125 764 -332 21 -626 -111 -133 391 148 -180 212 -664 -209 100 392 -556 839 -192 -18 161 -414 -420 336 419 502 63 593 -45 729 468 -125 10 248 -100 74 288 51 505 -56 80 352 -160 354 -45 512 -165 325 -56 665 306 -65 -1079 -854 -500 447 -6 374 -720 165 747 -369 -137 -583 -673 550 872 172 759 481 593 971 -1039 -465 -200 -552 -720 478 -126 -373 595 -40 -17] 5093.43
[-607 153 93 59 -160 -288 -313 112 1266 78 -22 364 297 98 199 97 149 87 -178 -537 263 -208 579 -140 1233 -246 -595 1195 -781 -37 -868 -320 -37 555 -516 433 8 -256 -249 584 662 -140 236 103 49 -746 523 -840 95 -136 251 537 -661 829 -464 -101 224 1201 784 -380 49 -732 615 851 1 -221 489 -88 -520 -241 125 528 328 578 58 476 -1508 -60 -381 237 1261 -50 540 -124 -486 -204 -1034 277 -482 186 678 783 -273 736 -438 -41 275 -368 -1091 1112 229 -185 755 -295 231 494 697 -880 -252 219 -377 630 136 -62 -430 127 217 109 -182 310 841] 5772.7
[-216 -984 -59 248 167 1022 30 -471 -202 -735 565 276 46 -121 371 -209 -659 -107 846 8 795 -652 -511 -538 146 -115 -7 -86 -26 927 -88 185 -493 -382 578 901 -218 -484 -134 -926 165 20 -625 602 554 -251 -100 226 551 306 262 242 -3 153 623 359 360 465 300 883 208 210 550 -429 -390 508 -194 196 -430 258 -1166 532 -144 144 105 134 386 -1195 484 580 -526 -143 384 490 681 8 -691 -496 208 27 664 -672 295 592 43 487 322 1011 3 -282 -37 -253 -96 1079 9 102 249 378 385 -169 -327 -174 -699 -534 -846 69 -444 179 -1551 -103 727] 5453.97
