[-26 -525 32 -206 -16 -268 266 179 274 -323 -239 -19 12 -393 -90 -160 154 -199 -696 365 -53 405 -9 248 167 -194 -124 -354 90 932 -136 460 153 278 77 -2 -365 -158 391 231 -261 -174 -454 116 108 -384 -13 344 317 347 8 85 -260 -835 -323 -425 231 149 -56 232 -322 -239 187 -78 -283 -357 -19 -531 211 -19 -203 74 447 -514 247 141 347 294 22 316 168 -158 -151 -299 -307 -86 -448 327 -218 -450 -143 -84 474 34 -271 -44 -295 325 -230 432 -150 201 178 -116 205 -17 -297 -253 62 546 -93 38 -295 -221 -213 -53 117 105 -2 368 -628] 3192.73
[-35 -168 177 -104 -309 38 -75 40 2 127 -39 272 -631 87 491 558 68 329 -53 305 859 -401 -142 100 336 271 556 -373 -117 -146 -33 364 -55 -251 829 -30 -122 245 266 45 54 -27 -318 -31 -44 187 -61 10 154 119 468 413 351 -432 -86 106 -84 -177 184 -14 -150 343 -393 575 96 4 47 -329 230 204 -437 170 234 9 -335 126 -384 25 52 218 342 125 -442 -437 87 -63 130 435 106 -364 113 -207 463 -32 -62 155 -110 -151 -229 583 0 -224 -500 -100 28 190 58 -905 -46 -334 271 -150 478 -190 239 -77 319 -286 670 73 -609] 3287.14
[-121 -352 639 454 226 36 -39 -88 -233 -450 119 -181 -145 -577 111 -262 263 -208 -651 -200 -113 187 -123 140 285 182 435 39 -77 337 -95 605 -224 186 552 34 -269 308 512 243 -139 -686 154 48 360 245 195 123 226 -600 349 -348 673 -804 -173 8 458 9 89 -190 -117 -312 -167 118 -79 -185 -87 -2 -413 549 -239 -94 298 -255 171 170 -156 58 -38 247 455 -375 -31 -267 -88 -276 732 321 -376 -456 -101 -421 108 356 -332 -133 -321 -4 -51 475 -295 -226 150 352 331 -25 -328 -519 -498 -657 80 -443 172 -307 27 -338 268 -251 -717 150 -575] 3591.56
[-132 275 160 -319 -110 -580 281 290 52 -26 -296 -304 541 350 -158 -333 -636 16 321 -164 128 237 291 256 175 101 136 -399 56 318 8 -384 243 -315 70 225 156 -297 53 355 177 586 -16 189 174 -92 -217 289 503 431 -106 436 558 301 312 -249 -469 567 -191 -86 -81 -428 -283 141 -30 -28 347 344 -153 -312 -63 -55 383 -246 634 -73 412 74 180 466 249 -138 -89 -88 -472 -466 -260 -338 -198 476 205 204 202 77 193 217 -117 328 -326 -97 334 -485 -193 -235 -350 147 47 90 25 318 -92 -58 -374 398 337 387 -569 -40 453 -409 71] 3258.99
[-110 302 -399 37 -80 38 -154 -123 280 274 -86 69 -703 -218 455 -27 57 365 -282 43 -356 -92 -98 -462 123 -209 0 920 -149 -242 189 -163 -669 -27 -383 -338 -124 370 -326 -358 52 397 70 -128 -489 539 481 -363 -48 -48 -138 155 -258 108 -268 341 -263 -416 -13 100 261 133 688 -523 330 41 -139 -126 51 3 -182 -282 206 456 -925 542 -762 118 792 -233 -317 26 36 180 129 583 117 -191 124 -463 -223 -39 -94 -645 193 35 429 120 -248 -23 472 119 255 237 266 -526 344 184 89 249 379 408 -6 64 289 75 -421 -103 325 258 322] 3563.36
[-79 22 212 507 194 375 -141 54 -197 -392 -87 -167 371 -165 -263 139 108 -84 520 -252 -12 96 289 251 -530 406 -310 150 96 -388 317 -162 71 188 -549 320 195 -523 -459 169 -297 -646 564 -126 183 -92 62 -601 -212 -619 -416 -559 -441 90 27 122 417 -160 -62 -200 964 72 -352 301 333 170 37 746 72 -66 557 -132 -163 -30 -273 107 -124 -417 -451 -371 -361 521 172 934 196 -221 422 -234 -725 353 -472 -93 -700 -207 -144 226 187 -482 262 -611 -651 -390 333 496 273 142 -83 515 65 -142 71 206 511 120 -705 229 207 456 -647 450 239] 3967.31
[-256 -564 557 267 146 14 413 572 135 -169 -424 -281 238 -271 279 -145 2 -87 95 -385 -573 496 -243 104 -72 513 -433 308 591 534 115 774 106 265 -554 89 25 68 75 223 -394 -439 -126 -265 103 268 56 -42 297 -356 3 -346 -380 -56 -712 -83 -30 -233 -263 -407 599 -251 538 -453 54 -362 -499 -357 -20 590 -243 -215 580 -263 443 250 -189 -17 197 263 292 -487 526 721 107 -124 582 -256 -620 -387 44 -404 -182 173 123 -85 174 -210 30 -140 -164 -366 807 100 554 338 -462 160 -61 -25 73 38 190 399 -377 294 -47 758 -529 486 227] 3856.16
[334 -116 -436 -180 332 -277 23 -90 395 -75 40 -55 -5 65 -385 197 269 -166 155 460 282 213 -172 6 -207 314 -43 276 -130 457 -155 348 362 44 21 -177 439 -137 508 -206 133 714 -690 206 -48 -195 -508 -140 -541 274 292 278 -66 -351 -354 -134 -110 21 100 79 -170 55 404 -499 -93 370 -303 -411 151 -68 93 388 463 -82 -388 6 14 -185 -140 -339 399 44 161 -436 320 -23 -195 191 682 -545 -193 514 459 -233 197 -128 178 49 102 788 -75 531 15 171 192 -114 -89 -280 745 681 215 -444 -510 -537 476 285 757 499 815 537 -710] 3726.06
[87 165 436 -48 -175 157 -183 -464 318 -500 277 76 -453 -5 427 42 459 -641 -8 -126 343 -111 -305 -6 80 402 120 -32 -359 624 38 408 -373 171 594 117 -16 611 192 -29 403 -119 133 288 134 -999 -278 293 34 21 157 19 243 -945 -291 382 239 431 246 -189 265 -207 253 159 -356 -452 504 134 -287 501 -119 -151 408 204 398 436 -147 -100 -176 195 173 63 -218 -560 -191 -142 24 339 142 -147 -196 -259 330 -1 -731 -278 36 -410 229 413 -642 318 36 566 -337 -43 209 -427 -1031 45 342 -730 308 -23 86 -245 283 -49 -129 382 -302] 3753.1
[577 239 -463 -684 131 -273 205 -556 376 -180 -116 -107 220 424 -793 -100 -153 -137 412 -234 -169 529 651 -16 327 -61 -286 -370 -127 552 230 -111 636 -12 -206 610 741 -140 -183 -134 -64 854 -396 454 296 -6 -276 269 -341 13 171 -310 -129 -214 257 -40 170 346 82 -106 -262 -477 588 -203 -98 357 -44 -167 364 -334 -52 -319 426 -82 885 235 372 50 600 729 -159 362 -11 -598 -171 -23 -833 -407 133 374 589 423 -127 -98 -438 35 629 -201 -318 -217 135 245 517 -175 -520 -280 -74 480 16 629 -229 -735 -945 101 28 277 -277 213 210 122 7] 4106.61
[105 -634 240 228 807 -109 74 17 105 397 -257 410 6 115 84 -435 -113 429 -383 -321 -325 232 610 669 398 -392 654 -362 66 -112 71 331 94 574 -92 -114 180 115 173 -197 -617 -215 -255 111 260 163 942 -104 -16 -520 61 -274 -217 -374 277 -75 105 -223 47 72 209 -243 323 223 -8 -178 -277 -91 511 -35 225 194 12 -910 431 75 -72 -305 651 -108 -275 -377 265 46 -102 85 460 -235 -481 -252 321 -355 -495 95 111 346 318 8 -547 -301 245 -338 237 -300 567 332 -193 86 -113 -206 -231 153 -744 -98 -337 148 -801 -575 75 -581 -296] 3764.69
[-263 -389 862 56 -834 -340 -53 421 320 -288 -312 -131 -142 -455 617 -94 -569 89 -100 0 472 -570 -307 259 -125 -15 162 -198 273 256 169 3 -317 339 570 -42 -687 8 174 247 89 -529 177 87 214 -404 -36 207 994 39 -99 912 130 -293 -144 -280 -411 70 -320 -449 320 -145 58 391 -255 -410 541 8 -601 291 -105 224 488 -460 10 537 36 299 102 772 356 -313 -753 799 446 519 -67 -37 -618 361 -380 33 97 543 -155 42 -10 -60 -397 -253 119 -623 -722 484 17 429 -551 -499 -502 -174 115 828 807 283 -63 137 -8 283 798 174 583] 4353.55
[-826 -61 654 519 -528 -195 -32 279 258 -291 287 -216 -233 -372 505 -160 -587 -409 681 -63 319 598 -376 66 -278 996 8 406 -414 270 -433 158 -465 191 -320 71 -235 -40 158 425 39 352 573 552 147 164 -445 188 414 -648 207 398 784 -98 -562 -93 -625 363 28 -155 466 -446 296 -630 -267 -219 299 681 -689 588 80 -168 603 -286 -266 677 -252 -177 -8 244 838 -895 166 851 -35 -55 335 -213 -543 -778 -458 15 111 -282 -110 -308 -218 -33 386 -103 190 -917 245 823 156 -289 116 -217 -509 -71 332 -195 -271 935 797 337 111 1304 56 408 201] 4802.57
[570 22 -389 -397 100 -27 408 -451 -674 108 736 621 85 -22 -27 -506 314 -130 -140 16 -244 -370 -31 -402 88 -428 77 -128 -23 342 -207 50 552 184 568 -176 -81 -73 -623 -203 270 -134 -165 29 -257 -202 39 49 -856 454 -394 -430 191 -24 491 -45 140 533 -526 255 -74 -127 -330 567 -71 215 355 -336 102 -357 152 30 -471 220 438 57 -247 472 -802 -425 -582 -66 590 -825 -556 47 -263 -191 470 141 7 15 226 97 -352 -210 -296 146 834 -46 -391 821 75 -439 -308 38 -39 469 -39 428 -557 -731 119 103 173 56 2 -219 -374 75 -189] 3913.06
[-84 -803 298 114 216 -336 -38 366 -241 -4 -223 253 364 30 250 131 0 -86 237 -264 0 -592 76 294 263 900 -101 513 -369 -218 -210 506 -91 -622 600 -557 190 -25 429 284 -53 -451 278 -218 30 -19 91 -48 440 421 -30 53 556 -141 215 -128 -346 551 -30 -52 818 -204 -846 646 169 68 -182 -294 304 -1 -386 174 -103 -564 -74 275 -71 134 -237 196 428 -461 579 -628 -806 -581 731 -128 69 -293 294 -133 459 -10 -1 -366 16 172 72 484 -450 -311 248 -480 -426 -175 14 -556 89 -200 -117 -673 -68 384 155 599 -43 161 -149 101 -576] 3920.48
[-655 292 -148 776 498 639 -25 275 -694 343 347 -265 -561 268 560 603 221 357 40 492 538 -139 345 681 -175 392 607 -392 211 -377 70 -204 -202 -38 129 -87 -136 -224 -4 231 172 -466 224 -317 178 279 473 -336 -139 100 2 -210 390 226 106 15 166 -318 -230 -239 -176 154 -915 465 658 -151 -430 719 287 -258 124 229 111 529 -477 -244 -65 -670 -448 -805 -331 116 167 11 233 -278 1365 -30 -291 35 -212 -373 -115 -32 607 513 -656 504 -18 -54 91 76 -564 293 197 722 -188 -12 -173 -842 580 20 139 -1121 173 -320 -7 -754 -371 25 69] 4456.17
[361 635 88 238 -533 187 -520 -710 -449 -213 490 -727 -275 -447 -201 -273 328 99 -288 -304 85 -292 441 -361 199 -220 646 998 454 -22 90 -150 317 204 748 193 -39 39 -32 94 663 73 330 -147 -253 1009 181 -920 -228 -659 380 -653 929 119 109 -326 874 -618 -667 -518 367 -177 158 492 123 543 376 428 -452 15 58 -271 431 466 -598 12 -711 -11 318 83 210 302 -279 258 426 685 -170 217 272 151 -813 174 -561 692 -137 98 329 210 411 31 -96 -41 -378 572 60 -386 -396 -534 331 -604 252 -592 692 -399 444 16 444 335 -38 211 195] 4647.62
[-148 200 322 -85 -54 90 283 357 -388 -636 178 -21 -251 -199 -390 0 101 17 184 526 880 586 644 292 -145 39 2 -766 -83 -708 172 -173 524 -223 440 281 -349 -439 -66 101 -27 112 154 117 184 238 -189 89 426 -432 471 527 251 233 390 100 -143 -18 560 -371 -105 280 -848 119 -151 312 375 128 273 -231 515 -157 81 157 100 432 234 -288 -709 -366 -37 -110 -655 94 109 -582 -79 -444 -432 326 -176 -136 -132 -323 -200 297 -800 -270 -188 87 -332 -667 12 -442 219 279 309 47 -200 176 -423 440 -317 500 -367 -27 147 -476 181 -505 -184] 3798.09
[-304 -336 725 573 -133 -316 -226 189 253 329 -439 261 -385 107 456 -27 -275 -239 460 28 515 -359 355 1020 85 213 -78 947 -39 -216 -390 23 660 -160 514 -669 -120 169 505 121 -23 218 -37 -222 160 273 392 -206 517 126 262 698 416 -109 -232 -339 -526 -64 -194 -602 761 0 144 -306 -111 -273 -113 -9 394 59 152 -157 899 -633 -203 624 -208 -626 124 264 263 -638 306 -75 126 734 761 -110 527 42 -240 565 -431 -165 184 -568 374 -217 -217 -507 -304 -530 256 101 -39 145 -707 0 -219 95 30 -218 -350 20 625 840 -399 254 328 506 -305] 4295.92
[-21 -226 258 -248 -308 -231 504 548 -170 348 197 388 316 -220 675 -195 173 139 -154 170 -657 235 103 -330 407 388 -360 659 -334 701 -421 691 289 -482 142 -16 53 -367 215 70 110 -115 -386 512 -526 563 233 -31 119 252 28 -272 -342 163 -266 -390 118 -185 -78 521 14 -434 -785 452 113 221 -451 -448 901 239 -556 72 475 -200 -135 208 -553 646 250 354 593 -258 476 -72 -771 -35 -378 -808 -416 -856 -272 -584 237 288 -219 -155 -124 358 15 410 -163 -518 633 -480 -152 -672 239 -993 642 345 23 -167 -230 514 -57 520 264 470 -155 414 -196] 4366.24
[143 -412 88 -17 103 117 -83 -58 391 107 148 353 240 318 -612 -45 -107 63 -102 520 74 218 590 -39 -5 158 -345 -674 145 -607 -62 239 694 -275 380 -86 6 203 684 -9 -353 -10 -445 152 193 19 -151 388 -158 -191 262 202 -458 -276 -103 -366 -799 21 299 -422 -520 501 -77 -343 -329 -379 -194 40 -345 414 219 -137 85 -511 302 113 -117 85 -592 -108 40 -433 -398 47 28 333 -25 418 239 -172 125 -102 83 -315 160 140 -432 -417 -315 175 -73 91 145 -649 384 -4 75 -219 -7 677 -735 744 -21 -13 -424 -558 537 -751 454 238 -263] 3665.25
[-26 -1049 -246 222 98 136 446 196 166 498 -133 482 9 577 -196 438 124 514 -23 272 -12 -772 182 66 -184 49 -430 -715 113 -714 89 704 -47 -202 65 -871 153 116 278 -79 -775 -1305 -269 -333 101 -146 405 -286 -320 850 32 -92 -1072 -177 -321 122 -91 150 -134 -110 422 370 -497 971 577 126 -243 -605 -61 331 -373 174 -209 -634 -103 221 -500 538 -319 -626 166 800 -170 258 -349 116 1089 -148 -238 -328 88 -231 854 224 91 560 214 -750 -510 -18 -96 80 -317 -294 114 192 -29 -260 29 -389 -7 530 831 -355 -1025 203 449 -742 242 408 485] 4844.73
[-437 -299 238 58 -462 7 -359 606 43 -122 170 -495 502 104 -167 386 -315 133 251 -535 90 -147 504 269 131 39 202 -337 162 -449 242 561 549 -567 316 -31 124 249 302 174 -188 -457 91 -313 123 726 -24 91 215 47 543 243 885 -40 639 775 16 -91 -179 -354 -166 48 -590 -123 234 -85 9 63 -219 239 -67 -588 632 -320 -100 758 -927 -291 -142 292 69 23 90 43 40 -90 478 -352 -599 153 167 -514 496 140 -229 338 1 -283 -320 210 -329 -690 553 -314 389 263 195 -275 -749 -113 -34 119 816 -170 -245 101 49 -329 -78 389 -183] 3911.79
[500 324 76 -123 244 -66 -296 -550 436 512 -68 240 112 275 542 -431 -369 -217 525 -43 -420 156 -58 -120 -280 486 283 514 -32 -57 183 -406 -431 23 -258 -24 485 99 29 -57 366 31 -114 462 410 -1248 478 -453 182 94 -1075 162 -106 194 203 -257 -770 276 -831 -279 700 -251 485 391 13 -485 -51 351 -552 22 448 -94 -121 58 557 -662 -11 178 45 -44 -127 -242 24 519 -165 851 209 -25 232 321 167 96 -400 -224 373 460 390 166 -135 -336 176 -7 -651 573 -404 100 -74 -504 -138 -679 185 102 703 466 108 258 229 107 489 -455 581] 4182.88
[-144 -178 45 -252 -311 -701 241 26 379 -629 -202 -57 534 -263 -223 -50 173 -813 406 56 -277 707 -256 480 -464 318 2 753 441 657 -326 399 642 -299 -754 -89 365 -155 541 645 214 -78 -18 -110 -110 -498 268 -50 43 399 -314 -306 36 -293 -142 507 406 -83 -52 -425 900 -468 173 -260 -288 -590 -57 -168 -373 160 468 -155 573 -257 374 724 -63 -17 -521 -507 272 62 685 -171 -378 -377 325 -1077 -525 -493 -343 -354 548 184 -616 551 235 -359 -295 177 -770 -89 892 -235 236 62 407 4 -737 260 285 -113 245 359 -339 1075 -66 148 -66 -164 -319] 4524.72
[-416 -245 212 655 -354 -306 -188 509 -534 -184 493 6 145 -209 -264 -52 343 23 -1032 425 24 -84 -656 -252 -350 -215 -198 387 584 -369 -551 525 76 -486 701 -621 -134 72 988 400 58 -376 -493 -64 -86 439 -242 -367 166 -21 498 175 202 168 -358 -270 -427 -661 287 -778 -548 627 273 -699 -101 84 -383 -1020 -917 278 -351 -260 405 45 -395 234 -614 11 -611 -245 406 -384 238 -187 552 -135 450 349 119 -507 18 -417 578 412 66 36 -669 140 -309 521 -391 -176 220 -476 1147 489 -88 -848 -423 53 -98 168 633 189 -34 94 351 -194 197 320 -1198] 4784.05
[-492 719 32 53 230 -54 -513 316 -467 293 143 -233 143 -96 105 -246 666 -491 -421 -490 -551 250 -831 -388 -142 -233 -570 461 99 208 -263 51 -348 217 31 171 -122 220 -305 41 20 -453 -44 -445 369 -1 -294 -321 -373 68 40 -194 226 721 246 40 -343 -55 -411 -545 56 -175 844 -585 -30 9 352 -597 -517 215 127 -298 183 159 271 11 -601 -316 493 63 204 -552 698 282 -362 -55 379 47 146 403 -266 -26 161 -168 7 -313 -27 -19 145 -203 -349 139 620 299 303 -63 -782 606 -257 189 -100 -479 441 -168 -64 83 -432 298 -842 489 -296] 3907.08
[-33 -656 336 -28 -325 -81 271 -84 211 -208 27 97 -452 262 620 300 -212 143 -165 260 -216 -389 -40 280 194 741 -4 105 -194 249 138 486 -959 182 188 -358 -528 665 799 -233 87 -301 466 -114 -290 -746 -67 979 486 -51 -171 -31 -814 -95 -1311 -32 417 437 291 37 -39 -192 175 -117 -523 -133 66 12 406 899 -381 884 -24 550 163 342 429 629 199 -175 106 -252 -492 -586 86 206 103 47 130 -678 153 -252 9 167 53 -423 -25 70 573 665 382 563 -438 45 -116 258 -71 -482 -262 -180 545 -108 -724 143 96 -642 -126 -274 4 -324 639] 4375.83
[-234 181 493 20 57 -642 410 562 -321 86 -277 263 122 -161 -100 -345 -836 375 1000 -76 372 -326 -388 -58 338 303 -152 645 -246 -784 -184 -422 151 -271 -336 123 -136 -194 -82 345 -656 332 105 -138 -70 789 -165 264 606 -333 612 440 -65 1323 331 -90 -569 449 240 114 171 -147 55 -472 84 821 352 -231 17 598 282 666 -5 -152 102 97 -11 107 369 -252 584 -372 -39 628 -382 132 164 -463 335 -10 -68 402 -260 -473 692 -805 -283 -498 530 -93 577 -538 297 -176 462 -536 8 645 478 227 -258 459 -975 982 219 563 -860 -308 -96 -715 -36] 4729.11
[459 336 522 -948 703 565 1283 -165 -664 251 1 446 -669 -353 268 -511 631 462 240 -191 -208 95 -196 -806 655 -907 -192 439 302 -710 1023 219 70 231 440 396 -193 690 -1337 -631 10 188 -710 -523 -248 813 337 -173 -92 -675 391 -13 -662 545 299 252 -83 -278 -226 120 577 292 88 354 33 578 -178 -726 393 681 -44 -408 152 1044 365 169 -624 111 441 -244 -670 516 101 137 -387 -56 237 -100 367 203 -144 -212 -461 -176 345 -893 -232 -321 506 -206 270 407 77 -105 432 -441 -225 704 75 -78 -353 285 526 482 -200 -190 198 -464 -341 -703 -32] 5146.09
[-233 678 -63 157 458 -184 189 -411 390 -40 120 -150 -481 233 452 199 -257 -72 477 -71 134 -465 -207 -264 -461 483 -139 228 55 124 -282 -997 -360 -137 -186 264 53 268 -300 -263 129 480 718 633 -756 -379 50 16 -152 9 -692 241 -467 683 236 -257 -131 267 -43 182 216 -254 -233 -27 247 -324 364 305 -517 -294 -47 510 44 967 85 40 169 -133 -211 -94 -381 13 308 248 -327 -239 -321 -93 121 141 -39 163 -180 241 -238 -184 -353 -131 242 -579 407 41 -603 602 -294 -54 -271 625 449 475 466 -269 -428 418 -71 -50 -767 -210 121 -87 124] 3821.37
[-180 -149 331 -133 -93 620 -2 528 -270 172 -54 -57 -535 369 240 -139 108 -594 39 201 25 273 115 -165 546 475 -419 -203 377 544 197 -185 -808 -340 -448 -16 397 369 -28 115 461 397 -260 -425 -44 -523 -413 676 619 684 265 432 -183 414 -345 6 -885 610 71 -22 -348 -78 17 26 -291 -919 35 53 148 -300 -156 -617 -157 220 753 -212 -616 182 -56 7 149 -388 123 52 -423 -622 425 134 429 372 366 -84 689 -515 251 -80 -808 441 376 66 498 220 291 -613 -263 582 81 36 -482 468 -165 152 5 48 323 -110 203 -78 -379 -439 218] 4092.76
[-496 -232 76 -34 -316 297 -66 189 -151 497 185 495 -533 491 -64 717 45 -147 710 545 277 -783 -260 248 23 -217 143 -92 354 -145 -353 -326 777 514 -897 -472 363 -284 -423 -62 209 -27 -225 -1039 -162 276 -136 441 -631 217 580 -284 -555 237 -792 69 -264 -437 141 39 272 317 -55 354 -312 -350 -398 248 71 143 365 -479 -438 -102 -83 -349 -487 -135 -1075 -576 -421 66 788 795 -13 260 -149 -154 246 -185 -322 -333 379 251 -9 13 87 -244 372 -1014 655 131 164 -271 -352 401 278 325 18 -142 -190 202 964 -934 -134 -202 433 534 152 -286 710] 4549.95
[-744 759 666 448 50 359 -398 -161 -613 80 599 -45 -136 567 -110 425 345 -649 361 375 73 -339 724 637 615 348 -275 -438 168 -119 211 -455 -77 -46 38 125 70 887 61 241 779 509 332 -806 88 -194 -449 350 -419 15 448 540 111 -125 -861 -127 -405 624 505 -535 -504 -123 -40 67 -374 -167 226 1141 -5 524 -55 -491 -433 812 949 -103 -32 -346 -758 -487 -397 214 225 -334 -95 -412 1110 254 344 572 146 -486 358 -100 72 -282 -422 -129 128 -364 45 238 140 -554 -157 18 233 87 -899 342 -184 -241 -148 -375 8 -412 -207 -527 168 -333 321] 4712.67
[-170 -247 220 870 -341 -214 -121 -345 -246 -792 16 -458 18 -843 -395 550 -185 108 -13 497 402 -460 -196 -283 582 1139 324 471 33 823 -148 -216 -24 360 -703 -262 820 -1073 517 549 -315 195 548 81 160 1242 -463 -499 604 -433 450 -172 396 -565 -622 -1273 215 -179 506 -173 -474 73 242 552 30 371 -940 485 -312 226 -853 -17 -575 -455 -628 -218 345 284 -19 568 337 218 227 676 911 -80 103 133 -545 -160 -386 107 179 611 -233 73 327 50 -101 -299 326 -9 106 22 156 -633 421 -657 606 272 20 -83 -737 69 206 364 607 548 259 426 -26] 5109.59
[-70 579 -504 -395 -217 -432 -36 -266 -6 -363 -109 447 -684 839 145 -33 162 617 -626 514 292 -293 -395 -547 177 709 -503 -264 -622 -101 -325 -261 6 -379 1067 -557 -168 -712 116 -139 37 -324 281 -400 429 45 -432 -78 322 432 136 124 611 309 -308 -541 -969 357 -333 -603 -471 -16 -560 -58 -46 688 211 -107 88 572 -579 -86 138 441 -117 460 351 451 454 314 67 -493 -768 -683 -604 94 -93 -886 165 159 -351 529 166 -856 164 -24 82 -263 -345 112 277 402 -21 9 -881 -287 20 -78 266 117 219 -396 76 1 754 -677 -369 -143 133 448 -138] 4569.02
[103 185 -936 696 197 -289 -105 187 138 -742 -259 362 411 15 -804 -553 -499 364 -255 -233 -615 98 172 -139 -308 143 -692 583 335 -365 359 -318 -578 -361 -624 718 401 -701 -450 681 -429 -168 70 221 204 -274 36 -341 -290 -71 -566 -598 -630 -275 268 71 -431 259 226 535 140 -176 -77 -249 749 901 -83 412 -406 177 232 -158 111 284 -479 -264 -79 554 429 -303 79 987 -683 -159 161 -325 526 -256 -242 99 -69 232 -376 -1348 731 94 105 -230 -278 -366 291 490 393 769 613 -462 752 382 214 -629 236 573 -182 744 -371 -377 -182 -189 -464 -257 115] 4806.75
[-89 522 59 -415 -77 680 -116 -334 -329 48 -125 168 -480 -486 890 239 233 -149 81 -46 -489 420 -680 -272 -73 411 -397 525 -334 611 84 -8 -450 -451 -714 324 633 61 -560 510 -240 -1054 113 153 50 -55 72 -392 1204 -469 -616 -834 -520 859 163 -68 69 -575 -413 167 -46 38 0 -398 302 -429 -790 -467 1210 129 -720 -140 156 534 97 406 -27 -248 1304 715 -545 49 248 525 -603 378 286 -600 -718 249 174 77 -576 -135 -363 -361 -357 -128 380 -193 105 -460 888 -53 36 470 20 271 -596 -181 766 -190 0 336 -135 513 170 497 -1512 298 -509] 5211.42
[488 660 -561 34 432 632 -407 -1046 383 129 193 -257 -459 274 -614 321 467 -446 -26 430 -24 1265 239 162 322 218 -82 -319 63 -205 -417 524 1009 -383 -366 336 342 364 565 71 14 387 63 -744 -197 -148 353 -772 -920 -327 -40 -504 -215 -102 -636 313 1024 -397 28 -163 -832 -56 -219 -190 -244 25 -202 615 640 125 527 458 -312 -24 138 -928 -9 -343 310 -808 380 835 -658 177 -71 676 904 635 657 -433 -200 177 81 76 -154 474 468 -840 -242 697 -409 -72 -150 -745 211 -448 -113 -134 756 296 -123 -59 -335 -690 -197 129 396 -1119 -518 531 -459] 5227.49
[809 -65 125 -752 -481 -872 -446 -198 177 -652 48 -156 369 -437 -209 -45 550 -758 77 218 293 -41 394 1119 59 -141 934 -170 -140 1068 593 393 430 483 -34 166 285 421 562 163 420 -61 -887 -588 334 -593 -128 62 10 613 -382 318 293 -640 -361 182 686 362 -447 -251 467 -756 440 671 -142 268 641 237 354 101 789 -115 630 3 501 66 -218 -22 -433 -323 -282 176 277 -1275 -288 200 -223 -330 -286 295 -637 169 475 195 -1043 713 21 -176 383 487 -775 -45 23 -100 8 854 -256 -458 -65 -37 345 -582 298 -410 -301 747 904 246 1189 -994 -192] 5325.76
[-254 139 -9 -67 -617 -202 164 331 -234 -110 292 -580 72 -268 -217 214 304 98 -409 -73 -490 -447 -447 -882 820 478 -305 238 -203 702 -91 -459 -1353 -172 -84 12 -319 159 113 661 353 -453 335 -21 351 -735 -176 154 488 813 -78 276 -165 -25 140 -64 408 786 -392 -669 -221 -441 196 473 -366 -536 -26 -328 -659 55 -115 266 -243 363 481 124 578 795 -51 492 139 139 -45 -40 -598 117 615 209 -257 165 687 -736 977 163 182 -79 460 634 240 761 228 891 -287 -111 -36 -966 -393 -220 -760 370 15 -257 75 13 -274 -122 -784 -945 -403 360 484] 4819.73
[79 235 614 594 -616 253 193 -12 114 -279 486 -679 68 -299 -24 -81 -336 -224 91 -301 105 858 -281 -146 -162 184 325 369 -82 -307 -461 278 -356 187 -469 103 -304 641 264 479 260 637 215 -45 -733 775 280 -404 -193 -1300 -107 576 374 795 -853 452 1213 -726 140 -534 122 284 623 -738 -1009 194 323 -40 -332 251 509 37 -70 64 -71 -100 276 -806 -291 -896 430 -444 -8 789 817 81 331 13 -321 -593 603 -162 -228 899 124 159 231 78 216 87 220 -1255 -484 -236 1316 389 369 -310 170 -253 224 -60 -235 965 -61 444 -147 587 316 -603 752] 5272.88
[-73 -471 292 -225 -57 320 -487 -93 -104 -539 126 -58 -432 -218 -154 -279 -91 -248 38 -618 -36 395 355 176 340 -779 212 481 971 -424 210 549 264 479 -608 292 356 125 -419 242 -164 -315 408 -1285 -635 791 564 -202 221 -617 610 -338 533 158 -140 744 50 -700 41 -222 780 -1041 310 -90 400 364 -15 576 26 -191 335 -573 -262 -430 -605 585 -883 192 647 -176 -90 9 -81 926 -7 214 363 -863 -644 -123 -577 -334 -87 750 -425 -487 109 -446 -350 -876 575 -1149 780 -253 -95 -244 221 32 -434 -1299 -181 338 -91 331 -360 1188 517 638 -432 -1102 872] 5500.15
[266 1023 -779 37 199 -359 -147 -830 -358 -245 523 13 -676 -338 -553 -647 349 -27 -755 656 -503 802 -618 74 -287 -636 -199 -278 -303 -1283 52 -201 -613 -41 310 416 342 386 -42 -82 212 25 143 -223 256 -198 226 -162 -414 -549 21 -1081 108 147 -148 505 41 244 918 -538 -869 -528 116 -146 146 981 211 -45 -946 72 176 -227 35 643 623 -331 -147 -169 360 -50 408 87 -738 -304 224 -312 655 -645 -155 -57 338 98 19 289 -583 427 -25 12 -825 165 227 -469 -625 168 -639 201 34 84 -645 -634 -361 525 221 -333 -214 -475 32 -568 174 -1001 388] 5027.13
[90 -229 26 -79 717 -265 641 -663 122 -691 384 -51 -537 -235 -174 149 655 -75 10 519 -145 645 134 395 -109 168 176 154 768 602 326 936 1502 -22 -15 -193 624 -262 201 -69 -468 177 -701 -128 331 -46 488 -533 -412 -26 -765 209 -167 -320 -587 -396 44 -496 -313 -818 516 -402 721 526 534 460 -730 -172 -23 361 -58 -289 1633 674 577 597 -562 598 -480 -591 -225 397 669 -636 30 571 438 218 -140 -372 -922 -128 468 140 -612 12 135 -928 -952 -458 -112 398 151 343 496 336 -426 144 155 -40 482 -903 -92 826 -540 800 521 -750 195 689 -723] 5548.22
[-407 -613 -225 -931 -209 436 -242 -213 260 741 367 48 500 390 -291 778 52 78 605 315 346 421 283 -133 -276 -361 -78 -423 69 -754 -296 -617 565 -1302 -895 -256 67 395 332 376 -192 -344 206 304 -104 557 72 652 722 96 314 20 -99 1175 1231 -30 297 -174 8 357 -676 435 -593 -201 -21 -466 -560 452 160 99 170 514 -708 -62 -16 -147 268 97 -339 -74 0 -363 -68 73 -600 676 -774 -144 -137 -162 13 64 484 46 -178 399 -917 -410 59 110 479 187 548 -988 -571 -526 31 -31 44 -578 84 582 649 67 -88 -541 704 -985 -418 -1098 -115] 5136.54
[74 -1188 -10 -579 361 -263 -364 561 -204 -713 -348 52 -335 -624 8 1061 51 119 -173 988 295 226 -608 435 127 512 -32 150 -87 209 11 755 113 345 213 343 -264 -835 427 -106 282 170 -35 -1091 64 -430 -632 -283 74 -587 406 340 -385 -445 -503 -110 148 -484 274 310 331 114 -428 25 -716 581 -125 -67 743 -4 741 810 -825 -284 -732 -84 679 102 112 -15 -56 453 -189 619 329 -187 -423 -106 -22 -167 -866 317 182 -425 -198 -272 188 172 252 1059 -236 107 271 -553 167 -385 -637 -737 824 -354 111 -54 -99 -565 288 -81 489 804 23 237 -910] 4995.44
[-843 28 736 -144 -450 -21 -853 -14 -309 590 -161 2 -166 -37 -337 -264 -427 -271 418 -170 -19 861 487 494 -281 -738 942 -375 308 -90 454 -604 159 371 -610 385 7 -454 -389 594 -429 -149 318 -78 965 248 164 285 62 -204 389 707 769 109 373 389 -796 234 275 468 -60 -255 417 -140 430 -209 447 960 -509 56 360 -790 -39 -375 -52 -95 -646 232 320 67 266 -415 -510 457 -926 246 -196 418 -240 459 -655 -127 63 -796 316 386 -852 138 -162 -776 400 -587 308 665 -3 -29 288 600 -665 -749 -22 584 121 -15 75 316 131 -159 -345 -678 -280] 4909.34
[-423 248 788 266 -100 507 6 -983 -381 497 334 0 -734 -116 346 -558 123 -176 -1142 102 -373 570 143 -296 -13 -783 -9 -443 889 1135 54 -415 -267 33 285 365 3 101 185 138 -379 257 172 388 -286 -177 101 332 339 -220 184 -474 -60 -313 -601 -391 299 -584 628 458 -898 128 334 -775 2 -1033 -105 613 -229 -411 -1010 -692 -25 493 643 -115 131 204 822 1121 255 186 -583 106 -257 -407 -428 1106 298 464 13 43 -380 175 -215 -732 -804 150 -466 -611 411 -201 156 -292 -553 31 -62 105 -952 -147 40 -426 -404 -299 372 271 -401 -98 -796 11 -716] 5197.04
[-94 849 -130 887 869 -574 672 -326 -586 3 232 436 -330 -71 780 -166 -190 540 -239 697 210 -643 335 345 154 2 257 370 358 506 -218 550 985 -151 856 -136 484 284 237 -382 -690 -169 -334 -371 -869 424 164 -355 -864 88 343 -414 -470 -419 -954 -27 125 -292 74 -92 -162 172 -243 -618 1133 637 -538 -895 1030 170 -427 705 1411 950 -177 380 -526 327 -210 -616 -8 364 116 -286 428 66 1021 226 422 -796 211 -508 -665 -332 634 -697 154 -454 -258 225 -362 73 5 72 653 84 292 -332 329 44 -107 -1253 -815 -351 -337 428 -319 -610 -123 1053 -600] 5695.48
[-148 -108 101 -544 66 -246 192 -651 -113 -705 -150 -486 287 -249 89 -316 16 427 288 794 -354 411 -34 -37 -1 433 -43 -41 498 -95 121 -537 147 -45 154 583 112 -168 302 421 231 445 215 129 -107 206 46 25 332 -205 -221 -290 622 -208 225 -868 -331 532 168 -533 39 -770 -247 847 347 -102 -145 1727 -1270 594 -471 -193 -265 540 747 -183 93 383 -357 407 19 258 9 -236 47 169 7 -620 -6 191 -675 -300 314 392 -138 -6 -222 353 77 -47 128 482 -207 444 -827 -503 -412 -345 -443 -457 363 388 793 66 441 -975 258 -467 -201 -535 302] 4659.52
[-202 25 -735 72 -887 -678 -107 739 436 -282 -10 -263 160 70 -522 -596 181 304 -222 -611 -125 166 -517 -112 382 -632 -538 -479 562 920 -926 220 164 133 -365 232 -32 178 -262 106 -226 23 -230 688 -651 528 -324 -262 -110 193 826 73 369 189 126 -246 9 329 -120 256 -838 -934 491 144 427 318 933 -683 -288 -373 -521 591 228 -503 283 -170 -815 89 811 1039 1302 -83 85 -358 460 252 -284 -825 -314 -71 387 232 556 630 -163 -13 414 -345 392 -70 424 -686 566 386 319 1 -1020 27 449 752 -226 -68 49 186 489 125 -491 1192 95 -12 -225] 5191.11
[356 217 -9 208 -375 -299 186 449 -85 -267 230 -886 772 -123 423 191 -256 201 581 131 377 -496 207 -129 329 385 499 337 814 -141 427 147 582 -425 278 -585 477 -827 273 -619 477 104 413 -321 173 -16 24 -371 666 545 -448 -55 644 308 504 -577 -99 101 -706 267 341 788 -588 912 196 51 238 89 290 -627 394 183 192 -432 -511 -425 -341 256 -588 -139 5 246 95 844 902 15 -778 40 -328 608 -329 39 68 119 561 542 2 597 -436 -2 13 206 -401 -376 -236 101 618 -839 581 583 -364 395 1360 -285 362 412 619 297 1099 210 502] 4999.02
[-462 203 -589 -6 -14 671 208 -45 -335 -59 231 284 226 690 -228 343 -595 -2 780 12 190 -183 210 -68 -772 614 -242 -401 321 -336 -327 52 -472 -79 -454 682 86 -458 -527 1635 92 127 -145 -64 -1099 383 -413 -154 -587 266 261 -831 -898 693 -501 -340 -241 -359 -29 19 561 90 -170 118 487 205 73 871 -611 379 52 231 -177 -506 -999 -229 43 -436 -456 -1098 -90 939 155 581 -756 -456 -22 329 304 -663 -659 50 391 418 636 262 -1043 222 1097 19 437 19 -335 80 387 242 756 274 185 -741 777 418 358 -276 -48 -123 568 154 -409 -360 779] 5338.41
[476 -97 517 449 514 274 -94 -312 454 466 437 196 703 340 -393 -575 -74 -14 -271 -323 -63 410 -38 -491 -1319 -883 -503 128 -232 -691 -565 -305 528 119 -264 -54 108 66 253 -783 -605 -19 -285 770 357 428 486 241 -716 -1565 534 374 192 217 369 341 149 -722 706 268 -651 909 428 -1797 -236 -260 -340 -211 -342 -335 471 26 -143 92 186 -66 614 -721 -774 -185 39 -1291 -108 464 904 554 -728 80 104 95 1186 -70 -1002 -165 576 -20 -612 -24 -514 -701 -17 -390 192 317 525 289 27 453 25 9 -806 489 64 -695 -133 -987 332 366 -110 88 5] 5721.32
[-743 -541 -314 504 730 -233 794 350 -44 61 -365 538 109 660 176 798 -402 115 456 -227 495 -493 602 1027 -201 1197 89 -427 711 -846 466 13 72 -361 -75 -127 -967 -197 416 -542 -274 -213 439 -112 316 -605 600 143 420 490 -789 312 -120 -349 219 -563 -313 449 -315 632 201 304 -1367 903 244 -712 161 511 366 324 90 469 -637 904 15 -574 468 11 -550 -19 -631 708 56 -737 -39 -800 1078 379 147 335 239 -20 -124 -751 564 977 -740 -219 224 -117 -38 482 -814 -518 294 446 -269 246 693 -237 -237 1057 -233 242 -68 97 -493 -468 475 -324 -550] 5617.03
[189 -171 439 -138 -333 583 977 -290 -80 621 -791 -131 54 849 -108 16 -741 5 -22 -456 865 359 320 -228 515 -366 -266 -535 194 312 -339 -249 -241 -428 -31 261 9 240 243 -161 -177 -160 -45 535 -574 613 539 201 512 124 1050 320 -315 -50 -281 -587 842 293 -94 379 -1174 -270 106 776 348 -606 267 -497 1 -145 -1379 22 164 -67 516 -717 -25 432 648 1073 684 294 -576 519 -227 -354 -611 411 284 108 661 187 -69 1290 -58 128 -140 170 -464 -381 73 -637 -976 -177 -795 -323 -1197 -316 690 -569 -280 287 114 -231 214 287 74 209 -754 70 287] 5348.65
[686 -37 288 -110 -252 136 126 414 -621 -333 -164 -602 212 8 -787 -869 -112 715 216 -1057 -448 268 -261 -1075 169 331 417 -209 78 -21 381 222 -1016 -676 258 -29 667 296 -292 365 -376 242 3 87 -22 444 -433 -136 -2 -51 889 267 727 198 -424 1042 -400 142 147 -530 19 -181 -316 -524 863 377 -286 -299 -863 -905 -409 -709 274 26 -323 169 -1153 491 250 667 723 -71 -357 -777 -10 -873 1021 154 326 35 1293 -128 509 23 739 353 71 566 386 763 514 -879 -6 362 386 678 483 19 -404 -440 -23 -567 651 155 733 337 402 149 -180 545 -112] 5490.96
[176 -113 559 -246 -264 385 -291 -865 -48 -813 538 -29 483 -293 -760 -258 215 -163 421 -28 -579 409 440 -383 -547 198 -660 125 -306 -1171 -564 -392 316 -717 -671 121 -542 229 978 -222 -273 -764 1304 783 597 -390 323 210 -131 -977 81 -446 28 186 681 -315 938 -46 178 250 -577 -250 -507 -606 -744 121 158 160 -63 721 -9 -157 -1017 473 1084 12 989 836 -596 -269 43 -133 -512 169 -314 662 -733 -743 159 -104 364 -533 -533 681 -794 -251 -423 -569 -433 62 -485 66 195 -749 -149 -1094 504 -201 -495 -639 108 275 -292 1058 -664 -622 -107 -9 -1064 -46 11] 5791
[-491 -354 761 240 801 375 394 243 -176 -460 122 -143 45 650 327 -219 -122 603 80 -1 767 164 -65 119 -596 382 210 -847 -122 -500 -346 262 561 514 1151 -435 263 -707 288 -441 -749 -277 321 845 20 -831 -353 -376 829 -233 661 689 -5 235 258 -47 -376 873 442 -808 270 329 35 -247 143 70 73 -96 -709 761 -193 -187 426 -676 517 472 -383 -822 -1206 -502 333 -562 -357 1250 17 -536 -189 74 20 -440 -294 -840 567 22 -252 -113 -155 -584 153 766 -466 -477 -102 515 -160 615 -209 -166 -354 283 -103 -124 657 607 -530 38 -174 -457 118 348 -624] 5257.73
[742 160 710 -293 160 504 455 -252 -1273 -318 3 231 -721 -404 424 204 558 -672 135 844 1225 644 -427 -421 187 -249 403 -311 -207 600 -68 47 -265 62 420 -230 -565 -41 -604 631 863 -476 181 -316 348 60 -390 221 -592 -44 533 216 420 -655 -307 -62 -15 781 69 -114 -25 20 -196 466 -11 663 -154 -1281 1001 -815 -378 -25 -884 -58 -65 -155 562 567 -647 -613 -378 -490 -392 -694 -416 -512 -123 -178 352 -267 340 -104 352 -110 65 417 -1185 430 -92 307 -723 403 90 -522 -176 116 532 -600 100 -54 -27 -741 287 -263 344 334 1206 341 15 223 -611] 5347.53
[-899 714 323 31 -968 -532 -47 583 -614 902 -707 483 341 806 235 274 -188 649 -611 -57 -36 -441 -15 121 -29 124 687 113 174 -954 -146 -691 -71 200 551 -32 -275 -150 519 86 467 -156 -461 -184 345 835 -111 178 -575 447 200 -42 475 107 366 126 -456 -567 462 -1091 -342 443 407 492 -567 -496 298 -48 -26 1237 -265 -314 367 407 -464 381 -739 -283 -2 -59 -274 -606 170 -295 679 -19 287 -269 502 421 64 -805 -214 75 615 913 651 354 157 61 -441 263 -615 -142 840 797 -372 -113 -726 189 -306 625 407 -453 193 -679 -750 -861 152 -264 -216] 5266.38
[-482 420 -568 -204 -67 -638 533 -768 -543 -499 445 -567 -158 -33 -1008 -144 -350 -644 205 -911 -31 -106 467 -527 -150 599 118 546 42 -228 -166 192 232 439 437 56 415 -253 312 -99 334 31 908 -311 -377 -41 -493 676 263 332 629 -840 484 139 328 -66 385 333 197 -590 453 -17 -246 297 -510 -339 -275 -363 -356 344 33 534 581 522 -62 125 349 155 28 -14 -52 464 28 -220 -551 -674 10 423 629 -697 -270 -260 191 839 339 -384 622 147 1192 478 -327 914 -975 -203 -543 -203 328 96 -502 -259 -322 -1182 -1034 587 -79 -25 38 -569 -1053 -647 203] 5188.39
[93 -416 331 274 -41 -3 197 134 417 -501 -86 -196 -56 366 446 76 -517 365 -879 -277 460 635 255 517 -34 -593 977 -227 -623 267 875 313 -1124 740 966 7 -11 -413 -158 -512 456 -16 87 927 1471 -276 164 -228 1007 -311 344 378 821 -983 734 696 487 117 -257 -59 180 -16 505 273 36 0 -102 -348 393 -9 -204 -404 1028 -21 -584 1006 263 -391 1068 359 -678 487 -786 -181 655 -440 -141 -92 -1488 82 466 -602 -486 -404 -456 1052 263 939 -835 325 -264 491 -75 1248 382 367 91 -721 -1372 -833 512 -290 -327 -103 289 -163 -374 -183 301 43 -180] 6018.46
[-514 -129 -607 -480 1059 338 -733 9 193 -221 -26 -331 252 379 190 -17 307 91 -1062 -309 -1118 -9 621 171 1149 -397 328 -568 308 249 423 299 71 179 -11 165 49 201 335 -703 -709 69 -94 -1227 -251 564 438 445 -801 -171 -451 -111 479 345 1041 -338 229 -180 -721 -10 -1110 -571 -317 1 -276 -431 -290 235 387 741 508 146 474 -106 265 -82 -400 -406 363 251 -515 -658 814 -667 -73 91 432 249 -242 314 161 -636 -451 223 -119 -356 149 -6 -588 -423 513 793 -247 -581 402 -10 -483 247 267 454 -344 352 -645 -949 -527 -1742 -734 -1116 -600 -238 -238] 5619.65
[-51 771 -249 155 -380 95 471 -1156 1162 -476 -60 213 -419 -337 -432 -250 845 -55 233 476 947 641 125 3 -652 -52 -483 -528 600 29 -98 -103 1331 -209 335 -172 -19 469 104 539 281 442 -833 454 -482 368 92 -1011 -9 -388 -284 24 146 -691 19 -755 571 -745 80 -509 229 544 773 192 -518 -301 59 -407 -76 714 -870 -578 480 203 461 73 342 -1062 -260 -326 412 305 -6 -201 616 367 177 76 545 -278 -198 377 50 10 -264 23 633 -1093 -86 -286 -433 6 37 -290 820 117 408 -83 651 449 390 -655 587 984 130 674 189 589 1315 -119 -574] 5520.08
[8 1187 -130 -27 -163 956 -601 -173 297 -220 737 -459 -208 -208 775 980 588 81 507 226 1323 830 -839 -778 135 496 -355 234 109 -12 -282 45 -710 399 -331 871 106 -268 -763 45 80 484 -101 -218 357 108 -270 -726 567 102 545 602 1202 319 976 832 135 -273 -753 -754 -577 212 959 -1304 -178 -117 -615 -298 -36 -476 334 262 -435 116 -452 505 790 -1151 265 -513 -104 -420 66 589 1368 474 48 -636 -416 43 737 -179 307 -815 364 204 527 59 -143 196 -16 671 165 260 272 -350 279 24 -597 256 229 52 71 208 418 435 -116 287 895 132 393] 5796.22
[232 -144 525 -179 -145 -160 153 -584 404 -344 410 637 507 140 -48 580 -736 388 275 203 354 68 679 134 388 197 1131 -1151 -387 188 445 142 492 619 797 888 -459 348 -387 384 91 110 -237 565 9 1085 -299 527 -956 -921 -472 480 606 -914 177 -305 -437 361 134 -6 -223 132 540 646 -153 482 492 878 -294 1163 -52 -356 -272 -726 -444 73 -138 -104 -541 -94 -765 -145 413 -759 225 820 -745 464 41 494 -49 -165 -410 -228 -338 27 105 -593 687 -630 -177 -440 316 -157 930 -39 117 -68 166 -381 -159 -843 -65 228 249 -343 999 -315 717 -297 367] 5387.74
[-379 97 -305 -717 -125 -330 -171 113 -492 -322 463 -259 172 533 -138 157 -252 -507 70 -833 -141 -30 -755 -387 142 411 -378 1342 275 433 334 106 -525 -246 -498 -226 427 -386 -532 284 787 554 754 -734 -766 -518 -969 36 896 -170 308 486 -32 1445 55 149 -946 73 -230 -479 711 63 134 -468 -220 84 477 552 -534 270 466 486 101 442 -422 983 -695 -252 602 -134 -203 281 443 559 -893 -587 -333 -357 -402 437 -927 181 434 -385 356 -198 -427 -100 840 304 -122 91 1168 -473 56 -199 -35 597 -497 1102 90 82 129 603 703 497 -124 -118 -392 -512 -294] 5488.05
[206 -1048 -243 224 19 -19 606 -456 135 180 1060 327 -651 -429 498 248 242 -86 -683 562 -228 -500 397 -112 -26 236 397 -169 370 -270 -270 741 -345 172 442 -495 -533 1123 492 -37 399 -731 88 410 -335 -85 555 87 330 138 -453 -690 -388 -286 -256 -838 426 -586 -413 139 697 328 -274 1210 -197 -511 -40 418 -90 403 247 454 -201 -121 -532 -411 -277 323 32 78 -16 285 -400 119 -72 994 888 625 87 -429 -444 -55 137 1090 -140 317 -571 -29 316 280 421 -70 -614 -605 -139 -179 -517 -814 -382 -1172 -298 -135 -193 -231 -249 -492 1408 -604 124 -567 1200] 5391.72
[184 169 370 76 -180 -372 17 -174 -715 -898 309 84 -165 -90 -9 -656 227 -182 218 339 -3 -213 -164 -300 231 -324 -1137 260 -378 349 -156 79 363 -41 -321 -589 731 -710 7 -145 -774 -571 445 -729 212 -168 -747 -478 571 -118 120 73 -887 813 -662 -842 19 527 655 -265 172 -18 169 0 708 969 232 -440 684 -45 -373 -243 -114 513 555 -41 -248 811 -122 235 -254 264 -104 243 -483 268 -57 -810 -305 553 -125 -311 -190 -137 -560 -841 -332 -1047 698 -598 -276 -792 833 -680 -399 -71 423 -74 -21 209 -267 -695 -239 1254 -377 987 136 300 -625 -53 288] 5209.47
[171 173 -95 -527 552 -633 60 -689 -840 676 584 416 15 636 -129 11 -777 468 -364 228 -218 18 -426 -160 441 -319 830 981 123 -121 61 -180 318 -80 319 -320 861 -3 86 -158 492 -182 883 -979 362 868 569 438 -339 -304 -54 -1265 463 -59 -77 415 -21 3 -434 271 -434 400 -480 -619 -347 297 -390 770 87 -163 165 237 -204 98 -693 164 -683 480 860 -210 -832 175 303 -91 -342 -1 654 -692 179 106 -892 393 -312 -271 -22 -626 530 676 -323 -305 152 606 517 -372 -34 -574 -234 461 -360 52 -360 -583 570 -1691 1241 -87 -242 -921 -935 367 -623] 5595.78
[31 406 -1304 25 599 171 -1342 -457 -12 -215 149 369 -435 206 -685 469 589 -299 164 160 308 375 108 -182 -272 403 -1144 -3 -730 -1191 -111 72 -407 -644 -1048 -288 305 -68 -851 261 269 226 233 -289 270 -202 -125 -922 -136 -64 -51 -214 -546 229 366 10 297 -150 -250 529 -235 -317 333 -61 442 1567 129 -1031 1303 -449 -185 -395 -147 288 -190 -578 444 -76 480 -343 -152 241 -40 -209 -532 181 -387 239 95 -392 45 330 302 -403 -709 308 153 63 -934 -94 -314 -233 415 -229 -207 -376 519 127 1234 -523 296 -470 -605 1071 -415 -237 -551 717 110 501 -116] 5491.88
[276 -643 -184 744 -690 328 -694 27 380 -83 575 -620 -112 -510 612 -72 253 350 -34 -954 -776 -1099 188 235 -549 276 661 382 182 515 -56 -49 -764 -20 -425 248 731 1269 128 186 289 -556 378 673 -530 450 295 -951 -604 450 -192 -206 -85 92 555 274 538 -145 -11 -53 967 -585 294 351 427 -477 571 496 -6 297 23 70 168 6 238 328 -499 -181 314 -386 195 173 534 -344 -298 53 999 -789 274 8 490 -61 47 763 -765 304 436 -289 51 191 -503 699 157 -343 111 310 331 -246 -64 -778 904 -620 554 697 -523 586 -864 -20 359 -656 745] 5326.75
[-605 763 -28 -389 592 -70 632 -104 -878 121 203 2 665 -51 -215 -12 653 436 -775 240 29 -336 370 -222 538 -1330 565 -1190 -17 210 313 -105 405 572 626 -180 324 66 -1256 -1 -654 -715 -91 -336 322 -142 -291 -237 -678 -51 -282 -327 285 -635 343 -24 -857 873 -95 312 204 248 -205 780 497 141 230 519 -361 436 -389 -676 19 521 540 -206 222 278 -327 46 -280 241 260 -366 -1063 -797 916 404 -392 1047 -454 -626 339 -530 -53 -653 126 -681 -445 -468 120 -82 -105 -153 34 -409 224 611 -809 730 -1230 -666 48 -350 -719 -770 -242 -892 -222 -386 -72] 5599.88
[-159 645 -190 104 184 510 -954 93 -516 208 221 359 -785 -293 436 -34 611 68 -959 310 381 -514 339 76 1235 327 740 240 69 -192 -632 -331 -561 454 612 455 -177 146 -544 -102 677 517 258 -872 -539 390 524 -357 -87 -203 168 371 1140 -44 -118 173 -408 -394 190 287 -162 -160 122 737 -104 -104 1073 203 510 -675 -180 316 -1520 112 -43 -278 -352 9 21 -1215 198 -684 5 -45 185 -103 229 -293 584 -194 -188 -92 -14 -1045 518 -144 68 579 -22 529 1160 -68 280 -85 -70 -311 212 -472 493 -338 -133 -456 -419 -454 879 -461 -523 -205 -266 -1180 1] 5383
[517 -443 309 196 506 -6 662 392 560 -381 -563 445 -497 -151 411 -209 480 791 530 566 307 -543 -868 -65 -70 -201 -400 375 -41 -668 -1 144 130 -488 -97 -609 518 672 -454 -424 -219 -7 -666 526 -828 -1215 -369 -553 406 -98 -261 268 -1507 319 185 -262 -641 -30 767 538 1295 565 -430 1023 452 -424 149 -1123 589 -220 -68 -238 780 503 -21 -410 -823 -393 -356 -314 -60 514 220 341 -3 -100 55 -65 267 423 64 -209 -1 -265 419 -799 17 -755 487 148 878 -756 -185 17 358 846 320 -513 370 -71 353 0 384 927 -382 325 595 101 638 -144 -89] 5506.74
[400 303 195 -312 364 -708 -110 94 495 -254 -32 309 -210 277 92 -1187 -449 125 -457 -640 -867 211 240 -130 395 528 284 -128 79 1227 695 391 80 709 509 405 29 -380 -145 4 -299 27 -530 393 -124 -567 497 407 -376 -136 -347 490 -373 -609 -221 175 -925 -58 -144 -298 -104 -833 -306 53 -149 -175 650 -40 -597 243 513 -111 702 -463 226 777 -740 231 234 14 -175 -707 -236 -60 -432 -368 -106 -687 -646 227 -384 -250 -61 -289 84 70 -188 455 -202 -267 29 -68 177 953 564 111 -166 -156 -147 982 -169 129 -494 -156 -54 -42 -496 -858 481 168 -310] 4723.1
[107 865 -2 309 -95 73 -630 -620 -556 -34 -356 -256 -227 -277 350 -439 278 -44 -82 365 -356 -475 643 385 883 -295 729 -142 171 339 444 -856 -178 76 199 261 388 396 -158 257 -143 92 127 -1157 -515 637 335 240 -704 -363 -108 -349 153 546 -492 99 65 -38 326 57 -131 -914 25 313 963 216 270 804 619 -154 -107 220 -283 618 241 142 189 478 421 -629 -365 -156 92 -666 -354 -231 463 -13 221 370 147 388 -425 -385 -4 -394 -318 35 321 -483 366 329 80 -245 -415 50 426 356 -75 194 169 -482 -892 -916 75 181 -653 -569 -194 -1208 17] 4714.67
[-46 -737 -1228 -644 216 655 312 -749 270 629 1008 769 -698 324 101 183 574 200 238 655 488 461 719 51 352 109 41 -1464 -1000 -83 480 897 613 -335 -100 -964 -9 155 -54 21 -176 -102 -22 680 316 -1402 -202 183 -235 608 372 110 0 -951 730 315 321 460 -245 545 -706 -4 -707 95 -471 134 -404 -140 1425 28 50 713 -165 -618 257 299 480 -527 187 95 23 273 -964 -759 -688 984 270 146 177 -600 182 246 519 -836 523 50 323 -580 -99 1147 52 538 268 -857 -1059 -559 1146 -365 -857 403 326 -341 -977 -105 125 -160 671 -617 392 374 -391] 6198.98
[780 -471 -171 -659 -231 43 -107 -134 -715 -413 642 136 317 742 -1582 -412 -487 708 -235 138 13 -491 1070 -242 449 -146 206 -62 400 -768 797 -262 634 -192 1187 117 775 -758 94 198 865 794 -556 -678 -60 453 -316 388 -599 -343 384 554 323 528 -55 -330 -30 205 412 -1209 -226 -371 125 326 -337 1432 172 353 -304 -163 274 -145 426 460 267 43 -290 555 -673 85 -472 -82 -375 -648 538 525 -975 -149 687 728 -67 723 -214 435 370 -1082 392 900 261 484 214 144 -266 -772 -377 106 -471 105 672 124 -668 48 84 -545 566 574 835 327 219 260 -87] 5773.28
[563 1214 987 19 1280 85 -525 -1230 -619 -366 -12 715 648 507 -1135 -158 587 -252 1 -413 174 181 205 102 -729 130 -327 -130 -821 -274 367 -330 922 593 627 64 -35 -346 -338 -206 315 -359 639 496 578 -576 -440 -45 -543 -1452 87 -521 -433 -365 -662 -87 2 -8 944 -941 40 463 815 -600 -100 708 393 586 -175 63 -223 138 -583 10 108 205 176 -302 -601 -657 -472 -168 -338 -190 148 -158 -816 339 94 436 -982 -318 -983 -454 -87 52 52 -960 59 196 -1149 26 1018 772 238 54 -26 1120 184 800 -445 -257 73 -283 -497 -343 361 -765 -548 1330 -228] 6100.75
[-528 -324 -263 -514 -1416 -100 -621 246 -842 348 497 14 40 -462 593 747 96 -171 -164 927 -827 -679 423 -508 33 28 -92 727 790 689 -184 12 337 -137 394 -336 -85 -576 261 232 1049 -50 261 -128 167 -134 -460 59 -27 914 -318 304 -289 1329 644 -820 -819 -161 -262 -290 397 80 -25 900 -291 -431 105 -312 -202 -114 -572 333 -505 520 -17 445 -304 1517 166 340 715 -145 259 -385 -176 546 -227 -395 30 1030 -217 -393 761 443 -188 336 -170 802 5 -91 -77 933 -53 -1234 -495 -23 100 -431 -522 593 -518 109 -496 355 -248 120 79 -408 34 -99 1455] 5695.45
[-199 -103 -637 613 97 670 14 917 6 362 211 -78 137 -531 47 -117 -79 -1125 210 -225 -101 106 465 -278 -157 126 -562 -151 -201 -696 173 -214 189 -523 -1259 168 -715 82 -51 -471 -115 85 196 302 -205 319 507 159 203 414 -233 224 378 -89 1040 469 631 142 96 1708 -1019 -305 -1090 227 441 -118 21 -79 440 -714 202 -89 -1243 206 -415 -919 -715 -1 -471 -740 334 132 388 829 342 37 355 168 272 52 83 163 427 -97 -474 645 -496 304 654 -419 -225 -506 12 312 -231 -624 443 -245 617 -421 -261 879 -399 135 -524 -31 786 550 -660 50 251] 5326.26
[502 1180 -251 -87 581 -122 -702 34 171 302 73 -619 -189 -243 -107 -677 548 -124 172 88 -322 -858 81 -364 211 26 -731 1114 -121 385 -66 -828 500 134 -804 -388 100 241 291 -649 82 478 -375 -90 -530 538 340 -754 191 573 -262 188 -316 626 365 -705 115 367 -596 -134 -166 -368 25 -645 336 199 223 -20 143 -294 176 -412 -634 96 660 -417 -759 -489 -497 -416 -132 44 431 371 21 828 -82 -853 727 -24 -327 71 -152 -317 -193 -160 -26 -237 226 -268 -380 119 856 223 171 -475 -580 376 1405 1677 -69 359 1059 -835 145 -66 -7 476 393 -60 -479] 5310.11
[468 589 -51 -98 418 -41 752 -172 -268 -615 433 406 352 421 -273 -758 -790 293 -628 -660 -820 -105 415 -1170 -355 -361 234 -944 -771 815 -343 -238 70 204 322 185 -256 -689 -178 -551 259 -454 41 1182 395 -268 -256 724 -272 113 -995 -646 334 -59 148 -258 -492 494 -639 -387 -468 -641 -251 366 124 -175 -210 524 -740 169 -529 -1331 -26 428 993 -186 282 1056 -543 621 -600 -167 182 156 -608 -121 -654 -149 -759 448 108 -623 -281 440 -465 224 -156 117 -195 85 350 226 -684 487 -794 -64 -10 153 -158 -816 -137 -190 -55 42 -78 -529 163 -28 -712 310 1194] 5513.57
[-181 -523 -22 -132 -723 -613 -288 -277 -25 -67 -105 -566 -326 -723 -94 10 -268 -452 -55 196 -301 -1170 -198 -139 576 -40 39 55 601 823 -62 -456 -333 -75 -352 24 -841 1032 132 -113 184 -62 857 -248 -344 -32 -572 931 433 -115 -667 -324 129 442 -630 -926 -432 805 -334 297 471 -768 580 467 170 -489 1238 -260 -609 -61 -631 695 -187 -53 985 173 104 1971 329 589 1386 -260 147 37 -1080 21 -459 938 -257 -194 409 -95 496 182 -518 -584 -337 -238 -152 354 1025 -213 -86 -361 -681 -468 -796 -204 691 366 -518 -402 227 405 59 -84 -467 708 639 -128 561] 5845.98
[31 952 -493 416 -468 -410 -277 126 54 -314 -487 -763 -408 260 -1159 -16 914 56 -262 -39 -294 766 43 -487 -313 -933 -532 29 58 -393 -602 -961 324 162 -73 -380 209 -978 -8 -706 114 85 255 179 902 786 -651 -423 51 83 261 77 -232 840 -52 352 93 -430 272 -995 -809 739 785 -476 332 499 -380 -592 -284 -152 0 -972 419 303 -608 -183 -79 -329 69 290 323 -227 -384 345 946 16 -230 -51 131 570 -179 423 -250 -140 -21 538 980 -572 -608 -536 132 56 170 615 -505 -206 -625 888 359 258 451 -127 -205 -94 14 271 -290 -106 332 -313 809] 5238.41
[-72 989 -200 236 302 -337 -54 147 104 -298 -427 -371 -206 982 -941 149 119 -65 -267 152 -141 237 533 -473 308 67 -570 244 -59 -555 -380 -732 279 -19 101 -502 153 -626 38 332 -87 397 288 -645 -144 268 -175 -356 -209 155 -375 102 69 664 66 -72 196 304 153 -1164 323 22 -70 -180 -498 1051 382 -389 184 -74 136 -392 -442 406 -129 -346 525 -3 -470 -509 -529 173 -166 -261 -156 -65 -320 -475 628 368 48 402 -253 -1060 765 -58 937 -510 354 -146 -104 42 -5 267 112 -435 230 198 802 513 -177 -588 434 460 -473 -353 -431 -302 -441 -731 -399] 4596.28
[35 550 428 -167 142 -48 -114 -345 -9 100 -404 173 307 -563 -66 -142 217 -125 -103 171 -572 425 409 579 -289 -241 -10 1125 197 -857 -190 -443 -320 -533 93 134 -443 651 487 323 255 17 535 316 -521 -628 832 -529 402 224 -107 459 -83 29 267 -98 -260 -205 4 465 -19 252 144 -514 -10 -327 99 -187 -403 293 -185 86 248 366 259 -228 609 13 144 -871 194 -73 -482 -703 -836 -491 -22 321 932 -455 -484 13 -459 44 662 -453 -772 718 -725 327 -939 -218 -654 -221 443 -732 673 -465 -688 -533 22 856 -307 489 -44 -250 -234 -666 -64 -1240 -1129] 5013.5
[20 159 242 247 80 153 -223 -637 608 -426 -289 110 -989 108 12 -744 152 -881 248 682 -336 816 -22 319 -479 -265 -540 325 -613 -740 -598 162 188 621 370 -58 -789 -367 -64 -582 -3 -401 402 -502 -41 -1216 491 -96 -222 -850 72 -63 -400 -427 -536 96 81 818 314 616 507 -134 -420 201 -611 -477 967 -191 -399 610 1278 -232 97 -245 106 -486 24 -153 -487 -757 645 200 -567 532 -373 610 -86 -162 665 -356 -615 97 -184 -71 -281 -413 -208 -216 274 -677 -585 86 -536 1131 -167 -308 -45 -547 -206 -592 -145 510 755 -390 10 -1239 116 55 -815 56 348] 5343.73
[-138 427 -1062 262 -6 -670 -71 -490 935 -348 -53 266 -360 548 -431 1170 -358 455 519 -72 395 -714 67 524 -69 -120 373 -117 -681 -728 -19 -204 -97 199 -344 -386 913 11 -123 -213 -766 1 0 350 215 -287 303 -380 -207 497 -366 -123 -553 -131 640 349 -106 -70 132 163 375 504 781 -79 284 48 -32 -767 -1175 -287 520 -220 -196 -875 -712 243 706 -606 -320 -352 -651 635 690 -342 -226 -97 -650 -542 -851 93 503 333 133 -17 -329 270 921 -294 -37 -354 152 64 -341 760 14 -475 336 544 -327 -133 245 -779 -420 102 -750 496 -240 -181 1169 -793 592] 5254.09
[-98 -692 -969 122 -884 640 498 406 -623 -160 569 -768 159 273 -200 -696 26 856 -712 97 691 270 -157 -263 -103 -858 -71 -747 300 423 -156 202 -848 -338 620 -207 -113 -327 67 178 425 565 -307 -201 -402 -855 -644 -626 306 810 280 -225 26 224 -366 -68 1195 423 -1021 314 -264 -161 -491 -6 -271 709 540 125 31 -691 -13 264 544 -504 -22 272 -476 -48 139 -603 843 1162 -443 420 301 -413 -266 688 -277 -798 -20 260 724 -267 21 465 450 1445 599 917 302 619 -398 125 517 644 216 -714 124 -216 916 -815 1355 105 1104 -508 -290 785 -26 837 -401] 5980.62
[62 386 -52 265 438 -69 134 -670 -575 -200 65 283 -151 -1121 504 64 147 -219 -85 9 118 -655 -446 36 240 -351 644 2195 186 -521 -61 172 -196 -278 855 -354 319 354 -186 -357 390 204 727 -155 -603 369 113 -858 -69 124 -296 -927 -84 -245 74 -648 -370 -88 -97 14 1011 220 -544 918 -22 661 -583 156 -584 39 68 209 67 78 -1309 15 -1071 113 331 174 74 571 151 289 372 418 254 534 623 -331 -1474 361 -403 432 -334 -138 425 -44 15 126 489 258 -606 628 160 -919 394 -453 520 -133 -77 254 329 146 -104 577 807 -684 211 211 -100] 5447.72
[133 -160 526 66 -767 684 -130 352 -96 -45 200 -361 341 -96 280 655 167 324 356 -395 78 -805 -72 110 1000 232 -176 525 267 226 -147 511 7 -161 689 709 -160 638 626 -280 232 -710 -828 232 -11 487 -61 184 426 157 715 -374 -333 294 -28 39 125 -1020 -279 -942 326 182 1 749 -79 -844 187 85 84 580 69 -504 694 -257 345 380 -988 -346 751 1125 -194 846 402 -215 475 631 -460 -270 -63 574 -367 8 -554 539 -517 57 73 -526 449 32 -453 391 970 -177 560 281 -650 -512 -833 35 488 226 731 -201 387 450 276 -431 -746 666 311] 5187.75
[-159 -600 257 234 -283 428 237 -180 336 -267 -421 194 -431 242 -826 28 30 -55 -187 799 734 90 227 -208 -18 240 -604 -317 1046 -672 204 -411 -89 -304 -170 582 -562 70 362 852 -365 -40 129 -252 -477 -87 -337 -241 339 561 102 -330 -722 -472 -513 4 739 63 -300 -563 -518 -24 -346 -726 -47 -612 180 -526 -664 88 -263 336 -311 512 -172 -166 376 373 -1273 -41 -303 591 -1221 209 320 -72 597 906 404 -711 969 -411 -180 259 -152 -90 -631 -362 479 754 -490 315 -296 -259 633 -108 -591 -545 7 458 -153 1104 485 383 -1299 -282 -137 -309 -387 174 -756] 5256.3
[599 -395 290 269 349 203 -201 -644 -683 -159 921 237 107 -408 -177 226 105 141 215 138 504 -767 270 81 201 -67 671 -628 -479 352 810 161 -456 258 -297 -748 881 44 -109 164 109 -176 -1146 -480 575 252 -53 -410 -768 -575 497 -404 691 -592 -73 887 673 -283 -279 -482 325 -459 504 397 18 1368 -469 397 145 138 127 -39 148 206 267 463 -180 -408 -711 -1038 -515 423 804 -602 543 64 767 185 -547 93 506 10 456 181 -557 343 266 -282 51 -65 -13 223 316 -180 446 802 221 -190 -483 -464 298 -1310 760 -917 618 329 165 -108 681 -187 -430] 5338.37
[-201 435 -99 -423 -109 -411 -275 82 439 -47 -106 30 -330 586 -241 836 -326 654 -50 -350 1174 578 19 -142 -306 631 666 -159 88 -145 -380 -582 200 299 690 1067 158 -1561 -168 -164 -363 498 465 133 236 88 -409 -113 -576 -267 -345 75 183 356 620 65 -107 -497 282 -535 -59 519 -852 -92 -903 209 -719 -404 77 -1161 172 29 -343 160 -841 -707 170 -758 -313 392 -104 -89 -109 -391 221 -988 -858 -301 -323 10 559 -796 141 -260 -220 864 726 343 -847 -346 733 -417 -827 70 300 536 176 -317 1079 -104 166 -950 -300 415 10 373 -1025 -324 1152 -823 -437] 5668.65
[129 -540 179 -319 -479 264 -89 832 1318 -32 711 -316 922 84 27 483 -124 -90 -29 79 -137 490 -622 -22 265 94 -667 695 -134 506 -328 584 -645 -311 -695 316 68 257 440 -261 -543 427 -658 382 -470 -757 -947 140 237 521 322 607 -406 -207 -693 436 396 -166 -397 644 -661 -101 500 -1322 -818 -136 -62 209 34 13 175 43 271 726 -314 -95 -60 -14 -385 250 376 110 317 -291 300 -311 -919 502 118 -622 220 -77 599 -442 69 -1014 -39 226 444 605 834 312 385 431 351 -954 457 -636 114 190 -120 95 229 298 366 -39 892 1376 82 -392 -393] 5334.26
[982 -495 -503 348 -227 -82 -683 -385 900 -544 -575 -270 -348 -502 -840 -293 -596 181 511 -126 -588 -453 381 43 303 -112 478 389 -310 -1069 401 -688 -1399 238 -1247 -223 608 245 204 -584 -642 -722 694 -232 450 -195 432 183 -188 -23 408 -1276 -764 -497 -51 1152 633 165 561 -54 341 -41 177 -469 505 218 279 -72 -742 62 890 139 -128 -406 -590 -306 -300 626 -288 -260 -375 236 -415 566 472 458 -81 -706 -213 -508 590 211 -684 94 -547 309 461 -199 -231 67 -192 422 181 272 -438 -475 309 511 -336 -825 -88 983 827 -315 -253 -638 -611 -610 -107 -541 1328] 5792.93
[194 -758 452 -969 538 66 -635 -319 219 -64 -672 190 803 497 -762 -204 -305 -127 -386 -220 -323 156 249 -447 474 72 501 -1197 -173 769 598 224 276 1075 -249 37 -212 -346 381 -196 -586 -444 -513 -537 1021 -241 -308 165 65 117 -199 494 236 -460 -228 -10 91 430 -54 222 -608 -64 538 81 -384 22 49 -90 255 338 -279 -561 -1518 -777 905 -688 534 445 5 4 -299 -287 -420 -2 -594 -204 335 538 365 435 373 -732 387 -416 -99 135 122 -13 509 612 322 -18 -70 -541 189 60 12 -476 655 -397 -502 -217 -121 -281 -181 212 364 -28 287 -489 -55] 4947.69
[862 94 -1248 -562 186 -359 287 -287 818 -928 -452 768 451 504 -547 -707 -204 -523 -267 -230 122 -351 -1035 89 63 -401 -129 -5 -180 637 209 563 565 253 259 66 599 -312 -355 -109 -569 219 -800 -605 -118 -1090 -14 58 -563 371 -839 -831 301 -587 -143 902 -407 367 348 195 135 13 230 -377 297 653 621 4 -232 -273 356 368 24 -775 312 145 539 -322 253 -144 69 743 -254 -539 614 -702 -478 -83 31 666 244 1073 -501 -284 107 -293 779 -1087 -318 -509 -549 146 8 354 -604 722 905 699 -234 607 40 198 -340 -25 -79 681 86 453 133 -175 -52] 5411.97
[-786 -455 762 -751 -177 60 741 539 -542 142 -310 -209 278 -333 -47 510 280 222 1279 106 930 244 150 343 339 392 126 345 353 325 350 327 -100 -270 -503 438 9 215 455 -441 -1085 -430 -209 -586 -66 691 268 640 395 333 581 -131 -467 717 378 347 348 -229 4 -277 630 159 -262 -53 -104 -493 439 554 -138 176 489 -144 375 -132 136 986 -741 -183 191 -159 324 153 846 142 53 -494 400 -827 -409 382 -665 -133 -240 -14 -282 -344 -11 -475 803 -631 -904 -330 473 -449 731 -82 -1028 1033 -602 -221 -157 -590 -572 226 106 481 -31 -666 -1184 -329 -283] 5297.61
[-315 64 -394 -120 -135 -999 338 818 715 -1088 -814 -334 346 -104 -540 222 -24 -56 -46 47 -486 -555 -664 -208 -481 -304 -295 421 -618 666 -675 -64 -23 -801 -807 -76 647 -416 489 -163 184 129 -79 299 525 12 -19 -129 28 858 183 621 -358 -541 -146 -188 -665 307 1103 164 -164 -361 172 -6 190 117 -682 117 -597 -92 -276 148 588 -93 -391 -543 307 506 338 427 570 218 220 -42 -23 139 191 -355 243 -273 95 -487 1319 234 -532 834 255 -155 -957 652 208 -34 -70 -326 -419 -881 679 264 621 724 350 948 -150 113 -684 -72 -339 -474 863 244 427] 5210.62
[131 212 93 425 -163 -1018 604 683 -262 -139 -496 1215 -255 225 320 296 -683 531 135 425 898 -768 -465 332 220 822 414 1039 -210 -1139 -367 -313 361 131 649 -536 -760 -760 -195 276 -310 96 688 -479 -2 393 804 -114 348 111 -25 121 164 227 -153 95 -203 99 616 10 378 961 -204 161 67 737 242 -629 1110 70 244 686 -323 -24 -1443 558 -353 81 -251 -670 -286 -148 -280 -362 937 -207 587 -426 60 -11 50 -75 -189 -677 396 -40 155 -218 -217 -200 -211 -32 228 -546 349 188 140 241 263 499 -476 516 -417 218 372 859 -944 -510 1033 558 35] 5442.01
[-37 -287 -50 488 735 238 301 258 138 342 -492 122 -428 294 355 -166 -263 -397 133 189 -401 -453 -569 -447 107 519 -33 491 -260 -947 303 343 622 78 -125 -812 -59 368 392 -1080 69 -73 410 2 422 -378 29 -275 34 -227 25 592 -82 -353 -329 469 -728 -69 789 -569 -152 967 45 -130 -390 93 -540 -407 -604 1126 355 -624 -730 267 615 -681 15 530 -465 -526 -2 32 -565 1003 756 504 570 288 672 101 239 -565 -16 98 -130 734 566 -950 -184 -160 -422 -297 -118 -168 -526 -297 978 -238 -556 -1034 -747 524 3 1573 -455 -712 239 -795 -286 390 891] 5497.24
[-173 152 661 -81 -649 -392 458 -344 -215 560 92 -140 -99 -757 -302 -800 495 212 -858 -470 60 -351 236 378 545 -1549 1140 -31 690 534 631 32 338 652 476 -357 -534 819 -947 329 201 -132 480 13 697 1007 102 -154 -201 212 404 342 525 -1137 367 -593 485 -127 -736 692 366 360 -398 789 -483 -85 901 -362 597 133 229 522 1039 -822 -157 225 104 15 780 375 895 69 -913 -656 -404 113 445 1067 -159 221 -603 317 -41 210 717 157 -170 47 -527 -80 450 74 -444 460 705 139 -534 -65 -121 -316 -263 -32 797 -671 472 -207 87 -379 898 -614 -63] 5747.57
[305 -122 437 -261 1362 -537 -118 -203 436 -883 -387 323 -175 -232 -639 -805 85 -397 -308 782 -323 1311 -731 103 -57 -647 -298 702 -658 124 594 352 103 -33 -278 68 895 -201 403 -292 -427 204 -650 -156 766 -556 773 -34 435 -827 614 -69 -677 -268 -144 369 -316 -65 1184 -167 362 -572 928 -637 201 774 -532 167 -189 301 686 37 1178 -29 57 100 -584 -223 853 -105 48 244 -124 -228 -862 112 159 -681 -324 -191 -686 -630 -211 -597 -352 346 -99 -290 -685 -277 -89 -615 1125 350 137 -377 307 108 -340 183 -396 192 -278 208 -352 -170 30 -971 -509 163 -1129] 5617.41
[472 52 669 201 -290 994 -822 -270 385 -190 314 -55 241 454 943 -54 79 79 -584 8 7 11 -821 -983 208 51 883 -302 834 244 -105 -257 -276 376 609 644 677 106 270 -285 434 -567 142 -306 134 -560 159 -41 -526 -395 -75 126 181 171 573 502 570 -217 112 -29 -339 291 -124 352 -424 -1160 65 590 -469 843 455 109 -1038 -406 112 -477 -1133 -415 47 -45 531 -353 -1109 1396 974 110 239 -13 -76 390 -167 -583 -472 328 0 372 551 -116 -23 129 32 564 10 299 61 81 838 -967 -426 -537 -1 748 520 -786 -327 -403 929 -681 106 163 811] 5506.04
[389 -647 468 629 631 441 72 333 285 -1039 247 712 -622 -815 474 -741 203 -8 -534 740 -316 -992 -390 -317 -62 1061 -637 508 709 887 1063 238 -724 77 286 5 -113 -119 247 145 984 -425 -1088 -88 2 -316 1054 -436 -155 -346 -109 433 -360 -551 -950 8 -735 -425 15 -730 663 -753 370 168 387 227 -46 -471 -826 434 -381 -31 95 196 18 546 -645 161 -565 -155 -248 105 184 21 426 -58 1416 -1241 -83 -17 -131 -160 -230 120 -414 -142 -604 256 -461 -8 -455 82 828 106 709 177 -374 -291 -316 372 100 617 189 -416 178 1121 115 350 789 845 -278] 5761.94
[-689 585 -67 211 -257 381 41 209 164 603 -268 -424 -33 -292 217 634 -39 315 777 798 86 -463 608 192 424 -54 413 103 -75 -39 -94 -93 956 -453 -520 -221 -163 216 -378 -188 3 -592 -532 -153 78 -265 -163 -319 584 645 -239 12 -326 -504 -430 -9 105 -52 -731 557 107 401 -50 8 52 -293 -198 -393 950 97 70 -255 829 42 -320 -439 -565 -39 -517 -314 56 293 -195 577 -108 1105 -214 1253 389 -1239 -46 -116 521 -813 543 -92 -3 400 455 771 620 -49 -626 622 195 -56 207 -275 385 58 57 14 787 -232 -207 -347 217 126 223 1054 -409] 4842.75
[-407 778 -664 476 1321 -350 -10 -449 -382 -133 -212 -51 671 -421 426 -41 350 407 -345 176 -815 -58 -714 -47 129 125 252 934 400 -330 -351 40 -775 -171 29 -116 300 257 112 260 -888 99 620 101 -742 -226 50 -469 -968 119 -1533 -412 -468 193 98 -527 -63 436 558 71 -72 679 254 -332 103 682 735 74 -546 544 121 818 -1028 -293 -823 -179 -674 65 410 -1264 383 603 156 -153 763 -259 1020 826 852 412 -71 268 640 -283 716 -323 -179 25 -515 307 501 570 -476 -25 1002 -442 608 100 584 22 322 94 -509 -199 -65 79 -635 -1389 34 -66 35] 5730.09
[292 -727 21 -690 589 -232 928 431 4 649 -215 -9 -36 463 -554 -348 -206 934 149 -646 -930 280 295 294 -76 -446 278 -324 -320 -314 593 868 779 -151 281 -692 266 -1250 -118 -175 -295 374 -853 92 441 -497 317 -500 249 -40 436 -19 371 18 58 622 225 -429 -312 290 485 -369 -471 40 -248 788 -463 -33 81 -171 76 185 43 -375 -90 -285 1126 237 -447 207 814 738 -476 4 -233 -155 137 339 422 -286 728 70 -109 627 617 -414 419 303 -168 856 515 -90 -609 420 -105 -228 -193 -324 129 -731 25 -187 -139 -495 234 412 -202 -83 -506 -576 -519] 4942.79
[-637 -445 -292 334 -696 542 385 -1277 -45 717 282 -128 -498 -39 -295 410 -422 -854 500 202 -385 920 326 113 331 -445 -382 125 291 135 162 230 -248 -63 -593 -761 -570 156 -669 575 257 662 641 261 -171 496 -257 388 -136 -186 -756 -109 158 -454 -841 -129 611 651 -208 -396 -456 -179 1212 64 84 51 -370 305 -758 249 -221 -557 -269 151 261 498 277 11 -178 881 258 90 534 -503 550 1035 394 966 376 -465 230 1044 25 430 -52 -523 391 -167 25 -880 510 653 -206 943 -608 -835 -642 709 -364 -20 -144 410 -174 552 1362 128 415 586 -105 1009 416] 5630.99
[-534 105 -361 -540 -668 -902 -248 126 724 -12 -788 -34 -678 227 368 726 475 -108 -281 54 -591 -711 -821 243 54 -52 559 991 867 -120 105 541 222 571 730 -86 -761 802 264 -804 407 293 68 -220 -491 -143 415 430 255 492 -8 -139 -318 -328 -861 -119 -425 -640 280 -127 213 754 780 44 -545 -867 -434 -982 -1059 953 0 207 415 58 -613 316 -575 -299 663 722 -104 -526 291 -1082 134 8 -1283 1156 602 -566 -291 -632 -185 746 -241 -63 849 503 118 5 -60 1186 -548 653 -228 -53 -502 63 -368 655 -195 717 371 -232 -204 -946 -349 -20 892 124 -1009] 5994.14
[182 372 46 197 514 -321 -254 -356 941 -659 403 34 -563 -297 -329 -577 -605 130 -463 -359 -133 622 907 450 -385 -320 -257 -123 -10 -261 613 78 521 1125 -58 656 79 50 -523 -6 -278 423 494 277 145 -880 181 -76 -357 -723 -551 343 -15 -842 786 490 700 -98 313 642 -221 -878 134 -862 12 417 627 458 420 86 454 186 1119 693 664 775 239 -491 314 118 -800 -97 -1273 71 221 145 -5 -414 -885 241 -259 -183 -455 2 -367 -743 -119 -219 -460 -171 -95 -513 27 977 456 211 -386 539 -379 465 40 258 -1125 242 -721 -68 -515 -95 253 -501 -171] 5365.35
[910 -347 975 184 521 1334 -205 133 567 461 -264 215 421 500 475 535 223 -139 472 -405 -339 -164 -76 -474 672 1071 150 -565 -591 -218 -255 68 -543 -225 -227 481 1097 896 561 -931 -726 -558 13 837 609 101 -178 -272 40 -43 -21 -317 -683 -86 522 321 195 12 65 -80 -309 87 -52 341 24 -1308 -560 485 -14 522 -324 -403 -344 -541 701 -221 -604 -241 148 62 130 6 313 220 55 -306 441 11 -332 -59 815 -546 -550 573 -904 200 65 -1111 -121 -49 -496 -229 427 147 -22 50 -262 -286 -361 11 170 18 297 -266 -541 -264 612 -430 -660 273 -75] 5178.88
[556 -632 302 67 -1056 185 125 -579 519 754 -302 470 64 574 420 276 -642 694 265 -245 423 -266 206 -123 -330 962 478 417 388 538 103 -88 -555 56 -229 331 299 -6 -16 549 -592 -247 394 1010 -894 1224 353 12 185 -436 -648 -656 -1339 464 -318 -576 298 -582 -42 -352 855 710 422 516 -174 -420 -245 376 -479 -4 -494 -379 -430 -210 -862 -294 -875 -473 183 578 -64 -204 549 -256 194 708 -210 -179 347 131 405 148 -695 408 -406 328 481 -285 580 -900 -280 -258 -22 -387 178 403 -886 -9 1078 414 109 -606 307 477 234 669 -392 -43 487 -390 293] 5431.66
[-758 -146 743 381 256 -308 212 -245 -232 55 -29 523 -342 158 179 -453 -395 -572 -1081 280 -654 -263 67 128 195 32 -356 418 297 70 -588 -333 -521 608 237 -833 -235 -102 519 252 -399 -1279 558 144 235 -152 187 363 314 555 218 718 0 32 2 -1551 -870 164 -442 -200 -549 -41 364 -110 -488 21 -285 -954 -331 807 -518 591 -71 -925 -281 588 5 642 177 -172 -160 -926 -272 349 -429 270 222 -198 89 -47 -96 -9 365 1123 564 -239 -948 537 -799 -1330 797 -35 -146 -101 323 433 -683 -562 -418 -287 -45 -154 -564 298 -247 -457 370 -88 -742 -668 177] 5427.8
[-254 569 -242 802 -1195 -398 -304 158 394 280 -259 -805 524 -17 99 20 -1730 311 404 -97 -681 -345 130 -376 -155 -120 -95 409 49 -171 -690 -158 180 -731 355 -305 -79 490 808 629 -152 57 361 -281 -1143 1109 64 238 496 37 -333 197 92 1420 -48 -409 -512 -150 -428 -177 -579 99 202 -454 8 -308 92 167 -784 472 35 -67 229 -462 -216 -108 110 307 926 497 134 -29 -66 1081 -75 1278 -167 709 332 311 52 622 -679 899 953 -420 -282 378 256 -546 700 -368 -767 262 529 -106 506 295 808 -432 -96 551 -527 614 306 -219 -804 -407 -505 162 1235] 5767.6
[16 -127 117 231 -187 56 168 1103 107 282 -150 87 -752 -365 264 217 -423 166 46 36 93 206 -467 -446 616 104 -263 -375 -173 104 -559 275 -19 -128 -798 -9 -119 -169 -284 -25 -149 399 -182 215 -420 136 -357 -202 -167 485 542 581 67 -414 -397 205 -817 758 -61 1287 -910 -205 185 -210 340 31 500 -418 91 -499 -629 -508 -994 -189 -213 -1185 -488 474 88 505 -17 237 -206 528 -294 -31 -512 277 103 -213 53 -37 899 -189 52 -331 -363 160 -37 368 121 -420 276 -498 60 -658 129 -160 359 721 -54 699 -38 355 536 436 7 602 -322 594 -926] 4659.74
