[-232 153 -3 358 -443 -121 50 0 263 11 -122 -294 -508 -160 -272 -68 -293 331 -32 68 -153 -322 85 -431 -419 47 312 -867 5 -80 -138 200 -643 106 284 19 349 225 480 -126 -294 301 38 -249 -212 -198 151 237 -243 -120 -222 148 -201 68 -52 -95 345 -90 36 233 -406 -576 266 24 -219 208 -307 -138 46 -235 -350 -103 -209 -455 -318 -59 126 84 160 -230 270 -510 385 525 87 128 -116 -230 -673 312 -379 -444 -18 -643 -412 367 -149 -78 190 118 -342 177 -216 359 555 -452 -35 65 -540 130 206 347 274 -300 -416 -220 63 -178 -159 731 -59] 3244.97
[149 207 65 -35 260 162 -291 402 129 -195 515 519 -200 112 89 -104 -24 -202 -281 243 24 729 -574 418 -173 -194 -15 405 -149 -543 471 -710 211 -20 180 -147 -553 77 219 -261 261 32 -430 162 94 403 76 -143 289 -38 61 -181 192 -262 -104 -127 -207 -193 123 205 463 -153 -34 1000 1 -213 273 -349 -238 -511 44 -150 -496 230 355 -119 78 139 -273 793 45 209 -218 -265 308 -260 -507 -174 122 -211 536 152 415 198 27 -591 -409 425 516 -433 -180 -20 159 99 -174 736 -251 -285 590 83 -68 -296 -310 -23 58 -362 -20 -142 119 -293 28] 3446.42
[-250 -279 42 29 -317 1 199 -507 -582 87 92 151 -462 -168 168 -198 10 245 516 -100 -234 -378 -186 32 0 -259 -85 -99 -157 522 -418 386 -147 478 -193 184 212 -6 -423 34 -3 106 390 10 61 -493 350 471 88 884 -104 -141 276 -31 -315 -539 -146 -63 -516 -234 -18 -291 -403 -493 44 -184 41 98 -334 765 196 -245 -31 -415 -317 97 288 -50 355 -348 -379 -118 754 49 -723 238 -251 -52 -253 445 -544 -29 -17 -532 -403 -78 401 -121 0 359 -126 485 149 -211 -579 -197 18 -37 -205 -433 203 456 201 8 169 308 -219 274 -274 16 624] 3463.53
[168 -248 69 -635 108 -370 382 -113 -209 115 -576 -636 326 -267 -254 -35 101 26 -162 -477 115 107 288 -452 231 333 -1 -115 -228 -497 74 -164 258 -87 -226 -290 -144 126 -351 341 -323 -608 301 -200 -474 24 -155 -275 176 -488 472 24 -179 603 84 742 359 694 270 134 -123 313 89 -591 39 262 46 -608 -25 -431 75 617 783 -78 -232 -303 -243 477 -188 -77 115 7 285 379 514 -309 530 450 -192 -465 -39 -289 -271 394 -176 604 -132 113 287 -159 408 51 -333 -380 184 -518 108 258 -411 -44 -7 -251 721 45 -120 395 -189 -13 341 -251 61] 3632.91
[93 -88 -800 -172 112 -46 71 -483 -705 528 -136 -57 -211 -203 169 146 35 -385 -160 26 108 -160 329 208 510 191 -244 417 361 312 -72 -263 388 -122 96 -132 -38 -219 -246 600 -351 -158 348 -17 369 85 -302 318 -365 -218 -89 -45 156 391 -37 336 -457 244 437 -264 -268 -251 36 -205 -401 -595 -79 -375 255 -255 -157 255 443 -64 374 23 -571 236 301 138 356 472 -49 -304 591 -425 118 183 587 1 89 225 -322 738 340 -366 122 64 329 175 3 -386 -203 -618 -465 4 514 -126 -394 -304 -6 -201 -494 371 502 463 -11 -59 -21 -499 -249] 3498.42
[-4 -251 -3 4 -673 -217 486 -581 -210 440 395 -32 -57 -120 654 -277 -457 143 51 334 15 184 -346 406 171 237 -70 -57 324 -58 355 -72 -23 246 364 -161 -223 -258 -1011 141 246 164 233 38 35 -338 204 277 -134 137 2 -24 -235 47 -114 -13 188 -139 367 307 -8 534 -389 -455 -2 -211 -5 -171 -126 -58 405 -297 458 -74 -113 -630 -348 -326 277 -111 192 -131 406 453 324 -254 -13 75 -573 -322 320 59 -475 135 -200 143 -497 -64 487 -298 -81 -370 -542 -414 -60 -69 -14 -245 -429 -96 78 -406 470 -126 -274 276 351 -78 47 -428 360] 3319.27
[72 30 390 -117 38 309 -182 -147 458 365 -439 -80 -80 -133 166 279 303 -54 509 -294 205 -822 8 -321 496 -447 -328 42 -467 725 -279 136 304 -618 -569 33 291 381 -148 362 -40 -58 -95 309 35 -413 -48 514 478 323 363 -124 278 347 -313 -579 -596 168 -1000 -733 565 62 -487 -111 223 96 127 -7 112 1474 -206 -16 -144 6 -261 265 522 566 -560 -140 -325 702 126 -201 -312 117 144 -20 705 -246 -489 99 263 -261 49 -297 513 -322 -357 -354 -330 204 239 -64 -361 -261 -206 191 -117 -160 -19 379 5 124 682 312 -564 532 -258 -314 16] 4102.58
[92 -242 -417 -63 -50 105 -361 588 -36 -305 -341 68 -340 12 -1016 345 -383 519 -165 136 101 22 447 272 -950 -311 332 -662 393 647 -186 470 -397 151 184 -434 138 -198 553 -50 -554 -65 -140 -177 282 517 -25 -278 -49 -235 55 -59 -374 -422 88 -19 6 94 -205 -81 -277 -603 559 651 147 191 481 -88 -186 -603 -95 -208 -571 -31 421 54 -257 -123 -306 137 264 -329 -543 -313 -451 302 -338 -161 -186 687 -311 -296 519 -343 527 -57 -3 -237 -465 702 -121 277 138 304 45 -158 182 177 -164 -12 90 -49 -446 -308 97 -413 -486 -722 -502 55 -462] 3889.61
[-127 -180 -46 -795 -202 -604 346 -80 -128 -724 479 -53 -49 -193 19 -209 271 -531 392 -458 -470 28 -135 -329 484 -208 55 -359 13 -769 -387 201 204 63 224 -264 -38 166 -420 -278 -48 -251 234 3 -84 113 296 -83 316 297 -233 436 -91 44 -630 -166 204 -381 362 300 -69 152 403 -578 308 -50 -281 387 -286 -217 -221 -61 755 -27 -64 -5 167 512 216 253 -23 -395 316 459 -316 5 -36 116 -230 436 77 -218 31 216 -132 96 99 157 860 509 538 375 -463 128 -132 25 327 371 198 89 5 -29 487 -69 -14 140 -120 188 565 47 -79] 3448.2
[-507 -189 124 -38 203 -110 169 273 93 -510 -39 392 -187 203 -15 -128 206 158 186 -187 -52 275 175 10 -252 -243 -173 -61 365 655 26 462 -675 86 -159 -273 -170 142 196 -459 43 6 -239 -337 -131 130 441 279 323 410 -180 -39 -71 -515 -998 -292 193 -362 -957 -232 193 4 12 -232 100 149 99 65 -445 -457 204 -466 32 99 181 404 552 -685 -10 14 -381 -577 11 177 -1040 59 0 -8 -170 300 -108 3 -385 -375 11 528 175 47 69 609 -73 4 -38 618 -384 -189 312 -183 1021 -363 51 -217 11 -197 -413 -401 308 -86 89 472 -342] 3678.26
[476 -5 -349 472 -112 -836 326 39 -474 93 -43 22 -793 85 -300 -238 -183 -225 -152 247 175 465 295 370 -507 425 687 -185 304 -379 235 -198 -318 412 264 3 -104 68 -167 481 -435 -748 48 -52 -88 182 253 786 -38 -323 91 -157 -155 125 706 440 389 683 -250 331 -269 -159 207 294 -449 167 424 -829 305 -664 -111 473 -591 77 69 -458 -109 681 406 152 151 -645 356 355 205 -238 -18 -59 -156 400 8 -341 380 -429 -403 241 -509 -207 764 171 -382 158 -9 -91 -233 -511 178 -292 -642 102 354 -121 -294 -254 -39 118 -152 -394 -277 383 324] 3975.75
[-116 -142 -121 731 -381 -194 69 -339 -303 735 -178 -481 -93 353 69 -500 64 619 216 210 133 -253 0 513 70 201 541 -639 -119 82 -487 -19 -134 229 141 -65 284 134 -1050 265 -185 -280 334 -397 503 -411 787 524 -121 267 -103 -24 218 -19 613 -546 -263 -307 -504 -377 -262 -329 101 -305 -143 840 -240 49 559 152 76 159 -261 -163 -144 -308 129 393 244 -516 -497 -127 343 443 -11 19 -254 -511 -3 288 -270 -28 -117 -358 -77 223 -279 -444 -18 130 -429 -110 -77 -38 -22 -645 560 258 -806 -326 775 277 -205 170 653 325 174 248 -285 232 479] 3952.2
[-173 914 -445 424 -373 175 -276 279 382 4 -450 -503 128 1018 -538 -407 183 917 -338 -96 220 -350 83 -151 -390 216 475 222 194 511 -200 -248 -216 -529 -83 -128 408 187 353 -165 -39 492 -142 -368 -717 -278 -163 156 -690 -322 235 133 -118 359 381 -349 -229 47 -15 -806 -223 -383 524 432 273 835 -542 162 235 265 -110 370 -392 -317 -448 633 383 108 -204 -79 -198 220 -360 33 358 86 161 -267 -342 60 -499 171 -532 -559 433 150 234 47 -1260 -352 -198 -255 216 903 665 14 20 229 -203 267 169 209 15 160 -180 -73 410 124 213 620 -129] 4255.48
[-249 602 -543 -265 -233 -511 483 -180 77 -242 258 424 -115 273 235 -53 274 -334 110 381 -358 186 -351 -253 631 49 -242 -214 264 -452 -58 -92 267 121 226 184 -149 157 -304 471 254 467 161 241 -738 -311 -344 212 436 251 -489 -219 -317 324 -608 -266 -299 -196 267 -325 49 -108 -194 192 4 -834 78 -161 154 373 -56 -95 100 -148 -394 180 252 233 568 -198 829 228 537 154 518 -699 130 47 -157 -23 78 -223 36 394 -22 -625 622 473 845 -505 143 -70 -54 -172 -441 647 775 -407 -26 194 183 -106 -31 273 -638 -119 376 -114 -60 -66 -183] 3800.6
[74 906 -420 523 420 -485 52 271 -27 -214 416 362 -323 579 -306 -581 -218 -578 -227 627 -205 303 87 -497 -246 168 -576 -144 -348 -231 -455 126 -174 730 112 770 208 -143 1053 -259 -143 296 -239 56 -174 180 -732 172 -731 11 -619 74 435 352 -505 55 -423 -4 504 -380 -270 -617 -96 908 -20 -637 -39 -33 215 -115 -485 -4 -610 -198 -41 386 -175 41 759 -336 275 415 211 -519 639 -145 -62 12 -66 -104 -58 54 26 270 -224 -889 65 498 -114 -167 -294 329 605 -19 -107 1051 -158 -254 -525 496 -480 242 -674 245 -270 -450 432 -172 -492 676 499] 4510.42
[-475 248 -168 -312 -314 -371 -29 269 28 -617 307 809 411 573 74 -122 328 -61 -173 -366 -462 394 -408 -887 44 -311 224 553 -93 203 -459 467 -365 -52 -95 -245 38 329 1083 -695 147 165 -285 -48 -50 -70 -355 -295 -460 -10 -635 406 680 147 -819 -250 4 -222 -43 461 624 36 -113 -403 452 -328 -13 672 -435 96 -340 -311 -199 132 -333 798 186 -274 216 584 -286 -208 -295 -223 -1203 196 371 128 -552 117 133 571 -178 -206 137 -66 131 256 -507 586 470 -91 387 285 -313 196 -236 -695 1075 -262 -411 -217 309 -151 -409 51 100 552 508 261 -130] 4403.66
[-46 400 71 67 -979 -325 -50 -150 16 -102 -154 318 -237 8 201 -17 -114 522 -203 -159 -298 -600 -135 -841 -78 -24 192 -403 258 76 -320 881 217 -341 -262 -56 358 277 -261 -304 -267 295 70 181 -6 -381 -171 412 -65 -83 144 2 -37 927 124 -862 -368 550 -343 225 130 470 -475 -748 50 545 -344 -37 0 889 -252 266 -408 -30 -628 128 340 730 -40 -78 110 -599 326 449 -890 652 126 104 -530 -61 356 -433 -505 -963 -422 148 268 -308 -608 216 -86 -8 -138 19 321 -62 -456 -101 -662 245 125 -5 827 161 -722 564 -18 460 600 44 501] 4347.65
[-522 -169 -827 98 431 629 -97 -308 -723 -25 185 -690 566 50 307 -680 164 386 -794 102 -249 386 485 1 130 824 -8 492 132 -139 -393 -615 -66 -13 -431 -165 -556 -322 -752 -114 312 408 578 -48 -312 334 -68 35 -489 -212 139 -162 -407 318 265 448 -18 -457 661 -583 -508 231 597 -56 -356 -166 -921 231 -234 -566 303 387 296 -336 -351 133 -464 -868 172 -316 226 14 -369 211 977 88 -14 -119 176 -353 352 137 -837 665 240 449 -479 360 -775 -428 345 -221 -544 -25 127 -34 -1 -433 366 290 -67 -173 -6 344 -400 187 636 -521 644 -53 145] 4519.43
[-201 -723 459 380 -207 1025 129 95 449 114 -3 282 -258 -200 593 -402 16 397 102 64 -167 -67 109 -669 -372 232 -835 -369 -494 918 4 473 -548 235 -347 64 -395 429 -111 -145 132 -63 -221 -341 -107 281 73 -57 147 448 377 -723 -56 155 -752 -211 -198 189 -1134 92 693 83 -853 -219 -64 -264 85 -451 -683 117 282 -1060 -346 -339 -302 62 135 -772 40 -56 -197 170 585 186 -471 517 -277 -455 -388 -410 215 -448 -24 212 -628 483 -224 131 -205 -519 -150 333 -381 -102 -208 5 -53 198 -105 -27 63 -87 967 -407 -142 9 82 -400 -552 -25 -186] 4361.58
[-47 -646 -242 -859 661 -869 373 99 -53 -101 -414 -183 24 -492 -606 382 109 -377 -616 -496 -522 610 802 -322 293 -553 584 -235 530 379 -666 216 -370 -343 -172 -418 31 354 -64 62 -437 -1135 533 239 597 260 6 -110 134 -887 -673 -169 -327 42 -462 742 477 109 83 123 -228 208 95 -619 -257 -372 27 -380 -117 -265 -531 242 -136 532 224 -483 -828 -412 -186 -149 486 -344 -375 -12 -271 -279 388 -123 600 30 141 269 -68 140 206 -8 -450 -38 83 616 140 -7 -724 -385 -470 -685 -222 -518 -280 -94 -315 -61 54 205 156 44 -558 -221 85 106 -363] 4452.74
[98 -13 102 79 -367 241 358 -120 259 -371 497 142 -619 -452 887 175 -486 -841 534 781 107 -248 108 -172 9 -60 -466 -798 -365 -18 -396 204 -721 -517 -17 392 84 101 420 528 -71 487 -150 470 -34 -498 107 194 88 -33 -186 301 104 100 -58 -820 -152 -185 -393 200 -164 -155 -64 591 -90 -313 442 -92 -4 -12 -221 59 -506 -291 -727 -387 821 572 -23 -117 429 -35 47 351 -217 339 -525 -332 -57 371 -100 -527 672 -747 -240 -15 -47 -191 813 -490 -664 241 -293 81 -252 -122 -157 -329 -317 727 -17 19 -767 -247 -229 -327 -158 -328 48 223 435] 4167.85
[145 749 85 416 32 -181 437 94 33 -345 512 -102 -1119 335 407 -262 44 -547 500 260 52 -39 -14 -352 233 -785 569 68 40 467 52 -7 -1126 206 23 -62 666 455 1261 -38 -63 6 -632 699 28 -194 -216 1392 -67 -45 -553 650 697 -151 -804 -767 -357 76 -715 -340 -45 -343 -173 605 -525 -557 353 -547 -245 -92 -678 246 -650 -123 -302 108 1055 565 -475 544 43 -146 297 -247 -246 -556 -97 -130 331 -57 -269 94 -282 -1466 -504 -248 -172 -1 675 -221 -1040 -170 247 197 -155 39 -160 -572 203 -147 -377 859 -1011 -109 -40 -277 -174 189 -147 905 -82] 5260.37
[170 -911 -13 313 -543 129 357 283 393 578 460 -54 473 -18 461 73 -302 257 114 435 205 116 14 471 335 -570 -432 130 -523 780 -56 -142 -743 126 220 -590 208 322 154 305 293 -648 -79 -524 1411 293 -320 33 198 -481 -53 397 424 -353 -721 -427 -602 -254 -521 -263 915 -487 -340 -176 -314 -420 208 -130 -610 -471 -403 -622 95 -143 95 -543 -42 -136 -75 567 -208 799 6 -182 -9 -121 86 -191 39 -711 338 106 264 202 458 21 -598 263 432 15 -15 -588 -76 -463 -186 -113 -5 680 -373 -912 -158 -106 -482 -321 1005 1 17 -224 -607 -631 -171] 4604.22
[-186 295 831 -859 498 -811 162 259 367 -477 388 -87 175 -161 -853 424 -53 -357 606 124 -112 3 107 -333 100 -954 -282 -626 -146 -754 -73 376 -25 587 -114 655 688 -85 634 -180 135 18 -101 -213 68 53 -385 -682 876 240 -471 111 -298 -495 -563 523 280 -662 951 -16 -194 -15 398 26 -338 -496 -115 744 -220 272 -374 487 634 -251 347 -124 -883 -111 91 -771 40 241 192 -87 394 -254 -415 -220 101 -101 -482 -274 4 -200 -173 -550 366 165 313 -66 335 1141 658 267 398 896 -49 840 -571 20 -582 828 -357 312 -114 -115 233 -135 -272 635 241] 4851.31
[258 -558 366 -564 -50 -716 -386 390 -13 74 -876 -806 -113 -286 -1025 335 349 164 -127 -875 -199 308 249 194 -226 -654 1047 -967 -113 -205 -180 -170 64 70 423 -475 466 109 15 193 -614 -1082 -18 -95 -97 -211 1017 -590 413 -343 -161 613 175 -321 130 263 665 301 115 195 -710 -314 234 -483 12 861 84 489 -80 -957 -393 631 506 988 207 -219 42 314 -88 -194 -362 -1006 382 107 -428 505 134 183 -134 292 -244 67 846 -255 -28 855 -182 -114 495 882 276 312 16 45 139 -1114 -50 891 -39 -223 258 611 826 -5 533 104 -926 -195 326 476 -457] 5270.98
[115 -346 -47 -351 -667 -64 652 -519 -88 183 176 -211 -908 -799 -319 81 -334 -419 876 -400 105 133 -89 403 -98 374 -128 -82 374 346 862 375 470 958 345 -428 -427 -251 194 -9 -261 -552 162 123 14 282 -164 483 -54 382 -360 537 57 -278 -706 164 278 391 -135 414 -787 66 254 -404 -158 -134 230 -481 -92 -634 -19 -527 933 -188 648 -217 300 117 524 273 219 -1033 435 203 -441 138 -9 766 126 673 80 -545 369 176 -329 564 -332 -97 1166 489 5 -111 -86 -495 -193 -424 498 186 -103 -253 -619 -5 785 -796 -337 0 -740 -549 -67 107 -599] 4756.21
[-649 107 -209 -405 221 -122 163 251 265 -409 -173 -517 837 628 -717 -299 892 303 -11 -53 482 183 -221 -985 224 263 -129 -695 -20 24 -297 129 94 107 -343 -681 16 519 354 146 -579 -299 -458 -59 159 250 -306 -331 202 -255 -424 250 155 530 -512 215 -618 -125 -384 -605 -471 153 635 174 -126 376 -286 6 -224 -608 -110 53 740 160 46 492 266 519 -208 -240 -372 236 -212 550 -253 55 291 -143 504 -869 167 -572 -393 257 641 427 -181 251 -342 -409 -74 -185 733 157 -349 -228 968 -162 271 -230 -338 -28 -73 47 -18 449 297 -179 821 508 -167] 4347.25
[313 202 125 851 222 84 -691 123 361 -34 -632 20 232 107 -643 657 9 83 -18 -224 463 -258 640 1288 -534 630 -692 841 664 251 241 0 483 -150 -112 45 -165 -89 -103 269 155 -274 -215 -605 164 568 170 603 -103 -3 437 -614 -551 -769 794 305 -200 863 -450 -180 380 186 145 348 270 509 469 54 790 164 -47 -337 195 488 999 780 304 260 318 637 -436 -144 -482 -879 54 236 545 -93 253 754 141 65 42 445 310 164 597 -101 59 695 250 188 154 204 266 260 -75 293 222 -446 363 -503 -829 -140 507 -224 66 -463 -281 -286 -408] 4770.3
[51 152 640 141 -588 -136 434 -278 576 -467 114 206 262 -186 685 270 210 -235 453 10 -388 -23 39 -10 152 459 -234 -23 157 -179 -512 449 49 -572 -133 698 -151 525 -608 138 439 6 744 410 -927 -93 363 -206 115 -81 156 110 -385 249 232 165 86 225 105 360 15 354 -207 -898 184 -77 -117 -297 283 538 -163 -31 83 -548 -1187 -372 -25 53 590 -188 -73 -27 200 109 -296 295 383 -352 -1024 700 596 -174 170 -76 -551 435 566 104 -466 128 234 -30 -330 -535 202 496 -164 158 -456 476 66 -165 401 -211 -570 -105 221 -14 239 328 32] 4112.53
[-212 395 445 1021 -603 30 182 -488 416 -1 260 -397 -482 316 823 -4 35 39 501 -76 -53 -65 -154 434 -241 71 430 1155 735 519 1192 172 -462 179 -38 471 69 -91 -177 -254 433 477 -232 316 -1045 150 346 1527 283 195 767 -189 -815 -670 31 -163 115 404 -623 -43 608 663 -420 -93 -696 363 -287 -394 81 711 328 -473 -47 -183 -348 23 627 -382 -407 871 277 -593 296 -50 -484 -486 56 -231 -566 -77 -761 245 -862 -1096 -1055 566 290 -90 -186 -277 70 -82 -53 287 626 275 -1009 136 -169 238 -223 678 435 -452 -607 -222 744 319 -613 668 -396] 5432.52
[1 270 187 170 454 -691 431 -431 153 -175 -228 -374 127 -132 -587 -226 287 -494 422 -44 -164 105 -391 -503 -433 245 467 -208 -231 -381 206 776 283 1175 -95 405 607 -647 513 167 -349 -376 -188 681 -298 -215 -147 27 640 461 -1028 312 794 18 617 230 189 672 -505 357 -758 58 -851 -397 466 40 1153 -273 299 131 448 58 -90 258 -170 192 849 -150 184 -405 349 -180 328 -324 -1567 -281 289 949 -427 25 -640 -80 370 -702 -354 -73 347 -115 -467 951 113 79 1159 -709 -547 -75 222 -703 -157 47 -202 541 51 239 -536 -152 -163 387 -474 609 495] 5191.07
[-136 -384 238 -28 -194 44 119 661 364 -1102 600 941 -314 109 12 324 -453 -59 -57 502 128 10 96 83 -279 36 174 -1025 543 356 -222 819 -336 94 55 234 -250 206 919 -15 33 882 46 118 99 468 498 -376 4 208 -424 -113 -76 -536 -834 -344 79 -267 -96 197 411 -601 -203 513 180 -160 110 -12 -241 -4 -62 -703 -688 334 -262 -47 28 -498 280 -156 -96 -955 -227 269 -451 377 -251 -473 -1088 714 -110 -327 471 -188 413 228 130 51 810 450 301 -189 -18 -127 -431 56 -379 -640 677 334 -286 -361 -304 -826 -723 -768 84 -677 -177 -65 284] 4667.2
[366 -519 1184 379 -484 1123 -297 329 566 39 726 -23 -452 102 568 -267 -838 64 367 817 233 -420 -243 101 -573 -147 -387 -1058 -499 513 402 508 281 -276 -106 367 140 -621 380 152 34 828 -738 317 244 420 304 -179 -334 460 506 -166 -90 12 -288 -802 -526 -470 272 271 143 -18 -11 541 494 -93 96 106 -1020 -6 90 -268 -361 209 -149 -210 205 -39 330 147 -27 469 -792 227 274 887 -939 -700 -511 -187 292 -567 126 79 287 214 -402 -480 -435 -933 -348 -169 -115 349 435 786 -533 174 -438 543 -92 -318 124 -557 -79 -325 8 -509 -190 -330 595] 4976.71
[251 -69 558 344 168 -491 -576 -46 458 402 23 -121 327 -529 -100 7 543 111 86 -159 -429 225 -24 -610 445 -742 447 177 -894 -1160 118 -115 607 -213 -125 -138 -42 192 -486 129 197 -600 -961 508 133 -401 -49 511 685 323 -639 -451 992 -176 308 -126 364 -364 -429 520 325 392 123 -659 131 144 67 499 159 998 -433 318 46 505 -107 49 496 448 250 -65 -37 -57 0 -163 -298 -51 304 -39 -33 41 -11 144 338 -21 -45 -155 -241 -311 -611 -593 20 74 457 201 262 -469 -173 -488 309 -674 317 338 532 53 568 335 -459 552 151 -30 -140] 4357.35
[266 96 713 -272 -544 -202 -397 584 824 -60 210 413 557 323 737 -130 461 -105 -200 -342 -31 57 -768 22 384 148 -5 177 -241 -632 443 -139 552 -108 -4 68 -41 -16 339 -277 193 479 147 -711 -6 441 532 -177 -318 -478 509 134 -3 31 37 -772 52 -619 685 510 493 233 -98 8 517 650 -830 304 537 -949 275 179 248 794 -140 79 240 5 -232 659 -144 623 -592 -30 51 -29 -117 -178 -327 -505 653 719 -535 716 406 56 -14 400 257 -152 412 -556 -237 -23 727 1007 123 323 213 -147 75 -569 340 271 -538 -360 540 629 1018 -260 -77] 4692.96
[-390 -36 338 -488 500 -680 -427 627 66 -356 -448 -62 1229 94 -795 119 438 758 -856 -21 -663 183 -266 166 -83 -142 -847 -579 -796 -390 -1362 27 -506 615 -84 -406 -124 -202 -204 -831 70 -385 318 -595 407 295 -389 -235 58 -366 -154 -548 -462 -774 297 -214 -193 -575 -188 -401 90 -105 -106 606 442 349 171 286 398 -649 382 -608 276 -234 344 -93 -201 254 -1287 -29 -213 416 -185 -586 -61 -315 67 85 228 -225 -241 331 412 550 200 -574 -128 703 -243 273 255 408 586 -689 149 614 -156 -174 -119 -331 40 16 -523 122 342 -686 -168 -180 -550 -789 -192] 4965.5
[142 -593 306 11 487 -363 -624 236 109 -328 987 22 -19 -231 519 -285 596 -70 -82 266 -118 400 -351 150 318 -9 -128 -274 -142 -597 -564 130 616 61 30 24 56 -230 -929 -8 948 -123 551 160 212 865 545 920 478 448 -112 -334 276 -397 110 -744 -373 -917 -355 -603 243 -354 -43 188 -375 -153 -296 362 -77 -241 -112 -212 178 442 355 488 298 232 272 -201 47 54 -54 34 382 -183 -197 -642 554 -15 434 50 48 454 -233 -312 -231 298 486 -633 -61 -62 -91 -152 -47 507 -40 -32 387 11 363 842 -622 324 288 -380 63 -22 290 -486 306] 4245.58
[-359 -204 -598 -573 -245 -112 364 26 -68 -667 62 8 -306 26 -503 -131 40 -288 414 -548 -307 209 687 -23 -12 39 -215 402 -175 879 -312 457 -183 615 -650 -257 -614 532 -162 -431 -651 -848 479 -133 89 492 380 -130 460 88 599 220 79 309 -678 213 -77 229 -562 -122 110 329 -68 -234 255 -287 642 87 -146 368 26 123 60 179 -329 -79 -89 103 -236 491 -491 180 -153 -75 -899 503 -239 627 116 -239 -639 -80 -430 53 -175 349 -283 -163 -576 901 297 845 11 62 -1004 -613 181 366 62 100 -536 -193 356 -230 118 735 -588 -144 230 -52 -39] 4323.04
[-631 -354 208 -4 478 1115 -78 37 -715 -526 498 -98 250 -443 488 -193 -38 -369 493 -227 -635 233 -242 -158 -36 494 -727 312 -936 -421 19 -372 -107 553 -358 88 -744 -171 294 -1350 6 66 -417 148 324 78 535 -526 169 590 -171 -536 74 55 -338 -42 100 -136 -144 801 -380 -358 139 -329 -240 193 -48 42 -632 -179 552 -449 -29 -868 118 -178 746 364 -242 388 -543 -220 98 56 -484 269 -806 376 98 -194 245 -588 257 132 -646 385 74 228 679 467 452 929 -197 -89 89 459 249 251 943 267 239 -102 925 -446 -266 30 8 233 455 -340 705] 4785.67
[632 480 333 -372 -499 -979 875 -183 1017 379 -19 373 379 565 625 -256 -126 -769 411 -326 50 -235 -529 159 824 -93 84 171 -167 103 461 211 2 -284 -208 -69 344 283 -395 572 391 126 471 445 -485 -516 -359 388 -104 -178 229 939 236 536 -655 146 410 188 76 43 1233 1463 -234 -485 1228 397 -530 792 549 838 -349 365 241 841 -181 44 151 468 355 -611 24 -112 -321 235 -421 422 808 296 -112 -514 198 444 122 -117 261 73 179 -338 482 138 412 -188 12 209 -329 -128 -282 -107 -227 266 -305 -435 670 -66 -11 232 102 681 415 278 -39] 5025.28
[810 -1082 697 59 -26 319 -369 8 460 235 -82 248 -256 -717 515 298 -280 -134 259 -154 171 -806 -163 72 -237 -197 351 22 581 190 726 666 990 -479 -124 825 190 -355 -202 572 20 -207 603 677 587 284 503 93 310 649 666 -34 -239 -51 469 -409 119 201 -753 -41 46 218 -827 -109 -33 563 109 70 9 1522 365 -342 79 825 125 13 231 -528 351 -383 79 219 104 97 -358 795 274 79 428 -234 -57 249 611 -133 298 -108 908 -692 -414 40 -316 -890 -254 -145 -319 -268 -611 -200 -489 444 94 270 11 457 -372 -743 -635 603 -364 -412 602] 4985.59
[55 804 759 130 789 -351 -726 403 -212 -375 -316 331 -264 -436 -328 339 155 -1 -742 -253 -747 211 -61 -588 110 -1093 -826 -606 -458 -410 119 -693 -338 278 -104 201 -188 232 -145 -470 -5 612 -652 592 -987 -529 120 393 626 217 686 -1226 -611 249 -811 595 700 -121 105 328 -52 213 177 828 -171 -15 -1236 176 -597 401 -90 450 -540 294 -183 70 -97 153 266 -481 -197 140 625 -138 760 430 -167 372 -648 -297 -194 -760 -134 -286 -457 -424 101 613 154 -760 -427 1232 600 489 -193 506 -768 -299 442 -57 -61 623 722 -28 -394 30 107 -23 819 545 624] 5444.41
[-32 130 -637 196 341 -468 34 490 -491 -764 448 621 -223 623 -218 381 210 -52 -170 458 -411 695 -702 1295 -592 -1 -285 1048 451 25 759 -109 -272 320 -776 242 -449 268 476 -185 234 352 1277 601 97 306 300 278 -258 28 71 -226 -574 -360 155 70 -355 195 208 -323 -467 -208 479 843 114 -988 -275 -204 -98 -71 70 -487 -108 300 178 -128 474 -87 395 -209 58 159 -449 -445 -90 447 -287 -43 1312 -227 390 301 -306 70 151 -246 697 480 -276 100 -124 -337 718 53 -877 775 259 -761 219 -267 24 27 -917 684 -900 -474 -216 -88 296 495 306] 5071.42
[20 -230 740 -34 527 686 599 -50 527 -433 185 448 -64 -420 609 100 29 -471 -265 507 -142 453 -652 9 -91 -221 -1554 571 -912 -63 491 -235 265 -432 -672 724 -937 248 89 -216 -275 -152 153 205 -148 -223 -44 -262 289 216 35 -1017 -167 -281 -168 441 -113 602 -248 440 58 786 -994 337 -157 -857 -306 -1009 -76 305 281 -766 227 -366 -55 -1222 145 -575 -474 265 32 828 268 8 -258 50 -405 -290 -41 -653 124 114 13 748 -475 36 -586 668 100 -689 -187 36 186 -673 -514 852 -144 -174 -958 241 -774 -171 241 147 -237 -93 321 -394 -77 -172 708] 5210.62
[-573 -338 -741 -57 79 -170 -839 -59 -284 293 -307 35 75 -340 -516 721 -686 -675 -796 138 -145 228 830 -401 -232 -497 -269 524 35 -700 -412 473 -54 -16 -191 124 248 -115 807 -321 -376 -345 -235 -646 1213 974 -540 -132 -198 -462 777 52 -498 -131 -92 639 -151 -567 710 749 7 -162 780 398 -523 -682 137 990 -309 -204 -421 268 -252 862 681 647 -1261 -24 777 947 482 -78 -336 -565 477 137 174 70 834 -84 42 232 -434 499 49 -736 332 -508 -30 549 142 365 -298 262 196 -289 -1203 60 -36 -96 -122 -379 -1047 304 -4 -77 40 409 -453 423 -7] 5394.14
[128 452 442 -49 39 -631 -61 -132 318 522 -606 291 253 -124 344 53 -188 432 -127 -463 148 -181 -173 -172 -367 331 -1623 -76 602 105 13 -101 -378 -91 67 -95 -97 1207 104 320 39 -268 55 -156 -363 -308 -488 -294 -146 -216 339 86 -518 359 -1347 72 -185 326 145 -647 452 212 -517 -497 -116 -239 -71 -239 -550 -5 -291 -778 1348 50 64 60 -261 236 504 -129 -357 601 1049 -275 774 672 688 -362 191 -1009 898 -266 176 486 -460 103 718 988 612 -268 -589 176 -589 721 -391 223 -150 438 -204 -312 -143 -716 481 8 -101 72 29 -392 181 9 -281] 5071.43
[-474 193 -108 75 -66 791 87 1 596 -100 -553 -139 -632 -362 -100 -230 -102 371 -83 399 -304 471 669 -633 -136 -448 -925 -23 -735 984 -217 10 -546 -171 -108 558 15 329 938 -372 -263 -483 -554 -1499 118 -351 -633 -467 180 46 -192 -417 652 -9 -344 -40 -117 -35 -1033 -137 289 -709 -571 645 -134 -43 650 -387 -1 -128 -143 -56 -547 -425 140 492 67 -400 -502 351 173 223 601 87 -277 -138 -440 -479 232 41 -1044 61 -915 -245 -137 -211 286 114 -383 -588 -585 228 21 190 254 16 53 724 -411 158 -63 132 -111 743 -20 -704 521 -392 -1028 400 -502] 4968.55
[-219 688 -44 -1279 333 -138 437 -220 146 -628 -908 -750 -204 -328 -87 -523 233 -396 -354 -981 3 -116 -441 -799 -122 -295 -585 -86 -254 168 149 -19 -239 191 -28 89 551 -423 -19 -137 -1003 313 103 -252 -682 -561 -397 -462 34 144 223 396 -468 -92 -353 31 832 396 -19 8 -877 716 -510 75 518 774 -359 -183 -512 -1240 801 96 609 425 356 254 399 -328 -702 -99 322 -552 720 -145 -885 -164 507 689 159 126 -702 687 -599 -596 -29 -511 719 840 -131 475 -71 341 43 69 -378 -167 -460 258 -50 522 -579 342 740 741 -646 -100 449 7 508 834 342] 5330.52
[42 -470 241 155 -470 -751 440 -477 549 131 134 514 341 -206 -208 -258 -599 579 -432 255 -187 -146 -441 632 -102 24 510 -61 -767 -147 -681 -257 -335 -243 445 55 -12 242 -929 -842 112 -821 115 -408 -332 -643 -8 -623 -270 46 -143 313 233 -512 544 507 537 -784 250 308 582 690 -436 -1073 230 -43 481 553 419 670 219 225 -118 -136 -342 -609 -717 2 -169 -6 -172 -395 -1 868 -530 514 -362 -208 -1016 -55 -844 63 456 -461 -227 194 -877 -420 -248 561 75 280 54 556 11 -877 -784 578 -800 176 -79 -508 355 -852 817 312 -34 299 -730 55 -52] 5134.76
[-457 504 26 -68 -428 -121 582 -398 185 681 100 389 -962 109 830 318 132 -1303 688 196 -82 501 15 1012 594 -137 -44 430 1240 168 777 -556 205 -673 803 448 -272 390 -444 245 38 138 -531 129 -24 -688 678 175 341 -391 -520 853 354 321 -22 -537 -317 283 670 -133 775 305 -507 -152 -4 -281 271 -523 339 -201 -565 444 -546 74 372 -142 207 74 -67 679 737 -249 294 467 -543 -481 -721 -672 646 -35 942 -230 -220 -590 -835 -620 361 -372 751 46 -678 -22 -806 370 280 795 -270 132 29 208 61 -778 -223 757 264 274 289 633 615 231 -979] 5486.66
[-534 -898 -549 139 541 71 939 382 -880 212 99 -532 419 92 -127 237 -164 -79 101 -71 -274 184 787 325 538 -369 655 -258 -25 64 10 200 -524 239 183 -572 -643 229 -1488 308 -60 -377 984 472 762 167 714 -28 655 -254 652 -347 -629 -332 -358 -415 388 -142 -1198 105 504 -483 698 -17 -343 346 5 -557 -893 -300 25 67 -658 62 -181 -545 904 -104 326 -159 446 -676 5 806 -64 -720 266 142 382 221 -265 -691 158 -256 -284 183 160 -532 639 223 -82 -206 -423 300 -276 -983 123 24 180 -373 450 398 -118 249 313 189 -69 442 -26 -189 148] 5048.81
[-1018 347 -111 282 -90 247 -29 -734 529 201 -164 -680 -667 335 -393 -648 27 -143 158 -846 -118 -505 12 140 -351 51 653 463 -248 394 -477 -88 -182 -67 -211 -91 235 -125 -562 -109 88 -83 21 -165 -184 -42 1011 1107 -315 94 -266 -142 -608 -304 -282 -1236 -45 -535 -601 -490 -267 310 354 202 12 671 -218 129 -242 150 299 -168 -138 613 -180 841 1427 355 65 350 -410 -410 -130 528 -21 -190 -69 -584 520 472 -269 674 -465 -359 -599 -165 -60 -39 258 -104 -310 123 -348 845 -117 -216 -456 150 13 277 3 288 160 61 313 392 -66 126 -100 925 264] 4689.48
[-654 395 616 -344 520 839 -170 -1120 -878 422 -318 -440 -149 -627 -178 369 -223 520 481 -378 -136 161 -572 -321 863 474 -1031 -739 5 762 -413 75 1160 -86 -436 234 -168 -635 203 -58 -273 328 663 69 57 134 -323 264 621 446 517 47 -58 257 3 162 -742 234 -233 -684 -566 -341 -202 298 -878 4 346 -763 -119 325 -264 234 727 -452 206 -24 85 643 -205 155 196 674 -271 -36 -271 -347 230 358 1133 -275 -756 -891 -406 -20 -319 357 -345 179 -402 -154 -588 -28 125 -317 -226 -61 467 -322 339 27 172 735 -514 -322 -148 257 -314 -217 5 -891 489] 5074.06
[191 -554 576 22 220 323 -206 -353 -606 -35 -308 -183 -514 -668 362 603 440 -1194 1003 -81 -130 -383 323 -112 854 209 -247 -744 309 -273 -323 260 902 -93 132 1282 475 -32 -242 851 -69 317 268 19 -444 665 17 848 256 357 679 406 -331 -90 253 663 -114 359 44 -18 284 242 213 -480 -390 -793 -265 73 372 478 -611 355 295 272 249 1103 -462 302 860 108 390 -629 327 127 -6 24 1049 -301 852 641 -56 -472 141 461 -375 -589 1194 -690 466 115 112 549 -120 -576 -13 -209 -407 271 662 -342 386 388 -366 -466 503 367 13 -3 -376 -276 -378] 5249.74
[-140 681 -439 552 492 69 496 93 85 -177 -521 -873 579 400 -7 -544 708 175 -189 -201 472 59 757 -465 392 599 -480 479 -1165 61 -537 -379 -1198 -77 38 -614 -196 -70 -53 -391 -549 147 -269 -563 -1013 -295 -122 365 -566 -535 534 -398 -104 -210 15 578 913 463 -876 497 -257 53 498 632 432 1143 -68 -428 393 -743 346 -125 158 -256 -561 -211 742 438 -704 452 -684 -450 39 -451 348 -583 835 306 -864 -56 -817 905 -189 62 -38 1232 -153 230 5 97 39 243 -44 -181 1085 -615 100 -17 107 329 157 -121 427 -584 19 85 655 -141 353 274 241] 5424.47
[571 4 -284 -707 -1099 672 -322 186 946 -476 74 193 -147 -51 -749 -390 468 874 244 -750 -300 -425 102 -298 172 222 606 -324 228 -427 -270 -532 707 -10 -263 28 -405 312 -554 354 323 -18 112 260 -537 475 -43 -528 -64 799 473 27 59 161 413 -503 -292 -38 -455 -608 38 -170 -422 464 607 -39 539 1 584 840 -30 -106 -163 294 -989 25 -49 -379 -34 187 -245 285 766 -278 119 216 233 326 -1112 605 -193 430 509 247 496 -436 128 384 -601 -974 524 -90 -197 -469 -581 200 -373 -81 545 87 499 64 688 -519 6 -142 -1157 -469 -562 -116 -705] 5021.61
[119 -192 -450 239 382 -468 -328 87 144 46 -180 -131 643 149 350 -793 228 -234 -212 359 117 217 -103 -278 359 327 -195 -598 -511 -543 78 974 1021 157 74 -525 -402 -967 -1096 431 -553 325 -3 117 -545 443 -110 470 191 88 155 338 -224 -93 -324 -496 -206 -680 -123 -361 604 1232 507 -237 1291 607 -217 327 414 -492 222 -272 559 654 33 175 283 -417 59 -334 645 236 -757 97 38 -638 279 -256 351 402 -27 534 38 1276 916 -307 -272 -348 -1321 82 208 -874 304 -114 337 -158 1070 92 -366 458 -241 -108 37 470 78 319 112 -244 -8 -366 -439] 5190.71
[808 -279 -21 -129 -374 428 -449 513 -554 -34 -50 -123 497 -173 596 -557 172 200 -2 -171 -142 -22 196 -1181 522 -170 480 -663 -964 -655 -367 269 -385 760 69 -786 -337 358 -111 -343 -32 -464 39 -630 91 247 -101 -652 -391 357 410 -299 767 103 -678 885 120 -321 18 938 142 169 120 -278 669 60 -341 494 3 -791 -64 111 475 -591 221 266 -423 21 -400 -402 -423 -62 175 -273 653 137 106 195 -345 235 257 182 -628 1285 129 460 -331 -228 468 104 728 212 -262 -697 213 -276 1187 -16 -259 -641 214 -28 419 266 167 -512 37 473 -298 -230 -632] 4909.94
[366 -293 -361 148 -36 746 -518 571 166 -322 1124 765 935 288 -217 -579 -300 595 -484 -28 211 -162 -737 47 354 -9 282 915 -420 -623 -223 -705 284 246 4 -300 -391 -21 187 -649 -234 285 -205 82 1579 207 -260 -397 -1147 -14 -360 468 4 92 -613 -580 -559 -643 493 -149 526 619 41 858 1 512 -693 691 903 678 47 -496 -7 38 30 335 -300 -300 -136 -148 -223 257 -51 -58 466 277 13 -209 427 -745 946 952 179 301 1017 -722 -877 54 -267 -175 -55 148 87 -206 775 504 27 -421 -11 -71 -94 -374 -67 -48 246 -17 -415 -33 545 -228 455] 5247.82
[-117 -149 -81 -303 -370 107 -103 -572 -290 -715 257 -300 304 448 -391 60 135 147 588 120 -504 629 -502 -744 -178 -224 307 510 -437 -328 110 699 296 480 -141 31 612 -392 614 64 783 -56 188 -146 -774 -330 253 -270 45 681 -293 -288 358 -293 239 122 463 271 437 1312 13 43 -659 -3 725 -686 1238 997 -149 862 634 -128 538 493 -146 489 277 -439 233 183 420 565 275 -1188 -503 -479 -460 -469 -861 -389 -1193 582 66 -104 -436 277 571 -116 120 272 410 1001 -228 9 598 545 377 -29 -197 -296 453 1337 712 408 -759 -133 -144 462 -82 -383 278] 5405.9
[106 -593 733 -310 302 -253 -493 553 1046 109 -134 -216 -156 -391 -355 457 355 -302 563 -812 192 -188 338 -67 270 -421 -77 543 -585 533 588 227 690 -305 -405 325 -73 -398 -33 643 -167 -36 -187 745 53 419 1036 352 1226 -72 -384 -685 198 -490 63 -63 557 302 -549 -64 211 -99 -674 51 -90 161 437 -335 -220 1113 27 -506 370 531 396 -86 564 330 -20 -209 170 538 -706 -593 -861 150 228 75 82 -306 -648 301 1185 180 58 47 235 110 -856 -16 194 478 498 304 -185 -12 -612 -917 161 182 139 433 452 -83 532 -344 -1320 35 103 -691 -52] 5111.93
[-329 -382 -254 -657 519 267 263 169 -712 296 -486 -231 -23 -340 704 266 -210 -526 407 -428 -26 -177 572 -286 211 1108 -582 -68 -446 114 -662 71 319 488 21 507 -339 -824 -194 -264 474 -388 456 -105 -524 -369 -141 -910 -220 23 -94 131 -247 488 1516 61 562 336 404 -76 -877 380 -42 -950 -797 -171 181 499 69 22 147 136 322 -763 -329 -413 -248 13 362 -747 40 -58 393 413 -113 636 -30 683 356 -14 529 -778 1006 347 -873 811 -238 191 514 -151 361 386 -392 206 92 -169 693 769 275 1287 -194 -121 210 133 -643 325 -587 -87 449 -437 478] 5231.46
[-36 -36 233 -302 498 677 218 -680 -887 189 406 554 -656 -642 394 -31 -319 62 448 -419 103 -616 635 463 775 -482 -41 630 872 -147 -66 391 129 57 -108 214 -331 119 -410 -1 -494 439 -220 755 349 -138 -193 -285 562 833 624 296 -111 -581 -405 65 32 194 211 -474 247 265 -322 -37 -259 -254 597 -312 -597 579 160 457 4 -362 -171 -373 -248 -441 -132 -172 -76 -741 514 -742 138 -356 -2 38 969 645 326 285 -176 -730 -208 -538 1036 -695 -264 373 -400 -52 -173 -524 -4 -152 -719 -83 392 -43 -196 -557 -1064 303 -147 389 -514 248 -658 -361 139] 4817.54
[-97 605 722 345 -663 -697 -170 -444 53 -195 -174 291 24 249 -326 -396 -438 276 -203 62 -780 -127 -451 352 -477 122 62 -781 339 409 491 -104 -493 83 165 -675 296 -740 528 -338 308 255 -725 4 -528 -802 -146 775 43 441 -312 -64 -424 187 -742 -104 -199 520 -415 546 264 404 -404 226 862 779 635 153 -732 -362 -164 75 -189 455 -178 439 601 -489 38 146 260 -387 -21 80 -555 -19 196 890 -728 -138 171 -8 310 -1190 357 375 64 -111 508 956 -379 -71 298 205 187 513 -471 -779 196 -166 165 -26 526 -247 -1666 -307 164 45 252 -66 299] 4996.59
[-706 -286 -460 437 517 -138 -414 576 224 558 -399 -267 -273 123 -243 -148 -437 874 -619 475 -582 1122 -25 1 -204 -500 -380 -1070 -355 791 -1244 845 -184 698 -49 -181 276 355 57 -206 -116 355 -73 -88 -45 285 279 368 -493 -178 -257 -258 -90 3 -714 -526 34 -493 -4 -270 189 -965 411 347 502 240 -317 185 190 279 109 -246 -1471 620 -25 126 -262 -21 519 -291 570 -260 -153 -824 -256 334 -668 -1500 -485 -494 -86 -440 344 63 -138 -503 482 123 -624 -64 -394 687 -518 68 79 10 -162 15 -177 25 705 -236 540 114 -59 -420 -334 -383 -359 -37 604] 5135.87
[51 311 -1161 -228 -382 -236 -281 -15 -123 0 212 442 85 168 3 -254 -362 3 -600 69 288 -217 -544 -521 216 -107 185 -903 -328 -172 -914 -183 170 338 227 -950 -182 -126 -1612 -137 -493 435 281 252 773 -79 -87 -514 -443 196 769 -216 -662 582 -96 -111 -434 -269 124 179 281 -148 -75 701 716 78 348 -257 41 -162 -76 -101 -859 426 45 -263 -124 729 -365 -244 421 66 308 55 482 -117 -419 239 -75 -79 64 126 -265 303 354 -1133 -147 37 17 -438 -9 541 17 -207 -836 159 -508 71 -705 64 285 -677 -115 619 581 418 338 -33 -277 -246 379] 4664.58
[-275 -165 333 -444 -70 226 171 -574 787 118 -366 -230 -316 -632 -1198 436 119 7 -308 -683 -277 -1469 -33 766 -491 277 -281 -408 168 318 -733 -273 39 -174 821 322 276 457 -393 -411 -751 -293 401 -257 614 390 613 -818 -451 340 -389 -97 -454 -396 560 769 -151 -309 677 58 -1366 -826 -188 -569 538 -821 106 -10 249 -535 564 -653 445 -531 481 -248 -664 -206 309 -105 -648 194 200 -588 -410 527 -760 442 30 822 -320 -324 113 377 56 -471 336 -7 -27 1330 -123 327 -220 -703 -146 -332 55 515 -219 -616 367 -251 16 -234 1014 -304 215 366 -828 225 -1074] 5581.23
[5 0 314 908 -71 -91 -100 -125 -1265 -149 470 56 503 1519 189 -822 507 371 346 81 -707 -45 -185 395 83 446 34 414 278 285 183 -58 -122 878 -153 40 180 86 -419 144 418 193 -709 330 297 156 -131 826 -942 793 -227 -754 239 95 919 378 -331 1061 -35 -173 697 -52 180 160 758 226 -19 333 -481 253 -86 -539 -314 -71 469 456 30 804 13 335 -422 198 49 -33 -138 -59 251 -765 116 249 102 115 -46 113 -424 -356 649 58 -1052 -185 491 185 968 -209 -547 1013 -400 -331 254 -559 413 -58 -73 228 907 379 -311 498 -773 -208 236] 5149.55
[-143 295 678 303 538 306 387 57 613 -807 489 685 316 139 33 684 -102 -816 152 145 630 131 -396 -21 752 -13 -26 580 164 -194 584 26 669 179 -64 831 -47 311 138 544 278 141 -132 -29 1249 -237 429 -654 442 -274 -417 -646 -447 109 932 -859 -270 194 -326 211 8 210 -641 1252 -264 906 247 -693 893 745 876 -122 -567 464 140 93 859 273 -164 -866 -1 316 171 182 21 -617 -500 -113 1004 428 384 -21 -162 -178 132 -945 -170 145 538 -1131 -317 -120 696 -299 6 144 109 0 303 504 -495 -16 -1076 809 -112 -625 113 60 143 1 756] 5440.93
[-840 -38 523 -767 615 -391 -438 150 379 -644 -77 -251 -348 -752 1 593 -320 -226 -230 -600 -81 191 104 -107 -662 -527 -65 -542 437 -678 195 -106 -469 -403 -660 744 684 362 798 -25 779 143 546 -224 450 300 540 -408 1489 -174 -517 113 -344 84 -361 615 82 -729 -80 141 116 -1031 319 -342 -674 57 -270 -165 -267 -673 -217 391 -102 -1147 167 39 -777 -16 332 -250 -202 -560 210 278 -280 -289 -448 -634 -364 220 235 -115 82 -732 -705 -125 963 767 1130 611 698 452 -304 206 -172 221 -643 187 903 682 314 427 85 531 -804 -1396 497 60 -351 756 365] 5628.75
[17 262 -104 -104 340 482 -614 713 815 1 -820 -396 -211 83 -10 368 171 72 -624 156 8 -226 630 -554 -248 -164 -1337 -16 -892 88 -281 -238 219 -274 -552 -326 119 61 375 5 71 -424 -1011 -117 -530 334 205 767 208 308 138 -701 430 545 164 -1 -479 508 -923 -598 -596 -338 -545 -6 143 -676 -45 10 2 -187 -166 -81 295 -507 108 247 358 273 -87 -359 -363 1136 879 -672 836 -97 132 1107 -737 -663 184 -130 200 1187 -362 241 -542 376 34 -831 -86 -168 85 -799 307 29 548 417 628 6 65 157 221 105 14 -501 -277 -84 -44 -518 -396] 5076.99
[-100 -707 -756 -370 -281 -81 337 217 -370 238 289 -133 299 942 325 -402 -232 311 248 608 55 2009 324 290 39 -239 -205 -105 62 409 97 -325 -769 -191 -302 -111 -547 339 -483 -379 402 100 -389 -499 -782 -583 230 -1438 389 111 269 57 -289 -405 -649 230 -1 -674 -710 -149 854 337 -732 265 295 -177 25 -39 -582 -525 532 -752 -935 -230 -602 -409 -522 -1473 84 -85 70 -357 501 -371 -408 323 -626 -399 -30 -84 -430 389 625 406 367 192 -88 450 -354 -1135 483 197 -120 241 -982 283 -726 154 524 225 -109 -1289 491 -137 -401 -390 181 -539 -902 413 -315] 5676.29
[73 463 545 288 383 -570 -377 692 411 -405 426 -828 286 992 -38 498 432 -551 -115 14 701 1032 -180 691 -703 535 -201 820 -17 216 -17 -625 -113 -483 -265 488 315 1100 30 -213 317 -965 -146 -425 149 168 801 -826 50 -831 211 -233 -96 120 465 148 -893 530 -128 344 179 -448 -281 -590 -842 479 71 -884 -517 -886 -228 138 -254 111 177 174 -10 351 179 324 -967 429 -167 -424 -1 132 115 -68 929 -470 726 -102 -268 63 -449 311 -397 800 -5 -852 339 692 254 563 -293 311 -883 541 210 110 -84 153 25 134 333 368 863 238 974 479 929] 5450.27
[-1060 -179 354 -800 -507 -303 1026 -783 124 -96 -539 -129 47 116 -208 -214 -196 -348 -46 -601 -344 719 161 -456 622 -574 -452 440 -421 1161 -114 179 -540 305 382 -424 -57 -511 160 -270 295 -1159 -376 -789 372 -5 -364 -919 240 -516 8 14 -142 44 -1179 198 9 -448 196 869 18 1 287 95 -139 358 844 -401 -1239 -409 346 -364 792 203 152 -355 -601 18 -74 510 -689 278 37 81 -256 -588 -424 -119 101 -374 -578 439 -271 336 234 212 162 250 700 -26 -160 -448 -99 238 -429 17 -402 808 -262 185 -733 -353 689 85 27 -208 84 -79 -602 -100 -601] 5113.66
[-778 146 42 -1045 240 -353 -228 -393 -63 -36 -484 -51 117 -373 -753 753 -465 -190 -473 -956 -521 230 -415 -284 778 -321 -219 6 37 280 -1283 251 1180 -274 -471 -256 65 77 -233 -463 -142 -65 812 549 77 445 -232 205 354 -299 -13 -405 -534 18 -986 60 -956 -41 198 -278 22 -17 23 -145 -362 -745 199 -462 1 1225 -666 -274 -238 -224 48 406 -362 980 433 408 719 201 -396 -220 -268 -1017 413 -472 1233 119 -625 -667 -483 343 -385 -905 -150 -243 530 201 11 643 -219 -492 -289 -459 -385 -237 14 532 51 650 115 -523 366 170 -831 498 -371 -539 132] 5379.47
[474 -766 -75 -213 -1 822 419 153 161 -66 -222 469 711 -741 738 -49 238 251 -481 -147 -4 -230 215 199 958 608 -860 -81 -620 265 -42 -654 -803 -363 -607 -345 -465 141 27 76 851 -372 1170 -426 -7 439 -451 -165 -177 -410 333 -218 -791 45 67 546 223 -67 -547 16 336 264 328 -267 -21 -485 285 -142 -222 -1229 74 226 687 -383 0 -156 101 -604 -532 -301 137 402 -244 610 555 9 8 118 777 -295 934 301 500 407 399 651 -120 467 403 -643 182 -272 -408 -493 393 407 408 301 -134 -9 571 174 -297 574 -281 -487 -331 -364 -58 26 -873] 4935.95
[-111 -704 -34 -553 -145 291 223 -522 -373 142 -75 185 -66 -764 947 -892 106 -53 195 52 -52 926 -209 -901 631 94 251 7 -197 -237 -266 161 -152 997 -566 225 -240 123 -246 195 -331 -401 113 -152 215 363 -126 92 -372 144 409 132 297 -127 -378 185 294 -382 -6 77 97 255 469 -532 -408 -464 -341 -480 -680 -981 375 177 -45 160 -359 -367 -884 -112 809 -453 -499 -225 562 -216 -41 109 152 -878 220 186 314 -40 -364 667 91 -306 170 386 -409 -903 -92 -217 -620 -473 -565 -211 633 -62 187 -503 402 -418 63 167 57 287 -145 -495 -202 619 -337] 4517.05
[572 706 -687 321 321 -271 -703 655 -759 -303 -150 751 -1514 127 -103 339 263 442 -147 -485 272 -134 -456 737 -766 -246 923 -108 292 895 89 -220 -709 130 233 -813 53 -133 -33 -752 -484 860 86 418 -643 -65 574 819 -319 192 381 104 -636 160 -97 52 304 423 465 -29 -27 -651 242 502 143 -2 -127 -905 82 -296 -151 -337 -790 20 223 7 -29 750 -889 526 -301 -747 245 -115 -51 462 -602 151 337 404 222 95 18 -253 -225 453 -135 -250 -127 834 -86 411 162 -23 -170 -9 666 27 570 231 381 -424 287 -115 219 71 -271 -443 -14 393 -533] 4976.03
[-388 172 141 -13 717 -163 -13 -115 -111 508 -365 72 450 116 757 389 420 -449 -677 -472 -123 407 -155 -332 489 -1184 519 526 -169 -428 -347 -48 57 -372 -382 -191 274 745 -71 157 -9 -940 740 165 1229 1125 -163 -8 513 -1198 1172 329 -531 255 -131 487 -652 -301 -294 122 260 654 770 118 -624 552 -1042 -296 40 -292 -572 1105 -95 328 231 -517 30 542 -766 528 73 374 -514 -69 -175 -402 592 58 1224 -1157 695 236 -497 136 -645 -268 -3 73 -164 511 -115 -150 -292 419 -114 -640 -808 34 228 -431 -70 0 -439 -203 289 -3 185 705 280 -110 -239] 5462.54
[-217 -514 416 9 1005 -442 273 -359 -575 -9 32 170 121 337 532 66 530 -662 9 190 14 -164 294 647 689 -113 -58 371 -388 276 -425 -550 143 -503 -188 894 -5 20 104 63 224 197 -270 -336 99 -656 493 -768 466 437 -491 -899 -77 -243 194 889 -298 -234 310 -74 56 -1051 -118 -892 -284 -640 268 23 -112 915 180 226 -118 123 -528 -812 -219 -501 475 -542 -885 225 127 -441 129 -285 -604 -244 642 551 -885 474 246 46 286 74 815 115 681 -114 700 225 371 -173 -352 -95 -447 375 504 91 255 343 -485 450 902 375 637 559 -185 4 1008] 5014.18
[-720 237 402 31 312 707 -708 -854 123 406 108 -44 91 286 658 248 367 36 -382 -133 271 -998 -1065 -306 644 -260 244 -379 549 422 -280 -105 41 186 602 -513 339 256 216 -393 -345 569 -247 920 21 398 -87 238 239 807 537 430 -147 -386 -505 91 -357 -1217 292 -310 -19 101 -663 104 -266 131 -349 760 -53 645 510 -246 776 -278 338 687 -463 179 -717 503 -317 380 -282 -366 435 -241 -465 -74 246 -295 -498 400 -267 -164 108 -44 -114 -236 -320 43 -239 -516 507 -145 -102 -368 -580 -473 456 248 -552 448 -502 -466 597 -292 502 829 -116 -370 -821] 4899.77
[-806 -664 299 217 -246 -67 -743 -552 984 1279 -206 -485 308 -637 8 393 880 -286 204 -199 -125 405 -507 90 167 -189 -188 776 -537 258 10 -525 468 -601 -21 -492 -199 151 -90 502 70 -487 85 -1083 612 542 47 355 143 308 -146 203 380 -341 -639 168 -588 -442 -225 209 439 -867 233 13 -223 458 -123 -16 344 -261 -133 -320 -79 762 648 1142 -661 -386 822 1175 639 102 -755 -875 -44 310 232 -215 905 739 66 952 146 -70 557 -368 334 480 -117 141 -245 -677 183 -531 -195 65 -678 -821 119 -1073 -93 -44 -547 874 573 -492 -59 642 190 538 -704] 5562.32
[807 191 15 289 408 -713 -209 443 -46 944 -288 2 -1179 -402 -443 -405 -284 255 206 -155 144 -775 680 44 -792 207 -278 -530 41 245 1528 -351 -395 200 -52 -690 317 -3 -74 -45 -86 -451 156 -953 190 916 -997 855 219 -204 527 -265 68 287 -76 -5 108 150 -943 -227 -134 -253 203 -101 -756 485 33 -1348 -100 -1679 -638 423 -398 -316 1032 -67 -205 689 109 601 737 -8 -459 46 605 223 -255 614 487 227 495 -713 -174 -643 -251 -98 -404 657 391 372 -694 -73 162 1039 318 29 193 611 -447 -551 204 126 -146 -142 11 122 -575 -360 41 265 -627] 5616.85
[-463 -546 -28 195 -22 705 149 -176 -1154 559 -504 42 633 297 -455 12 425 412 58 -117 -592 -50 200 -394 732 83 743 77 -370 -1332 119 -139 -174 -97 200 484 -370 -197 -502 -746 367 397 -277 -551 -503 367 -350 -1372 -243 100 793 402 108 102 810 549 25 -206 982 235 801 407 735 -585 -230 131 -665 503 -122 49 -20 257 -422 -32 -245 618 -736 -692 14 205 -88 -531 -252 128 5 -51 395 325 -394 -162 458 -674 -409 366 -596 -30 355 -160 -416 13 1090 -306 -424 266 716 -68 -317 152 450 -589 615 -262 266 -438 -138 350 313 1332 171 143 -496] 5229.69
[-338 359 -35 674 72 -77 313 -404 -396 640 -881 -137 -87 -61 -443 1488 -340 414 -308 -64 33 -276 1323 866 -84 -245 -390 -150 1015 712 85 832 -584 -230 90 184 -148 -160 328 36 -7 -203 386 506 224 -661 -153 -835 -563 -546 -127 -246 -39 -459 949 -57 -305 278 -707 -79 -935 -345 489 -104 -275 764 359 24 997 -169 19 97 266 -900 509 -649 58 -305 122 -815 -182 -289 -394 -228 -352 -110 -330 468 -158 1128 -488 -181 -445 -329 -452 614 -256 -800 -389 -76 -353 -880 254 42 360 -853 298 -92 -171 267 -35 384 -587 -414 117 -697 -451 106 -933 317 -1218] 5503.36
[-27 -23 290 -64 -283 534 -33 276 646 -13 448 -575 -469 598 262 -302 434 -397 129 590 -418 -285 -332 -482 -346 -165 -486 -251 -370 17 -225 -322 52 -406 404 -224 -222 -181 377 -89 463 68 -722 569 -24 -370 -479 -739 -142 608 -325 689 583 359 196 -31 -344 -291 151 350 -216 -504 -1 881 61 -876 346 532 -438 76 -1096 -904 176 -577 -123 -35 -42 242 358 440 283 886 81 -116 479 1038 -473 177 109 -108 271 -486 946 268 -122 56 -193 -141 -206 -1339 -670 -238 657 476 198 451 -140 -40 -183 1168 -429 59 -308 400 329 -461 -497 -401 233 265 -624] 4906.98
[-123 552 -232 -860 -512 707 77 -279 609 726 -712 -362 -656 -335 -1021 -532 -745 127 -159 -744 26 -220 -254 -392 -337 -325 257 49 -534 -689 -448 -789 -17 -185 59 -138 480 175 575 -411 -282 -337 87 -326 424 319 -205 294 -919 -646 -373 466 552 -336 -150 125 436 380 206 339 -324 -143 172 679 -153 302 -627 -573 806 -611 -415 319 104 -707 684 -218 -267 861 -870 121 61 132 215 -313 666 -941 460 -328 -262 -23 -87 704 225 328 -847 -952 -359 296 822 -301 -385 495 -769 162 833 55 -300 8 -1001 144 466 406 455 -305 689 -283 -830 201 -201 91 -136] 5302.36
[607 253 -903 103 -565 289 227 -50 28 444 27 -716 -1294 472 -172 -66 -338 -133 739 -188 388 -9 424 -179 201 -248 667 379 -113 1593 410 -81 1 775 -62 -207 1114 -759 130 297 141 -406 156 -69 -108 318 -421 816 -223 578 428 471 -354 404 -608 914 187 190 -383 -552 -351 351 -47 239 392 -595 541 497 -444 878 -216 152 172 192 825 1407 -197 655 891 -13 306 -275 -325 -655 698 292 257 602 542 -218 -416 248 -165 -371 538 92 321 -618 -154 203 104 169 274 325 -280 -272 741 85 -187 511 99 -55 44 -119 -86 -34 -481 -589 -811 305 -289] 5266.96
[33 213 -436 -433 -277 -352 -590 191 26 417 -374 497 -349 -504 -525 1132 -187 214 -68 -323 367 855 285 -599 -1049 98 -103 -127 221 -788 389 430 439 119 -420 -441 -401 373 -311 874 411 -178 -43 -747 -248 484 435 232 1306 -214 596 -959 575 386 276 -958 81 527 -1004 388 1050 -556 -40 31 191 475 701 -224 145 -134 226 583 -751 462 -75 796 855 526 239 252 6 -341 132 -205 -610 -26 -523 25 -574 590 255 -673 653 -184 -537 4 88 -82 629 -201 494 828 358 250 -648 -325 334 466 471 -538 568 -255 431 -118 -64 908 -574 -160 302 -131 148] 5377.67
[655 -5 286 -255 -100 -46 -370 -208 -546 -235 -698 701 -689 -128 -21 -61 -123 708 -914 -8 -467 321 -503 764 -74 -44 -401 476 299 236 840 -720 102 -876 -272 -213 -196 -33 -282 -194 636 225 390 188 -1402 -662 259 217 170 -4 457 -283 379 390 -329 431 598 485 573 -35 -144 -148 -422 6 -135 -9 166 -996 -105 -202 407 -162 776 250 -264 -36 -287 -353 -314 -918 -41 -31 444 564 661 -225 232 569 163 -177 -97 -46 -650 107 192 655 195 486 106 -923 -284 -944 -140 78 -9 -133 -295 46 534 160 534 25 813 259 -751 -540 -200 -143 189 -247 -800] 4885.8
[-289 131 -448 -269 563 553 653 425 -259 -412 -759 279 596 231 -910 99 351 117 -416 -357 -31 -45 423 -737 96 -243 197 415 502 -448 662 271 -233 -78 -489 -222 -284 581 381 383 -491 120 139 -223 496 376 89 -622 197 -394 -704 -451 113 -493 552 563 299 865 -168 255 111 185 -211 302 -54 322 -103 -401 90 -251 482 157 -36 562 976 291 76 -189 -668 -263 70 -137 -63 -496 -256 -409 443 -626 57 467 210 610 -561 404 152 -169 549 135 -107 1020 292 -765 109 -495 -278 100 509 -659 -239 -199 -348 76 -937 1307 138 -370 519 278 48 368 -205] 4748.37
[126 396 205 90 -221 377 -519 -113 -993 173 -378 288 56 -273 283 354 255 171 -186 -335 -226 -781 369 -428 -583 -283 -178 602 -242 -567 -244 272 67 -248 -82 514 -250 -15 24 318 81 60 -168 -665 -83 -174 -754 -20 -464 1461 159 -353 489 -399 508 -3 239 -365 -168 886 -26 267 -217 -1062 -166 -463 -244 1159 -556 613 13 283 255 -631 -110 1005 -17 -589 986 641 -460 -79 59 -816 -486 499 427 4 -746 1110 -280 419 252 348 -182 -40 405 -46 -294 700 -78 538 233 565 -81 -395 237 -904 572 -993 86 -70 206 -177 -386 604 117 930 370 -459 379] 5190.1
[-235 -591 25 379 -6 583 -555 700 892 -938 675 -476 60 422 -345 -413 120 -578 -72 -41 -919 29 54 -417 247 -913 324 163 -660 391 -487 -246 -718 -785 -382 -79 -120 593 332 -348 -733 -154 -660 917 77 30 932 -13 -103 567 -594 204 778 -297 -833 -16 -707 -110 -85 -226 206 -544 -1081 94 -207 -492 -85 175 -819 484 -936 -996 -673 -81 -562 438 1017 -163 87 -159 82 -13 -504 -930 -761 442 -262 -800 -155 -331 -628 227 -35 -186 -92 280 -335 148 -709 393 13 623 479 159 -420 -174 -1094 -242 -226 -235 -141 184 301 -353 770 254 -136 240 -279 529 -427] 5441.8
[-543 -57 -298 371 497 -457 179 290 -94 225 -320 -204 684 929 -628 -923 -166 123 -151 -296 -479 353 -232 -222 -395 -252 747 -731 -97 157 -304 -64 -437 572 238 69 24 -58 -320 -158 26 784 272 7 -133 -356 532 -385 89 41 -505 -205 -902 162 -934 -686 380 -1108 -626 -298 -34 9 294 383 879 316 -645 539 -291 -770 397 -530 -1481 -148 90 537 524 -793 810 -745 538 -111 -778 157 -436 371 -288 -201 -154 192 -370 -97 315 -340 157 -901 278 311 -560 451 -251 835 229 1461 -691 -73 44 -335 226 -298 504 -167 685 325 130 -333 299 -112 -112 1160 296] 5417.76
[737 487 115 -511 20 44 -219 378 19 519 -74 -38 -939 6 -538 -77 -611 861 235 184 -557 351 81 301 -247 -733 486 -1598 660 71 693 253 356 1135 444 -358 -101 286 382 -271 -503 51 -663 -708 980 165 -318 -996 410 390 -543 -719 -39 -403 -1099 -301 -459 -730 384 530 -852 -158 101 209 -247 504 -277 -228 245 -60 -350 -248 -271 -348 663 -731 -814 -770 407 -514 -116 -13 336 -569 1053 -156 -1132 -229 92 225 338 -446 -700 761 452 -334 -669 43 679 -329 158 396 -461 -134 322 227 1237 415 -1027 -353 240 279 982 -58 -510 -273 320 -632 -225 -225 70] 5782.92
[329 251 290 146 280 -814 147 332 232 -237 617 538 610 590 60 267 836 -36 292 -30 610 -143 -16 142 328 878 -58 -161 1038 281 -272 407 -56 22 -81 -179 134 353 108 21 445 -70 -125 136 -410 200 -78 -68 -419 -42 -909 -813 174 354 -248 453 -99 -605 649 -344 -513 171 45 -775 204 -199 -810 159 497 -280 -188 12 -181 8 -26 507 -346 -75 1021 -878 -487 -242 -698 89 228 334 -175 -689 379 192 829 -528 -262 773 677 553 301 219 70 -290 302 -439 168 -100 -68 673 743 -7 -38 -289 -461 -630 -205 -608 -402 137 742 -204 316 335 -674] 4719.27
[508 -190 -257 -700 -38 163 -20 1067 -131 -1155 606 -626 -100 634 -407 -589 43 -288 473 -170 1087 572 190 848 677 -96 645 673 -483 -355 173 -564 457 133 3 -304 -5 364 145 -455 -254 -407 681 -739 38 139 531 -421 50 152 801 1374 132 -617 -404 -414 -75 -253 -321 -920 302 -68 -197 1292 1048 -57 228 470 -215 -760 -274 426 423 476 528 472 820 -114 -615 829 -675 -240 239 -273 748 88 -102 -46 973 227 -89 969 37 255 713 -246 -68 -118 647 -12 -95 36 101 180 521 -264 -297 877 566 509 -768 -63 -935 702 484 -180 -635 -462 545 -247 406] 5706.18
[309 657 -1452 910 -48 508 267 -94 -401 379 206 -595 -317 343 713 -601 170 13 343 -351 -219 -27 610 127 446 655 641 556 560 296 426 -473 -369 463 462 59 -301 411 181 -427 -130 -452 348 -263 75 185 -12 500 -670 -89 85 197 79 62 404 -415 346 -910 -734 115 -335 72 200 -180 -503 482 -1184 -26 -62 -360 112 14 -41 108 197 492 528 -95 534 1073 26 -60 -101 724 12 410 159 126 248 359 -455 367 -435 355 333 -142 -349 101 -312 220 -652 -690 -459 1583 -156 -364 784 -126 317 -22 221 -84 42 -126 -20 1 -11 467 385 584 -667] 4952.23
[158 318 200 -288 363 501 134 145 -195 -324 -25 272 -1159 -467 774 -564 268 116 -686 127 222 -279 -712 72 -227 619 41 -26 523 -603 433 -257 400 317 -84 506 17 -105 -290 -23 -215 1028 49 122 -1358 494 426 153 690 359 852 -551 169 -576 613 254 342 760 -267 492 -394 -126 -490 482 -283 -75 -305 -989 11 -552 439 153 -275 177 357 -140 268 -443 -36 156 498 -709 536 249 -120 144 46 -39 -921 -439 -176 -344 218 -484 -510 -91 734 229 244 67 -50 69 -262 200 -334 209 -812 -582 -7 564 397 124 303 -219 -652 -392 302 303 368 575 646] 4830.17
[1070 -22 89 117 62 -369 -4 139 -177 -137 -22 -245 -98 -47 -104 -479 -216 405 -600 -511 -523 717 544 -424 -702 -421 593 -404 -147 82 -532 462 -502 881 -301 1 -14 240 -627 181 206 -522 277 410 467 -270 254 489 -709 -752 305 -786 659 647 297 -708 900 467 -248 304 605 115 -306 346 970 599 783 -591 448 295 -63 218 -1221 648 -746 -250 366 836 -397 -259 323 -29 -195 85 -179 204 -124 -598 -666 -304 8 -252 -1139 -536 -339 232 -750 -313 -485 -955 102 816 -911 -46 -203 -5 -598 -755 -560 72 380 -536 351 467 466 -162 -387 -24 302 -130 896] 5391.34
[-149 72 -383 -76 581 -618 149 861 197 -345 251 415 -224 1366 -685 -193 414 -23 100 -285 253 12 368 320 393 -266 620 379 62 1122 -523 950 -790 921 -655 -416 259 129 241 -473 -42 -394 -47 -406 -251 -85 542 630 100 85 792 205 12 -840 -650 -199 492 -503 -849 -839 834 -135 215 197 -252 618 -160 846 478 260 -18 326 -1008 710 -333 -285 125 -530 -815 -655 -669 -50 103 -245 -1123 -495 -499 -595 610 -148 -1364 578 188 -444 231 831 -298 -668 365 452 286 1250 492 637 196 -577 834 1092 102 42 -13 459 -356 -126 113 427 440 366 -516 107 -176] 5817.29
[-230 -685 294 742 592 751 -426 -351 -81 -406 -43 -502 408 -115 -300 -640 54 25 -350 233 -98 399 76 -136 -360 -118 -14 193 -340 -623 -146 -869 -195 -658 -445 401 -376 312 1013 -18 51 -482 -324 -734 820 -141 422 -541 -453 118 -505 -408 557 -515 -132 1012 -100 271 449 112 258 -476 221 369 641 201 -75 -287 -598 44 -419 -415 207 43 -107 -276 -20 -1020 -212 484 -795 368 -250 163 413 -410 -228 -1187 128 45 -226 376 -403 120 294 137 -13 620 -920 264 430 -375 -510 102 123 95 -934 -638 -398 -753 430 -350 11 273 561 -159 603 34 -341 309 243] 4859.91
[-729 318 364 -41 401 804 -353 580 -460 -28 -45 -513 608 370 -4 165 -343 242 -39 286 -118 577 48 -200 -82 -357 -336 32 -691 -252 243 -444 -282 460 -371 -518 -485 -1021 636 -289 267 -309 -537 -1070 270 290 -643 -1111 145 518 39 459 -174 -722 -10 116 -244 -375 -674 884 848 625 -690 196 -50 58 626 464 -619 -1211 -334 225 -132 -174 794 801 202 -397 -526 703 -136 -174 -15 -188 82 -126 -174 222 274 -115 50 410 -356 140 161 405 -234 188 563 -117 70 -846 1207 -352 -330 1023 249 -288 615 -624 -239 -470 -695 901 -519 -116 216 -381 -877 302 -511] 5328.17
[133 1128 -272 -726 132 421 447 316 -425 -550 -499 141 -57 1146 -695 -173 -194 247 -341 -89 459 413 234 -24 -291 -182 -42 -436 212 570 -138 488 327 152 39 -385 -708 -511 -902 307 -125 -155 10 -263 -979 394 14 103 -144 184 571 108 -14 -390 -336 309 -76 841 -186 -195 -767 732 332 489 48 357 105 -553 -45 -1350 213 540 402 681 -44 44 329 -222 -237 -784 -698 -861 258 -243 484 -248 479 944 -455 365 164 77 -306 801 -23 445 -258 453 -188 -289 189 -971 723 -500 -446 286 659 355 207 -71 -781 -512 23 266 -517 454 760 -754 214 158 -107] 5155.35
[797 -153 118 -29 -422 470 583 759 96 -122 157 307 220 56 407 380 472 -228 593 593 238 1062 463 513 173 12 408 578 -314 -400 805 -530 195 687 -353 743 -586 613 -194 76 393 -755 10 323 -422 333 -433 -1294 482 -916 283 -183 -419 -564 883 275 1067 539 -342 685 94 1177 -35 233 -436 -499 196 -72 42 -595 260 965 -893 431 -398 -755 -27 -255 20 587 223 -260 -417 -213 387 625 168 -33 389 -168 1132 255 334 -330 -186 -133 -80 337 -399 -1192 92 62 440 -544 263 824 -89 451 -257 379 -526 -19 -87 287 -372 -39 -401 -452 644 471 264] 5421.53
[188 -161 -501 78 406 412 -1109 -20 -401 449 578 71 -941 -382 -728 -186 -572 727 -375 -292 -376 -344 220 -36 -782 -396 1151 -589 631 -627 -23 -390 692 -708 9 -12 167 -160 312 -418 -559 1052 -185 329 598 168 682 -135 4 256 -889 525 792 72 389 96 -334 332 554 -154 -687 -840 142 44 -5 -294 -843 39 -96 -5 -765 -352 -630 18 22 377 -976 -1249 423 -272 422 -997 -154 205 -169 904 37 -370 -614 544 445 868 342 -185 139 -486 -594 -262 -768 771 -203 -362 -223 -254 354 26 -769 -404 216 30 172 -406 127 513 -29 167 -711 -104 -101 395 -37] 5426.88
[10 -472 -1546 -1040 -51 -306 1206 -201 -367 -64 290 -1022 996 -217 125 -455 -18 -254 -297 -211 -232 -126 861 -1056 498 -28 -490 1011 -438 62 -683 253 -546 -428 527 -570 344 -373 -268 170 -270 -650 590 85 -720 215 -1614 -197 -883 -260 -66 236 218 611 65 169 343 131 -698 111 -20 -483 244 -447 462 -211 50 474 -120 -728 635 -64 903 -892 -203 785 -138 471 -73 729 1137 152 -545 -891 -116 -565 593 934 -906 579 -632 626 -8 188 545 -277 435 455 -38 -89 811 -223 -229 -610 51 137 358 99 -603 556 -496 -363 115 240 335 -334 309 -98 -201 -413 -524] 5882.27
[669 833 -17 -331 125 210 67 50 217 13 -73 -229 -368 584 91 -128 367 324 -214 160 84 -49 185 -42 -422 425 625 319 926 141 459 -411 126 -597 -102 -181 286 504 -704 403 539 -47 -104 1111 -1270 -126 -286 235 751 234 430 -770 465 -67 850 1241 442 568 -509 53 -622 -45 -589 71 -70 -821 -198 -117 -355 619 -140 -3 -350 -438 -398 -206 -436 115 -263 -435 -211 383 480 -69 468 -299 555 -43 71 -22 -326 192 723 -74 265 -420 543 -481 -446 -931 -520 -524 778 -80 -746 -38 166 -423 312 457 297 309 255 227 161 599 196 -161 -734 -123 -647] 4924.32
[-365 -363 135 334 89 214 -89 300 -211 -394 -496 100 61 540 -683 121 755 -941 -204 -19 291 342 407 -49 -14 614 -888 712 166 32 74 -616 -80 -256 -148 865 -666 414 -32 249 -706 -277 143 -225 -550 386 310 455 -175 -210 1123 -179 -488 -354 527 372 101 -39 -443 -438 -495 39 713 475 -327 237 -94 -480 290 -338 176 -425 519 -438 -439 366 271 -189 792 179 -585 546 -13 24 -336 -299 451 -501 561 794 -421 -858 259 455 202 770 -73 228 -1262 -571 85 282 394 518 108 -366 -188 -309 20 119 138 145 -877 -407 312 -409 -19 13 368 738 -500] 4853.96
[358 -529 -496 -214 1118 330 -474 276 -741 781 -299 329 30 365 544 -557 58 -410 -849 312 81 -411 106 -5 -65 -101 -190 366 -931 108 -143 -350 158 53 -428 -292 489 65 639 187 405 435 305 -872 -17 153 -215 514 773 12 149 -475 1038 816 -396 -15 -584 -88 -82 -133 568 -694 -366 -318 -28 -436 -1178 1042 -151 461 -16 -33 -149 28 -10 950 -799 -357 530 -456 -354 761 -130 52 485 576 -39 -119 301 -578 127 33 778 1014 659 165 -261 171 748 726 729 70 280 406 -811 174 682 342 341 29 175 246 174 576 462 825 275 448 548 -336 630] 5313.19
[-588 -3 -766 528 -582 879 -46 -649 -612 -123 -496 605 -821 454 -842 -909 633 921 456 256 316 365 -419 39 -994 409 217 43 328 470 314 -266 -515 726 94 -155 581 -148 647 -3 317 80 -813 -906 -460 -158 -152 -359 263 294 -384 -229 353 6 844 136 -230 -264 -844 -398 -633 -744 171 1134 53 -892 1201 -104 -140 -883 712 -44 -464 -391 384 1094 169 56 310 599 -313 223 165 6 -500 -695 -404 -575 -477 456 -72 -160 -469 -489 -54 -465 889 132 285 -334 -455 495 405 478 -206 220 1317 -4 745 -429 832 338 -867 -145 226 -125 1 -363 -583 307 -376] 5737.58
[844 298 -281 250 219 -729 -371 591 -444 532 217 143 -19 -401 452 -181 -524 211 -235 191 -235 31 205 -483 -164 -786 -145 198 -246 -1017 -92 -166 -374 312 28 49 547 -284 407 -837 437 -469 48 -374 1466 -302 -752 -49 270 -572 -421 290 336 544 44 423 176 297 559 38 349 -57 -19 -154 -561 119 -127 30 348 263 -769 -87 -212 -832 615 -704 -1398 510 -934 -117 26 -23 416 703 611 -191 707 578 755 -920 1468 520 -145 199 -566 -64 -500 1 612 169 -15 163 -547 -353 1283 553 -161 185 -481 462 331 -520 26 1048 91 -349 -355 459 -682 -498 329] 5525.18
[-151 -612 -157 -515 531 -171 -151 -282 -1026 -115 174 -1035 710 -145 138 -2 -141 390 -380 -233 -458 781 -261 -358 -729 113 245 979 -1 -138 -138 -394 -576 -450 -715 -138 346 -186 332 62 874 -688 210 543 -766 -1016 -710 -958 -491 -502 -575 -111 588 -177 525 920 399 335 413 560 -179 -112 242 -216 -59 -44 -673 87 -760 511 562 -85 471 -222 -720 387 -718 -484 57 122 150 184 -22 227 -413 535 -170 -272 -384 -49 -490 -39 616 -703 364 -72 174 631 -865 -517 448 -316 478 282 -1084 271 -1014 -623 -138 251 -832 124 318 247 -142 223 -768 326 208 731 240] 5349.92
[-281 878 -278 602 41 572 349 -615 792 -163 -127 -560 -496 -143 705 -84 586 -911 -671 40 692 -625 285 147 414 878 421 595 468 448 -462 -127 530 -746 -275 -280 336 187 -439 752 456 -169 382 -17 48 243 228 1015 -135 -234 -40 73 474 -163 354 -492 -1073 -21 -824 -693 -716 -178 -19 228 -528 390 -952 -227 437 -165 -267 121 -238 428 475 227 741 -116 -366 -216 -138 -483 -288 561 -320 39 -386 -430 746 670 -35 524 199 101 39 358 -391 503 520 -48 -210 -696 -736 222 -330 -553 -525 63 -106 336 -630 876 -371 343 451 -6 813 107 524 609 -704] 5213.19
[-684 -819 -262 31 924 1245 -603 -75 -252 -100 519 74 -597 -692 1270 -607 771 -436 48 242 157 154 9 -32 556 533 12 902 -576 316 -316 465 290 1074 -64 698 -591 -1107 557 -195 490 434 -622 304 -477 664 37 1206 417 725 -170 231 1843 -333 -25 102 304 -260 -159 -728 -77 -645 -520 -522 -308 -70 -133 722 276 -463 691 -109 -239 262 -475 469 -187 -1457 -491 -405 -428 -323 265 -526 -612 -546 -163 231 46 232 -212 539 85 55 -101 -117 -307 70 -882 135 78 25 439 -984 151 -154 -156 168 1545 -102 -228 947 -57 -183 -196 203 648 -70 35 -269 -418] 5960.15
[-166 582 -110 -117 -452 -57 333 -14 283 580 -27 -401 -746 347 189 -618 -140 -57 317 -327 677 -224 -639 503 -9 820 327 28 211 597 1130 -711 225 -349 961 -670 -511 -848 -519 380 -158 -52 -656 -587 41 212 169 408 441 191 475 475 -740 362 317 201 224 -137 -191 259 -367 293 578 713 321 1354 162 -526 557 -153 237 280 659 -858 746 -441 270 521 -213 972 -212 313 -153 644 65 -118 -1015 559 -268 -75 -281 -343 318 -60 480 533 -754 -187 222 135 -257 -22 -311 1115 264 -414 843 10 -428 749 119 -118 573 -354 322 -391 70 -187 209 -75 -16] 5183.35
[-325 -344 3 -567 -421 413 124 91 604 92 -14 37 -677 -504 -702 350 -492 437 -167 -230 194 -171 782 -630 11 -273 -305 -583 -125 672 -734 -83 -625 -78 -828 -525 76 423 528 -114 -59 -184 -322 -881 949 360 574 -188 62 130 -935 -580 393 432 -1258 -106 -874 32 -560 55 260 -1009 -736 247 -191 -293 1064 -829 438 50 -111 -271 -554 -664 -46 648 -132 275 -410 -2 -252 413 250 -31 619 -769 -1172 -133 -126 -96 -617 -447 -276 -181 -160 -149 -357 288 1013 34 -177 757 -451 -478 -337 37 696 -128 -552 -428 591 -267 -146 443 272 -25 -316 -714 -697 230 -589] 5336.27
[-232 -253 -1251 -535 -733 -605 486 -15 618 463 -306 455 637 -67 -439 -22 615 272 534 -560 588 607 -145 629 252 739 472 245 91 795 478 -676 615 -339 -62 -734 -211 242 -475 296 -326 -295 574 -791 189 -151 536 -1439 736 -356 -232 49 356 281 152 653 33 344 -161 -456 359 -1028 138 -373 167 552 656 -457 228 -522 -7 -99 -349 687 218 -21 140 726 155 -68 432 104 -77 605 -577 84 48 727 432 -397 -461 166 342 -153 492 319 529 229 558 432 465 154 307 -262 -193 -295 223 656 -8 -18 370 -411 593 -154 319 635 227 -9 796 -121 -242] 5090.93
[-352 251 -673 -504 -557 197 285 -307 95 -268 570 31 -49 579 380 129 270 -599 602 -7 115 -150 -361 117 41 248 -611 19 1007 1252 -1038 735 171 -335 180 -489 -250 67 -537 418 60 -537 -241 506 -103 729 -434 521 49 -26 1084 167 19 382 13 -197 -1387 322 -547 -895 636 -61 582 587 42 314 -13 -242 -422 405 -276 -888 -586 -959 4 675 51 1138 -213 116 -139 -96 -14 -101 -880 -107 545 76 460 705 -149 -1273 262 -261 38 -649 262 -331 355 -320 -204 258 37 -549 -700 53 -93 185 -3 398 75 -189 -704 -1062 695 249 -254 203 -402 -877 -678] 5458.24
[-74 -530 -680 -676 -88 545 500 -102 -259 265 159 -133 46 244 964 320 -468 434 253 302 983 382 -366 74 42 -810 -227 736 -741 -71 1236 -127 -125 -97 -652 -1062 -496 -87 -206 557 -539 671 -225 546 865 319 -697 -434 902 -41 596 -51 737 254 -187 153 -81 358 -138 317 620 396 347 87 101 -130 444 -157 -475 -222 158 -32 213 -363 233 -1316 -223 184 -954 855 578 -216 -314 357 -561 -1058 -175 392 -243 -685 -590 126 -753 -662 236 -30 -903 -389 353 -552 -78 -300 281 -33 -461 -1294 10 -752 487 -672 100 -65 142 0 -279 551 -170 433 343 -850 61] 5511.35
[-240 -769 -929 -375 330 532 46 -373 -503 598 -682 157 -189 -626 -524 507 -417 635 -303 69 -285 459 -778 -15 -76 -1280 -67 -380 -311 -401 95 -849 220 297 61 -489 -595 297 -510 167 -13 -167 665 587 -128 -349 6 -706 1371 291 -282 -83 512 -215 -9 289 104 -204 -368 -390 -485 -593 -99 48 -603 -990 552 -490 -422 346 -147 -305 756 -216 -278 -854 248 20 77 -594 896 430 413 -102 11 186 -231 481 -317 -561 -242 -540 453 -189 122 -337 -443 226 382 -395 -584 6 432 -157 -1210 -700 441 17 319 -672 261 395 -317 680 343 -39 -759 -283 -188 -172 119] 5172.46
