[-36 -159 -72 -219 115 226 -55 -106 -118 -254 185 342 -188 -66 124 575 179 -118 -500 -112 254 385 225 644 331 -82 66 -97 120 -457 -12 471 -636 -117 -19 -386 -487 -450 691 100 234 13 -337 110 -206 -295 219 -96 103 -294 -372 287 -318 456 -437 57 -273 12 -15 -366 -252 -157 -203 198 -347 -180 -382 63 -174 -59 -87 -122 -395 -378 129 49 -13 -216 -374 200 -735 -200 -319 173 -489 -123 192 -84 115 274 -47 -201 672 -127 -289 -350 129 145 -44 98 495 95 215 -443 -296 -180 -56 -118 538 -124 198 333 -86 419 261 239 -113 -146 -314 -26 479] 3150.07
[472 159 -146 -93 -95 -653 -272 209 -503 102 250 10 -763 76 314 252 110 251 825 125 577 -112 -426 120 235 -386 26 -177 -86 126 -64 60 -3 -281 -253 -125 -36 23 51 84 237 -262 -543 -306 433 -203 153 105 -9 -136 -96 -158 -35 334 -240 110 38 -653 200 -162 186 -329 -192 -176 -368 157 -289 -382 -20 2 430 -73 -25 -423 515 -513 392 254 -135 -341 413 -39 52 -350 -385 -43 -215 245 -416 -97 105 359 -101 -363 -184 -157 166 -27 814 -439 -198 21 -165 439 235 205 -230 -109 122 -237 -284 -268 516 -127 69 -265 39 74 -130 -175 -1] 3167.26
[-136 -570 -332 409 -80 348 355 -270 58 276 203 -60 376 -26 95 -143 -87 -431 -174 157 -326 -103 244 -104 -329 128 549 38 -78 206 -505 -246 264 -286 -120 333 -73 -72 531 -221 -356 248 169 113 -240 -94 -155 -463 -166 135 597 148 -327 -136 551 -132 -810 77 -251 172 -27 222 -371 289 220 81 397 218 -384 468 230 -98 466 37 182 606 -739 -400 347 522 -238 263 126 71 540 48 84 -183 914 134 63 -96 -255 327 545 -45 -277 -114 101 17 533 -107 -187 -290 -327 85 443 308 27 126 379 480 15 304 218 48 -302 332 -139 -684 -119] 3449.74
[-73 -72 360 -151 411 -284 -383 -308 -157 253 205 104 -181 -364 -45 200 608 399 -321 -214 227 -234 158 -633 -63 -19 -627 19 -84 -316 -154 -24 -124 324 -399 -171 233 384 201 440 -287 341 206 -205 159 287 38 460 208 -190 -486 385 116 -301 -316 227 350 332 -137 -37 464 199 514 -74 -333 -25 177 -198 165 4 -132 267 -355 35 -134 22 217 144 -122 28 -104 18 -155 197 518 279 748 -244 -243 4 -210 -42 -200 645 -305 -44 -61 -555 245 40 -144 384 452 -69 186 -245 147 194 -122 325 181 -488 58 -193 -592 729 61 31 288 -268 176] 3196.5
[-105 -127 165 113 -432 100 -48 -80 -531 -241 322 440 -71 57 318 657 41 377 582 237 399 -59 -501 -343 -445 -176 284 -287 -113 277 38 -58 193 -440 382 385 164 78 72 54 76 18 -296 327 762 -55 103 389 471 -117 -421 410 -89 202 95 239 109 -185 105 502 121 -451 42 -260 227 84 -440 0 -419 629 268 46 536 2 -318 -487 -305 -31 -212 -30 16 -260 404 -541 -206 -160 -561 28 -217 202 -139 12 -427 383 -59 210 163 -740 211 -98 -565 116 155 602 362 381 381 141 28 31 362 -284 312 -127 -266 242 55 -163 329 -370 -134] 3376.89
[582 -447 -50 -584 -503 328 232 158 107 211 636 95 675 -360 172 107 15 -278 -460 294 -186 127 72 22 -32 70 -93 188 -591 402 251 205 108 256 172 347 241 109 80 17 -69 115 208 39 562 133 -17 4 52 -243 -150 386 -369 -392 129 331 656 335 -70 443 -15 138 -160 289 228 -337 431 -46 -42 409 324 180 11 -62 253 239 107 219 54 165 -356 42 -99 248 190 -316 196 -312 -596 277 -7 -76 -379 -200 229 -88 -272 -685 -494 -272 39 -238 -410 278 -12 -266 -23 562 290 342 265 -255 23 140 43 225 5 32 637 212 -52] 3190.59
[-362 58 257 -217 -3 51 -367 -44 384 -258 -290 -339 -350 316 -288 -491 192 133 49 -630 -117 -23 241 -219 -136 29 -47 -371 121 50 -75 -201 -263 -357 -481 -654 -165 374 -350 -360 -123 -19 -1 -29 -695 -113 248 -119 -275 21 -17 -577 525 -368 82 -772 -374 529 -144 -346 -237 -182 -92 256 448 502 383 423 522 -249 130 -64 -1065 176 353 370 -156 -66 22 -106 -11 305 -386 -148 234 310 -472 397 602 178 -8 -799 501 226 -509 275 -40 535 -212 52 -322 -11 302 2 44 61 99 -313 -527 -336 -902 65 -464 -9 26 -245 -77 -179 -269 9 -71] 3668.97
[-72 210 164 -64 199 401 -251 -412 -146 -52 -73 65 17 8 -276 78 -329 -275 201 47 -404 265 384 149 4 36 68 220 130 790 443 -195 -388 -602 -242 -152 110 -229 -48 -207 83 -236 -77 606 -599 -444 288 -112 -317 -57 -33 -349 413 534 147 -827 -651 414 -133 -285 -22 -439 -104 553 -52 152 -329 20 -386 -297 -499 -56 -126 596 -318 548 -124 -619 311 -133 -245 170 97 298 -352 319 191 89 -202 41 193 -515 654 -17 -63 -1 -189 204 -246 526 -1 -53 464 117 -53 374 254 -121 -280 61 -43 -25 -127 670 -371 155 -152 -223 134 234 323] 3397.77
[30 64 147 372 142 337 -295 25 236 177 -210 192 -495 117 62 276 279 95 61 547 125 -138 -53 -449 139 -131 -420 -256 586 80 717 -22 177 -131 -410 447 526 43 -167 357 -389 -285 -28 239 396 43 111 125 -34 187 -306 285 459 192 357 -252 -389 16 -443 516 -99 -443 761 -345 -312 -727 -346 -373 -39 -60 -380 -264 444 117 -434 -395 200 233 369 -122 306 -85 258 -301 0 504 668 125 -401 -152 146 -65 -19 482 43 -590 -70 274 797 492 -261 -87 489 113 574 268 302 -412 -552 580 -63 -451 -72 183 -624 580 377 -33 8 -223 -39] 3685.76
[217 -281 291 -270 -243 -77 -169 125 -64 171 -288 461 44 -289 -482 -666 -10 -98 -147 -463 -622 -212 327 531 41 240 -64 201 304 168 72 -332 -373 599 -178 -357 -324 134 -414 -301 -9 -309 147 -373 -595 -181 60 -431 -231 -98 42 -581 -109 -415 432 -330 362 -44 -319 -197 415 -331 142 79 234 209 320 71 760 -616 30 306 -676 177 -44 198 387 276 -173 97 93 130 22 258 29 148 -204 -32 503 405 564 -205 -24 -256 -212 625 -86 158 -1119 201 -464 -68 -391 -450 -70 78 615 142 -164 -698 -761 52 -768 -463 -296 -288 -92 -337 -194 464 433] 3828.71
[-53 143 -58 105 197 44 61 125 492 70 -674 75 10 92 259 -18 -242 -173 -198 43 263 -27 -96 733 1078 213 -511 428 647 -1038 171 -26 -162 579 -136 -98 -591 -814 974 450 29 -186 158 8 130 -189 137 -490 -590 -56 354 137 -426 328 86 62 148 -526 -675 307 -802 -319 120 -861 -166 -367 -602 85 445 -513 -599 73 365 -564 -551 -885 58 636 -34 211 232 -397 357 -539 -199 30 -91 118 357 254 273 24 387 -332 -263 51 455 969 -486 519 399 -212 -324 -707 -77 -235 244 -318 312 1 -419 501 -263 -252 40 -75 564 -92 -1331 481 140] 4605.28
[14 -148 72 -263 61 104 314 -367 -271 312 761 69 219 -613 -177 37 92 -169 -723 -572 125 -29 240 -28 41 13 80 190 -268 -142 368 497 -113 -233 -189 -269 275 329 662 -249 -444 -150 -51 -321 -260 -119 -100 -191 -325 -604 -146 84 -73 -271 315 -142 -306 325 147 211 -234 -242 -196 278 468 212 409 -166 134 193 578 486 -523 -244 265 274 -158 425 -627 150 -177 -130 -286 37 126 -196 103 -336 -145 281 473 148 -205 -183 -387 -255 -95 -919 -367 18 -60 -469 67 -1 31 -397 314 315 233 -677 -60 -813 -402 142 -5 292 -471 -124 635 -178 1047] 3668.06
[27 554 -395 230 481 418 -110 -414 428 304 148 349 -139 -591 -177 179 69 -182 -247 -44 -455 62 222 248 497 222 9 587 -32 -383 -179 -700 170 817 169 238 -145 -70 735 389 8 -189 319 -282 -149 118 97 -276 -82 264 409 233 -658 151 -541 10 -38 137 -673 -375 -165 158 -156 -107 118 77 -58 415 -458 243 -475 18 76 -43 322 409 -88 -290 -131 545 -306 259 -151 240 451 -285 412 -485 537 191 -201 -54 -291 4 420 -458 -58 213 -54 475 655 -63 -160 -606 -341 -391 205 307 968 -69 841 885 -182 -178 115 269 -98 -187 -1026 -439 -354] 3990.97
[-1219 55 520 172 431 -82 477 -308 -435 -285 -204 -298 67 29 -353 -49 -643 689 355 78 182 101 -266 -425 -413 -501 -497 304 -107 294 10 382 127 -459 68 18 33 259 -110 -506 -276 334 -198 267 -476 569 65 -27 -292 -349 -330 551 359 113 -72 -449 231 25 327 106 -275 -341 99 -131 291 778 -107 -361 -329 -268 -221 56 375 212 -805 -287 107 66 -316 -453 144 -84 34 352 -486 58 -570 -433 -151 -292 -722 147 -423 -136 -38 746 125 -40 -125 152 -144 -191 810 29 244 546 111 37 -208 -312 459 -829 -183 -94 -149 117 60 53 491 460 345] 3922.45
[279 306 -49 -27 278 174 203 88 432 5 -407 -157 -167 146 82 73 501 272 24 -141 181 273 404 -528 146 352 43 -662 -200 -92 -317 -15 116 -319 -394 229 449 216 -216 301 -362 69 662 105 -316 -427 -418 781 -54 636 407 -934 -14 -317 49 -322 47 202 442 -418 -182 430 -186 97 -61 -314 -35 135 -39 -174 116 375 -762 562 164 -61 -253 220 63 -52 157 -314 -301 8 530 0 -3 536 -463 -259 449 21 302 216 307 -602 -424 833 424 61 -275 -134 315 -3 -558 -584 -6 -92 -530 148 -274 376 -126 476 -104 -234 39 -136 -176 81 -547] 3659.93
[42 -16 -184 -188 -453 -277 -242 29 -717 364 -105 546 112 -123 105 678 128 1091 520 577 488 75 122 17 405 200 416 329 -858 388 -457 -139 -219 98 441 233 -203 -543 347 352 42 593 457 193 125 -588 -164 256 393 130 -259 -90 -131 772 -122 486 198 119 351 -103 682 -143 -225 362 -759 -251 -441 -57 -551 123 -297 179 527 569 -649 -260 -389 -688 134 -328 -56 -690 488 701 -334 60 236 44 -633 -56 -464 -227 177 96 397 -181 -279 -445 105 263 -11 308 318 459 -467 433 -104 527 286 469 233 238 295 -149 -736 504 -288 -495 -21 121 -90] 4238.65
[-945 549 -312 96 285 -1116 293 566 56 43 -149 -543 -216 316 -373 201 526 279 -243 -10 551 -358 49 -18 109 -482 -53 133 142 -594 -554 676 55 -110 -252 -414 128 -232 412 -89 28 579 -282 -643 -316 212 -71 -71 175 -66 19 169 612 843 -609 25 -74 -540 539 -227 -20 72 214 -32 -676 -143 -141 22 446 -788 770 -296 293 -218 200 -420 257 -349 7 1 90 -404 -589 804 -83 -86 773 25 304 -388 -687 460 -39 -129 -410 -259 545 311 728 198 494 -88 383 -580 -186 -103 -489 36 -34 -85 349 -201 22 -662 -39 84 -188 661 -633 373 281] 4337.14
[936 -190 -345 -166 -335 117 -477 577 226 187 494 -138 -344 25 479 31 263 425 -122 744 416 6 186 -66 594 21 62 446 -677 -453 458 316 -170 512 -122 -174 236 -694 368 428 -388 -179 292 281 153 -579 752 -602 -17 310 -161 254 -193 235 -425 -99 -245 319 -456 -301 184 441 -136 383 -665 -430 -23 120 47 494 -256 55 -563 -569 20 -174 498 404 -21 187 -467 171 60 -55 -243 -274 154 -490 -269 8 -395 -735 485 351 156 -662 -172 -230 100 -120 482 -189 -68 190 -155 465 -219 -103 649 145 -173 188 -115 393 165 302 -10 -342 -137 -22 102] 3888.89
[-514 -435 388 -425 -50 -530 225 -274 -465 292 81 554 330 320 62 425 -368 296 -163 -175 144 43 -590 73 -419 -107 0 -345 -142 -88 -158 863 103 -67 -110 303 -565 368 -166 -351 22 824 -65 -656 432 389 -737 697 829 -205 -257 1074 -236 -436 304 609 512 -560 488 513 210 -439 -9 -484 -154 425 152 -125 -596 -307 88 470 483 -281 -648 61 341 208 -703 -212 282 -860 65 673 -370 -41 -150 -270 -285 -152 136 711 -925 -508 213 276 -70 -696 -302 -477 -412 -138 256 -121 151 -66 -373 421 156 -376 681 -665 -227 -625 -58 295 -79 85 1002 242 1104] 4735.51
[-373 -424 246 863 476 376 -87 -346 -691 -758 -20 -435 -123 -361 -483 -384 -72 -147 -644 -575 140 -423 356 -15 -133 172 -304 -541 -126 -349 -730 127 -179 -62 509 -430 -356 321 620 -84 -295 402 193 -190 -886 293 85 -735 46 21 -88 319 -337 -153 393 369 -645 277 -57 255 70 589 41 235 664 237 232 -186 53 254 -241 -30 -313 -191 30 294 -1091 -125 -77 120 -615 132 -96 52 15 184 493 -514 896 -507 -262 134 174 814 64 -420 -68 -175 543 367 682 776 198 -359 -282 30 -73 -100 -162 -376 254 70 -128 -33 556 214 -262 -429 193 -1100 544] 4391.42
[491 522 171 -288 466 -696 -352 748 -36 222 302 -300 512 187 374 -168 -755 -530 340 926 521 380 -343 618 556 86 -440 277 229 -209 488 140 -121 471 -269 146 -99 -888 -263 235 370 -321 -190 157 448 -50 550 -438 -160 -621 -154 201 -120 403 -295 -118 791 -305 -60 -561 -73 257 -487 258 -717 -222 -290 -315 87 -682 -114 59 62 -215 -349 27 989 205 -56 182 214 624 229 -537 -644 2 128 161 -487 86 -340 574 318 -753 -30 474 -240 425 -494 -603 520 17 -627 71 95 26 -824 296 640 481 -284 -643 239 424 310 -323 136 600 114 900 71] 4599.51
[-971 -40 100 191 -399 -122 226 250 -599 -666 404 69 831 162 -167 435 -643 2 60 100 238 256 -282 544 -195 -38 283 -508 -8 729 -299 132 514 -527 545 46 -545 -78 137 -593 378 -105 -545 -12 569 118 13 -282 -143 -780 -473 369 -570 780 830 345 294 15 -152 -194 -244 -146 -790 77 -224 -312 44 90 5 404 530 -564 549 -556 123 116 -89 -193 -41 -108 -213 -165 28 -735 -587 -467 -119 678 535 99 -223 8 -200 -200 165 388 -49 -94 372 218 87 -7 -105 118 -133 301 2 119 335 71 -47 -87 386 160 338 -7 -793 78 -59 -296 -225] 4063.33
[399 -379 -458 -750 -953 604 -181 215 735 14 391 415 175 413 673 346 483 237 202 318 -413 83 -218 293 458 -76 769 364 -273 132 -159 65 -337 -180 480 267 66 50 -75 90 468 674 507 41 540 -303 -861 460 715 75 175 182 245 -45 -162 654 -202 270 646 494 -279 -539 -701 305 93 -527 -85 877 -449 763 265 177 252 50 567 144 -377 -1072 -126 546 118 -577 12 596 -448 -18 -630 424 -679 854 -118 -372 780 -545 43 -296 -310 22 -135 -717 -741 -138 -20 335 -28 -485 49 49 -137 555 -28 359 640 -369 285 -22 150 29 -7 36 -470] 4699.96
[-305 -236 -25 252 141 -175 735 403 -72 -446 201 -474 365 12 355 374 -176 -614 -171 564 182 530 464 -206 -241 338 -268 113 295 265 -570 -150 175 -1150 -2 666 543 -890 1440 484 243 102 25 943 -2 -267 375 -624 -611 553 -36 258 138 460 442 -161 -122 -333 99 -28 -389 346 -375 -45 323 -168 -814 14 -614 412 206 -384 728 114 -692 -525 -700 -95 148 415 -513 85 141 -234 226 -136 161 -631 -764 113 -349 252 -359 270 141 -179 51 181 321 378 308 198 -2 89 -499 500 587 24 -118 731 495 203 256 340 -422 217 350 122 -456 119 -649] 4594.54
[-98 -262 -24 -126 143 -403 236 350 -269 434 12 -217 1076 -658 -24 -294 -541 31 -331 -81 -250 619 542 -486 68 -24 -248 150 -461 190 -916 158 393 -358 -7 546 -102 473 758 -64 -723 152 672 587 -260 279 -158 21 -467 -380 191 -346 -96 -476 769 117 449 224 -9 -424 -198 506 -823 329 581 459 378 -339 -97 117 443 54 -598 369 127 108 -847 558 -95 -487 2 -50 171 96 93 210 -243 -438 -470 -409 -21 904 -379 -200 143 -25 -566 -328 -553 -77 -405 218 -238 452 -255 -66 223 193 -185 -169 -443 -387 -527 133 -155 -78 20 -190 369 -155 -171] 4209.02
[194 -901 179 449 -189 247 -172 -693 -1353 -856 -340 629 -534 -317 -117 432 514 426 268 -365 622 451 -29 13 338 259 -571 -1141 -21 290 -884 -414 -618 -607 600 -328 -424 230 234 180 205 -31 -265 366 -330 -508 -118 192 399 85 -543 -338 -291 -27 127 -108 -436 -297 14 208 139 -159 241 371 668 197 74 -267 -587 265 118 -217 18 103 469 307 -327 -501 43 125 -207 197 149 -363 -96 154 -292 212 -59 349 234 -301 632 617 -62 -233 -275 366 650 -222 -178 900 64 522 -545 383 554 -462 -653 413 232 353 25 710 -624 -26 183 -815 -552 -499 -347] 4684.43
[-201 -194 -875 -301 -717 425 216 -531 48 -247 167 952 451 278 -352 174 193 -257 -38 -131 -400 392 -575 476 -499 -778 277 305 645 716 719 386 -168 -55 582 -237 233 239 -509 -696 -216 -151 -918 441 254 -384 131 -219 -69 -362 -12 445 397 686 -173 -700 -772 -30 -768 273 -48 -1141 922 477 738 10 -78 121 -105 -7 283 -655 320 385 248 230 536 -366 564 367 -18 167 230 265 -438 -215 -290 318 706 660 -75 -625 590 -179 -134 500 240 43 -172 -188 -328 -121 193 -402 837 870 548 230 129 -428 831 -176 49 622 -517 -283 162 -203 -235 290 186] 4881.05
[127 610 36 -96 -15 -320 460 -9 -344 -11 697 456 -23 174 400 21 -227 -775 -178 199 29 272 -479 678 -124 -173 968 47 355 -259 504 321 -396 -677 267 -217 -251 -661 129 -243 702 -697 -464 298 495 -319 -43 385 461 -398 -693 131 -168 832 43 144 168 -1179 148 -15 46 -447 328 -370 -615 85 -958 -53 -92 79 -243 -358 453 -555 307 -578 299 -224 -983 346 -321 -79 78 -154 -604 6 -87 90 -298 178 957 408 -307 -2 -405 189 1177 -1069 -526 -121 -433 -158 -403 -98 -276 -185 325 -471 2 -323 -325 347 73 273 -338 115 -39 -61 329 -169 605] 4658.8
[163 -52 210 418 -164 1283 -16 -29 289 20 459 177 7 -591 185 -633 -77 -56 -476 -30 -506 -401 149 -398 347 -366 245 235 -328 83 -119 -9 -167 336 622 555 7 424 -281 -392 -212 -62 556 342 264 509 -521 275 150 -162 -151 290 -555 -794 -101 427 -19 31 -326 485 -42 7 -343 53 676 29 268 104 28 910 -131 -67 -210 -585 -16 -190 289 -5 -665 357 -480 268 57 -141 -741 -35 -617 -311 37 765 590 -512 -322 311 -69 -50 -7 -1243 -852 307 -478 -243 -47 103 -565 -460 289 -63 335 -383 -304 258 -575 -272 378 411 -69 -1019 230 -191 -218] 4397.5
[-424 595 -2 208 531 -649 -30 -230 -203 346 -589 -713 -353 -126 -248 118 312 -15 945 -119 -107 -140 -54 -851 -602 539 -298 476 40 -513 170 -959 443 88 -532 -332 387 356 364 -339 -155 -51 484 -662 -411 -101 335 -250 -388 335 823 -659 213 -1 -446 -475 78 -86 -406 -538 9 213 84 -422 -345 590 225 -135 -139 135 244 327 -92 240 315 355 -138 -253 580 94 339 354 -266 375 928 169 -273 -268 668 -308 -476 341 -535 -132 283 420 247 364 344 -273 251 -11 -130 286 203 565 154 433 228 -250 463 -243 64 -614 -330 250 -180 869 -532 -372 -334] 4358.86
[-328 -715 -78 -286 53 598 0 -199 794 377 -825 739 232 -502 59 521 144 -660 -514 210 -43 455 138 352 -464 -6 -841 -200 443 -637 70 -30 -73 703 40 927 -547 324 1055 83 325 85 25 -542 352 304 95 -232 265 -326 463 202 -677 -317 -522 264 686 243 -820 -190 -239 -380 -216 -287 6 -297 -403 -378 217 -124 -156 54 286 -169 -213 -288 -263 287 -56 -105 -354 -21 -629 543 193 140 4 -357 169 780 -186 174 -342 -347 413 326 -495 503 -919 260 86 -210 167 -400 35 -142 33 748 685 106 681 57 -582 -441 4 267 373 458 -926 -169 -50] 4579.43
[-512 302 279 267 552 266 1005 -298 -694 -520 14 -389 811 -64 169 375 168 -9 -380 52 997 434 378 -245 -510 815 22 116 116 -357 -37 247 157 -197 513 -805 614 -716 861 101 -652 1047 42 526 -301 -412 441 -138 -570 -173 403 -128 -518 721 -185 -653 217 766 202 -406 -206 974 18 184 99 173 77 -285 -408 -436 319 469 -50 298 -791 362 -510 136 129 651 -312 219 197 -310 1197 -405 -282 589 666 -423 -305 -296 769 105 153 167 509 399 75 62 1057 -115 -240 -257 -457 262 161 900 427 -403 1004 -147 372 1010 -228 -38 84 684 24 364 273] 5210.26
[196 197 -533 -491 357 -491 -102 -285 -130 207 772 -614 -88 -72 651 530 -143 -641 -137 426 273 -58 334 346 69 341 -215 458 -82 -543 805 -92 8 108 -541 -267 -189 -42 672 361 491 -149 -361 -286 649 270 98 -344 -198 -180 -461 185 -469 137 -59 607 572 122 -503 211 -720 331 -196 -751 -685 -153 -87 -551 -652 289 -47 -411 293 -909 787 759 -288 -247 228 70 -73 439 -302 59 459 116 565 80 282 312 -176 541 -318 -729 347 -899 480 379 1113 -412 973 67 -860 216 276 -688 -584 -12 609 259 -293 274 922 610 531 699 -92 427 -624 -603 -401] 4978.29
[448 159 -115 -247 -82 -566 -283 -636 -406 171 788 207 -101 -883 14 -604 -295 456 -27 -58 314 -132 -273 358 88 5 -503 741 -581 559 -85 -307 132 951 18 -120 382 -61 144 180 44 -99 -613 -201 -217 334 -387 -361 -570 41 189 -158 -466 -228 375 358 -84 -29 -202 -205 593 505 -363 194 -171 393 39 -297 257 -272 -435 512 87 -350 202 92 47 422 -715 -522 327 -104 55 86 349 24 337 -241 -538 -156 -32 238 45 -605 -176 -384 -274 62 182 -673 453 -291 -987 320 -45 59 -66 368 287 -552 -193 71 317 -25 261 -113 5 -59 -148 -151 452] 3923.09
[-89 346 -185 -85 640 -1151 61 326 434 408 18 -117 498 93 -623 392 51 348 -205 -562 230 208 342 -113 509 675 148 -183 -268 -254 -505 454 626 404 -41 -258 215 -322 490 915 -266 83 -85 -317 -61 -547 562 -137 234 355 432 -471 207 185 -384 -513 -345 397 101 -431 401 1176 478 179 -620 178 952 407 294 -25 192 260 -569 581 178 828 138 507 259 -459 311 91 102 -212 1290 -580 257 267 -91 18 -60 -22 46 615 96 -449 -457 -203 237 106 238 437 275 -204 212 -573 -364 398 -53 484 731 -137 -399 164 -365 -148 -393 123 -56 -184 89] 4526.54
[526 -154 502 282 29 -89 -485 478 206 -603 -476 -369 -57 117 -395 -230 235 538 79 325 -349 186 -12 -405 -253 -268 -557 410 -36 -548 127 -347 20 859 -80 409 -227 -419 63 821 -73 -232 325 279 184 -21 -13 -11 11 -54 396 552 41 138 -502 320 693 123 -197 -310 44 363 143 -84 -371 -220 -627 263 -492 -228 -643 215 173 409 -731 -635 112 110 504 -248 -36 356 -16 -216 -206 -482 419 -722 -665 -632 -801 -117 549 172 318 239 -50 385 -55 532 221 51 -56 -19 -50 7 -345 -73 244 96 253 22 -126 471 296 -313 629 65 -90 695 -314] 3978.49
[184 284 -269 -560 -91 -239 466 72 261 -383 716 -257 279 -213 467 -74 66 -341 337 733 -60 139 -470 835 101 -668 -585 297 173 824 -425 437 -429 -38 -289 226 703 -603 -360 -175 140 -149 -432 247 453 332 314 -93 -539 -76 -513 903 -697 322 259 -218 583 -392 -112 -223 277 -646 50 -152 133 -21 -169 -284 455 -914 157 -11 603 -267 532 -1196 615 58 -167 538 -142 -165 6 -102 -199 318 13 315 -237 111 -306 581 135 -806 -227 599 -55 603 386 -336 562 -401 -632 -420 -56 -24 9 237 -332 92 276 370 1043 334 392 -767 467 459 -738 796 -64] 4728.2
[-498 -614 -278 722 418 -1111 579 -46 541 -505 -670 0 -201 418 667 -260 -445 188 -111 132 487 252 -78 104 562 -772 141 561 413 -491 -345 1059 -506 -129 890 72 -407 -429 259 397 443 -346 -488 645 624 42 -17 -222 638 63 -778 949 196 255 -578 336 -688 -292 318 -429 1 925 867 -719 -723 841 2 -347 -545 -192 -608 -557 548 -971 -91 -847 628 182 -486 -337 385 254 213 -471 -643 -95 -1138 -473 -198 7 -23 136 374 -246 70 118 500 -628 215 -160 107 98 579 -168 -462 -54 -522 -1091 -382 213 118 40 -154 900 529 -343 597 69 -216 52 225] 5399.27
[142 -405 -719 -165 206 835 442 -191 346 332 -623 -15 217 -516 28 -160 499 114 -401 -54 685 -300 314 -278 373 -423 -998 190 298 -1297 551 211 120 445 -413 189 527 655 299 -301 -754 -627 438 180 -1090 -217 -390 -442 -515 -340 441 -477 -249 -315 -411 -1121 363 -215 -380 -21 -431 -615 -590 498 682 -300 -353 23 1019 186 495 503 -748 -242 -255 139 194 577 -458 531 -218 363 -727 87 -248 107 -26 -753 429 800 -163 154 80 304 236 322 -705 517 -688 -126 -104 -331 21 -520 -173 -239 913 37 204 -517 -329 -460 -883 -267 -221 84 291 151 -356 -3 205] 5090.94
[-690 -162 841 -222 710 -116 -52 -331 667 -526 -491 101 1141 56 48 251 -229 567 -614 -373 243 236 199 351 -349 -471 -1385 -535 66 -481 -599 418 -19 518 652 -348 12 636 706 95 29 797 -192 -32 413 463 614 517 361 -237 -105 156 -548 -93 118 -264 1346 607 -359 -240 -149 673 128 114 -42 342 78 -26 611 -864 27 1092 -883 -119 -200 74 -24 534 -178 170 -225 -480 -183 -344 586 108 41 -87 562 150 -372 -63 288 584 -176 632 -88 1014 -263 8 -175 607 858 -704 229 107 612 149 -653 99 627 -717 127 -266 97 329 410 656 69 116 461] 5192.57
[-1097 -145 149 415 -529 155 319 148 374 -649 10 524 385 108 -334 -716 34 582 -446 143 -80 214 74 870 -30 -917 -718 469 128 125 -302 108 -27 712 931 -297 171 212 17 -475 272 -315 90 -188 -495 82 25 -597 -226 143 -356 313 59 559 723 -236 -319 102 -803 -680 253 -299 34 355 176 -69 -31 372 642 87 -451 -316 33 281 195 -825 274 -230 -148 279 -48 -203 -466 245 -332 -17 640 -73 371 -156 -403 -402 516 469 -142 158 -344 782 -175 506 -375 -263 112 -416 -28 953 445 -324 -136 -259 103 -112 505 -434 -463 -157 173 -411 -1250 341 -210] 4577.74
[-109 476 303 762 703 -84 -78 -400 18 153 220 243 -452 -590 142 15 -20 705 346 -263 242 8 211 154 219 15 -74 303 -97 -758 -998 -920 409 702 814 837 139 28 862 838 -157 124 19 -755 -376 -206 -606 273 -433 391 71 232 -486 33 41 591 259 435 492 -626 671 -284 -778 -11 429 379 -775 -146 -269 604 -515 807 721 395 -700 -691 -1501 -293 -1147 40 668 258 -150 -731 804 893 167 67 -535 -42 29 516 147 376 105 61 -598 -264 699 642 -481 669 -25 -58 -185 -49 67 -12 523 -240 -83 197 1158 -946 25 -446 0 -395 -101 -422 174] 5433.82
[-35 -286 -408 -772 48 636 -849 -421 73 133 -107 989 -977 475 618 212 586 560 454 -18 1057 -765 -559 48 677 -55 450 320 236 28 420 -799 26 -122 322 -960 208 399 570 432 42 707 226 72 -171 -372 725 -655 -37 -457 -316 -202 413 604 -359 67 -404 1274 95 -379 412 -539 113 174 -133 13 -505 677 146 383 -579 -79 -550 -222 -397 30 -710 128 -65 489 538 -169 149 -676 729 -451 -236 571 197 13 -807 -1319 555 582 -158 -69 244 -226 157 -57 198 -65 725 -192 617 -174 594 674 322 -13 -79 86 788 -412 149 158 353 125 -371 -1185 54] 5321.93
[712 764 -283 -427 766 94 -502 -1215 982 1077 -294 -524 -111 -754 387 -414 -139 -353 -390 -1406 -251 -416 781 -206 406 216 252 902 -125 295 -89 -446 -952 -670 -346 -19 23 130 468 690 303 -869 153 317 -374 -263 137 -68 -453 527 396 -471 -205 -364 -438 -407 -560 -164 275 -312 139 382 -500 360 516 850 186 279 -86 -237 -353 946 -1018 405 328 363 264 -211 -309 -27 -83 67 143 -163 191 1020 -250 -853 -413 647 549 80 -578 13 217 -105 -143 -727 -245 11 353 39 678 -115 -364 -815 -221 -419 -179 183 -259 94 -730 373 -56 347 -180 -678 205 -518 -94] 5337.91
[-148 -353 118 127 -199 -94 -115 82 -429 269 -268 1194 -156 -264 258 -147 604 403 -906 260 466 682 719 -1255 -2 579 308 40 404 -188 666 2 -341 -365 140 271 137 40 139 436 -824 677 -35 -263 212 -457 -356 259 -555 -28 -564 179 689 110 370 642 265 189 408 -377 -15 480 704 80 100 -1124 -263 -886 -794 -193 363 -54 -231 696 -841 -168 459 23 -266 299 505 -17 471 -50 198 486 770 -148 -521 -168 -45 -15 -455 -198 582 -660 -99 -346 313 41 -553 -34 379 -449 -508 412 -96 119 683 642 -119 -345 -348 1012 -1085 600 -53 -608 916 851 -425] 5188.89
[637 -232 -375 628 446 -226 -404 425 530 -257 307 -667 -609 -278 446 -873 733 895 -114 416 815 518 -432 348 406 -652 203 7 182 287 -933 386 -684 -219 869 330 535 -664 -124 579 7 18 -730 680 212 -633 -367 -892 232 79 -544 608 127 340 -556 221 -1012 -164 219 -307 1102 507 165 1055 -779 -427 -141 328 29 38 -460 -829 646 -651 -92 -522 430 -787 -419 6 -29 750 -29 -168 74 986 -415 188 -1251 904 -696 -635 1373 146 380 -606 266 -314 1365 -876 600 470 -308 127 -516 341 -662 -305 -343 452 -350 -375 219 629 204 53 314 36 -98 -391 599] 5979.08
[-493 503 775 -177 -354 -471 309 620 -386 -599 -573 271 -358 551 68 525 180 718 550 -598 -182 -211 69 -679 -827 -314 -306 13 -410 124 -68 -703 258 262 758 -191 32 877 -125 -143 346 -430 173 275 426 437 495 1030 319 385 31 -790 218 324 -353 -75 1038 -377 -160 -327 -194 756 -381 -254 230 929 -525 51 -64 -315 1076 423 -1053 -103 791 -352 -122 30 34 -65 -63 -299 -610 -197 241 -790 -999 5 -253 -194 349 -211 -703 274 -520 83 941 508 -139 -198 -391 -379 -41 1030 89 190 576 -751 -618 -684 117 98 -402 -646 189 94 566 -32 -243 241 -1010] 5304.34
[-832 -1026 61 413 -569 -490 305 255 319 -441 -1015 679 174 580 -110 487 -400 741 112 86 -155 456 89 351 -407 -88 325 454 336 -122 252 722 367 766 127 -343 -1117 211 17 -503 -225 615 -204 -210 368 388 -480 -241 282 -216 639 570 331 491 576 244 -855 350 -418 -65 299 400 220 -310 -974 527 793 8 210 -398 -334 -66 -198 -68 244 91 -448 -413 214 -952 37 357 82 292 -23 -202 -76 302 954 -597 -289 -356 1024 -634 -90 194 -414 186 356 -330 214 -332 -46 433 195 460 -680 -93 362 -442 65 -82 -359 -405 495 195 104 823 1051 -429 523] 5046.22
[94 151 -968 -303 -42 -304 246 636 393 429 -120 435 -474 -258 -426 36 739 116 -438 455 -19 203 729 281 531 -17 259 -63 248 -1279 85 584 -135 650 333 901 815 -315 447 202 604 -564 -167 -758 77 -16 -121 -750 448 365 2 -1179 232 513 -181 -144 -418 -331 345 -574 114 -334 383 199 -329 -822 -209 -526 425 403 490 -278 -414 155 907 -144 369 412 -457 -104 303 -440 4 279 -290 -410 516 -861 -458 647 -400 1178 -42 -244 293 -1124 -547 453 753 233 -247 98 167 -339 -148 -118 605 -37 39 -211 -4 -286 6 -174 -328 -204 -147 -395 -1123 -272 -368] 5124.06
[-210 -542 439 123 989 310 -184 93 -208 -357 -265 149 -604 -325 184 -291 -96 758 -380 -543 -435 574 713 -219 -263 -243 -270 18 750 -95 -897 142 -235 -518 -872 -250 -415 304 321 299 -246 847 -276 93 -618 698 -791 447 -650 -802 243 207 533 -62 618 208 -120 -151 1204 -819 -2 44 -359 -126 -305 320 -213 15 177 -811 -89 -46 -861 -303 -671 -581 369 610 -463 -505 -256 -99 154 228 -411 130 640 -512 -539 -802 -265 477 192 -506 -349 -335 27 914 533 -5 -437 -291 177 -1044 -196 110 480 -479 -15 -756 -80 -317 187 -590 34 -314 172 509 438 738 669] 5150.11
[-307 53 65 -509 307 719 268 254 -94 -1246 69 -941 -406 597 -225 -421 576 1025 41 165 535 -6 -176 255 -1087 3 -596 -717 -77 -23 16 740 -435 -340 -334 -816 523 151 38 -230 142 976 330 642 -822 -3 137 -97 280 -140 -667 -595 -340 445 73 -628 875 294 282 -181 230 -394 138 -1 -550 156 -574 162 454 -109 -546 -36 -983 74 -833 -531 -207 520 -465 47 -574 137 -288 340 14 -95 -431 -35 -173 202 -648 -859 963 524 151 243 1068 480 468 193 -43 -28 563 -240 -209 89 320 405 -646 -1083 -228 354 587 589 217 48 -82 -59 -63 -111 607] 5224.96
[-346 -124 -87 -144 89 -31 215 746 -302 -85 126 -163 -665 582 -358 -149 -587 510 468 686 -5 -142 209 903 678 452 -335 395 596 217 921 812 86 -395 -710 -388 467 106 -412 -424 173 407 162 -107 -1379 -252 128 -1021 -103 451 -507 -302 883 -231 157 -660 55 -49 420 257 -243 -650 -274 -51 -150 -290 -278 -293 346 -122 -171 -179 -585 231 -330 533 478 188 -319 -64 298 519 -77 735 -257 737 -340 -102 -201 120 139 413 604 -852 -272 -314 70 965 342 -601 -915 327 -239 280 912 373 -186 -158 136 -8 -763 -825 67 -573 -433 34 -222 -53 999 92 464] 5054.92
[-259 -85 626 171 -54 -239 91 -23 -298 -338 -534 321 401 -261 -269 -543 -482 -272 -568 97 -641 618 84 -159 -718 -601 -560 -554 323 16 -193 105 -425 247 267 616 -33 -70 523 250 339 -161 -427 487 -208 485 264 -19 -469 -88 373 -437 110 -389 683 -137 -461 274 -403 -370 7 526 -145 -94 1073 786 -474 -514 -407 -1056 -252 38 -138 298 -889 -507 -646 658 -328 -396 271 -244 776 -1217 -38 -588 -704 -630 -433 -432 -57 149 -7 -483 -30 96 -185 129 -815 564 471 -209 423 149 -730 482 290 -244 -31 -798 -367 108 -32 898 384 -342 745 -135 -354 734 -4] 4937.92
[137 446 463 457 -229 1153 23 -559 -205 453 62 -259 423 -170 -66 130 -221 -295 -358 99 863 -372 -204 -76 -164 244 -173 45 -244 -148 750 -605 861 -201 715 274 678 83 -90 -560 -316 334 95 58 244 158 -18 -2 -418 238 898 -132 -269 -293 180 226 -150 178 134 1106 -480 -364 -228 144 1033 -125 398 -196 -26 230 142 144 917 708 -439 135 -641 142 766 -103 -281 87 -386 -225 820 2 411 502 209 -772 -109 207 161 -11 -155 -581 58 426 -279 -220 432 -363 -493 1111 1064 557 -390 714 819 241 911 -875 -680 -434 -77 374 248 461 141 87 -213] 4980.4
[-228 -204 -408 -352 221 234 414 -335 1251 779 -46 -570 -84 -392 -100 -396 410 477 -36 -355 -239 -93 279 -774 -324 -71 448 346 -505 317 -371 251 26 638 -200 226 552 545 -305 67 -487 158 201 33 475 914 220 -341 105 805 -78 499 -168 -581 -514 -204 -238 1079 -66 -67 -365 303 80 27 596 286 1153 206 229 187 -114 618 -340 -235 105 298 134 537 -716 -424 459 -320 182 365 571 -7 -507 -796 225 56 -804 -611 -881 18 504 -120 -498 -211 495 504 444 -450 1026 58 102 -245 -202 171 -400 -142 -66 -118 -214 -260 280 -106 4 -298 634 -495 248] 4752.52
[142 -825 120 143 -239 -431 -341 -471 -484 424 -89 144 220 35 -226 -51 890 285 -289 659 395 -86 -494 -378 -400 -302 -45 -487 413 -931 358 -103 792 -76 -332 -344 -210 434 549 -74 -506 562 -404 -337 24 -415 -130 -62 116 -151 467 -18 78 -469 170 -422 -466 428 -1064 781 -43 -269 197 -38 303 565 278 -99 134 219 96 -519 940 -408 -253 654 -683 214 240 40 660 481 -207 -371 815 95 -228 607 1311 -13 -194 -585 243 760 -83 -106 -94 282 84 -220 -506 376 98 646 566 536 165 621 -457 -21 -394 -372 -527 271 -806 392 729 512 -117 -901 63] 4876.26
[54 -433 880 263 31 -802 311 280 283 394 -444 40 -863 343 517 -763 629 43 597 -212 361 283 65 298 5 -48 274 -605 595 -697 -1075 -917 -517 434 -364 417 -710 -841 390 441 215 -541 -224 -270 899 -14 -373 27 240 -65 -480 292 -82 156 258 251 -306 -551 16 -491 161 249 -601 -106 -468 507 -501 505 35 -502 -170 -176 450 -389 -193 -1300 46 -79 -476 585 345 -506 -170 -551 89 347 -84 315 152 119 130 -236 -277 236 -325 775 374 593 -124 31 433 -307 -131 -377 -696 -36 246 -175 -494 169 -1254 100 110 -104 -212 -238 689 515 -375 65 176] 4900.39
[269 -208 245 -555 -74 882 446 -1168 -1156 -229 -630 422 -2 -837 944 225 -271 127 -209 163 384 -250 377 -327 -312 -14 -651 592 -273 1142 35 -223 -810 276 -944 13 -476 29 -44 -32 47 982 371 874 -441 602 -322 471 -752 -607 395 177 -1043 -623 -116 -336 954 -99 -188 -30 173 376 197 -201 -106 134 7 -774 99 -524 -661 581 -746 167 -483 124 176 -27 616 -268 -898 111 199 562 89 471 17 -553 -20 -390 128 -343 -191 -373 -23 749 -18 -292 -340 -523 582 198 -246 -538 -916 16 329 1067 469 43 532 202 578 748 -423 879 734 125 803 215 -567] 5556.49
[-296 -51 231 850 -719 -1009 933 512 -651 -455 -117 -993 -382 496 369 357 389 60 347 521 660 199 639 -704 -637 -49 -438 -1047 -59 -968 25 302 121 -334 -775 451 546 -130 -552 -321 -277 -657 -144 -404 -381 -333 383 -92 174 748 -560 0 312 -632 668 -836 372 -340 303 -294 -274 126 428 -542 -41 -369 493 -533 -468 307 1298 -43 477 503 145 321 -354 -538 593 -242 178 204 117 -278 365 87 397 -745 458 -397 -305 979 -318 -29 495 227 -143 119 949 -93 -61 474 -603 495 123 839 79 -753 -672 -52 -145 -541 305 311 -615 -135 -322 671 159 298 -296] 5374.83
[565 -612 -278 -146 -88 -511 -118 -229 -528 -97 51 156 485 -360 -100 813 -546 -1584 -646 -105 -470 571 577 103 -79 294 -284 -327 151 70 -222 -65 124 241 -548 248 -902 -5 62 -274 -255 104 -395 -336 -315 321 229 252 244 -552 -122 -107 -94 -21 579 -102 -380 864 282 -590 -300 419 -617 945 -294 335 220 -269 -959 223 192 202 -580 133 99 1600 -245 450 223 313 98 68 150 69 -340 -228 870 -383 536 -689 -18 633 330 -418 214 78 -645 -130 -451 -86 114 748 199 -332 -254 89 96 164 131 -23 183 -230 34 819 73 -218 -575 482 731 -272 262] 4838.93
[-364 -592 162 -627 368 -217 23 145 -435 -208 280 -602 121 271 -442 537 -668 153 -112 -611 662 561 399 -386 -253 655 -128 -694 17 439 1056 371 746 -1169 -848 365 85 312 -389 240 -140 47 -1303 205 658 -200 -34 -436 -347 14 -379 291 457 116 428 240 746 -127 588 969 -674 -433 -252 -383 355 -482 137 40 -515 252 219 89 254 -52 -566 446 233 900 -46 -1216 468 259 -8 -1159 672 262 389 719 -857 -8 -292 102 -407 -427 677 -84 -189 164 1183 -25 -26 211 -400 689 1111 -414 -533 -291 408 425 -112 -1124 423 304 -349 -205 -366 -345 1368 297 315] 5673.15
[273 -1391 -100 548 -628 -76 339 577 -236 221 -378 436 -100 -964 -386 431 980 1020 -249 230 -67 425 723 -391 97 -693 -364 -846 -253 612 -1656 522 -530 210 376 220 -66 160 605 511 -328 -365 -260 205 -541 113 -85 -55 390 66 -185 39 -353 -777 -64 71 -658 -377 -182 -209 729 313 166 303 -146 269 720 -354 121 302 966 -441 -304 98 141 -643 310 450 -7 -789 -421 -464 397 -105 -321 -172 -230 -1157 -93 407 -67 -76 -877 331 497 -880 -639 -1075 176 317 220 69 -640 -13 -565 -71 159 268 -412 557 345 505 -716 -698 -530 320 14 -132 -481 -247 -50] 5435.27
[1036 199 142 -842 -274 297 -136 516 142 -543 114 -565 -265 462 313 703 310 57 552 780 -57 806 -257 455 -1028 -504 -461 -1096 -20 -76 602 86 -525 23 -997 -144 -400 -633 166 -363 316 -467 -154 403 284 7 581 165 -127 -740 -341 130 -414 -144 -393 -1182 465 -464 -489 -636 -205 -1524 -409 -48 -321 671 -504 -434 -84 221 283 -318 -1042 245 37 -576 -12 134 551 -72 -823 175 -664 -500 -972 -93 -269 -737 -285 701 -623 -27 -35 -243 -329 229 -303 -72 -64 -323 262 -249 -581 754 456 47 -710 961 128 -462 185 241 203 651 533 5 617 228 -125 271 -147] 5435.61
[926 -743 658 -701 245 372 135 527 -110 -315 466 -102 -1191 322 989 -467 252 -644 282 -306 238 382 -88 221 558 25 446 -36 -262 -367 -135 841 -225 -642 -530 -495 -725 -375 945 348 -70 -124 434 -408 351 -419 1183 -1012 -641 408 538 46 -1004 -155 -47 265 -165 -345 -161 -167 -892 164 -442 -450 188 -333 36 393 -154 927 -628 96 -664 -665 674 -631 105 1478 -271 -283 287 -713 -331 188 290 -859 -844 61 -308 -573 100 42 -197 -45 496 -461 600 547 272 -335 -130 -307 -140 -824 214 -250 304 307 -21 -182 -245 18 290 584 687 -380 493 -325 391 -451 450] 5501.98
[-275 -14 324 58 233 -681 -405 91 117 -301 346 -544 -585 336 180 -33 306 -681 231 -386 78 -54 198 -817 1125 -164 47 203 667 -12 -797 -41 124 -421 -194 -680 120 -206 629 84 185 -104 -490 -24 97 144 -38 -313 -116 101 -454 957 -108 588 -70 -211 -1136 16 -780 -915 -161 473 -195 -441 -1258 205 871 352 -267 1001 56 -269 -300 -1319 1148 1003 193 -154 -381 -421 36 191 208 -607 82 660 135 -23 -109 -246 -363 -213 690 -42 -156 -1065 -272 -428 1314 44 467 230 -71 718 109 91 -266 -685 -147 85 -368 586 -206 -5 297 -183 396 -61 -899 -902 -419] 5391.79
[-137 364 563 74 256 -106 -157 -382 329 -415 -462 -1064 246 503 161 -214 -58 -466 469 512 -75 245 -611 -264 -84 -226 -325 -379 -86 -1229 63 410 277 296 -813 -196 -645 -671 -45 -87 -162 -442 -56 -60 -135 203 -291 495 366 -182 19 1140 -146 594 -159 179 -419 91 -308 -26 -347 -324 -295 -492 -867 -126 -467 635 680 -206 -1167 82 1140 -832 -216 -511 -498 14 -214 -777 -653 -411 -346 51 -850 587 433 225 334 -861 -998 120 881 264 -37 487 -223 553 -41 557 504 -546 498 182 -139 314 -528 -639 -504 68 -799 650 278 276 263 -333 -84 445 320 -70 627] 5208.15
[95 -1209 58 -668 26 471 -16 -504 -350 -36 368 475 125 -467 262 1210 93 63 -685 -989 -266 975 78 -173 37 332 -727 370 845 -237 -319 521 13 -562 -705 511 -334 -38 590 37 -829 192 -493 277 390 435 -366 67 -538 -363 -120 1593 -207 -363 -374 -200 -294 -453 -514 418 -269 -888 -261 129 398 -355 -207 -189 -421 569 330 240 -751 -611 131 -124 287 385 -423 218 -623 -121 438 -139 -541 298 258 -782 -780 1405 75 375 407 -539 -530 618 -741 191 271 -680 15 440 -205 15 575 235 1068 -442 287 -63 680 -768 -634 -57 -305 292 135 -599 149 -108 -191] 5511.6
[-309 -334 -38 -570 471 348 -192 -758 767 118 -152 558 325 -248 106 30 -500 456 -95 58 145 -296 45 -638 -856 739 -361 620 215 128 64 -506 486 849 335 481 118 151 41 533 290 304 409 149 564 763 96 -250 393 137 452 263 -806 -394 -180 88 662 331 -273 142 -36 1062 -205 -90 -347 687 -98 -27 -490 580 -894 762 -545 -606 -958 54 970 1062 -439 138 177 234 -395 43 545 -598 -1143 -731 90 381 -541 -279 -1173 243 539 841 -360 114 -606 -568 -486 -229 325 -499 126 280 258 890 515 697 1080 -384 -696 -439 -17 597 75 -132 141 -436 -604] 5479.81
[-64 -523 -80 -1050 663 -846 508 268 -177 80 174 142 559 1073 770 -219 -563 -868 -44 720 295 381 224 436 742 -105 -1070 509 233 -553 190 329 69 -449 449 -826 300 110 1205 -96 128 140 239 0 -489 -759 507 -555 -402 -710 -381 167 694 828 -102 -919 175 -517 -497 -237 52 158 -159 692 -505 679 -619 -182 -96 283 116 -161 -337 -365 442 -57 190 -135 451 716 -617 821 -555 582 -558 1 765 -199 -598 1014 -311 -207 324 438 -134 561 -210 57 -717 -831 -139 195 337 -255 -37 627 737 47 -765 869 484 -605 182 16 -521 292 318 322 118 333 -268] 5490.71
[604 -100 -117 -471 200 -321 22 130 -215 -150 -629 3 -73 -450 -335 96 393 657 -46 -381 -94 259 223 315 258 -19 164 -138 -496 425 -888 889 -763 -181 -242 -358 -1279 152 -267 146 -602 642 445 -3 350 145 448 627 -22 -198 -436 510 -317 571 -132 416 763 512 409 -89 672 392 369 160 -432 2 557 -467 872 -1212 -203 -294 -1157 380 612 -845 52 -19 240 -657 -532 -645 24 1290 -386 -61 102 161 -386 -855 -114 -62 342 -93 -507 181 -155 565 345 -70 308 587 639 -286 -81 -728 -954 81 -479 66 2 363 -533 451 424 -419 430 -188 709 -236 224] 5165.82
[371 -306 236 -775 -948 728 -92 -602 -48 -122 396 621 689 -38 -470 207 582 -788 -946 -134 -918 857 347 457 -620 469 -128 -584 354 387 881 -60 175 309 -99 -582 -118 -321 93 71 82 -118 -253 126 181 -332 -194 244 221 53 559 290 -260 609 807 163 -536 -347 -640 273 -178 -354 392 -105 175 52 658 -67 -252 -207 -251 -368 244 -32 292 364 55 147 434 183 -100 -192 -191 -245 126 -274 701 668 143 -395 558 -460 710 -717 464 -616 -161 189 -705 289 -43 -659 -823 172 312 251 -170 -37 -36 233 657 1295 -470 527 -683 -113 3 -160 -513 680 167] 4918.14
[539 -467 335 -308 -126 -391 -376 270 -695 -372 -263 -383 -189 -82 -53 -81 -247 -355 370 90 207 -253 -399 -83 -272 26 -663 48 351 -308 -87 536 148 -73 -205 296 -411 -437 129 78 682 448 -488 46 -135 -567 -110 -41 132 724 538 -254 -556 -136 -653 730 859 -1032 -256 -469 -116 797 -710 -245 -982 -474 -1245 -572 -26 38 -290 188 151 -1157 -1331 140 610 458 -537 -683 326 -79 113 342 -970 -273 -1015 -149 -980 320 548 464 508 -755 201 258 71 791 -750 -556 -655 800 -651 57 45 401 -1032 -63 -20 -246 -323 415 -340 72 233 -424 99 -588 -237 553 376] 5402.51
[159 456 508 -266 -378 -1002 -660 269 798 3 -1178 337 -672 320 -22 161 48 -854 306 -639 409 -71 470 188 -33 322 -144 186 643 -41 419 -375 -871 132 -176 -348 -963 -644 -461 -267 883 -452 -25 -518 -469 -276 596 45 94 625 -100 -823 461 -139 -202 -1065 -504 -378 271 -1114 659 -428 -41 180 -648 539 -9 371 269 -750 -230 424 -976 1381 57 307 407 -1060 -345 -238 238 987 -429 76 -196 638 -161 -205 270 635 443 -311 347 -148 -501 1011 -90 -447 -1307 83 -261 43 -557 588 -286 -399 -779 45 -17 201 -341 682 -1116 -350 -290 53 -141 51 -431 452 -54] 5731.8
[-392 723 137 -249 644 -763 -112 -63 304 -703 565 349 694 160 -474 787 -306 -524 -257 783 -533 -105 -207 256 61 -145 -191 385 -294 -888 176 455 362 693 -457 -232 -58 -517 545 118 630 -326 165 212 685 410 1002 795 904 16 -798 390 -444 836 -652 -70 1066 372 -423 -132 234 -282 51 -445 -479 630 -627 103 471 -117 -639 320 518 -727 120 46 115 144 -951 666 -404 142 -800 -443 967 -711 257 -69 402 -165 -380 106 16 1088 -810 145 484 -583 -932 776 -474 12 368 303 -152 -978 94 -290 484 177 134 933 127 313 116 -388 147 8 -619 147 145] 5488.43
[-256 286 71 -282 114 436 -713 -780 -336 -541 716 172 886 137 81 398 -538 -654 -623 -118 95 13 -580 -637 529 124 -857 -41 -215 100 38 -29 294 -303 110 -353 -24 -4 104 -467 -495 337 41 238 -272 155 -42 325 -149 -674 -395 1477 -643 -314 -505 -445 256 376 -1431 -84 -237 298 -256 142 151 417 -180 566 -335 807 -366 -56 -227 -904 -159 1055 545 161 -203 841 -984 120 -314 82 -39 490 116 104 636 -165 -238 -759 -168 688 56 -147 228 -969 -831 -739 -236 187 -681 -208 46 697 -62 128 1069 89 565 -228 -846 -72 -634 808 235 -35 -82 -363 -225] 5311.95
[-235 -434 -476 186 -94 -711 -525 156 -367 -266 414 328 -93 -812 -178 396 766 256 -745 -86 831 282 -110 267 152 120 -518 -380 873 -67 376 543 129 -565 -840 -1357 610 133 -443 -279 81 -624 -1426 303 -523 278 741 -3 -6 -24 -1347 -705 152 -263 190 -205 -34 113 -598 -423 597 348 75 -20 -206 -417 288 -540 558 -58 748 -1104 -891 -620 400 365 689 578 -738 -29 -20 -476 -274 -501 -313 -21 227 383 637 -186 201 284 235 -74 -613 -353 357 177 232 -171 247 46 -746 -41 331 -164 -274 -400 198 -636 -531 48 99 737 -108 -111 -137 -186 -685 -84 290] 5244.13
[-697 -625 764 295 242 790 -83 721 1000 -160 -742 -131 335 -128 -147 227 375 264 -199 1072 -766 -134 119 190 101 -303 -342 290 712 4 -297 136 -98 -448 75 947 535 -629 337 135 788 93 213 504 174 122 -27 -369 66 561 274 371 -118 -463 -128 253 283 -96 165 245 308 -215 33 -445 -724 -393 -131 172 178 103 -267 -58 941 145 -1351 -1364 -71 91 90 -209 -497 -606 275 -103 -259 265 -579 -416 -729 652 -502 2 111 -271 276 -48 -103 40 -854 987 -321 -333 474 -169 -20 -83 438 121 -489 556 434 52 -812 -884 -256 65 333 388 -617 836 -583] 5144.22
[-261 259 -918 -90 -538 335 -75 -886 -26 842 505 1023 252 -99 674 604 325 360 -540 367 601 -107 -793 -203 -33 164 248 345 -205 24 -160 -530 -630 62 -16 33 -20 -1052 136 226 -289 -138 525 692 -349 -297 164 -521 -580 -76 42 927 -310 472 415 -437 -574 -527 -638 98 551 -698 649 388 -321 -280 -370 -237 -341 172 -586 -327 680 105 -779 -161 -111 -450 218 979 -666 -392 477 3 155 509 461 -480 519 185 -550 -548 -670 665 214 1013 -249 -621 24 -228 1185 -414 598 -730 -443 1053 711 327 482 483 625 611 -8 123 -1333 1149 -126 -298 -947 25 -125] 5702.72
[-894 469 -113 -53 1083 -57 -202 -81 509 586 -896 305 291 -745 -300 534 18 60 498 -469 -1035 -319 -130 -295 81 -5 686 1014 1188 -339 -410 -368 674 -134 -233 430 22 517 470 225 96 -239 179 -154 -116 -25 -567 428 -502 -113 1742 -123 94 143 -797 302 414 -523 -35 -203 91 323 -455 -636 83 139 -632 238 80 -234 350 416 337 -355 -783 -482 -344 -683 -364 -156 437 54 -441 -200 679 220 -989 337 -402 92 552 634 -496 -722 -555 128 247 -402 -4 343 -1006 -55 -77 -131 -76 -818 236 1 317 -357 120 -480 -626 -1258 122 357 75 244 547 -216 130] 5368.3
[-987 -844 -21 -444 -380 -394 382 137 -374 291 774 -165 1476 204 433 651 -770 -511 -758 -329 -583 302 61 470 -697 163 125 132 368 -662 -45 611 -185 490 -442 234 -378 -449 531 1 -351 -435 127 350 257 781 -333 -978 -445 -532 14 797 -414 -726 548 675 -216 1 -880 340 -850 -51 -22 -816 -156 -58 -59 -29 -301 724 3 77 472 -91 -583 -172 -998 683 443 -235 -335 -1102 793 -359 280 -186 -78 -329 741 548 -386 1028 -589 -318 -185 417 -200 -117 -25 -421 1062 16 -427 -168 1119 -210 670 538 306 -303 -6 -539 276 -164 41 477 -165 258 4 -395 -186] 5536.22
[81 112 788 -945 -548 761 306 480 517 -601 -130 -830 426 363 -376 452 522 468 525 22 -748 157 311 464 397 554 -313 -676 -153 -196 168 181 -238 677 -1031 -472 -243 -784 -523 271 255 -329 619 62 -336 -403 -500 370 -272 -101 485 -403 -165 264 218 -870 -683 448 509 -113 -432 130 -1084 580 -389 -94 -82 947 -70 -204 132 813 -594 681 253 592 221 -919 415 157 -767 -216 -21 -176 -337 -490 258 158 -260 139 -572 -501 1527 30 84 175 -909 1165 119 -53 686 -244 -175 537 -532 -674 -15 -279 -661 218 -132 268 522 435 30 -538 -254 17 479 974 -400] 5519.73
[392 1032 -116 24 418 -211 -750 -276 -232 -21 577 401 -166 -173 -564 -341 -401 -742 22 -349 -890 36 332 344 -739 -206 524 -199 -141 379 357 733 -912 583 151 593 -281 -298 -316 232 280 -459 -306 23 21 -98 53 387 985 334 176 -9 -124 232 -569 122 -408 -411 -897 292 213 -87 407 -20 32 587 -772 -329 -410 -126 -1077 361 60 511 -259 -457 -912 -358 -556 -864 179 -431 46 467 -785 686 -212 142 -152 -52 960 194 286 48 -282 -242 65 -964 -210 980 -271 841 457 -326 -189 -36 -723 154 -186 -673 -331 313 -257 635 269 88 -121 -1357 649 -178 991] 5303.36
[-65 -975 895 -651 -426 274 -786 599 -556 -149 449 1039 -46 -232 -36 89 119 487 83 -65 -1012 286 698 -772 -717 -312 -19 166 801 353 177 -253 -570 -845 -123 -641 -504 295 -102 383 200 534 309 65 101 261 -136 659 29 -477 34 -509 673 -52 785 840 403 504 511 -549 722 -400 -289 -496 -822 -106 254 -88 -216 142 -205 -283 -220 124 -559 131 501 -158 -258 -755 -3 -366 -52 629 -267 -169 -165 532 -1285 -227 52 284 25 -398 -510 164 -714 -518 -325 256 -1393 -38 423 695 780 211 722 277 -320 -117 -510 211 88 -326 -432 681 -58 6 -93 486 61] 5280.87
[-388 230 -786 369 424 -448 753 154 507 665 -279 -581 -274 210 -504 -72 -308 -212 -532 223 -707 150 736 181 -348 548 22 137 344 -52 526 368 -87 24 -363 1118 351 -41 15 -414 -394 151 109 -145 131 263 -702 -461 -737 769 61 -223 275 42 435 -818 -193 -146 -384 254 -289 -114 777 -186 218 821 525 -1110 -273 -608 -115 -1360 436 388 -3 222 405 -173 309 -67 -249 1208 -318 986 -29 892 583 -261 523 392 789 -153 -330 -339 268 -294 111 235 1009 257 398 36 667 -359 -374 579 -203 137 -228 154 276 34 -649 405 -702 1075 -383 244 610 250 357] 5275.65
[-425 344 113 -296 28 374 67 -400 -792 -945 416 -262 858 260 -240 -52 -532 -115 -158 218 -701 -272 -253 -179 -894 -249 73 438 -692 513 583 5 629 -679 848 557 595 440 -770 -262 775 -1011 -280 1148 -784 505 -368 -106 40 463 208 57 -61 -119 349 584 579 -38 339 -108 -103 424 -774 408 342 -132 -1346 641 -44 220 -375 -130 764 -526 -10 862 -373 -28 -744 -210 -376 -128 -189 -116 -476 -944 -299 -382 -220 -723 -311 569 -569 373 370 -237 379 -276 307 253 31 -194 114 302 -336 -438 269 -682 -672 -64 -22 825 -484 214 770 -117 -37 -109 1123 -484 -538] 5393.71
[382 -487 178 211 -249 -514 -126 -511 -432 210 932 -260 -569 -762 177 499 823 -380 159 -103 706 -712 139 -568 -162 -458 240 -78 181 0 -126 180 -376 -637 -719 -221 677 -608 278 -22 90 94 -1443 -133 220 -127 106 805 -292 58 -35 180 268 -17 -211 -741 -728 317 -139 492 553 492 -601 100 387 395 5 -170 -224 -392 1034 496 288 -425 -256 -414 -454 -301 -465 174 280 -191 189 -841 397 71 -113 126 120 -166 698 -339 42 -27 -1294 69 -386 -493 272 478 399 -307 -483 730 -506 -271 -81 430 297 -452 -461 -537 712 -38 210 -169 355 548 -303 322 541] 4924.89
[-234 454 768 53 125 -111 310 215 243 -712 540 28 184 -1455 -890 -478 18 -114 -272 -14 -510 -46 -187 230 727 330 -680 365 256 787 -50 -201 346 303 395 167 1046 401 -125 339 222 -613 -305 -737 -165 -99 239 -946 -835 -879 37 300 -666 -228 612 -1086 743 512 -69 80 570 439 -49 -106 197 -506 56 451 577 -683 -72 785 78 -191 431 505 721 188 -823 541 173 350 -57 -406 1241 -47 92 38 -729 565 -167 33 -544 -348 338 256 -400 -296 -332 -129 -24 -421 -990 -270 -360 -1323 904 36 -370 -434 121 -590 -219 -180 -125 -225 652 425 -501 167 178] 5439.23
[240 1424 458 744 273 1061 -89 -185 -502 -789 228 82 -1050 -268 -565 437 374 -398 126 31 734 81 -1057 3 249 454 -159 -493 514 -303 755 -611 -122 -19 384 283 764 -812 -229 582 -19 -1039 222 548 -484 -504 50 -54 -273 -35 179 94 -171 268 -427 370 -316 -584 717 152 -185 -91 131 9 687 -20 -1242 -404 -712 -321 -284 -128 298 424 -460 -890 -335 -273 -189 697 -701 52 -55 -1132 -1060 -197 -188 432 -481 -670 282 586 1213 282 -428 28 132 227 24 167 755 -119 287 -177 33 -51 -446 -320 611 -452 720 -93 -809 514 522 -406 342 -586 -442 63 -153] 5568.49
[177 109 -462 -56 -814 319 -249 417 -654 -590 445 -314 -669 -350 -144 150 721 605 -61 183 767 -86 -3 -976 -743 457 -157 -826 -885 145 -99 -151 -48 -322 -445 1208 -29 -71 249 123 -116 73 66 400 471 -750 -65 -423 -377 98 -681 508 -422 -70 64 257 106 161 -398 -597 708 83 -420 231 -113 -1017 -628 117 -134 865 250 -1024 -43 -25 -410 -477 -85 285 348 -306 -1296 365 -8 -177 97 -25 588 -455 -444 450 -622 -777 -452 588 351 -292 7 -549 892 157 289 117 177 577 -504 526 263 301 1010 -142 -90 527 161 600 -474 548 -510 -464 -328 -422 -377] 5209.48
[16 -402 -303 298 155 532 404 -742 315 215 -348 -151 -477 -629 -92 462 -98 1249 450 -53 68 641 5 -4 1027 260 -278 390 -133 -432 -429 -126 632 748 492 -157 477 -287 753 477 -750 651 -356 137 -268 436 -589 298 -314 156 389 -123 120 -75 -484 484 419 85 487 1151 -647 -327 836 -177 353 -323 67 -566 -221 365 -466 92 716 -46 -409 -91 -423 763 -186 -854 746 -157 742 10 624 111 -207 -204 -850 195 -877 590 486 -665 130 -384 261 604 882 181 -48 22 -335 481 192 -404 153 461 384 -121 -70 -70 251 -555 -440 -401 332 -794 492 220 165] 5087.15
[1133 155 -761 162 -520 -377 -474 -126 -106 45 -532 -497 -125 382 569 318 85 646 904 139 -42 720 100 -583 93 1153 46 42 -573 -1461 535 -262 552 88 485 -41 -284 -223 235 648 -346 -41 -177 -536 732 -728 -374 -177 71 769 1522 -715 465 56 -364 -104 429 344 105 359 396 751 -31 -428 107 284 240 -162 -624 620 -106 169 737 -36 -322 235 -208 -419 613 -821 646 593 762 -251 265 -670 -619 27 -340 219 -386 -358 -22 -350 966 -12 -328 409 905 -390 102 98 -814 791 44 105 -667 -372 208 -63 -392 417 415 -163 -106 -508 307 197 156 -87 -551] 5402.66
[-214 621 -136 -278 483 -353 472 -46 1288 536 -1 -881 795 210 -226 -407 615 34 -710 23 -910 -20 -374 -518 -39 18 317 340 234 -926 -255 419 542 -257 36 791 651 287 1106 207 262 98 821 -246 -142 6 -481 217 -86 691 1237 -110 -312 -510 11 332 -274 -775 -330 178 187 778 -135 -40 -441 118 227 99 -142 140 223 216 530 -111 428 326 -146 -271 121 394 258 -288 -34 -34 637 417 -172 -652 -26 596 440 753 -520 204 520 -201 619 -826 -90 -51 118 -576 -12 198 -127 -876 -400 127 -663 271 645 458 -293 -71 -11 214 -255 417 79 -475 -336] 4951.5
[-582 295 -694 -576 -480 93 -253 412 220 -252 740 31 -126 585 -274 433 562 -476 308 43 -88 168 -331 -41 770 -653 -124 -102 292 -1056 642 798 -49 -191 156 -135 561 -349 -133 -672 279 -95 -164 -66 72 -376 678 369 147 -154 -585 -785 469 318 -507 -112 -794 54 -558 209 150 -222 798 -41 -644 -718 -354 174 653 1151 -578 -986 -331 190 50 -339 188 -53 37 497 -133 -359 125 332 -305 -241 79 596 87 598 -46 177 962 323 -777 -160 572 -620 -543 -84 -751 670 528 95 306 368 330 -470 741 301 -834 626 640 -111 -392 590 -283 -130 -707 434 -634] 5144.07
[-966 471 630 279 -53 25 -619 -292 -519 277 -734 810 -1536 -365 -161 261 237 310 -240 176 623 -383 -314 -206 1275 -47 -442 -12 915 -1035 295 101 -209 957 510 595 -246 648 621 395 127 185 -215 -1309 -537 844 279 -158 529 -924 -748 779 193 365 -660 1102 253 250 396 -413 -155 -179 -168 -263 103 -177 -372 -1116 -284 -8 -143 -334 38 -291 93 2 172 -387 -1161 53 439 222 -225 -633 -437 538 -373 -366 -439 -318 -187 495 145 -892 -220 -497 72 -454 297 160 -127 135 504 66 120 181 -704 -825 909 107 350 -618 -123 -542 -133 435 184 -217 17 -815 -13] 5661.53
[-55 104 -537 794 -280 636 -240 -273 -417 -583 -92 246 12 -175 524 376 -411 -266 158 -521 409 -143 -410 564 -419 433 747 -47 146 357 294 -86 121 -971 24 -499 -260 9 -13 -134 414 -623 -588 -262 -121 -274 216 -398 -612 -301 -461 -171 118 997 607 346 -970 -377 46 276 -46 -843 -42 -361 198 -776 -494 -251 211 597 -343 -597 93 -33 297 -713 -577 397 337 33 47 -653 334 -703 -760 133 171 721 424 -420 -400 -17 -137 126 77 151 188 503 627 -114 -36 -352 339 -247 400 776 252 -383 770 -785 -185 -666 1206 193 212 -500 -405 -421 -1009 -664 -433] 4994.65
[443 598 91 -418 165 -333 -746 -507 -211 173 -44 -739 -319 342 139 266 3 127 438 -78 -206 -771 13 -182 -775 -671 221 826 -470 -212 542 -640 -188 413 -63 293 -89 183 -1255 -324 48 -545 480 31 -430 137 133 662 -265 211 227 -796 419 -11 52 472 731 300 728 -321 774 -482 214 687 -869 390 166 -320 -128 -225 -431 312 -78 340 113 96 -103 -725 698 -501 809 526 -564 60 274 -194 209 326 -818 -526 -402 286 576 -19 -339 625 -76 202 26 -753 -92 554 -68 513 184 -78 -523 -572 -276 281 -820 -452 836 -5 373 222 -370 -14 621 -12 -575] 4922.29
[-427 -210 526 3 -272 597 -375 198 189 -78 -298 -201 1306 -432 -38 983 -144 -36 -586 -182 -510 887 444 -39 -275 364 -550 159 -466 460 -153 22 -96 -1060 -158 -225 -742 -380 905 -93 410 312 27 270 363 474 437 445 -166 -637 -916 673 111 -603 -127 32 1002 186 -75 68 -908 -793 29 -199 901 54 968 256 44 -51 554 -549 65 589 90 -34 520 252 754 -256 -706 103 -3 -559 -475 636 196 -589 95 259 -711 206 -754 183 -361 210 63 12 -805 496 -125 -302 -435 324 67 237 -620 7 648 915 304 -652 179 14 -893 643 -386 -409 128 1191 -492] 5385.61
[-38 935 -110 -726 223 -705 -491 -171 45 174 -74 -538 -515 563 -84 43 87 1172 134 -621 400 -366 533 -828 -672 -464 -491 -176 -1084 594 -230 -511 212 -490 -421 -195 532 778 -341 415 467 -189 -21 52 -350 -117 92 741 255 581 -503 -876 623 -97 -296 -95 642 375 737 -1023 814 213 158 250 49 819 -338 555 -574 -724 675 -15 -735 -66 173 119 769 218 159 -447 -194 298 -235 -378 233 -462 -54 -378 -350 139 -397 -749 -502 484 97 -64 401 342 765 96 104 -391 967 383 -479 209 53 -691 -183 -331 -73 268 -269 -380 38 -103 -832 37 -581 457 -345] 5205.51
[-229 -97 176 509 460 -401 401 23 -617 363 347 -115 182 144 -851 -505 -192 721 146 224 -546 631 -203 -299 -438 222 280 32 -238 396 745 -98 -134 -334 -228 -292 83 379 -1256 -660 -358 -158 547 196 -1255 -353 -973 307 453 241 -174 -782 1234 -443 147 187 65 -174 384 430 -42 -162 611 284 -728 417 -41 167 -594 -204 -140 104 43 432 -821 498 -263 -532 -196 383 520 388 198 615 130 -400 -307 -180 -346 283 714 -92 -702 -360 289 -49 374 -230 -385 -57 -401 -547 54 213 -435 155 182 187 -185 -142 -587 -310 -413 20 -659 998 -738 -90 662 754 296] 4955.97
[702 559 -1008 314 -433 -536 354 274 755 -680 -349 514 323 322 96 -395 264 -774 -440 -133 -116 -419 210 -210 -227 -694 450 -212 500 -298 11 243 455 340 940 -59 500 295 369 235 159 277 -14 -119 313 137 -37 107 797 1074 304 -95 292 613 141 20 -703 -543 -166 -3 206 803 165 -368 690 860 -783 -37 -257 -376 197 -593 318 421 -193 -118 -663 -145 -15 393 335 -538 17 -221 80 -976 594 -771 260 -328 -78 139 105 -82 509 -689 189 70 -215 378 181 286 -451 139 41 -355 -196 402 -662 -734 693 1530 -114 72 402 -711 822 40 -667 -460 -220] 5117.33
[-672 43 899 106 497 315 208 -505 -240 80 -560 672 518 -44 87 -724 -938 584 -130 193 -289 -137 34 130 268 -47 486 287 188 839 143 -341 274 17 8 801 270 -381 -513 -136 1020 508 117 825 -337 142 -565 -68 -309 588 -255 -743 -222 -497 381 97 -198 -28 55 129 294 325 -142 -529 274 -54 -559 11 93 -180 -1404 -366 810 268 -1589 272 453 91 -146 -716 389 -789 394 28 113 0 -1122 139 -387 219 314 -130 -51 -232 535 631 354 203 -814 510 -543 -147 534 388 -275 377 635 563 -119 9 -40 215 199 475 -457 10 44 -891 -76 786 -376] 5167.48
[467 184 313 285 375 -353 -761 -799 -176 -414 67 -248 75 136 -897 -795 -439 217 -166 -1321 840 380 -42 1301 208 132 -77 -742 -155 -284 202 257 -94 -92 743 -1125 -127 -195 236 387 1038 -537 -790 -650 201 -311 -12 -243 314 -100 5 -1210 -268 322 -727 248 739 -402 289 -379 -140 681 123 289 120 422 -190 -300 517 -432 -242 -26 -944 139 589 -60 776 466 -149 -359 235 288 -235 -326 -245 -1045 -14 856 -207 -52 616 232 746 122 -160 -408 639 923 266 -391 -394 -102 74 170 100 -438 -1193 -43 641 -303 -368 -87 -333 1113 298 -769 -242 -955 -519 -298 -143] 5604.7
[-424 -444 176 230 -22 -410 691 -748 -206 -361 -269 698 -376 216 -139 509 -363 947 -574 -362 1056 1 92 589 1107 70 -782 -578 -2 -182 -18 -359 205 864 887 -796 -615 142 268 537 86 448 -326 -176 -233 62 -717 17 224 -440 -799 560 -215 10 741 552 367 -77 99 689 181 282 946 -554 -779 619 -23 -308 -533 222 -1274 -606 -53 -769 -285 -65 1 493 -637 -146 5 -154 -204 -409 458 -551 373 429 -269 -344 285 -794 -128 258 418 -402 712 -330 325 348 145 102 143 -236 -304 -382 293 -466 52 -72 -94 21 -363 -662 -450 888 638 -205 -502 -70 560] 5227.09
[498 61 -329 -95 364 -139 -115 -120 200 518 -123 -342 953 -248 -331 -241 -765 -502 -792 23 -914 -314 232 1124 401 238 15 594 -418 -462 -352 -212 305 646 851 -580 -419 -123 1053 535 557 55 637 118 -248 -36 771 -368 770 -7 41 -225 -605 25 -527 708 566 564 -553 -233 -183 612 -260 56 -801 -136 -307 368 409 224 -809 384 -77 -771 429 -270 -227 747 71 389 -133 -327 2 -541 416 -632 332 -1001 224 -968 -253 411 258 738 -459 82 514 -116 -766 479 662 661 619 -453 -664 -282 -195 -196 457 1059 77 958 649 718 1222 -65 -280 -293 -245 -166 131] 5542.12
[-48 -559 417 1000 -639 56 258 -74 -6 -621 311 -84 -490 -79 -1105 -411 217 454 94 426 -634 -216 -297 -113 -281 -661 -581 -57 137 -24 152 -636 307 713 83 -817 351 553 290 228 291 -365 -443 -940 -463 -270 15 -545 425 -425 -103 213 813 214 543 -294 -287 -94 -365 859 -889 382 255 -194 160 -537 -2 368 29 502 9 308 612 -171 266 -135 102 -519 41 557 280 460 95 -249 391 -599 1034 -885 714 66 -386 -797 -251 515 290 241 -198 623 -112 772 -1085 -232 340 -230 342 626 569 -454 -106 277 30 -148 483 -104 -487 -187 -163 523 -876 296 -527] 5053.21
[-484 52 957 -54 123 -400 -206 -42 -30 139 -542 -42 195 575 753 -638 -1231 -786 -133 184 42 -66 -191 -223 -680 -597 -285 -202 439 -946 787 -61 -152 -153 350 341 -857 439 206 67 519 -289 -559 -106 574 748 -190 -414 124 -125 -367 223 591 -379 1152 523 992 -760 147 36 -877 303 -10 -982 369 555 -125 -538 -168 -263 94 319 302 -332 -321 -327 -422 106 -351 116 883 230 179 -800 -122 934 -546 -409 122 -465 -112 846 -1166 -59 154 622 447 97 -860 -451 -562 -476 332 -122 214 300 -447 -227 174 -320 -1186 -639 316 334 -209 264 674 107 612 360 -272] 5433.37
[-176 -1025 648 -190 -534 -443 380 -355 -176 -35 -623 172 606 431 321 401 -304 659 405 599 119 540 239 214 479 -112 -293 1539 -984 -24 703 115 202 247 507 186 -279 39 549 -215 -1 155 529 563 -292 -853 -594 493 676 84 -181 461 -173 -27 -146 -173 1270 -697 310 656 -249 271 -62 -301 -1111 196 -265 855 -1103 326 -563 950 378 376 -285 -124 189 -250 147 207 381 24 201 873 -674 -4 -423 -1094 -167 206 -44 -286 364 166 1176 1183 633 -339 -1471 -117 -514 -188 -519 -59 -757 -342 1092 46 385 753 147 -183 -259 503 -233 589 22 153 418 976 -218] 5878.65
[625 -8 -248 -805 127 327 806 -534 161 955 496 1 748 358 425 -704 313 -673 -932 -463 -121 -630 569 -473 31 -719 -298 369 -500 -47 457 135 234 126 -154 -531 199 318 -963 -497 7 -99 79 715 436 428 -238 685 -826 -187 -103 -758 80 -80 -50 -504 -148 -236 -1102 -2 529 507 11 825 444 -205 747 -10 244 -57 110 -192 -490 254 475 1264 640 85 938 289 -513 344 52 487 299 -327 1198 468 453 -198 568 -256 30 781 34 229 71 -715 -97 -216 370 275 182 -157 -52 220 299 -447 -723 -104 -362 -174 165 457 -472 369 151 -28 537 -28 -467] 5187.49
[175 -131 -282 -653 -86 701 -374 157 374 -507 -335 -159 342 49 -51 -79 504 570 -674 -255 -554 278 247 -143 -776 -255 522 -694 -1002 -281 -685 67 208 473 -10 180 -251 -66 419 -336 -685 869 228 563 11 59 297 154 -148 90 1009 427 -876 83 365 -132 730 -37 -742 -494 759 257 315 198 -642 8 268 349 157 -375 -448 25 -1051 -650 595 -113 -612 332 292 273 -1047 -395 -200 -231 972 29 -92 123 324 -633 -376 -1092 206 563 738 -139 176 -229 442 28 850 -313 -391 -425 -831 -3 249 273 109 -1194 404 1208 -37 -102 55 12 246 -350 120 -749 63] 5266.6
[852 -95 112 1043 233 -427 -236 -169 -22 600 -19 -74 -1290 -322 -68 -19 499 -63 1004 879 771 -747 593 -410 106 185 190 -301 -70 488 -447 -914 341 832 50 -321 394 -124 -293 361 -224 -258 -331 -396 -129 -296 576 -333 338 312 86 -942 125 9 -181 -723 -629 831 360 -48 122 360 784 -82 -813 532 453 -836 143 -126 418 235 -65 -83 620 176 -304 -31 -47 -2 488 1593 -47 -387 678 310 227 474 1040 281 31 -870 277 606 50 -564 -642 229 428 295 -399 1 -193 365 -83 -30 7 259 -683 643 -500 404 -296 -62 -316 -101 -482 343 -859 -593 -666] 5379.61
[621 53 -467 -477 -794 186 172 249 476 899 266 311 -317 -177 1061 -868 -88 87 1130 359 223 -589 -90 -169 511 -683 1038 905 -838 11 491 -174 825 -478 -368 97 237 540 157 -592 -266 660 52 -680 147 353 -196 -306 255 8 463 -970 -84 -200 269 -600 31 -324 769 910 -706 -412 -593 -1 -181 460 349 247 -118 -231 450 769 -268 -521 1738 -78 -405 189 -528 -114 915 -499 13 864 -85 -176 -889 -72 578 -85 -184 351 -537 -873 423 710 603 147 -818 -822 -669 -1455 -479 -90 -366 -72 1148 320 -289 -890 -978 62 245 -546 188 -105 -130 560 172 -291 -201] 6032.68
[76 -294 -715 351 -305 678 818 -247 -757 -601 -185 317 208 -85 -92 752 -89 600 -166 -306 800 542 259 -686 -561 -311 -571 522 170 4 278 879 -519 177 708 -326 47 -41 214 -26 -466 -138 -161 1110 7 1 -704 652 -358 -187 383 373 226 656 -115 1245 438 -829 499 330 -339 611 -519 132 102 -432 -842 -1081 -521 396 449 372 -380 -71 -824 -1169 277 571 249 -487 -777 -622 -7 -80 -1706 -317 -225 -135 -867 -422 124 332 463 -334 52 -367 -367 337 500 -108 158 -118 -8 455 91 501 -734 -555 759 -761 416 -436 -187 291 343 -200 587 -632 441 602 -73] 5632.99
[98 -461 -481 -685 -714 -723 -71 246 -733 891 -237 545 -284 66 -261 178 557 238 -22 196 126 117 -1365 -251 -31 -358 -550 434 -47 279 92 65 798 24 179 -100 -174 953 -130 -592 -224 420 172 -279 623 229 420 -29 78 -207 -582 120 127 957 -169 -254 880 -229 -976 -155 800 -804 761 343 -423 -275 -88 -588 633 -31 427 -713 803 -353 803 62 61 243 108 84 529 176 -256 861 -50 25 179 -282 -559 -351 95 -183 -150 260 -192 1166 811 -618 113 -327 -471 -9 239 505 492 1206 760 -107 -683 -61 262 -472 205 -291 -896 177 173 86 12 -640 374] 5272.62
[20 247 533 301 263 606 -517 129 403 87 -809 -390 -451 -171 484 87 134 86 562 455 -273 -652 -155 14 134 33 -264 -133 -127 71 12 -182 602 228 -361 707 1224 -520 -321 66 -81 -65 -493 438 -162 92 918 -118 -190 504 787 -717 -104 -431 26 -942 113 271 -356 304 389 18 360 -335 124 -288 114 338 1496 -657 -168 103 376 -220 -472 139 -260 762 383 -665 457 -852 481 -794 858 328 -224 211 302 -92 -439 -153 -220 313 -5 -139 163 407 -149 396 618 -388 -360 -394 217 -482 252 487 -345 73 -363 381 176 -120 425 -41 854 350 -358 356 14] 4757.01
[-693 -288 124 395 -7 485 -468 160 -814 -259 -266 563 178 481 -126 -294 278 178 -214 -429 361 -970 73 7 -278 -703 465 -453 230 -585 144 434 -486 123 432 -347 -863 137 77 -678 -251 -82 122 42 271 231 -388 -501 420 -589 -343 919 -323 782 433 536 -157 -646 -287 151 -22 -199 -207 -347 -914 -79 -451 -11 507 -304 -60 -710 183 -745 -629 -690 -147 19 398 9 -611 -559 -511 284 -520 -81 797 387 1344 -654 -254 -82 -442 908 -46 -513 729 14 267 296 245 -396 -325 -286 225 -139 -598 131 693 -792 -288 162 -832 -150 90 510 343 -254 -513 -368 491] 5032.16
[-486 409 205 -88 355 -355 337 -257 -1099 279 246 -308 159 -28 129 512 23 286 565 -683 305 311 -158 344 -90 14 241 93 -214 -250 -193 -1105 -301 -848 642 -879 281 -77 -476 -132 364 -730 -252 54 -164 -890 868 237 -416 -508 -83 -547 415 418 243 55 -201 -251 985 422 -691 -247 -183 79 1026 253 -45 459 -81 117 286 -29 297 552 -150 -646 -154 -450 347 733 578 -392 238 -833 -92 -569 -444 1150 -340 87 -285 361 -406 -106 -21 376 321 279 -241 -451 47 36 463 397 908 164 -146 -272 -356 570 521 -444 968 -130 -496 -260 -259 -192 -261 773 -213] 4959.07
[352 757 123 -441 68 -473 -16 -709 -610 348 81 -91 -340 -748 -967 206 681 69 -163 -442 -658 166 499 -405 -562 940 -876 108 -134 42 149 -407 -115 662 -947 -226 280 497 -286 158 43 -373 1082 -346 -928 -77 -903 363 -553 400 266 -499 270 -1370 354 306 -162 6 9 -442 210 -615 202 -549 483 401 457 -276 -699 -460 -25 714 -710 1089 -192 524 217 445 -50 -671 471 131 -253 210 48 -340 791 -591 -753 -574 4 1091 190 -510 -215 -143 -1306 -252 -107 204 -440 -11 -171 508 -214 -308 -258 525 77 -622 34 -681 141 -449 -994 40 -440 -640 321 344 87] 5543.66
[1109 -1274 -689 -120 -362 -90 196 -610 318 249 -821 391 -393 -298 708 501 264 -519 134 -221 1028 428 -548 18 683 -891 -499 216 133 368 -685 628 120 -415 -381 320 166 787 -133 -171 -195 -369 -200 454 -288 91 -380 809 -164 279 399 80 -487 -327 -863 529 -878 -181 -38 -435 -32 -42 -459 729 -26 -980 -287 -231 525 211 -85 -157 -528 194 863 -12 -208 183 -103 -569 -260 -89 -656 431 -551 538 650 -107 -494 -188 716 291 944 -77 -17 -538 -452 25 429 -888 5 77 -44 -203 176 -152 -572 -331 -125 625 317 233 304 1022 636 -166 435 348 588 -391 -162] 5253.5
[140 -447 -1119 310 -377 -36 -801 -1010 -66 -50 267 588 1076 -1025 144 324 -723 -944 -983 345 -224 596 -237 145 -375 394 -636 126 135 1010 682 -652 15 -360 847 400 145 654 668 -369 -93 89 280 318 525 168 1 -213 471 37 -578 -19 -181 -576 1529 784 105 428 -1269 -65 421 160 1489 262 94 -409 305 -374 -578 526 -584 -296 429 -246 192 344 -559 -188 793 -42 -305 76 889 108 580 608 707 -720 -110 -63 679 281 -555 192 430 -830 11 -921 212 -156 36 477 -375 157 246 393 -240 420 54 879 830 279 61 508 -185 840 -707 -143 -567 -1109 486] 6029.27
[139 187 -454 378 -55 478 6 300 710 13 -148 744 275 -234 152 -479 1026 920 -600 -445 -457 -999 708 -97 489 -522 836 403 -177 -359 74 -237 -217 659 248 -526 91 376 -567 555 -108 -190 697 -469 -141 -181 -529 135 -144 44 -166 -70 126 -82 -740 178 192 299 346 226 118 930 -65 239 281 -803 18 368 923 -44 313 -286 -476 -658 134 -310 390 -429 -130 636 -114 -599 -492 199 -32 -313 756 -408 476 560 -201 -864 -734 343 520 -147 -13 -266 -353 245 -296 -11 186 -826 -810 -527 488 -694 231 -100 -989 -68 -164 -710 -471 442 -178 -6 90 521 -802] 5040.52
[-49 81 544 17 666 -381 -223 -285 -472 461 1089 -460 20 322 -250 -255 -506 482 -285 495 -222 189 154 76 137 -348 130 62 -1619 -539 -17 -60 -418 934 48 -134 -659 -426 -462 466 398 -134 -319 -146 -471 358 574 57 83 -362 -47 -359 -80 -140 -860 57 -89 28 117 294 -140 949 -111 773 -634 371 223 -476 -718 403 -493 421 -223 938 876 1220 -429 -382 283 73 190 746 388 15 452 -219 956 -390 324 436 -355 266 77 364 501 134 522 -294 -182 -590 945 709 -612 208 341 -1570 -156 107 -171 809 -171 -227 610 1287 445 58 -667 178 595 -61 -541] 5534.89
