[127 -14 -287 -289 93 86 148 -189 221 -100 169 -303 -29 -141 -294 -52 33 -53 715 455 389 536 250 -202 202 -470 -250 -95 0 60 -291 172 31 232 105 -691 -268 -321 -368 244 566 -105 106 -60 251 494 474 320 177 -139 -196 -98 118 532 -53 257 522 135 -155 -471 333 -230 -128 233 -411 41 -403 -42 166 -429 74 -284 520 -410 -12 261 363 -62 -171 -570 -279 372 -110 341 338 -267 9 -213 -155 35 588 164 -368 352 -108 517 226 -76 138 -334 -23 -106 -130 648 271 -116 306 -499 120 -188 56 271 403 208 -329 -57 83 67 246 -183 199] 3191.22
[535 272 -477 -986 -170 -80 -190 -145 -400 158 -25 -155 53 -318 -391 -44 421 -453 396 242 -424 141 -261 438 442 353 -688 -27 -260 152 -436 -102 -72 227 -232 -377 -157 44 -190 401 172 -686 2 45 131 40 117 26 419 -55 -231 -683 561 -1 50 136 580 -229 -362 -321 -127 8 134 -206 59 19 -388 -143 144 236 -234 307 -457 -9 251 208 238 -197 -252 -185 -155 547 -142 289 477 -222 124 -336 385 25 585 200 258 -189 -119 124 153 -130 432 -48 -432 -411 5 118 422 366 17 -361 247 -569 157 -364 635 118 -123 138 185 -110 358 -174 -277] 3424.65
[-130 268 717 62 -663 190 161 -303 -226 -144 27 -532 -40 180 117 -59 -109 -124 285 -213 271 -208 -29 299 591 66 26 -32 -268 -272 767 -52 -192 -273 -82 -47 -249 65 167 -521 86 -160 220 38 369 -43 325 -161 335 -574 137 -362 483 111 -420 195 125 -26 -152 166 20 286 132 220 -49 79 -568 315 265 -92 -252 150 -109 509 -7 138 193 159 -245 -283 195 406 -176 135 -502 -125 27 -20 222 -253 271 -277 -226 208 -217 530 -477 644 -536 81 -312 -392 -65 419 -173 299 145 142 237 -67 -172 -24 636 -253 -705 -18 180 -111 235 -253 -3] 3194.86
[43 -213 362 -155 -137 -181 127 293 -216 83 -275 156 -177 151 117 -34 18 71 178 -11 -644 52 -310 -308 635 361 66 241 -12 -153 172 13 261 -123 -240 738 -292 -109 -511 490 -512 -366 -293 -38 -676 -329 -122 98 35 91 13 27 106 -236 -49 -111 -15 227 123 371 -66 320 197 -164 64 -459 579 -130 405 102 -185 3 -304 107 -18 -73 76 479 612 407 -185 -38 -350 -136 204 -55 -308 209 -180 489 -248 -104 440 341 -27 -203 -64 -207 306 -399 -342 288 49 152 -430 49 -39 543 -275 -735 157 236 -217 681 -99 328 -503 727 2 508 -221] 3291.95
[-662 -350 333 42 -124 -143 -188 -226 480 -291 169 -124 -409 131 354 -64 472 95 -484 377 296 -453 205 -397 64 -61 -105 -12 -410 -20 202 -278 64 580 272 45 -244 -56 -170 -16 -111 488 -44 -38 549 -301 -334 152 36 -13 397 -220 -647 106 -186 355 -385 -327 733 246 49 -538 392 -181 -26 182 -741 -206 -371 -147 -258 333 60 -53 34 149 -8 -563 -74 -206 -183 100 137 -119 -164 -150 -522 210 319 -62 447 -249 -262 -19 367 47 138 24 141 6 -165 -798 -38 -237 25 331 218 51 144 -36 -230 182 -166 210 -304 -154 72 -100 367 -349 326] 3203.2
[115 210 -332 -217 -156 -192 -250 105 -23 504 -334 -282 291 58 123 27 -584 265 -322 -540 144 -23 73 425 587 -109 -233 744 81 162 -271 192 167 242 -279 -114 375 46 181 -75 9 -192 -142 -515 355 -394 214 268 -449 -650 298 74 -23 105 -208 172 52 162 -699 -53 -272 165 277 106 -225 153 -328 223 -164 -67 67 176 -231 -84 -4 -61 -366 68 400 -62 0 319 -230 -321 406 992 41 87 492 -427 -370 -146 275 444 -47 40 -423 -120 -27 294 264 474 187 209 -28 280 -241 564 -396 13 -353 -31 -144 58 163 -151 -67 179 387 -6 -359] 3214.33
[110 119 -126 23 -110 -671 -223 184 78 524 303 -481 563 10 268 -54 -488 -232 4 -144 171 -33 448 528 52 -94 319 804 286 55 -421 -177 361 -177 -820 24 706 -372 294 -102 752 -501 115 -245 411 -249 -56 352 -220 14 -483 -370 180 110 27 86 295 -323 -202 -321 -349 410 90 -160 -255 198 -189 -228 -112 155 56 24 75 56 80 17 -152 81 534 -644 84 5 302 -526 452 25 426 -18 -455 -456 -10 -211 -384 101 -362 81 -347 -193 456 -314 133 184 256 175 300 176 -156 133 -312 -386 -155 289 252 -406 387 158 31 -206 456 427 -414] 3469.4
[-14 -644 113 -402 384 -116 -20 -323 172 -223 123 73 -200 -422 -125 -301 273 -3 -1 834 522 -195 865 -375 -540 80 220 -54 -109 -26 -447 -419 -95 -60 159 382 -290 -405 -468 64 544 104 -100 -97 123 532 -444 385 465 400 -452 -593 95 -267 20 -5 -48 -491 498 269 738 42 -269 599 -499 556 -748 -155 -572 19 -189 34 463 222 161 66 400 -497 -39 -332 68 -47 53 -11 278 159 -184 -212 -317 217 620 -89 -327 -208 254 523 378 53 142 -591 -266 -411 -231 366 239 226 65 -816 -276 65 115 156 38 -582 -249 38 490 404 416 -75 84] 3812.32
[294 -219 -444 524 168 -421 -22 514 -525 -106 353 -111 -155 -330 -161 153 -90 293 347 646 -124 459 -137 -33 -503 199 590 -286 723 42 81 54 -389 -567 149 894 -522 64 -435 -145 526 -108 298 -166 -509 184 -206 227 30 511 -195 248 452 -182 506 32 -209 117 45 -309 -279 -11 -411 -82 -147 -13 660 -104 -73 -190 -17 -309 98 286 167 465 310 689 49 -92 -41 -707 -6 0 -186 -641 477 89 -773 69 -206 160 -77 151 -226 449 694 -279 -412 -215 -33 584 381 182 -141 -504 552 214 36 -190 -25 170 276 263 218 822 -498 590 -759 893 108] 4018.39
[196 118 483 592 -582 178 468 -145 359 -190 228 30 590 99 -248 -331 105 540 715 -41 -200 162 -128 -494 256 -429 111 -365 362 -314 537 248 442 -679 278 -503 -528 153 -241 -217 -797 223 366 436 -502 829 250 -71 56 110 -413 306 543 463 -199 144 270 755 -38 573 527 -1 -321 88 89 59 694 917 1160 -140 -194 -134 535 -323 245 -90 257 317 -277 -195 372 468 1 688 348 -326 -124 -195 -258 -166 -79 401 -244 435 -204 36 -564 281 -265 -185 82 87 -186 326 -343 -126 245 -34 447 57 699 200 33 580 -334 -195 -363 -160 -628 -173 317] 4200.19
[438 -757 37 29 -200 -128 370 59 -288 -116 -305 727 -423 -412 -476 457 476 122 505 331 203 414 -369 -489 -282 384 259 -54 978 -161 -20 29 -380 -104 203 452 -544 271 -666 -46 -137 3 184 0 -82 376 -288 21 16 187 53 -99 660 -233 673 -21 162 3 -246 695 442 296 -553 645 -33 93 638 204 -24 -937 -128 -191 -43 -221 216 84 399 186 258 201 -157 -502 -182 383 500 -107 -66 354 19 -146 -220 234 58 -111 349 349 245 77 269 -535 287 5 -582 -146 -186 -202 109 -515 -468 390 280 157 -87 -528 137 279 87 532 -226 289 142] 3815.07
[-64 233 -384 392 -370 -528 -68 -329 -521 212 575 -876 375 -119 287 -173 -668 -73 280 0 -179 -101 -406 386 369 -96 -75 67 -551 -299 -121 226 102 -983 -189 -104 425 216 592 -40 585 -556 433 -409 514 -205 66 160 -131 -335 -141 -216 -112 -291 -720 -218 760 178 11 -656 -843 261 237 -305 -82 117 -144 47 -358 302 671 -24 -134 482 -193 106 -460 806 101 -455 -220 -97 -205 5 -395 9 256 -323 -323 -453 27 3 56 -165 -925 505 225 -5 -593 270 -81 240 587 66 8 -45 577 21 80 -584 -42 104 603 428 -588 129 16 -593 -70 366 177] 4101.75
[-241 -175 301 219 -22 -155 350 -149 -418 -347 -337 339 131 -421 188 -61 145 6 -561 -340 189 125 3 -171 -555 256 981 -120 -165 -571 522 -578 -345 -543 -243 496 266 360 811 -318 -82 -167 326 529 -28 572 154 -558 151 133 119 156 540 -578 270 -152 4 -109 211 397 477 -78 100 -162 -375 302 544 21 436 -191 -207 -5 -13 417 169 -98 -9 371 238 -143 632 57 322 153 -230 161 -42 36 -243 -96 -746 -224 -449 -258 -615 98 -335 176 519 63 461 46 34 72 -563 -487 -260 161 -200 -2 -222 139 -241 -1263 146 9 282 141 -64 192 -463] 3825.26
[84 262 309 -372 361 144 458 -194 302 310 93 -804 101 611 -80 -19 -240 0 460 -370 72 224 197 -107 216 -209 305 577 408 561 5 288 283 748 -305 -789 220 156 -394 206 837 -748 271 -471 434 -335 -206 -95 -347 -356 -696 99 191 547 509 265 -172 -29 -583 -522 280 431 -242 80 104 -587 11 -395 571 123 -236 -86 153 -114 -157 -101 -137 -96 392 -129 -609 -86 -148 -141 527 -456 207 345 -46 -357 -263 -371 59 464 266 428 -4 -126 579 -231 -148 170 62 176 93 374 -267 191 206 -249 32 27 5 196 485 23 -228 -283 -148 200 286] 3729.43
[413 -938 -547 12 607 330 198 -246 462 -274 -461 -5 95 237 61 122 -334 501 -84 -118 -133 -253 151 -504 -207 12 -314 600 180 -694 -466 324 321 96 -102 689 -238 -33 -808 -88 156 91 -345 -50 -304 -303 -886 648 -48 -108 -93 380 -155 -299 -152 -81 -521 15 -697 169 231 281 6 333 -225 305 271 346 -43 10 -107 91 -283 -205 -132 156 -285 335 436 253 124 -340 141 -98 582 778 -549 867 -179 -251 -441 31 337 -82 194 -122 -7 -428 -231 -512 19 410 -95 -642 -67 499 -245 -77 -415 32 -134 -257 -469 95 119 507 -280 425 376 247 457] 3900.8
[362 410 -64 -996 578 541 708 -28 41 -317 -387 564 -53 -227 -377 392 376 -147 332 391 -589 553 -387 -575 -5 280 -917 -94 304 -220 -249 47 159 738 146 -532 -44 -372 -204 411 23 -392 109 81 -601 88 157 -139 524 199 -81 64 10 -28 366 -56 277 301 -561 -687 590 195 -95 -181 41 -375 764 58 358 -222 25 -178 -242 -647 409 -320 -171 93 -312 140 -287 965 -322 442 647 225 -676 152 2 693 -173 178 400 27 -373 -236 443 106 549 56 -20 361 -111 750 -20 602 -191 -289 220 -467 96 -183 576 -101 -296 281 -13 -163 576 -10 -645] 4240.87
[175 -610 -416 1 323 64 -400 -376 -302 -146 332 -128 -449 -439 -11 151 -132 -22 148 103 -239 -198 92 -400 -260 570 -53 -496 -975 777 -125 -73 -737 -187 295 574 -698 388 -366 382 642 39 -514 -110 179 -462 -322 -297 -72 137 345 -937 -346 -459 83 -52 -745 -429 53 233 -300 369 -399 206 283 209 -1387 -173 -585 1126 -69 449 -130 721 -396 -60 71 -352 -417 72 317 -604 -296 -227 -711 61 1 -120 291 -141 271 -81 554 -417 315 591 220 -73 -831 197 -289 -587 148 -514 -84 -26 379 -444 -246 666 -225 -157 330 364 -292 -554 56 402 -483 179 1077] 4646.3
[-672 23 281 -614 568 1089 472 -189 512 -161 -458 150 -436 1020 109 -219 -465 109 -780 -440 377 -585 389 556 -323 296 -340 -97 -88 -86 -368 95 311 -78 177 24 464 266 -223 -565 -666 122 -278 -308 52 -184 9 -198 -385 -119 159 562 -1233 -432 -176 -435 -859 -54 -413 -286 80 473 58 704 108 -449 -82 173 -954 16 517 69 213 -321 -349 -890 -280 -496 -424 1375 65 -359 -96 -415 -494 732 -504 285 380 7 -232 -114 390 434 628 -254 108 16 -756 -96 -137 340 -93 -119 -207 628 -370 185 -259 363 429 -203 -351 1 -138 -562 94 126 923 -333 -47] 4811.05
[51 18 -423 -1236 420 103 682 -205 -162 24 -214 612 -120 -437 -1000 -702 680 439 -75 547 -731 295 -130 -46 435 504 -212 12 543 -169 -840 -230 -57 -32 645 -627 -29 -40 -650 28 -427 -550 648 -143 134 995 349 456 250 56 127 -326 186 50 -46 268 317 711 -15 -341 504 -237 223 -97 -441 -31 197 226 31 -614 -267 -21 -135 -879 738 -242 -119 32 50 -70 -19 508 -424 483 737 646 -932 223 634 279 67 296 426 238 307 156 588 -422 506 93 -229 673 377 717 -447 278 67 160 -127 -1024 -434 253 -298 478 108 385 100 882 207 -27 -544] 4839.65
[-464 76 -328 266 -608 -351 163 469 1 439 164 -150 -46 44 146 584 -134 381 -191 204 745 574 -151 50 401 -508 -65 -340 252 221 -15 -120 -31 -300 180 -489 -3 366 52 -263 -548 -179 821 -192 305 817 545 -267 -216 -16 516 -308 25 191 1217 894 -22 121 105 39 210 -405 -205 255 -204 -285 716 409 144 -554 -355 25 449 -696 57 -126 194 -30 -197 -636 87 299 -129 764 685 -640 169 -321 174 -850 -163 121 -609 503 -470 602 -25 -272 380 -82 275 -394 342 852 108 -445 692 582 142 -106 465 629 -90 -119 362 203 15 -646 385 -152 -88] 4391.68
[12 -543 -144 -104 -589 85 -113 36 -25 304 -164 -5 188 -107 -165 150 -399 -161 306 -623 -72 421 -777 763 616 -7 218 206 394 156 -714 540 70 159 -546 -213 566 409 -137 271 -251 145 -59 -218 281 -172 563 -25 -418 20 54 1044 212 196 -138 -3 858 210 -190 -122 -921 -71 -18 -388 -34 -219 468 -490 772 -420 -192 -34 14 53 -584 -11 -244 551 489 316 -122 -24 -150 -63 414 -218 583 -110 -74 -478 -152 706 159 372 20 291 -503 -91 -74 -234 -84 399 -313 97 -394 -471 182 38 -730 -433 855 398 174 694 568 260 -163 311 -7 449 -282] 4125.84
[754 50 431 116 131 3 -243 221 1 485 32 -272 645 -278 409 -590 -150 113 64 -159 -73 197 -2 -171 348 -325 -147 384 -718 206 -258 352 424 377 -163 205 372 -30 -234 690 267 26 -608 -744 -278 -43 116 527 537 -426 -201 -95 678 -22 80 377 310 68 631 431 50 263 68 -334 -296 872 -611 99 805 813 -4 27 246 145 -324 -370 -368 447 746 -316 -43 358 -425 -57 636 524 118 -829 -264 53 -76 168 144 153 -252 743 -109 261 142 363 -186 641 168 792 -267 188 -82 214 -268 -796 545 528 268 427 35 302 -59 137 117 793 -61] 4245.9
[275 8 -547 144 578 103 -92 171 -4 -180 -332 537 -76 -107 -68 56 -568 6 -275 -483 207 283 -606 268 -531 341 297 256 -36 584 -348 298 -434 108 533 126 -50 891 530 45 116 -383 21 -633 401 -252 -44 -474 365 251 571 384 -481 -612 927 -104 -585 -154 -412 -158 -1186 292 -346 362 441 -140 -253 -453 -315 44 29 271 -303 559 -651 -531 -629 -250 -500 626 -307 -671 -669 -207 -40 20 749 -106 532 -529 -771 737 465 -684 -76 202 209 60 -257 687 348 668 125 -295 -93 63 121 -8 -468 770 735 206 616 104 831 -466 -219 -461 -324 421 302] 4700.06
[42 -400 261 -156 178 -126 169 428 -236 -308 -263 639 174 -558 -373 280 88 8 -466 78 768 275 26 108 -678 -33 860 -342 742 58 -203 -118 -767 -99 913 249 -144 343 411 -783 171 -177 504 -368 -245 223 -393 -1058 650 284 322 672 322 -440 552 -215 -322 213 430 242 487 263 -116 634 -380 86 604 -197 -195 -834 -433 -272 225 941 -115 -98 -1 -313 -329 33 201 -186 -296 186 -287 155 674 -398 -153 508 -653 424 -141 62 -224 531 483 577 12 426 185 531 -684 395 166 -251 378 -165 -144 1188 273 138 197 -1135 66 -261 151 -577 -413 -371 -173] 4695.6
[45 -505 701 -93 -40 48 122 101 45 111 449 -994 157 501 760 178 -163 -116 -261 -546 456 471 227 161 -706 334 -20 -558 -1140 20 569 163 129 468 -227 103 419 468 -228 -93 991 164 -223 315 534 -328 -84 -976 -332 -810 -17 308 -24 -155 -532 -314 -331 -521 -144 -356 309 54 391 -270 366 661 -494 -319 258 539 33 219 242 557 -163 513 331 -235 -129 -212 254 -316 735 -177 -448 -505 564 423 -649 -137 45 -272 -312 458 39 282 -76 98 -609 -90 336 -612 226 -465 158 -261 -286 189 496 668 -154 -311 223 -263 -592 -339 113 -399 -126 -127 693] 4470.54
[-187 -441 -467 217 35 -134 105 -331 -83 -540 102 350 169 -958 -330 551 184 100 -29 174 -971 441 -356 -167 -470 222 95 -55 498 -269 -847 -110 -894 -221 845 -46 -167 214 353 -304 -162 891 209 83 -208 129 -424 29 304 157 388 66 -153 143 1 24 -430 369 -302 -147 116 -30 184 -294 348 -2 665 -3 -92 -355 -338 97 -225 133 118 -307 -338 -60 -129 -384 -207 679 468 54 29 181 -404 477 98 321 -576 714 155 -94 -354 -442 300 -41 -480 765 461 442 134 -630 98 22 739 -336 170 636 -494 -40 -79 352 643 535 58 -476 -779 -365 512] 4225.25
[-806 57 1182 525 -271 318 -129 -151 -80 -605 76 130 -22 -387 781 -381 80 -563 -262 575 9 285 -372 226 -178 -55 -33 -427 -1135 -579 466 107 -88 -223 48 228 163 746 648 -69 -955 495 -5 -44 344 385 211 -10 1000 -363 190 549 -1070 -134 297 225 -156 -699 528 331 -107 -591 -168 -334 83 -196 -237 -659 -51 596 -287 -201 297 128 -531 -408 118 214 -543 177 -376 437 167 92 -463 -379 -168 -570 219 95 591 698 -230 -407 -141 -432 201 462 -461 95 -353 -357 706 331 -115 214 190 -164 261 -253 770 444 572 203 182 139 0 -476 -256 37 -152] 4597.48
[-307 -478 597 305 -168 247 148 -154 181 -293 -463 -303 78 -220 225 -37 218 36 -292 -725 303 -171 484 -456 -251 118 529 6 -871 -79 10 -32 -127 176 -82 418 286 -80 -413 957 657 177 -819 152 -105 -934 147 27 -71 -409 350 61 158 -524 -86 -371 -333 -21 1195 73 189 252 177 -408 -462 184 -747 -216 572 687 500 182 180 344 -422 -49 -448 393 691 -495 1004 49 -17 -497 -556 149 -130 -762 -250 439 -142 -1005 419 462 180 26 -80 282 204 149 -567 -336 -167 296 -353 -109 -136 -81 -304 -295 -241 301 -343 371 -330 -569 218 415 475 856 435] 4507.37
[902 -258 454 -816 187 669 -546 21 -180 77 205 195 -153 -126 151 -16 1026 146 76 425 -603 -121 -496 -733 -353 46 -368 -486 -60 -194 146 -78 706 500 35 13 158 -24 -764 207 -348 637 -646 -25 -311 11 -385 -175 -11 207 -150 -131 -88 -256 219 -20 -106 -258 645 298 133 -456 -163 -209 361 81 264 -258 438 -219 -517 -362 -697 -562 329 -66 40 -208 257 707 -729 -15 -171 215 536 -818 124 -117 -71 1098 571 235 -14 -779 629 93 716 128 129 151 -133 26 -456 101 208 63 -240 -671 -30 -251 404 -442 -491 131 244 410 199 236 161 272 7] 4301.61
[-65 491 178 612 6 -25 706 24 -198 -874 -40 -319 -172 23 -307 -524 321 -772 912 153 403 122 94 470 -322 -46 168 343 612 -951 758 232 -800 -343 -432 764 -728 -20 55 -268 1039 -927 149 -357 135 79 -4 828 895 -292 -547 140 668 -49 229 -229 686 -305 43 -230 -560 203 -482 198 -236 341 -249 -314 -104 -842 31 -129 422 41 -526 183 378 673 292 190 -683 -885 -94 87 49 -518 -250 216 -627 -427 441 -322 -472 -135 -111 667 719 167 -69 -905 -151 239 -477 -916 -168 -72 429 -432 233 -503 -314 284 819 -678 168 488 -66 917 -181 459 353] 5101.24
[-67 -564 -595 -15 445 290 -434 445 677 551 -235 320 58 -275 -11 158 -237 204 -906 167 401 55 -448 -49 -725 184 -288 227 306 233 -412 292 -272 454 78 420 -336 312 -490 -10 -223 -286 -388 -755 -122 -769 -646 -118 -49 -250 425 187 -331 -67 408 154 -373 233 -135 13 244 202 331 562 -8 555 190 668 -680 -331 148 151 -85 -198 -125 -569 -684 183 -13 701 -485 -467 -432 -402 249 1041 -476 257 301 -337 -854 152 493 106 224 392 845 3 -519 171 -66 845 90 -1206 -253 219 304 -372 354 621 -48 -386 -58 -30 446 438 50 -333 -283 41 267] 4494.95
[-54 -679 -180 149 710 -127 446 -639 -243 223 228 828 -484 137 -452 -492 606 90 -372 241 514 -160 486 -184 -223 492 311 -545 -660 625 -1088 145 -394 -319 917 754 -23 610 -130 334 -10 344 119 -92 158 679 40 -89 134 804 259 435 128 -472 648 -147 -702 290 618 462 -214 -316 -192 -783 -290 -6 -230 -88 -447 495 405 593 119 397 -549 -51 -393 -551 -361 205 725 -698 82 293 -974 -446 71 -828 226 -293 184 216 392 -185 201 -144 -12 -676 246 474 -150 -399 121 -334 -113 -222 217 -4 70 -66 578 182 -138 244 287 -526 37 152 -544 39 888] 4703.05
[607 -109 -414 -58 518 -316 -564 -359 -190 138 730 50 41 346 298 -759 -51 -280 133 766 363 353 -446 -168 326 -948 -671 205 -134 -52 10 365 842 -351 178 214 3 222 156 237 416 -268 -389 -145 236 871 26 555 -166 283 -682 609 -439 578 48 65 48 -397 480 52 -566 -481 97 150 -179 38 -259 -201 -95 245 207 -454 243 -484 -611 27 -196 -5 -148 -108 -763 -627 -524 194 324 -95 499 -336 -600 57 731 643 -277 -783 -25 -338 -162 -128 533 -416 244 335 399 -125 413 15 -284 -208 336 -1097 401 87 -316 469 288 -282 -166 70 -432 93 121] 4362.17
[-648 808 133 180 -307 -196 447 -138 253 -673 -443 223 -64 -510 5 -283 -14 1068 -156 -204 -354 -139 572 -632 -166 -557 568 625 -248 24 299 -371 -334 792 661 67 -882 -768 120 276 -207 1082 568 -118 -309 156 160 622 380 -335 592 452 -56 22 -524 472 -181 99 170 259 611 -876 -24 264 -214 100 -180 71 711 -124 -135 435 207 446 291 -28 -124 224 -128 -250 -206 1170 -263 -459 54 1185 -707 85 414 197 -546 -211 175 842 -300 -174 -60 290 -119 803 83 109 -147 954 -442 281 405 783 -578 824 -443 442 -13 113 -280 332 45 -134 77 -199 -103] 4911.72
[75 -118 -56 52 -6 -291 415 498 424 -699 132 163 671 60 -317 -133 -869 -12 569 -421 -572 16 829 51 39 -464 81 238 -74 528 235 -546 392 -196 131 -241 114 -1048 -199 -382 502 352 387 -37 -737 298 -133 212 663 200 -641 -294 722 749 -590 32 -208 -76 253 -524 467 265 -57 898 338 458 297 -130 1123 634 -1003 -14 848 1001 -708 -12 88 -248 -343 -507 82 74 37 -427 222 -133 56 247 -907 113 302 -51 -139 -181 121 172 -902 48 -357 -482 -163 -250 -407 397 -24 -31 367 42 -355 438 235 197 313 474 -137 241 329 141 -171 -116 15] 4638.05
[-309 429 -125 317 496 433 177 -661 -644 187 97 -244 -318 -358 -25 -345 -361 430 648 154 289 506 -291 -260 7 -611 642 -725 -93 279 496 -101 -794 -425 373 417 -463 13 -116 80 358 829 203 538 -634 261 776 251 207 121 182 501 -173 -124 11 -142 -21 58 45 -244 366 -568 -335 -728 -198 -358 67 11 201 -138 716 380 -84 -56 -146 201 190 705 -600 147 -119 103 -23 -38 -770 490 -751 264 -516 47 -177 243 78 487 -775 59 466 206 -780 -21 -150 61 783 435 -534 -422 517 612 28 -527 -257 216 303 297 -408 217 -133 206 -563 267 259] 4354.05
[665 318 685 -350 1313 189 434 164 -521 894 -177 948 -207 -788 -483 -726 416 616 -652 233 151 -10 -394 -36 -1556 248 779 300 506 576 435 -22 -421 651 266 -227 742 625 -10 -153 -267 48 881 -87 57 -6 124 -483 349 124 -122 102 597 24 764 -4 -160 -76 290 -204 334 -1028 -483 -228 14 762 781 -214 221 -669 -9 222 -393 317 533 -240 -548 402 -317 609 -714 -463 256 -675 -296 371 -174 -267 1121 -172 -348 -173 610 -671 1001 -225 756 -79 -37 436 -76 621 216 -86 -883 -149 -677 -62 -53 292 167 -291 197 -543 683 421 445 123 -945 490 -1003] 5605.37
[661 -36 -222 -602 745 -840 140 41 -663 959 1029 -67 -100 159 348 -128 -59 260 -1095 288 -538 -248 -498 514 -384 123 620 -705 493 501 -297 -137 247 -635 80 168 626 379 -93 -398 -445 -858 551 117 -599 536 -318 -1436 124 742 -776 -692 165 -741 549 314 -226 406 239 29 228 713 512 -176 358 163 609 153 -282 522 -231 127 -219 136 556 -371 63 -126 -113 163 349 -172 -103 89 369 -195 894 -164 -418 39 -980 405 256 -164 -34 394 426 -26 1061 187 392 403 1012 246 189 112 -523 967 -127 -909 826 -285 -461 -1 363 540 -129 -197 -104 275 -568] 5345.16
[-107 507 -29 -291 -422 1290 -793 18 -242 480 -62 -108 338 299 -598 419 -82 259 408 138 -523 114 -1 -796 1083 195 0 -298 -537 148 622 -430 -188 129 -422 -104 -739 -809 -60 264 -286 -275 -511 60 -269 -883 590 207 -94 -21 552 -955 418 552 268 -132 -273 400 -319 339 920 138 445 -161 -245 -456 -708 637 838 -3 21 -136 -959 -656 419 167 -259 292 317 -132 572 506 -133 636 -64 -3 -708 223 262 388 86 -995 -90 -655 -509 129 -604 -13 -244 524 -375 -26 92 862 -513 95 -135 -171 570 -671 -1252 -303 8 -403 -505 308 37 723 502 28 -86] 5157.09
[585 -495 193 843 856 -123 -50 765 885 416 186 193 -280 583 411 683 4 -5 -279 173 9 45 273 -696 -212 -534 -257 158 556 -593 427 685 300 612 -179 427 -498 -694 -395 666 -36 -486 -89 202 -628 -308 -442 138 865 265 -199 -311 904 82 40 558 -38 217 16 626 460 864 844 240 -192 600 616 369 -57 -213 191 -384 205 -499 -1 -192 211 10 1023 -128 349 -99 291 477 1130 -219 545 89 -661 254 -750 -424 -23 263 -345 -132 -171 -285 938 -103 554 479 -793 -567 315 115 -869 397 152 466 17 -120 -100 -670 14 159 28 107 868 125 12] 5054.78
[-195 -1422 439 597 751 -89 178 -538 9 -62 -261 76 -589 -569 242 172 -262 -232 -387 16 230 178 -674 -302 107 -150 343 -244 124 23 869 161 -1234 407 315 661 -839 505 49 164 322 -761 451 746 469 -356 -270 -752 742 277 529 -139 216 -475 1 529 -447 300 331 472 -77 268 644 -359 -247 -198 -60 -492 425 -109 -1286 324 -1011 864 -617 132 -410 927 -93 -37 367 85 -473 129 -206 445 -698 485 -92 81 -363 455 388 -230 72 -305 -892 63 480 -366 -433 134 349 -978 -676 356 -143 493 261 -496 -554 -104 79 -276 449 264 173 -298 -722 -122 -200] 5204.78
[468 414 137 -176 -797 -1475 347 138 -418 -139 251 -3 175 -301 764 75 908 -297 132 -143 -547 -469 77 -326 196 679 305 176 -38 410 -233 -166 -31 -34 -149 236 -923 -541 195 115 109 -925 330 -108 489 442 -750 -333 19 183 -383 -1083 -29 -1337 942 705 669 111 124 1307 -275 124 -943 -555 -111 -227 99 -554 231 539 -1311 254 4 194 427 -256 213 -237 232 -379 0 455 -430 359 682 -65 -19 -198 -306 489 -151 -53 -152 -96 -174 294 -290 15 1634 234 134 -108 130 513 536 88 165 51 -336 371 -24 95 -50 -696 776 531 -395 -724 -672 98 484] 5409.66
[-913 23 137 -35 -465 363 169 -48 -34 752 623 447 617 151 -58 739 -165 165 152 39 116 -129 -523 -54 399 84 597 -117 392 173 77 72 -355 -204 363 939 123 48 309 172 965 -288 28 108 -287 -900 -165 -481 -531 985 242 736 -273 -273 309 -971 -275 -262 491 94 156 228 -348 -605 275 -1036 742 213 242 543 822 361 -581 357 139 32 -543 181 40 334 513 -826 -389 0 -791 -77 31 -102 -968 -579 -830 -98 803 54 -1092 559 227 862 -735 -181 -453 -226 -112 177 -161 -19 881 481 245 -86 94 511 597 -160 -109 220 -124 -533 -264 375 369] 5077.06
[-699 613 -1195 400 -834 68 0 917 67 -196 -1124 -732 580 -344 588 911 -254 388 -916 18 791 -49 -319 746 -204 590 -645 -429 267 -522 120 57 -76 -112 464 37 -585 -81 325 -288 -553 103 110 69 651 -345 8 265 -326 -395 858 358 -449 -443 -358 -4 530 428 -1404 -129 -94 -551 138 103 170 166 464 752 -454 -712 -115 189 -501 -461 1312 88 -164 34 -460 463 266 671 171 735 376 592 -394 382 371 -602 -760 -91 275 -167 -559 39 340 -32 -738 168 108 220 493 11 540 88 230 -86 626 555 -86 -744 374 -83 601 701 -116 -358 146 -280 -398] 5382.24
[27 -98 449 -129 208 27 27 211 -649 -128 169 -164 368 -211 454 267 -768 327 359 -281 -276 -34 897 -422 352 -575 1401 -521 -320 -546 610 -304 355 -590 269 709 314 -225 258 -663 887 292 282 694 -424 323 -197 -191 109 185 198 213 377 -89 -436 -665 -321 -7 -546 219 991 360 227 -203 -503 -66 752 348 847 168 -393 -563 38 714 417 543 537 140 715 72 674 36 579 178 -190 61 242 207 -794 639 -248 -548 -155 -149 -1007 59 -434 101 -840 -70 113 74 -401 970 -431 -4 -116 299 -632 48 -653 -205 99 -608 -204 157 -24 1055 -142 325 -313] 5021.42
[-495 -1310 -439 -185 -46 -50 -385 -465 136 -374 181 -234 -798 137 -186 333 -79 -660 -235 -87 -386 85 -802 39 196 444 -176 -949 -371 -105 378 -1067 -440 -1219 -224 -23 32 118 17 -792 68 52 322 724 452 -28 671 -1101 353 -272 1029 -970 -298 92 -783 -57 -192 -114 490 -529 -504 159 384 93 476 197 -563 161 -332 -53 -883 426 -272 174 -494 -84 -18 -542 -1103 -231 417 -133 -147 224 -329 -1019 -329 1074 -225 -149 13 539 -478 34 106 400 74 125 -187 -561 163 -575 387 -1437 162 -279 343 -23 -287 589 -590 -96 187 282 -561 -332 436 -168 51 -721 757] 5398.36
[-272 721 -246 -119 -495 309 61 -126 779 -160 179 454 473 935 -211 -10 186 246 465 331 -282 -657 295 -183 122 431 -620 -495 -974 245 337 -139 341 -478 29 -427 -726 -539 679 47 -659 -641 -310 -67 -121 -898 31 -782 266 431 -55 -662 -145 34 234 -284 -361 538 -549 -92 -89 -170 -618 -45 317 -322 156 793 -92 533 262 149 289 330 199 285 514 -488 -1217 -36 726 705 64 493 -666 -1097 87 -937 654 174 562 138 43 149 -44 -396 -92 220 139 185 -47 -872 46 234 474 737 352 -553 986 718 888 -498 452 928 -369 -489 -748 -742 147 -572 522] 5329.34
[387 -348 -892 -19 194 561 -1029 124 576 -514 355 1006 89 -161 -360 181 755 108 -169 271 -407 209 -912 -471 276 -131 -681 91 6 330 -174 324 89 1266 -132 -149 84 -901 -1082 650 -91 724 -783 -40 -929 -948 117 173 45 -87 196 -52 -292 759 282 383 -140 -96 967 -557 -58 -859 76 -170 220 449 -280 930 458 661 51 -77 -12 -646 -367 382 73 12 -47 -682 299 -128 -363 -207 91 -124 -75 334 -134 181 431 490 -387 -490 646 112 186 266 -66 -91 -493 -34 190 -35 -202 -738 190 -280 367 -500 -468 -263 -189 890 92 799 -360 355 274 43 247] 5055.75
[-219 -155 765 -733 556 714 650 -435 1024 312 -841 261 -122 869 -171 -573 -601 550 -399 145 527 -606 918 56 356 -65 -1184 430 -636 246 -324 674 636 263 390 -302 980 458 -204 -256 131 -287 -253 -550 -267 226 -42 504 -115 130 227 161 -14 -40 -113 -274 -709 233 -36 -116 203 -438 -958 518 -507 780 153 337 -198 672 218 95 617 285 -320 267 128 -495 -634 282 413 30 35 510 319 589 -740 -291 919 -386 134 -257 707 558 860 726 183 71 -1108 -382 -412 -486 62 283 -25 346 -161 -204 150 89 617 298 -104 890 -758 -15 -275 425 361 -486 187] 5291.51
[137 175 -102 786 -304 379 -70 473 143 -240 703 -539 959 169 -332 -169 -187 303 305 -631 -233 -3 -158 926 -79 -1177 625 506 910 -55 257 -219 -317 -254 312 -131 564 461 159 -455 -182 559 -361 -313 -420 -542 480 -63 -150 -443 -436 -150 -139 886 928 -222 -1109 223 1176 -283 -475 -227 -98 -42 286 -34 -564 128 485 201 54 213 -176 -673 -1001 -224 -119 46 250 -1186 559 -223 209 -786 169 -429 540 -591 -112 -735 43 -26 -223 -16 880 128 -619 290 -404 -407 119 630 737 595 -62 -220 711 963 -161 -415 -53 963 -393 694 472 -310 -286 315 83 -45 724] 5343.34
[-648 99 19 -1013 -921 -77 586 -151 32 -34 545 -213 55 906 -588 -64 -560 -167 -233 -177 -66 108 -682 558 581 46 -165 -258 -184 230 -760 -1021 147 278 -257 -942 514 224 504 -340 -306 -682 407 -710 1250 587 -24 -738 -527 42 -302 479 158 12 -201 -713 963 8 452 -568 -206 470 4 800 457 69 34 -373 -449 -374 -287 -236 201 113 -400 -265 -330 -320 -88 -59 -718 225 -672 470 1101 223 243 296 -254 -297 -1 637 -313 -1 434 323 -494 417 501 154 372 122 182 814 -407 562 67 106 -405 -797 505 672 -548 -699 -580 83 332 -1147 628 -219 -575] 5321.18
[-664 1150 616 259 -1509 -28 -113 710 -548 498 122 139 405 40 -416 277 406 -18 240 -552 -271 -809 -194 884 663 -51 447 55 149 -536 620 203 -361 -493 -168 19 -163 -614 -393 337 -808 -582 453 143 285 -1237 159 15 -798 188 358 -748 525 158 101 55 509 -74 107 450 -321 -134 -206 -20 97 -393 774 179 406 -498 314 -687 -538 -151 681 -55 556 673 559 801 211 -500 647 24 -206 -715 52 -73 692 -159 205 -602 546 -285 437 -680 115 117 89 257 -967 -443 -673 -408 26 -432 -356 354 356 -419 -497 9 -451 -299 708 383 -188 319 185 630 -725] 5297.74
[277 -144 -330 205 354 -69 652 -492 13 -135 187 -889 1311 72 186 -524 -190 696 494 -253 -180 -503 -72 60 -235 -392 -571 218 172 -378 -247 520 -231 18 -151 101 -354 24 232 310 1059 -270 113 -400 -528 -59 -574 265 -247 1206 -931 232 210 -119 -576 -31 617 -295 174 183 -45 465 -184 -417 -322 408 -545 -768 1001 727 -27 146 66 107 35 -280 -354 683 41 223 185 -192 417 248 277 891 -722 270 -978 -675 -416 589 370 -388 -534 319 -264 209 620 -121 176 95 -640 -271 -105 612 -105 22 -395 -973 239 602 375 -158 -80 -571 -207 -342 -46 490 257] 4906.57
[15 -8 941 338 -59 481 -149 11 660 947 -413 -901 808 439 204 -912 395 393 -745 165 360 -588 122 -327 184 745 -42 305 -448 -321 137 -215 762 -10 412 -659 205 -16 151 185 165 -254 -586 -23 602 682 99 598 96 -536 2 -285 339 -160 -687 -500 1187 587 518 503 744 -593 140 -89 -114 335 -856 614 -296 279 -246 49 -281 -214 1150 106 -769 -253 654 -367 55 92 -144 408 -109 528 -408 21 237 -216 -431 -697 -74 -412 142 860 116 851 -369 198 -114 52 694 672 280 -239 -537 -568 375 -296 -637 -116 -203 -253 -422 249 363 -174 -260 -433 793] 5133.04
[-130 -521 -308 160 386 467 -619 -461 -328 -398 -111 279 -269 -52 -677 194 684 -99 293 120 397 -14 280 -361 -267 109 890 -955 409 344 205 -501 -326 -575 410 -255 145 -209 -493 -858 824 801 619 -385 488 -437 170 425 343 118 276 -31 345 -161 359 73 -192 -478 303 -5 673 -585 102 -106 -750 343 115 -163 -313 -632 341 -306 930 -16 -132 238 395 -208 472 -227 310 -963 345 -25 -425 -322 -251 -2 -279 212 22 -218 -411 -277 74 868 994 -14 692 -81 338 -775 -616 15 501 -410 75 -494 -995 247 -31 -81 -9 -617 99 -452 473 710 207 232 392] 4780.16
[426 126 159 -937 280 -254 257 -80 -141 -75 594 138 73 185 -200 179 665 -777 376 36 -642 787 -125 87 235 2 -530 801 784 708 -710 -326 -203 1382 -403 76 202 357 -195 265 990 -753 -719 -115 -258 -652 827 361 -17 100 -400 68 21 941 436 47 -82 -871 -41 -461 -245 190 -228 -92 -44 -232 -10 -387 655 142 -208 188 343 -426 -675 -847 -79 -886 206 492 -815 86 222 -242 401 -546 -307 -42 -144 -206 0 -75 85 1135 64 320 79 -395 420 -462 379 130 -1068 -244 464 462 89 132 -9 464 -122 676 1074 -35 -140 -814 -352 364 462 -254 573] 5175.02
[998 328 876 1017 -656 85 -250 528 -463 552 108 -586 -180 277 474 26 -487 316 -23 227 -183 652 246 -9 -501 -2 -1119 380 274 242 173 673 -372 298 440 656 -797 -453 252 -253 -122 782 -1283 48 -492 -149 509 319 -12 -501 -55 -63 -579 42 -158 718 -746 327 -638 491 -618 250 -415 33 444 13 -532 -396 -190 144 125 357 -438 67 43 675 -10 684 -253 -379 265 958 98 -416 -782 275 767 -157 148 430 484 -98 -102 781 115 -1085 -868 316 -839 941 454 515 839 1140 492 398 -174 850 715 383 52 22 -57 482 -319 462 -572 49 -367 19 309] 5530.86
[-242 672 -649 -409 -19 461 -672 535 311 751 316 109 -68 -413 -295 275 -681 794 -346 259 715 178 -363 458 -7 -807 453 63 571 462 -491 406 -310 829 160 89 -539 281 -395 -107 -376 206 -665 668 -613 173 1138 52 -813 683 513 798 -1581 574 567 -26 -223 -49 -222 -84 -1012 -1505 -628 -169 -363 -218 32 65 167 -146 242 271 131 -551 -189 294 384 284 -894 621 168 -41 -399 -651 -41 948 -108 -85 747 -368 -242 -123 170 246 497 -290 331 -31 -1010 -359 -351 -267 282 663 -545 -470 301 432 -404 -133 188 612 299 520 413 223 -381 696 -134 -132 -371] 5472.01
[307 735 -383 -312 -932 -572 -107 -269 -509 189 443 381 1057 -697 -544 745 647 799 344 398 -95 417 -187 283 41 -55 -230 -84 317 -601 267 -501 -832 -55 116 259 -573 214 -573 265 -184 -370 -309 -90 -610 -740 64 248 387 -344 -163 -719 489 -1005 978 -107 89 -422 -159 280 687 -589 -223 674 -115 335 391 731 242 -325 -132 38 -225 -190 358 286 890 919 191 -176 -130 416 -77 147 871 453 -370 -566 -225 230 -98 343 178 835 -27 495 1060 163 732 -215 770 -578 -197 917 557 157 472 392 -275 -547 139 353 -75 -290 204 162 211 41 1056 455 -240] 5231.76
[293 -89 319 -53 -840 12 -890 -253 -147 601 294 -789 620 92 482 -73 305 -215 -471 -242 528 -353 142 212 850 3 -826 478 554 -237 411 1001 323 -123 1 151 40 -88 -740 -353 558 -615 413 20 190 -749 -574 173 -328 -429 -182 242 -302 -75 -571 795 219 -733 -160 28 -7 -536 -131 -88 -404 23 -58 391 -48 348 -679 532 -596 424 221 813 -19 -251 -122 -440 467 -185 224 -66 -367 -115 428 37 -350 -794 359 -415 13 435 -261 236 -230 85 -397 -107 -1084 -453 -164 -898 1237 -469 137 372 1038 459 -705 -841 -199 -257 -125 121 -132 -12 136 -846 781] 5058.82
[-489 146 153 -102 -126 -439 11 -537 392 -76 140 -201 -272 130 372 -647 -528 1101 -799 589 115 -974 1139 -31 -2 -627 625 344 -698 -212 -58 -603 -364 -320 -370 -44 -384 -413 416 -469 180 24 254 791 -65 759 -292 443 -449 619 165 -324 121 -472 -509 -520 231 50 586 237 580 -991 171 549 -250 530 -214 -50 438 -754 -570 101 -106 772 520 411 140 250 -148 341 -628 248 537 285 1 304 -813 339 -47 175 226 -433 -1115 276 320 447 -720 44 -682 -389 814 -442 -270 298 -594 -167 296 -439 -293 -90 -359 349 -329 -273 -443 933 240 -255 202 78 -43] 5037.69
[-65 506 -176 -290 -265 -238 -34 -443 -348 -469 -214 -193 -93 494 454 -306 59 457 1095 406 -834 0 -93 -51 731 -36 -1130 -203 -120 -160 70 490 895 -784 380 66 -510 260 -200 94 -524 -166 -443 -163 386 495 -76 851 -173 368 -358 -368 -403 -262 -787 -220 -143 238 -1204 342 -780 332 409 -136 6 -332 188 366 -722 12 691 242 -290 -325 513 -126 1200 -310 510 316 -772 816 -611 239 580 302 -146 -282 238 931 636 598 413 29 -395 -525 -801 -384 -668 24 254 -223 165 433 224 723 374 -533 775 -920 429 -383 561 1493 258 -647 -774 293 6 -299 286] 5477.17
[341 728 -536 141 205 -203 -639 107 -188 -554 229 483 721 -70 -81 -477 60 -177 113 263 528 712 -883 366 -142 -694 52 79 -244 -16 287 336 469 352 293 -526 -513 454 108 253 -595 163 -35 -307 -459 444 19 -375 219 -428 -240 1029 -104 538 660 305 92 11 -225 105 690 -814 240 45 170 -146 -670 369 274 -52 231 -486 -40 -460 -319 200 205 -75 -896 221 -312 -275 -175 86 -532 549 814 339 240 84 -322 848 -467 -703 -376 223 -39 318 40 627 160 260 66 194 488 -675 -272 -159 1243 19 148 -810 352 69 453 -45 -858 -1032 -864 -90 476] 4851.24
[-387 -659 506 718 108 754 248 862 -491 -223 -318 -585 1453 -210 -517 248 503 515 636 -54 -191 105 -149 524 99 -100 486 -657 -66 -740 307 354 -1128 -465 -303 439 -195 187 -729 101 241 432 -268 395 -639 -356 205 195 1010 -311 234 294 825 -172 -181 -191 111 -691 -34 696 544 428 -566 -613 -72 -243 -727 -694 999 530 -718 236 -80 114 482 639 645 340 469 -4 1337 -442 491 868 -110 -58 283 228 -490 -293 -60 85 227 41 -25 633 303 730 -724 -333 -553 -1113 -681 203 -132 -408 -27 509 -373 372 -229 -82 302 -272 249 385 122 954 465 210 236] 5505.43
[1478 -591 -454 56 959 555 -739 -116 -454 574 444 -17 -212 -465 -489 -390 -204 57 499 1128 278 561 -899 -687 664 -449 -236 689 778 37 -485 1059 -785 285 386 -278 -950 486 -600 -214 411 -910 512 -476 -317 -186 -406 669 918 -485 22 -509 -36 348 477 -10 -204 -59 -288 295 210 602 -14 180 -284 525 -569 952 -260 71 752 239 -140 -205 -116 407 -269 382 21 -1150 -295 -226 -1169 -105 788 969 -154 -245 469 -236 264 332 39 -472 77 145 96 88 152 -88 -977 1283 230 122 -275 840 -13 -126 12 -852 254 41 515 313 -854 812 -304 -330 -393 -207 -179] 5809.61
[-358 -249 19 796 -294 -776 622 -374 -196 336 75 -53 -361 681 680 -176 -499 -126 -669 -518 528 -571 -296 72 -411 -77 510 421 -360 350 -611 414 82 1144 184 -760 377 -150 750 191 -90 -136 596 -117 712 159 -339 70 424 -182 48 536 -633 -152 -92 313 1033 592 514 170 -723 -249 530 196 -17 438 -346 -534 128 -597 -254 181 537 729 -727 102 -1022 376 688 -215 -842 -253 -72 -148 -733 -79 190 90 444 -702 -120 -207 -715 -637 4 538 -815 -744 963 284 768 117 -214 3 -88 -215 -221 -288 -509 -162 274 318 -202 33 175 707 414 -496 -134 -327 459] 5106.86
[-251 -329 -414 -4 -388 563 521 -52 606 -491 -455 -179 262 -451 67 949 8 149 138 405 528 510 29 -176 -682 251 -1465 199 530 -198 -411 361 -592 287 189 -370 -58 750 -260 -529 114 200 -629 -552 614 -570 -370 480 -131 -461 104 91 -1233 165 580 409 -293 -258 90 -365 38 200 -414 151 -40 250 -1100 -43 -181 -874 -242 701 66 -951 -71 -152 -794 178 -864 247 -453 -113 -156 40 -472 757 -817 -160 263 -707 388 -370 172 63 144 557 284 261 -973 46 -1 -23 -4 282 -716 667 1305 -1011 720 521 384 513 684 517 268 -201 335 -234 94 48 897] 5409.5
[414 574 -176 -173 -397 -221 -193 -308 -593 786 1101 -228 653 137 28 224 328 554 -348 285 195 -685 -155 -109 -215 -94 211 -452 532 657 -146 -320 -118 352 -250 698 -382 787 95 100 250 -385 190 -1211 170 -293 -490 -77 -778 911 25 -28 644 -1003 700 -107 323 328 98 664 -515 100 -562 -100 254 669 15 556 -69 -190 -896 111 -499 -46 254 -419 -822 -126 -259 722 66 -108 -631 451 794 99 215 -648 58 -486 -349 -63 -82 -293 42 1018 43 -71 859 831 595 395 -412 -24 -257 555 217 -25 -878 -450 587 -530 -352 -570 305 181 -19 99 99 292 312] 5067.8
[250 -443 -9 557 -735 -464 -320 847 6 180 78 -450 490 -674 122 604 33 189 609 90 -377 246 543 494 -618 145 1323 67 281 -117 -900 197 297 564 -112 606 427 -96 -694 81 919 736 -633 342 -208 1160 658 719 -770 -263 373 -318 781 506 -173 92 -49 512 -451 173 -168 346 -127 110 -409 299 -712 93 836 360 352 -1058 175 -434 1115 160 622 408 812 -675 790 104 450 -607 43 -390 828 -97 -129 209 -668 133 -273 425 205 511 204 49 -87 -73 562 312 9 479 468 -254 -345 -153 -894 301 -843 747 227 313 430 499 56 575 -478 554 20] 5457.1
[246 269 -1418 -1116 584 -361 76 290 -421 -546 1321 1294 -148 -388 -429 778 479 -567 280 298 -1178 496 -419 25 -688 587 560 -473 1167 340 589 -757 -312 198 -617 247 -713 -745 34 -195 987 -1599 293 796 -138 -475 -392 -580 178 1257 -360 -781 533 -261 590 206 -267 -513 -235 -402 500 393 347 7 -292 -179 689 7 -39 -77 -103 60 -7 -218 290 145 289 468 25 -65 757 -673 -151 -104 81 577 -190 605 -1085 312 32 -314 150 -423 -495 91 -100 -115 414 -449 410 -25 -513 -736 -244 335 243 74 232 267 -1202 -1104 115 -897 574 642 20 791 161 738 -549] 6170.91
[-90 41 -557 -608 -460 -476 -803 447 336 1307 1 -107 -1 188 -190 349 -351 505 -481 316 398 -280 -650 -50 52 969 -110 434 246 409 -313 -63 -423 287 -285 783 -894 -29 -154 608 -805 -698 -110 -607 -322 -757 -658 -508 -424 1037 295 -200 -469 -743 496 -109 82 144 152 349 -996 -280 -317 -367 -228 581 823 -130 -982 -454 298 964 -107 268 182 431 -505 445 -235 -159 -171 -57 -13 -294 785 530 137 -3 169 -358 -257 -305 309 291 -512 -328 359 -908 376 -184 -619 -43 523 -177 -646 5 170 504 -49 -94 396 197 -408 410 34 57 -359 -10 383 -11 -844] 5081.88
[-181 322 50 -357 255 365 -675 92 774 -114 -685 -1119 -133 722 201 79 -179 166 -424 244 1355 -66 976 952 -593 -59 -757 927 22 -60 -188 -162 -119 -132 70 -757 320 -503 -173 -219 774 -386 -268 -313 565 -218 -58 526 -489 -580 416 -521 -490 211 -19 22 -1223 -4 159 -956 -1001 422 -131 700 248 132 -1398 -435 -726 -367 134 -859 72 -206 537 145 235 -565 -203 -726 -59 350 -334 50 564 -854 724 217 162 867 499 407 -994 678 425 28 632 98 209 -148 -263 399 454 -26 992 192 -594 162 500 4 -381 565 -341 154 851 163 -94 -1344 947 -231 -771] 5884.68
[193 -523 -9 708 101 138 440 726 562 -50 -766 496 84 660 314 684 -586 309 -285 -347 1125 -42 586 -498 -155 26 -644 281 -309 -275 266 -21 37 534 108 300 607 31 394 -241 -730 1095 -697 -464 -398 348 464 41 1031 -822 689 352 588 -256 -45 -225 -104 849 -247 99 675 275 -168 -162 -68 1370 5 620 -148 93 -484 -32 -17 -248 -507 720 -503 -971 -679 -369 1068 950 -257 315 -34 651 64 198 -143 -272 -710 -385 271 454 317 115 -1033 325 63 914 706 311 30 638 -210 390 -363 594 -236 720 188 131 137 -304 -897 720 690 -98 290 53 239] 5517
[618 -19 1071 -313 -1030 -36 -199 513 98 534 -180 -282 297 393 -344 -383 553 -116 -191 -873 -555 -40 -59 413 726 813 55 554 327 1080 625 189 -33 143 -553 -503 -119 -322 -585 -457 -699 -156 -310 -1402 -79 -957 270 -514 -357 -902 153 -477 790 -311 1138 773 -257 1489 136 616 -83 529 234 -356 378 322 -83 -479 835 -749 -702 -94 -414 -182 -243 241 -883 413 718 377 -216 -89 -265 39 71 53 47 153 778 -17 19 -675 221 167 747 536 -182 275 499 681 39 81 544 -435 -261 -172 67 764 149 227 -152 -590 -753 210 174 74 22 1121 -272 466 351] 5641.21
[558 943 -314 -236 -308 -107 727 -152 -138 -339 1004 841 259 874 -339 -276 -103 289 -363 -1080 -647 -803 -631 140 54 -246 -118 454 80 -122 490 369 -32 542 -22 -609 107 231 1052 -748 -53 -796 697 -267 -273 -758 -354 -1403 -438 -733 -766 71 224 781 -392 -455 285 394 -645 -256 54 5 12 601 733 883 659 1186 406 166 22 437 429 -72 -344 -525 -169 -315 -439 -208 383 261 300 -145 260 683 202 470 605 -644 -728 -188 85 150 204 -659 -464 758 142 891 1202 412 -839 -522 -581 370 -472 393 -90 653 -241 -914 75 -255 -597 -439 -527 -757 -283 -783 313] 5856.15
[-120 -520 86 888 -436 453 -157 574 939 -308 192 -500 -529 -88 451 565 -298 -76 303 -753 179 772 -1029 -161 519 656 74 -15 623 -53 1045 717 107 598 -354 -232 -395 833 -444 -539 -181 71 -39 177 1127 252 657 84 -613 -933 764 186 -127 -479 -70 262 252 219 -665 -139 -975 546 122 -317 400 124 -667 734 -205 -12 183 285 37 -449 -125 -139 238 365 -7 73 -18 -102 -792 -310 872 38 -123 774 -458 -575 -279 499 -393 700 341 840 -796 673 -1029 -57 203 1263 443 111 -1000 0 384 778 -69 -227 207 619 640 527 -522 64 -645 226 -234 819 -392] 5626.15
[-797 555 97 -670 699 418 556 -127 780 -182 -184 404 -193 49 -413 476 -230 -1322 436 -115 -174 614 -33 -174 -247 254 334 -63 696 870 -408 94 -459 822 144 -538 -256 -352 266 273 793 -18 4 348 -578 297 -546 -444 1091 628 223 60 140 457 841 -1 -129 443 -329 -89 312 811 11 -92 226 -428 -305 -649 98 -354 -735 116 77 -120 -271 -390 -405 -979 -474 -639 -63 891 80 197 392 -576 74 699 -346 276 -336 -159 -4 -551 -806 774 -83 411 -511 130 -173 -199 178 -507 172 -146 260 -1366 711 228 -786 -145 755 -580 437 540 256 -101 -392 -577 574] 5296.45
[411 -79 428 816 146 492 135 -14 254 -896 -864 673 372 4 -203 319 273 -88 -156 36 839 361 173 -814 180 -460 -876 -432 -171 -650 975 -243 462 -59 1067 -438 698 315 591 55 481 613 -504 539 -177 789 469 351 758 -253 496 490 860 -484 -472 -239 -785 11 206 -67 506 -114 -112 481 90 190 -12 557 332 176 251 484 -637 116 262 674 -496 -707 -337 -270 338 441 -805 876 7 -280 598 -314 -859 293 49 364 4 27 -542 428 -316 1027 -638 951 433 466 -394 938 422 -473 -59 172 1143 217 97 -395 124 -266 -951 -132 476 -729 329 -163 15] 5500.98
[1091 760 -646 556 -26 535 -74 218 199 -79 -737 587 129 -604 -200 -36 633 -242 810 -570 341 178 189 -214 -533 -930 -329 36 -283 -57 288 23 -61 -450 460 -1202 48 328 26 457 -432 476 -208 1190 -460 1047 424 120 202 191 397 -1078 414 398 194 817 104 -197 105 280 256 -239 -855 476 -52 60 -262 482 1306 397 358 173 148 -926 272 31 407 471 -492 4 683 299 407 344 93 -226 69 -730 457 -200 548 578 -339 -257 -137 -382 -175 -116 139 -101 -276 -438 -934 -77 184 -570 234 -440 53 364 608 197 79 -229 728 46 361 -972 194 -78 -351] 5222.62
[-159 411 -165 615 240 904 -559 -537 451 -317 -311 -105 -497 627 -373 445 10 -315 -107 586 11 -90 626 -454 -579 -762 99 -230 64 -562 -395 -658 91 -420 -372 30 94 -850 -245 -93 -196 1057 -1026 1203 -392 924 -441 1087 -150 86 -868 282 -203 562 -697 -380 -580 -747 933 26 808 -282 -138 671 7 -494 -672 37 -526 487 650 -478 188 -999 356 232 -44 137 46 -347 50 -431 391 -216 -114 -181 532 74 -1054 1187 411 -513 -509 -749 288 -716 230 -68 -330 -57 -417 146 180 216 353 -359 -393 -561 549 -44 -644 43 -1789 -653 21 605 637 -631 112 -74 128] 5780.96
[50 -282 234 186 -181 179 -416 -159 -15 248 -645 279 -612 -298 -528 1264 226 -181 -9 553 -10 -530 -575 -263 348 882 -289 -559 832 619 -422 -157 -123 621 390 -517 -324 217 -335 1094 -254 -98 290 116 85 -417 -383 -116 -76 370 -294 151 670 151 880 -415 929 -69 231 -201 244 -75 -667 -509 326 -679 517 315 -738 356 316 214 -326 192 -61 -345 -301 -742 -657 306 82 -145 -116 726 -400 -546 544 -236 524 -321 -465 -557 513 -249 352 384 -232 170 -54 161 -737 -41 -613 776 166 268 -318 -715 254 1209 582 -782 789 -177 -219 -330 266 -516 -327 -77 793] 5093.38
[322 193 -972 -396 841 626 -854 670 -548 682 -630 188 277 -449 106 237 -527 585 -827 -660 -42 752 -1501 225 -44 -311 -53 -517 -130 596 425 366 -418 706 -35 243 83 -598 -74 -124 23 -613 -281 82 297 69 839 -806 -403 -137 690 40 -182 198 -168 636 -335 -178 -505 -136 -120 -634 280 -3 -285 -188 732 -594 -13 606 -126 -910 -660 -354 96 -196 -33 425 -124 -91 474 -337 -166 303 -170 535 442 658 223 314 -740 538 338 -805 135 -3 457 -393 -543 875 63 647 1296 727 -154 -1244 -382 600 -134 141 -1330 -214 -334 -361 668 328 -613 213 -671 384 -626] 5676.32
[-194 797 118 1807 -772 -387 268 194 776 -682 -173 -213 212 388 36 -328 310 -514 420 -534 -254 -611 285 321 -47 -46 206 383 -132 -655 32 -435 -57 -412 -521 -48 -286 -383 -372 -372 -574 717 -294 467 113 154 -419 1291 117 -563 -302 -682 211 557 -492 259 447 7 511 395 -201 368 -146 586 253 -216 -193 891 -83 201 445 228 484 -710 122 -499 -23 329 121 -546 -476 -625 744 -150 -485 -150 -342 399 -201 -793 214 -399 -569 -278 -165 -262 -337 -85 -943 -240 -435 65 -27 -676 -222 -163 591 -181 673 486 -636 -57 -232 -213 -205 70 70 -1386 -231 -266 674] 5186.59
[-249 12 466 890 -238 -453 576 403 -896 378 -282 109 299 2 -32 -142 52 17 157 -288 784 -454 227 25 -203 397 552 19 133 -163 872 -470 -410 -1246 -248 867 92 425 143 -534 -22 -98 723 101 76 49 635 659 395 135 -452 -253 1181 -818 593 -399 7 -488 770 316 -467 -375 -524 -480 -591 416 827 161 288 43 564 374 -378 662 -105 -337 -247 692 451 485 -94 -755 -224 -417 -547 -722 192 -821 -143 -662 147 -752 474 -551 12 405 -165 -457 -244 -78 -564 551 143 573 -808 -423 302 541 -87 -241 383 661 491 -1179 -81 -507 493 184 -504 822 -125] 5338.82
[-397 103 168 318 794 -912 488 -68 176 709 -79 -747 -966 326 242 398 -227 -87 162 805 1259 68 68 -1043 1057 2 -66 482 1184 -500 51 169 87 585 -109 622 -267 -89 -185 447 953 -124 322 -1190 -449 -570 -715 648 279 185 -187 101 114 -25 -573 351 534 22 114 152 -686 857 62 213 102 -185 802 33 -1465 -682 368 -483 -660 301 -291 -113 271 -179 730 -151 -1092 -230 -772 560 497 -239 -111 820 -303 147 -289 -707 -218 53 -1008 906 1431 -188 396 -126 -335 -177 -157 -288 217 -26 234 398 -36 -675 -705 180 -193 -594 -193 -414 -147 -374 512 -177 26] 5784.52
[822 84 -1585 -882 -96 -174 -129 476 -158 -261 113 -121 -23 -443 -617 -256 -139 -387 -324 72 -57 52 -863 865 -145 643 -772 396 499 -118 -1270 -140 -545 333 -203 -306 -450 266 304 -475 -180 -130 315 42 455 1129 329 200 -278 237 -78 1172 -372 -326 517 67 1246 248 -779 -660 -1443 -569 -485 -392 -635 633 -300 -603 -659 -661 -130 17 -190 52 150 272 -286 206 -517 281 -308 436 9 119 99 969 365 52 308 -547 -160 1104 -239 -4 -394 -152 32 -121 384 221 815 868 462 172 102 -362 56 97 -510 -87 87 233 511 -940 100 543 -188 -230 253 -15 -727] 5547.2
[-502 -746 -213 307 -261 644 488 -234 -68 -77 -161 -502 -809 721 213 514 -15 -332 354 -269 300 4 -489 36 197 157 -147 68 -533 -15 495 225 -513 76 -4 399 -456 272 -322 658 -861 -319 -451 -263 87 -296 479 -486 311 -750 11 -850 -11 427 273 43 -109 136 -435 -309 568 423 823 851 574 -755 -532 -257 -148 -394 305 400 -671 -533 -1076 -602 -191 527 295 523 -1077 -150 1 -55 -58 -1176 -189 166 -39 -773 295 -206 673 -134 125 360 -22 -281 -157 -452 -568 -650 -339 -376 -207 -7 400 -14 425 -833 839 207 103 894 7 315 649 -104 1040 269 293] 5088.16
[-468 540 -1006 254 142 641 301 -455 -266 -143 -1239 -145 109 156 -623 145 -411 -238 -714 -406 585 202 694 293 430 101 -703 -513 -170 464 -285 -990 -677 -773 -158 143 58 -173 800 7 -225 1051 -677 -105 -795 700 543 532 -341 397 620 486 249 45 108 -740 -175 321 -41 300 523 -52 9 425 -217 160 -128 283 -300 273 104 -86 109 -751 -444 -328 -412 -397 -114 -89 477 3 326 755 -226 881 -769 -171 -49 12 -182 -719 89 -649 -128 -110 -1283 -800 71 128 754 -317 247 -462 100 -945 -248 -1002 -37 -215 -771 -325 -1247 -944 214 -1283 795 1024 109 -591 386] 5749.35
[-248 -92 171 -106 599 446 829 -735 146 36 -633 491 -1367 250 277 -200 74 14 -419 -93 487 287 -32 -91 -947 190 -305 -485 -410 -207 -591 130 136 991 687 160 921 184 -810 129 -47 1058 -66 303 -234 337 168 503 1088 292 835 700 -1267 -1134 81 67 -5 71 394 -333 26 -772 -65 -201 202 62 294 -264 89 -392 361 597 -226 -407 31 760 -313 -232 -212 356 152 95 -125 -140 -213 -21 -274 321 588 -209 -561 121 425 -104 94 -245 1362 -508 281 195 28 -196 677 336 354 53 105 -32 -967 -392 675 333 10 261 -204 896 479 -41 355 -112 713] 5255.58
[-462 -95 179 1110 -909 -755 772 692 -144 -177 -228 -311 400 2 -66 406 68 -1 128 -318 -260 -159 92 -310 -240 -57 -125 -108 25 -765 926 -601 -149 -793 802 607 -236 -532 288 35 558 1121 369 625 -576 -622 -346 -182 -34 62 671 582 -365 -60 -920 -652 -110 438 899 -153 -492 15 320 -225 703 -462 -128 -361 132 -586 -86 778 -1011 632 -43 641 -708 303 -225 -40 -17 175 265 -577 -1085 -699 -123 189 -817 -93 39 -490 125 103 -403 -589 -588 542 -580 41 492 -98 111 -382 105 -355 1295 593 -53 748 -365 320 250 201 -445 8 243 -266 -185 -72 770] 5358.24
[-33 -465 525 921 897 386 382 -110 -390 827 543 -1483 -279 477 -183 320 -439 -509 692 885 1243 -109 808 -67 -224 -1088 68 -745 572 -199 94 197 -456 86 544 153 -246 -215 -211 -257 1647 -95 359 -44 106 -626 -458 543 795 -81 -343 102 505 184 161 516 13 148 -388 -89 861 1117 -103 -431 -839 34 -767 -76 -1002 -34 394 -340 -257 218 -110 865 201 37 141 184 474 -607 534 259 -939 -30 187 145 -622 -711 239 -562 -190 420 -122 819 349 299 508 -42 -215 402 294 549 872 712 -221 322 326 -172 -368 -192 409 -1021 -1161 457 124 169 -123 -559 650] 5876.52
[542 296 154 662 -484 129 -230 -23 -71 296 78 -890 684 66 -243 -496 -747 -15 1421 -649 -104 -505 13 519 -296 -1043 141 295 82 122 991 -412 913 -125 -225 -804 372 528 45 -314 752 -433 710 193 729 -117 -290 522 107 -272 -605 239 726 498 -705 529 256 -401 -903 312 -606 84 -499 281 398 -88 286 -738 1077 591 -233 -166 -548 609 -120 629 260 723 192 59 -169 -53 225 -6 440 -487 819 143 473 -1515 459 782 418 -410 178 134 -386 16 -240 -493 -181 -645 -89 -82 401 637 -41 482 -591 92 750 73 685 -114 89 -359 -367 -1158 -881 413 -260] 5634.65
[-259 1132 160 -582 -241 -319 145 137 -595 -232 -678 614 -757 -643 147 -158 205 -479 -320 -5 -539 432 -460 26 -456 704 -424 -600 14 726 418 -761 -660 305 -165 416 -339 156 860 346 223 -352 -216 397 48 193 -104 -283 -674 445 323 82 -403 -246 -511 -121 -70 -634 -115 -173 -788 -9 -459 -6 543 -508 792 -843 247 411 205 -58 292 328 288 -645 -2 209 -468 1056 -519 270 -58 -15 29 367 -106 13 -381 1252 174 -58 -21 295 -447 -798 509 -194 340 450 415 34 -85 -337 -375 -171 18 -236 231 -3 -254 -174 -13 -271 -24 -250 102 -308 -432 285 -1075] 4785.91
[537 -585 433 -123 528 694 43 -401 -152 -517 726 4 -109 891 660 769 320 637 87 -37 -697 267 -1254 -809 -196 572 252 -229 823 -655 1047 670 -315 838 312 -90 -298 302 279 -170 211 290 77 94 -373 -631 -474 -1246 -118 -34 195 295 525 74 -297 -167 -556 98 -363 208 79 228 -92 480 277 209 421 355 724 -583 -273 -300 -93 175 537 329 -312 263 241 -970 571 622 14 571 -59 -172 517 859 -21 111 -1252 197 172 31 -18 454 83 843 -275 539 857 865 -711 -46 -427 632 -782 641 87 1257 -836 -727 -335 -360 -930 -82 -456 269 6 -77 548] 5656.92
[-521 352 -73 59 15 211 -878 248 -262 415 -250 850 100 -394 -1097 -233 -591 67 41 258 -647 -543 -169 -6 202 218 178 -224 80 964 -16 -414 -153 -864 -715 -597 784 -317 152 111 -905 -260 -212 65 -395 -1343 -18 333 568 496 -914 -289 283 -545 -162 -836 786 -441 485 -178 368 250 -762 628 -153 -292 897 17 -489 829 1055 -170 109 477 161 -126 335 -353 70 831 -28 -286 140 339 468 317 52 -561 -129 211 282 225 657 -37 -62 -366 584 32 -1088 -573 -809 -195 -228 268 411 -244 -275 -405 50 611 686 -635 199 -135 -444 -131 281 81 -52 -192 -1419] 5386.92
[-409 318 -1060 270 84 -402 -239 441 142 -535 151 628 70 142 -823 -49 -187 140 -186 1207 782 -171 491 297 -783 -645 688 -243 1345 649 -31 -1049 93 -576 625 -93 -505 -268 446 -135 233 437 1030 315 -1017 793 -253 332 -358 541 -312 24 800 885 238 -199 -200 281 818 -190 1008 -640 -480 985 -352 -11 -67 525 -41 73 378 -337 747 -392 407 174 234 13 -685 -983 1199 -118 383 424 66 471 393 -35 -538 401 -170 -620 -790 257 -274 525 -5 197 -204 -569 -66 -111 -209 710 143 -552 523 -309 652 -16 -361 -259 -135 -660 -506 927 249 -704 14 -338 -228] 5696.19
[-1143 370 445 1 -358 -271 -195 637 253 -577 123 539 600 313 -572 400 645 847 159 325 -922 236 -360 290 356 205 -122 28 -95 -481 43 234 -194 765 154 549 -518 -341 -286 344 -871 1033 301 -379 -702 -687 -410 -390 -368 743 685 1127 -269 133 -654 -669 -46 101 517 870 -96 -715 239 -749 385 -343 65 -119 182 55 329 -447 -544 257 615 297 733 104 156 737 237 61 345 -74 350 432 -131 507 240 829 -63 1113 103 101 369 -1005 -68 314 -106 21 9 -205 -520 -489 -101 137 425 780 -38 696 210 122 -265 291 318 17 -910 -391 -641 -608 -243] 5276.9
[157 374 -472 -554 -194 -383 -660 155 -160 -496 187 -411 -369 -136 564 -242 349 -105 -24 144 196 -163 134 77 497 283 474 16 -753 114 -186 -746 -112 394 -527 -22 327 -36 556 -338 637 805 -453 -96 131 801 -59 880 683 -88 330 -788 399 221 415 126 204 -702 897 221 -623 -637 -326 149 136 559 -345 -424 425 495 -661 76 303 63 -93 471 647 -703 353 -844 -450 -190 5 637 664 -897 73 704 146 -90 707 -305 -1104 -923 157 356 221 -459 -274 -39 149 -812 17 -54 251 -523 349 -332 -592 -321 -1095 236 -189 -326 360 499 577 14 -158 -25 255] 4995.55
[-125 607 8 -287 174 869 640 431 547 -227 -51 151 624 -104 -482 -46 92 356 1041 -438 -614 297 -305 -273 -821 -591 -960 -433 -72 -884 516 -159 -16 -637 183 -212 -315 511 -234 543 454 240 53 1328 -398 629 136 -8 -235 335 203 -207 768 -343 140 65 -222 -158 83 130 -167 492 -320 -735 388 500 984 270 1215 398 762 -140 -241 -736 421 -635 549 740 -101 -166 1094 441 -289 535 708 306 -14 38 -160 -480 -190 445 -45 376 -1182 788 -124 111 -247 -538 476 -415 -204 -263 -314 -105 288 437 137 -171 204 476 283 -383 -310 -273 334 -226 1069 465 163] 5309.29
[-247 -436 -177 -546 521 290 422 -846 708 -465 233 -358 -22 -456 170 300 -277 902 -29 -243 -427 -59 263 -32 -80 -995 -498 183 1148 50 -522 590 -117 295 887 -544 -162 79 -1024 -146 552 662 382 581 -310 466 -223 197 -671 242 -75 112 -718 -605 201 1092 -858 348 -701 -24 86 -184 -398 -73 -282 -674 533 -197 722 -455 -738 550 -286 -701 -124 -621 -81 -6 79 372 -592 1023 -156 -43 1296 737 -357 531 -195 -245 -59 488 316 1590 -9 538 -742 -185 -505 -346 423 651 -339 975 -214 -99 526 738 157 421 292 277 -156 350 272 -206 258 -26 594 -496 513] 5614.55
[-436 -903 555 -1 552 512 -342 57 1222 96 272 470 -758 156 216 38 -194 -840 267 80 661 272 -536 -132 257 -477 -498 -238 -438 -39 -1 705 647 399 492 140 -361 44 -916 31 434 896 192 636 86 -104 -115 -541 -154 -154 615 502 -1619 -247 65 461 -746 -526 75 110 -716 -239 -144 278 -63 -901 588 -144 -162 120 172 -13 245 -413 -829 130 310 96 -718 -144 458 -325 321 -86 -773 -316 640 294 -133 350 373 680 -139 -15 -230 -96 408 -129 -1147 -687 -734 -500 -12 -13 552 -807 7 -59 -19 763 -13 50 530 -584 -832 -943 -530 -852 527 -599 548] 5454.99
[196 937 970 315 -1399 58 -724 -144 -437 -256 666 448 246 -154 -692 -567 688 95 -337 318 -514 -648 67 -56 -323 888 -358 364 840 412 356 -17 196 -522 350 134 447 -465 202 -678 -15 693 603 -850 21 -416 -384 661 -298 -35 -333 303 -948 -220 -301 -864 197 -462 1001 319 -443 -438 -698 -129 546 629 -739 441 -452 733 239 511 273 264 396 257 -526 303 -576 -237 189 -481 -476 38 -197 183 27 -266 -512 46 444 -554 -363 -617 209 368 -58 917 -1390 590 253 65 79 589 -147 -424 815 27 4 458 113 -43 396 -193 -530 588 371 231 7 402 55] 5416.52
[505 642 -177 197 42 -612 -534 599 -472 624 -61 76 156 -155 155 -25 -260 302 -55 150 307 21 583 -73 -156 1075 -355 -286 -305 468 -63 569 -496 -717 -859 369 245 803 268 515 -576 93 -191 -277 -384 -90 -67 240 554 191 -329 23 -545 -1275 256 -944 459 -740 81 -353 -384 345 -568 -593 382 344 -545 -284 -1682 629 581 624 162 -33 -162 239 -133 -1009 -767 73 -28 -697 200 -317 117 -244 947 -275 -161 147 361 -186 178 -154 127 -496 426 -960 -457 342 487 278 385 -48 645 -688 -191 -233 -417 677 245 268 453 476 -451 -714 -116 79 -283 967 311] 5297.56
[449 64 23 100 682 267 -172 432 319 647 672 943 706 496 361 -184 -487 -150 43 -710 -205 191 71 352 405 -874 935 676 633 -11 -653 232 136 687 179 -558 779 -760 1168 -438 324 727 -13 -15 -358 -214 618 -564 524 -137 497 205 -1393 -66 1092 -221 -419 84 -66 524 48 -111 -630 -654 -125 -535 -124 257 506 113 -62 452 -354 -1377 -396 -140 -880 -400 88 -479 541 334 471 -350 332 529 633 91 -395 -377 -341 86 -197 -588 -540 -763 -832 726 -240 486 487 918 451 1567 -73 28 -484 357 -507 531 -643 -113 185 -522 539 30 22 -558 174 -341 -123] 5754.78
[691 686 -508 164 1073 784 -779 -817 -67 65 244 131 -884 -125 71 -393 -429 -262 132 -640 251 98 -165 -173 -74 -756 686 51 323 942 126 207 -562 427 270 -566 50 523 -359 616 476 -338 -937 727 -372 -434 357 296 -570 -172 72 -887 -213 509 203 260 -456 -209 -689 -150 44 662 -171 534 491 335 -667 778 -583 109 647 -599 256 -327 -529 -656 196 22 231 141 201 -306 5 -435 -19 731 -174 598 621 -56 -545 50 -299 382 812 250 -458 127 151 163 266 104 93 -626 -45 -217 -1291 82 -245 -727 -435 -35 -739 644 987 -129 -60 316 453 664 -21] 5256.69
[351 850 -337 479 248 795 120 568 -455 165 80 349 -491 -213 -521 -575 122 -364 213 31 -121 -324 -571 817 -553 -52 -411 -643 -626 131 213 -523 -562 -20 643 372 -568 -713 868 -11 60 472 -186 -144 268 259 141 350 551 188 382 -220 674 -74 -174 213 184 126 707 -54 -640 -340 28 437 394 -81 72 19 -449 77 148 -325 -683 312 39 -116 -511 878 -76 446 17 -464 -165 491 -1137 -387 423 -1075 321 152 760 142 193 -1061 -156 217 531 182 -896 962 -434 546 380 622 -384 -9 705 -484 567 -92 91 -629 141 -589 64 934 715 -603 -322 -236 -749] 5176.78
[-406 -249 -174 16 -185 -323 -177 -1052 397 -937 943 817 -113 -2 -577 -5 129 -983 482 649 -404 683 -955 -780 317 -718 306 -42 -201 47 326 -746 -84 326 -83 -87 -872 731 244 754 22 -333 368 886 777 160 -417 -405 -1 597 -103 244 -167 965 -332 467 -66 -1121 -411 428 272 -172 403 168 19 -346 -259 4 -568 -303 175 161 -242 159 -482 221 336 78 -62 -455 -503 276 542 144 -765 -179 314 364 384 -644 -14 272 -477 78 -615 -285 -951 -444 602 -205 336 -1413 -560 -920 -718 32 383 -868 1057 367 115 -58 887 -456 -709 -910 -182 -376 19 -659 811] 5707.34
[-268 151 -735 -508 737 -691 -92 -280 49 45 742 -359 -643 141 745 35 325 318 -499 214 656 175 -102 -334 -54 -843 -399 419 -733 -229 -271 112 226 239 -366 28 413 656 84 262 -366 -131 -629 137 327 591 137 -736 -1372 33 -118 396 -1722 540 -113 100 319 -196 117 -694 -920 -332 201 61 -105 -588 -158 -272 -1108 -162 322 -616 303 -1154 51 -5 48 -265 -382 300 -1004 -386 65 -349 -634 156 383 -389 483 -121 631 -40 110 134 214 -523 495 -277 -41 218 35 -260 288 -409 -369 -156 356 196 84 -43 -346 84 -969 204 -499 -1329 -362 47 303 -347 -125] 5233.95
[242 626 617 -108 -68 644 -199 -270 19 -65 -199 254 -365 940 -77 -452 -403 -637 301 -273 -811 -95 -1068 290 749 -116 -384 -359 -395 115 1101 -193 321 -793 159 -556 -53 298 -191 -615 -1327 -651 25 583 -215 -55 -26 -484 748 59 -651 -735 -186 -323 31 -256 47 53 -394 23 342 -77 365 496 972 -329 1249 486 45 -295 -434 -436 -431 -142 -521 -458 261 164 -350 580 -714 -76 180 355 200 -516 -546 388 300 350 -3 332 274 -462 -210 -58 -183 -126 -579 -340 -568 -329 548 -34 -426 -654 -41 33 607 -1098 767 -135 302 704 -493 -124 -554 -284 255 -116 -25] 5134.63
[457 382 397 486 569 396 803 263 246 -164 -562 901 -819 552 -296 -496 -112 -584 681 -625 280 884 160 248 -840 43 -34 -122 336 197 138 -42 50 309 151 117 113 831 -160 -189 145 958 90 683 -85 668 344 -14 132 -429 508 1565 -145 -426 778 -1090 -178 133 -450 -13 -493 332 -361 0 493 -308 491 -98 -258 -680 1325 248 82 -145 -314 279 210 988 -257 515 -92 -946 -171 -313 -668 -299 522 -219 156 -86 341 405 34 207 558 -1054 95 434 -381 -361 741 207 43 -5 -686 8 -632 33 -656 484 324 50 293 -522 -292 -1056 -33 -480 -139 11 18] 5358.94
[-741 549 245 -455 643 115 -421 215 395 403 128 375 72 171 313 72 203 -274 -408 -317 -467 119 -151 100 136 786 -633 291 -634 353 -279 1177 -894 1357 194 91 -678 -217 208 1551 -373 -397 -448 -689 -251 -386 104 -198 479 220 126 58 -160 -885 181 -524 274 501 114 80 -49 499 1151 -314 -141 -458 -566 -148 1 181 604 546 273 224 47 -916 -1084 -157 551 632 -773 834 -775 -469 441 837 -331 -1062 69 806 -299 -95 1212 158 -165 -323 28 265 204 1130 -347 1113 -539 -232 -124 1144 -584 87 819 56 -80 -703 240 188 462 -634 506 -19 -49 -273 -700] 5889.23
[1135 239 -186 -123 382 -171 73 -834 -850 337 103 -95 -1053 -481 417 -365 -127 -272 509 -984 -411 70 -481 -642 385 -30 625 -296 -61 52 597 314 -73 -89 97 -75 298 348 -386 511 255 -354 968 507 541 284 481 -369 363 -364 -88 -582 270 -708 -58 301 608 -146 183 -364 -1117 -561 -200 -637 193 -47 502 -276 962 16 175 962 -1068 315 -927 58 -69 27 37 199 -447 -152 -475 -320 518 -1101 307 -109 109 -260 38 -362 282 -552 10 -102 182 -380 81 157 -591 -34 297 -414 73 -310 -263 -189 -303 -171 349 -543 116 -22 265 241 452 -72 -547 102 278] 4905.04
[347 -141 -375 -1031 477 168 -896 306 -620 110 -133 -199 -446 -952 33 -108 866 -160 -737 385 472 -37 -479 623 -76 -21 60 -44 966 -61 -318 -141 -189 409 131 545 96 918 432 -908 -370 661 245 -480 294 279 -379 -179 -712 94 540 544 265 48 -88 382 -238 18 426 483 -787 -807 156 -1382 -437 594 -159 -78 -204 -936 -811 147 -635 -731 384 -204 -327 -478 -320 751 419 257 123 323 630 898 -372 213 1275 815 109 71 -217 48 292 -85 403 -417 123 370 143 543 -192 -888 -511 316 -150 276 -158 44 -453 -531 -104 -620 319 -508 -89 528 -517 -212 -549] 5365.85
[-406 208 -617 -104 462 222 -570 68 -25 -1051 193 -77 -511 86 168 -275 469 -395 -170 90 -813 -37 -469 1018 43 74 122 -1032 -430 600 235 -403 -644 411 257 244 -682 66 282 615 472 141 -233 419 190 -312 261 -361 187 570 393 98 -461 176 185 352 -628 -284 259 -278 -1012 81 606 -605 279 -331 -680 -134 890 1079 -385 -379 451 242 -796 -511 403 -175 -821 857 701 -291 -263 386 -135 -637 -86 661 -350 295 345 739 -235 -327 261 -289 113 151 257 207 -149 -43 362 -222 -154 407 -146 192 -126 294 -162 -466 915 681 891 -76 258 643 -374 -84 336] 4995.16
[-154 183 316 -115 143 183 1011 427 -544 244 -479 1077 -462 -138 271 -541 73 46 721 -811 -323 324 -382 -437 343 146 62 -299 -1358 316 329 -35 -966 -24 142 347 -657 -383 -150 838 -869 -76 337 928 301 22 212 -224 356 -309 504 -195 54 -260 -511 35 263 -115 521 1189 -62 -573 -225 -443 446 -168 769 -941 666 -464 -309 478 -340 -344 -234 -512 353 -279 94 -135 195 -488 89 775 245 117 -665 628 436 71 492 -187 432 -707 -84 -775 -404 -804 -190 -720 -460 -1004 398 46 -1012 -1208 -179 423 -443 108 -500 554 -418 -391 99 -517 -258 -62 -451 -719 -79] 5469.53
[316 411 -327 129 -516 -67 -275 334 631 -555 -217 -458 -218 314 207 380 -219 -237 613 -95 -586 -138 177 -13 -747 -170 -934 78 281 -112 769 -359 420 -143 -152 -115 -370 166 316 -474 279 285 291 158 96 -163 542 -111 12 -122 413 -184 -728 -99 -121 49 -374 199 -1122 -849 -845 -49 350 -76 317 153 -502 175 -291 -111 -462 637 -281 -4 94 224 262 -298 -843 -149 -298 609 -129 -515 -288 -506 43 493 -113 -423 -460 355 -274 802 -587 555 -186 -58 -300 -111 835 425 -38 -680 369 414 947 507 -65 587 30 -228 1224 120 -752 -116 -180 -28 -69 -641 641] 4700.27
[-907 -138 406 -213 -298 539 -653 -403 -332 -108 -417 -80 -405 -232 150 -713 -293 128 -558 11 362 -457 -426 735 -307 627 511 -32 -1323 -369 -997 -104 -579 -658 35 -182 1393 -152 301 200 -626 860 -456 87 498 138 539 -348 -236 261 179 -832 -582 -356 -1087 -226 72 -506 708 -75 -293 -123 306 -208 169 954 -489 167 -347 165 460 130 349 314 1086 -319 252 -642 -40 -137 396 396 607 -271 -525 25 -114 94 987 192 -138 400 -647 -557 7 -13 59 447 -523 366 -332 -183 355 -61 -243 -381 -416 -345 286 -330 393 281 -339 822 362 -20 410 -272 275 -80 -527] 5151.92
[477 25 -1241 136 492 -22 -580 303 498 123 -336 -448 93 -274 -120 -1093 353 -27 184 -133 -162 2 -714 878 -842 506 550 869 277 -985 151 -40 456 -695 85 15 89 408 -193 256 362 -130 239 802 1046 700 -520 788 381 -180 -339 119 -218 -312 -283 94 626 -577 205 -566 -669 -400 408 -396 203 127 -789 114 -351 182 702 1 -598 -631 493 551 314 -117 -348 208 -184 -1274 467 -644 106 -194 925 879 -203 -878 81 601 -141 -768 27 -210 283 -98 -145 -433 -475 867 1166 -772 64 -308 -132 -64 488 -356 -286 -1 317 273 458 206 209 -367 -544 671 108] 5444.87
[-358 1103 675 112 303 598 304 -730 262 375 130 -78 -577 385 -1025 -201 -193 -287 206 -572 -140 -265 -93 -124 -382 99 -45 -416 348 357 181 101 -814 417 -558 -66 352 -107 -213 -87 2 -20 -428 529 -697 -90 115 -848 -411 680 -525 16 -199 -225 -83 -914 79 68 -187 -380 -78 432 -751 -4 718 -168 477 203 -382 -93 591 846 730 -249 230 105 248 -143 -442 318 89 -412 309 -195 223 201 -329 427 69 201 -481 -350 536 464 141 -889 1003 76 -684 41 -455 -689 -293 -1367 342 354 -507 119 407 197 64 -666 -759 199 -245 -352 -146 -221 -481 -256 -568] 4896.92
[174 -165 -1264 187 -519 -967 -529 8 -548 24 86 -480 763 -735 0 -12 187 469 -889 -121 -577 283 -467 354 3 122 -132 608 748 -144 -189 -194 -701 -326 -458 254 -575 59 417 -521 -84 -998 -208 -585 -496 -832 -426 9 -134 198 145 -734 -599 -1076 777 -316 306 -139 -120 206 33 281 844 136 -89 -251 -256 147 -401 54 -70 355 -412 -130 627 611 168 579 1089 -409 -84 56 -271 -187 724 376 -46 -62 -269 -173 -664 -37 -225 -108 -369 172 313 -234 1175 -177 771 294 364 389 253 -75 206 197 -631 -1014 -133 5 -333 -319 111 -186 -356 823 336 137 -513] 5094.42
[159 1046 -274 855 304 -525 -393 -62 -192 -853 -200 -223 -767 497 67 -228 -901 54 693 -132 -426 -203 160 -748 435 -782 750 -574 359 -321 728 369 477 506 880 41 -432 -473 212 415 611 -188 750 528 -990 -245 -204 -35 570 -136 -213 679 -105 -583 -716 200 641 364 -564 -170 233 -23 304 15 244 -708 556 414 1053 3 826 -524 -425 1081 15 825 237 559 6 629 -48 -81 -403 285 -748 -95 721 453 -744 -54 -741 48 -489 520 -1234 469 35 -141 204 313 311 520 -289 342 206 -5 -364 994 420 255 13 -583 281 -28 -1144 393 -326 -240 -118 -37 341] 5571.24
