[-537 189 -342 524 -412 -336 197 -108 -176 240 -41 -81 -532 612 49 -8 260 298 543 -290 -192 332 -356 -362 276 -10 -53 108 431 575 501 140 197 -44 313 -308 -534 -116 -444 182 149 177 -402 -224 -93 -153 -202 -261 22 51 -289 5 -96 378 -21 -182 601 313 254 -189 -74 283 -31 449 -122 -237 -563 17 -249 -21 94 -15 201 165 -72 506 -350 210 -189 143 349 346 313 -192 76 -318 -119 239 537 -1 457 -131 -349 49 -153 294 -502 -135 54 -586 -95 433 313 36 -268 -260 -186 -503 161 -85 -177 382 84 -229 -117 346 104 224 -292 -116 126] 3185.08
[-113 -163 20 394 20 24 -115 -547 54 163 -342 -46 325 -195 -204 -194 -325 96 187 -175 -629 -110 -347 -72 480 208 -277 482 67 -395 239 -141 140 324 585 -87 -408 26 -120 42 426 151 -46 -329 -392 -171 -60 -179 14 67 -152 -172 -429 -80 -264 -35 -180 -138 -420 66 135 -6 239 177 -88 -88 256 -350 -111 -608 124 294 127 192 597 348 -318 206 -168 -600 117 64 -255 169 349 210 172 469 146 396 -139 -177 12 -45 -64 -202 -331 -358 599 -619 -119 314 266 826 -380 572 -126 -329 277 555 -526 188 322 72 488 189 266 -62 249 203 30] 3242.53
[-380 307 132 -824 102 34 591 437 -188 -332 -54 -115 -364 -16 31 55 142 -103 -443 58 -38 541 -313 -252 192 295 580 -37 -162 -236 -59 -457 -436 -404 -524 279 -387 -401 375 -253 80 -80 -112 -18 -30 465 224 350 -198 -12 147 85 -41 -89 35 430 666 272 129 -279 -441 48 -13 -168 -215 141 -406 100 -16 446 238 23 -134 54 -182 -581 -233 -59 142 -231 -190 -215 -171 10 439 -116 -39 -277 -681 171 179 -185 133 96 58 41 382 -131 36 190 580 -764 -439 -149 165 72 -240 263 -348 110 248 327 -164 -89 -801 -226 -126 350 -355 93 187] 3286.94
[345 -261 233 368 277 593 -509 -274 -321 -350 256 11 -56 477 177 -254 206 -314 331 278 165 -356 215 177 212 -374 -231 -352 376 582 -258 167 -186 -111 130 -30 339 -142 28 21 -27 -131 -233 -442 52 -59 273 -266 202 -771 -411 -121 349 352 342 -203 -429 -491 615 197 -60 91 442 219 60 -28 261 -224 418 -328 -218 -462 -135 -294 -248 -159 319 212 164 253 262 156 275 -61 257 -191 170 22 -114 -264 -729 192 -324 -351 127 -136 -50 688 -358 35 -514 298 -341 -2 497 -42 -37 464 -231 -354 228 89 -328 -81 526 604 252 -187 -242 293 -111] 3360.9
[242 467 -117 -157 170 -53 -435 80 -399 217 12 -561 677 -9 -119 10 273 63 -340 -129 193 345 538 200 -273 -169 50 -80 -54 80 17 124 42 -164 38 234 212 159 -12 402 146 356 -302 225 28 521 -100 -362 -216 169 -308 145 112 180 -258 421 -396 394 232 -383 837 -33 -240 -310 4 454 -119 -44 -230 246 33 -79 -88 1 -289 196 460 -321 -438 152 256 -172 -27 56 -74 908 67 -61 -302 -198 -322 208 50 123 413 -311 -31 -482 -649 -163 -329 402 63 66 -221 244 326 -28 123 -636 -59 -265 179 116 124 -69 -451 -532 -119 -375 -255] 3190.43
[138 -330 269 729 267 274 -400 -162 128 244 403 554 -251 115 -235 73 -469 -345 39 218 -146 -741 -501 453 422 -57 -609 -29 -561 -25 -166 3 -85 494 -233 219 279 546 -876 264 94 37 219 -789 -530 -818 -192 -486 33 -760 -380 -302 -22 -260 35 -469 295 -579 51 277 -250 -388 -200 23 -83 -510 560 -77 304 -604 41 -457 -73 375 334 -45 -298 340 369 -447 615 284 -190 751 -156 -148 306 -12 -25 -301 -766 -178 -139 -358 -434 96 -598 334 -40 -155 -527 449 200 201 128 398 -96 251 108 71 198 153 -267 171 306 533 328 198 -20 53 144] 3965.32
[-544 695 -220 -588 84 -28 -143 530 -203 -19 -128 -706 -343 210 241 -177 457 260 -595 339 18 531 -413 -164 -432 300 798 -172 151 264 -407 218 286 59 -32 236 315 -651 284 74 793 -232 -215 -95 -183 563 46 -130 -302 330 229 79 -97 -100 -155 57 -16 204 -276 71 -66 42 315 -182 -339 461 -200 -76 -31 437 -154 105 -79 608 -1000 391 576 -347 159 83 66 -164 392 42 -374 401 -150 335 -466 -126 60 -418 -384 490 335 -667 532 -211 168 165 192 -115 47 -263 28 -64 255 -139 -181 -115 26 284 249 -230 -400 -315 -137 -192 -40 -319 -503] 3645.21
[-120 81 62 98 -251 4 -388 50 292 -324 45 -179 -838 360 -87 -168 -129 180 90 260 369 -416 -532 -473 -45 -14 100 -572 -19 567 -151 -31 490 -42 -276 -210 -17 -345 -81 -99 336 -243 -240 -151 -518 -497 -484 334 -157 235 -211 -81 207 -314 255 -510 413 -280 -500 -142 -444 482 185 434 137 -285 60 1 268 153 907 -91 320 163 -385 584 -270 157 309 -111 -71 132 119 -130 -596 -726 -69 283 -357 -358 51 -398 -406 -1 -688 855 -323 765 116 674 95 74 75 -647 229 -281 359 -749 40 116 63 456 424 -591 241 148 215 -115 -236 -94 -487] 3823.93
[-46 22 385 -309 258 366 -157 -163 -336 -41 -920 449 686 -21 -12 384 -457 -583 -77 610 -732 422 286 710 34 464 73 371 -246 -915 -136 -506 -461 -382 -381 -27 -440 74 -297 102 -232 288 275 -258 351 -115 394 359 181 -181 -442 -312 -29 -198 141 747 -113 -327 259 -309 -383 100 -418 -405 -702 -101 302 -82 -173 -628 -79 -25 -410 -222 553 -497 -47 347 137 -736 424 -148 -582 161 656 847 260 -141 -689 487 -726 -34 969 -355 271 -294 -27 -604 100 5 -75 -262 -358 360 -564 716 -527 239 -150 436 -31 -151 -461 147 -19 -24 -338 -188 -357 -174 692] 4379
[-164 391 199 -247 111 -199 452 564 -39 -25 110 -570 217 -360 156 -100 397 183 -837 -131 507 -46 -800 -323 -154 38 454 -608 -479 597 -395 -115 116 -187 -297 478 465 -53 685 44 299 90 210 82 -461 399 -68 -380 -574 480 -79 265 215 37 -132 52 203 164 299 211 412 285 -151 -481 44 863 -23 -778 446 576 23 -211 617 354 -431 -141 308 -105 204 332 -19 -3 323 401 493 100 -175 85 266 -294 -43 68 -325 -432 -438 -154 140 165 -778 567 68 -474 -129 -712 315 -38 266 99 -40 -254 301 711 107 -89 -450 -383 -154 324 93 -499 -27] 3906.4
[70 104 37 95 -334 -503 -575 226 800 -376 -687 -29 -136 95 353 548 385 60 -340 234 238 -141 -244 -25 -926 30 176 6 -16 71 -507 244 194 491 110 -264 422 85 48 407 -205 -628 111 414 372 14 132 20 -126 719 380 -28 333 -1164 405 -430 -573 10 -606 219 -636 682 -67 123 107 309 778 212 160 122 264 0 342 48 -406 213 828 -60 -123 -30 -539 -11 -147 -534 -928 51 -410 245 200 -603 -299 414 -44 -151 -270 105 199 107 -414 1478 21 264 -339 -990 -569 -396 -55 -631 355 -160 269 25 482 -179 320 -666 -293 -506 125 -727 -151] 4530.68
[-381 -250 -107 200 -231 -379 -243 -193 -162 682 -369 520 -250 47 -174 628 29 -189 408 -293 -290 -641 -418 403 19 -34 -162 630 133 -146 233 -304 -329 708 -140 76 74 516 -580 274 -663 371 413 -374 129 -248 196 -354 717 -87 -393 -309 -325 -696 140 -556 -248 -25 23 503 -212 22 -139 -37 -630 -154 723 656 -265 -208 -390 228 -182 222 483 548 -4 -127 -422 98 484 437 -127 239 -834 522 99 365 333 -597 -506 -40 311 135 -13 -520 -154 -346 707 -165 -643 1215 267 565 -297 114 -380 177 -480 542 -185 -198 -53 162 -22 269 244 -44 214 -97 824] 4259.66
[469 -446 -681 169 248 -19 502 33 445 172 402 96 -393 140 59 -395 104 381 400 41 749 55 188 30 -114 -146 -622 -121 503 -172 327 609 -48 183 -258 191 -155 -469 198 -393 213 136 572 16 613 390 -559 385 387 -120 739 812 -338 340 -197 -300 51 194 -486 -34 263 -162 117 513 241 -30 -290 491 64 -190 -1051 52 -398 214 -477 151 -544 -471 12 717 -420 -392 975 69 -437 -130 -94 -95 626 267 1012 -69 -478 527 103 364 558 33 257 -155 436 -358 425 208 155 -896 103 -81 -54 -409 369 -854 -9 66 -178 45 -417 538 498 123 -505] 4349.89
[382 -45 -45 186 -38 -110 12 66 -398 367 525 548 -200 -574 -53 19 -202 58 158 -104 87 -9 -87 150 675 183 -121 185 -521 -285 -151 -104 -622 -241 -282 57 310 716 -10 204 -502 74 219 -197 -224 55 -7 -379 -125 -464 270 132 3 310 1 -320 887 -215 429 819 324 -164 131 -51 145 112 -343 -468 623 -383 -854 142 368 -122 94 -1033 -988 68 312 80 41 16 -179 650 974 -312 42 -486 1052 -382 -139 506 -112 -612 45 383 164 341 -272 -313 -389 -206 -14 47 142 -274 163 304 -128 -47 287 617 -395 -61 -824 -212 470 1038 -259 -570 188] 4260.37
[632 -603 684 110 327 320 -230 54 -19 30 921 197 -87 -57 -240 -717 -478 503 480 349 137 -697 187 69 600 41 -691 -744 -430 -30 377 2 109 -362 -484 441 485 365 222 21 -359 -223 59 -588 -84 -405 -103 -242 402 -489 -96 125 824 714 203 -470 61 -336 501 -72 491 -51 195 -191 681 -303 -202 160 870 -152 148 -256 505 -766 -311 -412 -876 -273 467 44 67 -204 314 124 138 -381 182 14 296 253 511 138 -353 -329 -203 275 -35 1291 -262 562 -44 -435 171 -484 581 -287 98 -292 -323 -283 417 118 -21 -496 -352 77 -42 293 -113 -214 -401] 4390.78
[148 -223 -188 -135 -814 40 259 -429 -138 -194 -319 0 92 221 -367 12 236 -6 152 -790 780 281 73 -435 -412 -659 171 571 748 1136 91 13 130 91 224 -474 -37 -118 213 -407 -233 13 373 573 249 374 -161 -31 -49 679 -28 78 19 -601 105 440 31 493 312 -302 -177 607 -390 147 -238 105 -212 596 -505 526 432 -90 106 -271 482 133 103 -116 -978 805 -379 314 -425 -496 87 -526 -237 -900 437 -66 235 676 276 447 -91 -17 -4 -154 -354 255 110 241 433 -515 374 -209 -179 387 40 -344 139 147 -135 174 177 299 280 -487 -159 580 456] 4171.3
[568 -322 229 68 265 69 176 -339 -29 -801 391 46 121 58 -172 -361 -48 178 48 18 -127 -410 -470 95 344 -138 -399 -475 -57 206 851 85 -462 106 -145 703 205 188 -477 -108 133 315 -783 191 -542 39 -263 420 263 -403 -436 -76 194 72 -6 297 -154 308 705 -540 212 -254 253 299 1030 -234 -117 261 -164 470 726 -216 191 -212 381 -106 -187 117 439 -15 120 350 21 -690 414 -36 -38 -27 -382 188 365 -429 -255 -198 88 748 -576 678 -307 9 -300 169 -323 -481 354 -124 -258 -57 43 -168 -31 346 -50 -195 467 378 -187 -412 122 682 134] 3845.04
[151 474 50 -387 -266 263 -238 -201 -519 -203 39 -329 763 -231 373 124 -200 -160 267 391 -146 475 1223 268 143 84 0 -322 -161 -300 291 -37 172 -958 -438 -632 240 -35 920 325 -454 -170 435 117 642 259 413 -96 361 325 -219 -383 398 482 -241 389 -438 -192 134 258 167 512 -187 -255 9 26 -292 -583 -42 -596 -896 -121 247 -382 -304 112 21 494 280 44 -430 -433 59 202 766 213 55 630 372 924 579 71 463 -333 -97 503 556 79 -309 111 -394 -538 -181 95 -437 311 359 -416 48 242 123 -64 127 -296 233 -502 -380 -413 -358 -714 4] 4267.69
[661 -471 278 440 91 244 -967 -669 -13 -309 6 -233 -177 36 45 -284 269 37 -212 -370 292 -206 -299 -79 -461 -313 345 382 490 525 -447 54 -8 1077 904 289 569 -215 93 -399 575 -295 -768 596 -828 -260 -58 124 -209 135 146 -45 -299 -1266 204 133 -773 -55 -695 71 -375 8 685 422 -72 7 1214 -358 10 720 740 678 -432 -70 18 86 369 -428 -435 215 -734 837 -98 -314 -211 -504 207 -54 -310 -295 -573 32 -246 345 -46 -483 -321 212 576 -199 -156 997 -179 -498 1128 -55 334 448 -569 208 -562 520 -271 -127 1262 194 569 -1033 30 660 -372] 5235.96
[36 -17 -35 -395 -8 -444 -705 491 -556 330 -628 723 225 -420 -288 294 -29 444 -11 293 -149 -99 319 670 -186 568 -310 -592 -485 -361 -341 -122 -184 -335 -333 556 -11 188 -452 198 -596 792 -670 -163 323 174 194 55 600 426 -473 236 -152 53 -144 -155 149 -424 -384 -295 999 -6 -110 -440 73 311 317 916 375 17 -2 360 239 84 -466 600 -468 -593 -199 -75 642 -231 351 152 -373 577 316 534 -780 -475 -578 -128 430 228 68 32 -196 -337 362 242 -493 136 -69 122 -438 5 368 -380 0 224 -611 -509 308 -449 -965 -420 -756 -545 -403 -699 19] 4491.01
[115 -77 245 -29 -79 136 167 -12 -155 -471 -425 604 -72 -576 -333 -341 342 -680 342 -277 -43 -232 -213 -111 174 75 -150 -514 85 36 -415 483 -289 -455 344 -242 -12 -200 -42 -1155 -353 407 -283 68 -173 320 383 889 341 -124 164 299 -242 134 341 -281 -63 -779 562 490 776 260 668 181 669 936 -94 -612 23 160 8 559 581 -186 627 -354 104 336 332 137 231 793 -62 -599 1027 -829 -268 20 475 -486 -311 -16 118 -469 260 226 31 247 551 -23 -107 -458 -184 -337 441 -148 154 807 583 602 -134 147 -9 -212 -103 -257 617 285 229 539 -52] 4414.84
[204 333 959 -158 384 852 -570 -164 -863 -73 556 -735 712 198 -480 -753 -305 49 -277 516 451 -608 -64 240 611 -87 103 -184 -837 296 312 -16 188 -107 -1037 253 408 603 -277 -115 277 222 705 -507 -216 -1 -154 3 103 -92 -985 270 568 -158 -446 173 218 -303 790 50 849 874 -133 -487 -641 19 -276 -543 149 -112 86 -249 359 -980 -490 120 -549 -67 393 -229 117 -229 -276 262 639 698 416 -49 45 492 -124 9 -254 -483 472 498 -49 948 -932 640 -690 551 511 -202 351 51 515 -263 -458 -574 666 358 -23 -298 699 35 24 -423 -408 -482 -92] 5059.79
[-71 850 547 -282 -112 425 -559 -210 -868 569 1246 -540 -283 -158 -246 -505 -190 -557 209 -475 262 -430 158 34 -33 -423 74 82 -344 453 -213 -46 -279 67 -572 -331 1057 694 -396 65 -138 118 512 -461 -1 179 276 -459 -77 -355 54 -223 611 -336 7 -265 214 56 1476 805 122 -63 118 -379 -456 80 -353 -295 -447 156 -948 208 66 -625 420 -300 67 -5 -45 -67 -67 342 -344 421 126 -307 -26 134 800 -161 -392 173 426 -754 446 116 99 240 10 -294 -914 616 614 287 721 533 541 278 -788 -169 141 326 -466 276 -242 -265 367 81 -1 -107 503] 4752.13
[324 96 410 -212 154 -65 173 -456 -274 280 -59 -662 117 85 195 -401 -416 42 337 186 -279 -127 -260 73 2 226 344 -614 -51 -295 97 -427 -216 -178 -257 337 -268 16 730 664 38 295 327 593 49 -285 -32 851 -68 -32 -651 -295 401 181 480 238 -308 108 601 68 49 376 320 -207 701 553 6 -541 -203 288 481 514 -83 -345 781 -48 -74 -268 -18 310 84 8 371 -119 313 488 -549 849 150 213 658 -598 596 -735 -327 244 -507 459 -126 -348 -49 76 -249 -269 298 443 181 -569 -800 -95 -66 291 -77 -610 384 150 29 -239 80 115 160] 3997.63
[445 -150 -288 172 -454 -737 838 -601 -463 -135 -274 -443 -306 -74 323 -82 377 512 150 -291 372 558 -757 -266 -66 289 -360 506 858 683 272 -371 -1160 662 18 130 -306 -485 479 202 384 462 289 1035 294 723 -88 125 -514 -91 -63 621 -100 -19 921 507 230 515 551 135 -900 505 258 410 -329 491 -275 -251 3 144 -108 378 65 -140 1151 -382 -582 -423 -617 763 -891 31 132 -526 920 -58 -369 -255 712 262 437 736 172 -743 -358 499 274 114 -358 -45 70 15 -667 -622 -177 -113 -452 -235 -655 -497 77 155 -672 -150 91 473 432 700 148 409 502] 5152.89
[-407 -249 -759 -274 180 224 64 -311 -582 420 -787 -179 76 353 380 -4 -295 -48 357 511 -310 703 -216 -223 70 280 1212 827 514 -609 -77 -295 -74 -224 652 -305 -954 -186 1082 543 608 -5 534 199 229 -22 65 381 298 39 -409 -259 -102 156 -182 718 471 395 -242 343 -498 627 388 118 -7 264 6 -257 -396 -299 -360 -30 -449 387 -30 643 -308 189 -527 429 352 25 564 -243 461 1240 -252 315 819 465 16 16 -366 174 -104 -413 -258 -284 428 -307 -105 173 -16 165 -353 -212 -401 -531 -814 619 -98 529 316 -386 145 339 18 287 -21 -547 337] 4649.78
[26 -240 -258 214 -81 -91 391 -282 506 -367 -166 32 561 -36 292 189 114 120 664 -491 55 191 55 205 53 -614 -362 717 299 399 489 12 45 -92 482 -360 659 119 568 54 -1000 -722 -151 307 468 -308 111 -766 264 -181 251 -278 246 299 117 190 -1036 -22 844 -164 19 -97 -452 -114 -382 -641 -360 253 277 -129 -326 -575 -9 -148 496 -736 663 -29 -143 262 -221 636 211 -292 399 -344 151 -400 554 357 179 478 329 -135 396 -694 541 392 -301 297 -99 119 102 -178 15 -178 -178 361 165 195 260 127 -437 516 712 -131 747 -182 279 767 -34] 4261.24
[16 366 -136 -198 -191 58 -684 -438 -281 301 -776 -604 153 429 444 -32 -101 -194 346 98 38 260 475 258 -75 -51 572 299 535 -80 -704 -374 220 -250 315 -519 -149 -608 843 186 159 95 523 -174 312 221 359 313 237 111 -452 -275 61 -279 -93 -514 134 39 -365 149 -412 668 603 340 -258 607 794 -773 208 -529 79 539 -352 -216 -95 871 9 16 -582 -166 314 -398 -33 505 320 453 695 139 31 -95 -312 -207 296 523 112 -192 -40 206 728 77 148 509 114 418 -378 951 281 -386 -388 325 -249 76 720 14 1025 -254 597 -197 -462 -336 185] 4374.29
[267 -696 253 -261 317 -220 35 76 -253 -281 701 395 -537 -379 -9 -228 162 208 266 -159 37 -870 591 -12 216 -496 -70 -686 169 -348 435 551 -836 193 -617 -11 846 197 106 -200 -604 -504 205 -71 337 356 683 -508 908 -339 390 -77 81 158 386 -443 -1265 -278 517 1063 -6 -923 538 454 940 203 -237 1 -16 417 -875 246 350 -436 -30 -242 163 -166 330 1016 -724 222 478 124 -498 199 -335 548 596 -381 737 -250 -348 -254 16 -574 726 531 165 561 -374 321 -425 -51 443 -496 267 437 -485 -204 -108 -413 -196 -911 -81 167 342 728 455 93 -144] 5046.42
[622 -228 -362 43 -159 460 -211 -23 88 -298 9 269 43 -114 -917 -1062 108 -294 -37 517 202 265 129 -210 230 815 -329 26 221 245 -619 354 -32 204 -234 417 -509 -318 510 -59 305 -114 -221 -241 422 690 187 -341 -638 -431 446 404 -88 -211 660 -53 -50 -958 265 -63 449 647 452 -294 8 530 -133 100 627 -224 122 142 367 109 -45 -651 -541 -522 256 -440 -365 -252 -313 -539 401 -421 -348 86 -166 -60 -730 1067 -485 -145 430 -207 194 422 -937 80 -489 -996 69 -793 494 20 91 49 685 -435 818 -120 -14 -218 -173 167 698 -150 -285 -24 -1334] 4765.83
[-186 348 -226 -90 268 453 -22 603 67 -685 -842 153 510 712 -80 624 526 -555 -165 -67 553 169 891 -398 90 -244 780 115 519 -18 191 57 -392 -384 -995 -553 -811 -552 358 -555 -640 97 -52 -198 694 747 325 272 182 140 157 7 101 196 -55 91 314 393 942 -232 -73 904 -27 823 -244 749 190 -1019 112 -596 527 -157 -219 -479 -480 -231 191 827 60 -347 -280 -513 -333 -82 597 117 415 -477 -81 -468 -541 492 174 238 373 453 284 -111 -927 682 -57 -276 -790 373 -131 136 -579 149 294 -73 769 -197 -145 -136 1028 -397 168 663 -783 -333 3] 5064.26
[219 417 -290 436 -153 -396 174 -459 505 -47 -127 565 -441 -211 726 552 118 -697 306 -5 -579 -639 -461 333 679 488 -213 322 93 -492 148 59 -30 -372 127 -371 580 309 -660 341 -621 -163 -290 301 -407 -713 -567 680 174 -484 -160 2 145 -150 344 -481 -465 -368 -154 224 -252 -214 57 167 -87 -556 53 -202 351 -175 -523 -1 -315 -155 253 246 16 736 334 -66 272 130 -310 -421 553 -145 182 235 473 -332 -417 -251 -119 -695 130 358 -188 315 39 -149 -148 661 -87 -556 -144 -310 -76 -138 117 291 335 441 138 523 464 60 154 258 382 2 419] 4003.23
[-428 -599 224 -106 182 784 -191 144 -641 49 -216 527 -936 479 -780 -948 -123 381 271 274 -220 487 187 -518 188 120 492 330 168 139 -151 500 -308 -187 668 -226 -350 -269 -327 -188 553 62 95 -1090 497 135 454 -385 136 -195 288 47 -413 69 -116 224 849 -252 264 186 -332 19 426 157 -121 144 -462 46 72 -829 332 45 379 -118 -152 -586 -830 84 -84 -71 -285 354 419 105 322 -258 -334 139 241 250 -86 -271 -329 529 419 -801 8 234 336 -183 -255 -721 -19 493 279 -681 -421 -4 -301 400 176 -88 -519 -685 -868 148 669 474 -632 494 -593] 4534.48
[169 -205 -1028 159 -1032 -170 -518 -602 -688 350 -208 43 279 44 200 257 -407 337 797 677 -399 287 465 386 -86 -256 -359 437 -2 -119 208 -452 -312 -269 272 106 242 -27 -104 -264 -266 778 211 64 22 92 241 543 443 329 -727 160 -468 381 -57 -201 336 136 -471 595 117 491 163 178 120 -165 529 197 -525 -146 -678 357 -385 403 310 1298 -249 -83 96 293 590 337 181 -31 120 263 542 -343 120 167 205 -309 280 363 28 1142 11 -184 1029 -858 -773 941 113 402 -718 -31 135 -77 -311 273 -828 -407 88 -167 511 701 111 141 313 268 536] 4755.86
[-312 35 201 -535 -214 324 375 -122 62 258 -399 35 -397 -347 -408 -301 -100 159 -612 58 213 -230 -471 64 56 690 677 622 -47 212 -52 225 189 -148 251 -389 -188 153 -316 -322 507 556 -285 529 -641 -271 -703 351 -526 241 326 514 -377 -559 -174 -92 288 -472 -729 219 379 179 -393 -98 -1102 -567 -378 -98 107 -308 -398 669 553 -352 -63 -212 -96 -37 542 18 -141 -319 -139 -213 290 -118 -286 -113 -71 25 -759 -128 -57 61 537 -4 393 16 309 -417 -1 -401 413 -174 362 -452 596 -107 -54 610 111 138 -11 -294 -126 325 711 192 256 629 -763] 4097.64
[287 385 521 122 648 -389 58 1103 -120 582 232 -13 396 148 -68 541 -274 -94 31 487 -83 -149 233 609 93 478 189 99 -114 -359 47 -175 52 -321 -471 136 634 279 -307 143 -773 -102 -322 509 -334 -353 -535 -122 251 -1059 -224 -195 788 1447 -62 178 -174 -40 1037 -412 45 -1034 -300 21 -377 -22 -217 -122 522 161 753 -549 -707 -629 -361 -573 549 -409 288 53 988 616 -501 -33 215 407 284 -845 -368 -197 117 -60 510 190 631 -987 308 267 -274 -425 630 495 119 26 295 706 -123 731 -298 -288 836 282 -529 513 7 -206 86 -58 -365 -207 319] 5012.7
[205 -476 106 304 -176 136 81 236 -91 71 -144 114 -326 481 0 -503 252 -165 340 275 54 337 412 -560 -278 251 -48 235 557 115 -163 59 -591 -150 202 8 -214 -127 252 -143 -403 76 57 -701 998 344 415 -201 446 -313 142 13 -113 303 -84 -26 265 -20 630 483 -437 165 316 256 -92 131 109 176 190 -81 -865 540 254 -369 -459 68 -677 -468 -38 72 -715 548 513 -299 835 -582 -287 398 438 598 153 375 -137 -115 6 -136 385 -77 -45 -473 -258 5 -510 839 124 -594 319 385 -82 225 -268 378 -286 -149 -60 -316 167 -304 -335 80 205] 3855.13
[-306 163 146 -93 270 86 -89 218 31 521 -525 39 122 95 -44 -101 -476 753 548 -81 -937 511 -298 -313 -540 452 -192 897 -48 -223 -283 -255 399 211 -5 242 -328 -73 -561 -59 86 55 807 -746 173 -812 -493 462 121 175 -43 299 -62 -193 262 201 422 192 62 -527 -582 165 234 -445 -233 92 209 290 -252 257 675 624 -3 -121 373 482 -614 -187 -742 -367 587 34 233 170 -219 572 649 -198 -227 628 709 -644 181 308 9 -795 -129 39 1091 444 581 -607 261 -134 -215 53 -279 -100 -820 580 -147 -129 -268 307 -204 -401 -103 147 -141 -242 360] 4395.21
[-144 1397 62 165 235 -508 -99 -188 34 645 230 -577 -8 402 342 240 -10 10 117 -425 -140 613 521 232 -309 136 324 -164 -256 -109 -723 745 714 -76 532 -843 -35 555 -915 973 654 312 -3 443 -477 -611 103 410 -484 -288 -286 -66 -48 -72 8 -488 -95 -353 -187 531 374 500 164 180 -141 -8 -198 -1524 -685 106 -352 267 155 -81 5 -62 -19 523 318 94 782 321 -67 547 -153 527 -204 485 530 -203 185 -516 66 -785 787 429 -849 154 -63 -854 -16 33 593 -462 -378 123 645 -483 142 -333 -222 108 400 -456 386 -563 350 25 -412 -858 -487] 4973.08
[-121 161 -478 86 -697 -606 -140 -72 -317 -162 -29 -344 27 -43 360 225 341 271 103 271 -616 105 197 237 167 -357 189 340 72 -169 889 103 -235 320 329 395 -402 107 87 47 -140 23 -611 869 -278 706 341 -57 418 318 19 119 -137 144 -906 272 349 872 -78 -533 198 -420 -47 406 557 50 180 910 -504 293 13 360 435 352 5 235 499 -107 -262 12 286 -252 -73 -266 -320 146 84 -207 -153 54 554 -225 -386 644 542 627 167 -611 757 -250 -231 -68 -145 78 -588 123 60 -288 -62 -267 -657 -560 66 327 -324 279 -602 -99 -186 91 158] 4025.62
[108 204 -924 188 -921 -437 -512 44 149 170 492 -205 -258 61 -289 193 362 71 1074 -346 -31 14 -190 -520 310 -309 -40 240 56 -29 120 531 429 329 871 -324 426 -188 330 -388 -687 -541 182 218 -748 738 512 -76 562 305 490 -265 205 -97 -347 -517 48 522 -575 361 89 44 769 407 721 -106 159 836 -369 -27 175 -481 228 212 -80 156 251 -159 -262 14 219 1241 -443 -32 -735 -1212 -82 -50 1052 -386 1084 -200 135 544 130 496 502 -87 974 -450 6 827 697 -62 13 -491 -291 269 -21 -40 -521 194 563 250 -341 -360 318 -348 -59 236 417] 4971.45
[109 154 -346 -517 654 -108 1159 127 387 309 -418 745 751 -216 894 505 130 -588 -604 403 -278 453 -763 971 -539 749 70 -579 -1175 -190 -763 199 -296 -605 121 561 445 -263 -574 -666 77 377 -35 416 27 -820 -267 1163 -65 -267 266 689 -61 287 416 351 657 -374 -172 -519 -12 -293 -351 -361 0 -421 -11 -176 -106 252 -656 -580 -628 662 547 -557 266 -259 723 -198 778 65 264 404 913 468 404 -665 77 341 -123 -588 956 -447 54 -175 30 -365 -50 -315 753 -867 257 -1070 -153 5 -169 668 317 24 128 -144 -306 588 -212 -295 -524 171 740 -190 737] 5474.59
[-141 -484 -213 722 133 58 573 326 153 -522 572 683 -432 -145 -809 255 43 -156 226 122 -542 -26 70 -234 110 -550 -380 -253 -606 -158 499 -4 233 -46 639 -383 -312 218 -474 -407 -538 -39 -774 -575 -131 -377 141 -882 38 -937 -16 -532 -52 658 -788 -335 931 350 112 -256 -9 -936 -300 121 1157 -527 -225 -67 -58 -163 1058 -1102 40 212 252 -75 221 979 478 -690 -47 1341 -108 -205 24 -1346 314 -718 -23 -48 607 -412 -721 881 -524 522 -538 143 638 -734 -185 574 -340 495 267 -378 -825 692 524 377 92 -226 -162 425 134 365 101 312 -208 838 289] 5500.88
[634 -748 576 -62 -439 187 308 -136 -85 99 -788 546 1005 -629 -273 -82 384 337 -136 384 442 377 971 121 -226 646 -61 -671 275 11 -367 185 412 -788 156 -736 392 -67 233 309 -347 175 -51 215 1320 319 192 -370 -172 584 -81 -252 629 688 229 -217 -979 -423 -252 28 919 292 -479 -842 -300 217 -371 321 796 -703 -484 -522 107 -1251 -264 -351 327 361 97 150 -450 -404 -260 -217 310 -111 -296 -192 36 406 -241 1236 622 -436 180 -792 326 16 -898 556 134 -774 50 -359 -61 -712 -498 -282 187 -767 -126 -236 -85 161 -659 -48 -24 -404 -105 -325 526] 5253.07
[-3 44 179 394 -520 312 -139 -39 -733 706 403 -131 851 20 199 -4 -745 -294 -496 1272 200 -72 564 96 447 776 629 615 -744 -339 -1119 6 269 -123 1319 -60 1158 -46 97 656 577 -83 728 726 71 -37 555 -8 -434 -379 -298 221 300 901 -218 332 223 -773 -772 930 -239 14 576 -538 -833 306 799 -870 666 -1269 -531 -377 -302 -19 -4 -33 122 135 -192 -169 -34 -67 -463 868 687 308 224 158 546 744 -390 505 175 -579 366 -525 591 -1 -195 -902 -53 -500 -164 -110 -470 64 -84 -177 -225 -641 213 -679 -103 581 298 -101 777 76 324 -350 295] 5582.97
[337 -814 647 523 -559 -210 48 -242 -57 119 -757 -146 595 -225 -142 -722 -39 243 -98 190 -240 -363 558 369 10 282 -373 -114 -46 -46 -103 196 -429 -24 706 635 428 -40 259 37 -894 710 -467 874 299 228 636 -138 81 21 -450 -185 589 1139 -172 -470 -641 6 848 -442 977 -570 -320 -319 738 417 424 58 779 -336 703 657 944 -818 907 223 762 -149 -91 -53 335 272 467 -27 -26 -273 354 689 -555 18 -68 -300 726 -84 438 -467 -168 -30 -113 -683 -191 41 -655 -24 -255 466 140 -32 291 -186 -493 -675 -61 78 1098 315 816 -48 761 1165 3] 5257.96
[475 45 251 -421 280 -485 148 25 10 -33 610 195 -298 -607 572 248 -66 327 -527 -172 95 -97 -491 712 -97 71 -153 -255 -1235 -120 -361 -423 578 -87 -487 19 862 135 491 -425 -906 -803 428 935 -235 -571 -484 -110 -262 42 539 267 313 85 35 -377 472 -102 -295 -233 19 -732 -318 -118 449 -507 -249 -666 841 526 335 -193 96 124 -204 -343 138 -663 672 385 -616 94 -111 46 -240 108 539 -493 268 -510 311 -308 348 26 -543 -103 281 861 153 534 512 647 463 -1145 339 537 629 76 -581 291 1078 -180 272 9 289 -383 223 67 490 -463 -414] 4884.1
[523 408 128 76 295 436 -68 273 -332 309 -450 -754 -256 781 -31 -487 582 350 538 420 -246 1213 258 -960 111 -274 506 203 -122 -13 -216 -445 -90 -453 20 -343 -797 -383 314 -177 -251 -641 -181 -79 911 190 -409 664 -528 86 66 198 -50 818 -44 23 793 369 -210 -780 565 757 232 315 51 600 -413 -802 -449 -315 1673 59 -662 -336 69 -404 176 -83 -649 -230 -171 55 -229 -691 515 16 47 -366 79 166 220 61 -356 131 439 66 -342 12 -238 -200 360 151 122 670 228 27 52 -362 -398 -885 633 18 -36 -121 122 409 340 -68 -803 -161 -370] 4887.09
[-572 -62 653 722 409 134 19 -24 -295 -342 43 321 -26 -27 -530 138 390 611 -405 -184 136 224 -872 172 554 -577 -523 -845 -348 -558 -44 352 -56 556 -406 166 -814 437 -474 -454 633 -121 88 -732 79 455 114 -174 397 450 -364 -138 -668 -68 -618 -1045 1089 194 -125 251 648 134 21 -102 732 513 -640 182 47 -172 403 301 295 450 -166 33 -382 30 186 -864 11 -406 115 639 246 -445 -256 -8 -150 -42 938 -304 -85 366 -492 8 -590 -152 15 324 778 87 215 1073 -665 364 158 20 924 2 7 795 573 -520 -208 -334 -398 33 -20 -541 -66] 4866.3
[-133 -48 510 -303 68 24 -487 643 242 -456 -413 -24 131 438 244 623 54 415 -74 253 -384 923 787 -858 -765 173 324 257 69 -86 -63 449 24 -118 731 -665 -29 52 -730 -382 -16 -343 212 -286 -39 104 948 98 266 421 299 -21 129 252 575 -146 342 827 -564 -269 -900 -168 75 -477 369 -89 -86 503 -306 -190 1416 -90 807 -485 -560 -38 514 616 116 -278 -134 -197 -1045 -990 -358 -18 -293 -628 -867 364 -70 -41 356 379 -9 -486 113 -29 517 1387 941 -1095 -478 217 -1129 37 -331 117 322 395 -258 -201 565 -188 -449 -746 129 140 -320 42 -396] 5287.32
[389 -345 231 176 -477 34 203 -871 431 -419 -478 445 228 -489 -568 -157 -855 -782 -277 -29 598 -350 -393 603 -594 -166 -818 153 104 394 -404 -486 -490 -398 -479 26 791 50 -373 199 -48 1108 662 81 402 -622 -984 78 70 -272 -574 35 162 -715 302 -535 185 -412 243 -12 -758 -180 -399 164 770 219 501 721 211 -462 -502 47 202 671 1003 691 450 997 249 212 401 239 -408 292 320 -17 -262 -201 -725 13 -237 -755 827 84 -588 53 -278 238 180 370 -270 -25 214 -390 -23 425 371 414 390 229 808 606 330 475 968 683 403 -274 991 277 528] 5249.51
[513 -699 709 240 -402 355 33 -859 -275 -222 -1042 401 458 19 45 127 -269 -434 -16 38 -91 -375 79 -330 -179 245 -27 -8 -473 -141 386 540 225 -111 416 81 323 51 -744 -836 -703 182 1175 -374 -49 -253 -116 924 924 1056 -433 306 -342 -358 -161 203 -340 -289 -627 -273 618 626 -345 -87 646 194 484 -527 -135 292 373 56 367 -64 177 987 -341 730 49 464 -282 897 -561 -204 186 16 79 32 141 -136 205 -486 -201 -161 -297 500 116 -567 545 5 -711 562 338 64 55 -831 -395 159 218 474 -109 -505 239 83 974 320 -173 -552 345 -2 625] 4911.97
[-382 -293 320 719 -416 76 -1280 -165 243 -157 -749 -639 853 79 125 343 720 55 385 -613 307 137 167 93 260 -665 -333 701 11 304 672 -4 351 443 202 -428 -515 211 67 -120 155 342 976 -375 7 -145 -100 -387 1 920 39 542 -461 -424 -398 -349 176 767 -494 515 400 1218 -254 585 -105 870 1316 -290 -157 -805 -511 141 361 -250 -490 666 384 549 -346 400 203 -581 -136 611 450 337 82 -593 841 -323 -747 817 333 413 -137 172 145 -133 213 930 -497 68 552 492 -917 115 -103 344 96 -222 149 -56 188 521 334 -194 451 318 -126 -217 -90] 5229.48
[164 -345 750 242 1 362 147 -532 -294 557 671 -38 8 243 -19 -270 754 -152 -772 -412 580 349 -323 -891 -864 1 590 16 269 1044 -395 -513 184 111 1115 171 652 446 -164 -35 778 -28 -883 -362 21 -57 308 -798 -617 -275 -26 -193 -2 50 -138 -361 892 504 499 -433 -31 20 375 -968 -691 30 359 -462 132 306 -103 181 668 212 -447 -774 66 -216 -730 -146 -560 -335 -439 -459 187 -20 243 -541 426 250 -855 730 -1030 -80 0 -1139 -831 -122 -31 -72 217 -228 -239 -604 222 -237 107 124 -116 -79 -315 629 60 388 -571 -334 8 -294 37 -488 519] 5102.31
[-4 779 -623 -403 -158 -129 -577 74 509 -103 -448 -551 173 -156 377 -261 -215 -84 12 564 -806 224 -408 -582 -113 419 169 333 291 -693 -359 -1187 642 -571 -186 -12 -341 -347 1600 -159 485 -183 167 -18 173 198 -42 383 -558 705 436 -647 109 -430 293 487 -459 415 -67 71 -799 292 802 -93 28 187 81 236 234 -132 -244 655 -97 526 -485 90 -191 -724 677 -1080 -50 -18 -152 -895 -331 1048 -841 580 -73 223 -20 198 656 -567 128 -54 6 386 -236 463 443 -155 -185 219 -349 398 620 -1100 -607 808 -443 811 293 -75 -162 -403 -667 -576 627 -633 -232] 5300.09
[321 -892 -116 358 809 1 93 -50 -70 11 530 857 294 537 -447 113 80 -97 -45 -827 1088 -431 53 580 154 -1048 -632 -491 71 227 -125 233 -1212 66 -369 782 -154 380 -579 -333 -668 493 -210 -29 -208 319 401 154 1007 -208 -509 334 -232 -1 -191 75 354 -532 526 82 774 -18 223 741 607 250 546 -86 -549 53 580 -150 -6 626 140 -377 84 235 -87 986 493 641 404 714 251 344 73 54 -488 -695 -461 -216 319 -296 -80 277 -1019 15 -747 -374 -128 318 -38 446 717 -72 188 1094 387 -469 700 -107 -167 -602 -75 731 -119 -90 -131 8 200] 5135.89
[207 -82 -179 -223 1216 488 877 -22 174 -120 -1095 527 606 478 -11 525 -503 -802 -592 526 152 -69 -424 119 -663 328 548 479 -129 -557 -801 298 -782 870 201 158 -337 7 116 -330 26 228 579 562 201 -557 914 659 380 -729 -87 -78 -163 -249 174 699 540 -74 214 -265 -649 49 297 -23 -51 -108 568 86 -448 -92 -314 -689 -605 58 733 -797 -358 -144 -41 -389 301 -495 -170 -92 559 712 -65 -673 237 605 -481 -292 73 -126 257 -100 -98 -617 -61 -287 37 377 -655 398 449 90 -442 934 -578 -264 -418 246 -391 -38 832 92 -441 205 86 645 745] 5075.05
[357 73 -396 283 -437 -337 -559 15 125 317 17 258 156 134 161 62 333 -279 409 -422 -169 663 881 -633 -339 565 208 524 267 38 139 809 -30 528 196 -133 -308 405 -740 1358 -412 -498 367 -339 566 -38 -13 -675 236 263 95 -496 31 -339 -348 344 -634 302 -163 -149 69 102 -574 -104 -200 -263 -573 526 -321 -166 -631 168 646 -258 -135 553 -754 628 -1873 727 -346 -35 -260 44 -402 85 -62 989 691 218 702 -87 -499 236 57 -594 -325 -1148 -427 -310 -309 12 -23 -57 -453 -439 -176 -293 572 -332 -87 557 -27 -66 -65 -583 -357 -650 -874 -1223 313] 5236.19
[-248 556 -382 -1222 303 -252 310 520 185 -67 96 215 -241 -197 -79 10 -200 -771 -921 368 46 -766 -488 116 -407 -177 1048 -449 -177 173 -445 313 60 -619 -457 -82 402 -356 -264 -429 107 126 -296 -37 -672 -285 -292 -58 5 359 -148 -157 117 -585 -619 468 360 111 -20 -371 -396 -729 -819 66 -125 -1032 -322 168 -313 353 781 -211 615 894 206 1143 165 79 411 -185 105 81 -568 483 567 -121 88 -16 -498 -48 -267 -973 64 523 -159 -100 -176 -99 373 572 168 -216 476 -597 141 312 962 209 847 863 -171 499 639 -16 247 312 -157 -140 222 380 64] 4883.95
[-592 -926 -8 1110 -351 413 390 59 470 -228 -182 762 364 -264 -898 71 197 -226 -402 -66 777 -1214 -672 254 654 -266 -441 217 307 -109 -198 -200 198 1194 179 264 -505 301 537 -517 -61 -198 429 405 14 135 546 -352 198 127 224 -603 -465 -342 -335 -1001 -374 -820 -321 422 -59 -189 86 220 -973 -237 922 -174 194 -724 155 0 412 -24 295 -924 749 120 300 -530 255 160 -80 294 -995 -339 -95 -2 -254 -362 -714 617 67 66 387 -452 -261 39 -321 -314 103 163 28 457 46 -186 78 538 859 -7 139 126 -304 540 561 537 958 67 676 245 219] 5132.2
[-435 1202 570 -692 188 74 316 162 -323 -75 286 -698 119 88 -258 635 252 393 -790 -9 -163 -475 505 -651 -144 -263 507 -43 -203 -97 -301 -492 354 57 -808 -286 -49 956 -469 226 -117 -524 80 -25 -829 281 -117 -680 -498 -202 -280 -158 -19 -80 -150 17 -887 -139 -245 93 -237 -83 -349 -303 -907 -121 53 -757 -554 582 -573 464 254 -385 -233 90 -119 298 119 -117 -582 -207 -223 779 96 427 251 204 -285 -128 165 355 -388 -640 -345 -573 291 -522 -454 -93 -225 -9 -185 765 57 229 510 471 -368 -149 -271 92 149 -954 -263 -335 -425 210 -191 -763 101] 4585.79
[-303 573 -847 333 -125 -226 427 11 1173 -382 -110 382 79 -442 58 -155 -198 -522 -117 -778 -46 -503 -749 65 -84 32 -49 315 406 88 -461 -128 347 533 33 -280 331 -274 5 -674 -373 -381 56 89 -253 -66 367 532 -329 446 961 -425 110 -688 491 -393 -1033 0 -76 618 -491 -225 150 -231 -375 -656 406 17 -140 558 -460 -554 -873 -118 267 -494 600 620 605 -706 332 390 -172 -398 -983 -471 -158 -215 -34 -349 -253 165 395 -64 980 61 -182 -327 -575 -435 586 394 162 -178 701 -276 -572 25 565 218 105 747 -403 1179 95 -166 -286 435 1031 352 387] 5026.51
[93 -1015 253 463 -183 -476 396 -670 415 281 -164 -272 -34 36 -291 -537 -127 -73 -180 -494 1088 -334 -531 -106 -191 -568 322 -90 642 344 879 126 -340 173 442 -171 -203 386 45 -698 298 864 755 62 -478 222 -208 -189 474 906 -250 -43 -81 -732 -596 371 533 765 -482 -316 -544 -957 -353 -112 351 -218 20 821 68 112 -32 476 606 -280 51 228 -2 177 527 402 -252 727 254 -223 148 -308 -1242 -709 488 677 850 -380 -304 301 -1096 304 -314 47 -171 528 494 286 395 183 389 -585 290 6 -303 683 -927 657 177 350 -495 698 -12 105 169 572 486] 5187.23
[-945 246 -732 205 -190 -1325 1295 308 221 23 -464 -318 -519 -336 121 502 681 103 34 382 280 -554 -1191 50 125 99 359 -108 -152 -104 338 77 142 -39 44 -523 232 287 203 281 96 -360 764 534 9 -335 65 -139 660 -224 -387 599 -139 214 -333 -779 547 -80 -310 210 -234 613 -330 53 -1191 309 -676 340 118 9 338 -934 -98 -254 314 240 21 -151 -525 262 -138 91 -207 204 114 363 -24 -757 840 -553 225 -10 -229 257 -41 -254 -65 359 235 1005 551 748 827 -296 -677 -258 -73 -321 -72 -514 892 249 401 -24 -630 -424 733 1104 -209 70 777] 5178.95
[-1140 347 -340 -259 -103 -428 164 559 -1045 606 -160 212 170 173 -8 -128 -565 -96 -257 74 -98 -233 388 545 506 110 459 348 -124 -150 488 386 332 504 130 4 -448 -413 -196 -22 686 1025 -353 504 -121 -514 555 356 216 66 -599 40 -569 209 -408 532 618 -107 549 240 270 287 148 765 -831 271 -162 -835 -436 324 554 256 -463 415 252 749 -534 -752 31 194 311 249 -178 366 -210 891 274 396 262 63 -151 -503 281 797 216 103 -108 -69 683 -723 -218 1118 167 14 -227 383 -221 -336 -438 105 -798 -890 -259 -323 462 145 336 183 -98 280 -207] 4837.42
[193 207 -419 -530 463 -198 -188 378 -172 355 354 -438 -209 157 141 448 -78 28 -493 209 122 -409 203 471 -48 -122 303 648 35 -404 169 -32 -274 436 -540 128 863 34 -379 -328 320 164 -67 131 -1234 675 -865 523 343 -418 96 996 394 -537 -601 233 -112 381 -403 843 857 -145 133 -8 -341 -3 54 -200 -337 583 -728 786 -34 -286 -557 827 -284 -282 -378 389 325 -413 735 323 -154 793 709 -926 353 -90 442 289 -1015 478 349 716 1210 168 302 -417 301 672 -7 -367 357 -152 199 381 -588 -406 74 -770 75 -175 327 390 -27 543 432 -244 -110] 5012.76
[289 -149 431 225 -200 -205 -343 -184 159 573 518 -551 121 64 89 -181 307 350 378 -531 476 279 -215 457 -462 563 90 -247 -357 653 267 989 628 447 166 285 470 607 434 86 -119 -8 290 466 -359 138 156 -165 694 720 340 -756 -385 -323 -885 -917 557 602 -156 -26 649 346 5 -147 739 562 527 -88 376 12 360 85 699 168 -991 -188 -332 -484 197 657 -180 551 122 900 -649 -609 -268 832 1262 -519 1045 -570 478 481 -29 68 -622 603 139 -337 283 -189 771 -433 364 257 172 -174 -284 448 317 -139 46 -120 -113 -1146 645 -1192 184 148 27] 5263.5
[-561 835 298 343 114 236 376 269 -547 33 382 -185 -679 695 -218 401 959 452 -110 -723 554 -820 -1188 -134 771 78 369 -339 172 316 190 1023 -754 781 -457 -275 -153 106 -1083 -185 575 -297 62 498 109 483 119 112 478 -534 307 -173 106 -330 77 -697 -59 475 939 456 -342 -158 680 839 189 536 -210 212 -1026 -55 -362 427 357 -125 -125 -131 1238 -469 -30 282 11 -50 508 65 -335 625 -420 675 573 -551 220 -183 110 -876 466 -92 763 360 -223 154 -4 124 -772 334 -269 387 493 -100 -258 -814 515 -410 -322 -136 370 193 301 215 -74 735 413] 5290.81
[847 -319 -812 462 -706 -1062 -298 -628 399 -314 -1385 369 -783 -178 376 -94 -139 -139 312 -174 478 873 -876 558 -8 309 609 171 907 -277 -369 757 159 -169 -146 -77 -491 -196 -369 117 -262 -648 -293 502 176 -67 -135 495 45 411 368 -147 -172 -440 -490 -127 145 -135 58 -572 97 -232 -378 1083 524 -134 -1181 490 619 570 -187 317 227 556 -838 -656 43 60 27 600 -124 869 87 -68 185 -147 -409 -1032 -49 -1004 288 -64 -281 25 201 383 -90 -174 3 -4 262 381 430 -945 3 -401 371 -377 833 -611 89 832 -119 131 -23 203 197 348 -875 -64 -139] 5297.7
[-263 637 -329 114 8 -41 -606 -87 -485 88 381 -460 540 -178 313 267 -45 -585 39 230 -457 162 138 29 253 348 -723 702 -258 -285 622 -431 -683 281 -959 154 210 532 -378 -78 313 -427 -17 -831 -121 -40 -353 -488 -132 127 220 261 -473 -375 -253 1085 -629 -323 -1 -142 118 274 -468 -7 -1428 -702 -28 -96 -365 373 -353 271 -557 18 315 219 -248 59 -696 -668 -64 425 -346 472 377 128 411 252 -453 338 -226 454 100 -725 105 345 42 -744 -622 -624 -920 571 416 456 -282 565 354 53 -60 73 130 145 -1112 247 493 150 -407 -62 162 -613 393] 4786.72
[-35 -165 73 146 371 40 -63 -278 -868 -248 -287 519 -462 -103 349 -317 974 288 206 255 -447 207 -579 95 453 205 -191 600 463 423 -542 703 -405 -85 -70 137 843 -404 -788 -997 77 18 -279 -389 803 251 292 393 1142 -267 -209 698 -350 180 422 -747 675 -845 291 840 32 157 1519 164 -176 459 -163 748 568 -277 -362 214 -53 -186 -384 566 -16 -230 -235 -38 285 -413 783 -298 336 125 554 -248 73 377 124 -277 -1008 321 547 -858 720 695 317 579 526 -601 -289 -68 -89 -380 343 344 -82 181 138 62 159 286 -484 249 609 291 409 -93 -72] 5093.23
[-322 242 126 -442 -318 229 166 611 -114 802 355 -643 83 118 -226 507 295 486 -45 281 61 424 560 -899 -517 -76 1065 183 -98 -318 350 -279 609 -449 86 541 879 -230 1377 231 -46 -56 533 300 58 393 205 -457 130 740 258 -802 547 776 -971 482 -95 764 -37 414 869 -110 147 -1122 43 835 263 -358 -38 -26 70 -183 -259 -207 -490 123 751 222 -473 83 109 28 376 876 -615 459 -101 -225 365 -6 1908 -776 -261 768 286 -265 344 -333 350 -347 665 -563 -268 -48 577 -549 -217 32 -1351 -451 -56 -403 -309 -123 -1038 -372 -211 257 -132 -378 725] 5632.19
[-480 519 154 -422 -793 87 385 30 -473 151 1130 -226 306 -206 -25 41 182 -315 178 71 123 -287 287 -448 324 202 382 -215 300 989 1083 290 1128 -687 -163 -331 -8 -48 -326 -664 848 264 -139 786 379 188 -833 245 -24 453 -255 -499 319 580 551 -4 401 444 578 -345 -401 -233 32 82 -53 -263 -1307 263 -499 640 360 55 -28 -885 227 904 138 81 42 -23 -471 -77 -372 -1246 -612 -39 -294 -486 424 213 1153 259 6 392 -51 -91 -175 545 -717 -49 781 -857 895 -735 91 84 -168 -865 231 48 -3 -133 490 631 -89 -90 149 -328 803 -670 86] 5338.72
[-548 107 -130 -342 -189 498 -355 -169 -887 -579 -194 659 215 200 694 280 -269 185 154 333 -255 629 468 504 -308 673 1129 -200 457 515 -71 28 654 -432 512 450 182 -136 95 319 430 -428 -209 605 130 -517 -57 166 -2 94 711 68 21 -56 326 634 339 -477 77 -239 -395 -133 356 -677 135 -309 -575 402 390 281 -1029 800 -377 227 -1116 -296 -201 -548 243 989 -308 -795 315 -294 407 75 -164 -560 -5 141 500 195 418 912 252 -669 -7 -79 62 -869 -161 -768 1001 -595 591 -64 224 216 187 239 -65 109 -442 -477 -1086 -529 -49 -803 -642 -572 -227] 5145.53
[-161 10 176 -451 1087 771 23 354 73 -219 390 -10 -250 -234 -382 -756 -204 97 -620 869 402 -526 -693 -236 -174 436 39 155 127 -457 -225 -60 -62 189 244 672 -792 -529 788 20 945 48 -895 217 -147 -433 -314 171 -31 -498 -8 54 150 686 -506 177 766 -591 397 -137 -261 -46 435 705 -386 -823 366 -493 663 -839 -85 -194 179 141 -35 61 -499 -286 321 -926 -746 -274 904 19 591 43 458 788 -450 855 -362 -462 -590 284 -20 -100 -55 199 754 -435 219 -604 -282 734 607 -193 717 -301 -687 991 -224 834 421 -398 470 55 -601 78 118 -72 -1181] 5331.38
[-220 -187 -379 12 -90 118 -249 -424 285 -377 109 -162 -74 853 97 -205 814 646 457 -18 -378 -75 -1174 -524 129 124 472 -73 648 387 417 -583 107 443 -451 786 251 -254 -320 819 -549 -431 -690 -854 -423 -49 -185 -385 -497 100 -471 19 345 -824 479 -293 -1051 767 316 -597 -282 296 249 -557 -405 -873 252 -281 126 -124 291 346 -135 -219 -276 562 720 281 223 -271 -499 451 -288 -132 637 288 -60 582 352 177 485 -522 -186 -355 -463 -645 -921 699 -97 -152 15 882 642 -1217 335 -42 -227 -20 -895 -718 432 651 423 -366 563 747 566 -403 -136 266 554] 5268.7
[114 -241 -600 570 164 -251 -54 419 658 -76 -134 1735 -353 22 -253 425 -330 233 -202 -64 432 -274 277 314 -203 53 34 241 -118 -508 190 176 -127 558 474 -111 203 516 -319 527 152 -322 -224 296 -67 -934 -40 -87 204 285 579 254 -341 -376 -487 581 335 -512 -118 388 -40 -715 -733 -289 -932 -187 159 11 287 -688 -403 -152 -12 539 -397 -1125 -1047 332 -485 326 -310 -468 446 475 123 86 -187 -323 413 80 -82 233 -88 517 -260 -252 -548 -516 -286 426 97 -875 -147 151 -311 -828 260 -256 596 274 -363 166 -1062 -348 -975 -618 -163 645 -179 -238 -565] 4943.88
[129 134 -557 602 -273 104 15 -206 -80 682 460 -489 469 -441 -803 54 226 -661 432 -424 96 60 1306 -1269 -381 83 562 -279 -36 83 355 140 606 -512 197 56 -163 653 753 -57 -107 575 -139 334 -176 -581 -449 -415 -242 271 -53 -116 -435 -27 -22 -96 118 454 -681 -712 212 16 -602 -345 398 322 56 76 -72 919 786 -177 -660 135 -344 -37 -70 -461 -237 162 -825 432 -788 304 -636 -821 -396 40 213 -473 259 -53 -176 835 -699 261 -220 -1126 -538 -1121 -431 -389 264 328 665 -368 11 522 128 261 -554 20 -96 533 -241 -63 123 -708 -147 -425 -24] 5045.36
[-344 -217 282 -450 -142 233 365 623 481 332 58 -328 223 275 141 -38 -116 126 -473 1051 -778 108 934 -353 -672 144 517 465 -388 287 499 -637 -389 53 82 367 203 156 -388 -739 273 353 146 -383 548 -222 745 197 -674 -319 351 110 -346 510 371 171 -62 -186 219 -127 -734 -724 -246 -482 -978 -150 245 -692 -178 -115 333 -116 -780 -359 -31 81 641 -395 706 -529 399 -425 -2 -1207 68 87 353 -459 -691 994 -78 -497 -209 1074 449 -195 154 169 103 -448 -17 -420 -179 689 -361 557 -381 238 325 756 -78 -1040 -470 737 229 -447 341 512 -333 533 -146] 5075.84
[597 -536 -102 759 -324 -357 -176 -437 533 786 -1053 175 -248 836 -243 -276 45 -47 337 124 135 356 80 297 142 201 -827 -583 627 -196 -175 411 201 50 493 -529 -765 -610 -328 186 54 -196 395 -433 492 415 108 -134 192 -82 -277 225 -189 599 311 246 -926 -1093 7 -361 6 214 -259 673 -542 -289 385 -634 -156 -626 371 -554 -145 84 857 -515 -389 -674 -356 -139 -252 650 517 242 -96 289 187 84 -294 -130 -277 252 603 -278 -158 -145 -105 -499 -822 -796 -219 275 383 664 -878 527 0 -160 634 -350 -386 -510 31 -345 535 147 264 -81 -513 -50 -413] 4811.25
[-220 0 -480 -444 -902 -30 374 -230 -874 325 420 259 419 -201 -15 -122 269 448 25 12 -443 178 335 -230 413 126 195 247 237 80 706 -250 -209 -458 -153 -188 -240 201 519 97 531 211 -1485 302 -278 224 285 -202 -38 251 -520 -519 -261 192 -464 489 -91 -80 549 529 292 455 -222 700 -560 117 360 -400 -349 230 274 325 -281 467 379 953 121 188 -199 632 160 678 401 -466 899 -629 -94 296 -471 546 -472 525 -13 -44 -654 125 -381 -26 71 -997 -762 54 -121 -31 544 471 285 -222 -121 497 -940 519 -721 -818 -54 858 480 190 -456 933 -21] 4906.48
[832 -1131 -1047 430 -213 -196 14 12 1627 53 -82 176 -357 -93 -160 85 -307 112 -69 497 319 -57 967 -234 -530 -614 33 383 445 -567 811 122 172 175 -323 -213 -769 391 579 16 -299 -385 -103 771 -686 105 -680 355 -345 428 621 152 83 577 -488 366 152 916 98 485 -17 -223 -434 1028 896 -267 -367 30 -461 -59 -295 -30 97 -180 -617 -587 -297 -58 1016 717 -945 450 -95 -428 19 47 -694 -1175 749 -190 308 347 134 320 -517 1207 285 210 -540 -168 356 604 0 -33 246 -1368 35 171 46 -784 -27 -114 -331 -843 194 132 -450 248 171 314 -910] 5641.43
[394 -1077 -738 -275 181 -25 926 -512 443 257 -134 652 34 -47 422 429 371 -110 -76 38 489 -789 520 608 -1058 -236 705 -870 80 554 -247 9 -264 431 592 -50 -704 -959 347 -304 -512 506 279 589 585 -112 789 774 161 225 123 474 -570 374 334 -257 129 -734 -864 598 92 -82 796 133 112 -61 680 597 328 232 -395 71 -452 -242 85 -364 63 -376 127 678 -275 -809 334 346 -728 -683 -153 -435 -497 -235 601 -27 456 680 164 98 312 -183 411 -494 700 -114 -129 230 822 -699 -195 515 -716 -85 -411 -1002 -506 136 -464 605 -297 -69 -27 551 -30] 5283.5
[461 18 -48 625 5 -829 -616 -292 387 542 67 -115 -79 -578 -457 -252 -191 -291 -188 -614 -712 -973 780 171 -4 -110 -997 7 -854 -836 186 -680 -681 135 -849 322 89 711 -74 173 -786 200 384 -287 177 36 439 -531 358 207 317 401 498 -1036 -223 -146 -704 -379 352 298 552 337 -133 674 438 814 994 -143 -103 668 288 457 539 -634 549 1 -903 -658 -677 -563 -344 82 -403 568 -1247 1277 431 470 -248 -643 -122 410 193 -500 430 659 -185 -235 -694 345 -286 493 -25 201 -284 1335 722 -710 -23 -289 619 -562 342 228 -292 -104 -931 387 -386 -1406 -137] 5895.29
[605 24 320 594 155 -81 -783 72 -236 10 96 19 690 228 -91 -126 385 -482 -10 905 -704 249 327 92 -95 -159 459 428 10 184 -159 320 -257 67 -458 23 455 455 -964 1110 -19 -985 346 -795 613 -653 -152 -1089 -255 -8 -515 -248 -258 -296 -91 -251 -376 213 547 480 -422 -241 -193 89 150 360 734 -257 524 -232 191 -121 102 -21 -55 309 658 562 -744 339 -24 -386 -625 1042 932 413 259 -120 450 200 -143 -431 -282 96 120 -1467 -284 -301 -666 233 -385 733 110 -551 16 -65 111 471 49 -1316 628 827 -774 549 525 297 216 -224 -661 -1005 202] 5332.88
[-190 -554 -45 713 391 -562 -26 -890 162 -941 -106 -293 466 -228 83 545 -269 459 278 -763 154 -254 496 72 -573 -673 -740 -719 266 426 -516 -350 -214 379 505 -604 -336 280 -234 466 -100 473 -746 1037 -42 -345 -456 -166 -796 -201 -51 -38 -271 -598 296 -219 -758 -373 -671 -668 -532 -1010 158 1018 1240 -565 -113 398 -43 26 427 291 17 -541 1029 -455 1020 224 -69 -191 -345 -396 54 77 -530 -796 -686 501 -853 -265 36 -513 392 -597 -921 212 -639 -127 -281 -429 -344 470 -271 608 293 504 122 119 -86 -167 -555 -113 209 23 712 703 -258 -631 -277 499 49] 5439.36
[-597 -309 -215 -314 555 475 346 -71 1 31 -592 -462 -273 904 183 314 -207 83 -297 -124 423 749 -538 74 94 521 211 1041 402 855 -665 399 -43 310 -473 -745 -882 -592 -924 495 918 -163 359 -534 -220 45 -522 -613 -182 -932 120 241 -397 43 -638 553 506 -55 175 99 -85 -49 -189 773 -690 -550 -1098 1089 -80 -760 -423 -924 -1 49 -798 427 314 218 -312 308 644 -446 385 1097 -18 406 129 388 -631 322 -46 -430 427 -234 -64 -451 510 -699 -560 -1362 665 189 780 1306 -464 1113 47 312 -195 -963 427 40 150 29 74 477 -5 -268 -407 456 181] 5773.55
[-606 -566 611 -33 174 1000 -267 -752 -316 154 278 759 166 -31 -32 -126 -787 -385 -196 -49 -368 -862 235 54 -55 54 389 -158 -1036 128 80 140 577 -147 650 -484 -59 317 -379 -567 -582 -112 259 85 73 -572 839 667 216 447 -275 132 754 171 166 95 325 -271 -323 346 686 174 394 -1020 242 -382 10 551 133 -525 220 117 448 -1017 96 62 528 552 -323 301 -335 -431 -46 -731 -416 -390 -100 444 129 396 -159 -270 373 -4 -419 12 59 -259 334 312 440 -9 -371 -321 462 -261 -578 -37 -473 345 193 -879 -88 -525 -184 148 -801 -171 617 311 11] 4687.15
[-32 78 583 -185 916 -9 648 -683 54 -395 -646 74 937 -1099 -94 290 -98 23 -250 -897 -473 -510 -723 150 138 572 122 528 -865 135 -418 -635 -525 1044 571 -6 128 161 -315 -478 -267 -355 -44 1165 -448 -919 453 314 -575 19 16 97 -464 -311 124 668 -374 -238 -107 418 -225 -51 -265 -760 229 -216 306 -336 -454 -79 198 -430 32 -700 1280 -525 121 -100 -390 45 -895 -177 27 37 696 -275 353 104 557 671 564 -253 881 -319 278 -231 177 147 -405 -306 544 633 -523 -199 -1 197 -433 765 79 268 -276 91 -544 502 590 -734 -51 -45 722 1390 627] 5432.34
[-934 -687 363 -313 -546 -233 -737 849 -711 -114 381 -27 -246 191 -78 -153 -553 -290 284 752 -145 264 19 164 43 -177 766 364 -107 -233 200 -591 -100 278 -733 156 316 -130 -1031 -137 -364 -60 295 -347 280 230 711 -369 118 207 -364 -511 -419 348 185 -69 285 -636 -217 1474 -64 -336 109 15 -999 -26 -293 -89 313 -28 -41 648 -593 24 -856 726 307 98 697 226 373 784 -382 -78 -884 219 -267 -118 -281 -254 -66 228 260 92 651 -304 -72 128 722 33 -248 1012 401 43 -197 -104 -504 23 36 178 175 -84 -44 -109 -374 -3 1598 218 -539 -530 275] 4997.44
[-376 -1212 -551 249 -671 -571 737 -4 466 -443 -334 606 -332 -393 -366 -445 473 407 -323 -547 195 458 -715 -745 100 386 -177 294 -86 112 131 449 -731 500 -127 -73 -604 293 275 -1335 885 -331 340 170 -488 268 -210 63 315 1164 197 611 -348 -690 -128 -126 694 -152 -237 168 -71 138 -36 261 1063 235 -232 378 -297 1008 610 13 554 543 559 690 370 -20 -8 -19 -492 490 -393 -184 925 -124 90 -341 244 303 712 -376 -604 601 -1339 20 -204 -299 15 397 762 -721 392 -1025 -300 745 -105 245 231 607 430 678 466 -571 -13 810 378 459 753 -131 271] 5572.5
[394 -1119 -383 -890 293 233 -190 204 623 -399 338 381 -463 1 317 110 -254 -606 -516 247 397 -447 -306 -141 -508 -477 1432 1 -237 -35 -618 -332 23 -100 524 51 237 -228 541 760 197 -247 -542 -252 555 -208 528 -406 -590 -62 242 -251 305 -1141 234 -511 -484 -668 -201 1168 287 255 52 -123 364 -4 56 520 661 151 341 -344 -382 35 -379 516 1077 97 -303 209 -60 -72 -301 -242 -833 -78 -297 -354 -465 -825 -1141 335 -459 162 -103 -266 -362 501 229 938 -359 77 124 36 393 519 -200 -302 144 -293 -43 -172 897 -287 345 337 747 20 36 1001 -522] 5171.24
[-157 -189 647 750 157 526 119 -149 -1142 -98 1290 -408 747 -278 -465 -33 65 -766 149 529 176 -657 736 125 953 -505 -367 292 -777 -713 787 -370 39 216 -20 291 -210 60 89 -824 685 -114 568 79 -735 -247 408 72 643 -1012 -440 -261 -334 433 -408 603 -84 -778 -405 700 91 -52 273 46 -888 259 566 -778 -874 -251 -419 -98 -656 -258 414 90 456 371 -116 -431 -116 838 -685 867 -52 185 769 -675 49 445 517 204 -128 188 -328 215 356 -38 622 -496 358 580 145 760 99 160 768 865 -288 -562 -163 -313 -332 283 293 370 239 19 -261 -71 242] 5380.34
[474 -1147 510 -181 -191 476 -69 -346 -59 -270 -357 574 1108 -433 -198 -569 -326 595 136 321 442 -807 -180 -173 -407 -1003 -298 -566 542 401 88 -337 186 -440 208 162 1277 -105 769 -540 -742 -107 -225 499 220 -485 -218 471 901 736 164 -378 853 915 183 -9 -733 -702 1079 40 765 379 264 87 -115 -206 -196 212 371 -483 265 -212 578 -446 804 -918 536 113 533 199 -49 -249 62 -324 -87 -227 -723 -524 -24 273 -59 274 425 -660 444 -310 424 628 -17 929 -60 -825 266 187 885 -535 110 -109 90 63 -522 782 -310 -455 -485 453 402 -82 36 138 519] 5415.04
[-562 -45 -346 -11 -141 94 333 129 928 566 74 283 -858 247 433 168 60 -212 -5 -1170 -830 -197 -587 -271 142 -341 197 365 20 341 180 -844 -104 150 -111 -398 188 -542 184 -697 -65 -642 -818 -1131 -388 -597 -400 -735 420 352 680 -135 -88 -653 195 -692 235 -207 -321 345 -1029 -353 128 955 -81 365 571 -745 -524 529 65 232 -1070 1044 -52 524 579 191 -306 -501 -18 729 1 760 268 -367 551 34 149 -131 -159 -36 -56 384 -377 -813 -137 -663 1116 296 713 974 245 355 718 924 -379 163 28 514 -94 529 -234 137 183 409 416 576 310 -153 380] 5428.48
[236 208 -135 30 524 272 -274 141 -664 428 -15 592 329 -460 68 1167 -75 55 -394 501 286 507 945 864 -714 115 -2 -406 -97 243 -901 6 222 21 135 -185 356 -171 325 211 -435 468 115 458 232 129 -28 -955 -248 480 202 -355 -710 723 223 73 126 -166 -314 84 1 -481 -236 -734 -251 71 11 -709 1081 -701 -591 -703 -236 735 -88 -881 -764 1 738 142 -16 -647 -188 711 -200 -11 -78 -365 -143 -946 -853 313 644 429 73 -464 286 -187 155 -1024 -344 -453 -440 570 341 -450 -30 443 -585 671 225 -392 -756 437 -421 -232 -200 -565 56 -728 -387] 5157.94
[189 -439 506 -396 1201 904 810 -440 472 189 -178 426 63 -213 -634 -739 596 -771 -296 -243 531 -729 -203 -97 -264 50 -151 -337 64 -526 124 371 -858 297 -678 -307 -155 -120 -374 -1107 -164 511 329 -652 300 106 570 -353 342 -475 112 -178 -106 0 -204 -240 -252 -731 464 -239 411 -421 -202 -662 -888 -163 91 -34 -220 -103 -1147 -313 -717 -274 313 16 128 702 660 -514 -544 232 192 -127 456 69 -52 273 -360 780 -693 -219 -30 -482 1 -536 -524 -678 -359 -94 13 313 189 1213 1276 -98 -69 525 260 550 157 -250 -365 51 104 -86 83 426 508 609 397] 5179.17
[854 398 -407 120 457 -117 539 -28 -519 293 577 -201 294 393 68 307 -607 684 412 282 -606 -211 -134 120 -295 -203 -280 -1068 -70 572 112 53 -31 -882 -323 356 552 211 -228 134 -274 530 -536 -281 -106 -178 -266 -541 67 -593 -911 408 174 864 444 -336 -716 -321 663 -563 47 -320 397 358 1110 473 -406 123 228 1044 289 -415 58 61 275 -283 358 -1134 403 496 566 311 -67 -47 -10 479 171 -395 -407 -265 259 -651 205 -743 -13 -16 -457 675 -157 -461 -605 880 186 -158 420 793 406 -96 -714 -646 133 -198 117 -275 503 577 -751 -435 224 578 -99] 5069.52
[-61 953 -421 -921 -354 942 579 686 73 -185 375 -49 135 111 120 524 608 197 -696 -24 0 154 -345 -278 128 -31 480 425 331 62 359 412 -164 301 33 115 -287 73 -145 535 32 106 23 408 -416 460 -692 853 -451 124 310 -450 588 38 -237 467 642 1359 -229 -26 -39 -285 140 -246 494 -39 -438 666 -810 67 236 -304 -233 -496 94 -319 420 1407 -368 241 447 -703 69 -547 -51 -280 -335 -653 -316 70 289 -118 -256 252 286 333 276 -72 -807 44 165 -690 -465 439 516 -799 -522 605 -394 -361 62 976 -3 152 -217 554 -328 297 448 63 345] 4903.38
[301 -262 -1071 140 -35 69 -424 -274 -5 -200 -938 540 545 34 -398 575 -366 -420 434 353 611 39 589 -217 -292 -220 137 786 676 98 263 -403 -64 575 575 -824 451 18 543 202 -53 -426 -906 421 581 716 -259 -950 302 -270 600 -603 289 -538 -295 113 -206 640 -48 -288 569 -557 279 -356 -622 53 319 1102 121 -563 -340 431 71 -319 201 534 261 146 -1289 -558 -293 -365 322 -607 -41 -396 166 -323 408 475 -804 1360 -172 801 -64 -178 562 -399 778 46 -356 0 262 803 21 154 686 -499 72 -252 -843 188 -182 897 438 -438 343 -866 163 315 -124] 5402.74
[1005 -139 -632 660 -232 179 -635 -582 276 640 -873 106 66 -107 -500 137 188 -224 247 430 15 -3 -892 33 -56 96 -28 275 179 291 -155 -73 -517 -144 -42 850 -12 142 -130 173 17 850 -586 -5 17 -32 -440 730 -327 437 -620 -369 -1085 -1237 286 -896 -327 -239 -1268 127 340 872 201 -33 -84 464 1044 -38 -80 -308 657 1167 473 950 332 -429 259 64 28 -51 183 117 -227 18 3 502 -375 670 -170 -975 -907 -390 -123 -123 221 239 -560 -360 -514 -435 -179 237 -581 -406 -178 -573 112 -480 278 -409 6 684 155 -341 196 683 -161 -214 428 -884 -236] 5278.55
[-407 -380 -8 -444 341 586 98 1034 -522 138 -88 210 -420 -181 288 1036 312 855 32 30 -298 719 175 627 104 -836 -3 39 -788 52 420 -240 -522 -122 -48 756 -388 665 959 1047 -280 -106 -384 -41 721 -234 355 -403 446 -490 -573 -82 112 -114 -71 298 317 624 -171 134 -203 -43 -553 -404 -102 421 -234 1174 -432 -332 -181 -311 -213 138 -654 -408 525 -300 -771 467 434 -430 1961 372 -402 953 -49 801 -292 619 49 -160 251 287 -596 -402 391 -157 -77 245 -136 -406 -1315 403 -116 -468 -261 -2 -488 108 34 -972 -675 -393 -544 -32 -904 -271 -923 -47 -327] 5602.17
[-582 155 962 -27 602 141 -396 226 33 83 179 -600 -409 874 515 411 -83 -481 205 -826 740 -132 256 -20 407 -274 -544 72 467 -823 571 229 49 561 688 113 173 55 1097 954 -311 -661 431 -236 -10 350 375 251 818 -622 -285 -367 543 245 208 -519 -592 164 1028 213 -58 701 332 102 -234 485 209 -32 -150 -295 123 -321 -199 -57 -232 -494 585 -591 -326 77 -226 -168 508 -367 -1199 166 -944 790 -197 -47 -371 163 -324 -167 -269 -566 570 -17 137 -196 32 488 152 1049 -397 216 -365 -150 153 485 484 -150 397 13 72 -475 -308 -640 248 358 -826] 5041.28
[494 160 -601 434 -256 -435 -894 -576 141 -108 12 314 420 172 -49 -14 -536 80 478 255 -260 -125 -207 338 -348 316 -30 70 837 163 -327 -832 521 316 686 48 940 -218 -167 407 263 -234 -404 -309 -162 -1 225 -602 -485 115 71 -103 103 302 121 146 -1097 -267 -62 643 -363 -209 359 201 -519 196 1147 -1515 399 -57 -243 35 -721 -129 -37 97 -109 189 -83 433 -251 439 -263 -228 1139 305 187 -307 110 -392 -732 650 -207 -275 233 -654 -815 -414 144 -404 -580 1388 538 -327 -33 486 -598 -251 316 114 -65 455 -452 -187 154 101 16 245 -32 -331 183] 4903.44
[-378 149 -350 -460 77 265 8 168 -611 398 169 472 -709 -265 -1063 -270 271 -19 -27 -347 889 -281 825 -511 519 -606 250 -418 -915 103 -504 433 -517 -299 49 -979 71 -306 -60 -817 116 -442 690 128 -106 409 -458 949 -183 372 -236 735 -695 -962 355 67 357 -839 -1591 438 -33 168 517 -241 -235 -2 -38 648 -363 564 509 92 -599 -162 312 -248 -114 -245 -745 125 -540 256 -352 840 -501 -415 80 -247 -451 -236 543 -724 23 610 -552 155 722 141 86 761 483 -56 -28 -368 384 -1194 701 552 -425 -324 272 -669 -87 -568 -436 200 411 -131 -277 -34 -716] 5429.26
[447 -223 125 -378 -417 222 68 -479 -57 -51 -138 -433 -175 278 -434 350 -309 -431 -204 456 435 -535 8 -447 255 314 796 411 -479 -106 458 -314 -388 -862 -16 60 317 -42 38 -114 150 161 922 391 -432 447 -75 930 525 556 -516 236 152 -402 -468 658 506 363 -159 -217 -950 641 -699 320 168 -369 37 255 -369 275 -258 -1120 201 -339 -134 169 -907 -105 -283 715 -65 -134 -536 -494 -224 251 -535 -866 267 225 207 19 -393 163 679 1231 742 -108 -294 -310 -140 481 80 -236 -171 -387 -527 -381 -540 -220 483 -178 112 138 277 590 -455 113 390 218 405] 4729.54
[120 487 50 1527 73 -3 -509 -345 277 -359 12 -469 -89 826 -467 -341 66 997 68 807 173 -300 -824 262 -405 -449 -299 -204 19 620 48 97 13 1161 -60 389 265 64 -870 -7 1091 -361 736 -466 -127 -559 -793 -498 -570 443 -130 -7 250 117 -276 -147 247 233 528 -470 -1048 -62 63 847 276 -48 642 -58 214 188 756 -248 122 22 386 516 -171 -529 130 -20 455 619 420 544 -476 -308 376 -864 -541 -202 553 -645 -82 147 38 498 -119 759 -693 470 -475 548 4 -632 100 -48 36 -377 -180 -571 203 265 -704 -163 1392 371 70 229 23 330 14] 5270.78
[-326 744 -585 115 -401 -248 -466 11 -1382 -325 -441 -735 -42 -15 556 -385 349 284 421 791 -501 967 -154 541 170 222 -589 -117 637 142 -407 17 -158 -385 -23 -412 -260 -772 -109 -157 460 488 406 -161 -351 1195 -175 -106 -785 29 -658 -810 -215 1182 267 361 525 -200 689 351 -390 -260 684 500 -262 656 -874 -602 343 -743 -661 -52 -78 481 -15 817 -164 108 478 250 712 260 191 257 977 500 -118 -68 325 -201 -86 308 493 -298 -109 -507 145 38 -67 -654 221 444 132 708 -671 692 -53 7 312 21 -333 365 147 290 -700 606 172 182 -77 -77 631] 5227.78
[-605 600 327 -54 -413 -192 -208 325 245 -219 -377 456 -795 724 -122 629 517 -5 -792 -233 -272 -22 55 284 -189 -308 -398 556 219 329 -396 546 -402 96 42 138 251 201 -1595 473 439 474 -300 -1195 346 256 -746 -496 499 684 97 1026 -459 -1050 -703 -362 -239 -288 -294 616 -684 363 -828 858 -437 -150 -78 462 -615 318 -1567 40 51 349 -563 1092 -69 179 -408 304 -334 428 235 660 355 -295 -436 -97 53 -91 233 -735 -144 270 505 252 371 -1007 -253 -467 -226 1003 443 262 194 -911 -257 599 -146 -772 405 -86 -605 -638 46 207 -1205 -642 183 -192 405] 5756.06
[-193 -892 -720 78 -194 398 285 820 954 859 773 -78 60 -523 131 532 -366 43 153 141 118 -241 226 147 -169 528 290 221 -1093 -304 218 -520 649 609 163 427 188 -106 1079 -251 -319 551 255 105 571 -660 0 -30 165 -428 115 207 84 -283 -401 -625 4 273 -1409 78 -414 -693 -678 -866 -176 -343 526 423 431 154 -392 -576 -822 350 -1095 1071 183 -77 -199 229 -777 233 962 -20 -659 -559 891 79 -685 249 391 -577 -230 1275 -507 191 302 292 739 -17 -119 -85 -432 -19 338 -42 66 -155 -578 980 -492 -926 194 561 1142 -286 577 389 396 352 -240] 5708
[-599 -376 577 -107 166 43 581 -41 190 -638 -437 124 244 -1324 32 -72 290 69 -297 -716 -152 -76 -348 172 -236 23 -740 -202 -138 -167 258 -11 262 -295 438 -886 -373 108 -378 -447 508 22 126 819 229 -487 -358 344 -355 181 85 752 -232 83 -174 540 -766 -429 -636 202 717 -586 -525 -161 102 377 -362 -671 -400 -522 -420 432 251 -650 320 61 637 926 19 1041 75 310 482 -959 48 1058 -681 -32 -42 370 -208 250 -2 -1132 133 -178 -419 259 140 836 322 -403 162 -299 -410 -334 670 -10 1061 25 71 -1330 -108 32 -48 233 372 750 648 504 -221] 5220.52
[-667 257 348 175 -538 215 6 -759 -190 -199 -127 -48 -673 1077 285 1023 330 -76 -4 331 -10 206 -483 -262 -23 -227 108 -295 327 484 -591 -449 -83 94 -387 -225 -214 -47 -437 420 516 -217 137 -376 -230 66 101 97 -141 -51 -382 16 236 -569 54 -727 299 -256 137 739 -513 1306 142 220 -499 -336 589 132 -106 543 -1076 427 360 322 -138 123 107 290 536 -428 -138 55 496 648 41 -634 -86 179 -820 -439 -292 313 175 -1109 55 1014 315 -48 514 -417 -414 -430 -273 -459 421 -725 -164 289 -1026 -280 102 960 -669 -506 -435 594 -204 -597 -40 -434 1037] 5067.83
[-415 49 -587 -356 -132 97 -43 -626 -493 323 1199 -674 168 133 192 -402 1119 -58 -495 230 5 -881 -235 -35 359 -197 1402 -652 -277 725 280 -235 -122 290 -160 -265 43 85 215 132 655 254 72 -238 -30 460 368 -163 -596 -315 -352 -521 20 -135 -324 -866 359 530 230 746 -480 -117 704 -443 -146 -165 723 -413 -528 91 295 -462 -330 -144 29 631 1546 176 331 354 -293 -798 274 131 -362 -4 235 255 -136 -68 -361 -221 -218 953 39 114 -221 832 -501 -591 -301 640 75 497 187 -156 122 -84 -314 -72 69 164 -147 923 326 449 387 180 137 513 494] 5005.96
[341 16 107 -390 -366 414 -459 -80 -676 399 554 508 163 -373 -476 -140 -264 -370 601 737 76 -418 1229 -519 -495 -47 470 -316 243 132 -1030 586 19 -436 -1411 -749 1225 911 -836 -398 -564 -86 1093 -1098 270 228 605 -651 325 -392 -114 -706 20 -107 167 -980 -892 -364 1124 750 378 217 -206 -787 -374 -188 -292 905 -134 -16 -1103 -76 530 -284 61 23 83 806 -135 6 253 127 -713 112 -1162 -330 -12 -140 298 -272 13 -319 85 -389 767 -637 -57 761 360 470 -792 -446 844 -803 645 149 169 583 -1030 330 491 38 -468 -188 -268 -15 170 476 -308 -78 500] 5965.65
[-383 -488 317 753 -45 -52 -96 -734 -43 -491 60 273 -43 -306 -204 -1192 -101 -176 -587 403 -1078 -876 -887 -360 214 420 -283 365 -538 234 284 450 298 1239 257 193 231 658 -463 122 531 -930 -158 -925 -75 -288 816 -1136 -399 -357 331 -1050 73 133 -175 -116 457 -722 792 415 76 -546 539 -252 550 -241 20 355 109 -101 -157 -420 703 927 -11 111 242 38 463 -629 -47 135 -560 -204 -492 35 -160 305 651 149 -632 431 -1048 -457 221 -608 -964 367 -332 193 -1296 935 682 225 118 -219 68 -168 502 -276 -337 4 -247 495 -382 445 247 -77 488 665 100] 5538.48
[146 8 11 -297 -158 227 -582 245 484 167 -204 161 940 -229 -1116 -429 -695 832 447 -290 226 -571 499 -131 -326 -456 -386 -218 -231 -21 -544 -142 392 478 -1186 -217 274 44 -586 -311 -627 123 668 -625 250 -315 -95 49 -42 908 -198 -288 -40 -26 -434 -215 -1084 -750 520 139 958 12 -528 -495 -303 -244 336 626 -228 240 -318 -197 -303 -121 393 -60 -63 98 401 -86 633 -339 -286 309 -800 122 63 -134 -934 174 -781 -408 173 -381 793 -350 -145 9 -191 607 -871 -122 642 751 756 72 -207 217 -488 -210 -464 -57 -565 64 10 547 231 143 -227 536 479] 4962.22
[130 190 -291 -760 -37 -306 492 414 201 204 395 -296 -191 187 -263 218 173 -974 -162 -300 646 -140 529 -560 705 -160 368 412 -155 -63 980 79 -323 -735 -528 -1 -324 1023 854 242 -732 22 -267 -329 91 805 163 -240 1060 -565 174 178 658 -627 -270 -631 190 182 331 387 288 786 -250 380 -233 -45 -28 910 -89 990 -33 -311 349 -711 -243 -224 84 -511 -602 -301 -161 572 -922 -453 -391 470 -25 -172 -153 -421 -793 372 -614 111 475 521 268 280 -589 832 -149 -175 606 265 231 -264 731 -167 274 -89 891 546 1148 147 46 -649 418 -333 -547 -1183 -300] 5339.93
[867 388 160 -529 -215 -53 -606 -799 -433 -552 -398 -1197 470 -340 476 -192 341 -517 505 56 764 803 528 547 -1038 -311 -234 -307 493 898 -155 -183 -187 -288 -214 -283 423 -106 168 4 333 468 90 695 103 155 -98 680 37 -465 -822 -349 280 439 512 452 -380 928 302 -370 -330 538 -453 -143 286 496 360 24 -400 685 509 -91 -447 -462 76 156 772 529 -314 881 174 1143 -11 -741 700 205 -95 -325 -317 99 222 59 750 -19 -154 242 -54 342 69 571 115 467 -564 -966 -333 494 -116 524 -368 -92 149 521 -117 14 581 -522 -183 -947 -20 -213 136] 5171.64
[-386 -205 -141 -54 463 -292 -99 945 477 -337 660 724 -115 -282 -537 175 26 297 128 -620 181 -660 -237 -386 11 -270 -714 -175 -103 53 -338 33 232 -381 -466 358 257 -328 -224 -179 -1026 -759 26 359 -475 -202 -333 366 -64 382 244 750 -357 637 10 -152 215 -661 -483 -566 578 -494 546 -165 380 -158 -105 281 498 209 1115 -196 599 353 -153 59 69 -138 -227 363 -254 -728 -414 -194 -322 -235 211 7 -848 -624 -171 -448 -176 32 -150 -458 -385 309 86 474 944 -380 519 -185 37 12 703 580 441 -121 855 -428 636 -17 -532 -233 -122 426 225 -21 -644] 4659.09
[406 -533 -936 967 477 752 -11 244 111 -15 470 438 -38 -156 -112 239 -400 42 540 420 -559 -471 -145 -1313 91 -2 145 316 192 -638 342 -402 887 114 438 802 -516 442 108 -187 -556 435 647 -333 -959 -769 84 -168 -48 -122 444 -319 -199 691 407 23 -361 598 240 -144 -236 -159 413 -250 299 -403 281 -320 -44 389 829 287 183 -945 -123 -70 -426 90 829 -162 362 1071 -257 -1042 -673 137 -686 -326 616 -63 81 -91 -574 -61 -726 81 -463 346 284 -653 -63 -259 -314 636 135 -635 -314 274 -740 755 -106 165 -280 -104 -382 30 -27 585 201 236 -188] 5081.07
[641 215 124 -378 77 36 460 -469 207 -3 -7 146 333 66 158 -618 -119 546 -1059 -717 514 -234 -97 -435 228 651 238 200 357 422 -862 -95 -39 400 524 319 -463 -240 385 10 1340 308 715 -621 290 678 85 -133 -1032 153 156 1129 -647 -1345 562 -69 -342 -223 -1041 3 -383 93 750 -581 -749 347 1198 -996 623 -60 -60 689 -33 284 -163 -159 -190 -468 -501 116 -835 -794 -491 134 372 908 281 172 -310 633 -696 176 219 -34 -212 -724 -586 43 -589 200 185 -24 206 -41 356 413 476 -52 -223 -266 -275 -523 544 -446 373 -17 -222 23 250 428 -908] 5456.51
