[350 294 -92 -274 28 -397 389 -117 -129 -330 553 303 -461 52 304 -201 -194 1 249 214 -222 8 304 171 318 158 126 566 678 -606 -145 -167 -303 -132 -108 -61 -35 -372 18 466 551 121 -35 159 206 144 341 330 -321 211 352 205 -35 240 25 -343 305 -298 -170 -119 -382 -240 234 -205 577 362 495 191 -355 424 54 207 207 -539 -55 66 -245 522 -349 219 89 -14 282 -84 -186 323 276 46 697 328 63 154 -38 82 -173 -234 -199 497 -306 -19 210 192 33 421 11 264 158 -205 -71 -104 187 -387 197 553 -276 208 155 481 175 307 111] 3173.66
[187 -996 162 -550 360 430 -205 140 -53 -534 -69 10 327 -335 87 -353 -229 -361 -453 -81 332 176 -141 145 -297 134 -495 -83 451 167 -130 324 -154 345 84 -240 -191 -96 356 399 -78 -177 -62 84 175 196 22 187 350 -102 -334 -571 173 37 69 -28 168 304 -127 265 -202 187 541 568 58 -279 -293 -282 189 -215 211 294 226 290 177 63 -91 -227 204 -372 40 570 117 -469 -148 435 -261 153 376 -473 -257 86 -123 -188 344 22 34 122 50 -30 -132 -386 -217 -298 47 -198 -314 -84 625 -209 -571 -161 -340 -459 -491 96 -734 142 -73 -30 118] 3257.65
[39 -696 -158 -146 35 -126 -195 165 103 -933 -391 328 184 -86 55 -178 -350 -348 105 -242 538 -78 -190 281 159 85 -80 -94 -119 497 386 -170 -28 450 -113 -269 -377 -281 -139 61 -345 -582 -377 148 -2 206 -477 311 419 -551 -420 -546 552 85 -38 165 369 488 -132 407 562 153 -269 631 105 -76 181 36 561 -413 -207 18 479 229 -100 484 -171 -403 -628 -198 -53 -373 200 210 206 266 52 -237 -123 -105 -39 455 179 279 -17 38 118 215 -117 432 332 -824 307 -406 -22 -116 -410 -154 18 295 -76 140 -473 173 -194 456 -122 427 190 78 -99] 3475.04
[33 -123 -335 -350 -440 675 496 302 -576 -141 -13 -539 6 384 -41 -217 205 -18 -341 -516 -100 -68 2 -409 -105 790 -506 -307 245 302 40 185 -92 -17 174 -62 -245 -179 483 321 234 159 317 113 -670 207 1 -276 294 412 40 207 -164 249 354 -44 256 -391 -475 -398 -208 -20 -58 169 73 -100 -495 -172 -3 256 -5 -167 -526 52 -28 298 -151 353 -109 415 736 338 -691 -19 -315 -676 162 -15 39 -283 -118 -24 46 -101 -392 -14 -7 134 -188 -206 159 246 -204 -159 314 -272 -574 -237 361 -103 -365 -323 228 -190 160 -332 -170 180 -292 304 -173] 3320.12
[54 509 51 119 17 55 -441 -17 276 109 250 176 135 35 397 -177 7 173 331 -119 -748 103 636 -168 283 -287 100 -174 -847 408 -130 -210 396 63 -587 399 -389 346 -138 168 69 48 -532 -429 -123 -501 -167 -41 -320 -228 -211 -21 -66 -11 -841 321 -382 -376 -35 133 219 -323 237 -846 -636 -238 208 55 -84 280 -41 -110 11 -77 -99 72 452 120 81 -570 -30 -63 32 229 189 -105 -74 441 -210 -270 -202 -142 -565 -157 226 413 -335 116 337 179 -74 354 -192 285 306 -48 -195 310 -417 278 452 77 288 720 48 229 93 -685 62 174 77] 3432.23
[-12 49 673 422 -157 -281 79 232 -215 552 -113 -254 -520 -262 -310 547 -99 155 257 25 -52 -328 -191 178 -144 -44 -281 -93 395 -123 -523 -91 311 -15 -25 -118 449 -391 206 -702 -248 304 280 80 -518 253 615 -1 281 -149 -270 62 58 143 -81 -71 -586 -267 -78 349 52 304 -382 330 389 152 -264 117 -377 912 206 233 -210 50 -182 -313 -44 320 320 534 -152 -20 96 155 82 -605 -202 91 -196 -114 -846 42 133 63 -135 -590 147 -398 59 131 131 -221 -262 -308 -170 122 -174 138 391 -200 -98 -189 -113 -433 -101 -213 -396 306 -249 -39 217] 3296.99
[64 -352 151 -70 583 171 395 -128 -331 -69 -346 -406 212 -146 -18 -747 149 337 -291 -64 -231 169 300 -36 -273 214 -237 -83 -229 727 -10 -122 447 -9 -115 228 -254 158 221 -510 270 189 -63 175 -401 208 -144 -154 163 61 288 185 -39 661 70 -402 127 -150 -276 -18 285 182 -62 26 -340 36 -49 -526 -258 417 -311 182 206 356 -261 -304 -414 559 -41 405 206 13 -136 286 -642 121 -77 395 -137 -204 -177 -77 -138 -187 -406 -182 -141 -60 252 -405 104 -478 -738 310 433 -174 -513 174 -8 -369 237 -481 166 144 -148 -127 -203 -325 -170 243 -1106] 3372.93
[-206 59 -252 -547 431 -149 1077 -442 -647 -394 596 -142 -367 -142 182 -671 403 232 -489 14 -186 459 604 -19 -106 86 -338 -315 1004 71 124 502 -50 284 29 323 -490 105 389 132 878 -69 -96 -114 24 -285 189 -348 -247 631 95 17 -51 308 139 192 286 -379 -69 -288 -184 8 150 615 268 66 531 -166 -425 381 321 -162 215 666 -174 -254 -327 688 158 208 251 870 149 -418 -274 318 313 451 608 -344 546 -493 -356 -166 213 104 -281 37 107 0 -96 197 -234 211 539 305 -186 -193 152 -471 641 32 197 -105 -136 232 -300 116 169 -234 -594] 3996.68
[31 205 256 122 -352 861 -619 385 -438 -119 -370 -388 116 117 19 93 -420 -213 -182 -123 -157 -58 211 -28 153 458 -468 -903 -30 -343 220 102 -199 -168 116 -321 -74 -120 218 484 -374 78 793 25 -91 86 242 412 259 20 40 -236 -105 412 372 303 106 -37 -371 -407 -154 82 -80 467 -134 -508 -746 136 285 -502 511 198 -706 -222 172 -95 -62 -604 379 387 -160 199 -78 225 -454 -481 535 -410 -61 80 -208 -39 151 186 -45 -379 811 -416 -428 -183 395 17 32 -427 0 0 140 -312 1155 239 -425 184 -25 -759 143 -794 215 216 -313 -301 690] 3943.27
[38 -585 -158 -522 158 234 130 -44 264 -515 -148 -99 -187 -211 -69 19 108 256 171 -8 -39 -263 69 -129 -288 -131 -461 168 -254 601 -152 208 339 -166 -298 121 -529 233 472 332 -177 41 -140 -161 -784 -269 -130 -14 299 -622 -432 135 60 180 -515 64 -76 -871 -290 -188 -4 -50 23 91 -140 -342 544 -316 -478 793 51 -424 251 583 -609 -317 62 317 -428 334 34 -97 126 -350 74 67 -108 443 179 -1223 26 -338 -478 530 95 -428 -359 1 108 70 589 -209 -229 -25 250 152 -856 134 -79 -410 636 -845 -160 93 271 885 -555 186 43 378 -377] 3949.05
[-58 366 -256 -45 212 -222 -216 -269 -214 -11 993 570 -70 -540 -163 188 42 248 -552 -345 208 -143 426 258 -139 -158 -118 157 785 -38 145 90 -444 458 242 846 390 64 321 -358 -18 -108 147 -313 741 -143 786 5 -244 678 56 -310 -390 -548 235 83 -152 633 346 -1 -414 -337 -125 -22 311 -204 -188 433 -201 212 375 842 150 8 439 -454 75 160 510 420 -99 200 392 -216 146 505 -150 -180 181 194 -125 194 334 -451 662 135 33 -286 -85 -365 -275 83 131 -441 -255 87 752 76 201 -6 93 12 -32 -673 -304 395 227 123 83 -284 224] 3782.31
[-239 404 206 229 123 -480 -2 253 -381 312 -361 321 -226 -60 -80 501 805 400 849 -17 -423 -218 -451 -3 -414 127 480 150 -616 -198 -120 -901 -65 -382 356 -71 262 447 -649 -784 145 252 -348 508 173 293 -434 136 -169 373 515 387 -61 65 221 -455 -155 347 280 -154 -150 -32 581 -328 -271 -176 371 -124 132 -161 -707 14 260 -215 -181 -167 -109 -20 96 -383 -78 -218 152 72 -285 -279 -239 407 -599 724 75 92 312 398 -151 -144 -175 -215 123 -129 -105 81 317 457 -236 -309 274 459 -308 148 -468 104 137 282 -259 -899 413 -260 -381 306 -256] 3811.82
[-120 667 -314 180 -80 -903 786 6 251 8 833 4 -432 -117 -423 188 954 -15 -179 412 -748 -237 378 213 36 -75 688 406 526 411 45 148 240 337 499 298 678 207 135 -945 -179 320 -493 -313 513 -516 320 -613 -1118 223 415 529 -8 -58 111 -350 -661 315 47 328 18 36 142 102 302 327 167 -65 -707 686 -164 349 215 619 54 -499 -300 618 474 357 -116 178 440 101 443 341 -271 294 599 141 -243 -81 -1 -451 -91 177 -286 -487 539 -121 -696 451 -366 613 -150 319 190 266 -646 -555 487 4 228 -51 308 -232 57 -579 -51 -9 -750] 4537.81
[-117 148 36 282 42 694 -655 376 -257 -600 -271 -49 536 41 49 -261 551 -221 74 -59 -720 -378 285 463 145 755 44 -774 -623 687 689 -553 117 223 463 390 -217 608 -194 289 -667 -242 -962 -556 -239 224 -329 669 -178 23 113 186 414 629 304 -174 106 373 -152 152 322 -105 162 -192 -593 -162 -146 191 792 -697 -771 476 498 72 329 420 1 -765 391 -128 246 -585 -276 387 -299 -37 389 -235 -109 475 140 323 -202 -169 159 294 209 165 -955 12 -139 237 260 -19 148 -406 -66 534 -312 916 -527 325 -54 -209 -57 -792 351 -438 -384 184 -217] 4468.66
[64 -351 -707 -414 -511 717 -529 294 129 -733 -58 264 -119 -353 -372 400 61 -33 -663 -715 -118 -459 164 421 -339 390 -326 85 68 879 0 526 -483 343 51 234 72 425 421 691 -675 -366 -134 36 -180 -333 -438 -168 160 -234 -514 -321 -354 115 29 120 27 -85 -14 159 97 -373 196 -87 -553 -563 -280 279 265 460 381 -194 -503 786 -116 109 394 -562 -266 12 381 338 27 -143 352 -519 -491 353 130 -394 -314 622 -81 -39 17 -385 -59 27 407 -164 45 45 328 -456 -13 -706 -709 -881 90 -19 -921 -845 -218 -580 98 100 314 -73 -7 857 344] 4316.67
[746 102 189 -244 289 182 29 -79 -883 92 382 295 -559 -1 -205 -712 -273 535 -140 -104 -284 -295 600 -85 -22 591 -696 -328 803 686 -188 -113 -599 413 -216 287 -265 -61 531 122 175 1 -9 68 -105 191 -240 -215 506 -120 77 -72 -812 297 127 -94 -81 228 7 225 -76 131 335 -179 343 194 -402 -52 -192 577 610 271 -221 408 246 -283 230 961 244 -183 344 905 93 -26 -451 140 -93 232 44 -44 -875 352 -640 -422 -387 165 237 489 203 -297 -251 -490 -79 -3 431 -262 -303 -357 932 78 -383 -373 490 -311 -586 -302 -237 490 -311 -53 -331] 4164.34
[-387 -484 19 464 266 243 -71 -495 -128 820 -628 -206 -273 247 -953 684 -282 -119 -216 -11 283 195 -481 -261 -739 42 177 -304 -293 -230 -238 -293 249 -662 -85 -547 -157 310 -429 -487 68 107 390 296 -445 484 -657 -316 361 466 85 384 -462 452 112 -10 310 241 313 -92 -199 429 237 -133 -526 -225 181 -161 -239 355 -224 -556 -471 462 136 -360 299 -136 -13 -299 -542 328 -597 -242 -57 -375 -346 497 -770 -18 -428 -91 -418 56 -312 -1 223 -340 319 -113 -531 -242 81 316 672 278 -295 94 304 -235 -108 432 -151 -103 409 -520 -376 -49 -64 1 -258] 3957.99
[303 2 72 188 -570 208 389 674 -144 -381 -509 -164 -458 -92 215 -346 -83 -529 596 -448 -293 -86 -174 127 772 381 291 -116 430 300 -26 73 449 109 480 -257 99 -1142 -70 356 304 83 51 261 -196 221 112 294 -204 -499 -103 288 1610 105 377 -553 -295 -325 -802 21 598 476 -267 730 216 448 -243 -180 -127 267 -136 154 199 -146 192 612 -1001 190 10 544 204 -537 200 319 -20 -83 584 -65 274 161 -374 146 444 147 -681 -459 -161 518 -341 525 802 124 -563 -28 -171 -149 -514 -282 -41 -563 84 -389 -211 152 27 -133 -66 241 -225 -104 -670] 4389.12
[0 76 -211 403 1173 -127 25 -594 161 589 280 655 244 257 -177 -607 -552 -41 -83 426 513 619 470 82 -113 -319 651 567 -99 182 176 -111 194 89 -554 296 187 -365 -287 -165 82 50 -12 178 773 -128 40 -80 198 343 718 643 -213 84 230 -866 290 554 549 -49 162 83 -360 -1164 83 761 38 192 -144 116 -619 -141 629 159 623 220 6 256 -367 319 -495 72 -379 209 -7 545 -375 -220 123 575 -75 151 -399 -583 -907 842 -532 614 247 -250 -611 95 -36 426 -96 -357 535 126 -143 -370 -65 274 309 461 234 -80 163 -137 190 274 -472] 4419.85
[-670 567 124 201 -505 -362 -786 359 72 -139 185 502 -17 206 74 313 22 46 364 -66 0 -164 -27 97 314 185 354 65 -538 551 342 -11 -8 507 314 358 -289 286 -574 499 -341 -773 -814 -341 533 -148 -782 -8 -199 -662 -300 188 -26 -265 57 677 -328 423 284 183 811 -602 425 -816 -658 188 -558 438 460 -633 -531 -194 104 602 -73 401 29 -690 -141 -971 632 -395 136 652 568 -358 -512 314 146 359 -496 288 148 254 -321 363 -173 651 431 423 -232 772 476 -114 -600 -820 62 98 -868 605 -722 25 337 383 -294 -410 781 -466 -218 317 227] 4799.53
[-15 -198 -692 380 -22 493 809 -405 -280 -92 12 474 -211 455 -346 -844 -303 -181 -146 -488 406 -418 -287 -622 101 138 -49 440 376 601 -33 -135 -279 -311 -116 326 -937 -106 -393 521 783 -88 128 482 -879 -120 -666 -775 482 -23 105 390 -368 -287 -210 242 402 -144 -47 31 228 0 -185 -480 25 63 976 -27 410 544 106 -823 -327 376 -484 409 78 401 -770 -463 312 106 -251 -168 -54 375 155 204 -163 -326 489 -125 -243 94 -756 351 -369 1051 352 89 348 -161 202 593 736 -521 -750 -347 48 222 1105 -100 -71 424 580 1245 -58 166 48 -410 -704] 4831.28
[-14 -351 481 -518 -643 449 -833 459 -35 -942 -1075 -472 -33 -330 -280 466 85 -346 221 -158 -33 -163 -331 34 465 396 129 -597 -137 -12 720 407 -164 -123 816 -371 72 -17 163 412 -331 -106 -262 26 -410 371 -1093 700 446 -619 -204 95 404 626 907 959 333 12 -362 -529 52 158 138 1121 -164 25 -749 -354 101 -871 -434 -186 245 462 -97 -3 -396 -1028 310 48 37 -398 -323 21 -386 -368 -177 -12 167 55 -277 923 -116 842 -240 -870 531 154 -650 -3 217 73 90 -565 -483 -226 -768 -369 387 2 -1430 -442 -493 -798 3 -808 198 -212 166 291 -134] 5217.23
[568 72 -435 433 -742 176 -160 -572 -246 542 -423 427 -498 119 -452 3 -997 55 329 -615 252 -493 -554 -121 95 177 -2 298 -901 267 -362 -227 -423 -367 -218 288 205 169 33 389 -272 -241 746 140 -711 916 -768 -403 323 -785 338 557 -298 -78 129 -685 -347 204 267 -456 139 53 -836 -755 -421 -110 -223 45 -306 368 364 -601 -504 -247 -275 -291 49 148 -1103 81 200 -643 103 881 68 -406 133 187 -352 -144 -311 534 80 -185 -819 -90 272 259 208 -364 531 -397 285 169 86 648 -80 -488 -268 -154 312 -870 61 379 172 500 517 778 318 157 312] 4739.51
[71 197 -367 -27 211 -98 -198 -255 -281 -124 83 130 -221 356 -5 48 -848 727 103 -733 626 494 962 -804 -271 -214 -491 -703 -1279 440 581 -200 201 229 -320 410 -387 451 473 -587 -123 -351 451 -237 243 -45 -424 -639 681 317 -76 -277 -596 -81 -560 350 406 344 344 -575 37 -471 -551 -522 -539 -249 -561 84 -8 250 134 -465 227 -162 212 -30 173 144 371 341 248 730 -353 337 -319 -321 -291 -532 -354 -257 -308 -361 -293 -13 -37 238 13 -832 142 -119 135 -47 124 -422 306 477 134 89 15 353 508 494 337 600 164 -232 558 -86 -133 299 557] 4424.51
[-47 -3 -11 243 374 -371 393 -154 343 93 422 58 164 90 -263 50 -591 -167 -534 159 189 695 746 146 341 -534 326 -208 342 -108 184 -40 1074 264 -182 -234 432 -27 -207 -1074 -316 -250 -421 126 251 59 272 -201 -639 29 113 -540 981 -61 157 79 160 272 70 220 71 295 -538 722 363 404 69 -264 -674 216 186 222 210 399 -164 195 -492 -531 433 763 -497 341 -156 42 21 288 240 72 459 636 -157 -77 -137 -17 80 209 184 -814 400 246 -603 -184 -137 311 -169 347 -301 386 -563 -198 521 1185 -350 525 367 184 -234 44 461 48 -527] 4261.55
[510 354 567 102 -199 416 58 368 145 361 -84 -687 113 697 296 -944 -89 194 45 467 127 -602 -113 -413 1070 612 -817 -737 -482 238 728 460 566 -4 -161 195 -58 58 -304 -71 -36 82 -669 -356 -887 -53 -123 127 -510 -852 -534 222 274 40 -180 356 -499 -163 -151 261 414 208 -279 165 -204 518 -108 -692 -54 -364 -293 -191 -370 -29 -279 407 284 54 398 -132 219 -531 -565 681 -203 123 690 77 -484 -24 32 -120 -437 83 -407 310 189 322 -103 539 -13 41 -225 65 291 333 -704 729 -191 597 245 450 303 494 -49 -137 105 280 -101 -76 -802] 4409.04
[-76 112 541 -411 154 -463 275 122 305 -254 512 -234 -205 -165 -34 -603 176 -304 110 925 102 -708 -262 545 636 -317 -306 47 623 -796 -80 -208 187 -68 -53 -178 672 -239 -406 127 394 -190 -893 456 221 181 725 579 -484 -417 12 -240 350 345 87 9 -57 -117 209 395 -213 -74 477 97 515 59 -28 -189 166 -494 -239 121 173 360 -490 345 -518 317 129 -300 -333 -133 397 5 22 143 -250 -171 718 208 -54 388 403 -46 -281 -613 90 340 -387 240 -313 -169 -148 200 -521 -132 -222 -103 163 269 -453 -271 6 416 -722 -211 -81 400 171 78 -185] 3869.63
[-45 369 -635 50 64 -156 180 -429 -194 -46 -275 492 -725 179 -609 260 114 -32 248 -24 606 -852 -224 -450 196 -228 -416 -97 189 159 54 -505 -584 -413 160 357 424 -273 -448 -559 200 -203 19 809 186 -177 -279 -682 427 579 183 193 -538 -309 174 -225 391 319 464 -477 -601 -155 -572 -140 393 -309 98 249 285 88 2 -1113 190 258 326 230 138 270 -873 -82 -107 126 -43 -64 343 -226 -152 -45 -83 48 287 354 203 -17 -370 256 -425 386 -344 207 182 -358 944 -425 97 58 377 -100 320 -37 554 302 -62 315 -36 885 530 241 184 448 -165] 4093.37
[-454 170 645 597 -73 -1465 -88 -135 -229 355 -119 645 8 -125 222 395 -177 766 868 -325 -315 -23 218 416 -91 -282 241 458 -84 -475 -93 -1034 -517 197 -227 133 -34 151 -445 -619 -217 55 -288 -269 -172 248 -126 106 815 99 -201 648 -491 -43 -360 -91 -244 159 268 344 331 -396 338 -748 210 221 168 937 -157 551 -135 522 375 -702 -235 -379 -174 329 -448 -193 167 -607 480 231 213 -270 -458 239 -488 655 -191 778 -322 586 189 197 -365 4 -148 -318 76 -296 272 49 -60 5 553 804 -310 901 -307 -76 -308 80 -424 401 173 336 463 -116 1040] 4638.87
[382 -551 5 -1017 -34 -125 503 190 -111 -558 261 -113 568 -673 661 239 438 -70 402 -106 -37 430 247 5 -456 -343 -188 362 -196 272 -980 599 226 317 -147 -320 -217 17 501 127 371 -53 95 68 -200 372 545 64 476 -271 -603 -259 367 -513 -799 -16 164 -608 -912 225 -271 -179 -406 496 590 215 -345 -383 -409 437 229 231 722 -781 127 55 388 371 -450 -516 452 -280 -611 -390 253 293 90 379 240 -1033 254 139 -218 34 445 115 -297 277 -309 -61 403 -285 -363 -195 -337 185 -385 499 -434 -397 -167 -520 292 389 -675 682 -643 -236 305 35 50] 4471.04
[64 298 -155 103 -48 -646 106 258 197 -183 670 366 319 -5 -822 365 231 -219 -355 -191 -670 64 456 -49 -633 288 850 1038 -595 735 -747 -411 370 -104 145 425 236 921 -248 -1448 -7 184 77 -10 326 256 467 -433 -507 31 472 -418 -982 209 -305 130 165 406 -84 492 -344 -296 65 -782 -270 84 136 133 -811 881 -528 340 -204 -422 -192 -192 358 356 411 -409 135 -64 -42 594 33 249 -535 858 -180 522 -566 79 39 -49 48 -108 -90 -330 671 -154 -606 92 -623 750 -121 322 56 768 -1153 90 121 -76 454 1169 345 6 -182 -942 -209 -165 -502] 5094.14
[-278 904 -363 -437 150 -236 93 -366 135 492 -546 -114 -145 -121 102 -261 -271 414 94 472 46 568 137 166 469 -1040 -468 -281 -650 -683 132 389 -141 -411 -790 -648 408 50 -371 158 -105 -349 443 830 498 -926 130 -38 -179 169 338 388 61 -93 131 69 99 -742 630 -286 89 -275 -906 334 144 -244 -156 183 325 -547 113 -939 -377 589 -270 -394 -104 -645 -261 839 -559 -70 -8 -94 -248 -291 -69 -61 29 484 911 -312 263 691 -499 -731 94 -608 163 -73 811 17 -31 153 -785 -445 -51 -221 -105 -396 -3 -213 125 -274 475 -339 1045 -208 424 -100 -316] 4701.48
[367 -763 -523 -797 58 -271 351 74 368 -767 67 49 271 121 141 -88 -193 -25 -9 245 -115 151 167 221 -37 268 -341 65 437 251 195 245 -603 573 252 10 473 559 294 822 -561 -587 -541 -2 -338 220 -340 -174 807 -160 -929 271 -412 -117 380 84 531 -610 -99 -26 -170 -437 -293 360 483 603 -206 377 -336 607 -216 -158 657 341 -11 -79 338 70 -1030 667 1030 -191 -472 -256 51 -461 -253 -455 427 -611 859 673 -923 47 370 103 -632 428 -756 -131 119 330 431 -194 -97 -174 -965 98 -176 -76 -987 -515 -152 -7 267 428 432 740 890 772 63] 4910.01
[-8 855 173 505 193 -337 -374 302 150 -16 37 173 110 -75 315 921 1015 55 526 266 -552 121 -189 684 -446 227 97 33 -71 -191 275 51 -263 52 191 -119 110 723 508 -316 -1002 344 -351 -263 403 -452 72 315 -608 -185 127 -695 200 194 -455 22 -432 -50 -485 80 4 28 82 52 -164 -328 26 -17 314 -79 417 530 584 -540 381 -198 477 -807 767 504 -242 -248 264 309 54 339 212 -548 85 248 202 -1027 214 329 777 304 329 -297 -448 -95 -278 -127 71 -209 -738 123 764 562 -409 -16 -19 396 369 7 301 -624 195 -29 -643 -213 517] 4375.06
[-447 -510 -317 411 1062 -202 -444 85 116 -47 -52 -9 -255 -164 -832 -8 -259 -351 -128 -29 161 -327 0 457 -786 668 -17 30 646 417 568 -136 -7 -82 -309 -27 35 100 239 -339 -498 -630 -199 119 -219 579 -188 241 731 -577 -176 -125 -584 443 172 134 680 501 -332 535 118 -122 348 -387 -262 -58 -357 -7 -56 68 -286 752 -233 523 229 -346 166 586 -993 -3 617 -242 -350 124 -161 141 -430 212 -636 252 -881 846 100 -2 -406 -266 317 584 -461 -66 -297 -606 -106 -384 -92 17 -630 -33 107 440 -423 -572 73 90 -118 180 270 291 -61 504 -754] 4361.81
[540 903 128 -727 -326 -112 271 -58 -295 -69 -370 203 19 150 229 -530 -99 200 188 135 -673 -333 356 44 271 145 -20 -48 25 88 -197 155 -91 29 233 -255 -653 -132 224 809 -245 209 29 -183 -214 -359 -487 -44 46 -44 288 523 -218 799 -304 98 -546 -264 -312 151 128 151 412 116 55 9 -445 -54 -271 389 690 50 -96 -231 -95 -530 -316 4 523 -20 127 218 585 -28 43 -246 53 -26 320 -418 -133 -185 -760 329 -154 19 33 -122 -35 -252 -316 -85 -142 558 266 -278 41 -453 174 361 196 -208 521 -273 352 -1252 -372 19 -422 -588 191] 3758.13
[269 40 192 -509 -158 160 -923 250 632 96 -163 -488 1061 -469 457 -125 -382 856 -12 101 143 -163 675 -36 695 -676 -550 -409 -529 127 252 218 5 520 62 838 952 251 196 200 -359 131 -519 -351 162 -242 462 549 78 -369 -636 43 402 74 -125 136 -209 -157 633 79 65 -153 -260 -504 -203 120 -918 439 -277 -232 -297 -439 223 -167 -93 355 -11 314 707 -343 -208 -808 -147 262 125 -120 -354 -23 112 -150 -134 602 -646 -192 173 298 -254 -62 -440 -95 -464 -32 -312 -674 -10 -197 -512 -4 -120 788 -907 -143 3 -542 -1031 77 26 -472 320 -426 208] 4540.73
[70 -321 -418 210 -54 3 -214 -452 -15 -157 -522 -100 305 93 -299 -398 -342 -579 -711 -872 310 747 228 106 -125 753 -398 -529 -178 114 562 47 -102 -94 213 -447 -438 303 230 483 248 -658 723 -210 -317 428 -1100 -89 567 457 -69 192 -389 589 502 -174 926 229 -545 163 565 -201 419 214 -982 -418 -609 -64 507 -559 204 516 -268 -79 825 -417 -178 -87 -258 -40 677 -369 -366 182 -562 -8 398 69 -614 -18 206 475 -47 379 -199 -299 171 185 -453 -228 -268 -858 -35 16 617 317 280 -50 -499 -288 68 -514 647 564 288 -349 160 279 179 -409 -280] 4563.74
[-157 454 1170 115 -544 -502 725 267 -620 252 284 248 -415 481 545 198 41 -340 836 1213 -26 -614 -75 222 845 -37 178 364 -520 -686 -210 261 -155 748 -296 -630 50 -711 -657 -314 314 575 308 -163 -50 16 966 101 -256 223 205 1215 -771 77 -502 169 -602 287 -222 309 431 -18 -1119 476 1053 1147 564 213 205 443 -244 -239 -317 -293 -484 72 354 123 -502 -123 -627 143 -183 821 836 12 440 -522 502 -28 -253 280 -320 -16 -585 700 323 483 779 88 603 418 96 436 -222 570 540 328 543 78 53 592 -84 -491 -519 -622 369 206 317 -31 937] 5448.37
[-300 -911 -496 -171 642 -380 445 399 472 -372 -444 -482 702 33 284 527 46 -68 -386 435 699 -42 -101 210 -1025 -245 -359 -9 -261 645 846 607 330 761 398 144 891 265 730 -508 -827 -79 290 -74 650 -134 -194 -447 476 -3 -509 -565 581 610 -406 -198 -267 359 -431 -245 176 -44 -723 730 -101 152 -475 -310 -410 393 427 -216 535 628 -59 -30 -570 -182 -445 1078 119 62 321 1318 347 475 -452 -709 1225 -745 -6 -625 540 -174 303 243 23 -944 524 -21 208 -423 -522 -634 -90 419 -673 185 56 -598 532 418 -739 -402 17 591 64 181 55 1030 -62] 5434.78
[-390 -369 443 161 399 483 -85 559 -445 143 755 27 -550 64 83 365 -558 25 299 -333 -536 -122 974 77 -593 912 71 245 0 401 -242 47 1308 37 -74 455 -257 456 896 192 101 -124 -154 -640 -680 353 525 482 -53 528 218 -71 -203 451 -203 36 132 -707 -589 -149 193 -569 37 -185 -230 244 789 186 -881 773 -378 903 -128 156 -621 -209 -449 47 102 972 632 319 18 384 -841 -289 451 309 996 353 -213 -193 393 475 127 -1146 139 -451 110 24 513 862 288 408 194 262 -592 281 -338 -646 108 -641 533 683 192 -541 -316 618 -349 1156 444] 5269.74
[-31 270 18 451 328 438 -280 -1 -5 280 86 173 552 -318 404 -209 -184 185 -346 915 645 -698 -123 -104 41 -244 -650 524 187 -682 -260 -23 -597 -362 -277 385 680 -121 -283 -482 -318 51 87 579 -19 -195 944 11 -485 -596 434 -720 -413 -179 125 227 475 305 494 -15 -576 140 -395 -644 395 201 -115 141 536 -354 418 37 -417 -359 -1285 256 462 339 501 8 -6 -215 150 -3 -606 362 91 -377 -469 199 166 -86 213 -26 80 -616 579 30 -527 -7 -146 84 -103 -615 -411 -6 -108 -173 452 746 -184 -224 45 24 -574 771 418 -56 -387 -55 207] 4340.77
[239 -156 -149 -37 -331 -251 45 -287 608 284 140 430 541 -566 292 -55 -312 -537 -335 -854 858 208 -524 299 263 -494 353 282 702 9 215 101 -389 472 285 333 -96 -208 -55 -136 416 -504 -140 525 403 562 -79 -116 -199 233 -593 -1011 732 -777 335 665 -332 897 189 375 615 255 208 383 -190 70 -482 30 150 -732 1126 344 52 175 -234 -130 -70 -388 1376 -158 -75 2 478 -317 5 279 -487 -264 -437 -93 632 -116 428 307 1034 618 91 -278 33 31 -866 -238 87 -571 196 25 321 -125 -140 -184 -276 96 -269 -284 -373 292 -249 401 143 -1037 194] 4755.82
[-99 82 333 260 -76 210 -3 4 530 -62 792 -858 -444 -115 624 298 365 584 -205 -111 -86 40 413 371 33 -304 -238 -171 943 300 -155 728 -202 279 -776 820 -295 199 856 360 536 477 -358 263 -405 -564 574 -24 -686 664 -867 -356 -735 567 -845 623 -182 -944 -119 306 495 -373 -513 -490 -124 -28 400 348 -12 718 455 -7 -47 -346 -620 -64 1275 774 521 0 -353 -348 292 202 184 -375 45 -256 500 -571 625 -825 0 -456 336 277 -289 10 131 -461 -34 -153 243 -430 818 -88 -262 -762 217 -117 -595 -207 391 59 -712 143 129 -339 -154 -386 180] 4979.07
[-53 -449 111 29 192 28 -244 423 343 37 -1239 104 522 1042 343 -748 -1181 -632 88 -86 511 -580 -108 -698 306 698 -408 776 -435 756 246 7 678 136 -462 -175 -245 -335 -263 -629 -371 -63 41 569 -511 109 -53 -305 -129 172 -240 2 -370 679 -158 17 453 243 59 728 918 64 -685 10 -416 773 -438 302 -158 85 -998 -762 -224 -558 -753 510 -18 -165 108 241 1054 -261 -12 484 -250 -342 -433 231 -316 217 -56 -340 82 142 -451 832 -265 970 575 121 142 -372 -168 -172 327 -123 -773 65 -337 690 -307 -160 233 709 -34 99 158 -620 -515 149 29] 5054.57
[-95 -1083 239 418 8 138 171 345 1127 403 274 -485 -820 -187 269 253 -814 361 -212 -454 589 59 -23 249 529 -180 -251 -84 1193 -559 -371 193 -327 -80 -169 314 571 -623 -262 -240 355 -101 -106 156 -118 -173 678 -801 -369 350 -946 -208 180 -853 -188 -622 615 -346 0 76 -554 114 297 103 85 -356 370 52 -543 988 219 768 -424 -540 88 429 325 487 -801 649 -29 116 114 -244 -85 -30 122 -83 -428 93 356 -78 256 -241 496 -300 -541 -110 -707 160 562 -153 -20 -275 751 404 -390 -379 -32 -489 -154 45 -137 560 -554 1646 155 1177 298 528 -64] 5141.3
[-73 -189 1123 1132 -519 94 -266 -279 734 1037 -308 -262 -510 -299 -338 140 -799 -317 541 517 -162 -505 -230 -174 360 -851 577 -271 194 -814 -253 -395 88 -432 467 300 424 -24 -138 674 -374 97 -801 -784 -832 -94 -1096 -591 400 -262 -51 442 5 -12 -484 641 -406 -226 -99 -138 -135 218 1088 -577 -301 104 -1 -183 -102 337 864 819 180 407 51 -100 -468 -430 1234 -528 -678 304 304 -157 -80 59 76 -882 441 -140 -449 244 -845 -168 138 -541 2 134 -701 -506 -540 -46 -146 476 644 23 -180 -178 182 -406 176 154 42 -756 769 -516 -809 117 55 -1274 635] 5484.44
[-260 -452 -441 13 -568 237 946 -81 -273 -77 631 -96 -306 -824 463 -893 -113 119 -497 -927 -636 484 494 319 17 527 -270 -507 303 568 -114 371 211 869 459 46 -66 -89 255 90 379 -80 -645 -967 -697 346 53 -520 -974 -326 16 263 1069 569 -162 -633 3 32 -88 857 184 222 90 247 -121 -80 -438 -227 -610 524 -159 262 -11 -12 -512 475 -801 707 296 -67 1125 -193 117 240 -296 475 -41 602 637 212 -325 -1 -300 -636 -593 368 64 61 -179 -177 -463 524 -1023 386 91 23 -1182 -174 -951 359 -57 -688 -208 95 -200 293 -350 -141 -165 148 -533] 5135.42
[691 -702 543 -565 37 -12 -603 -44 558 -599 633 72 421 168 -294 196 -586 83 256 350 -616 -253 100 69 669 92 334 760 -188 228 -87 -1592 154 157 220 -55 -210 671 130 -320 -425 604 -285 -397 -347 941 615 918 137 -664 -130 153 -16 -142 2 -17 -140 -353 152 421 -270 -365 -79 -6 257 420 295 220 -351 202 -296 194 491 -98 -383 -572 -283 309 351 97 -130 -585 -358 64 -437 400 -612 -320 231 119 -290 -67 -697 42 775 519 368 114 -192 -686 -418 -128 -249 601 -10 17 -345 645 211 783 -156 -819 -883 -256 118 442 -599 -207 488 87 228] 4730.34
[510 -487 791 264 190 310 8 -778 -1053 -326 -578 528 -143 105 -93 -350 97 576 -486 316 -356 -778 -644 -266 -383 516 -867 481 286 -290 -330 47 -763 -459 2 15 -336 105 398 21 -167 271 -286 116 -814 26 -309 -207 99 833 1003 633 -1011 310 716 -480 -55 338 741 -376 -1094 149 403 -188 329 62 86 -76 -413 673 -514 357 805 -653 -228 -278 204 -595 234 1157 126 313 226 -744 -969 607 -482 -284 -92 310 239 -262 -44 -315 38 -259 24 349 -472 -1557 512 -256 -133 292 348 -314 258 661 769 -286 -994 -404 -177 -370 82 356 -299 574 -471 478 618] 5470.94
[532 -398 -799 -444 -193 782 -1265 60 240 -1333 -190 822 179 -422 383 7 -276 -414 -447 -51 272 567 548 5 -74 159 -374 -65 -1489 272 100 -91 -638 -404 -161 526 -626 -532 -110 743 -423 86 48 -513 803 -63 64 683 -106 166 -296 -454 -101 365 -544 -236 358 339 165 -72 -290 -139 38 180 -397 -664 914 332 470 8 -564 -529 413 -362 949 322 490 -780 -251 -280 -404 -457 163 273 438 429 283 103 306 -590 -7 279 -397 79 329 -163 -360 -142 -332 946 781 402 167 -572 -106 450 604 431 -132 -512 408 28 -331 -94 69 111 -160 -329 84 221 -318] 5032.1
[351 -93 -360 283 222 -734 551 252 -78 -172 -608 -101 -598 -213 34 72 -128 -181 680 195 -724 921 -428 448 -216 54 -99 -708 101 -245 -94 -787 -110 -217 -533 251 622 -350 110 -232 778 -65 -210 968 479 792 -722 -166 435 505 235 -487 662 953 443 43 230 -432 667 -113 -441 131 -428 263 274 84 127 316 -267 -112 -337 -1285 699 -9 25 748 -142 393 -340 640 338 -156 292 189 -241 -835 -815 -172 560 1115 651 -301 615 120 -183 65 -189 23 -401 257 279 179 -228 -28 121 -14 -523 -353 -65 -620 -904 428 -356 458 -278 -79 276 352 71 298 -508] 4930.72
[-708 169 -197 1272 -406 12 -182 -379 -368 1305 324 -378 -387 103 -378 284 518 793 -160 -634 -177 -511 153 -111 218 -6 417 -439 594 86 12 -733 -343 -17 -465 4 -356 -236 -25 -845 -806 136 -1611 -443 -1157 70 -165 -535 54 -786 -548 -799 153 -702 -764 538 131 178 -354 595 633 1001 5 -441 433 -275 321 334 320 76 321 182 -895 147 -268 580 47 345 -560 -419 40 -180 -928 -252 175 -394 407 -139 -1344 356 -577 890 -621 -231 -315 706 354 -335 -910 -37 -732 -86 384 -462 275 -350 -508 112 154 578 -450 549 160 -89 360 662 73 503 547 272 -120] 5649.95
[-307 -368 191 -181 -199 256 -572 135 229 646 -372 -553 138 219 -435 237 619 516 -553 149 -347 4 -1128 -232 -750 187 -720 -625 648 -354 315 706 62 31 223 -201 -81 -112 7 -94 82 -255 -52 -189 -741 -422 11 381 -111 -62 -712 -714 -65 -356 362 473 -573 -799 120 -231 -453 -154 362 274 56 -200 503 -357 -606 56 -73 -644 -590 637 94 288 587 -404 -35 207 110 48 -290 -809 421 -265 455 208 -327 6 -33 -546 -111 314 460 -100 -460 404 707 641 18 -248 136 -796 -110 -123 -57 551 -148 -18 650 718 -779 -475 437 694 -940 478 -645 -341 -284] 4718.88
[-242 111 -485 94 -192 337 104 76 104 829 617 -711 127 -104 110 168 226 118 -324 -84 895 -310 -322 -352 152 -835 -356 224 543 -613 -6 505 -168 -752 -226 460 770 225 328 -265 -83 342 -14 324 -109 73 1248 20 132 80 -540 133 114 -1458 -385 743 -535 -352 597 293 -864 -119 -733 531 797 -147 191 367 271 -384 158 -499 -556 -153 -160 110 88 217 479 -373 -548 -470 -464 -837 196 340 -10 -181 63 166 649 -119 615 -135 531 307 92 -421 -288 -10 37 577 -130 -293 -621 -213 -306 1052 505 88 -380 -253 -554 -1707 -64 1107 -400 -515 685 -688 -283] 5294.43
[-126 1336 -55 -501 -343 -406 27 29 -774 161 536 420 -799 82 229 1098 -330 239 301 -259 -640 -154 1087 195 139 -206 306 187 -237 -253 -388 381 359 303 588 -43 334 643 -276 -24 142 93 495 -146 786 -369 602 276 -365 145 86 599 -198 206 -126 207 -293 -433 50 -192 18 -241 -73 113 -163 151 408 479 -159 1429 77 582 -461 -6 538 -705 108 -173 272 -137 -452 862 633 250 441 -56 223 1192 -104 332 -1003 26 -313 7 466 -436 234 -559 1140 420 455 1002 61 484 -353 444 -1 192 44 87 897 -114 244 -193 -249 -821 632 -188 101 332 275] 5124.97
[-104 551 459 148 -360 304 -26 880 867 887 -89 -552 142 264 -472 -5 -254 605 358 101 1006 -220 -47 -346 62 158 -432 45 -395 -294 400 470 416 -396 188 626 637 406 105 -422 -90 609 105 -243 -430 -674 392 114 173 -774 -144 671 -566 -318 -421 106 -425 -792 -8 -129 -317 -1010 -185 -1087 -431 92 -162 -324 -111 176 -104 -381 -419 434 -500 402 284 505 416 -431 -402 -483 -712 -659 381 -510 207 -500 -83 -74 -476 -66 -929 815 -813 61 -694 481 252 408 -944 196 -71 -88 -211 -288 -33 188 -335 687 -238 19 41 -61 619 -180 -567 -40 -279 -823 281] 4967.43
[186 239 -48 -66 -137 -200 -312 88 223 670 638 469 -142 -164 -222 473 -173 651 406 26 1107 -986 -634 -90 456 -552 488 52 77 336 263 573 -81 1189 503 628 65 -761 -476 -288 -1164 -142 -322 -452 309 -398 -245 -783 -357 -660 -235 -167 305 -1538 106 -26 -979 1074 610 -251 588 670 -1028 468 720 147 344 -61 -329 48 57 67 439 509 -411 -63 370 -344 -106 484 -789 -421 591 496 971 -131 479 -398 -115 -454 -104 -131 318 -342 -411 353 -619 -614 428 440 124 -196 776 -737 -144 14 734 -630 107 73 762 790 427 -894 -218 307 121 598 -286 -264 21] 5574.82
[-565 167 308 -371 -540 381 766 -49 -108 461 139 -500 -670 273 -922 858 393 -9 545 512 107 -181 -659 -357 -178 -28 653 -645 27 297 -312 28 -12 -500 798 -586 278 386 -287 -43 -192 -94 261 -406 43 73 -119 -299 -99 -120 92 972 121 -25 636 -522 -34 194 -280 -612 -534 -86 -19 -215 95 -90 -584 -591 180 -640 145 25 86 331 801 -367 -17 -229 -125 -635 -529 -67 -394 193 113 527 -17 -266 558 10 -221 -819 99 362 -264 -80 1023 -359 -643 -154 -94 448 864 513 -330 102 254 289 -332 548 298 910 -193 137 706 -883 96 15 -587 -374 -814] 4749.8
[233 -721 -405 -283 83 276 30 -294 1115 36 133 378 549 -781 606 0 61 -257 -374 191 372 106 53 172 314 -604 126 7 -206 -966 639 1299 -57 725 221 505 850 -350 -116 571 72 80 -609 -1097 186 -899 -260 -10 -295 478 -30 180 686 -716 108 -516 -65 449 369 202 186 579 95 793 -27 36 720 -111 -451 -400 -242 -25 660 -164 342 75 -312 -900 -116 447 -291 -400 120 -311 625 731 177 -596 103 -136 1318 843 -469 -469 119 -48 -492 -321 -175 -388 -344 92 -152 -348 -162 572 348 -302 -145 -1118 -454 89 34 -629 121 78 -266 740 478 -266 765] 5214.9
[-84 770 212 150 560 725 201 -54 -420 944 42 -383 137 -311 -90 -418 -260 246 733 481 -527 548 -76 -647 508 -25 -208 -741 -705 315 -258 352 419 -532 -705 730 761 265 -556 -50 675 94 216 -356 -427 -262 143 379 -217 -261 436 335 58 -102 813 229 -132 -132 639 -339 -84 697 -491 -571 -370 237 -170 148 -515 -507 -1201 -1201 49 200 -55 337 154 193 319 -569 27 -65 -875 373 -326 -32 -52 1011 -818 249 75 150 -110 -228 -488 553 298 913 -174 250 -27 801 -345 165 -63 -47 -433 227 537 43 -788 114 723 -320 67 -416 348 -605 -210 -75 -507] 5014.14
[-369 -256 -669 -112 -2 391 -510 -317 464 386 172 -78 237 438 96 685 -33 351 535 386 -441 597 517 -856 -390 -562 725 -135 -489 -444 468 51 -136 -56 -583 -718 -440 -685 -137 155 -205 -112 194 -774 -247 -260 -1183 -51 -530 129 496 612 -368 -190 160 -38 495 361 -229 -689 209 21 381 -585 -9 630 -204 21 -666 -257 -274 -259 -210 -406 62 -119 636 41 400 47 7 38 -801 -330 229 341 -174 -915 -92 -124 -225 95 -798 -55 -458 657 505 553 132 -782 -43 7 -310 34 -177 187 -481 -214 -371 739 -28 568 823 -280 283 -443 307 -669 -269 -402 -192] 4686.2
[-863 36 437 -407 -64 286 -51 620 530 145 271 410 306 286 -192 -468 279 -306 692 8 -350 -135 573 134 599 -128 632 -82 -406 7 14 365 382 264 -30 -118 -463 -237 -415 -329 305 444 -505 -672 131 -697 39 -486 338 -500 -290 483 -114 -625 -942 71 -166 299 -578 205 834 166 68 -86 -282 24 -312 -196 -64 -712 -414 -343 452 287 373 387 -318 -144 -781 -664 207 -153 -368 58 728 535 86 -451 276 -89 407 276 -498 233 -541 1041 190 894 216 253 -298 371 159 367 -711 -87 657 -32 391 213 -325 241 -74 396 407 551 -663 -377 292 -404 -13] 4538.18
[982 820 -326 -538 492 -86 239 -651 -208 623 26 320 46 610 -516 -172 -115 179 309 539 -11 -706 -439 91 651 104 -191 534 -44 -316 93 -650 10 -564 94 -642 614 330 -392 -334 -442 109 -612 729 263 702 208 405 -455 318 366 -5 -505 410 83 -8 195 271 132 39 -497 232 -361 149 851 286 330 -234 -13 135 -687 -286 500 -429 848 -78 -164 -17 -61 338 -150 -120 -75 266 3 870 598 -656 575 715 -88 -35 340 -293 -202 551 298 813 -303 -84 -349 -347 298 690 -337 -114 175 302 113 400 795 663 385 139 -12 -497 872 -3 537 459 -1293] 4859.18
[598 495 114 -494 104 -430 514 29 421 -661 -102 -434 -369 300 -655 -515 -154 -693 -61 368 -9 72 311 265 570 -297 538 -345 129 -301 423 680 656 -57 -1099 -835 313 -149 1 -397 60 -67 159 336 -336 182 317 256 -177 86 -308 87 66 583 205 423 -26 414 -175 107 -67 389 -339 1006 -28 104 -347 -145 -907 361 -292 -526 -184 417 57 81 298 -146 172 978 -1454 308 -62 -119 -102 92 31 -142 -495 -506 178 500 -372 265 -164 183 294 248 239 -26 -130 -1277 -510 727 390 253 -349 -279 -345 -126 634 469 585 -137 958 -795 108 405 546 -322 -906] 4892.98
[-336 520 -601 -362 -1075 356 -274 -48 -219 -1030 -269 328 -651 -574 -12 -147 189 -237 -466 -233 -1458 -957 403 -583 190 279 548 199 106 -323 -857 -112 -98 -690 1135 844 73 83 73 285 481 -76 395 18 -16 -503 430 -526 -790 445 502 400 -43 46 404 53 428 -859 -202 -110 -717 -519 76 -224 -356 -541 -308 464 -337 161 -64 -276 -539 -161 -149 13 -604 288 -180 93 1175 -371 304 -686 -50 -498 -116 371 -153 199 456 256 256 -59 -225 -1429 -117 66 -696 -691 56 769 -224 181 -184 -555 -58 -549 -601 -363 -63 -1271 276 344 1180 -101 528 -1078 -640 123 98] 5574.97
[-461 -471 -643 188 -393 192 -512 173 358 -544 617 490 335 -351 735 126 -392 299 -328 -102 -163 231 -111 -747 -477 503 402 22 61 509 50 -72 -208 337 179 756 6 215 -33 -98 -202 -438 -549 -361 464 -683 420 -354 -956 -309 -540 -922 850 -1051 221 281 407 -317 217 174 -152 -159 267 -159 -464 -106 946 93 -317 -315 -458 739 150 544 -129 353 391 196 -132 -143 641 32 227 -96 -485 294 328 280 -1364 352 600 -869 137 -458 1119 71 62 -72 312 264 -441 386 197 -639 406 -63 -547 -227 -554 45 746 20 274 371 626 993 -164 -186 -595 -816 133] 5056.58
[-645 -590 405 201 446 612 -703 14 697 -960 597 155 -289 60 -477 -296 -428 -185 -533 181 -60 696 368 98 355 200 -593 -1160 851 -86 737 401 522 -437 497 -145 -448 138 -154 497 -313 -498 -465 -346 -625 -521 -370 698 -432 -567 -1134 -271 118 490 150 149 177 -293 -103 201 -56 -572 505 129 -499 -205 289 -133 -163 32 117 -140 124 1012 274 315 492 -348 -212 -173 -131 -248 -561 191 -108 406 277 51 730 -216 -187 -127 -455 356 -624 -596 -19 350 -407 623 -384 515 437 2 -277 -235 -771 326 433 356 -13 655 -449 711 465 849 -153 213 274 501 -680] 4967.55
[359 88 396 -356 -836 -716 223 -183 145 -179 -282 -965 -475 598 872 -164 456 543 -13 545 -822 -821 -839 133 926 645 625 306 18 -297 -73 270 -102 748 1074 -109 -533 -656 -236 89 -98 -282 -1324 -395 -535 673 -875 -301 -541 -1148 380 722 -402 622 84 -36 -228 -66 -308 168 177 529 -224 -296 384 353 -123 -488 -99 230 -764 -189 542 -1021 -432 -21 50 259 -1193 -87 1053 -1065 782 478 508 -590 -185 -707 709 178 -547 112 -558 -6 -553 133 -700 420 -357 -66 -193 358 -277 231 142 -69 52 245 -1025 709 49 -195 230 1035 -476 -90 399 19 -336 1125 10] 5841.31
[335 -301 -459 -866 928 67 1021 703 353 -63 30 -813 189 363 145 -370 -136 57 -11 -216 -252 137 -116 -48 445 232 -229 317 221 553 627 1197 954 319 -653 42 -162 -652 1046 -370 -935 222 -689 -77 -567 -994 136 -11 127 -18 -274 655 262 -580 -697 -373 -647 -319 -557 502 474 2 -781 384 501 510 299 -195 159 477 -485 -48 331 -151 259 25 101 771 73 441 523 -202 -753 -239 711 171 -232 22 449 331 -56 -317 -145 -252 -306 -28 -803 -208 35 -261 128 144 -558 -346 -76 12 -664 153 210 285 177 -3 -232 -253 172 128 -360 -664 -704 316 -336] 4945.03
[-254 492 -565 -12 -82 -666 391 -215 109 9 828 315 47 -231 646 1183 967 113 -318 321 -39 578 378 -409 -826 -315 -397 708 308 365 -124 -45 360 132 102 -452 108 -656 227 -592 -126 240 417 283 220 -788 900 410 -804 407 -38 -170 276 -47 142 -532 194 -199 340 182 -151 -76 48 116 237 -45 286 198 -577 775 201 252 -106 -301 4 -456 717 115 -158 392 -33 -416 -469 41 -14 111 -95 802 -144 -129 -137 -640 418 339 109 750 -239 -97 179 -28 348 469 -55 -638 -296 -313 -202 412 -260 -625 -369 -273 191 70 230 879 43 -285 -28 251 -653] 4481.23
[1344 -237 101 -610 -974 176 553 121 317 -668 89 -569 -327 378 392 707 76 427 789 -160 -328 285 -938 -80 211 59 285 3 -140 365 -479 -617 -720 371 125 -562 -277 1080 431 312 -125 -243 -642 395 -993 739 -368 -102 260 -662 -170 -576 46 -603 408 91 30 -339 433 -378 -461 14 -236 41 123 -295 433 -197 -10 -513 598 -1556 -432 127 -1115 525 414 639 -849 -486 197 -226 -208 -227 -210 -763 266 -743 381 -290 580 -840 -445 375 829 370 -33 228 -23 -29 112 -396 799 290 331 -125 -329 -519 -766 321 113 -132 23 102 -26 -220 -334 1062 189 297 29] 5401.65
[68 71 -157 -271 332 500 857 16 -539 -936 362 233 10 96 349 -842 525 -883 -417 492 439 -719 101 615 396 886 -694 256 95 576 -6 221 469 1058 108 -99 -581 -108 -277 745 240 -165 -6 -508 -334 -77 665 79 -148 -227 231 712 127 816 -265 -120 200 850 -83 319 -837 270 -394 273 356 -181 -171 -326 628 94 70 -296 46 -112 -727 915 84 761 -614 -844 104 34 538 823 406 591 615 -59 488 -1316 -417 -41 -528 -585 -47 440 -290 736 -487 919 -475 -424 -445 510 905 164 -568 -366 -92 262 759 -281 -35 536 -809 152 -827 496 -182 617 52] 5474.49
[118 675 -496 -1417 336 -784 163 53 -12 -412 605 -174 -805 -83 -98 -38 60 1156 422 -364 -9 316 133 -206 726 53 -151 31 -88 1094 -102 -306 481 705 -686 367 -1002 -874 306 -308 -254 484 648 -290 348 -539 538 452 167 -777 214 -71 -14 -163 284 -319 -246 -600 510 -330 230 510 -745 -128 498 -18 -100 87 -235 -51 -106 -395 -228 -296 -58 -104 363 1264 -305 1030 -76 -235 671 -7 531 -291 135 500 -1063 -292 -340 -1012 391 837 -136 528 35 -414 36 445 852 -219 -11 -270 -159 -281 790 -722 -9 285 934 -356 724 -251 394 321 -390 628 -487 -46 -847] 5479.66
[294 1368 201 -208 192 635 -399 13 -153 378 750 307 505 978 -805 -36 -274 103 -210 -1116 380 -482 53 -351 397 436 -472 -277 59 961 335 79 448 444 114 631 -71 1180 154 -32 51 60 -62 -649 -474 -260 163 -414 176 -81 18 -1169 -507 -19 -211 1321 63 237 -139 -302 632 831 -685 -84 -407 -340 -340 -144 -702 603 241 -57 -824 351 -348 -147 -6 319 328 442 216 224 -443 1116 -69 -410 344 -59 -829 -508 -675 -220 -53 -507 390 288 744 78 583 63 -811 -338 -432 -423 -25 49 -216 -615 213 565 232 70 896 552 -468 -426 -146 625 180 -656 -149] 5384.8
[554 428 -563 268 148 -975 145 -752 -250 -449 18 490 -3 298 -386 -51 -715 -1164 -206 -521 -247 312 -115 504 603 -278 839 382 148 258 522 522 69 753 50 -717 271 615 774 347 -567 -804 -73 424 239 251 -105 403 -350 364 821 -814 111 828 616 936 141 172 30 446 5 252 -678 839 250 457 306 505 160 399 412 104 170 -20 162 -174 -630 -432 293 318 -388 835 357 528 -78 234 306 -317 440 976 -81 127 606 -746 428 576 227 -57 485 -80 -613 125 -386 57 133 717 -107 -745 -206 -610 380 367 50 -93 355 -568 283 248 454 -444 560] 5133.09
[-453 -659 -229 -173 -182 398 -1173 347 617 -13 47 -6 626 -298 553 -735 -775 212 -347 -565 132 485 661 -735 572 13 -560 -85 -281 602 -78 41 -274 53 -24 468 284 -551 870 355 -241 178 -272 -419 259 -380 395 270 -313 715 -197 -319 -387 -263 98 -270 260 536 723 305 -27 -753 639 -581 -652 -901 -1248 253 -108 -1059 -428 29 -243 -467 490 318 -122 181 -39 -702 646 16 166 -211 378 -464 -450 192 397 -444 -615 543 356 -608 51 813 -495 210 -184 17 -491 -268 468 -417 281 -382 263 -549 -82 85 -745 -116 -148 -155 -252 -147 -481 -732 178 -31 764] 5054.12
[-64 -905 713 1331 510 490 -964 -123 -22 65 -761 -332 647 -42 205 -110 -689 -882 -50 353 442 -680 -337 -267 -131 112 -410 -441 -262 -163 85 277 1208 110 699 -264 233 271 0 206 -204 -94 -96 -372 -1343 182 -208 479 404 -664 -201 81 280 167 -72 478 459 -225 488 -118 504 618 -20 -135 -491 576 478 -119 398 127 -235 -242 26 221 -343 432 122 158 389 -283 -116 -288 -420 -637 -9 -40 -19 237 -362 -908 -972 435 -481 -542 326 -572 -103 660 362 1149 -212 -274 -53 -272 524 736 -1189 200 370 134 990 -246 -442 142 -458 590 -851 59 412 103 341] 5296
[-672 -243 19 427 502 245 15 341 -125 97 -660 -132 -326 205 -562 -61 -483 -198 164 315 138 -193 -733 81 449 593 -928 106 384 -222 421 -54 366 -1190 -651 -459 -93 -343 276 -126 -228 148 277 921 -325 249 506 869 -587 -225 51 -440 506 30 396 561 284 -221 -68 69 325 270 35 424 130 -287 390 109 -211 -804 -198 -775 -1088 93 -568 336 -394 193 32 309 -291 -171 -1 251 130 43 195 595 -495 380 -35 -397 1446 869 -28 -458 813 313 -109 520 242 -771 2 -340 -211 409 -557 6 301 -388 128 -95 -288 365 -542 -135 -368 718 108 -684 -440] 4839.65
[-690 440 -967 -253 -494 -62 -171 246 363 465 452 658 144 -199 360 868 241 -534 496 -1 -285 -46 -36 -82 399 -492 1080 -220 400 -768 -123 152 365 -215 462 -712 227 -235 -152 820 503 -1117 -362 336 -268 407 -366 -115 -708 -468 -479 137 1074 -207 209 597 12 -194 -27 922 363 37 324 439 -224 148 -109 170 261 -856 335 -303 -328 124 -414 161 2 230 -523 -1050 886 -644 44 488 372 -35 375 -20 -555 463 836 -242 829 611 -475 -63 713 387 -431 29 -918 628 742 329 -444 -375 -591 -387 -689 649 -453 -254 596 564 99 -18 606 -430 -619 -227 -329] 5330.53
[37 739 140 -180 -276 -536 -162 138 -893 -662 353 505 -344 412 79 -1053 83 480 -138 489 -994 417 409 499 488 -282 497 166 302 -558 -214 548 -211 -387 -177 -717 -394 -60 -927 120 -15 429 646 456 459 -655 594 289 -264 -1129 -548 418 -298 -563 -428 -107 -750 -496 46 125 124 246 112 467 525 746 794 -21 -309 381 -79 356 -470 -92 317 -738 63 201 227 -272 -715 191 641 514 -171 1020 705 523 -807 164 282 -35 -312 184 -149 -1004 348 100 670 376 979 378 -502 721 -666 -31 197 179 1275 -138 449 -716 -593 -264 126 846 392 -595 449 -569 -616] 5527.23
[147 -135 46 -658 -1138 51 261 146 272 -332 -250 -853 648 -182 347 -368 266 -83 -177 -440 -152 231 -361 -136 705 -148 -508 -719 -424 -215 150 -983 -304 243 156 -320 -22 -139 -277 -718 671 32 -139 268 -133 218 329 -14 21 673 -750 -564 19 -161 73 -177 146 59 -483 330 267 36 217 706 281 -711 -690 225 905 -173 -478 205 593 -94 285 171 -383 -401 755 510 -51 681 202 -678 -393 -325 -344 -747 -337 -199 47 338 253 -372 571 203 139 -291 -235 -338 474 -220 -344 -82 278 -141 446 445 830 288 448 65 -802 -534 -375 242 240 -380 -491 189 653] 4618.13
[837 -296 503 -191 245 844 195 -297 -1 160 761 -795 95 173 250 249 -753 -117 257 671 423 464 -435 -569 613 30 -574 54 208 -719 -1046 105 254 -654 -500 -83 419 -718 421 161 248 325 383 716 -71 204 504 618 -134 -73 1 729 112 -370 1047 -606 1 -532 -58 -1229 -668 960 -217 -226 1047 703 -300 28 -261 -91 445 -41 159 -326 -141 -200 61 806 61 5 -606 -48 -466 -570 -17 -154 614 422 -437 -428 -106 183 -755 -234 -260 -252 -173 -404 -218 -383 -16 164 202 16 469 751 -16 758 1516 -1397 -637 -264 338 146 -130 -335 -629 1307 326 82 182] 5555.51
[904 55 858 564 -319 201 -184 -445 36 374 77 -460 898 198 -586 299 79 177 158 178 124 243 -421 -3 580 -588 -217 -486 -360 -417 -768 -607 -255 -837 271 98 767 1390 -560 149 243 799 552 189 31 100 -204 339 622 -429 499 -733 16 -742 927 -328 -265 -171 570 -751 110 310 236 -627 -95 -594 -367 -5 379 -1031 538 -951 -298 -236 313 130 150 -777 554 -746 -809 -210 -585 -745 143 -546 -39 484 120 251 285 46 145 43 158 -39 275 -203 -229 -249 -454 -43 644 -43 -442 -189 1425 144 715 325 -210 938 -248 -185 -80 228 -318 -298 166 -247 934] 5364.67
[-399 135 -210 -348 184 -613 389 -250 296 -677 69 -151 -100 228 347 -530 166 -49 49 -879 -106 663 -392 285 507 333 -340 -287 799 -270 608 -126 -615 34 471 -69 -245 -203 -51 -219 66 25 393 -290 -794 -29 94 37 -91 760 -86 41 362 425 612 -455 530 101 255 225 -948 66 71 388 458 -895 511 361 19 -367 -513 -418 454 -1229 -353 425 -163 -19 -238 -160 446 -226 -188 395 -378 -774 335 326 29 669 1257 -137 328 180 109 588 -837 13 -989 332 -490 -431 364 -895 50 195 931 -553 -366 1175 -80 497 -349 578 -383 466 -152 -71 -154 -43 1343] 5158.69
[434 -426 -104 273 -334 -311 -1 175 501 -474 457 -379 -413 56 -467 1359 -273 -716 374 -69 498 -181 -1412 -145 -528 -211 1012 348 601 -531 -407 -597 639 -26 464 -23 244 -53 333 1067 286 233 43 536 -209 808 498 680 -161 614 -8 213 994 464 529 -450 97 -357 116 -261 -158 330 66 -347 -214 -103 276 53 -285 17 -544 -115 295 -512 -116 -235 -145 605 -305 163 -173 -891 371 -746 -4 -378 436 -13 657 -391 392 -577 621 108 384 72 -146 -117 -381 -267 -59 414 757 255 557 636 349 -903 -314 -533 13 -187 -10 440 421 -394 160 979 -179 -444 200] 5063.42
[1066 122 339 -518 -398 -876 1015 -20 706 -1198 -314 -67 -271 384 -110 -626 40 1003 -730 344 1004 -525 -60 -811 955 216 -218 829 832 354 638 721 -924 23 -127 630 27 384 305 16 -737 94 -310 -31 10 -434 -253 -494 46 -1064 -20 -96 172 -62 164 -262 130 -29 -223 -77 -360 441 185 19 633 954 -333 -283 -1145 720 758 -32 290 -126 -245 48 37 -84 22 1253 279 410 51 272 211 51 -451 40 307 -31 -276 54 -200 184 -317 178 -418 6 -99 -169 165 -591 -229 -30 -32 299 275 -299 -986 143 -115 -105 178 7 167 799 140 771 -340 101 279] 5252.37
[404 -769 310 -353 -701 -78 605 571 -248 -1620 140 -443 -330 80 854 -276 953 -345 -64 736 -150 -499 -252 80 672 96 -560 579 287 -245 81 94 -66 229 -144 -1442 -74 -884 215 -595 374 604 -357 495 -553 -376 322 435 -702 -161 -373 712 554 297 -219 -190 42 -45 -586 862 -264 325 -352 1253 1104 798 -56 -386 497 239 -175 426 451 -316 -728 229 77 425 405 180 -388 -430 547 -398 -350 1035 18 -594 -73 28 190 212 199 380 76 -532 17 244 258 -198 473 -901 -239 143 -99 -426 -773 635 -55 -367 -13 -1009 -1027 -133 -356 544 -684 -478 161 452 -284] 5617.44
[-656 268 853 60 261 598 -435 145 -21 -248 559 336 223 -172 -193 -258 25 829 -585 71 94 176 1553 -593 612 -378 -232 -650 -211 -42 -6 456 392 536 614 218 -274 705 -801 -132 533 83 -340 -457 275 -958 599 -227 -96 -167 -302 225 -666 -36 -7 686 285 257 804 325 -280 76 677 314 -378 -212 -125 -50 -37 -25 -154 -433 -144 -255 -418 299 102 -827 825 -936 -203 674 223 -182 -6 408 299 350 -273 547 247 -271 -1071 787 -125 460 -407 -290 647 386 -578 340 353 672 -354 -569 623 611 43 1307 -343 960 463 259 -187 -649 -197 -552 -601 -936 392] 5397.28
[-399 446 223 1203 161 -195 -109 -132 -767 750 -113 -228 -637 -127 525 -115 16 328 526 -184 -491 -15 312 220 -509 311 -204 -381 -30 -216 -165 307 -401 -233 176 637 109 131 400 26 -224 529 -632 -192 -463 527 -427 -344 165 -23 563 12 337 594 -948 -770 -302 -299 -376 -14 390 175 624 -605 -436 -115 1519 -584 -345 1068 -132 125 215 -99 -99 175 -468 -114 75 219 20 737 -92 628 -244 -440 274 699 608 292 -966 -150 -253 -147 -548 -377 -339 -374 22 447 169 322 70 228 160 679 349 185 61 -119 695 -27 294 -42 -415 -813 -249 60 -629 592 761] 4866.68
[-371 -499 -298 404 442 225 557 -3 401 935 170 -580 -386 439 -764 886 173 28 103 -3 -127 371 379 -912 -336 -332 105 -503 -619 518 -828 -731 235 -795 185 -605 358 826 -187 -621 353 374 38 -147 887 272 -365 -882 -106 -84 454 -417 -266 -834 -815 188 304 65 219 207 -69 109 82 160 -58 -177 -5 -269 -285 -377 48 -881 -357 -154 41 -504 239 862 229 -1225 -67 417 -222 -200 630 12 -312 -215 414 271 -48 -535 -117 -685 529 387 624 -875 185 439 -723 122 39 563 354 838 89 14 -59 423 93 461 -165 531 139 -592 -738 -684 -127 -532 186] 5093.03
[417 62 -281 -632 125 551 288 677 505 -164 -72 -107 419 -202 609 -514 -112 -411 291 77 99 506 -1103 59 53 914 -771 77 370 -239 13 284 -50 -192 317 -641 -384 -236 -678 881 302 -606 -84 249 846 148 -326 427 -268 -29 -381 98 1330 -388 -219 -585 -213 127 -517 535 -82 386 525 -416 92 398 -492 414 477 -651 87 43 618 -494 284 809 -30 -994 187 -629 983 -585 -337 -3 -37 754 -299 106 118 135 232 -401 34 566 315 419 -256 618 -501 1198 -133 450 -293 211 -61 -850 -794 907 -355 527 -549 307 74 490 -228 355 -302 414 -881 -17 120] 5228.32
[-924 -157 -211 888 525 535 -596 -229 -189 907 -381 653 -760 -548 -902 1361 -23 142 549 -1026 823 -46 -777 -22 -1204 -359 312 -56 301 -220 -127 99 118 -293 -104 349 641 543 241 -185 -681 -446 -128 -36 -787 189 -481 -4 336 316 -10 -45 492 -239 -58 -233 -485 -96 -315 -548 -256 -273 -561 167 -367 -614 475 335 -178 578 319 -272 387 504 -187 -162 -282 -500 -171 237 -597 -308 -89 13 139 -270 96 174 738 529 -408 -156 207 181 -18 -615 -49 79 49 34 156 -418 822 -478 -1066 -198 -235 379 -788 136 693 155 -309 -454 272 187 -128 -70 -739 -367 128] 5054.39
[619 -226 -329 -795 90 816 -436 250 471 -426 598 464 47 -173 281 -46 380 -560 -245 -1329 579 542 -375 -486 381 -139 -257 -284 -360 -524 440 -577 39 -200 24 369 -713 -422 -28 370 887 748 326 -577 -468 -134 -649 291 9 449 142 -841 -491 -9 71 503 628 -356 -527 -481 -935 -200 145 602 -499 -1632 657 -1156 601 -101 -220 594 -23 -1156 118 331 447 188 -820 278 -21 102 -406 -822 74 -121 -443 -756 -531 -1320 30 209 78 -36 607 677 -804 341 -71 25 127 493 -3 63 -130 -306 -436 -583 562 -185 73 -186 367 734 281 222 56 643 547 1241 -724] 5752.72
[-664 -141 -599 -872 342 -567 -399 62 -101 443 98 201 -511 -365 225 295 778 524 -248 9 825 168 -268 -482 -1263 -625 -179 38 -820 -192 638 631 996 424 400 854 129 -68 539 -386 -111 -265 1067 -1013 13 -293 752 577 481 530 -385 439 464 -536 162 -84 -387 51 892 15 -750 -51 -485 413 150 -534 400 -91 -555 181 -634 -472 35 -67 158 -212 455 19 795 221 187 180 -9 -986 513 -164 27 -236 -546 -625 129 -712 171 82 312 -450 -631 -870 -140 416 186 696 -452 -1034 -922 195 567 475 -952 -281 346 65 -218 -1153 398 -183 -516 -138 -857 -876 -132] 5649.56
[575 -329 576 581 -786 740 24 -231 -172 289 -58 -1033 -339 -277 586 -340 -635 1194 -248 -291 -295 -149 280 -354 655 482 -823 -393 -322 467 -566 397 287 -42 295 699 232 48 571 -246 -246 274 -494 -636 -884 -48 487 -344 117 -556 -365 323 188 -525 -148 193 -366 -767 96 -37 -111 -275 -786 -308 -133 -51 -182 -76 93 692 29 478 -318 -886 333 193 42 236 -321 106 762 -108 -971 -326 254 -723 270 257 -92 346 -559 307 -420 -741 222 -16 -330 -598 -134 -373 563 529 287 32 350 37 -434 196 -385 552 89 198 -42 100 188 92 388 -221 420 617 465] 4803.61
[4 107 585 -700 407 -316 496 -699 -497 -250 -397 123 -90 -736 -179 -988 284 246 -104 -43 469 425 -457 -95 204 -92 -1284 -90 -120 -127 -360 483 150 -279 -148 412 -206 796 289 115 542 408 -309 193 -372 8 150 -279 -326 642 -169 435 10 601 -438 -324 4 -1047 -12 -92 -738 -388 -196 300 437 -171 619 -568 -118 427 -301 -937 686 392 -826 -277 -553 -37 337 -394 299 191 -457 -831 -614 -251 187 1095 981 -704 679 -521 -741 483 -203 -422 -1366 289 -33 -261 -37 481 175 -56 -178 -146 -122 303 -764 -654 115 -388 -2 238 -337 201 143 -806 -116 -199 -384] 5159.33
[29 -219 -35 -11 -475 -334 738 115 -282 -296 -62 -509 -447 37 5 -156 101 -66 32 -39 -363 115 -155 267 -260 850 -158 -84 1063 -396 -487 811 -430 -65 531 -488 820 -1239 179 -61 309 82 210 -276 -200 -274 -316 -769 -37 -43 -81 -86 114 437 739 -324 1 -150 -591 -450 -624 -55 420 -110 315 510 -857 -211 -596 -12 1175 480 -456 -685 108 643 -617 1127 -387 -586 682 134 -158 -179 705 -635 47 420 551 492 -573 833 -94 -440 -246 -727 -510 -238 -73 273 -335 136 233 -223 280 796 -81 -202 -216 -531 -923 -187 -175 679 -20 -226 -1180 381 536 398 338] 5142.65
[-99 -599 -517 -609 -123 1046 -112 -6 110 -289 -342 -756 211 -449 307 808 -597 -19 -134 -718 735 597 -356 -461 611 -329 -75 -111 -10 -295 -20 658 255 -676 87 -57 -455 -262 515 642 213 -798 -361 407 -590 872 -134 291 342 240 286 273 1006 -1161 619 677 1039 -327 -179 -540 96 173 17 135 267 32 -287 -782 623 -1156 -211 581 430 -179 303 80 127 -701 104 -503 828 154 -1616 -1068 -83 -122 93 -213 -95 447 371 218 633 300 449 -546 571 -301 -1299 61 151 871 1048 -531 -237 -53 -736 -3 -44 202 -1133 -3 -624 179 -416 -255 -151 31 225 -64 170] 5715.91
[248 -81 -70 -494 -303 -598 -1279 -14 158 452 223 330 -81 245 -310 181 -766 409 -6 -282 -296 325 -151 -53 602 -779 612 -423 342 -351 100 -93 -288 528 -200 -80 -56 -780 75 559 -656 -643 -407 -771 386 195 -595 180 148 -839 -52 -460 545 -512 871 436 -705 150 318 -283 92 -179 715 238 407 15 -577 180 -288 -302 -297 918 82 -22 714 -177 -407 -859 -16 68 -366 -428 693 397 669 495 351 -514 -319 651 -734 -40 250 -104 242 216 52 -55 -3 -238 156 -91 -217 -415 -678 -376 584 755 -408 513 -618 773 -519 -570 730 -37 -380 606 201 -596 -152] 4975.83
[615 54 -815 -190 -385 1605 205 588 -97 326 667 -445 1095 432 -58 125 -212 -187 -604 79 -56 52 -374 -123 157 950 944 120 -290 -33 -590 420 350 219 89 263 83 -205 -589 1019 224 101 638 -61 596 -375 1125 49 -356 643 -196 97 48 -639 300 118 38 -236 -679 31 -756 233 -226 -788 46 308 -135 318 245 124 -465 404 -1071 -1132 677 817 105 -595 101 548 -651 -45 -657 -9 115 -36 711 -565 -962 534 251 -177 480 -715 7 78 90 -422 217 -446 -19 1313 -65 816 721 -564 42 43 398 -749 -147 798 190 123 978 -1053 607 170 -480 75 -147] 5719.72
[459 492 -207 -20 -319 -707 5 -21 831 -128 195 382 -489 890 134 -49 -1028 -877 305 -326 -200 118 -51 255 496 196 1223 361 -97 -220 590 -456 -777 -37 75 -338 -719 -281 -203 412 388 48 612 96 657 -70 -804 285 -785 1000 427 -658 -749 898 -405 714 577 290 -89 549 610 235 -566 277 366 252 517 823 -462 -151 -373 75 -470 -856 440 503 620 -160 590 780 -488 -79 297 692 503 149 -120 -1299 503 851 685 -463 351 152 50 829 381 520 -101 426 237 17 856 468 19 615 464 -734 -302 180 689 502 134 367 1462 -728 40 490 -234 -531 -4] 5774.07
[-278 160 279 343 -547 454 -248 -1012 -545 351 -343 -159 -971 -239 -366 627 -410 386 -1095 78 262 -211 31 248 765 -232 -310 -616 569 256 -668 247 -268 -182 -510 -258 -731 -149 -501 -371 280 -45 567 -57 -98 -297 663 -355 -790 186 -53 -456 -329 3 -45 653 111 182 497 373 352 1077 -429 793 -45 -624 -241 279 -20 -272 250 -497 -1206 492 235 -380 -234 -308 -2 -210 -697 232 -243 575 252 451 -38 317 -568 190 -245 -507 622 -769 -29 -6 1195 240 178 -125 641 -580 180 -287 414 374 27 -1157 612 -853 207 420 147 -687 -149 -161 -217 486 -37 -716 -71] 5170.45
[-341 -53 68 -287 -304 1478 349 -515 -181 589 -342 -471 484 -1019 -494 715 -634 44 -1356 87 318 -130 8 115 -844 198 -710 297 -360 579 -1406 471 1138 -134 -54 388 -62 87 -31 387 479 -459 228 -386 -259 734 556 351 -317 384 796 77 -250 817 207 545 -6 -412 -37 -590 -299 -420 -933 -283 88 -477 -1038 84 -348 -23 627 -130 -853 474 -541 -442 -288 -886 -510 -390 98 -373 16 -325 266 -102 564 532 968 -391 -356 110 -181 -437 13 -86 513 -334 491 -433 63 192 154 54 591 -485 -157 -68 -264 -596 915 -110 -410 -673 -416 -294 -429 320 220 -157 -251] 5480.58
[-61 -339 123 -47 -311 366 375 547 -426 -1260 -536 744 403 637 151 -521 -56 -671 100 -455 133 -364 924 -62 501 162 -289 481 -35 429 -362 62 796 -41 -659 143 -357 -1201 17 -91 -48 302 549 523 -173 -714 506 -62 695 -609 -732 -417 682 845 -736 -222 251 -496 -1205 3 377 181 311 89 248 60 0 241 140 869 608 -340 -148 -1316 -418 1027 -1016 -348 537 215 -324 333 380 -210 488 -95 257 77 198 -307 -358 336 -310 694 -709 -767 -217 36 430 -316 940 19 -83 14 53 47 -681 -113 658 -74 -56 403 -99 1125 151 35 92 -134 -23 -254 474] 5378.34
[483 -585 -258 -372 743 402 -127 575 458 924 -206 948 -168 312 377 184 -1210 78 215 77 780 -355 79 -189 60 -372 346 622 630 -540 335 132 241 -559 -355 531 363 -671 -669 48 -143 -438 105 267 196 -447 -577 -38 639 464 47 415 180 -827 -140 355 386 456 55 -318 -993 55 167 113 303 -32 230 63 -504 419 -234 967 530 -861 275 30 184 -514 -413 71 -62 80 113 -757 372 641 174 -571 32 210 310 427 -443 108 851 110 -265 523 -297 45 334 67 459 -163 121 -316 -669 -394 751 -85 -482 639 -778 -476 468 1195 -142 851 195 567 -169] 5097.03
[111 -498 -771 -116 -375 -430 926 -396 296 -614 -61 -136 -830 -179 -808 -192 -367 84 26 316 900 -420 -563 239 -4 229 -151 701 -207 55 545 -452 59 152 359 -320 522 -245 -851 -34 -164 -867 -95 490 437 443 -356 -227 -17 -135 559 888 322 -281 423 -1127 625 652 355 -63 -970 -152 468 -487 -393 -393 121 -576 467 196 -20 288 63 -99 445 434 -797 -8 -929 -232 60 -23 -6 -251 303 829 -353 486 -15 366 -474 637 673 313 -508 311 -39 -46 56 -236 268 -529 254 495 576 423 -38 -374 -741 240 618 -128 -51 80 -277 12 339 534 -211 325 -701] 4917.44
[421 -200 -259 59 -608 -985 736 -34 545 -538 -296 -207 422 -135 -345 -361 366 -1073 183 -714 -240 139 -189 248 27 -163 236 908 -637 749 231 523 -573 881 -667 -735 62 -50 702 -289 -353 193 -445 -453 -238 -310 -34 -594 864 -89 24 -364 -55 268 -534 -98 -458 423 -629 417 429 81 135 -388 82 -130 -39 -67 88 -472 164 -53 -288 435 229 401 -304 4 -76 -162 -193 719 174 679 -17 462 -706 416 696 -434 -57 427 -7 113 -307 270 -473 159 94 109 200 -534 -1142 -259 310 537 213 427 -956 -452 740 -363 448 122 661 1213 -202 -345 789 -414 803] 5081.62
[-872 741 -183 142 194 -325 -106 409 -846 621 -488 18 244 782 696 -1104 -268 -5 84 580 -481 460 433 -360 -54 1202 -184 255 -658 442 109 -646 -157 -711 -604 -71 -839 -75 -344 -275 -880 280 136 -451 203 -155 -813 -334 59 282 957 -121 -907 1109 -436 -464 167 34 192 258 446 -161 388 -353 -606 -102 -414 825 228 -863 -540 -376 -331 1 -739 321 -930 -459 -3 -237 576 -4 145 996 -1273 -136 49 956 -389 1024 600 -506 104 347 -765 258 97 -53 311 -272 -333 -34 221 612 152 -552 698 317 -136 284 412 -547 1497 40 593 -495 -143 -548 -1042 208 -74] 5860.37
[258 -267 -123 326 17 -164 -1376 283 932 -608 -20 366 -125 746 -444 638 -409 -448 -824 278 -238 -291 124 -101 700 109 447 336 91 -683 63 -394 162 -449 -190 373 -257 -562 -686 148 -232 361 1189 -22 925 -806 800 891 -598 296 -223 253 -252 8 244 -433 64 10 -467 -252 -608 -289 373 44 -545 -236 19 416 -692 399 144 56 -452 -595 663 -761 87 413 -251 485 -643 -963 919 270 756 179 15 -122 -14 -160 -622 -439 333 -33 142 -1094 -79 -292 334 -193 459 275 -194 -366 220 863 963 -529 352 -455 490 -148 -1031 446 264 830 950 -316 -361 -282 360] 5460.74
[6 162 -7 128 751 -154 -155 31 -537 773 -586 -17 -104 -451 1 507 -649 80 909 -446 -755 435 21 796 -336 -360 680 -199 -201 -128 -167 25 516 377 -1521 -143 -177 -444 -271 195 20 -45 260 -394 -78 206 -885 1039 286 286 43 -250 1120 585 -573 -443 89 47 -748 654 603 229 -1008 192 -359 272 123 103 -301 523 46 629 614 -861 758 68 602 -373 -66 128 -953 -481 -249 472 -367 163 54 362 -491 950 -808 388 -95 -102 -155 -320 735 153 -506 -332 862 -372 -457 539 298 217 -899 -569 -255 656 -31 363 250 298 -208 -352 261 -326 -89 -97 209] 5277.27
[38 -114 -418 29 -67 -336 -548 -95 796 500 -236 358 537 -940 -443 710 -136 -325 -568 181 -67 -136 -283 898 -859 150 -608 132 -887 -838 310 -18 -459 19 -501 -225 804 443 271 -251 -1148 -265 410 -679 112 184 388 227 -96 -126 -230 195 -344 328 -74 -295 -313 821 586 401 -672 180 1127 54 -170 -756 -373 299 -136 -66 -12 316 -675 -313 40 -263 77 -415 -514 69 3 -488 757 326 599 101 -630 228 -664 -217 -380 463 97 670 406 -434 325 -785 2 -73 -610 -459 -337 -265 -464 639 219 469 -524 56 -263 -239 -783 -504 -446 -266 -354 1121 -402 -313 315] 5097.78
[-998 -100 -727 597 91 -562 -19 -141 -224 142 43 379 -182 205 -275 622 239 -371 49 -164 61 620 -229 96 -103 -63 73 135 -32 -686 104 18 234 -47 -794 -129 562 559 638 -528 -908 78 -265 -564 -203 -261 -527 -335 -547 -103 1 -369 310 10 276 -355 20 -68 814 365 693 496 -519 428 -243 -118 891 799 769 -204 -506 -753 196 443 -569 10 -130 -218 192 -165 -105 -87 140 -211 228 -819 -367 770 -464 -199 421 -109 -381 -172 428 -53 163 -586 366 354 -827 283 697 -134 -465 840 -349 -425 -511 -239 -763 -172 2 84 476 -343 -195 348 402 -332 258] 4640.05
[-589 -487 -555 -343 53 410 162 533 -48 -1250 -1036 -120 344 145 -304 649 823 -398 -579 -413 -1071 426 489 -748 -65 -339 -116 -141 65 230 56 -511 -329 -257 -121 -886 53 151 135 -436 213 855 342 524 222 -1238 -127 -570 -358 1068 307 72 176 282 251 623 467 -61 -256 -142 228 459 620 629 -419 -511 290 277 520 -454 72 -1251 -701 321 -392 40 -400 -5 921 -155 88 914 74 -677 -206 501 -491 520 254 -22 305 -497 -362 830 630 150 394 -281 456 90 208 175 -236 -32 333 35 4 -223 915 -223 -833 211 -760 -21 481 -236 -539 -1520 -191 -319 0] 5520.2
[202 245 308 -886 -121 235 -14 196 -384 -224 -380 1013 -237 -81 35 -963 -227 -500 556 -361 685 -796 313 -605 480 -769 -227 -377 -437 263 -342 -749 -737 -416 -185 275 -236 -468 -719 -330 149 5 128 324 -334 92 219 450 307 257 -481 -130 -464 122 -586 -3 -148 409 310 -665 -926 -447 324 243 274 -191 380 -104 10 250 701 -834 171 -133 -479 416 35 15 1353 -775 -1270 799 446 -412 209 65 -381 -180 3 -539 37 207 -815 318 293 58 -500 91 -601 570 366 -131 435 -243 278 560 185 253 807 559 287 435 -625 -247 -255 147 -392 77 95 -549 756] 5095.38
[487 487 -599 -721 -823 -1247 660 -83 604 -222 -328 -130 -736 369 -254 508 725 -819 317 -161 -202 -194 -302 -271 -22 14 335 -254 -364 296 96 -63 318 184 247 -392 413 384 -230 -1149 753 -550 -92 -18 -59 -321 -264 252 -77 187 -268 33 -507 307 -16 809 -297 -257 581 1147 -535 -323 -313 1157 235 584 373 115 56 -521 -149 -805 -667 89 135 -365 175 489 -544 -810 159 307 136 -115 684 -872 -137 -121 -731 390 -135 597 133 -186 38 -126 141 -268 674 801 -723 -82 322 -50 -192 673 -172 -581 -638 431 -138 79 -447 332 711 -622 160 -481 561 -34 233] 5142.72
[37 -568 640 430 386 842 -891 729 539 408 490 -298 -1388 478 -643 366 -97 -201 577 336 31 -144 -50 34 -711 1056 301 473 -360 271 -358 -90 713 -341 -18 830 -157 360 4 -143 667 -43 802 -371 -735 849 -246 -26 949 -289 -637 1035 -733 163 -313 -334 -77 -843 -446 -10 -6 120 -231 -1325 -505 679 107 302 -413 690 -328 -128 -493 334 373 -351 1077 922 89 -118 750 45 -699 133 -201 -765 -117 158 -137 44 -215 113 -556 18 -266 -901 -396 864 222 233 302 807 -227 -133 183 471 -48 258 -639 -541 152 -1451 442 46 158 -13 -152 -291 -666 646 -588] 5757.74
[524 -85 204 -207 -230 -111 826 -396 -270 -750 -17 -141 -442 -84 -813 -394 -379 -370 -26 430 -494 -363 -379 156 -29 97 -120 -57 212 180 -17 41 -301 -132 559 321 -127 181 -188 -236 298 -1057 -183 -451 -1225 639 241 -46 350 -780 403 121 -305 -4 294 117 167 88 574 -23 -51 291 -369 173 316 395 909 -189 -13 924 -635 -71 249 766 -565 91 -469 22 -120 75 787 234 -316 -671 65 360 116 -206 -355 -270 -351 392 -785 -125 -49 -1027 -115 219 -594 72 724 70 115 82 453 1131 -542 -126 -79 205 799 -360 -786 -48 323 263 -446 764 -436 -754 -269] 4797.79
[-192 185 1067 -542 -116 257 287 148 62 324 398 -328 -183 121 473 -198 269 811 368 806 38 -282 -288 345 132 -273 -582 707 325 -739 -394 427 85 109 98 613 -6 71 -159 -199 -47 765 -213 -512 -25 -522 1309 751 -66 356 -436 -21 -8 -280 -890 -1102 -1276 -349 -124 -174 -357 -491 -516 94 708 235 422 -55 -343 -39 481 490 -304 -403 -49 -482 -340 -480 -527 -131 -445 -385 412 822 820 -1 1046 -328 1017 -236 177 183 -23 -2 204 -399 -147 -501 307 20 548 118 627 213 -411 234 912 356 792 -318 -175 180 -857 -565 -522 151 -560 1099 525 485 1292] 5466.38
[-19 -310 -237 -187 4 -107 410 -206 -889 -413 211 -112 424 -217 -7 -1037 1228 -17 15 -423 -845 177 127 -165 -319 -238 -240 -839 -214 724 544 -584 -441 940 232 150 -223 404 64 -879 255 -52 -235 -304 421 193 23 -67 145 182 141 -1153 -15 -481 707 -16 300 694 -231 -353 337 -253 -254 599 222 -421 -1 -429 779 -1119 493 364 192 196 67 -690 -255 559 583 -143 -266 828 -35 -578 -660 447 -70 -495 -704 -46 492 250 131 -612 639 378 180 -870 -350 -395 68 230 -186 -453 148 102 764 93 751 391 446 236 -343 -588 -387 149 541 -151 371 -191 -37] 5014.59
[264 305 525 -222 856 -62 102 -1003 114 234 581 -111 26 -215 61 -1013 -444 -1117 -91 562 -1366 866 594 1434 62 -249 619 137 393 -163 -155 -251 -42 -144 -328 -92 -646 723 304 860 453 303 102 -302 -67 350 301 679 242 -361 138 13 -160 1194 -12 46 160 -486 4 159 -208 588 199 94 170 -110 192 500 -437 300 -37 291 -43 267 220 -507 282 -138 -12 43 -1022 900 159 281 -629 517 -671 432 542 -329 254 -88 -1256 -431 489 542 454 703 -293 -247 -502 158 -1192 987 -376 15 -520 322 429 -268 272 -486 57 -33 203 -85 -350 123 968 -153 62] 5440.36
