[-475 -13 84 -314 -127 155 -116 -484 -268 -285 -227 122 -262 -273 -427 457 -221 18 -65 -133 -51 -100 331 446 -312 34 188 -41 -102 -255 648 -452 -548 299 75 -89 625 -41 -65 64 -260 -694 467 -33 72 426 -498 -104 144 188 151 -54 314 450 -432 296 93 -327 -292 208 -125 547 74 -293 106 510 -570 142 -491 15 -62 129 -33 -7 -593 14 344 -203 282 -241 138 -180 -126 -337 -151 438 -666 -205 -172 19 -77 -403 -232 508 -200 225 -247 -129 203 -120 17 -463 136 111 -246 116 101 407 150 119 167 -286 212 -286 -153 -167 -188 -242 107 -136 267] 3175.52
[-115 283 582 306 -169 -44 -432 -571 -3 592 -193 -46 271 41 403 19 -181 662 166 259 -368 385 335 -161 -64 435 -54 -281 -85 43 718 500 68 -209 168 -230 118 -213 -332 -252 -113 -234 74 20 -728 272 456 -70 176 -51 334 -121 46 -372 299 269 335 183 -351 -29 217 86 -346 -364 38 -69 -118 -163 -10 -353 13 140 51 21 -127 118 197 -357 -66 -109 -149 376 -60 87 -187 -176 -382 -210 17 -128 88 2 -386 -17 -699 -332 -176 -670 290 35 -23 223 260 123 286 -621 -384 -570 36 -373 -81 16 205 23 359 -645 72 -28 -361 107 -90] 3188.02
[-486 603 296 -268 370 148 -587 -443 -104 221 -190 -274 393 -335 -37 785 -193 86 302 514 -214 -37 599 101 -441 101 -36 39 46 148 364 -623 -80 293 -219 -85 260 195 72 -295 -504 -95 383 -603 -127 39 2 -238 191 334 210 272 -52 32 -962 -87 388 53 -355 522 -10 -307 -570 -62 -266 288 -273 -9 -253 2 -237 156 138 304 -474 166 146 -9 -310 -784 174 -344 113 -26 94 -67 172 -16 -244 -119 289 -453 -158 531 -119 144 314 -145 398 -404 -306 91 374 636 267 -151 -395 333 116 -636 10 -566 731 -318 -324 -267 -564 -41 50 273 -6] 3636.86
[205 150 434 415 -132 -206 347 236 54 77 -12 144 137 334 -191 358 780 -112 -73 129 340 2 -620 -400 299 268 28 -464 -156 -74 112 399 63 -430 594 -264 157 70 -342 76 255 -544 201 -198 -147 265 342 218 -82 86 196 425 259 -431 -643 207 -498 -132 -143 -25 252 -532 -22 -737 404 -230 262 95 -362 -195 -23 281 -99 22 -44 -440 -17 -148 211 225 397 -105 5 -644 -10 -117 -155 415 -204 46 283 -30 -252 295 -380 467 -73 133 229 117 -77 177 -382 238 311 -190 292 -692 574 90 89 -21 -313 136 -4 2 -40 -61 -43 272 225] 3219.3
[506 -703 627 351 285 192 65 -284 159 -4 -802 -186 -303 -484 279 -225 -722 138 -563 -514 -783 408 -77 204 -134 326 -712 215 -781 104 216 325 163 61 4 375 312 -522 28 397 132 -330 58 366 375 -251 -219 228 -116 -55 -217 122 -78 -67 1045 -290 268 63 199 -355 -181 -162 89 343 -371 -133 -48 72 415 -246 103 -232 -22 -57 46 748 -27 -314 -16 120 -44 397 84 308 -228 83 -42 -244 205 -127 -310 525 -214 -561 -129 -272 -647 -265 -491 232 128 8 -72 -104 -459 -291 255 380 63 150 -323 67 -229 -430 678 339 134 -283 -1 -225 135] 3717.64
[400 -592 -890 135 -223 -72 484 -80 312 -455 -328 -223 -184 161 -77 -262 -184 -449 -384 -112 16 -287 249 -4 -239 -591 548 233 587 118 -468 243 -67 -350 -30 317 -514 17 583 -807 -120 688 -906 -105 51 -126 -332 -153 104 128 -550 70 97 354 409 499 -1 151 529 -123 189 294 164 666 -199 -361 71 240 306 -59 180 279 -345 18 93 -169 -308 302 118 349 -538 289 -107 1045 6 -83 -68 132 543 289 43 204 483 81 -30 -310 602 -47 123 141 -8 271 177 -128 517 60 197 363 -389 500 -179 280 545 -262 341 74 452 211 192 84 -293] 3797.92
[266 313 274 -292 54 292 425 -285 110 -371 -242 -127 152 232 -282 501 -284 -182 -353 -401 -202 -409 -249 76 -100 -78 108 -80 377 85 -644 -504 96 250 328 172 -243 -168 -277 -105 -114 -193 -101 -348 471 345 -329 42 430 308 -83 -131 285 -434 -271 483 -505 -205 -46 -90 57 -97 -665 9 378 -431 -170 79 -696 307 215 170 -270 375 -93 424 -356 330 224 282 72 -71 -796 421 252 -187 86 123 610 -84 -369 354 170 505 -465 190 345 441 -278 219 -46 44 -153 -283 83 -26 -155 -14 -200 76 -68 -312 -268 223 107 553 -112 327 203 -27 -211] 3281.98
[-428 239 -167 331 -546 -340 -408 -299 -139 -26 -42 192 271 -446 122 517 5 632 293 690 -163 395 20 -195 -591 -259 232 348 -241 -282 619 303 -275 -439 581 -269 -221 403 -99 -568 -240 234 241 -119 -573 -430 18 -251 35 -7 834 392 160 -307 96 -122 544 -30 -207 -176 393 31 508 -56 -189 339 67 261 560 -432 180 -203 234 -445 -58 -30 188 -64 -175 -456 -91 -44 393 267 -24 11 293 277 -286 -484 277 -472 -260 12 530 -4 168 -102 561 -421 81 44 -95 -71 197 353 -504 100 359 -411 -162 -328 456 338 -366 -659 -379 307 -591 425 248] 3693.12
[402 299 -585 -233 520 -273 588 179 119 204 76 -268 0 456 -77 43 199 -43 7 102 373 -359 -555 -8 538 -19 -68 -281 -54 133 -181 531 94 40 -231 452 -510 322 272 -547 37 -62 -489 -481 348 315 212 31 352 233 -251 -199 346 -165 -372 567 -326 301 238 -84 410 -356 -298 -250 -1 -155 794 -429 -255 -662 283 11 -286 476 46 -590 -471 144 228 552 -224 -258 295 222 254 -655 18 -251 425 885 9 -474 671 -133 -182 -253 511 194 -146 415 -347 343 302 -78 410 -88 662 -79 -87 224 523 184 198 -47 113 494 634 182 -420 -323 217] 3809.86
[403 -632 -989 -224 -585 -496 657 151 -142 -182 -211 93 284 168 207 -692 966 12 -11 -71 680 -162 -206 -116 258 136 362 -341 575 -326 -118 685 -153 -993 -170 -240 -789 463 47 -461 383 610 -686 368 -368 -233 282 179 -522 -94 -162 38 -31 -81 128 202 -204 456 156 6 136 766 294 21 233 38 257 492 303 148 203 919 7 -164 168 -409 32 296 408 188 -154 -179 -34 -67 28 248 -181 1105 -428 155 -392 797 231 105 -351 -116 -281 72 338 -106 49 124 19 238 474 144 635 -323 22 784 -148 166 450 638 281 -476 64 -286 107 114 -300] 4276.33
[-7 -619 -16 176 -70 -42 -837 -422 22 80 -832 -350 228 51 42 -197 -416 -308 -80 694 -97 54 460 -573 -305 -40 69 211 234 -242 732 -111 -206 -60 625 -538 262 -235 261 -237 -554 -578 -340 122 -420 -54 -149 -194 122 459 95 539 20 138 -57 255 44 -263 263 -71 100 -57 -192 -241 -189 -635 -433 -203 -402 -299 -258 -478 13 -309 157 -86 -506 -170 191 -133 -66 198 524 245 -6 134 102 -84 172 197 654 -330 -36 158 237 -23 312 -170 -61 79 -334 694 99 194 522 -366 -616 477 188 -234 -263 449 624 -155 55 -333 49 421 171 6 427] 3610.14
[569 -884 -39 -324 222 169 12 370 410 223 -187 -199 207 -156 106 -784 443 -866 -142 -152 388 80 -429 -17 61 -489 -253 350 -119 337 175 312 -35 -337 -427 240 -163 -149 -157 109 26 70 -701 16 -405 11 440 263 5 45 -436 -175 97 220 181 170 -491 532 550 -252 123 -291 279 -63 -134 -470 634 -540 264 -275 -77 -391 314 322 197 -536 -432 -315 144 224 -367 -14 546 179 -365 135 135 -136 501 1371 -273 485 174 -79 -544 -262 389 536 -529 587 72 430 513 -301 322 -60 789 129 44 241 463 570 31 -329 -2 -98 405 -67 -102 -453 239] 4041.67
[310 39 394 447 -454 -378 -135 390 130 -211 525 -289 -575 -339 178 -32 -202 388 -144 -331 -534 769 -393 899 -290 181 -367 163 -760 -157 37 646 364 230 -133 424 37 -245 58 612 197 18 19 579 230 -879 49 -207 248 -441 264 -168 -102 54 1020 -328 306 -711 360 -412 96 -254 577 666 -399 444 398 491 1184 -306 -170 -109 -328 -424 -126 123 29 345 114 -221 -393 977 245 308 -498 -213 525 -671 -138 -559 526 -848 -233 -916 706 -390 -534 -828 360 -51 453 -391 -121 -661 -627 -223 14 266 -170 146 -98 385 -251 -42 94 264 697 -182 -381 317 441] 4727.11
[118 -36 -201 -586 411 -215 -39 -153 691 -511 -171 -50 309 -413 -155 -668 129 92 -186 -468 295 -207 500 599 -458 -290 -246 76 270 235 -96 -124 -445 163 -737 -276 605 -190 132 558 -131 -235 -34 541 -356 13 -672 40 175 -288 -440 -245 -300 450 482 1 5 -347 -155 501 63 1067 -150 382 -451 121 -403 657 67 -124 125 670 471 313 -615 91 222 -183 -119 -601 -181 282 -502 39 -260 273 -635 135 336 301 -539 321 -198 415 -691 -92 -455 -424 321 407 480 -332 251 423 1 -275 287 636 -226 128 362 -178 439 340 66 -290 136 -524 585 -109 -265] 4077.4
[-260 -82 363 -733 -55 466 -521 -45 104 104 319 -666 48 228 -209 -537 331 -674 -228 171 388 459 339 181 -200 -245 210 300 559 147 -346 -655 71 520 247 97 301 395 6 334 -627 -46 -670 -156 -73 -335 274 -94 -220 797 -248 186 -493 687 -693 131 -15 -621 335 348 -395 245 -772 241 614 -9 -295 -251 3 173 -164 332 36 107 -76 -283 -65 433 319 -344 -440 485 -77 -134 -390 -506 256 -34 -394 -118 458 -259 -90 233 136 -1 655 -426 197 -47 -55 77 835 681 -87 -48 -189 400 -356 -291 94 -330 498 -452 -329 -580 -124 -352 325 287 -163] 3997.84
[720 143 651 849 189 -40 304 406 999 -336 138 -556 110 -350 -429 -26 -28 -608 -357 -527 -544 168 -483 342 -221 80 -127 -116 125 153 -587 278 682 -267 -318 205 586 -848 189 468 563 117 -280 -152 305 -262 -152 -140 314 -661 -421 413 -39 -26 473 197 -124 -153 183 -309 396 -561 -126 81 -321 -1168 -2 492 139 79 -193 510 -295 6 264 -71 591 99 51 -126 194 242 -628 649 -975 89 29 80 565 -321 -134 445 -306 578 -153 55 507 437 68 329 526 -182 -61 -69 519 -377 491 -582 -147 545 352 230 -969 -244 402 749 261 -502 620 100 -96] 4530.74
[310 -17 -227 181 -57 -236 271 -148 -346 -45 -179 -214 38 -138 -501 651 42 136 -295 -19 -514 297 -501 303 -186 -515 421 380 -389 -142 79 213 -651 111 1153 145 8 121 -128 -53 -80 -672 -205 -352 653 -153 117 101 -229 170 343 199 446 -490 228 366 -135 -54 -164 -63 515 63 102 -191 864 -372 -57 -345 89 -282 375 -635 -700 -357 357 -281 -337 -11 130 523 -161 -324 338 643 -532 -80 -284 -221 55 390 -339 -227 102 51 -30 952 853 698 -582 278 -6 -36 25 -750 117 590 -296 48 197 500 456 482 -602 -523 116 40 647 379 -511 -363 603] 4190.28
[210 -205 581 419 -566 9 100 198 67 -251 128 325 -369 -453 269 -299 -494 -299 -349 -343 -624 -305 -611 -37 -576 -417 -223 104 -19 -159 163 -175 718 -230 -106 177 -247 273 -211 128 -22 245 23 39 672 61 -277 146 217 -444 37 48 507 202 508 -352 -530 6 150 -552 -322 -861 453 82 -453 -185 43 649 -321 859 31 -350 -103 282 517 220 -743 63 183 193 63 -12 -516 93 -31 686 515 67 770 -370 -426 455 -420 -151 461 69 379 614 -357 -304 -54 479 -263 -592 -94 -285 -1 -74 -1 237 -65 254 -613 -320 377 302 -392 273 162 -476 -38] 3972.17
[-102 -976 51 180 -366 -242 -78 114 -179 147 -289 -174 -444 -168 -40 -522 91 -239 67 124 73 386 -315 -253 355 -480 283 -62 349 238 466 188 185 -495 -605 -346 -346 644 167 -419 -244 791 -248 289 -446 -81 282 -123 -108 95 477 53 329 -13 185 471 151 -65 96 -308 -194 457 990 1 -112 426 -176 213 -210 592 183 274 336 -273 -4 -41 264 377 26 265 -844 368 -121 -155 -178 888 306 316 -451 9 -12 -5 292 -26 224 -546 -356 -366 106 -329 -28 65 383 379 33 530 375 -187 12 399 -300 398 864 -258 -337 -412 -83 -245 -37 -18 -220] 3780.83
[383 576 -6 -228 -39 195 -568 -507 15 140 -655 -183 861 -232 409 310 -25 41 -208 -458 -273 -181 802 86 -550 665 97 270 236 243 -562 -325 186 452 -437 -196 216 -910 368 216 -262 -251 -72 271 -245 -387 85 -307 840 71 -816 472 -339 246 72 -507 -38 197 -314 584 -572 137 -987 585 -13 -482 -159 196 -94 520 -487 385 -391 256 -810 572 -476 -293 -318 -265 534 -59 -486 390 277 -33 -298 -112 376 196 -321 148 47 247 -1031 -425 -75 -473 -100 -52 225 522 -431 -218 119 -1583 -177 414 6 -402 -261 80 86 338 256 317 141 171 1022 173 -128] 4646.7
[242 -527 -534 -531 468 67 52 -184 174 -403 -271 -275 342 409 -55 -323 231 -260 100 180 391 93 999 -94 553 26 -661 450 9 -238 273 -148 -1094 521 31 -321 294 -239 549 -181 -547 -380 -883 979 -271 -109 -587 399 -409 296 441 -232 -110 461 32 495 209 -277 305 707 -17 1421 -72 161 194 95 -549 34 -349 -372 302 21 428 -221 -394 86 352 -402 175 199 -861 562 290 258 -414 174 -726 -304 -379 632 251 -72 124 301 29 -301 -860 -406 117 321 57 -315 934 426 244 376 521 768 -139 315 296 -98 675 9 59 -389 896 -178 389 -367 261] 4736.02
[-132 124 699 183 905 -326 -466 -127 -34 1100 -87 -851 -117 -134 -141 237 23 -217 125 -378 -843 160 -243 -17 749 308 51 -353 -454 335 190 938 880 231 169 -78 -81 160 309 -15 403 -227 -56 -801 292 378 587 -335 173 291 -22 419 -153 -532 180 298 333 108 -175 226 -41 -729 -318 -273 387 -917 153 -1433 -178 -307 64 -527 -668 -358 790 -23 12 40 -657 36 -42 -331 97 -54 -44 -42 -11 -429 -43 164 -201 -125 240 -224 -14 -74 988 302 -579 861 -440 70 51 10 383 -152 -184 -689 454 -568 -203 613 -246 -613 -19 -159 -296 -411 -350 -231 57] 4629.68
[301 -160 555 -55 -69 330 379 -914 -243 -64 -748 -38 -418 292 -495 1076 -548 954 5 -528 -1527 240 205 276 -4 -51 -122 -249 -424 -8 198 23 -299 -24 475 461 -110 -88 20 -547 -25 -669 324 -229 195 733 -150 -397 296 -167 254 -332 294 -133 300 848 -436 242 -55 -335 345 -235 243 180 -62 341 -109 -479 245 29 426 55 -862 210 -189 359 318 154 198 757 -256 325 -62 254 287 0 -1173 -618 273 171 -584 -51 379 -92 -1292 129 -344 -109 75 -206 -109 -241 14 -1065 -300 187 -289 153 -136 136 -429 718 -36 -461 62 -188 740 21 -427 222 365] 4724.64
[-649 -411 302 -636 888 440 -627 24 -89 567 -386 -41 445 -675 425 147 156 -169 312 -174 -497 -366 595 105 -126 329 -259 139 266 -442 326 -844 130 -251 -365 -655 539 -439 65 608 177 -413 386 -167 -118 16 229 -386 -2 -471 -567 169 -679 607 -96 -180 -541 432 -324 -203 -25 15 -284 66 -499 -376 -133 -400 -43 571 -162 170 220 144 110 371 550 -55 -65 -800 822 -499 344 -273 478 820 -402 -301 81 222 -305 685 -489 -4 -317 -119 -48 512 -111 79 113 -536 -475 -209 151 -628 -543 266 340 -999 -257 -50 -399 502 307 -111 -759 -579 -158 -131 286] 4472.14
[96 -31 565 470 -695 -513 537 -29 205 -288 462 -132 -198 573 105 -234 -90 -23 -76 -17 422 809 -165 478 195 31 79 -216 155 188 82 298 162 133 498 512 -483 -330 -836 492 159 289 -46 237 -172 153 15 338 -44 -38 797 -724 102 -506 344 58 104 -7 632 -97 320 -136 -7 -19 929 -61 -457 -295 276 -1 -336 -332 -152 196 -222 -162 -80 231 33 480 -854 873 -325 845 -645 201 779 -340 18 -318 224 210 110 -418 -293 -206 26 406 362 457 -188 -82 -279 -375 107 411 -333 -375 -598 495 -118 222 -192 -319 128 78 292 534 -238 104 -432] 4065.54
[-122 947 -547 430 -72 -117 -57 -14 -38 391 963 397 -246 -97 97 510 -48 -26 440 4 83 -801 843 1085 -542 -480 160 -507 60 -110 178 417 40 307 -431 93 114 -274 -295 91 -120 485 57 -3 122 98 -435 -164 167 -253 -393 -551 -181 451 -125 -191 713 -158 142 904 276 76 -200 -176 -846 297 -326 717 19 -538 -214 -185 -260 -377 -203 -369 -238 -797 -628 -463 355 668 -197 211 -415 -475 -741 -355 -50 123 380 -308 -599 -312 274 1052 566 -1088 728 -40 -100 -162 96 408 430 -263 -441 305 -464 -61 209 -24 10 -598 460 -550 625 -181 166 -149 -444] 4667.61
[-497 815 -202 -438 -292 37 -23 -568 -202 299 497 61 -226 -409 390 219 115 753 489 -47 98 -139 65 726 -211 -650 108 -306 127 -66 -86 -370 -160 -315 -852 281 113 -273 -98 -381 316 337 -215 262 145 120 517 -208 383 -257 469 -848 -67 411 222 290 -53 53 -490 107 -27 546 -680 -94 532 259 349 574 157 247 -90 431 145 -33 -652 177 334 -40 -59 129 -182 278 -1083 284 -260 374 -263 -437 392 548 -750 135 -105 154 -262 -295 210 -40 52 -103 294 -332 114 390 19 -87 -581 -430 -608 108 894 -156 -11 -30 266 -472 220 -1 60 -537 -4] 4042.79
[-118 -332 338 408 283 21 407 12 -1 500 -67 214 161 222 377 -349 -907 293 -129 -624 -785 354 -261 -399 434 288 522 -93 42 -77 -231 277 251 260 -129 221 -224 -91 -46 -267 164 1094 441 -345 -322 288 351 76 79 -616 -443 -33 100 -752 1479 33 10 413 313 -533 -86 202 -66 611 -240 -138 86 -291 -221 280 649 460 -279 153 532 409 26 442 -66 413 -284 354 -736 536 277 165 -48 -334 466 -1029 -126 710 398 -424 -474 -449 -430 -1009 -386 167 -491 -417 -100 -590 -184 -226 359 -457 -88 17 -582 289 -275 89 534 -2 239 47 -493 -227 -384] 4506.78
[10 484 -1167 191 -76 -161 47 393 227 -180 313 319 349 -124 188 -64 239 -33 554 -248 460 -204 -67 -327 350 97 452 210 486 461 -570 51 110 640 -570 199 -433 192 1012 -442 168 1464 143 -161 6 -55 -329 -450 343 -549 -304 818 -95 -223 487 181 1015 -90 -188 -90 98 24 661 396 -502 103 602 184 215 -645 -228 220 263 248 -387 -338 802 448 -677 -212 21 -728 -124 445 659 -356 266 388 -8 -169 106 -437 653 132 512 -955 220 232 213 -189 107 -553 230 -637 287 80 344 138 453 -197 39 -332 480 755 -355 704 -340 724 477 242 -301] 4743.83
[-398 -112 -498 -436 -619 538 395 -89 -593 -547 289 -103 -417 343 -305 -353 359 -353 -240 82 220 -153 311 556 -506 -124 489 -316 459 105 -148 -334 174 -147 -605 343 190 401 255 -289 -567 -254 -467 -146 94 663 48 -468 -24 242 -579 -137 621 791 -786 788 -290 79 -120 416 -587 925 186 78 196 490 -416 82 31 633 289 555 -427 -423 -202 -529 -89 310 746 838 -374 541 -413 111 -696 255 -626 -236 -31 -20 -347 -49 -18 145 -409 35 903 -112 222 455 204 45 343 434 52 -173 608 -316 -17 363 -70 -342 -175 -388 141 -307 358 -1027 -415 -98 -580] 4497.54
[279 -291 -135 -170 707 145 -2 -600 -429 78 -453 -274 -219 -307 81 988 -140 31 -380 -840 -1018 22 -14 54 -303 -495 13 -119 -253 242 206 -583 -138 595 170 -201 144 -312 664 -146 -232 3 -75 -441 1206 -58 -586 103 -61 407 127 206 -55 -83 -283 183 164 -317 -816 -477 -234 159 -525 58 19 -73 246 835 -765 -40 -103 280 -126 304 -12 692 -309 222 216 -502 47 -670 -271 -265 45 3 125 201 391 -166 42 -38 -48 461 397 -30 287 278 -223 -305 -204 -271 -143 212 193 -200 2 135 -149 186 41 -220 176 -38 317 332 -1 -391 389 -345 310] 3924.22
[-63 -87 123 201 29 -101 -642 33 -239 397 638 548 -116 156 288 -216 205 516 424 236 400 551 450 -156 -147 94 555 -393 -151 -146 862 -595 -823 -51 399 -604 364 -384 193 566 -232 -439 132 51 -549 -50 313 436 -404 -92 671 -50 65 439 -51 221 -195 -268 -203 440 -28 578 88 -672 526 -25 -364 281 -454 -29 -725 -444 114 -559 43 -125 496 -264 132 -593 -402 -223 -74 -698 -387 -41 -135 -70 -891 -257 419 -641 -550 -112 327 295 632 28 256 -367 46 -430 -318 344 541 477 -472 -392 -175 380 78 353 -198 -187 168 -785 19 -23 64 -122 381] 4187.35
[12 -178 -273 -641 -678 -444 671 -321 -201 -153 -365 194 485 -200 -399 -223 480 504 -607 -106 929 -170 -456 506 -124 67 309 -483 193 -727 627 278 -1047 -604 345 -412 -77 100 -563 -298 110 -764 132 -158 -759 470 110 302 321 -179 -9 340 1076 -347 627 299 -421 -217 -116 187 492 240 47 16 174 409 -290 126 -564 379 283 599 -28 96 -172 -406 -55 -21 327 -213 -266 -336 -36 252 265 97 -321 -3 -376 228 -319 -362 -58 247 -1426 298 -109 261 -157 -153 -250 -559 -155 -297 211 27 389 179 130 434 -9 143 175 254 -139 -325 -37 478 -311 43 -13] 4309.06
[-224 1063 639 -239 -437 -322 20 448 565 -446 559 342 900 -9 -403 -79 -182 196 665 694 14 -463 -401 -413 -518 832 -325 148 110 -257 27 -280 813 299 23 420 -446 1311 -687 388 -164 -91 467 -99 -66 118 143 -138 445 -509 584 -205 309 -270 -827 -463 -481 708 115 380 250 -591 -262 -372 -630 -303 181 177 255 247 68 -529 364 319 530 -130 -394 -77 51 43 137 -203 324 -154 889 -126 516 351 438 -264 52 -176 -290 -30 -65 42 423 -71 665 200 -477 652 489 -417 -405 -10 -164 -249 576 -508 202 -562 14 1108 -116 -130 -556 47 -447 222 100] 4717
[265 745 -271 -636 488 -444 428 -81 -841 -54 479 72 395 -423 -414 491 371 -212 -11 -823 -25 -381 228 1112 -163 10 438 -326 -97 -77 -12 -30 -550 80 -310 16 -178 -39 463 109 499 99 -209 -817 503 274 -45 66 -372 -24 -733 -41 -242 700 -404 284 -165 -109 2 365 85 120 -604 -187 67 14 333 456 193 -113 -7 551 -70 340 -194 -126 -35 165 123 -856 541 -552 -375 -364 233 -343 -98 210 -326 194 -280 -630 94 830 -179 773 533 -39 418 -152 184 -576 -145 559 704 -538 829 192 -380 233 441 113 -377 -378 -426 159 238 -720 4 121 852] 4434.46
[-154 156 216 -684 -415 332 -779 -417 -1283 743 -199 22 -397 -462 609 -111 -462 343 188 -606 -564 452 -466 236 -16 717 391 -237 143 -406 478 -178 -144 940 -48 -526 158 278 -120 294 -323 110 -173 109 707 464 370 -155 192 -549 350 -42 37 143 311 615 -15 -743 -342 -458 -790 984 -584 -287 887 19 -127 206 -728 510 575 156 303 52 -310 869 -301 86 451 585 -155 40 -608 -222 344 82 134 -101 -55 -276 -455 48 -37 -68 169 -793 -362 -607 -698 -380 205 -705 525 -50 -872 -254 -108 137 120 5 228 -179 181 -75 168 -627 175 -193 142 -114 -9] 4709.94
[213 -93 -124 -240 778 527 809 -764 193 90 -283 -758 33 89 563 597 157 235 -597 -602 183 -251 982 648 -427 -520 -579 60 -1045 365 224 51 -308 -112 -805 62 -172 -1160 -233 -858 -194 417 141 271 -501 292 -177 159 554 431 -33 -805 -173 -264 -411 -629 542 655 -417 514 162 415 -929 593 100 458 436 -199 175 -210 142 497 17 712 -916 566 -239 -413 64 5 -300 93 -287 407 -820 -149 -416 -696 185 987 -730 736 -164 -352 -1030 -592 -303 668 -235 433 84 -375 -268 -147 533 33 335 1047 -295 -239 -127 -938 113 77 545 322 287 -378 17 -155 -632] 5351.63
[-241 260 -805 -136 653 -409 38 417 712 -95 468 -247 535 -117 30 -5 304 68 399 -551 -585 -225 59 -499 245 -728 608 671 12 193 -266 -43 5 239 -622 -446 -161 340 319 379 -40 628 198 705 -92 -64 -25 -663 -275 -389 174 -126 -929 -482 257 -473 438 150 -699 257 388 1179 880 -84 231 -348 -223 -519 427 516 299 103 74 -509 664 -466 797 4 -718 26 -2 -560 293 -107 359 737 -484 -75 430 284 -621 390 323 -385 -105 -194 180 707 -293 46 445 -499 62 -1293 135 1051 -258 178 378 -323 576 465 -836 1354 -642 -62 401 -426 -213 -48 364] 5130.37
[-522 934 500 297 453 -10 519 543 653 304 765 -446 -192 227 -598 -335 24 -52 -362 459 574 -455 -196 -592 -283 -702 279 -145 428 339 -191 -388 239 -433 106 -146 -79 836 -600 -380 -163 252 114 -620 -256 24 358 210 167 468 36 -262 38 905 -545 -210 -43 428 -204 547 458 277 93 -94 435 -618 64 321 -275 556 -121 932 249 -121 -232 -76 147 53 -302 219 -644 252 -461 146 -28 158 -224 142 211 120 -295 -362 -202 68 -44 162 692 -359 153 -215 -94 326 369 557 11 660 -315 -324 -449 -97 382 -522 431 -721 211 -82 -740 10 57 -56 -1109] 4417.67
[-577 -334 -254 -274 647 894 -423 -201 380 -284 -359 -170 376 -779 571 -150 -1304 259 -216 782 -474 420 -94 -589 -591 801 54 137 -276 -404 589 -990 -671 655 551 753 269 -358 243 38 -263 -449 208 -1178 355 -325 73 -281 151 209 259 233 -350 147 365 129 685 501 -85 -949 -53 -349 -292 -208 -218 -815 395 -577 164 -889 -229 -32 893 -502 -23 451 572 -241 256 -588 -131 -311 731 1116 692 41 586 -156 750 -893 597 348 -193 -113 120 -1052 1029 -71 -238 10 -481 -465 349 -241 97 350 -229 494 28 -250 -104 -1364 108 -197 688 25 -828 273 -605 28 -303] 5601.79
[-113 349 -838 323 765 -9 -454 262 -80 372 373 176 -132 211 823 381 -856 -552 -385 404 311 -936 953 -210 -351 -644 654 1057 -130 -263 429 20 -579 -344 472 -776 -408 200 413 -996 -911 647 -490 -403 -69 -333 -680 306 131 204 -274 -33 268 514 -882 -154 431 -181 -169 59 660 998 245 53 -197 -87 -284 -227 37 163 349 -82 -431 62 520 559 -716 -232 -288 -366 -367 -611 724 570 -299 -909 82 -534 89 393 296 -286 -456 -21 1157 -237 306 50 -700 -229 119 -49 344 -712 587 534 -78 600 -523 -635 302 -304 303 -71 488 -464 76 504 -544 -177 -201] 5226.92
[340 169 -261 -145 225 91 110 125 161 -451 -18 -351 269 -29 -993 1134 781 587 -285 81 -281 -391 204 239 37 -862 -234 -717 -46 94 -569 192 -452 -741 -198 -18 354 9 363 -218 35 -308 216 -107 189 -423 -54 -560 -959 208 -240 280 -134 -68 -706 -648 397 -488 -738 342 -122 -793 331 270 -563 62 209 298 473 59 -376 611 5 -1187 -341 308 414 30 -634 -306 451 234 242 -198 638 -52 -57 1186 -631 32 -109 -223 111 374 -756 1301 -36 186 227 -988 609 250 -498 571 -103 630 -317 107 -79 508 -571 -34 78 -473 -746 377 -236 -214 836 785 -323] 5094.05
[-197 -973 -402 -667 -1098 289 663 414 -129 -304 -267 880 -32 -339 -95 -350 701 -567 45 -376 641 -384 -350 20 -410 -645 31 308 305 -556 -181 -543 -245 -670 -494 -288 -424 629 -255 -133 129 610 -358 277 -859 -103 62 421 -124 -764 -536 550 290 293 865 448 -590 294 561 84 234 570 1182 624 -851 541 234 1073 257 215 42 231 284 -209 327 -879 857 442 377 -631 508 -470 288 -286 329 213 -801 238 -113 325 -402 -143 -573 -144 142 731 -197 34 177 -360 100 -769 250 -632 435 431 -221 499 122 137 -412 86 515 524 -89 -484 -439 382 -135 -309 351] 5201.76
[-229 -127 517 -981 -110 1032 -528 40 -38 -828 963 484 -1056 440 263 -649 -16 -206 339 -754 -401 191 -122 521 -168 -394 -202 -528 -727 116 -887 -1056 -518 1016 371 940 33 -400 299 133 521 -569 446 -94 778 640 -669 -52 469 458 -261 -59 -284 802 689 360 -471 -867 -243 -311 -1023 -263 544 692 619 618 727 -258 269 -64 -490 656 -1059 68 317 138 -422 257 232 27 -451 19 -1008 -911 -289 -291 -730 -315 457 -1237 -97 14 456 128 159 -79 -298 -306 -793 208 -164 -680 277 -762 -894 120 243 -103 -378 101 -182 98 -290 -427 -217 -1001 -184 -335 998 -148 -451] 5868.28
[-1080 536 213 -275 726 892 -591 909 311 730 1056 11 -267 197 -258 412 152 -679 338 697 664 -367 -80 294 -311 -20 586 -281 613 -70 61 -915 -192 447 -91 630 455 -36 -572 263 34 -613 793 -569 -169 231 607 -164 218 650 181 -779 168 688 -970 -530 -535 299 277 281 -388 -421 -342 -150 243 118 363 -885 -620 471 -350 -36 313 58 -1059 -641 263 -84 -15 29 150 -266 -308 -165 -109 774 -441 -843 127 -59 290 117 -226 333 -38 62 513 -203 -28 11 -18 -37 306 118 -286 294 -31 -347 260 -104 499 -259 -338 -475 -189 -352 -409 336 -495 -27 -189] 4914.03
[-180 -478 -20 22 -201 -115 577 -701 -959 1111 -273 475 -4 169 -174 -555 -362 366 -611 -373 742 -121 -107 -173 307 563 364 -358 534 -295 431 372 -26 95 300 -68 -238 559 -96 -291 -94 -86 -612 -7 -363 438 443 255 -177 338 -269 49 110 572 915 263 -84 473 348 -119 -138 420 -542 -283 639 -254 344 -93 -618 90 259 -997 -97 143 -501 -539 375 -320 -28 904 -306 -280 -264 -331 388 -773 -826 -397 -504 678 -353 -836 5 -495 -129 115 512 -449 73 64 -509 -34 -206 439 154 -465 -700 -182 -96 -178 -320 452 301 -520 658 276 157 539 -325 -875 156] 4717.23
[-279 986 166 849 527 643 -242 618 250 311 764 693 305 413 663 1054 -152 -506 331 906 101 234 -7 -100 -828 68 -239 102 -175 227 -854 -677 -289 -225 -68 297 242 -1124 -475 436 294 136 319 -541 -448 -108 -215 276 258 -398 303 -186 -296 -67 -1273 -584 -691 923 350 249 70 -538 112 -221 -83 -770 -557 -171 449 341 -347 -188 -262 -70 -639 -3 345 -427 -423 611 374 -168 -204 466 -877 -172 291 232 366 -215 -587 930 -47 248 541 753 69 1080 -675 332 313 350 -1084 -164 343 620 -703 -922 -81 -798 56 -218 -996 -109 -5 -242 356 274 46 -113 -400] 5469.68
[778 -167 189 229 548 -776 -404 177 173 -275 -253 236 700 -684 -222 -608 -541 231 -27 107 -159 110 262 149 -388 266 -174 614 -424 335 779 128 -783 0 -192 -264 -115 243 122 275 -73 42 131 578 -188 -554 -427 373 -313 -438 191 51 618 313 807 -831 522 566 -815 285 299 341 105 332 -436 196 454 -267 574 346 455 -966 92 1179 314 312 -469 -954 -585 -675 -835 -961 213 173 -805 -192 -435 37 -540 406 -516 177 -328 604 -286 -253 -487 -412 197 -36 -291 230 938 421 128 8 982 186 -50 803 668 744 241 -275 494 -201 120 -543 276 -570 292] 5123.5
[-30 -369 1138 222 82 328 177 -262 448 -344 874 -215 208 -484 -230 120 -412 -44 -797 -952 -376 525 237 971 -837 -494 -225 -366 -192 125 896 -630 273 692 113 237 385 69 51 32 -862 734 315 -508 7 185 -558 -1 294 -319 1019 198 972 -251 -120 -59 640 -922 435 -14 107 -910 -174 405 -24 264 -874 906 -351 438 -497 171 147 353 -382 1037 742 694 327 -359 -720 244 -1170 509 -1282 355 1184 110 -351 -1017 -2 444 -944 516 151 -423 1052 1177 -163 -95 -186 -452 441 -272 139 363 105 212 350 -401 -299 -858 -218 -496 411 -292 -466 204 296 16 -546] 5894.63
[408 -993 -954 -72 -170 454 -411 638 -377 368 -325 -63 -74 -1301 102 -561 116 651 -335 -26 -366 560 -267 -63 497 218 -416 424 426 197 -499 346 -361 -234 -537 -682 269 -135 636 537 112 218 -722 639 -78 -879 868 -333 -363 -1112 -141 308 -158 -222 1496 -120 163 -101 -441 -380 -355 -134 733 974 129 -333 9 -479 617 438 82 -522 855 -650 165 390 864 12 -66 105 99 -704 473 167 239 209 297 309 -438 698 -714 160 -81 -127 256 -478 -318 335 -1060 -120 936 -380 -280 -87 -751 225 -534 -717 38 289 -350 678 -283 -428 565 601 474 139 733 37 -455] 5487.9
[245 342 1374 -321 41 -491 577 29 -271 606 662 151 393 676 -415 465 1095 -443 774 -755 527 -350 524 372 1164 -637 -164 -198 358 173 -941 -402 558 -648 -141 -306 -33 180 -253 908 720 415 -109 77 -217 241 676 329 -698 -563 -257 -113 188 -32 44 731 -212 28 -261 178 290 202 -96 -507 -174 -230 82 -55 -17 640 -123 -139 -131 -233 568 552 906 193 -1134 142 -136 825 -491 -289 462 -146 -496 -94 -546 26 -909 653 -408 -51 -871 739 -324 130 366 226 59 -933 47 -97 276 187 18 -716 -271 360 -379 437 -322 434 -137 -179 -580 -143 11 -14 68] 5214.52
[241 -453 270 735 -384 468 -39 399 987 515 129 -148 -806 103 669 219 700 -571 -359 -603 -238 296 156 -502 -76 -394 731 541 -42 371 58 257 428 -244 209 399 90 -1071 575 -290 404 1338 -178 13 500 -17 236 -333 -109 -198 -372 -4 -312 758 -263 -272 31 -193 -62 -537 -263 94 -380 271 386 -825 463 338 623 4 -213 460 -51 94 -243 336 -228 13 281 367 -371 877 -765 782 -488 291 -123 -137 733 452 -304 695 -124 81 -129 -833 605 11 -28 195 451 30 -64 -630 134 -99 324 -313 -112 187 451 -311 -673 -413 435 -272 -54 -292 670 -198 -13] 4756.66
[-471 157 -1211 200 151 361 147 617 1339 -167 -111 706 -324 -72 -471 627 217 -379 380 816 1403 -215 -81 152 -422 -280 387 -226 492 946 -1150 13 632 -99 -951 893 169 -231 11 257 632 377 90 -475 -240 144 -25 -327 1153 -125 -438 -289 -71 -155 -1219 58 -43 427 1150 427 177 -502 -97 -266 -658 -164 -394 304 544 -633 -758 -125 738 -108 -549 -704 568 -700 -54 59 1229 -561 157 453 195 -489 609 -96 582 312 -127 193 252 88 231 -489 1060 403 -196 918 96 474 -544 318 216 1045 -133 -466 -595 32 469 -399 18 521 -278 -233 306 390 426 349 -520] 5796.53
[125 243 217 1266 187 -508 -242 293 531 -740 593 189 54 -175 141 -280 -1627 28 -394 -120 -115 -28 249 145 191 81 1046 5 -73 118 320 -413 -577 715 -467 267 81 -520 52 592 258 1068 289 361 -344 -272 -493 -260 134 -834 236 -708 -229 -287 -121 134 368 -659 235 -275 -220 580 316 -493 -663 -474 -530 561 29 -174 -434 212 332 -458 -455 699 185 -245 141 -642 -462 559 -481 91 454 -101 1107 -113 -115 -529 1032 -650 33 -84 294 -269 -345 -830 -41 -172 95 -813 -630 -651 435 669 -249 458 -905 508 53 248 -170 147 -465 894 363 423 667 58 -269] 5283.89
[24 -517 366 862 -64 314 -430 101 881 -662 183 428 26 473 -303 -910 348 97 93 256 -562 -148 -96 10 -619 -217 -86 -190 217 -14 549 -263 -288 -278 91 979 1219 -213 839 -147 322 -199 -165 405 1 -194 -630 -98 57 -685 -129 -12 626 253 -139 612 -1052 344 33 -1108 87 -62 160 -394 -1177 -386 540 720 -57 -555 -618 632 -105 71 -302 -564 456 409 931 239 -691 180 -364 -200 -804 563 -646 178 605 299 706 181 -94 672 -131 -163 -97 -208 481 -14 145 392 731 -570 622 -213 218 -1132 224 464 648 544 279 754 488 -276 604 -29 217 -689 154] 5318.69
[-804 590 -485 -759 152 470 -505 285 227 -159 475 -763 -294 363 -631 448 -328 100 -77 887 286 -331 147 216 -281 -94 7 50 1168 -399 -373 -346 -233 769 18 166 144 182 -63 199 -137 -1118 -450 -173 502 -388 -152 -268 1022 721 -51 -1049 -338 752 -768 -72 -312 -279 -678 -61 93 57 -308 577 -482 421 -25 -108 -198 64 365 -315 -304 471 -1000 -427 -199 92 109 69 -100 277 423 295 157 -366 -507 -315 97 26 143 -626 403 716 379 -219 18 -338 30 -48 237 445 448 277 -866 -320 -792 272 -505 102 471 -261 436 29 -282 211 261 -115 -77 -138 -7] 4745.05
[-384 363 -23 348 78 -813 288 262 433 -540 89 60 273 214 -689 378 720 235 25 491 -171 -182 40 604 97 352 311 -847 503 -33 -980 369 622 -357 -591 259 320 676 77 134 -200 -441 507 -100 -588 -35 18 -609 724 -801 -289 560 307 -359 -4 5 -1223 85 -88 532 76 -779 67 466 -169 40 428 -940 -71 122 545 226 -1020 94 -415 -1128 158 85 -166 -445 324 -526 -408 309 -117 213 -549 -645 294 -57 721 -729 -155 75 -677 216 907 -85 1221 642 -166 -401 -913 346 932 -457 -266 -763 -4 -494 -228 537 -44 119 2 -223 -165 -390 -110 465 -719] 5256.42
[85 850 345 135 -1146 148 -283 -683 200 -119 -190 796 -199 354 -296 -42 709 616 -55 -147 192 119 535 700 -818 -814 -170 -661 459 464 111 -615 -206 -594 -208 350 -147 -283 56 -64 44 -348 52 246 -311 453 -455 -43 -411 -79 -328 -49 787 997 -149 145 -326 20 31 158 -514 -452 -191 -365 -792 290 -572 360 167 -56 -472 -27 281 341 -1333 -166 226 -65 -39 -749 -153 356 -822 520 -162 71 -1050 75 201 565 -612 -435 -501 142 -805 323 895 275 1007 -803 283 361 -107 519 898 -674 -128 -50 -897 327 -28 -37 -24 -250 -777 -961 -582 343 373 -211 -536] 5302.36
[-385 -234 552 400 -56 843 113 220 117 -312 590 42 317 -409 288 175 443 -167 39 905 168 823 615 -646 -877 129 132 739 -278 -82 -287 -789 -198 -532 569 -668 163 -426 61 -700 318 -178 -633 -535 -404 232 412 -744 -167 -90 723 473 -229 79 -1242 684 -165 19 -538 -707 -519 -357 -469 -553 220 -517 -289 303 429 303 265 -315 245 245 296 376 716 -851 374 219 -292 -113 498 -313 -506 -676 197 384 -71 -745 397 479 -488 715 333 -598 737 1134 -15 377 570 -387 -71 294 208 -5 72 -27 716 -950 157 -1259 -1143 641 -517 -495 -530 -857 -204 943 128] 5579.98
[186 -456 -681 36 370 259 1175 389 -443 -768 -802 -178 -41 46 -421 -639 -317 457 -707 657 -30 378 231 -1087 382 123 -865 -125 -248 301 -21 460 -664 -413 209 -676 695 -208 341 407 -285 -1113 -495 -768 -590 -62 8 492 -428 231 -690 566 -499 38 310 387 -13 -237 243 389 44 -5 381 66 -198 136 -1018 -130 31 -436 171 884 623 -522 -252 -96 105 -226 -36 259 614 542 995 161 544 138 503 76 -46 -414 150 231 -217 -132 -580 88 -911 -386 -735 300 67 511 -698 1422 204 151 133 252 -595 -128 -482 114 170 -1082 332 524 503 -84 -591 566 -39] 5345.58
[-455 261 -608 283 -314 -706 -290 -731 -850 -113 -83 315 -559 1288 -159 282 534 574 468 1050 266 659 776 -650 558 -362 -383 -22 81 491 43 -454 -599 -366 866 -646 248 62 58 -34 16 -433 261 78 40 646 -808 198 -624 -51 787 354 353 146 -962 532 283 -523 -436 -40 -473 -166 264 -567 -165 673 -1482 -974 -387 84 -75 -733 492 429 85 69 263 -294 -487 162 -332 168 630 -399 403 -25 354 -166 -708 516 982 -413 499 222 433 -244 -808 771 424 -146 -497 -503 -363 617 -785 244 -205 -255 -10 -624 -165 574 658 481 -1459 -749 -114 161 -166 345 -285] 5692.23
[712 70 172 808 8 -643 -270 332 331 16 129 -678 -1 -242 475 -536 27 172 119 100 -305 -766 1466 576 474 675 -435 286 -221 -61 807 967 -84 69 -138 336 309 -408 609 -183 587 295 -11 832 223 -481 -226 -207 -148 -405 -150 -469 -246 -141 336 -155 394 -394 -103 154 182 -314 -730 -138 -1272 -406 338 251 544 -599 -31 34 -131 -86 -89 780 -927 143 -155 -340 -447 1046 138 611 251 246 264 -148 197 718 237 -213 -398 -9 238 173 -919 -969 163 294 117 591 476 -150 661 -643 -222 449 -321 -471 416 346 80 -440 775 140 181 398 306 495 425] 5057.16
[161 619 902 -382 137 -190 -347 356 -558 492 -146 17 733 251 -269 -68 -43 748 213 -426 -255 504 225 -402 -227 -141 -168 -475 164 85 512 -188 190 445 -262 -1592 -70 -27 -220 161 -214 -140 334 -430 -1087 -618 598 576 683 -681 103 111 539 -542 -159 -223 2 -172 -320 341 -88 19 -202 569 -826 203 212 863 -854 652 -136 355 16 162 -164 686 -416 384 -140 -742 343 -39 22 -603 -530 -121 149 138 -368 -1055 -294 -515 -511 287 -564 136 -289 -701 151 -1007 -420 397 298 477 374 -109 -13 263 -664 388 -194 485 282 -93 -605 -407 -229 81 95 223 -205] 4911.09
[209 964 536 33 -318 305 -11 1182 148 -673 616 79 927 -574 271 -66 133 -418 278 -472 -610 -173 -410 18 -131 369 297 423 -265 63 110 -670 -310 918 -17 95 447 335 -293 656 -548 501 830 26 225 144 165 -729 -271 -1068 299 855 489 -298 86 -581 225 -315 -464 519 -195 -239 -250 -172 693 -737 -364 -402 144 1254 -8 102 433 -442 225 396 -129 56 -387 -295 332 -177 -520 568 379 788 442 188 -124 -285 -149 251 -871 65 -752 291 352 62 -545 -108 240 -422 76 -859 -45 -56 -72 506 879 -299 -100 -380 -754 -155 -70 243 -33 398 569 69 -302] 5020.16
[-157 -303 248 16 112 -13 431 -252 -5 -78 194 635 -108 328 438 -829 -539 -183 -594 -459 83 -1040 619 -36 372 -367 359 -147 242 242 -147 32 43 -133 -72 255 -108 -110 164 19 612 487 -162 -377 314 230 -184 476 383 113 -842 -370 -107 424 671 -201 -209 -462 -335 239 -56 -495 -242 131 -122 259 -45 236 218 926 677 -417 -171 617 362 535 -604 -648 -495 85 -461 839 -713 124 537 -781 107 -454 98 -265 -1 556 -175 -498 -158 -522 739 -229 29 750 -648 -481 -786 323 -415 -241 -177 -31 -350 -304 -258 120 -325 180 194 54 221 -387 -180 -678 -423] 4447.9
[475 119 -806 496 625 172 422 107 69 88 1039 3 -741 108 -460 -67 40 576 -392 278 170 201 426 -96 -375 114 -25 62 -411 10 -159 -73 -655 -11 -10 -149 -146 64 773 -484 -300 17 -105 -187 406 -455 -569 373 -472 366 513 -540 -443 525 -233 -659 438 128 -306 85 -155 403 339 322 -892 261 -77 194 328 127 89 -194 130 -35 -37 -94 211 -11 -401 -150 -1092 -255 613 -241 -181 -466 -548 62 -890 61 499 -562 357 -278 624 -115 30 -63 121 -83 380 -830 103 -283 -370 223 382 196 -555 14 -191 -535 -302 114 239 150 323 -449 -356 150 -172] 4222.44
[511 118 -831 -6 488 -509 333 -285 -17 -305 97 -44 -100 -364 -718 -91 -327 20 108 -1077 -335 9 584 418 628 576 190 182 -525 250 236 353 -400 395 100 -661 -91 274 770 -33 83 4 150 786 -388 -15 -481 -283 -160 218 141 -694 -262 1184 170 -11 487 85 -287 597 590 1671 -318 -13 520 -263 -22 -178 665 -342 217 -207 -26 -51 296 495 528 -225 256 -504 -519 -1033 -11 -588 -427 -582 -1224 -113 -533 897 -722 -811 -219 142 754 -424 -68 -362 684 382 -264 -356 294 622 115 40 822 70 -477 92 499 382 -317 145 572 -576 234 -1203 137 -19 409] 5311.69
[-1 589 -964 -40 -338 -863 682 -220 734 121 403 320 -155 315 348 -410 888 881 -11 -21 1039 525 136 22 31 -388 497 169 34 -194 -393 550 -72 -651 73 404 122 -183 741 -565 538 234 349 9 -267 -353 -187 -244 263 -14 -274 1016 4 112 231 -73 516 -849 659 -182 219 -586 -245 -185 403 365 437 197 408 -700 -741 1076 -642 48 -315 -853 365 615 -226 -249 77 102 -536 -26 -199 -699 726 -186 -261 -132 211 -563 651 58 -80 -353 222 105 363 -632 -527 -28 -201 -316 84 436 162 465 180 -392 689 356 -41 214 -195 124 -175 699 363 457 93] 4854.14
[31 -272 613 378 35 -155 397 31 -100 -240 -616 -454 -31 802 -707 247 229 214 -452 -143 225 851 -556 723 -134 -471 -76 -348 22 120 -194 734 314 -497 409 -28 -215 -56 -696 -226 198 -365 267 134 -148 535 -676 -254 -283 160 -320 172 537 -28 -118 190 -123 -574 -329 -673 218 -90 274 243 137 164 387 -732 767 233 607 246 -738 468 -700 231 -349 367 -126 1242 -611 930 228 889 -407 -670 350 -69 144 293 -295 -263 523 -338 -357 -8 -640 157 42 227 279 324 -696 243 -444 335 -1 -74 -32 -885 -652 -195 56 -84 -357 717 185 -403 -585 432 -742] 4755.46
[-165 174 -320 62 -252 -447 -69 -560 343 -204 856 -357 -90 -854 -942 246 15 954 -53 -1117 -893 49 -706 500 18 -939 1023 311 356 140 467 -165 242 -49 -804 248 -494 663 486 -558 176 63 -265 -10 277 -70 610 -174 347 -66 744 -1372 269 668 96 790 -528 495 -563 -266 183 164 595 129 336 333 298 562 625 -90 -82 -364 -844 200 -503 148 241 932 528 -248 -488 -475 -576 2 -164 1151 217 251 -112 1102 -470 -622 547 710 -241 -260 1356 786 357 -190 519 407 85 -768 -238 -175 30 -548 -12 636 858 513 -323 -72 -539 774 222 -366 -98 -171 290] 5696.69
[-164 -52 -611 -924 736 -3 150 562 -336 -219 513 -181 1213 -129 659 -612 338 -489 -7 880 -67 -265 1 36 -21 -723 -451 250 -57 -243 -287 -1221 -1143 -493 -957 67 478 -74 -213 -207 -34 18 -469 84 18 -535 306 72 -912 278 -79 -280 -455 207 273 -542 -76 -46 -286 -393 -169 -635 -1055 -160 -289 -24 -17 -37 376 1288 392 158 640 571 139 -14 -323 62 -397 113 -176 -80 61 392 -53 695 524 586 83 28 -131 916 -40 436 99 270 -762 -3 -329 -7 -382 702 481 911 172 -191 -41 170 -199 -550 371 302 22 614 -109 27 555 -39 -632 -732 422] 5075.02
[-24 -547 371 -129 413 -136 -93 359 -571 49 571 210 50 -173 -1299 247 255 540 675 -244 -949 -99 1126 -286 213 238 566 49 -192 477 392 -385 592 -232 -448 -940 -9 157 915 -119 -382 229 449 -830 -241 -202 475 -617 -351 -236 95 3 303 266 -444 -3 -86 567 -1014 608 -468 65 -58 -74 -111 664 -231 -422 -524 1037 34 -67 -335 317 601 201 579 198 21 -105 -61 114 294 -895 202 744 -320 -614 -1105 11 397 -413 -180 309 -535 89 322 -340 598 -538 -14 -93 -132 -1 -587 -160 479 22 473 -230 -353 600 -159 -447 -389 452 -264 -782 -315 143 283] 4975.3
[-174 -437 668 -119 -1332 723 -612 -1317 -746 -412 -1084 -549 -39 602 -330 -646 -127 -410 -787 -399 -640 59 335 39 -1112 -104 20 268 -118 178 -108 -265 335 -139 548 595 460 145 -730 -731 -151 -941 221 445 -586 659 -353 -191 54 640 -328 92 224 932 216 229 -67 185 -170 -424 -518 314 14 -76 557 -133 360 -333 331 369 -264 -48 -524 -472 -30 178 -365 282 360 799 -243 226 -397 -15 -468 75 -199 -5 456 43 -777 179 77 627 -445 90 253 48 -84 -155 236 736 980 -586 -646 -103 -776 12 509 -626 -135 368 546 -17 -243 -198 -520 133 -207 31 -683] 5183.81
[-475 335 355 -446 276 -55 -139 -466 564 -204 -317 835 -689 323 -122 204 -1121 755 1042 233 -76 276 -403 -240 741 568 -131 -487 -493 477 -234 -111 211 -43 -194 -43 -994 114 -184 16 206 -288 317 -355 -431 667 -368 -44 926 -103 575 -731 86 -331 -307 863 -523 213 -58 383 -386 -21 -88 -61 -299 376 -867 -1275 -138 -258 223 -360 -253 334 -309 125 244 89 -256 286 -26 152 -236 -245 644 -71 -464 112 218 259 -638 152 839 -164 -435 -318 -698 -107 -168 685 -847 197 -555 -31 -266 439 -240 -296 -468 -595 -605 -108 417 -194 -510 -396 -474 244 -245 -622 4] 4875.6
[169 -89 -1051 -378 893 604 609 7 312 -433 -91 260 455 -11 -278 32 -156 593 61 124 -31 -549 -367 -832 33 39 -1125 -469 76 -144 -151 2 218 218 -398 706 776 77 915 -789 -891 -136 395 -430 1160 -303 -818 -146 -272 842 -139 1012 -117 -227 -193 -279 170 -259 -28 -153 -120 -267 349 -394 -271 449 684 949 -1236 -617 156 609 86 -803 -637 -452 191 508 301 -234 322 -387 -625 -397 -150 234 -168 749 618 -723 579 -34 -11 268 404 103 598 299 332 -427 -223 -252 62 1118 86 170 1235 79 521 20 466 -1144 -150 -653 118 782 -243 -385 75 -497 96] 5543.96
[210 118 16 11 -122 -447 38 47 -112 -213 -1194 359 -153 -665 -293 154 -329 244 461 -328 -509 163 247 89 683 98 -696 548 -39 -156 671 104 390 67 -30 340 229 808 768 14 -196 -444 124 646 846 5 -825 286 -670 7 834 -1 151 536 1035 565 312 -385 330 291 547 1380 773 -762 -236 27 -662 986 27 4 302 161 759 -681 -208 401 734 352 110 -162 -286 64 171 325 -10 809 -546 -576 435 267 -583 -430 -427 -254 742 -686 -929 -317 137 656 727 -301 92 -263 -306 -253 -4 20 -484 -143 402 -148 271 174 398 166 -381 326 -513 -818 1014] 5266.01
[582 90 323 -84 89 -129 523 -705 -174 339 -848 -234 -38 -336 -207 524 287 -131 -156 244 -322 -743 -454 94 378 -769 90 -275 -57 -465 -870 437 603 -1535 -630 -6 -219 585 -93 -692 261 113 -693 488 181 421 54 83 -698 -394 -943 428 350 302 536 396 -764 4 174 -295 31 -697 309 -263 -403 -719 673 -24 267 -82 966 166 -728 -64 663 147 -465 -310 -170 494 543 -490 -287 83 594 -576 -437 707 422 553 -993 179 290 17 169 649 248 654 -343 -9 79 218 -240 117 705 -97 321 66 223 70 -258 457 -270 -189 -113 804 -605 155 325 -111 304] 5021.38
[-56 312 395 -668 -464 582 470 -294 479 -351 -204 -9 -179 31 -110 -141 -587 -56 338 -649 -234 -204 17 77 536 423 -190 10 147 -294 735 -486 -76 235 314 1074 -321 -522 -182 -302 297 464 -297 -95 133 613 -37 415 15 -368 31 -1079 8 961 -120 780 -199 170 908 -92 402 -440 -416 30 385 -120 798 -170 -269 -127 -294 257 900 804 -514 -297 438 715 828 -338 102 256 -1123 151 -468 716 -513 -157 790 403 -160 49 -183 1550 -910 -172 -108 -195 952 -224 -314 -513 879 145 310 10 487 -395 -659 879 887 -656 357 -1282 283 744 58 369 405 -812 416] 5562.26
[28 15 318 -247 1 72 -30 -176 1034 -151 256 -59 -733 65 -668 1111 289 -362 -168 -840 77 -117 -1025 395 -445 -938 342 107 488 -177 8 1130 338 -156 -636 -203 777 369 155 -401 -190 -580 -565 -669 446 440 -671 304 -137 57 -38 -692 623 404 -815 248 -1046 -488 124 -400 -78 -29 -241 -284 -295 426 181 724 -647 -108 588 102 -669 919 -493 -591 -298 271 234 -163 -405 -99 171 -367 -61 -563 -77 -198 451 -49 351 -643 -653 479 33 -252 552 608 772 -666 527 -6 203 474 38 372 1001 285 65 550 379 -412 351 -528 -525 186 282 -673 -232 108 156] 5183.47
[-573 -491 -109 -7 -484 544 -278 912 335 122 335 1 525 193 676 274 979 387 34 -60 1072 995 131 237 11 -256 -504 -415 -150 -212 16 106 221 572 406 356 -483 -534 -925 -117 420 330 -626 544 -605 -222 249 -576 -505 -642 1101 -198 -196 281 1113 -284 231 26 590 -373 -628 -146 477 710 307 -199 1154 70 1270 -156 -631 -599 664 -820 -436 -141 818 -487 -177 339 -1026 690 472 649 356 -134 47 -691 38 -111 693 -247 -429 -822 306 -860 107 -330 868 492 295 -528 -157 -532 -29 -163 -894 77 -109 -467 -522 -161 200 28 -83 -268 146 913 -183 -78 -710] 5642.4
[495 236 691 -423 -872 -165 298 -1133 -533 -148 57 161 266 -256 607 445 14 96 -785 -1469 124 795 -469 716 -354 -688 -129 -319 -200 207 -61 610 31 84 -333 528 397 -827 -839 769 -417 659 9 509 -184 -332 -598 383 111 235 175 -19 -357 239 927 -859 880 -674 -289 -543 -219 441 -308 -127 917 140 35 499 1011 -48 24 857 83 -201 -1097 1029 84 -363 -552 105 -25 1176 -773 609 -455 -483 780 35 413 -93 -423 501 -410 -359 -473 -428 -987 35 -670 198 468 -421 -868 -95 -994 -685 -98 435 -514 -621 -194 -357 -54 139 -138 -258 91 249 654 -388 -117] 5796.38
[-83 -548 -288 -498 -613 -55 62 -42 -444 116 696 909 291 -158 958 -422 -23 -518 -65 159 177 -642 86 -188 62 257 298 -70 486 -591 1133 167 -944 -223 190 -349 -723 180 -891 -507 -94 413 -600 226 -664 264 -272 -170 -721 -453 551 -755 494 17 266 193 537 15 -37 -512 -248 274 839 -407 -408 -490 283 134 60 -22 -428 -164 608 -231 280 -146 -35 -346 -91 -444 -120 641 201 -165 427 411 -141 365 140 530 -106 459 -733 436 -153 47 -999 -742 -345 -15 -244 -80 576 -1301 224 136 -695 82 130 -439 -313 317 230 104 635 -599 -89 687 -153 -805 169] 4958.17
[442 245 582 863 149 -483 -36 -711 -51 121 42 138 -337 -35 -328 -372 -544 73 215 -275 -531 516 529 -782 -342 654 69 688 -98 322 -161 -448 483 879 698 -4 62 145 1587 541 75 625 85 32 713 -158 -176 -135 -107 -537 100 1165 -308 40 46 -334 434 490 664 93 -676 -139 -1036 457 33 -649 -858 517 553 12 -520 -592 -255 511 -6 920 245 87 -329 925 395 -481 -656 -49 -14 -195 149 73 -478 -777 -55 376 150 276 487 -332 808 759 -458 279 -440 21 475 369 193 -502 -25 -15 556 109 -89 337 -161 89 444 -463 198 77 665 -103 768] 5172.87
[283 -247 -229 -232 -619 -158 187 -265 -89 96 -440 -1014 -189 -35 102 -982 52 89 56 -71 256 338 -785 113 568 1021 -388 -829 -284 -345 157 498 397 -373 -175 542 -538 -697 -219 -69 1175 105 -431 -292 -112 938 847 -407 -129 1 -272 360 -368 -1071 212 946 -174 -596 847 333 -81 -295 -964 -403 1049 -711 -49 -576 -310 -282 -495 542 26 -264 52 -703 12 412 977 817 -404 43 -669 -325 -151 -283 722 -3 464 303 4 418 619 -410 -851 -436 253 345 -142 841 -688 -408 -216 496 415 461 582 -535 279 318 75 521 -239 -273 -240 294 357 -479 17 171 -217] 5344.56
[-126 632 -601 348 -521 -111 112 1105 63 -876 886 1080 -236 -15 -626 -180 -31 963 551 303 -319 387 644 -812 193 -42 228 1065 109 752 -725 230 39 -20 105 21 -78 672 936 447 -334 71 294 29 -141 -194 317 40 -721 -869 -480 -638 364 851 168 -46 100 587 326 710 -606 574 1271 629 547 116 -624 -36 786 1166 -304 -501 767 -209 -8 416 77 -170 -570 981 -514 504 131 611 608 938 481 -868 119 5 -414 -854 329 -404 -276 188 108 36 215 -861 423 667 -279 -640 -816 596 -273 -469 -267 622 76 430 -559 -976 -494 300 292 649 168 287 -722] 5936.06
[77 -192 802 311 -118 -164 649 -456 -238 -175 -683 468 -370 394 33 359 -807 -61 -453 63 -735 -22 244 -479 -278 443 -24 -401 -364 -346 254 368 214 -889 175 624 -445 448 162 -513 819 -291 203 -790 360 778 -379 594 -672 196 -762 243 136 266 -24 -333 -187 388 -80 156 -340 -403 -41 271 -899 55 -359 140 166 28 -147 320 -411 -60 407 239 238 357 370 -295 573 -457 245 -408 944 -401 -172 576 -17 -1238 -462 71 213 673 -386 410 -455 -727 236 -200 -651 201 -172 407 -115 601 538 -807 149 847 -718 282 385 -628 279 -75 -842 -592 -248 -305 -5] 4936.02
[-430 596 -726 246 485 251 183 624 450 44 114 -364 215 -334 69 -113 435 -24 -165 52 131 -318 118 -458 333 -319 1035 481 8 -106 -84 -439 -34 938 -151 168 714 895 712 52 -289 398 787 246 1030 -574 409 260 -436 33 -216 160 -795 239 -484 -1357 136 -240 -475 397 129 222 77 -17 278 518 945 792 -42 125 -370 1293 329 -379 64 -589 -262 497 -112 -588 210 -661 35 -666 557 350 -89 -189 -206 360 859 150 2 -226 394 -229 90 -733 122 -143 51 -392 302 -762 -538 -544 436 663 129 344 915 -456 -139 21 512 479 -199 344 396 113 197] 5075.96
[-570 853 322 -471 115 -98 -501 -658 812 633 476 -198 169 212 -226 696 798 -462 345 226 -131 155 50 -518 -586 -317 223 -337 986 -242 285 -348 250 -215 478 -349 710 -776 -169 200 -331 -634 175 129 -502 611 24 -753 474 799 348 149 196 854 -748 -122 -520 -223 -130 -10 -50 181 -765 28 383 -1341 25 -534 -1172 243 -709 564 -30 -415 -148 -128 70 -557 391 -32 218 326 -822 84 173 709 -737 407 1635 -89 80 -57 370 704 -567 -467 643 -214 1007 -84 49 783 18 731 494 -643 33 -1256 176 -140 230 368 -292 532 77 -782 -236 -736 643 318 703] 5717.31
[660 -179 -63 -231 89 -328 -888 276 345 624 -12 -45 -763 -73 485 74 103 -964 305 -475 -134 -141 594 -305 -203 -82 10 585 405 189 -258 289 1071 429 -294 -872 335 2 337 248 -583 -258 154 381 -259 -501 -134 349 331 19 266 -2 -342 -283 -39 -158 379 -1028 116 -105 60 332 -33 454 -400 -393 -34 241 -199 194 -123 -600 314 61 412 698 -755 253 -607 -303 407 -163 19 -142 -251 -181 837 -174 483 106 413 -270 -687 -156 830 -275 -313 -94 358 -221 702 416 367 -209 -497 -536 -469 427 134 -584 -448 226 619 437 -200 -500 -502 358 206 713 104] 4552.36
[28 -58 676 62 355 310 -45 575 -282 617 83 932 -333 552 38 126 180 -167 472 472 185 -801 78 381 624 -328 266 -871 931 144 176 225 55 -235 -378 -300 77 76 -738 164 217 12 1092 -523 148 1244 -142 501 67 -423 -609 -626 286 508 -782 253 -428 -429 -1258 157 531 -664 -198 -534 -692 800 472 300 -1105 -12 140 -167 24 1450 -36 801 -192 -523 -449 -386 672 -463 -402 -348 1021 -417 -126 340 -237 256 368 268 -493 486 -1005 363 -289 -4 19 -426 297 -190 207 522 -455 -245 -313 -254 345 -335 210 -149 335 52 427 308 -956 -148 137 -138 -481] 5386.2
[-431 -967 440 -149 -1036 -27 -226 -203 -649 -265 -54 -408 -196 49 271 -1226 585 -306 -204 -168 688 -142 75 -238 196 -427 -240 913 329 17 562 566 693 -99 107 -45 98 1094 -986 -76 -397 410 -105 1144 -617 -69 -66 -90 -532 649 -96 -115 90 705 614 -302 256 -1161 208 296 -593 197 1020 155 143 330 623 -332 3 -48 -21 -1061 -90 -93 78 -359 -704 176 181 95 -587 747 -252 -655 -487 33 305 28 -220 693 -481 -241 -398 -287 1247 -318 -420 -85 339 943 129 68 110 -208 -915 -29 28 515 605 -105 -14 556 432 25 100 433 -1038 206 -24 -566 217] 5382.91
[-347 -17 328 -353 399 289 -243 -333 -148 -278 -597 961 188 -88 -507 -471 -962 3 149 733 172 -212 -529 109 156 -106 -829 7 -231 -219 329 -6 -370 127 576 82 238 -326 -782 -148 248 -1075 517 -280 -203 477 -251 738 347 743 -145 346 519 -759 398 545 7 -92 578 704 1 -704 48 -410 -132 360 -763 -26 -786 -1044 233 -955 -320 345 524 -45 -644 -664 290 -239 250 -306 -37 -31 -361 -291 -346 156 -203 -399 416 421 169 82 -246 611 -125 192 -271 660 -809 383 -325 906 -238 -208 300 259 815 205 -170 -440 -241 -38 -89 313 -368 -141 -295 -343 184] 4823.48
[-19 780 -306 -649 463 34 -125 -1029 365 -200 253 -241 185 -412 -675 -623 22 -190 -330 146 71 -361 190 796 -390 -142 79 302 680 668 -904 36 214 -42 -192 739 1074 -62 227 191 330 -435 -801 34 644 -751 -383 -613 491 76 32 -495 450 873 -416 -266 91 1233 -26 -387 -153 323 -1016 217 269 -489 -94 -17 427 6 -35 564 249 356 -132 172 182 -495 265 512 98 82 56 226 -605 -186 -413 6 743 429 -756 600 331 329 -515 -697 611 546 83 209 291 573 296 456 -1002 -268 371 -164 -263 177 561 -63 -49 262 -177 514 603 -319 477 -243 -639] 5019.41
[378 444 257 -399 -451 31 -914 -277 317 435 183 -257 46 -207 -117 -452 277 -973 560 -82 -332 -403 870 399 -527 115 103 -525 703 259 703 -76 -174 -102 231 -808 197 -1004 -1087 569 405 -406 360 -62 -925 784 -674 -523 719 -40 -732 358 149 1087 292 675 386 -235 74 240 333 -332 -95 -244 -1210 -1329 -963 34 -645 -505 -304 62 181 75 552 -44 -132 -879 118 -711 703 416 66 266 193 -279 -762 307 271 152 -135 -742 -90 903 -326 274 448 -126 332 359 -299 -70 576 -56 40 -407 95 748 307 -765 49 728 255 -172 -641 -824 -332 -236 1108 590 -462] 5630.63
[510 -671 618 508 -415 295 381 94 469 49 -522 156 -86 -133 178 -365 560 -231 554 -168 -180 1198 -913 22 453 -555 -534 458 -368 841 -823 -302 534 534 347 1077 -211 -289 284 289 98 165 181 778 1098 29 466 307 -664 -8 640 233 -748 -221 532 -275 -668 162 210 -499 39 -715 298 -275 762 240 857 446 287 678 -157 124 80 165 548 -1092 -115 421 -97 920 -678 330 -367 -455 -997 355 129 -13 104 -297 -69 456 493 -22 -217 735 -172 165 -102 -507 -220 379 309 -146 -340 -324 -64 -1018 -27 191 818 588 -759 -1074 3 39 852 28 491 -476 661] 5474.55
[-40 -975 329 713 242 -214 114 -122 843 -563 -348 299 -593 201 -193 -612 -709 -416 -952 -696 -156 170 -207 -497 -756 -141 301 -334 -104 794 887 120 843 567 -369 -179 508 332 709 512 -623 -81 446 369 74 1353 -1170 -192 436 -232 -354 91 363 1011 645 -191 322 -225 -305 -255 -86 404 658 -140 -142 -612 37 -279 -634 -647 -314 -576 76 71 -368 -471 360 -206 307 -107 -234 -526 -401 -217 -252 205 -969 -585 612 846 -318 -194 -429 107 -291 -833 316 188 332 928 -80 304 -6 -567 -63 -386 -55 -206 193 275 -438 500 352 -453 1129 134 -887 -453 891 -903 -709] 5578.41
[-110 28 -172 128 300 -370 558 -234 -570 426 -116 261 -338 -21 -204 500 143 -276 122 458 -259 520 41 -246 180 152 450 56 789 190 -411 -647 756 68 44 -513 -63 301 -795 198 -192 296 755 -574 773 83 -26 4 -74 732 -142 20 -342 318 -890 -80 -150 68 283 118 -343 221 109 -87 168 256 -512 -175 -524 370 -181 66 -235 82 452 380 -173 3 -282 201 1004 -37 -75 -148 -31 360 -296 124 74 9 368 46 566 161 75 926 326 -203 623 -156 -527 26 -337 1060 -942 -43 122 -364 -444 -230 -162 -49 -405 -763 300 -129 -941 -670 229 134 -583] 4359.24
[215 769 883 -1002 894 175 -711 -324 -177 632 55 -651 1066 -301 1176 19 152 -75 406 -445 -256 -1009 880 326 229 470 -770 231 -158 -165 956 -309 215 -122 -577 -143 -861 -623 88 221 332 112 -634 212 -587 50 492 209 357 239 -328 -358 150 -346 204 358 448 -352 159 225 285 -281 -1076 -85 -1211 -204 187 -621 -299 -270 -531 60 672 326 -116 638 167 -10 -18 -592 411 -184 96 -43 352 -366 608 -828 386 268 -609 -96 -219 -338 -523 -712 -207 559 -683 352 -132 -70 834 -729 990 -669 139 -37 -486 -591 276 277 -267 1353 -349 221 -284 370 -407 -689 1071] 5673.73
[191 722 453 168 579 511 597 504 1077 -278 928 -557 -416 630 39 378 952 -430 22 -124 77 -182 245 -916 -350 -782 -392 353 177 -325 -477 -345 36 -410 -288 -979 252 79 184 -137 -548 399 -1 -397 -537 1281 -767 23 -243 275 -642 515 282 239 -666 429 -1028 -777 541 1033 58 -295 380 -49 -543 -508 -667 -439 -967 548 378 467 31 -2 228 -269 119 8 -281 -231 -533 107 -488 -445 -403 -455 -244 -423 347 -670 248 -305 -399 495 -221 630 616 -166 155 -340 -382 -548 -31 685 639 1418 1199 242 445 -149 -382 22 -353 -402 -1103 -392 -311 -602 320 364 -1222] 5790.08
[-252 250 -661 -89 308 91 1252 -88 494 -339 -31 234 105 -155 184 214 111 468 -139 135 -186 -439 -100 -334 637 500 -994 -298 -671 -1037 -255 -322 -560 75 -106 874 294 -543 -257 374 412 -673 119 773 43 -185 -220 -64 -240 426 369 -761 -562 377 -112 -608 -968 1044 326 716 38 -366 -122 -366 -366 -168 13 -495 -328 -681 257 -509 -328 -413 -336 -88 202 -997 -89 608 -192 -67 -118 -397 991 379 -961 228 467 628 -312 309 454 -898 -588 581 -537 373 206 461 -856 -336 -722 556 -652 502 151 570 -148 212 500 395 -703 371 360 507 378 -170 500 -1139 870] 5462
[-104 319 1103 -162 213 94 -462 -148 -586 775 434 -663 170 820 333 234 -540 -555 -129 -1330 -562 -28 -178 39 203 -286 -546 -211 -310 -211 44 231 860 -77 -843 -1167 -43 -344 -239 310 -138 1035 106 -147 -123 7 -268 -58 -123 82 -298 -160 -46 392 -112 -415 401 -317 3 -525 -900 -140 -779 123 -152 -207 -227 -279 -821 1904 -460 431 -145 281 16 939 -83 747 -508 -196 126 615 -702 -270 -157 498 687 -863 383 -263 -154 127 -299 141 440 -411 -883 -32 -232 -693 -438 -276 -451 -39 290 -585 35 -177 -543 -505 -762 583 -49 -130 -688 366 98 57 -219 -437 -303] 5371.21
[237 -225 -1007 -182 -1127 942 -730 214 -389 -257 -29 629 -325 -309 -63 -308 45 -605 1182 -136 905 -505 753 73 -336 619 400 -105 613 -408 594 -778 -1059 -97 -27 -417 3 -1623 -144 649 249 289 -683 721 -183 -143 -499 -156 -220 248 -416 -320 -126 958 487 285 552 -279 -248 -45 -157 771 -60 -389 -212 -203 -100 711 -247 625 -695 -1326 1101 -811 -280 -164 519 -989 -201 -2 -327 349 527 133 -53 130 -640 -164 -441 545 801 -495 22 332 304 288 -291 -219 671 -688 13 -466 321 421 -132 74 -144 452 -405 690 368 190 -77 349 -486 -90 436 278 906 -17 522] 5713.87
[-272 362 -248 196 -611 -97 -623 17 -413 334 402 512 -246 744 288 911 -55 -117 708 192 344 -69 -466 302 558 -17 -79 -406 -219 -651 -453 874 181 -295 185 -558 -621 -345 -619 -1090 -180 455 178 616 -464 -236 81 -219 2 -93 1253 -506 659 -425 409 -417 -115 -367 669 143 415 -317 227 -60 505 627 228 -337 -254 138 542 -719 -1158 -752 514 -365 -419 36 -489 50 -570 594 -101 682 -1350 -365 -430 -1008 -97 -78 475 318 217 -134 899 279 -447 -654 -209 95 -391 -43 466 35 -682 -42 -230 -480 -113 -397 589 818 -281 -198 -361 -1373 546 490 -669 -487 16] 5463.6
[-82 -68 -620 -761 122 -8 284 223 352 340 704 -355 -330 485 -1471 -579 814 326 -530 -782 792 -383 68 742 49 -1538 -431 -388 735 538 14 383 307 410 815 -423 -365 302 -261 -77 -79 -627 -376 -57 -349 295 -437 -271 281 821 -38 -1025 489 487 283 447 12 -256 230 -323 347 -438 222 -248 -357 78 116 -163 -779 -1393 -267 196 385 523 -154 -862 -210 -235 773 -656 -568 281 446 -462 85 -466 -545 -166 229 283 132 -390 -364 350 -222 -584 638 -240 473 598 58 -67 541 -547 -617 -300 449 546 -488 126 584 186 142 307 -361 -234 75 158 211 64 -323] 5320.67
[-185 546 409 266 -999 -401 -135 -125 -204 -454 -396 137 462 -513 506 146 609 28 -356 53 -93 -184 44 -165 147 110 -215 -386 460 -355 748 -74 -273 490 615 -1023 -99 333 -537 357 20 -793 -67 339 138 -442 554 443 324 -341 454 -46 103 -246 -336 89 -93 -498 -438 746 161 -826 101 -814 417 -113 -774 1498 -807 530 -453 661 783 67 -497 656 -365 -549 56 -783 364 416 293 -11 578 96 686 7 -185 614 1200 -243 -1026 -50 145 -329 0 136 23 -1170 -265 64 -71 90 397 -971 -1333 148 270 -573 364 -395 226 445 7 -787 -386 623 444 356 -432] 5442.86
[101 5 -99 -554 -563 116 -773 -416 -311 305 -589 428 84 84 58 449 -10 -436 -14 -430 -760 51 -584 141 -269 473 974 -237 396 -344 1244 -71 -203 -864 147 -530 -216 -460 -95 -700 -159 -694 144 -991 -764 450 60 383 -46 76 325 365 1508 -485 -732 1245 -164 -623 178 -107 121 173 -304 -472 3 243 -640 66 -560 360 -295 632 -533 226 -86 133 -511 858 795 -1310 -306 -533 -70 337 -173 24 283 373 359 -209 803 211 -448 587 -924 -597 661 -54 220 385 -397 -563 417 -87 384 -243 557 -545 265 410 150 185 415 555 -169 -647 -168 -244 -953 681 292] 5487.33
[-404 -195 -23 375 -607 -466 208 445 104 -916 313 906 474 -84 336 -339 -350 -219 -110 140 -44 232 -3 181 206 537 405 -259 -518 -264 395 853 -99 -986 -622 137 -750 175 -492 -93 196 424 -453 -111 -471 699 -301 631 -554 -511 -248 -717 234 -213 -337 -16 24 207 -127 48 -135 -624 828 -522 238 62 -1094 -137 190 -53 -218 -114 -281 514 -53 -287 195 -1034 -106 -302 482 -774 336 232 15 322 641 908 193 -75 420 583 -394 680 -49 -486 -180 1140 -132 216 720 324 -236 -89 766 -57 493 -1077 -388 -20 103 -337 -285 429 -176 -380 -522 -141 -511 -165 -156] 4928.12
[-813 242 69 481 -1183 507 344 -127 -567 267 878 708 135 39 123 521 524 231 299 374 615 291 -614 -203 58 -117 713 414 -277 -318 -169 -496 496 4 -150 -431 -292 -156 47 228 259 1160 521 -351 -575 66 903 -877 373 -709 225 -178 -287 -37 -838 209 -239 113 410 -1077 -98 -374 -260 -638 12 566 -121 -298 902 -12 189 36 306 144 -112 -276 251 428 175 668 377 774 87 -328 216 -30 418 -403 -160 -468 113 174 -31 -141 -103 46 75 -466 468 -316 -370 -521 -507 -710 -178 -25 -118 -13 570 -707 -30 -712 -938 1398 -651 80 514 -53 -488 338 718] 5145.76
[154 -34 -69 -372 594 -273 -94 -388 -110 47 -564 301 -88 146 364 493 -183 212 792 527 -103 -352 -26 72 305 -949 -598 102 -224 -33 -141 -323 -300 -323 -429 -228 -256 -497 258 -18 -6 -333 -507 761 -596 70 -222 4 779 -426 1250 -5 617 -493 -155 764 -762 289 -410 185 28 955 993 155 -719 408 188 -19 210 212 836 -711 -23 -896 234 483 248 -747 -794 382 -669 419 -92 249 476 -31 -643 -613 188 238 -476 416 -157 -976 -478 -596 -444 609 -765 438 523 -937 -304 -109 552 644 -355 490 66 -619 -301 -135 -123 923 -358 -462 574 7 -559 -347 876] 5288.22
[-292 -273 482 120 1173 1020 863 260 811 1075 55 -53 596 -256 -304 168 246 -331 -616 -864 -349 639 -644 -641 2 -114 86 18 -278 618 155 487 559 -42 -20 396 -77 148 -261 -253 -15 498 -28 -1088 -490 260 270 -5 281 693 -423 680 -320 -115 614 47 463 394 318 -137 190 -713 -218 49 165 -322 -45 -74 -224 -173 221 157 405 65 -293 -83 959 -105 -261 -7 -40 -163 -120 214 478 -540 268 126 56 -474 98 47 330 -321 -686 -420 755 277 -481 374 -290 191 43 98 212 563 -152 -502 151 -771 -95 -571 -273 9 32 318 -3 -187 -448 312 -275] 4613.47
[265 381 -6 144 -572 -600 304 305 -292 -692 -420 275 -588 -355 -478 -206 -307 326 -543 66 571 202 -598 736 -380 999 -649 -439 -29 -49 173 183 -126 537 668 1 -314 192 -570 1059 1091 -1025 706 144 950 405 -603 324 218 -953 -184 -247 651 -416 806 -363 343 -381 -450 -126 376 160 -123 209 -225 545 259 560 486 -611 -119 194 511 124 160 -82 -349 -186 558 -492 234 -415 624 121 394 -605 296 -567 -276 -623 -269 -664 -21 -132 301 347 -376 -523 501 -22 -779 -428 525 -178 -221 67 -123 -201 -146 827 609 -177 -407 160 526 549 -473 379 -88 -113 -388] 5048.14
[-126 555 157 -852 115 133 -703 -725 -806 267 -432 215 818 144 -187 797 -288 332 323 474 609 -139 -47 486 287 289 -342 176 383 10 -364 -962 -292 146 579 700 -852 494 -1013 633 -498 232 64 -109 352 62 -99 -723 -1008 426 -281 -250 353 -371 -713 470 514 236 240 -178 803 500 -297 -676 587 334 -95 -446 -41 -965 -92 -218 633 -8 151 459 -62 65 246 -201 509 -291 -285 -183 27 -1185 718 273 -1034 -15 -838 -145 180 158 35 616 -128 302 -202 -323 8 319 281 -572 32 797 98 102 -409 123 170 -418 287 400 -404 309 -734 336 -251 -316 284] 5086.68
[-216 -358 69 -89 30 230 -294 144 407 806 749 -232 -524 358 451 -468 72 -65 -292 -222 251 46 -396 -1018 723 1106 759 -58 31 -401 556 -282 81 -376 451 -638 308 -1053 -307 965 287 -465 -162 -440 -763 -29 937 94 -131 715 206 -156 132 -413 63 749 -73 -438 -652 307 -57 783 -469 -596 1124 476 -1327 -656 -1421 407 68 247 -308 107 897 -446 556 89 447 -517 60 -8 -469 -659 -567 148 -349 -600 -667 -667 251 888 -610 -49 -277 -304 77 270 -22 -71 -175 -461 -116 686 -85 -10 291 -1088 605 -108 121 -362 -633 358 135 -482 -543 -643 -551 -151 248] 5585.14
[174 184 -371 15 394 10 -247 -131 102 314 -550 -401 -331 -259 307 -648 -613 413 -107 482 -332 358 289 -105 447 1171 242 108 -287 -251 45 723 -656 618 385 -157 248 -213 312 -790 437 -163 -507 -732 221 -366 447 291 718 -311 -154 -82 -622 30 588 716 -230 37 438 814 -244 566 -1000 -38 292 -557 -672 -451 -891 -1015 525 365 -194 308 187 -74 137 -256 -30 -55 -184 -346 17 512 240 -75 -1031 -392 -486 296 -106 422 178 -157 -223 -744 172 -582 -526 238 -92 -499 658 86 257 -284 -71 518 -7 0 325 -38 391 -264 1035 -390 107 376 -384 -923 13] 4851.93
[143 -31 706 -848 -248 466 -160 -357 14 -625 -162 312 717 697 729 329 -103 210 390 171 466 30 -445 -124 -30 581 -399 -488 -198 -272 -312 599 246 -128 210 872 -752 -113 -781 -516 -372 -870 -497 116 -311 -535 467 275 373 1346 745 -663 22 -1417 -818 762 -216 405 340 -824 -76 -340 -96 -577 94 105 787 -32 175 -586 -108 -426 -401 -185 100 262 -431 306 709 51 135 594 71 -213 -394 -1019 426 690 244 -571 734 72 -351 -207 -52 -183 -221 99 284 189 131 1038 -190 226 446 -441 -34 -502 335 -499 -523 -1122 -151 822 -233 -719 51 -104 -651 228 372] 5394.67
[49 -674 354 -390 -321 -335 440 -646 -571 -25 -834 -1360 -449 -306 -53 -228 99 -93 -338 307 -148 144 418 -57 97 -155 -748 266 98 -1 779 911 561 -812 -418 -487 -439 593 14 -1020 466 142 -899 818 185 -276 593 -119 -48 707 359 -242 351 -578 731 -7 720 -412 339 -96 173 -730 -186 556 99 -638 677 -107 600 219 413 -1007 825 161 548 544 -883 151 273 -186 -1099 519 426 544 -55 -94 1039 -260 -239 780 291 -818 -54 29 1223 -805 -66 -178 536 539 -504 102 916 875 59 338 49 189 -134 465 -292 91 674 259 259 71 -429 -620 -415 787 191] 5677.34
[659 230 -396 382 -206 86 -194 -189 140 678 94 487 945 -257 338 -387 197 -153 752 -152 -96 -317 -276 237 747 957 -682 -425 461 -753 192 1255 421 -656 139 30 263 580 595 257 167 -78 -304 249 840 -105 176 -345 -636 -689 308 393 -452 716 -159 -202 -19 50 23 116 0 -714 -83 -1334 -196 -709 299 -32 160 390 308 667 126 -350 84 -317 531 -476 -183 251 280 413 215 -374 623 -194 -214 745 -97 352 -142 1373 -647 -266 -222 -329 231 376 353 -610 -143 -15 -33 104 262 -892 374 -398 576 -810 70 -151 -306 -177 818 -142 210 -258 197 70 -82] 5022.26
[632 180 -826 307 54 -247 -37 251 400 -204 80 -320 19 559 -506 -997 -135 226 743 541 939 -747 -498 -237 356 497 227 -1045 777 36 -470 300 117 196 -355 154 -455 204 -247 -112 328 136 13 368 -353 -512 175 -45 776 127 -818 -669 -23 125 209 410 -137 715 739 -373 595 398 -241 -93 -1041 -325 578 -19 -252 -1001 -9 559 -172 117 91 -342 -501 -16 341 835 -111 -222 879 219 358 -775 -473 352 -154 198 843 -433 1051 -747 -244 -333 -131 -670 176 -463 -868 363 456 52 -84 258 540 401 -677 584 236 308 531 984 -296 -343 246 51 519 679 -638] 5300.06
[76 -312 1033 -176 93 -141 -562 -84 -82 -150 -459 -169 -6 -111 -164 -531 -105 422 166 -876 -826 -137 -154 20 358 921 -477 -647 753 -556 424 881 245 76 77 -272 98 1030 333 336 692 -66 -496 346 1071 489 190 -287 -1183 -826 106 -118 -758 -680 40 -311 -282 -554 455 180 -573 -332 -380 14 180 -519 42 -21 -42 244 -172 -153 374 -126 797 279 441 110 -357 28 -39 -697 117 -1040 775 368 243 823 -384 -390 82 561 251 52 -178 -198 -22 574 -33 -177 113 66 515 200 180 354 -483 -685 229 1019 220 600 -566 803 271 -304 -323 -479 501 548 158] 5105.94
[-414 329 -125 -177 -33 -170 -220 -832 -51 0 491 262 -239 580 653 703 204 45 -425 -500 364 -367 577 304 -644 -965 11 -163 -636 424 504 -623 -43 -444 430 347 102 -329 -471 -330 -30 6 932 -76 -179 651 -132 78 -477 674 35 -125 474 -40 -848 -766 921 -35 -620 388 -356 -52 -316 620 642 1031 92 -205 80 127 -940 257 -529 427 -237 195 -423 275 38 -214 845 -189 -188 -378 -525 -20 -6 -27 492 -234 -308 438 -496 384 -1204 541 -198 890 -113 135 -229 204 -509 185 -391 261 -234 -677 35 97 343 -299 -315 -400 -242 -166 -142 385 143 212 -278] 4812.97
[-567 250 433 -876 630 -111 -332 -68 -188 558 -427 554 -253 -85 -31 884 147 -389 14 -1281 444 -473 -922 965 219 711 -40 -92 -1039 -268 -61 564 215 -146 -44 76 108 -262 -1284 522 504 -839 489 -799 -155 172 351 455 301 417 -694 -761 561 312 75 76 -853 243 267 188 477 299 -710 -150 757 354 336 -902 -349 43 -209 -55 -556 120 -636 662 -66 -69 29 -540 1317 -554 126 158 -49 -195 -968 -336 -143 811 -438 39 -481 -105 -953 90 -400 -582 -486 800 205 -402 -73 -151 -459 -490 369 -195 -249 -13 -146 -576 225 -318 846 -184 -188 40 -432 -817 -143] 5505.69
