[580 506 351 -388 -42 254 -81 -69 -193 -148 338 161 487 527 -416 -14 -725 303 -243 -531 0 -125 180 -101 97 -58 -389 120 80 -359 -148 212 -17 -538 -200 -141 865 -29 19 -77 213 -593 405 161 245 -355 231 125 -552 149 -225 118 -95 268 -173 -128 144 215 318 -372 -186 96 -60 144 -361 73 -123 36 -56 -51 139 234 -73 86 116 12 -531 259 160 170 -224 -234 469 -504 261 530 -196 -21 215 -317 130 -21 250 -30 -520 -40 207 -133 -461 -35 472 64 -66 -193 6 -489 -199 451 -1 -94 243 455 -341 250 11 208 66 -317 -246 154 -51] 3148.08
[-218 -789 -110 244 -195 107 598 -368 -105 -389 -224 -379 172 217 -155 -128 203 217 160 71 92 -477 -222 187 76 143 -349 40 -240 297 -32 -52 -233 -74 -414 188 -51 62 -222 46 172 9 232 -311 267 -46 453 371 -189 -38 345 -224 101 -221 222 -37 -330 41 -287 8 -81 302 -359 665 558 -323 -235 -377 -87 362 209 -77 -135 -187 -183 133 -169 -85 416 620 770 -421 -159 -289 7 400 -89 -411 275 -100 -7 159 -117 167 446 282 -180 37 13 472 -12 517 22 -68 -309 -86 276 -351 -332 13 -292 -266 733 439 -264 70 155 141 415 -289 330] 3170.38
[-122 -228 -134 -472 51 -157 121 -440 -65 33 -251 -465 51 -262 418 75 257 -72 -285 51 -487 171 -178 -157 -282 -156 -166 -46 -534 784 164 126 56 135 -39 31 -538 607 179 -66 -104 427 -248 -306 349 653 -162 723 139 363 350 155 257 -570 -104 -613 -342 -108 -49 -299 445 383 315 207 360 25 18 -396 13 282 -338 226 -662 -45 -495 435 -231 -372 581 303 22 -93 -374 -267 -290 594 -89 -41 36 238 31 127 -13 149 520 553 -89 150 -132 133 -398 120 -109 302 -152 -289 66 -380 257 -580 -29 -38 158 -203 -717 181 338 278 106 151 155] 3436.82
[-858 145 -250 125 196 81 -63 191 31 188 48 334 428 -129 175 27 77 -440 -65 -476 -232 -204 4 -278 -75 107 184 -4 164 -298 212 34 345 89 131 313 564 -103 -31 215 227 -64 -215 -233 -152 -324 474 -250 -53 -729 -220 -65 -235 393 -475 164 288 114 -200 -620 -91 -540 586 -308 -303 133 -20 396 343 -136 -782 -92 162 -159 -68 -32 -42 113 -560 -308 439 431 223 147 -52 -716 13 320 -242 279 -37 -144 95 -65 -110 -401 397 -295 87 -331 250 -421 -132 618 229 293 -75 -144 554 512 -590 422 -672 -213 286 226 -56 -268 -663 106 196] 3461.94
[-301 -16 9 -149 40 493 79 -423 65 -178 85 334 633 80 -253 310 -87 -104 -35 169 443 24 -219 -840 350 -246 -42 36 -274 307 2 -81 375 -456 276 392 210 80 85 -87 -348 48 117 -272 39 -156 250 -220 363 -69 -44 -58 -257 -162 -284 394 121 141 -46 -414 -115 -504 363 255 -259 -2 -93 -93 150 76 399 795 -480 34 572 53 -593 -296 -129 -158 275 447 45 27 -36 -152 26 -331 371 180 54 246 82 -450 -59 -14 325 -387 -218 -142 -140 -178 -159 656 -281 -478 -459 -208 -88 176 -180 461 106 -312 -260 448 215 -595 306 11 -462] 3213.07
[125 -189 13 68 300 -487 694 -582 -346 -524 412 -432 378 393 -308 -117 79 657 -582 -848 -605 -156 -442 330 -161 191 -111 18 -18 225 63 265 456 99 -10 -63 293 634 473 288 283 -819 -471 76 147 -249 452 722 -549 426 80 -11 130 -171 123 -198 121 -79 180 -731 -145 403 -124 722 -213 420 254 -61 -328 496 -417 -186 177 -117 -526 277 -80 -158 189 509 96 -161 414 -630 285 281 264 -278 -365 138 48 -185 -100 583 89 358 94 -115 -438 259 181 66 273 -315 -493 -644 187 -33 146 -137 59 93 -386 118 -111 547 281 137 255 -112 504] 3841.36
[-297 118 -251 309 -169 622 -248 -65 141 -199 -348 -614 288 400 38 -23 -329 121 -321 -578 -625 -322 -243 472 -303 -34 -1025 -57 178 2 32 153 -290 -167 -80 -139 358 270 -259 -265 482 57 124 18 709 -65 -99 774 513 -753 259 176 -520 108 -406 -279 -157 190 159 -481 3 456 658 349 573 280 -64 184 -240 -423 -455 230 -318 -254 -427 -44 -329 92 694 461 -37 35 -320 -325 -123 23 37 -41 67 78 361 200 138 160 206 568 122 167 -64 -122 392 630 14 599 183 10 215 -562 208 -387 -420 136 -315 10 158 17 602 326 -540 109 597] 3793.35
[-63 676 304 0 384 366 -463 -238 -462 252 430 -385 31 -166 -340 207 2 -167 -452 -314 -376 41 -433 -252 59 -379 -83 -57 37 425 -224 226 216 83 281 27 184 404 -208 505 -53 427 -780 -4 101 -17 -350 254 776 -262 538 -29 81 279 -370 470 -84 -412 -142 79 160 -826 375 -597 321 421 9 349 143 -319 58 361 259 -191 -46 213 320 -470 50 -251 -287 452 268 357 -125 -500 269 264 -39 369 354 -62 65 -115 357 -168 201 -98 61 -40 459 150 -166 308 423 -179 -34 -96 824 -100 102 -73 -381 42 173 -142 11 304 -492 499 -510] 3522.56
[-11 -88 -266 8 -67 -239 186 -175 511 37 -397 100 164 -83 -717 -79 1067 -218 -83 689 707 201 -152 -437 224 16 273 332 -86 733 -157 -516 -426 348 -10 134 -848 -60 -158 -138 -360 200 -283 -420 189 331 -25 -229 201 462 61 -615 -381 -357 331 324 -339 -304 -426 365 56 329 -704 -32 -108 -291 -286 -370 166 56 323 -286 -61 -76 71 -13 -109 122 356 215 759 10 -142 -135 -42 -71 35 -6 380 50 325 -166 111 -416 -166 -168 -371 -368 659 433 -723 87 426 24 -530 86 -347 -663 -118 64 183 -163 895 540 125 -308 -244 -6 -39 -657 -20] 3842.81
[503 500 -201 84 -233 -23 -376 -38 645 -216 76 -33 801 264 -410 238 646 -19 -418 565 249 -644 -309 -451 235 215 -263 108 13 123 -243 88 -260 -889 -26 361 -5 78 -313 127 456 -44 -676 -100 4 -125 -148 229 68 830 482 20 -646 -398 -98 -26 5 -141 -160 -215 152 -71 -169 -90 -342 -164 371 -47 57 -293 249 -292 130 -357 299 -239 -80 -107 246 108 163 -179 -3 -300 160 -146 301 21 227 154 369 -292 244 144 -201 37 380 9 29 54 662 137 573 432 -178 129 -108 -42 -312 -109 195 -23 20 195 55 -159 202 211 -150 69 55] 3281.52
[311 -175 -405 -410 373 -241 90 184 343 -122 -275 -88 555 215 472 -256 340 -89 40 380 -346 6 355 -162 -115 -115 -489 126 -498 32 31 -329 -55 -63 -289 241 -431 -350 -77 -584 703 -106 -469 -184 -204 353 294 349 -421 64 -24 193 12 -614 426 -669 -24 -155 214 201 287 492 -154 -350 -34 -10 210 30 -202 -107 84 -934 98 -236 81 -463 -27 375 547 118 -386 -395 62 -561 209 -324 -248 346 -646 391 -246 -216 -133 -141 -162 -86 315 -229 119 267 -244 -198 98 -438 -58 598 132 105 125 -210 79 168 -270 535 90 37 306 -130 -436 -169 281] 3420.68
[397 -37 -260 158 -9 160 -176 228 -680 171 954 724 -224 10 -134 56 -246 -176 -78 287 339 -320 -89 414 347 289 241 -212 -123 -648 -98 168 203 150 254 -117 -300 -371 -97 227 -279 711 -148 255 -551 169 -363 -673 325 -160 -193 404 223 577 222 705 182 145 -219 334 -72 -475 -494 -171 -270 -172 -375 -185 222 304 -18 65 21 519 469 140 23 240 -573 -483 -574 -73 -87 50 -245 -637 -27 10 -296 -420 -381 -327 182 576 82 -3 -63 79 308 -14 182 -349 -188 -420 468 -125 340 242 -237 653 343 -266 316 -132 -177 -689 -556 -425 368 84 -581] 3755.89
[255 317 -356 430 -115 -310 3 279 -429 293 112 68 140 -284 -235 -458 673 -526 -609 -792 -323 159 -1145 272 -43 57 368 -382 112 138 -36 -137 18 645 138 -152 -304 -10 340 845 -63 278 -819 -152 178 282 -451 -145 638 -663 -488 115 -291 598 36 388 444 192 -354 -67 72 -300 402 48 -278 -213 -18 -429 -120 -314 -710 -25 452 -138 -33 -69 5 196 -436 -167 -26 374 -208 -114 -23 -574 83 293 -993 457 859 -545 -151 112 -53 -41 -374 144 337 -277 214 -172 677 417 -112 164 445 -418 350 692 280 -150 -54 398 549 -526 -372 -38 -302 -633 237] 4195.63
[-354 -386 122 38 -51 -14 316 -363 -908 41 -227 -228 -241 -473 463 -103 67 500 230 -882 -812 704 -621 -47 -256 576 -144 -151 242 133 407 -285 352 588 -59 39 637 315 430 880 336 -109 283 568 -314 -51 315 63 0 -482 -141 -521 420 -83 -188 58 -170 -37 32 -268 68 -167 919 250 78 744 113 132 -202 -8 -730 39 100 -363 -518 570 402 -195 -463 -236 -128 662 48 267 -84 266 -16 439 -138 500 222 325 -275 26 265 100 -46 229 -297 -338 317 -108 137 85 123 -115 23 -237 428 23 504 -497 -191 100 878 453 -367 672 326 -92 477] 4083.88
[-128 -54 -343 -629 360 476 35 -25 315 -25 150 -524 -427 299 18 -39 -818 21 283 375 -241 -93 707 555 -178 -467 -144 272 69 -167 -116 295 -292 -491 -249 -799 -21 42 -301 -311 51 30 581 -138 641 -80 -245 278 373 -179 364 120 211 146 780 -37 -481 117 263 323 375 610 -466 16 1071 -306 22 428 -43 618 403 612 -815 823 -271 -535 -311 292 1072 245 -469 255 -230 -517 285 244 -158 -675 288 -346 -414 -267 -319 214 288 546 133 -52 65 457 -97 656 -682 -386 340 -482 392 6 -601 -334 -323 -12 184 -364 -855 -219 377 154 59 -291 -99] 4392.07
[-110 -242 291 -576 -190 -303 -594 -2 -95 465 -632 -170 -262 -477 184 99 -144 5 536 128 -298 605 380 -237 -316 61 -264 211 -115 194 662 -154 185 462 -28 -42 -23 353 744 671 253 -92 -129 93 -196 -233 42 147 214 248 95 -299 23 -518 151 -22 162 -61 135 -72 470 32 413 -551 -66 527 152 784 19 30 -461 227 -140 -323 725 -136 199 251 85 -502 -216 1327 -216 151 18 -474 16 605 41 346 275 -386 -218 -400 123 -102 116 -332 555 -280 -178 -209 -152 783 463 70 -294 -492 342 -143 -348 -297 -446 -46 627 -308 -175 124 280 -252 -147] 3845.67
[242 292 132 -6 -523 135 -581 -180 -114 506 261 193 -279 -739 -336 206 401 318 787 376 795 726 450 -230 358 335 -35 146 -134 170 797 -299 133 936 105 56 -159 -355 -40 -133 -603 1058 -32 98 -232 60 -291 -375 453 82 -364 -428 86 227 -138 675 -618 -63 -268 313 341 162 -174 -846 -191 467 -797 -642 542 190 480 200 -423 439 772 1012 -74 182 -305 -251 623 174 -139 408 -362 -133 2 488 714 115 412 138 687 -643 -492 -247 -314 -142 805 -462 -550 -191 -38 -148 -42 484 -777 -525 61 234 606 21 267 -6 173 -449 -625 -744 -60 -104 -310] 4693.63
[-295 498 48 236 -218 -788 -143 214 389 251 108 -71 117 -344 84 -209 683 39 53 398 -260 -311 -113 455 236 137 455 66 561 -381 -172 -418 -128 379 256 -110 2 3 -13 253 700 -150 -58 315 206 -411 -146 -257 178 40 120 -265 -448 -355 560 792 -136 -678 596 484 177 -48 -369 -47 34 244 214 647 224 -230 -142 -170 182 -291 15 -64 295 -390 -130 248 446 454 -148 776 298 -546 321 -217 444 -402 381 -521 91 -127 -323 -481 53 -203 440 133 181 731 -177 145 2 474 197 -60 290 -318 66 -188 -524 10 417 -255 112 386 70 -679 335] 3712.72
[-680 -678 -382 -331 -191 169 153 125 -697 174 -125 192 23 346 491 -489 444 -879 358 -38 -921 -34 -475 91 265 -71 -1251 -160 -650 595 9 -515 -382 222 340 478 -495 -568 -187 279 835 627 -162 -91 137 453 -113 396 541 -713 166 -161 -186 -322 450 -113 243 -347 281 416 675 209 202 -82 246 56 -247 -31 -88 79 -789 -135 -700 -608 -709 243 -285 -403 129 177 -209 7 -173 3 -486 -413 -335 -81 42 468 -288 278 50 291 141 653 -279 -169 -98 245 47 225 -194 296 596 -23 181 -609 733 159 111 31 -322 108 -233 -399 45 63 128 -242 -119] 4287.89
[121 -441 103 -6 347 -227 586 124 -137 -194 -702 51 -769 62 -218 -219 542 86 584 276 330 537 46 -241 -293 -198 273 349 305 825 -17 -599 -178 -79 383 120 -937 -86 -182 -336 -533 -795 71 87 -720 -110 -352 -37 230 -8 171 -504 293 -117 239 251 -38 -82 -432 215 -218 201 -242 97 -161 641 363 667 -331 -113 827 -605 589 -219 -511 -387 1018 452 262 -420 -227 27 476 -61 -18 -184 170 128 61 127 -507 5 -160 -251 -535 -55 -1017 -126 77 528 -1060 -181 -586 -848 28 146 -303 681 174 340 287 -62 452 501 208 175 -422 -23 295 -110 171] 4368.56
[-386 270 -873 471 187 296 403 384 609 18 -46 -582 454 -273 -433 59 -362 -188 -324 -442 124 13 408 448 -418 -98 350 340 -109 -176 95 101 97 -290 -303 -203 697 -61 -456 -265 356 -36 -593 142 -488 256 180 -115 1 -588 42 52 -210 -76 -79 446 -161 413 -492 -635 -30 -176 204 48 214 258 161 518 10 -287 551 -100 -296 310 171 -8 -244 1114 642 -22 27 449 -377 -275 49 -932 -164 189 -488 714 55 364 51 -30 50 -209 582 -106 0 9 160 180 -274 304 -415 -27 46 63 -467 298 -430 95 -296 615 130 220 376 37 -562 -241 501] 3884.85
[885 -270 317 -466 307 -265 428 -9 -170 440 9 16 -190 -544 -183 350 -532 -49 18 -75 167 424 170 -572 -314 -221 458 -94 235 114 84 -359 33 -606 -75 43 5 406 489 59 -601 -332 350 50 -558 519 -213 -610 283 592 -311 -525 182 -486 149 170 -205 280 -481 120 -342 -527 638 129 -439 186 591 236 -143 -247 998 -142 461 -255 813 -98 291 448 490 -171 -1424 373 159 -126 163 -252 -525 111 -500 490 -11 210 -284 -562 -395 -1226 87 -415 -547 -31 31 -782 -37 65 -106 -175 23 422 -389 -107 773 -167 160 406 167 312 -274 165 690 -15 -117] 4446
[-87 -1118 103 525 -195 33 677 52 -28 -139 53 639 456 568 -273 591 -162 -461 -253 -172 459 -757 -397 -434 133 -413 258 -451 -268 342 185 435 179 -779 318 528 -547 713 456 274 -43 -260 -56 -287 -123 -62 152 316 541 -90 -206 275 -259 461 -953 286 504 116 -344 -659 -610 -596 498 883 -789 -312 33 -221 -223 -286 9 -85 257 -437 445 -253 386 -486 338 192 233 -600 -214 68 12 -295 -260 -333 -350 -685 157 -119 -276 561 140 -693 71 99 -392 352 442 -315 126 728 65 -111 355 38 -246 479 -580 207 372 429 -638 91 577 -600 441 130 586] 4536.4
[-63 216 -167 175 133 -76 636 299 686 150 -328 203 613 -409 839 41 279 -12 -250 -490 -714 -376 434 353 163 -432 715 -69 -293 -363 344 315 13 -630 -125 377 201 50 347 -60 396 9 -140 137 -774 -365 332 94 -21 -453 -323 254 109 -349 -82 52 -89 -47 130 -496 -44 -444 494 115 61 -528 91 56 557 -150 1076 72 -90 -129 237 -39 -7 -46 0 375 -89 172 220 276 568 -293 -123 -333 -511 495 42 672 -370 -511 25 -1018 987 -120 -676 -332 301 -120 -202 244 -107 873 329 224 -95 278 9 513 -756 542 -628 492 565 -481 -413 -305 623] 4346.73
[-19 -734 124 149 -26 32 180 -296 -204 187 -345 610 780 520 -273 30 501 5 144 -71 748 -322 -449 -461 597 241 66 135 -195 183 140 -303 -168 -319 -258 388 69 -89 479 873 953 35 318 25 -405 -341 318 -571 -433 154 -44 -752 491 -171 -333 344 225 279 59 197 153 -391 22 234 -727 139 -84 -132 33 30 -673 362 26 9 516 -88 462 -20 -372 -219 1314 176 -220 -110 432 -3 -178 -242 364 -408 864 -576 79 -22 25 22 315 -282 -170 181 298 -56 331 532 -252 -303 416 -676 -149 473 -430 -527 512 253 24 -264 -106 -69 709 -501 579] 4240.09
[836 -297 212 388 -200 -228 295 -463 261 -230 344 -947 402 -384 -664 -320 30 703 152 386 273 -353 98 -510 -238 -54 444 -857 -401 334 -226 110 371 -968 -117 149 657 107 396 220 -317 -225 -196 -501 -281 -380 425 100 104 457 -257 194 472 -24 193 -36 -528 290 -612 -666 -87 -478 156 607 -127 -475 812 -474 200 335 1076 459 420 -311 732 -200 -139 181 382 41 -114 -247 306 -243 530 65 187 -45 -238 398 217 -341 47 -477 -324 201 -378 -333 -53 -203 710 422 277 -148 -416 64 328 688 -747 324 271 416 222 266 11 284 503 -547 490 -731 239] 4490.42
[-411 69 254 163 -305 274 475 181 151 113 171 174 -179 53 294 374 284 114 290 16 -185 -970 227 -361 23 -25 643 319 -183 -563 165 433 -17 -620 -328 146 196 -155 -267 142 -222 600 24 222 -148 -690 154 -504 -675 108 620 -205 -268 535 -458 288 -2 324 -340 210 84 -216 -45 107 372 -293 -303 -175 471 187 248 -151 371 -512 -178 369 -316 -334 -272 83 608 -310 -50 926 -222 401 -340 422 909 152 -439 988 -366 -233 305 -254 259 549 -450 16 432 622 -30 -109 193 181 -197 175 -155 -82 292 -32 43 486 77 302 -566 150 165 299 -300] 3909.3
[76 -56 320 -337 -215 -100 564 73 107 307 317 -203 -650 -16 467 -293 420 23 40 -132 -35 -126 -330 295 429 -876 506 172 -292 -73 213 178 -125 -10 -9 66 -647 -342 120 95 -208 -204 -73 216 219 -207 268 -259 -207 313 378 23 509 135 570 228 704 -92 3 829 213 -190 -548 284 27 -403 -139 -301 283 -72 652 214 -156 -49 224 -221 13 -22 -123 828 -76 -111 -45 1177 5 152 4 -211 319 40 82 950 -634 -365 179 -545 -291 114 -608 334 -170 333 -10 108 -393 -942 -68 -269 37 -219 12 -399 159 -262 -439 441 264 -257 814 -417 -588] 3974.11
[538 76 47 -877 51 -102 38 -9 -646 204 665 619 718 -26 500 295 45 -654 -418 170 -464 -37 -144 -359 -152 -248 -231 233 -978 -78 430 425 -188 -382 -153 -132 -353 -110 104 301 85 178 -67 -263 -168 754 -375 268 -24 269 429 523 -36 510 -98 -51 71 -82 170 70 280 -191 -8 -596 324 -277 -541 -204 594 73 163 -420 -336 233 537 77 -888 449 157 265 -420 -805 -34 -147 -4 293 -257 55 -48 454 256 413 -107 -254 -80 116 383 174 59 349 149 -63 -121 85 199 -636 -12 -225 -210 -96 779 213 -223 -119 -751 296 -270 -571 -90 71 -702] 3972.11
[651 504 -85 -1449 118 -310 -242 442 343 90 -293 493 421 57 761 -194 -344 -390 257 511 32 66 98 -749 273 -722 303 -386 72 303 -582 -130 -3 -943 -617 -254 -400 -173 670 -151 125 55 553 286 -56 141 -64 -48 -209 -32 -724 254 510 -524 391 -221 420 159 573 292 133 -192 376 -423 -269 -899 715 -10 -323 413 531 1296 -266 276 -29 -543 121 -441 -311 -708 -448 148 502 -856 321 520 -183 130 51 -375 -94 -752 98 -549 -380 -474 379 -264 -808 -268 -126 -228 -879 -651 0 317 247 1309 47 -467 636 634 -376 347 -899 -36 370 -163 -132 81 131] 5093.32
[-571 221 -305 -599 93 -532 -144 479 253 25 -471 -87 13 -675 706 -151 107 -1020 -193 -193 -45 308 -825 174 -624 214 -213 -401 90 240 -85 379 -123 283 -230 -31 -225 69 -120 619 -20 805 381 -70 148 996 -296 529 524 -509 -179 203 124 235 -330 -824 -16 131 346 -462 53 -266 607 -412 423 -405 -48 -12 67 -351 -420 -247 169 344 -496 -141 82 194 -108 312 -31 358 -275 -161 -373 -348 212 320 -739 -12 103 -671 193 -35 208 41 -53 354 70 -152 -79 -381 144 820 140 231 302 -654 -416 -318 46 -1 -213 -177 -293 -534 160 421 -441 386 836] 4148.31
[-67 604 458 -577 133 -480 -588 522 -55 86 124 388 17 -168 22 76 -428 -200 -653 159 -385 502 106 -119 60 -147 352 -255 93 160 -587 141 -28 213 59 -351 236 421 6 -1214 -166 -242 581 -139 524 836 -446 -135 -622 204 -161 605 -367 -214 -81 -281 -44 -256 599 -9 -258 330 -254 82 -684 -285 -209 -276 105 -165 -916 152 -62 -370 -639 318 -56 32 -7 -300 107 -1021 258 -111 -264 629 -154 345 778 -1417 -209 162 835 -362 -256 592 -186 -376 130 -265 -770 37 -408 -497 67 27 -329 739 681 -1044 445 604 191 319 -429 -481 -583 245 -906 45 251] 4779.52
[-264 -253 -67 -190 537 375 554 191 -276 -754 306 -243 452 18 151 -424 -95 249 -781 -988 -694 -466 -811 -168 -112 -82 -245 -338 -334 -82 -357 202 518 184 8 226 30 218 -174 -354 60 434 510 0 -64 135 -152 841 -873 -321 -463 510 -233 -43 -281 -164 345 755 485 -548 -276 130 182 808 -492 -505 -396 -1008 -83 318 -79 346 -539 -392 -470 684 -419 259 98 695 -155 -244 217 -104 -103 274 209 210 -277 -94 -122 314 168 396 494 574 112 290 -891 -285 30 161 616 -207 -641 -563 -281 -40 285 -527 -70 327 -135 642 -223 289 384 -355 -124 70 730] 4480.58
[213 106 -166 559 241 -141 648 -163 -59 -731 535 277 685 444 -225 -254 664 -390 -348 -371 -55 -655 -258 38 324 161 -367 193 -413 -523 276 122 -620 -48 -313 -44 243 -537 -358 -191 703 -20 -79 132 -462 275 581 -154 -391 302 345 -274 -749 -43 -541 -105 353 -9 -242 -24 -187 72 2 232 -97 -210 82 -188 160 -388 -447 -860 208 -117 -333 -449 -510 13 -22 754 949 -559 18 -254 617 99 -280 209 -110 526 474 112 -14 -549 -399 -59 374 -309 -350 530 -168 529 387 -142 -543 2 161 -347 -167 379 387 267 -527 610 496 85 -173 -128 61 -595 -12] 4122.06
[-634 -337 -571 72 129 -315 479 -234 -277 376 138 -256 67 282 -504 245 487 14 141 -268 -896 -204 -28 -114 -356 -178 -308 32 -214 258 313 -191 149 -47 406 639 -475 377 76 -488 -204 -132 -762 -91 -311 -136 -52 64 248 -93 713 -174 -944 372 151 573 -204 -236 476 -181 -126 394 571 -295 159 333 -67 345 334 -14 383 -197 -305 -398 136 487 -658 199 497 -100 -119 -309 -151 -181 -178 -612 37 -346 422 589 -323 1009 -376 -136 95 274 138 -684 -315 20 -333 -55 -129 251 -4 -214 -92 -348 541 -186 -257 658 -389 -682 -187 657 662 -501 -597 477 -467] 4156.81
[226 335 27 326 128 -187 588 -200 -58 108 -398 -308 32 -322 -226 -693 380 -11 -248 -2 112 -385 -82 -402 53 533 -86 -49 90 302 -86 -260 -168 -159 -711 457 -547 -515 -472 136 343 377 -190 44 -366 -140 167 -492 -692 443 90 -858 -412 -140 289 -5 -403 310 -112 364 -203 272 133 136 43 -612 25 -919 176 -352 391 -663 557 -615 41 -60 -531 555 59 -39 239 -539 -441 459 481 502 -32 725 360 89 374 120 -443 -695 -187 95 -304 325 -490 148 257 683 865 -195 -326 737 -137 -203 -419 0 500 -402 324 569 698 238 -95 734 276 23 -2] 4227.05
[649 -1168 319 -376 -356 -344 102 -316 -854 549 -123 406 96 1115 -178 393 -77 531 1062 -250 -700 -87 -403 387 -114 323 -779 -230 -313 274 761 -429 -183 -490 -518 152 278 53 142 428 958 -119 -38 125 -455 317 89 237 -461 -197 534 -34 614 213 20 -439 -251 -19 -34 -114 532 495 621 -7 163 -41 -11 50 -155 379 -361 -298 74 -343 -179 217 43 103 467 311 177 -1101 223 -706 84 305 -815 72 -279 -81 -296 392 413 214 -230 94 -131 -496 -232 -125 227 -536 82 -693 385 -48 526 -266 346 364 -100 -271 493 414 47 168 -95 -537 -242 196 736] 4564.32
[-362 -234 695 37 835 40 -86 -98 -344 633 510 799 100 109 464 348 -452 -693 -881 -114 -107 164 1020 -22 -317 349 -48 417 518 687 430 -13 441 265 645 -176 -557 65 379 -1015 -160 -405 243 -810 -202 672 -641 42 -203 319 -332 -185 264 -339 -202 -98 -163 153 -10 -446 -385 -328 589 -303 -174 143 70 281 -247 485 -962 42 -218 -275 -501 769 354 193 -191 -32 -401 -774 555 -260 -57 -89 220 -203 -531 97 -33 -747 609 411 99 113 235 -122 -385 -656 -617 -810 -44 -203 209 71 -445 -328 600 129 -928 234 -321 -902 -680 533 -498 -132 26 521 -115] 4824.58
[-1069 -188 -570 -227 41 -573 176 378 -146 -254 -178 -425 170 -1053 1060 -327 421 -489 185 -197 -595 121 -564 -202 -408 -322 -81 -227 -239 -170 -227 103 -449 -27 281 -252 -321 245 69 751 -194 -1 282 416 -259 332 -4 487 647 -217 296 290 -337 -278 -290 57 282 -320 386 154 328 -188 341 -162 420 92 48 516 518 -229 -141 189 -422 182 9 -814 194 58 -248 227 -164 245 -338 -320 -462 -428 -16 -748 -364 523 602 256 -52 264 310 54 227 -391 170 -60 186 0 -127 740 -246 -72 500 -328 347 0 -154 20 -1029 -326 -230 -178 760 241 104 -465 55] 4170.94
[145 126 62 440 -385 -170 -10 249 -103 -105 -238 -501 98 -116 -808 -1 140 -548 -35 312 963 -583 487 -353 457 -627 -448 62 223 13 -145 -162 -1480 -355 49 486 677 -94 -382 -513 -414 -798 681 -495 -175 269 -16 -303 -304 711 878 -489 -691 190 -187 149 260 -450 -902 129 -536 70 -517 332 119 -474 -389 -136 269 -637 988 -278 -82 40 -72 -430 -84 580 178 336 694 -868 -164 -452 106 891 -230 -723 972 -455 638 640 292 -239 -307 -344 -133 -622 242 226 -350 658 97 -35 -391 -190 -203 447 -332 -1 -330 71 1 -374 -96 -272 106 223 -234 15 -387] 4852.05
[-264 199 607 -382 -128 -255 50 407 339 494 -682 -486 -22 -883 557 -471 3 708 -231 -680 316 -574 201 -145 -114 -291 1119 -350 306 -365 -703 230 -420 -160 1 -434 314 379 436 465 93 -346 611 -145 -100 -829 264 4 -955 -240 -307 133 779 114 -46 -437 265 350 -72 -375 143 69 -139 1081 -83 -305 -522 91 -280 355 340 121 100 -327 -477 -69 340 76 -40 331 384 156 219 -31 -45 720 -336 -588 311 -570 362 40 -257 570 26 -547 -177 365 -363 -145 479 503 96 -19 134 -594 432 488 70 86 -678 -358 -76 333 -100 60 396 95 195 -177 859] 4452.52
[208 580 128 -561 249 237 -8 686 295 -189 156 528 -434 474 -481 -288 -314 -479 37 -364 50 -231 359 -442 -468 -225 934 406 -544 -387 -545 889 388 -1120 430 -167 -546 118 -102 -51 -88 340 -71 355 -295 54 -1184 273 -195 1244 -148 430 -836 3 133 -181 631 616 994 -195 236 209 -268 -314 -414 -745 68 217 383 86 556 625 -311 612 -350 -198 -683 -43 347 -374 -875 491 117 -944 -351 159 -12 -623 153 130 -752 -18 -285 877 65 1215 170 344 -1475 -249 119 -485 338 -70 359 -811 -399 531 -525 316 68 546 208 -346 -977 -100 -592 -379 -106 673 -918] 5520.88
[752 615 721 284 694 923 -691 -299 1016 -227 198 -172 -481 620 -1155 718 84 364 305 186 745 475 112 -305 -93 -940 457 183 -166 -228 -241 605 245 396 -446 -662 331 465 196 -986 -840 648 119 659 598 -626 -293 -362 547 -94 -125 -91 -100 638 -710 143 -80 238 511 733 -628 98 -131 -238 -124 -61 269 63 457 -407 435 741 952 657 -32 -126 134 -808 312 -462 573 420 632 479 729 -218 4 322 557 -654 390 -114 188 -1422 -537 150 216 -585 -66 -128 -392 -176 -179 -858 244 -37 -52 -313 -227 -507 340 545 606 336 320 -316 -550 -533 -921 -31 -48] 5495.06
[-136 298 -405 167 571 -78 269 -636 585 -386 356 -151 264 364 -482 931 -715 339 -682 57 -658 -1243 -545 408 375 -471 725 -54 653 71 453 543 -148 -619 311 262 88 848 123 -201 136 -56 68 -34 166 108 -593 445 -82 634 846 157 -581 -505 -112 1128 -494 -516 451 -392 -360 365 -60 657 6 -692 -31 -65 83 163 579 429 -139 -102 -51 -163 -169 -489 343 471 19 -29 -131 497 493 316 495 -657 708 -814 -235 149 -295 -131 887 -504 864 46 -797 42 205 575 479 -31 -508 8 -45 -341 -675 -1094 142 77 -361 -521 -1271 51 45 646 -55 305 388] 5203.2
[213 58 -181 -72 -519 720 -411 -21 240 -440 31 -1465 -498 269 -642 -53 -921 585 918 -163 671 -736 -142 418 -339 -880 -648 61 763 -54 62 150 -556 -354 -854 -436 945 -268 -222 -12 172 -588 -346 70 14 -693 307 932 -175 -241 1162 533 181 -117 303 170 557 337 -854 238 204 -193 188 -100 873 -220 428 1035 -801 -48 949 -54 -200 -10 568 -987 583 225 321 726 310 130 223 -481 -303 208 250 -232 127 461 510 -2 144 94 102 -463 -583 184 -246 166 506 726 -168 -144 -433 -698 -169 755 -485 394 -1157 -871 -392 409 -261 64 349 -259 -103 337 -264] 5483.92
[1065 435 -353 670 -251 447 -526 32 554 -96 -725 315 202 -260 -576 -187 -131 -101 -402 590 155 -342 -154 244 327 -326 -518 -813 -583 537 -13 -296 -140 -160 78 198 -962 77 102 -1513 -208 130 -350 91 -886 505 -229 335 596 104 52 847 -194 -746 363 16 79 273 -365 -924 -772 484 405 1543 -82 -743 -86 -134 -523 -301 1134 370 78 -400 48 -65 -971 660 -15 -488 -564 -198 -351 -716 33 -359 297 656 -270 -346 431 -193 -150 -773 426 809 -540 -52 -52 -458 -678 289 -72 -272 253 253 -170 298 -644 60 -255 371 687 276 631 -391 -28 -401 290 57 -559] 5364.33
[315 -403 259 -382 -255 -585 199 -346 -554 531 47 63 -450 -242 -187 107 330 256 542 -301 1288 317 -399 277 313 236 1153 -26 145 186 -6 244 -45 575 148 204 -801 -128 233 220 -221 -137 -678 20 -10 -101 -249 -15 296 -169 -198 444 796 -119 29 663 581 151 214 462 206 -539 -233 -351 -699 83 236 370 -497 20 277 517 -182 117 691 -24 1255 -28 -314 -613 758 621 -401 -31 -292 -593 -62 -759 -476 163 72 -1003 -382 315 424 -575 -479 105 -388 -211 -687 -907 -704 232 -591 -340 289 -29 50 358 -445 167 630 -244 -717 -528 168 -597 729 121 -960] 4972.42
[-535 28 133 492 5 -281 550 -233 330 -90 -31 237 0 69 213 396 -197 -522 469 255 -119 -113 592 162 180 -20 139 -46 93 269 704 504 -51 -587 472 460 782 -459 -164 -139 20 -543 -354 -1009 254 -7 -8 -13 378 233 430 -79 58 -548 327 23 180 -612 -542 -118 252 -226 278 -119 104 140 798 661 -503 -75 125 -177 402 -597 -116 -16 -106 -447 -182 -62 -327 110 155 -113 -221 -277 -15 -474 -667 1125 -574 -256 -82 1 220 4 236 638 92 -249 -183 -439 263 35 -184 610 -182 -514 -577 151 -135 679 -550 -275 102 31 -925 476 544 153 -862] 4228.54
[829 736 -161 -766 321 405 219 -303 -1133 305 748 -995 -222 26 247 -347 -103 654 -8 -510 -948 231 -337 -332 -394 -635 -177 323 -107 -582 -174 228 233 157 -464 -214 370 228 631 -262 -100 84 -373 1056 239 -245 92 102 369 11 582 383 -158 -398 829 73 158 -120 359 721 -47 -119 118 87 250 -359 259 -43 88 -304 -211 355 325 -354 -290 -993 27 105 -30 -435 -1192 719 171 -543 26 324 -565 -10 -401 -297 212 -150 -540 -583 193 726 -305 -838 -202 -748 171 131 -259 -406 113 -48 86 350 163 -496 774 -354 -436 3 382 -977 -722 85 47 -389 -765] 4963.91
[-1449 -255 -25 -379 425 875 1167 -539 9 244 -56 1053 175 -270 -169 -266 -645 120 -448 58 -305 355 421 -522 121 185 110 399 11 -64 -438 -311 -440 369 751 103 -684 -236 22 464 197 390 390 497 -743 -261 498 -490 228 -659 -679 -269 187 -96 -36 506 -433 -799 627 677 -222 -718 -281 -452 -234 129 -537 547 368 81 360 -876 -493 -402 733 -180 -451 56 -448 145 -894 361 42 985 36 -663 -358 -535 252 -256 -1049 423 -447 -202 -341 -1140 213 64 128 516 239 -155 45 757 272 -140 -432 -585 145 271 315 40 -276 340 -301 41 189 -120 6 145 -485] 5158.05
[-739 -504 652 276 650 859 -200 -594 -112 -427 -221 -318 211 -474 368 646 194 654 23 143 -431 137 92 -643 -150 -674 -3 244 -800 219 39 28 -45 710 402 -295 -392 777 161 409 -372 688 -244 313 -789 -619 -138 546 19 -597 784 171 262 308 -759 -90 -95 597 -4 276 563 -510 -5 -374 1130 452 -681 304 287 722 788 -23 366 99 723 115 -119 -741 164 -209 558 228 -459 131 505 -543 109 -333 -345 727 254 511 -774 -381 848 406 995 -456 591 -60 -306 9 -34 371 195 -264 -17 -534 498 -11 -1187 69 -287 180 277 358 563 -526 121 314 -269] 5142.34
[359 -126 220 114 397 537 -521 -228 924 -108 221 -145 -204 896 -404 269 -472 211 -168 350 -217 -252 416 -16 -75 -178 -225 -43 233 -5 -389 54 475 -719 -483 -783 210 436 125 -663 -135 92 35 92 803 -1007 -440 287 -148 1053 87 286 105 -568 -194 -445 50 504 106 296 -118 41 358 501 -284 -279 1014 -154 -423 546 -387 1254 -190 154 -256 -217 349 -660 418 310 -840 143 31 563 528 969 300 -288 37 -165 883 112 -115 45 642 366 136 527 -275 -88 1003 585 316 1 -326 -347 -286 244 91 -943 -436 -509 -273 -387 -157 287 452 364 337 -17 -487] 4854.8
[-320 6 308 -776 150 367 58 38 430 571 -139 -294 -77 -43 88 -844 -555 333 51 -283 -521 264 1147 -259 -234 16 -387 39 -303 -474 319 -401 -185 383 187 -324 -319 -235 215 -6 167 280 332 -623 142 319 527 -315 -38 294 -1124 -117 -85 -257 262 -504 -380 -829 53 -37 591 557 -46 -361 -223 -31 -239 -21 532 92 -867 9 -1032 -149 786 -541 -792 506 224 324 -493 404 326 -288 -192 147 -963 70 -221 426 -587 33 262 -171 -645 -433 -131 -629 253 -236 -516 -162 649 -166 230 235 -397 -867 810 157 -181 97 -465 516 678 209 -57 -358 -543 -816 298] 4750.29
[1063 62 298 551 -921 691 -537 -463 386 150 245 34 233 -83 -371 138 576 150 1 964 116 -607 214 195 252 264 -552 -52 -324 -258 -88 301 -57 -566 -152 540 -891 706 -539 -526 -581 -93 67 -366 450 -802 -465 397 564 996 62 185 -637 -179 159 502 -766 -61 -633 -50 -485 328 -495 952 -169 -119 -77 -684 673 -76 44 542 -537 -339 869 436 305 421 -308 -134 457 -405 -180 -184 -93 93 510 -511 727 -824 458 -699 405 56 416 517 -825 15 590 -382 -75 349 -443 76 403 906 68 -27 -105 -279 -13 82 869 75 -113 -665 67 -10 548 -114 -495] 5087.15
[14 -1268 701 1033 -210 653 -171 39 615 -108 -202 -103 -688 22 -563 569 -82 177 334 427 306 406 325 466 -268 436 198 436 -336 952 595 -49 -702 125 514 -65 188 -191 135 -348 -60 -501 440 366 -877 393 -93 517 -66 837 225 -298 1160 -555 -335 528 -334 271 -106 334 -594 -456 -775 -531 -63 -472 536 449 -105 534 1412 297 406 -437 785 590 916 528 -253 351 -43 -372 731 880 440 -616 940 -248 156 511 261 670 117 -595 637 -206 114 -158 108 -65 228 -280 70 290 -476 259 -672 -110 -475 -694 -326 -223 561 454 -413 -675 -309 -238 801 -646 -104] 5475.47
[917 388 465 1109 -599 -494 573 -118 841 13 112 -380 -451 268 -550 -25 486 888 -14 -487 86 -823 457 617 -522 -284 397 -36 243 -693 434 504 -323 -701 203 -177 -306 232 160 206 -349 -523 302 490 -107 -400 -101 217 336 745 131 -340 -125 470 -415 154 -443 -507 -131 121 -676 548 -542 478 63 380 421 483 462 -813 405 -150 1020 315 -274 -725 791 327 -117 556 647 -826 47 -75 371 752 441 -97 -151 -385 390 -492 -189 147 -192 6 -692 595 -595 -203 214 660 617 -779 -224 701 416 324 -428 -60 324 71 -318 -405 444 441 25 243 438 35 316] 5060.23
[351 -535 -402 442 -192 -304 3 -385 -459 -611 -477 -283 251 545 -762 215 878 488 326 847 80 -264 -575 240 -757 1121 -148 -60 199 55 -754 -940 -181 166 211 235 272 -544 -781 -235 -216 345 -50 -307 -443 69 -333 -118 -238 -253 149 -94 -812 138 -755 651 -987 280 25 -245 -114 38 214 140 83 182 -95 -266 -412 131 772 -267 101 -256 495 1027 -650 -214 859 -47 458 -510 -45 235 148 -2 219 -58 224 765 253 -16 354 -340 45 225 -186 -219 251 678 -192 664 43 -295 -425 252 -71 387 381 71 462 1 736 759 791 190 275 -287 -550 -57 214] 4769.15
[-93 -399 147 56 -578 -705 -374 195 700 869 -125 -121 319 -1024 119 250 318 -983 -747 868 397 189 483 -451 -316 163 962 -127 -612 150 -578 200 157 200 -215 -301 -707 132 1018 50 -677 755 -534 -650 -46 296 -527 -1265 -100 427 -286 229 333 -122 -485 -135 -207 130 186 543 -259 -965 742 -794 -214 -203 548 42 60 276 239 769 52 269 1306 556 6 -327 -422 -711 611 -460 -491 -211 34 -93 -304 -517 24 678 440 310 -77 -378 -23 -480 252 628 331 170 -218 -46 -446 1016 -264 479 672 498 189 -570 -85 254 -56 -528 -951 637 235 52 97 205 -107] 5355.02
[548 -401 -531 -119 106 1155 -598 -329 -133 77 594 -378 271 -317 1114 -297 312 -513 155 472 -680 267 -133 4 -372 119 -85 -73 -690 -974 80 -519 -164 705 -330 -293 242 -489 282 -218 365 395 894 0 353 1021 408 110 -60 79 -648 112 671 -180 102 -395 -672 -453 9 658 25 -24 66 -366 647 -394 -236 -647 88 573 -275 -437 131 706 -86 279 -176 -309 -749 213 -274 -379 517 -658 -33 -60 -220 236 -480 1057 582 -375 -101 84 301 -405 -146 -65 -66 -12 496 -329 -380 -588 528 321 175 -65 301 -671 1043 -316 12 -174 244 -78 -882 123 -210 -442 268] 4883.09
[682 -505 -228 -145 285 319 79 664 -315 -143 256 74 177 -138 36 -18 451 -579 216 386 30 -1001 -1024 -560 136 -274 -185 113 -211 -305 -85 -457 -553 -673 -434 -236 66 -592 -270 1042 -40 418 595 159 -95 77 -763 -89 -608 354 531 -431 845 514 18 218 368 793 -428 683 742 19 -651 -76 320 -383 126 -330 314 583 486 163 205 233 236 -69 -164 639 -239 715 -135 -628 -15 -544 -496 -505 -206 39 255 511 841 -7 614 368 -192 210 -489 221 408 574 1063 340 132 -32 -179 -671 525 -185 -456 390 565 -779 403 537 -225 -804 -740 340 1035 -166 443] 5066.36
[750 -407 778 12 554 402 -343 -122 -784 32 -204 950 24 327 152 -413 -973 -78 -827 -245 -232 204 404 -455 209 -691 153 -424 -939 -441 -41 157 130 383 97 -254 -689 396 661 47 -70 -331 381 91 215 645 -334 -320 -785 -144 -636 296 23 399 -444 -579 532 643 504 823 -335 220 110 -238 -212 -16 -111 -671 264 -141 -629 308 -87 117 705 -492 -299 403 -364 -252 -402 -558 -452 -187 -59 137 -167 141 5 132 540 204 -9 74 39 248 -189 529 -263 221 -259 -272 -313 217 107 -44 326 405 725 -111 221 186 -135 -327 -497 330 341 -195 418 400 -1097] 4583.82
[563 261 -56 -99 336 -910 -274 -123 -46 28 -89 243 -522 -477 97 -66 234 329 27 212 -492 293 519 191 -364 244 930 140 -290 -203 456 120 753 996 -1170 -722 -711 906 500 530 -347 -86 -689 61 364 687 420 433 87 357 -106 -672 281 63 279 -253 -429 -33 -309 -304 -95 462 -642 -958 717 -280 23 -48 874 534 -766 152 325 570 -123 179 -145 32 -393 -142 426 672 -22 -623 -415 -369 278 856 123 284 87 -177 -147 -298 326 113 -39 -397 1266 780 -714 -84 -531 57 -444 757 226 186 212 5 251 -462 165 33 195 -325 -215 232 -134 -21 -714] 4948.86
[363 521 -275 -182 -237 -178 539 -577 -159 891 1307 709 365 46 -842 114 160 -483 -424 55 -710 -642 652 823 180 -207 484 408 -17 -209 851 405 -4 58 131 -374 42 -24 -287 414 894 -685 -763 347 147 111 52 213 66 408 363 -166 -117 757 -99 1220 169 -1166 -727 -475 -45 -8 -371 95 -801 26 -106 606 247 321 306 -750 -165 148 -416 260 -108 568 -113 457 -293 -630 176 251 309 -515 -147 230 159 -311 727 -1154 101 520 -694 -1486 -242 510 240 702 812 600 -435 -319 512 143 -216 378 325 41 194 382 -861 160 -210 162 -353 -374 -105 -70 -688] 5416.6
[431 -70 486 353 407 385 -179 357 -703 807 -75 1332 -870 340 129 435 330 -1057 18 583 56 617 350 984 377 -469 158 311 -717 27 72 115 -433 500 147 -372 -758 -451 -169 -739 168 486 -577 722 -934 -20 -274 -842 -254 -823 734 109 704 996 -565 -99 112 -172 -81 984 -218 -478 56 -25 307 192 -240 402 -200 -261 254 -684 141 469 -155 -224 853 302 148 -24 -110 -861 -40 1094 424 -440 9 548 -281 -14 607 269 -187 -505 419 -500 -97 347 -39 744 -828 237 -1148 -915 1003 -67 260 596 754 743 203 -825 250 278 -56 -206 -663 -242 -187 105 -1267] 5780.78
[720 -611 -81 -597 -24 203 373 -285 -278 -79 -223 519 -171 235 57 309 222 -340 -174 664 -930 157 575 -498 227 -10 -564 389 191 89 464 -410 -163 -73 130 97 -782 550 432 -637 231 -1164 516 622 219 -267 -359 1198 1305 823 374 20 -362 -676 130 295 47 -365 642 -45 -324 -306 110 -345 203 141 283 1038 355 -436 781 168 -661 96 212 -64 -107 -256 920 196 -927 99 -529 -208 398 56 212 -320 -172 16 256 48 -1048 -379 284 -358 688 -500 -20 351 330 287 -766 978 240 -172 -163 103 313 -809 543 290 205 -551 -179 716 507 225 433 -100 -1239] 5291.91
[281 258 -18 556 -351 466 -1438 158 -56 416 -345 -161 303 -251 -145 -684 -179 -714 -1329 163 -345 -965 -72 419 -525 71 209 -326 -617 -495 -585 203 162 631 522 260 -270 -782 203 97 414 930 -653 -151 -445 341 -3 -337 -592 -135 553 738 -30 -365 340 312 -269 782 463 338 -152 -308 343 -187 18 -476 -244 745 320 -663 -401 -156 131 -780 459 124 -709 909 427 48 -1102 517 -514 528 -125 -403 396 974 -351 -199 633 39 -326 124 780 387 -350 752 125 183 892 406 295 798 1100 18 36 184 656 -183 -515 -202 -198 100 469 -129 303 532 -347 117 -618] 5424.1
[374 604 1082 254 286 -877 322 486 -102 1015 -563 241 -278 98 -1165 -344 333 -45 -683 -602 -200 -266 -205 95 -447 2 920 -309 297 128 -980 234 -175 -278 393 -962 -614 401 475 -3 -575 60 -63 397 -370 -127 -970 -827 -249 460 80 -132 19 733 -606 227 74 436 326 311 -771 -669 352 591 185 -97 529 425 46 254 780 671 543 -562 109 357 -551 521 229 470 -210 9 827 -131 438 -748 149 -65 -369 -21 518 -483 570 -313 -228 -416 168 -656 -320 -241 -297 422 0 -179 -9 -508 287 111 852 -475 95 141 106 1087 773 -436 70 414 -66 -529 -444] 5252.81
[-200 258 58 -172 -298 351 -441 -373 -302 275 -115 605 3 538 -801 -225 -928 -354 54 299 733 -857 969 -712 999 587 -60 -494 580 -136 -937 76 -1237 -1356 160 402 546 -482 172 647 -438 67 10 -622 -57 -971 436 -830 -375 441 73 -129 646 335 374 -91 -2 -243 -331 -52 -58 -493 -165 -322 327 -1126 -350 -276 36 688 508 692 29 -178 190 -716 -468 116 -748 -913 -385 248 228 -263 -43 507 -433 -24 652 -49 -549 -363 -533 284 690 -666 541 -147 -579 -450 1389 -324 472 183 565 -337 522 122 -288 1178 -75 361 -95 -630 -116 -857 162 97 -384 387 -1413] 5850.83
[-704 127 636 -796 149 403 -136 -654 -362 -377 -843 -7 -148 555 985 -97 -876 62 794 918 -726 157 -131 -230 186 -703 -409 -118 -320 408 -463 -495 -92 -412 482 218 937 -117 -540 1226 -384 -230 806 -187 617 -479 973 345 -809 -834 43 -491 827 -463 109 -359 -1099 -281 351 412 920 -62 -725 446 636 261 -107 175 -126 296 -433 858 -90 -712 -352 -178 -711 -1126 80 -449 -312 471 690 425 -633 591 -510 -630 -171 75 -1205 212 -78 -428 879 547 -152 -587 464 563 -59 204 -305 -584 268 -82 204 -93 848 -126 54 -39 -382 147 553 -165 -38 587 94 37 -916] 5795.1
[554 699 453 -694 468 489 -536 -674 -571 715 283 -178 89 -234 -166 276 -427 455 -880 308 -143 -755 813 -257 -701 569 311 -20 318 -37 149 149 37 -522 -320 -433 469 291 25 314 -543 214 -280 -987 216 -296 -696 143 -180 370 565 108 -79 290 152 49 -798 470 -380 -197 536 327 268 -219 427 -806 -500 9 -75 1013 77 -241 73 191 251 -270 -771 455 701 -377 -820 -677 -173 -922 191 791 -441 235 -326 33 419 -945 160 510 141 100 -271 440 -136 -27 576 413 638 -1011 732 498 113 875 451 440 -7 -459 -256 27 -454 -193 -144 -204 -469 445 -537] 5125.87
[214 -901 -749 -274 662 58 -866 285 491 -90 265 10 307 359 -111 870 -767 -139 307 364 247 -379 -362 -284 22 307 -222 -106 -1023 -354 -205 305 522 -44 -584 -461 -246 -45 -281 -1028 1314 1107 -153 689 -715 1145 289 -102 -800 398 562 816 850 -677 -238 -414 -180 257 795 -37 -274 322 379 299 -944 -221 423 328 -785 669 -676 425 -543 260 -143 161 354 55 524 -513 -179 217 60 -705 -212 -180 -483 721 -48 -345 -214 -11 -264 578 979 989 1184 297 -212 671 221 -569 95 -587 27 -662 278 211 -799 -1307 -728 -742 271 527 345 -344 156 37 283 555 196] 5846.13
[481 379 3 44 270 550 -115 193 256 534 -407 -930 -963 -89 -1255 120 -766 695 -632 -733 -570 -622 653 1313 -209 -399 -102 35 878 -291 -655 309 -724 173 -230 -505 872 1071 -219 389 -169 126 -9 563 -411 -133 -793 248 180 -330 167 -432 609 232 250 -13 -451 582 -635 -590 -537 -114 -298 352 627 -65 -61 354 505 125 928 400 -77 738 -467 574 564 366 306 -78 -65 449 -97 -130 375 -213 55 -406 -170 -718 157 -356 683 314 -28 -37 -82 -721 -54 12 484 -190 -368 344 379 52 878 421 -68 -199 -1009 -413 -163 424 -288 -335 261 533 -594 527 772] 5358.03
[-400 -721 -91 242 -127 322 -473 403 862 -324 -980 271 80 28 -648 723 572 -8 103 1032 296 -515 -31 -592 -163 305 216 185 48 549 -244 -192 -864 -183 -93 -271 -1017 1092 -724 -756 -473 135 144 -20 -154 606 -780 319 387 -14 -62 205 -877 -197 -1465 -86 221 400 -413 -405 -463 224 68 -92 -129 -609 303 -193 -272 64 -243 675 -257 -446 141 -181 518 -292 177 -252 1360 -368 -658 -129 -243 -400 147 -81 1045 104 -178 179 721 84 102 395 119 -256 366 120 -992 -124 -756 746 -356 -153 457 75 345 13 -1112 9 871 -513 -273 -6 413 -513 -596 809 136] 5419.47
[-1112 324 -405 359 -363 183 239 345 345 -143 -853 -121 861 -894 290 -435 386 -25 -1013 -75 -694 -297 -298 -311 -113 593 -129 -323 -207 533 -744 424 -397 -708 -112 -79 687 76 -234 182 325 170 -72 -152 231 -450 -447 193 209 -937 44 424 -647 -506 -437 -283 486 72 -144 -144 220 -162 155 -107 -207 -468 445 -617 45 11 -308 919 -599 -652 105 -90 -18 182 -491 -451 196 -650 -553 350 -148 580 489 -675 671 231 432 1066 636 196 -76 1086 177 539 449 -655 565 1203 211 795 -192 354 392 190 457 -60 379 5 -712 343 -782 5 -27 474 -584 -7 379] 5196.61
[735 266 869 -16 -200 115 -288 78 305 963 -192 70 0 -307 -557 100 -262 1057 49 -554 -78 530 1118 -491 80 198 199 106 318 -208 151 -5 -268 102 -300 -363 -285 260 1257 -648 -699 -55 853 243 1008 -756 -446 -563 -38 86 -671 -614 -430 979 264 -386 -527 211 440 340 -223 785 102 -543 425 -432 -352 -199 151 671 486 893 543 179 899 -445 80 1168 132 115 -278 139 -62 -897 469 357 333 52 654 -96 611 220 -366 -643 106 -141 390 -434 230 -1313 6 408 166 -307 105 621 -775 -273 103 -774 688 484 555 -161 385 -449 -43 26 -12 -2 -319] 5414.38
[564 -319 399 -285 239 -384 -18 -237 -1379 -132 898 490 1106 -27 313 -367 -73 355 -536 -377 -762 -621 -31 -519 335 917 -228 -302 -548 -608 64 482 1003 -623 -948 330 180 -3 -542 120 938 -181 -505 -133 -693 25 757 504 -684 -49 555 169 356 656 -346 -197 333 -187 -481 -1169 -504 -765 -144 260 204 -561 -442 -744 702 169 261 -247 562 -336 -31 -753 304 1180 -566 193 -16 -981 359 -693 189 -290 221 159 -466 -312 79 -196 -340 67 643 -140 530 -418 431 -229 711 -73 413 -595 169 589 41 295 161 621 277 -40 21 364 513 649 -545 -58 -353 130 -295] 5465.84
[123 1210 140 864 -507 756 -671 318 -92 389 607 312 48 -668 -445 -13 576 -222 -581 -145 144 443 560 -126 41 -263 -589 589 -428 -91 99 623 -1273 975 914 193 100 -296 -459 -369 300 488 -381 787 -437 -66 -945 443 724 235 229 257 84 504 -333 686 1 -499 151 99 256 139 -239 -552 85 665 -580 890 939 -765 471 -382 -970 35 -278 808 -223 261 185 407 -461 -1 -346 -248 -617 -319 322 433 770 -119 747 170 913 -53 -434 998 -62 296 299 137 -19 412 -146 451 833 -432 -418 -293 459 313 -364 280 -359 21 -153 -994 166 -193 -373 438 -346] 5456.02
[7 -451 245 -172 -2 -28 -85 -210 -61 -362 555 988 -253 868 -145 -337 -253 -14 19 488 354 414 -165 8 811 122 366 -325 354 208 459 -318 468 -289 -300 283 -62 -381 52 -466 74 -852 860 262 122 159 872 -525 -134 419 -346 -309 582 -126 924 -596 -106 323 -216 6 -208 -422 -93 161 -544 -446 217 -112 356 589 -850 780 366 509 -188 -815 355 -129 -229 692 -565 102 132 -655 -37 208 370 12 -519 -20 -162 355 292 -368 310 531 -385 -591 -45 163 -422 -937 -142 -400 -234 -668 -375 -333 -418 472 265 -397 510 -797 -328 798 -590 -211 682 -337 41] 4737.11
[437 -114 492 42 -49 -996 40 355 515 148 -944 979 -289 483 -191 223 932 488 733 259 638 -14 -206 -1234 166 -191 728 -448 445 3 -562 -1030 510 -213 379 -87 -269 -302 706 -37 -169 -14 881 276 95 -95 -875 -402 56 -126 -740 -690 -419 173 -457 -177 803 47 520 316 364 338 50 280 -719 578 346 198 -523 28 253 47 419 309 -364 -47 327 -694 -446 97 554 -107 434 450 -293 -259 36 -131 455 -142 175 -514 677 17 -1584 -415 -562 -98 246 163 -492 491 576 -788 -94 557 -334 564 -10 -135 1071 568 -217 471 337 218 86 -225 967 240 208] 5352.3
[231 -705 -109 363 685 -1083 45 362 -865 585 593 -152 217 -366 -448 238 768 -177 302 70 -499 -856 189 -458 156 -125 1438 645 -125 -338 822 -206 -366 563 350 183 -104 496 -102 470 759 -230 -381 173 -776 -65 -927 -242 -479 423 516 -145 -381 -616 -129 985 119 -6 55 53 561 -93 125 -519 -1027 240 0 15 701 -160 -446 -385 -134 -391 50 -202 623 326 569 -460 754 382 -620 366 290 -898 -897 -67 -155 283 335 -501 438 310 -328 -621 124 -922 513 -314 364 -262 -127 52 64 156 614 -381 368 375 -291 71 -666 -177 177 -506 -586 -640 -162 -951 658] 5347.15
[507 475 -289 -482 -631 31 -864 307 68 342 -105 1035 -521 1216 -1209 -155 -293 -8 409 -286 103 -406 558 429 -29 -367 243 -361 169 -154 181 686 -1125 -486 -169 -595 -237 -289 -136 394 -218 51 74 -3 -31 -208 -442 -500 771 -381 178 -193 -432 911 -226 555 290 768 -642 -366 -251 -162 -36 -596 -75 -386 -668 845 477 -332 -548 631 379 161 -426 -563 -583 516 626 -330 453 956 213 -171 -81 -353 187 536 477 141 -249 168 -156 -603 3 275 -351 -33 -130 319 242 122 -358 -12 718 -1010 442 -261 105 490 288 757 251 -14 466 -399 -306 -291 -526 -448 -950] 5165.32
[-159 -1296 -305 1110 -523 -309 384 -186 -94 -289 181 -124 -215 566 -539 569 19 -173 369 266 1046 -368 -69 528 -330 10 197 18 -728 227 188 341 -603 683 501 214 -272 117 405 333 -505 315 -181 165 -888 841 101 70 606 -220 116 -298 32 199 -905 1234 -364 1 -280 215 -802 43 -596 31 -144 522 -351 -105 -135 -306 186 398 218 624 -64 1021 329 -63 -220 -513 1090 -494 -556 -64 -391 -187 378 -838 585 -174 32 142 98 588 512 71 225 -132 86 170 -511 77 -519 212 -144 402 124 -208 -627 250 553 -109 468 -682 -734 -269 -103 47 27 421 243] 4958.48
[-511 -311 1080 -383 -90 362 -116 387 -187 1049 -113 659 -91 299 482 -277 -719 -1080 -35 -295 -47 35 459 -397 -188 182 146 114 -127 105 323 -256 78 -422 66 250 286 -428 -603 332 1209 -310 97 -700 348 584 580 -434 -366 263 -66 -671 980 541 110 -408 -275 -267 45 274 206 -351 -251 -165 519 684 -289 313 -377 -429 -656 -859 552 -533 -319 -125 346 158 244 576 89 -735 399 586 -114 53 -466 -29 -318 -90 48 268 -527 17 295 -1052 666 618 -408 531 1035 3 -69 413 921 -66 229 -117 396 196 -24 -528 132 -199 4 987 -397 762 229 421 184] 5054.75
[722 499 367 62 231 -747 -585 -350 172 -311 -394 582 -280 -584 1079 327 119 422 986 206 -649 264 560 263 -872 728 461 483 -227 -665 82 361 547 -187 -775 -498 -75 -482 -411 447 123 8 183 1103 -1391 -169 -449 673 -263 950 645 -341 67 -1351 -177 -701 31 403 222 -112 71 118 316 -699 516 100 181 408 264 905 298 -678 172 661 -58 20 12 -293 -466 346 -193 238 334 -632 372 -1 128 -188 -634 590 -39 465 465 22 -191 385 732 -216 324 145 174 -707 -394 -536 120 557 -223 595 -19 156 22 -702 -1251 -14 -196 310 -74 218 526 1245 -187] 5533.27
[794 -88 -520 221 650 -375 -864 113 822 849 -538 90 286 -401 985 -360 1344 -297 523 392 457 3 130 -253 313 660 -14 -619 249 234 -129 -718 -352 -263 -70 344 -1373 401 -257 -546 -285 -94 -302 -594 218 -526 -975 144 310 271 -685 -53 -134 -221 459 -561 -643 652 -291 19 346 831 56 49 -116 94 257 -506 -180 128 658 -802 21 92 -31 24 645 139 551 -260 -444 -341 -65 -640 -49 -320 242 -868 -568 597 740 -392 -190 490 -648 -42 -287 -33 -79 -290 -69 -786 -206 -500 318 1197 399 -229 190 -174 203 -36 173 -466 -417 43 69 339 94 -247 41] 5156.42
[-172 630 -407 -224 622 -160 202 -13 -756 30 81 1156 319 314 598 172 739 -163 -935 622 95 -352 79 -51 -39 -194 1237 277 -119 417 231 344 133 -590 469 142 -1274 553 -555 600 307 180 -556 298 -1158 465 -892 -761 287 410 1066 -213 2 -928 -17 1318 -16 2 -402 706 169 -805 -180 -615 -743 -109 142 143 1355 -103 -305 407 -672 255 -139 30 -17 104 -82 -563 -219 213 -343 857 115 -135 760 -89 198 -472 -290 209 773 850 -134 217 -4 -234 95 248 -257 -423 -755 -56 -88 -333 -357 64 927 25 33 -636 244 -385 -712 174 209 238 166 -58 -376] 5514.82
[352 -14 827 -20 178 366 -511 -115 835 133 -1013 -88 33 -390 -1023 -259 -286 469 -176 214 232 112 223 -847 34 410 323 725 -100 104 -295 -505 -219 443 131 -21 -495 -217 2 434 -37 72 564 -450 -108 -781 -136 -243 308 -124 -641 -482 183 -771 280 334 -820 210 110 243 -834 202 -842 -119 374 51 -512 202 652 299 932 563 147 -267 913 -31 -281 409 5 -387 941 1011 476 218 627 -173 220 -155 536 55 -613 33 -71 -1129 -288 -363 -139 -422 1171 -232 -198 585 7 664 633 770 -181 -126 -194 -282 167 -101 423 368 168 154 -345 140 314 -85 269] 5005.84
[-298 52 -479 286 -1020 205 20 193 470 -148 -539 -446 116 -28 -99 138 382 404 -87 945 175 -607 167 -811 422 519 -481 486 248 -36 201 -285 -465 133 298 251 -125 220 -260 -128 -347 94 -117 383 242 -995 183 131 302 1076 31 998 -242 -708 -859 121 -341 -479 -514 103 132 -103 70 338 -362 431 438 355 276 -520 -465 460 -353 -567 71 140 69 -559 -269 -204 505 224 60 510 -525 512 -392 72 1165 -235 182 100 177 31 -14 -277 -455 240 998 107 440 820 -744 1184 226 674 -114 137 616 -476 -170 -215 126 -174 300 -891 309 99 257 200 -114] 4852.63
[1009 776 1121 -669 915 159 -943 -351 -152 475 -101 -395 375 -521 342 -289 -221 401 -182 -889 -206 495 179 201 86 103 -44 269 -247 -200 721 217 48 863 -536 -625 328 728 371 454 -268 119 135 -434 485 -397 -666 744 -518 660 -306 233 275 -1 -148 -271 -126 -47 636 28 670 762 -421 -95 264 -156 -293 -515 115 262 185 162 -165 131 484 -80 -620 161 472 439 -696 760 572 -186 754 689 -188 -164 -401 423 1159 -65 -85 -206 -89 -837 503 -62 -149 -462 -472 -33 514 -1099 -78 -649 -470 -1013 688 -125 75 -393 -160 372 549 -194 -605 -179 -510 -89 243] 5248.22
[801 849 567 -491 154 -612 -43 -712 -457 307 496 355 -542 -444 -375 283 -252 935 41 -63 -571 360 -191 -526 -427 -135 -22 -601 -367 31 -163 456 334 237 98 -574 -296 440 -378 125 -622 781 -544 363 -810 -336 -147 -379 194 620 385 334 567 188 -865 -536 398 -222 -232 26 517 35 246 72 -147 388 -176 -377 -50 276 385 282 301 421 383 -235 -359 -708 -531 -15 -566 -678 -365 610 302 605 109 -351 -241 -296 39 182 -199 -377 217 6 -166 28 24 -72 -296 392 397 -582 406 -214 195 239 607 -258 535 -75 -590 -461 362 378 144 226 600 693 -1039] 4668.02
[-776 -158 -551 329 -221 1543 80 -463 196 -268 694 -74 597 377 422 -129 -348 -54 464 -207 -375 -222 319 -156 416 -189 -589 369 -553 -27 880 -390 270 -202 -79 369 654 -179 -816 -1199 718 510 605 170 30 173 419 -325 -423 -26 135 -34 617 82 -283 139 -303 665 -697 -569 298 -129 593 380 104 918 -22 -816 469 -64 -598 462 -956 496 -339 584 -360 71 -42 -226 684 69 -694 40 356 690 -272 -181 1216 -62 41 704 -579 -701 -45 630 742 259 -632 193 34 669 -834 105 162 -74 144 454 -115 -402 -80 451 -234 -789 -63 802 230 -141 46 -613 708] 5352.97
[42 -343 -303 884 211 -174 103 357 -579 195 83 221 100 160 335 105 700 -737 -345 -52 -435 -314 434 785 -33 512 597 534 -44 -1030 392 146 347 -565 471 121 555 -384 295 414 -27 -144 -826 -742 -39 -395 -877 -864 379 -344 195 -633 -609 187 107 482 489 128 -232 69 -184 -47 -291 383 -224 564 406 -23 266 498 -578 -148 827 -12 -337 -456 739 274 -955 -931 364 321 -166 315 303 -390 227 -847 -140 1067 -705 326 -469 418 1 1138 145 437 431 85 242 151 -109 -10 144 451 498 93 -112 604 666 -364 -301 -1130 -140 188 -1516 847 632 -218 -174] 5359.17
[-105 85 -847 -429 634 -465 388 -333 -395 423 537 -174 231 115 -20 949 351 -436 -338 707 -51 178 -240 -610 -418 -1050 325 229 -495 110 -366 -835 506 533 -377 277 -136 -140 535 -1273 -1242 389 -386 -61 546 1020 257 -536 -227 -28 629 449 147 -70 58 469 135 -635 -129 906 -344 -555 -732 -219 450 -420 -370 57 401 284 236 -131 1050 288 20 708 -951 -530 -313 133 -770 -1008 5 29 -986 -369 -545 440 -73 331 -107 892 -61 -605 318 -368 -302 -319 707 370 -533 -38 -249 -613 -484 -730 -314 108 175 -885 448 -148 409 -608 -351 226 -451 -27 -567 727 -1103] 5635.04
[132 225 -82 481 232 -15 449 10 -134 -240 -157 -809 -679 -736 -117 40 169 170 153 -167 -273 646 653 674 -680 513 -1145 -470 122 438 310 615 140 240 -480 509 176 114 -1074 -231 -872 286 -10 309 -581 -175 99 567 1137 -462 -4 12 241 308 -72 58 -986 -97 -384 -534 -479 -138 199 634 570 79 668 248 469 -491 1282 284 -647 -142 155 381 98 646 692 239 -1107 85 -78 434 -32 201 420 74 -878 558 326 254 -63 -510 491 98 -793 211 -581 -22 -520 397 -297 -890 -135 228 -151 259 67 314 -284 117 -314 431 342 520 1073 135 527 394 -561] 5221.17
[-337 -1230 309 973 106 -269 -629 -202 -141 -271 114 383 -206 -344 1143 683 -61 127 369 507 170 214 272 749 508 908 -327 161 103 -356 891 373 603 560 -635 206 -391 -335 64 -695 853 -604 -507 -757 -880 52 737 -39 -413 930 372 404 175 -680 377 -225 -355 -284 -163 112 -303 16 331 -94 149 -167 -266 -203 -289 379 -546 -1672 500 -138 750 235 529 -596 -337 386 511 -1092 202 294 812 -65 379 228 -718 159 164 93 -190 162 302 -187 824 -32 531 457 -93 -592 255 -441 432 807 -246 -431 -906 733 -855 -679 745 -414 214 698 73 201 571 250 317] 5663.27
[820 -233 -343 551 -365 177 -468 356 158 -451 441 -368 -335 -223 -379 225 -1014 406 757 311 552 -553 -138 265 277 317 -1011 -459 -88 -969 197 127 -209 431 -143 122 -160 551 -34 207 475 1253 -178 668 -327 462 -643 414 735 993 -738 160 116 -603 -467 357 -239 -98 26 168 -480 115 229 -257 -599 286 282 -292 546 -481 85 407 83 489 633 1036 155 -271 -274 21 -446 737 -50 -88 -441 -674 -136 645 -70 364 -12 -616 695 698 129 -436 588 395 239 -122 632 -679 -27 240 -44 1017 193 -321 -610 -670 260 86 -235 266 495 -911 -60 445 164 415 157] 5153.86
[203 188 1015 518 312 570 -596 221 -253 -491 -76 71 -79 403 -203 168 -168 240 -144 218 129 -48 -425 316 351 757 -494 373 650 271 726 631 459 -774 244 390 827 279 -253 806 382 -1189 297 440 231 -864 -351 500 293 699 26 16 -371 -294 349 690 2 -102 401 -476 -589 -319 -283 120 -559 -129 825 538 -1 -612 903 286 554 -525 122 -104 329 -91 595 101 -1300 357 697 832 362 130 966 -179 -92 -249 444 484 625 514 -344 75 4 638 86 -358 1245 -312 826 -256 628 162 -914 -195 -387 225 262 -611 189 -407 492 834 -981 452 413 -299 -153] 5483.75
[951 -322 -580 -124 616 849 -249 -349 -343 -797 146 10 241 148 -39 851 821 757 -541 -171 -524 129 -1174 -555 597 276 -959 99 -219 176 -180 -40 460 227 -208 246 -1177 713 -642 -584 31 66 -928 191 418 98 -352 1132 788 -285 553 414 -631 -19 150 441 -53 -228 327 169 -316 456 -338 232 104 59 19 -739 -164 186 -251 -307 -884 -144 -106 143 447 -410 1049 140 -97 186 -163 -251 269 52 275 277 506 132 236 187 -1011 511 887 531 589 765 258 946 403 -58 281 -521 -117 55 199 140 222 15 1123 -697 1243 815 204 192 496 560 -98 -306 150] 5535.94
[-372 -354 425 900 267 602 93 179 -264 -533 217 538 -29 785 -561 -155 843 -477 153 175 -277 35 -563 3 132 239 -421 285 -390 350 -334 -494 572 478 702 465 -431 574 91 477 806 406 -572 -7 -289 -1118 -62 394 1212 238 -443 -713 -1402 -316 262 915 260 -675 -15 -88 -506 -788 419 -63 219 -504 -50 278 -59 -302 -444 -300 320 -42 701 -238 54 -1180 374 135 72 1373 526 1001 775 -592 744 -498 -300 -169 433 -400 -574 -145 509 7 87 -748 351 433 315 331 141 798 417 361 -619 -568 490 654 -487 -844 289 187 656 -380 -273 -453 15 -686 -275] 5658.7
[-50 286 -94 -37 286 -31 -185 -1 697 -243 -783 -841 -121 31 -144 30 -15 467 -393 -483 -368 1020 -301 366 280 -647 409 -624 275 145 -523 639 55 76 -793 -136 218 468 781 -337 -813 -157 -131 -692 1204 240 -26 318 266 -892 -177 474 199 608 559 -763 -376 -494 658 8 -424 166 123 -40 890 -443 -4 -833 -215 -11 990 -28 -196 -246 104 -610 152 385 720 1083 -113 332 -33 -186 123 244 430 252 -328 448 377 466 -230 -276 325 341 -182 612 670 132 -236 -220 643 1 -762 -112 -262 -509 -734 -438 213 608 498 631 -18 127 185 243 -802 -306 311] 5045.8
[-695 10 -86 -205 -2 -602 460 654 256 656 462 189 186 198 265 677 547 -261 348 194 24 -310 -18 -866 275 479 1166 670 172 99 -1003 317 -248 -1035 -24 -15 -251 323 -807 -246 168 66 -758 -145 14 385 -162 -292 744 85 746 317 -312 121 -683 319 63 -379 213 139 312 -643 -9 -486 713 14 382 382 -271 -379 -382 97 -531 -624 -507 89 629 -920 373 -305 1477 -525 -587 362 -275 -345 -663 -924 710 -585 -135 127 -416 320 586 241 778 -637 -67 360 -266 393 -1454 730 -102 -76 138 626 420 -292 -578 596 441 226 -634 -704 395 524 -420 571 -259] 5511.13
[232 170 -1016 567 -939 -60 -52 160 44 -203 -13 -147 -348 412 -712 -1076 656 351 -190 -356 -343 -740 50 -386 185 180 -262 -231 -546 -448 -462 253 -986 517 227 657 -137 -383 -164 -7 742 887 -425 634 -249 -423 1016 -207 105 -661 -124 -123 -514 740 467 -647 -127 20 -375 -421 -46 207 -448 393 -212 -445 -1140 -534 569 -198 -417 -701 -225 -91 -497 -89 -651 -114 616 396 774 303 -271 -608 -297 337 -453 1066 342 122 -425 450 -576 256 144 290 -346 45 242 717 774 775 444 504 305 -389 -29 -139 -82 439 412 -101 -18 809 817 -302 136 -298 -693 -399 504] 5284.11
[-630 -376 -654 -465 -195 967 -74 -447 295 553 243 -33 392 -113 128 709 171 504 68 324 -442 -116 -75 -732 320 -638 -379 -360 -404 560 333 -263 89 619 -358 64 -421 -34 255 -734 -856 1148 -464 783 -19 380 650 28 130 -717 763 618 394 -137 -102 -294 -228 -154 -1006 448 107 -415 385 80 543 -259 -120 -14 13 667 122 480 -291 -972 -271 704 -453 -581 26 98 -216 -466 -544 110 -715 -30 -497 891 -38 437 247 1144 36 -282 850 -98 -33 136 446 -955 -90 -587 -272 -151 141 -321 -752 -956 502 -241 -150 -50 564 309 50 399 -487 -215 -91 56 -469] 5152.95
[86 -40 887 -72 -488 383 106 34 -759 39 416 -487 -163 -207 785 -233 311 306 -174 135 -125 18 -348 -79 353 692 905 60 67 -315 853 73 156 444 -1030 222 645 -208 -103 560 1027 178 -94 -149 -660 -372 -297 -26 -523 90 627 -65 666 80 809 1092 212 -146 -479 -146 122 -871 397 224 702 -1000 46 -448 183 6 620 51 34 -570 -153 326 620 -96 -96 -163 1028 -130 39 700 539 843 -409 272 511 83 500 658 -468 -660 235 -3 -332 826 139 -2 194 1002 -119 -518 -54 210 -14 500 -513 518 206 -765 485 665 87 783 -770 204 670 -607 604] 5283.69
[928 -81 242 818 -134 -864 283 -228 215 -287 73 -630 -685 136 -303 98 342 -296 132 79 116 -76 2 338 -456 -13 -188 -24 -913 15 237 267 -890 -247 -374 1012 431 -331 -446 506 -331 21 -266 686 -1080 304 230 -701 -965 704 179 -441 736 32 -469 -611 -172 -258 -458 -9 -318 -150 -252 255 -768 -67 1010 -252 688 -1046 615 -823 744 -178 -148 -298 39 199 -193 -107 170 -267 311 429 304 -64 -159 22 -169 380 -622 589 163 -558 -344 506 -684 221 -445 649 -123 -381 191 -682 -578 322 776 522 -765 274 519 -159 14 23 143 -235 77 -128 507 223 327] 5053.21
[876 637 921 -197 -622 221 -71 -850 -994 74 532 173 611 307 -328 348 -691 594 285 165 -37 -340 578 39 264 -287 -96 103 -120 68 543 506 -50 -210 479 303 -299 385 69 879 950 -413 -232 603 -310 -344 -538 410 305 -235 24 -134 4 382 -697 789 -137 -881 129 -190 90 -767 564 -264 -555 935 19 237 213 -648 341 478 -116 59 1007 363 -168 -689 -162 -856 342 -153 -230 -366 581 -44 -123 -823 79 -472 487 -694 349 573 -686 7 230 -8 -166 -226 47 -71 -1027 23 170 54 146 379 360 223 -299 545 -867 -1030 -232 233 199 -523 -1 608 -785] 5199.54
[521 570 256 -1106 -745 -644 -188 349 225 255 -561 -426 1081 -137 -53 351 -321 -980 -235 316 433 218 589 -610 -335 -702 -454 494 -212 1076 260 140 -23 -994 -801 261 586 74 246 60 -87 -713 -697 -927 130 154 15 210 -559 858 770 -426 -97 -628 586 722 149 -102 -852 -98 528 -525 -253 -407 -6 251 108 299 -369 -398 599 225 633 -262 127 9 -33 899 961 -902 137 -307 -648 -948 -149 229 -221 543 329 -197 577 -402 -187 -288 209 373 218 -90 -190 -91 -88 -179 -525 9 39 216 -638 797 337 -366 237 574 50 1325 -228 84 -703 1109 -428 379 -664] 5594.3
[388 1166 -113 -235 21 -228 -2 -8 26 402 761 -534 718 -442 -395 134 657 -1128 -253 212 -35 -691 5 -742 -717 -14 565 148 -577 -580 83 436 -462 152 62 255 1195 -490 81 235 948 170 -795 48 374 249 138 160 -775 440 -196 -96 117 1295 -191 371 67 203 128 -524 551 -28 -452 -72 388 -168 116 224 556 222 -477 -425 122 140 -433 728 -874 87 -178 96 263 -33 -296 92 284 -440 -215 456 -64 298 192 -1438 66 -471 -150 290 762 -330 -168 -96 414 951 -62 265 397 -353 153 176 -468 -710 520 901 -971 -405 -282 -157 134 621 -555 -152 -211] 5226.33
[175 -45 374 -858 456 -777 539 -296 -683 -364 229 -4 -142 -230 -317 -296 -1414 -53 447 -522 -728 142 800 -473 -424 88 -610 51 -116 -210 205 124 157 -347 -972 -687 326 411 210 543 625 -197 675 174 288 640 79 353 -909 462 -66 -1023 167 -527 54 -766 -634 -102 310 -455 587 426 -181 67 1071 432 -178 248 269 561 -357 -351 -49 -115 -452 164 -601 363 531 515 208 39 385 -333 -645 -196 -614 774 486 439 -200 -74 10 -674 456 -24 -145 -673 -340 1070 -9 896 -469 -201 -11 -325 55 45 -226 -3 667 89 -786 868 -42 -171 -481 930 469 -285 -378] 5304.17
[106 -546 513 -246 56 -42 368 -200 -844 -98 -548 942 34 -338 970 257 -949 -414 -207 -159 -531 50 449 -182 -232 -153 -166 391 -445 -354 686 357 -472 293 -56 -125 461 -162 192 598 143 -788 1500 -676 113 165 205 -154 -564 -85 -128 -6 52 -729 -837 223 -156 -113 44 340 -399 351 -19 410 -102 320 -15 -151 -219 -40 -978 52 -661 -641 -106 317 -484 -79 -558 -555 697 246 551 428 456 1939 -370 174 959 -197 -646 438 -367 -303 219 -339 327 895 -610 507 -567 601 -1039 108 291 -419 -185 697 939 -305 681 -27 -302 36 -332 195 -485 337 583 58 21] 5466.52
[613 977 -547 -744 330 91 -248 -150 -177 -79 658 476 127 844 89 247 307 -460 84 1523 354 -447 -416 -204 193 -500 -280 47 163 103 366 -3 101 -333 -26 646 -239 -443 -898 -517 -170 247 -504 -625 574 -56 -307 100 -116 189 1422 702 -197 164 457 389 -308 -405 -245 540 1038 30 -594 -558 512 -295 -720 -121 111 -144 388 -437 104 -444 -259 -314 88 -313 537 538 -118 -494 85 -232 -719 -53 241 595 151 -296 -761 -533 494 -143 -271 395 -637 276 813 632 -855 663 131 -441 -89 452 -138 83 272 -356 143 -501 101 556 -125 -1034 -157 -132 -307 361 -865] 5201.62
[-275 -20 396 -443 -85 -285 38 53 630 -164 177 -229 -636 -1150 215 604 -469 -212 -77 474 -85 1026 1 -126 -332 -652 1969 -560 -113 310 319 1323 521 279 435 -584 605 570 521 737 -339 260 271 -123 -330 994 -78 635 548 136 -637 582 439 -10 -365 785 -432 -416 220 -73 58 -937 -137 -823 118 -485 411 480 582 153 267 452 -364 -10 64 460 818 -728 45 129 401 820 158 413 -537 -206 779 -445 109 -32 -788 216 398 -259 351 -541 172 488 4 -76 -377 -257 -541 161 -97 -204 -282 839 -421 -480 713 116 -139 217 -1280 -289 -47 336 5 330 26] 5522.7
[1215 310 150 -449 -244 -498 31 -84 -232 109 486 -303 111 379 -606 -180 572 154 154 -23 -105 31 -346 491 539 -371 178 -613 -86 229 -199 109 -142 436 246 678 611 -605 1127 715 -215 -410 -740 413 -382 74 221 -52 -418 784 -71 160 809 658 -196 -407 441 -480 432 -223 617 -531 -428 -437 -1309 814 -491 -171 -617 62 689 -359 437 626 438 832 633 -300 -221 178 -316 -518 295 -103 153 160 -116 217 -422 -739 -2 -487 -288 -73 -425 -320 -221 -295 -197 359 54 66 488 -55 299 -515 385 682 319 -215 811 645 -706 337 -253 -570 527 -806 -417 679 212] 5087.52
[-338 -746 143 -517 545 157 -8 229 -635 -85 -747 538 -202 102 -130 -432 391 -430 558 -218 99 55 -602 915 400 -157 -605 -92 120 359 1 44 -249 390 -48 528 -188 -765 -102 256 -404 261 181 -908 -180 -280 95 -152 -340 -77 108 210 147 -230 376 -491 -19 34 -671 112 341 -395 -457 -153 -572 -362 -857 -538 197 544 127 -1220 246 -270 566 -537 478 133 24 425 337 -428 553 82 95 -316 268 223 -1155 52 -133 82 344 -562 205 -395 -282 -859 467 364 -617 -562 919 -73 358 59 -362 -957 100 769 -714 -445 970 536 7 -240 -930 -588 -572 -654 7] 5026.2
[62 -250 -140 26 216 -237 -49 753 339 66 201 477 -583 188 -1039 157 -744 -380 696 256 66 -408 18 -207 287 -298 50 1017 213 -336 -225 -851 -322 -1014 456 -87 -821 -577 -552 101 -37 -1105 38 -45 -118 -254 -541 159 -123 961 -372 -235 -645 -318 134 890 75 -652 510 323 28 232 -391 -695 -840 392 693 891 14 -256 709 -129 -321 225 915 -909 93 680 682 -134 -802 -189 78 -698 173 -894 -346 -247 -352 404 -620 -357 243 506 -825 -1062 -5 -614 -168 551 363 -478 245 15 -249 -388 -256 966 118 631 -452 130 -92 -390 208 337 619 -410 -7 12 -1113] 5490.08
[-515 17 -191 -112 -860 -380 -994 402 394 713 -413 473 403 -326 -292 -482 152 -197 202 269 390 -753 -494 784 -47 42 5 -447 -245 135 -924 -26 -840 148 -584 -443 -198 -536 -327 668 231 432 -343 414 477 286 -132 -238 -347 -1022 111 466 -278 131 115 385 219 290 -164 78 230 103 -492 217 -208 -935 -147 471 694 377 -577 892 -689 -14 -552 -112 33 269 -27 -183 440 261 -139 363 -588 16 134 -601 597 -416 543 529 277 429 162 440 -188 -507 338 32 529 550 4 35 226 -416 169 -4 477 231 -1146 -179 105 -120 -484 -371 618 4 -475 -659 -176] 4794.04
[-74 -295 10 288 -394 -450 236 238 -242 -48 572 -538 -488 -346 -90 14 373 307 202 270 431 107 605 -392 -310 382 234 -265 -728 53 243 -279 275 403 296 -876 -18 427 -731 411 132 1010 -375 -107 -1162 996 263 86 388 249 57 105 907 596 -499 -11 -287 -1012 -836 -445 453 -232 -227 87 921 769 -202 -170 -618 -127 -327 -375 -515 906 -1141 512 205 -426 85 -23 788 -581 -497 99 -456 481 -375 747 332 31 -617 102 -10 645 602 280 -147 910 127 370 -224 907 -442 -564 398 -218 246 238 -400 575 585 -924 587 -230 446 352 -323 403 76 529 501] 5293.75
[374 -717 659 -345 -814 11 -133 93 -129 435 426 -130 -431 -363 753 -264 132 43 268 86 -363 389 650 324 284 37 -106 -462 -479 192 858 724 -266 -699 354 -108 -92 -295 -406 640 -292 -681 760 -980 -136 169 348 118 438 1005 327 527 -97 430 432 -129 -132 -231 17 105 579 58 -119 -457 202 -776 277 -243 -205 802 964 525 -1055 100 366 -181 441 -226 600 1228 -109 -896 123 -608 493 862 -115 -1046 226 52 644 636 -610 742 348 80 -305 680 137 129 178 -109 24 151 772 38 -182 348 19 395 -298 417 336 -8 -1219 463 753 -652 830 -831 -1] 5437.1
[415 1135 11 -219 -427 429 -228 -517 -441 457 484 88 156 -166 533 70 915 217 486 -9 -28 -397 -489 -706 803 212 -380 105 277 -177 143 -198 479 -807 238 1158 283 84 -510 -383 -38 104 -115 196 1480 -648 -729 -222 90 266 379 -718 -290 65 272 33 -140 336 -84 -158 499 160 233 62 261 1526 75 -637 639 -390 -188 59 -69 381 152 578 380 -608 -566 243 178 -79 -358 -528 -866 189 50 193 666 304 494 -442 462 397 -653 648 -361 646 -643 -255 313 -173 63 161 265 329 86 160 755 -601 604 27 -344 -781 -327 633 -600 825 664 465 -9] 5247.15
[179 -402 -66 459 -47 392 -280 -313 -478 -563 -574 -35 -111 576 635 138 654 268 -462 -192 446 178 -116 -253 -372 359 -848 696 107 436 481 -79 -131 707 527 492 -406 129 666 -217 -278 -1028 -132 184 -277 -415 289 729 598 -859 45 -275 201 21 160 192 415 106 29 -1085 -914 491 208 264 565 312 -368 829 177 -826 43 -389 -42 -231 -288 -567 338 558 -366 -92 -914 661 221 296 -451 -237 672 95 129 223 308 338 91 -249 -133 338 -717 -92 222 139 -647 -631 -84 -219 215 551 13 -949 -517 1045 217 -288 -61 -557 415 176 -373 -204 56 -260 390] 4878.6
[514 -151 -277 252 -1362 -897 -35 907 581 384 391 114 -292 551 121 -75 543 225 573 -123 679 -173 1280 456 84 526 -329 -104 115 -794 714 635 -802 155 -397 -95 841 -557 385 -211 1019 -48 256 324 112 -45 760 -621 -388 380 -33 -186 -433 35 109 134 561 -286 155 702 -19 477 -688 -323 -9 -54 -301 53 -636 -609 -318 -600 -317 -193 -532 113 383 -523 401 903 1450 -259 -37 27 -10 300 41 124 1060 43 457 673 -111 348 -448 -507 43 516 -411 398 355 897 -44 256 -133 -244 342 260 -417 -68 461 -270 -209 -95 491 -370 -32 -340 190 -841 557] 5310.18
