[-462 150 74 428 -145 -277 383 498 -21 -469 458 -197 -233 -20 391 -80 136 -441 278 -396 9 387 -100 -326 -337 -172 -254 389 -360 520 282 -262 272 -281 -361 -271 306 -311 168 366 204 447 469 466 261 -97 -53 -176 -57 5 180 -183 -344 -209 199 23 -447 -307 -240 -150 -204 295 218 452 -248 -241 300 76 415 247 199 40 12 46 -479 341 308 -156 -295 94 188 -239 -134 396 -166 121 312 -344 -240 188 -173 -169 328 -154 -137 553 334 502 -128 -259 -192 271 -91 442 51 -42 9 -264 525 169 -475 23 -48 415 270 -7 3 461 -244 562 262] 3193.77
[-95 -273 -540 223 -270 350 -185 -1074 -390 -523 126 439 -314 369 -194 -9 184 12 -861 256 -112 -126 -4 148 -128 144 -24 -326 -565 -488 -408 365 -669 -19 27 68 26 348 75 -110 171 -170 -367 -274 -767 -1 -21 -119 -114 282 511 324 -436 93 -292 -207 402 -256 -158 46 289 -89 -153 128 534 -26 41 -295 -227 -259 -431 78 411 -366 168 -244 -104 -4 191 167 -274 -351 -49 60 65 -89 -179 221 171 23 350 -300 -70 426 154 -715 -92 84 515 156 50 158 -270 -346 113 -50 -101 -91 41 -96 -296 8 15 -301 325 387 -485 -426 -57 40 -27] 3328.53
[-270 152 -248 198 117 150 -157 -469 -339 -664 610 -224 365 268 335 -190 -160 -164 -182 100 -5 -254 -316 -45 309 138 -191 -430 -440 252 -465 83 85 176 -619 -767 198 -327 450 167 501 412 -22 18 171 -122 -366 114 -94 315 203 1 -224 390 -51 94 -207 -34 169 -641 -54 -291 237 58 119 -104 331 -469 314 -223 -167 -201 -360 -132 63 239 418 454 -12 687 -73 -334 184 289 -156 17 -78 67 -10 -391 -92 167 309 300 -180 -177 -111 348 -198 419 -162 217 658 52 192 -85 510 -323 -38 -171 -469 -427 358 37 -255 528 -10 167 159 -503 -79] 3271.73
[-249 44 -495 94 668 -260 -239 -616 1 -214 178 47 -468 81 -65 110 -221 52 -452 -202 65 -42 -176 -176 367 545 447 -144 -237 -5 -343 306 -187 223 -426 -246 -490 -266 -193 -265 146 43 -29 -394 61 -48 225 9 201 292 116 -400 -816 102 97 334 -27 157 -6 -754 371 -298 -9 -37 332 460 583 -158 301 -438 -538 -279 650 -443 238 -143 -473 439 -476 78 -285 4 49 -311 -602 -385 -309 251 194 -193 386 14 -335 -134 -135 -159 23 422 -52 167 147 436 -136 -504 -422 -172 240 -256 -402 -523 232 437 -68 -322 -25 -158 58 -496 -170 -112 8] 3439.6
[350 125 93 211 225 32 234 -122 55 210 57 -105 510 171 -806 -64 -388 -91 335 12 -15 -2 11 -257 452 -22 308 -66 654 -245 102 98 207 -98 -243 291 -443 -521 -279 -142 202 -318 -27 89 -425 129 214 -96 620 620 177 -166 -127 -367 -180 412 423 -492 -113 -282 127 -548 -95 36 -541 -381 84 -668 71 117 -145 360 -54 -294 294 -296 481 366 275 152 -6 -212 -63 222 -257 -161 -318 197 -242 -181 208 383 -209 577 127 -404 117 174 -152 -92 286 -37 -396 -422 42 -185 250 -170 -263 190 278 -61 438 -75 -928 208 -349 -121 -156 13 -35] 3267.79
[299 360 -242 212 -69 78 -688 -26 -583 305 -642 265 -490 -36 100 218 48 -262 -352 32 219 -751 134 151 80 -523 105 -213 1 -27 11 228 -413 -74 -81 -28 -518 60 204 162 -51 -32 220 -387 382 234 -126 168 -651 -180 -104 252 -187 300 -13 -408 26 473 -103 -284 13 -697 129 -382 53 183 177 446 -259 -244 -185 -369 177 133 81 173 -160 374 -66 400 -176 424 512 -211 139 -165 -273 706 545 -33 393 147 -251 -21 317 -450 -450 -559 -773 323 101 -283 72 184 -281 -220 -682 -331 -493 88 174 -405 324 104 -95 192 247 -149 470 -144 -503] 3493.52
[-283 -282 48 298 -141 535 -265 -434 -476 -267 -292 203 15 598 -139 -226 561 -155 -572 597 346 -104 263 467 -916 -141 -591 661 -133 -693 -249 -125 -784 -198 9 324 119 696 -261 231 -849 -377 -310 -368 -148 167 -92 276 -253 -224 -246 355 457 -86 138 -611 530 284 -682 409 123 5 100 5 184 -236 362 -115 -381 -127 271 4 -356 453 47 222 -230 -226 145 -26 146 117 408 -41 16 226 -280 -214 414 -21 270 -400 38 -29 -142 -663 360 -159 -474 319 -39 -160 132 -145 227 -84 -565 -228 85 -78 -358 -211 470 89 281 356 51 -73 377 219 94] 3727.24
[-115 -41 245 -173 -222 -122 -880 -587 -405 -345 21 -39 330 328 239 168 -96 85 -457 524 48 157 -170 -9 577 633 -13 -118 -821 102 -7 127 -83 585 -407 109 -42 94 686 -67 466 -30 89 -636 -89 -11 -334 240 -269 295 -389 332 627 639 -97 -331 55 265 610 -184 411 5 264 -106 696 390 165 293 -57 -334 320 257 -330 391 191 138 125 65 55 -108 -369 -106 294 -88 93 -151 -452 -153 -324 189 54 123 -516 -178 145 -508 -583 -921 428 -15 -181 560 877 -424 64 459 -63 -34 -91 160 22 -287 -72 25 506 -48 -278 256 379 -703 -349] 3815.84
[449 395 65 -65 233 224 -222 -265 -151 300 -113 492 -384 -57 -414 -45 -208 245 342 -16 262 -424 46 927 -324 -82 47 -258 548 -97 371 96 -768 -248 212 392 510 123 31 187 -225 -299 -683 -134 320 215 435 -37 332 177 261 215 -44 -333 -546 -119 889 408 298 446 -299 -474 4 -589 -775 609 459 247 -75 94 -556 -752 208 106 295 -352 -441 -4 138 270 -108 333 476 -311 -18 -97 142 282 359 -152 215 17 -232 211 324 -362 34 135 -142 186 329 -488 -474 274 157 -57 -49 507 25 58 260 128 -184 -43 29 -273 115 -511 392 773 11] 3737
[385 139 174 333 166 -51 39 72 -365 -378 7 223 -396 377 -789 149 -101 73 -542 291 88 -4 56 -64 472 238 32 117 418 -705 356 -218 -1055 -393 -68 246 -366 -366 206 71 -106 -114 -462 -251 -101 -213 462 -182 264 -142 111 -101 -221 -221 -139 -621 580 -375 -36 500 317 -803 -152 -922 -177 221 557 -424 -329 526 -426 -162 248 -379 208 -127 -445 -140 350 375 -88 -325 296 -611 415 -758 -404 621 279 230 341 401 -181 362 251 -498 44 -42 222 -71 95 418 -44 -262 216 517 -321 302 -333 -214 82 169 -226 -289 -205 -421 -38 -441 40 -36 -249] 3829.46
[380 -103 805 -511 395 -287 -993 442 858 -53 -506 -242 179 -200 -166 130 57 73 91 372 108 82 -60 -28 349 1009 -34 914 256 -405 258 -151 -545 393 -78 172 237 9 2 -227 -634 -375 -668 -99 84 -324 210 69 -204 -92 -584 70 692 289 -112 -134 625 197 -262 124 168 -3 168 -1114 540 341 396 -305 -419 275 560 -71 -392 339 454 16 -640 -670 -471 -861 -235 405 -265 -790 -189 -989 -319 -284 -137 402 -139 654 -171 -334 -104 -93 383 -143 12 -220 257 -20 503 -484 -141 320 348 283 -131 -216 514 533 -655 -579 608 -637 -314 -173 377 134 312] 4553.46
[34 258 10 -146 -255 5 121 650 377 555 -118 -47 300 -595 383 155 -97 4 278 -460 170 -743 140 -371 748 -465 476 -39 728 136 -475 -328 1270 -436 313 294 -90 313 37 -26 252 212 451 -301 72 440 -151 -24 36 17 187 72 9 290 2 697 -575 441 -56 -472 -362 -109 -268 -13 188 -320 -944 541 148 -322 -95 194 191 238 270 198 188 148 9 420 -255 379 94 26 404 604 -107 -61 515 -390 -227 -283 293 36 51 83 -136 -341 -275 221 429 -94 311 427 -905 -956 372 -105 -230 -24 26 -569 985 -451 -550 799 -214 11 -233 -564 3] 4213.81
[-158 148 -525 15 512 743 761 211 -404 58 423 269 -164 388 23 -129 216 268 -50 -46 -207 -276 -68 -328 638 -283 22 -315 669 -212 -683 206 110 226 -1 -378 53 -193 -104 -19 -361 495 -108 251 84 344 7 -200 42 -396 2 -146 -284 -37 408 13 333 -45 292 -123 45 351 -119 213 67 -185 -57 -988 155 29 -306 191 624 -835 -86 -499 96 -282 310 -86 160 32 -315 -156 -19 -440 24 30 301 -141 181 404 153 -451 -505 40 189 133 -199 385 -268 -513 463 -500 -259 172 -242 -45 -343 -244 142 -92 -193 -178 -494 -451 -5 413 -187 -697 -48] 3531.65
[-193 -368 308 245 -147 54 581 82 -28 265 -143 -11 -142 -480 -214 -96 541 141 26 114 548 81 330 -40 -53 -250 284 -42 221 379 108 421 165 320 453 48 -165 -135 -123 260 -608 -415 34 -700 -169 148 357 -430 307 -391 229 547 741 298 -432 -53 195 -65 7 91 217 546 -414 355 94 392 -1125 -329 -175 -156 338 360 153 101 191 -473 -284 -565 223 -388 -19 265 39 194 -51 343 -262 -490 464 196 -191 -180 -448 -451 60 279 -134 -566 556 -302 -636 145 322 -150 175 -10 -69 20 5 247 300 336 -312 374 112 -194 -208 50 -409 54 -95] 3539.11
[703 404 693 -409 -262 -587 -529 221 125 479 -31 611 -244 -75 300 510 126 344 359 229 -214 88 479 179 -85 356 56 -252 -329 -247 658 -22 25 -239 96 380 -661 518 -184 30 75 -381 -455 346 576 -224 567 89 -198 -513 -515 -333 319 -51 -94 -408 7 765 311 842 615 -158 -362 -915 192 582 529 606 200 -185 -85 -351 161 63 289 152 -215 43 -161 -361 65 67 -14 -440 629 -595 244 -193 -211 514 -110 -206 -442 -200 585 -38 228 -258 336 103 511 191 -196 235 -396 523 -458 529 -29 -106 256 18 -321 -152 397 -272 355 -753 556 -99 -88] 4116.33
[-514 -514 -32 593 263 -362 -97 -25 -29 -624 553 -164 -1109 -350 379 363 -105 -723 -678 -459 314 36 -110 522 292 -333 298 -156 -853 479 590 546 -349 167 -347 352 142 -355 921 -184 -7 513 122 -348 -114 204 -282 -410 -348 332 622 296 -769 434 -781 -126 -183 -205 -176 -302 -143 35 372 156 -57 667 304 -83 89 -100 611 -397 799 1 -319 222 -179 -32 -253 -389 -270 -114 282 267 -459 -658 -523 161 -21 150 430 -166 -731 -16 224 370 -404 -49 561 -745 -477 789 275 451 -169 -30 -75 -443 -98 79 -139 -33 -438 302 738 -440 -318 -37 -19 574 -274] 4448.84
[439 675 303 263 -486 -304 -263 54 -123 244 103 58 9 -534 -421 47 92 -541 639 207 272 -267 37 -544 63 19 518 104 -429 617 144 475 569 473 -257 -104 -429 -756 -298 336 157 -518 -20 -270 252 -63 328 262 438 774 -370 -267 326 59 -213 167 -20 -562 106 -54 209 -135 -276 -177 -328 467 203 -27 421 25 54 564 -645 -10 676 -272 301 -145 152 165 -456 776 -277 457 2 -9 -478 -249 -125 57 -43 614 -555 -252 272 -28 133 -270 -310 9 -542 619 179 143 -150 -150 -430 -31 352 331 266 333 166 426 -231 -365 -317 130 24 543 226] 3814.95
[408 -363 -367 -618 553 211 889 636 268 784 280 157 320 343 39 180 -509 636 513 195 -319 486 544 183 121 -106 32 -50 862 -187 141 -413 650 -218 -16 639 -101 451 -658 -239 -190 -373 3 414 181 -307 464 343 131 -400 -352 -31 341 -527 78 623 342 661 -298 570 464 748 -659 -133 218 -122 -755 -468 130 208 -209 -261 195 -535 -122 -268 -273 -33 -306 -367 416 -202 -286 -443 -92 -283 794 178 -344 0 -208 -420 355 -866 -262 -49 396 40 301 132 231 -154 -702 -531 59 207 217 355 -470 17 98 466 539 -243 -302 -14 348 -592 -128 -249 141] 4332.37
[343 566 412 114 -644 7 -151 -498 -122 -18 459 -86 946 471 -21 136 175 -279 812 184 -148 424 162 -1009 222 52 -473 290 -366 -197 -305 295 20 -61 -471 -554 -68 -26 19 -1 683 -97 412 137 -158 166 -135 -238 115 87 207 103 361 -142 360 -452 47 -326 536 -253 409 -479 448 95 -63 -632 205 -472 -72 74 122 1012 438 -29 76 171 593 -97 542 28 -356 -647 -648 46 683 245 -468 -482 -596 342 129 -257 210 521 402 -537 333 -315 360 397 80 -522 -87 -410 34 123 -181 -267 849 547 -157 -159 -259 320 -584 338 -740 582 -10 -339 -267] 4254.08
[-313 -721 394 108 -23 -175 276 101 -297 -386 512 -616 189 5 259 100 31 -141 144 -6 175 57 119 216 -110 -389 420 80 -548 983 240 -140 1693 541 -483 364 450 -172 -476 -11 139 319 714 -736 -137 130 68 850 122 780 -478 43 452 -173 -88 533 -727 -239 -387 145 148 352 130 592 -119 -266 -324 -155 70 -277 253 297 -1032 632 -141 407 485 406 -357 -368 -56 -127 666 634 -8 759 -688 -187 -446 -231 -22 -360 94 -94 -348 294 236 -107 -196 277 -811 1173 342 61 -396 -464 193 -96 -59 190 -873 189 919 492 -62 464 191 219 -189 -633 -534] 4828.07
[-191 30 335 191 154 -417 -137 -258 190 -420 -276 -187 -59 37 -408 162 -436 716 -91 175 299 422 -6 218 19 1003 33 187 515 -50 43 235 -489 435 122 442 67 125 -43 -508 -113 -63 -359 -591 294 661 325 -359 687 77 123 -637 -99 -189 70 122 -449 -541 370 -343 -262 -398 307 47 -368 145 1068 394 373 58 -31 -429 135 362 -117 336 66 333 -146 -112 447 -415 508 -195 -506 243 -486 -44 197 -280 141 -3 -285 14 -143 161 88 254 294 -312 196 -318 -148 -753 81 -312 796 -338 597 27 379 372 -97 -480 60 -321 -187 -779 -305 447 -182] 3886.21
[-335 591 -631 490 -281 80 -265 337 -221 -233 -198 -203 -351 -18 -109 137 313 -766 113 -321 -115 -331 -662 -220 371 -536 303 11 -332 332 346 591 -1 -27 -195 -304 -540 -873 -173 445 717 -27 565 -184 -50 180 -292 -330 -296 707 -107 56 -436 368 -68 -16 372 -441 -263 -531 -370 170 -421 339 -177 44 418 280 -471 219 272 85 52 -30 283 -482 121 -235 -28 10 -598 630 -509 241 -315 -287 252 53 -452 46 -227 316 -945 -134 32 -327 -109 -332 184 -196 -762 18 54 2 -193 559 -564 -571 -635 439 128 93 -112 439 -19 -102 13 660 -92 56 -59] 3960.76
[-415 171 -392 495 -312 -227 -285 -993 -226 34 452 26 2 717 -607 235 -166 -63 307 648 -326 1103 365 -57 -602 171 -34 576 -776 -340 307 590 319 -327 -109 230 -320 188 -998 -278 87 -636 -133 -581 -358 70 306 -260 267 601 307 -576 71 -530 192 -6 135 -74 -341 132 174 -14 -101 844 -593 -251 1037 344 -159 -96 42 692 622 155 -415 -444 299 689 270 -1121 -470 -215 -386 815 -668 -41 -458 -330 -1022 92 304 -511 -940 435 286 -76 578 238 458 360 -174 47 -744 -530 -15 -86 -844 -557 -179 27 485 196 -573 419 -127 -366 -133 -1 -255 230 -138] 4948.98
[46 366 -433 -466 -618 -118 424 -11 308 319 -236 -205 357 116 361 14 93 676 -46 -334 46 -723 329 193 -249 6 -377 -317 -114 421 -311 -26 685 921 584 -276 340 288 -664 -601 -173 254 -243 171 331 274 -486 431 78 48 -391 -537 426 -273 532 201 -1116 -116 313 -99 -180 259 -209 254 210 -47 -260 514 417 -143 159 117 -1000 -125 547 682 -42 479 307 561 860 -51 -239 -194 291 333 -79 289 234 -488 -541 -8 549 267 -388 -3 -254 169 -892 389 -50 49 -308 237 77 -222 345 -147 527 208 -248 140 756 -469 -679 272 279 -48 87 -153 759] 4326.97
[-495 327 -119 -159 -97 27 657 363 192 -314 233 -56 -398 492 -93 419 -162 779 -68 74 -390 529 -203 111 52 -157 -26 -159 463 127 105 114 208 432 -171 -76 150 161 -257 40 -190 603 218 -845 512 77 -10 -630 -88 176 10 -191 -276 -1 259 -194 -364 -381 512 -308 -489 656 -412 1069 293 -417 -352 300 119 49 -196 413 721 228 -457 -71 294 -408 -230 -947 309 291 -607 116 -412 -280 575 -139 -176 448 -445 228 -221 -126 -809 370 -155 -275 503 -746 -765 -501 -485 -662 62 260 61 -235 519 370 174 298 -605 -4 283 -307 -306 136 -631 -142 -62] 4194.5
[-303 -140 -957 93 440 268 295 -110 -151 21 492 251 387 -101 -75 -770 480 -616 629 184 -38 -79 -639 341 130 63 675 207 124 77 -408 490 179 -152 710 -46 695 -13 -706 -42 -574 -484 -218 214 68 171 -87 77 664 693 380 -288 61 68 74 606 954 465 -855 336 -519 627 -73 329 -835 32 544 -480 131 19 393 342 -102 235 103 -1126 -108 -165 281 -735 -153 460 -518 619 -436 299 -105 -1079 88 -939 166 15 -266 331 -64 -33 261 803 217 -62 8 -272 161 -115 -555 -152 -95 74 -1014 -382 114 -165 222 -272 -654 -152 -101 116 -258 77 496] 4673.77
[240 124 149 -68 -90 87 303 688 -1116 357 280 323 456 997 -7 68 -338 142 167 766 -17 485 164 -5 442 -4 -283 -990 202 -104 195 86 432 240 -467 563 124 519 282 -155 -46 -41 -103 473 361 113 773 111 -289 -389 -879 -288 644 -118 236 142 315 179 246 370 -69 258 -470 626 -8 -57 681 -583 593 111 -156 -28 -436 223 -125 -465 816 618 65 -275 392 -540 -240 426 -376 -341 515 275 -449 -400 -411 180 -117 -463 162 -224 -269 -73 598 119 108 -685 391 -655 176 621 268 -43 -960 629 461 -202 546 -106 -683 -151 -97 -194 -335 -706 -548] 4566.04
[542 -161 -882 -270 76 -850 -162 454 219 119 -398 -346 -3 -21 -14 665 -242 -495 -64 78 -220 62 -73 -242 27 -504 -139 99 -229 -139 59 186 -224 -56 663 -32 -220 303 -314 -364 131 -494 620 106 -377 -562 153 220 -379 -153 98 -186 -706 85 398 -9 231 77 20 133 393 -107 41 -544 495 66 -477 -46 -328 16 666 267 38 -405 -255 249 -406 71 -172 -552 -525 -157 -676 -554 342 -851 -179 -345 -34 416 140 117 151 128 -248 57 -241 -433 462 -486 17 347 -842 126 20 784 -559 66 -110 345 -140 146 -812 -47 120 -608 6 265 -72 390 -417] 3945.11
[544 12 -136 -291 -261 507 268 48 319 268 56 -151 361 -117 -877 214 -681 182 218 415 -510 -92 518 609 -168 362 219 -332 829 -186 -71 -160 503 471 926 1129 854 178 -170 -752 -114 -517 -203 422 -822 551 737 289 819 264 -210 29 864 -589 -146 902 -395 -413 224 577 626 87 -603 -277 -921 -164 -58 264 -68 327 -89 162 -320 -73 558 -62 -424 103 612 301 213 -3 -293 -140 -252 333 -66 324 -52 -376 -88 -35 -87 -392 276 -281 320 254 366 160 -148 -301 -379 -358 187 -663 461 769 417 429 -210 379 351 -80 -17 -657 -286 53 160 652 312] 4667.75
[197 -62 -438 -272 -552 -151 -475 115 448 -438 311 168 513 741 54 243 -165 -239 -869 810 -589 427 352 -100 -402 243 -834 15 -677 -564 -69 -653 315 -102 24 -166 20 1206 218 -189 285 91 -521 333 -358 -407 -241 631 -181 -307 -615 286 400 289 122 100 -641 116 -52 507 525 244 -926 -466 797 -16 -328 -193 -445 -450 166 418 -359 166 -129 991 -2 -497 574 -310 -1 -814 -417 -518 516 -626 127 239 -486 69 -470 -889 -287 32 448 -637 189 88 1015 247 3 714 409 -218 -41 99 136 549 193 -322 -600 -125 319 -282 461 438 164 487 331 -489 -115] 4827.46
[-105 -500 -174 -414 -382 267 -796 -570 35 548 -671 -185 -67 -77 171 874 147 21 -482 499 -122 -625 347 -10 -62 -155 333 567 -457 -231 -392 216 -442 372 -199 243 191 21 -258 -666 308 -619 325 -573 -268 -62 -664 339 -761 691 -465 94 92 -180 116 184 680 196 -136 -399 120 34 124 474 872 278 -226 589 -643 -285 -393 97 -177 513 71 -83 -700 141 -799 -296 -695 376 -63 -276 -249 268 504 122 -155 102 327 463 255 -401 -434 -665 -403 -830 168 188 -151 228 -625 -662 195 -127 -596 18 -56 599 200 54 167 -194 396 196 -515 -424 213 -60 -206] 4381
[-332 480 594 352 -304 -535 444 685 525 -370 -492 -530 -248 -202 125 116 482 -210 549 171 -153 -7 -11 -779 264 811 -65 846 778 252 544 -105 195 -449 -147 -563 -127 -973 117 508 426 -234 799 473 256 -649 39 -1021 -38 40 214 -88 10 -58 246 493 290 53 -176 22 540 -690 287 -885 -195 -130 609 320 -51 -140 -28 -688 -153 408 244 743 -392 165 -1346 65 184 -293 -170 -362 -159 3 176 -801 -89 551 -63 135 348 -531 63 -124 1220 398 714 209 425 285 -295 -343 -113 -228 71 -233 -43 139 -132 239 -292 -259 381 234 -84 -1 75 455 177] 4710.98
[-50 254 -60 -18 732 -495 -45 167 -140 19 4 -679 361 -196 196 -23 -294 -285 280 -401 -20 232 -455 347 -274 329 92 -337 -22 750 768 -184 19 156 -295 130 -301 -623 430 143 -30 579 778 63 937 -514 -71 211 -142 199 -112 -366 235 -44 326 343 143 1090 525 183 168 -337 684 -771 -271 56 393 -145 -40 1 -64 -326 -167 54 -11 346 -833 91 -432 101 8 747 159 -498 168 -534 -180 331 323 -67 502 313 46 -472 -4 266 -260 398 -215 -82 223 221 175 66 236 278 -605 -304 -307 -605 -58 -144 -274 -43 76 -751 309 153 324 57 -454] 4004.11
[527 219 138 -289 -473 92 847 174 -952 -125 23 1014 -280 393 -523 -874 -114 36 -15 726 149 25 -38 93 -402 -71 -371 -420 97 -377 -181 -224 -800 283 -172 -548 714 -81 123 617 -1236 -14 -518 -433 7 -289 700 -508 100 -391 -472 511 632 202 30 -634 613 -199 512 887 59 77 -226 -26 122 303 -235 -799 611 27 -340 55 -587 -51 48 -312 471 -804 336 357 497 401 203 588 -769 58 -636 25 156 610 -126 504 326 174 -196 -190 189 210 -321 -43 -744 -271 282 86 376 490 -268 354 554 357 408 226 0 513 -105 -338 90 489 10 833 658] 4808.71
[56 -607 162 -556 9 -23 624 -366 159 547 -290 -488 -224 -248 285 -259 -177 415 -510 194 -394 506 165 -21 -687 -42 34 361 101 -229 -427 -248 -89 -272 320 -395 -372 509 -1095 -402 -1162 -84 -203 26 -126 -559 -140 326 315 -933 -824 -277 483 -313 464 193 -404 332 -307 721 40 7 139 -82 243 428 265 242 -118 45 -743 -438 -358 -12 -496 358 -676 -109 235 -247 -7 -366 552 120 35 741 -11 -245 -302 -356 -90 -597 502 9 -405 397 4 507 446 706 -232 -82 224 -236 -70 -90 450 493 -452 -213 674 392 748 -167 -231 232 881 -226 -413 -720 7] 4500.2
[941 140 -341 -112 -456 174 431 -191 -187 887 -583 113 -497 -193 -252 547 -138 700 -679 164 -915 -175 433 -70 -764 44 453 -1109 534 -277 122 390 94 -159 512 354 -1293 -163 -920 -527 -276 -212 625 551 -780 -678 -71 468 252 148 -181 -564 -865 -449 650 620 -233 85 249 761 517 -232 -639 -348 227 -280 127 228 -469 300 -703 -129 108 -846 388 393 -89 424 273 685 93 -53 -583 -50 143 70 234 653 -127 177 37 163 -144 -343 503 -363 -453 537 358 466 456 -525 -810 -532 -265 30 -692 -192 -192 268 550 95 -41 -139 -357 -24 389 -626 -334 405 -339] 5060.96
[414 244 126 103 -264 653 186 -14 316 -613 224 431 -698 227 -612 571 -130 845 -443 184 70 -314 269 312 662 993 -166 141 909 -1018 -61 463 -757 -103 352 1004 122 427 -269 -146 -624 -248 -1138 -110 -492 -188 220 -416 164 25 624 644 -144 -204 -233 -226 776 -595 212 395 -303 73 -369 -550 185 32 319 -141 -338 766 170 -352 489 -221 209 -72 241 -203 369 -376 -467 -589 -336 -229 2 -958 48 -393 -441 369 -21 321 -71 50 150 -123 41 84 794 -331 55 -15 233 -122 -10 674 539 110 -199 884 579 151 -530 -24 162 -477 -270 -402 109 340 -20] 4705.84
[89 225 405 259 -88 -914 -1207 640 17 -776 -360 -490 193 -57 1017 47 79 -884 510 -128 322 -281 -121 210 -724 -144 -681 -46 135 457 974 -109 -221 -432 -208 -525 490 243 -37 498 181 342 427 557 369 683 -383 -67 -271 -128 -447 -433 -491 574 -103 -388 109 521 -32 71 -669 -523 873 -615 -130 -504 1114 166 -224 314 852 -951 -908 682 31 1144 203 -466 -1 -14 156 -180 1062 -121 293 233 -285 -617 229 -467 -551 -583 -62 924 296 -189 283 300 31 389 1026 -266 730 639 -450 625 661 66 246 320 -711 -679 553 -566 233 1015 518 495 360 660 22] 5623.55
[-152 74 -969 -395 589 184 371 31 29 -454 -186 -728 205 217 -806 -532 -557 -68 223 -226 -168 264 -259 -639 417 79 -541 449 1056 -219 -38 -765 131 -614 576 -677 -90 16 -751 155 -257 247 -43 270 -79 -30 106 -421 463 -391 321 27 174 -269 473 639 250 -100 145 -154 -418 -11 -456 557 -243 -390 -806 -220 -167 354 -66 106 -1187 -21 -600 -326 450 123 839 -85 -545 33 414 373 294 -143 253 -520 31 -157 -426 602 487 642 -283 374 -58 425 108 339 -211 522 393 131 164 349 673 634 -729 -141 220 -521 663 -383 -667 -233 753 1243 -28 -849 -12] 4899.78
[-776 -683 629 90 -97 -385 -322 835 -190 -30 -7 161 -350 -255 1040 169 403 189 -87 271 831 257 514 -147 804 655 -113 1436 -970 -24 -4 332 -273 596 170 438 725 -330 245 -860 -569 -6 -673 -388 418 1076 -240 -63 -232 -552 -123 -654 729 263 335 -70 10 213 -837 21 -658 568 -378 524 808 326 278 -375 243 255 912 -9 -517 966 -8 -169 -494 -243 -531 -705 566 279 -588 -256 -429 -158 -431 -718 60 -113 -538 416 79 -344 -375 880 -72 -85 12 -500 -194 364 684 -50 -412 83 423 -921 -438 1 528 171 -535 -472 -210 -625 -283 -434 -287 -4 686] 5386.46
[-832 153 265 256 100 249 -1 -312 -671 -443 144 364 -1072 337 106 278 404 -172 -209 -387 790 647 372 -328 -181 724 246 423 157 572 799 -153 1 -183 -471 972 219 -24 43 221 -195 -221 909 -445 -55 53 -16 -259 269 898 907 393 -953 -484 462 -266 755 460 44 307 169 -129 87 654 335 -126 104 640 416 -14 -3 -208 391 155 -212 -246 -9 -200 -549 -174 58 37 827 202 -198 -138 -100 -744 183 194 447 -381 -415 -484 282 -430 170 -181 651 -393 574 165 -264 248 -286 -355 -20 -49 216 206 150 -66 95 194 761 38 -737 -102 -359 750 -10] 4578.79
[85 -132 -375 577 -417 175 -331 -238 -289 -526 -111 342 -435 -416 -376 683 -255 152 -568 -360 767 -1086 1172 89 188 294 493 -458 375 607 184 -512 -213 -427 389 361 84 -930 500 -311 533 -52 -256 -204 -320 401 -284 -340 -42 441 930 2 -255 -79 -728 -40 666 -503 510 -249 -411 185 -132 -217 328 -226 -782 -387 -546 891 -305 -429 -335 -1298 -516 191 -342 -419 372 1353 196 -513 1212 -40 -279 45 -326 646 537 13 -251 471 293 168 -121 -52 -735 266 -382 215 -96 907 594 815 826 -358 -261 144 159 214 176 -280 632 110 -204 110 -387 -84 -47 479 174] 5222.64
[-217 365 -935 29 9 503 -668 -337 -1550 -636 -834 199 687 572 105 -516 593 454 359 339 -493 -344 -1187 1138 578 132 165 -494 -705 560 -96 -60 -375 695 662 407 1439 131 221 -99 930 -102 324 -94 -480 1722 440 713 122 3 245 462 294 -40 467 -463 222 547 282 -200 579 -219 479 282 -356 -305 527 781 203 -433 -153 -30 -444 342 235 -580 203 260 66 755 590 168 568 -622 -2 221 -37 138 462 -315 31 327 719 -62 -879 -347 -422 -201 -1200 -40 -151 -720 -315 -203 382 330 84 -91 -327 183 -841 -1080 -528 -75 399 -167 267 128 578 -397 -292] 5790.59
[-229 -1139 497 -247 277 38 72 -664 145 140 -1122 -675 270 -580 -23 -251 393 -850 -495 -306 -434 545 -80 171 -196 364 66 -406 -456 -365 -43 -31 -1449 122 284 107 -324 258 94 -1219 -470 -459 96 736 -747 240 -714 -391 89 -599 161 -298 -374 43 185 -21 -226 -32 -353 221 -87 -346 5 531 333 -179 -311 -588 -835 540 186 -728 54 190 151 -183 -853 -374 225 46 742 164 -98 -479 140 282 19 -217 446 -515 -815 79 -131 305 162 197 -520 246 915 -399 249 -896 -117 84 928 388 764 327 -701 -497 539 15 -539 -183 -203 186 427 -419 -105 -250 157] 5048.23
[-24 663 -25 -430 -270 624 -583 -992 104 202 -325 378 -379 628 -136 382 -116 829 -135 402 -694 161 512 -736 577 1291 91 -302 531 134 33 437 95 627 -75 -137 -455 -259 -298 -422 26 195 -184 363 -481 495 -239 -235 -265 104 196 209 -11 -206 408 401 203 315 760 -151 1343 -331 561 -354 846 -971 213 -417 -412 -225 -469 412 551 -915 388 315 -119 -136 -312 -286 188 -173 -349 -353 -154 -858 -128 -377 -440 194 435 228 569 -426 -165 -605 179 122 838 810 946 -793 40 -852 213 -790 694 115 -4 -121 269 -192 -220 -490 772 257 -789 -225 297 41 -76] 5190.42
[691 55 997 229 -273 546 483 441 285 -246 650 -234 529 -660 63 -283 746 261 -36 -643 118 -994 -638 1186 -592 -288 -60 -1020 -63 -336 41 -99 218 -131 -53 -249 -608 -814 118 1336 264 582 -704 -286 510 -942 479 -54 111 366 -90 298 314 627 -921 -443 138 -258 129 346 -456 106 -774 -281 -747 41 -39 351 -134 -428 -571 -217 -860 72 1175 37 -56 77 18 1171 -226 608 127 88 400 778 401 751 152 149 -81 310 187 855 485 -82 10 586 -954 425 -163 55 659 1070 -137 329 -500 -132 281 -92 -94 -259 423 217 -219 766 393 33 442 -282 -10] 5493.65
[454 -405 -129 -172 316 1 45 -745 1101 167 -386 -1031 670 -189 -180 -373 -921 21 374 -305 -726 930 391 -48 -1012 525 -276 150 -692 -344 -168 -385 768 358 -466 -52 84 346 -1336 -194 -469 161 -459 69 -113 -356 159 1 -225 -256 -242 -507 1077 -103 113 660 -668 309 -609 -395 446 476 514 -11 542 -1019 -593 -297 -1058 52 -678 162 161 -353 -142 478 -1284 116 -212 -912 336 268 -665 -410 -692 -74 -270 583 -477 -532 -43 -488 -219 689 -186 602 291 1085 -928 768 375 -602 -849 -49 248 -464 219 -325 -164 -21 691 835 -248 33 -298 424 614 658 109 -309 862] 5792.08
[451 804 -435 -252 -306 297 -786 -423 -1033 408 -584 149 374 384 200 19 -483 -26 -694 800 -677 15 -240 490 563 -318 -380 -361 87 881 -545 262 72 509 500 -157 160 843 1051 -258 557 -419 789 110 -166 -560 -1387 1084 -261 349 -119 636 128 652 665 71 -245 781 796 129 524 -870 381 -753 407 27 -526 533 26 -75 217 -40 284 25 -41 1042 354 -231 539 682 309 41 -278 -694 333 -192 101 191 -126 361 -276 204 -151 -806 25 -832 -610 -1237 227 186 -241 -500 -1 -554 233 -156 -562 -163 112 -87 -38 -420 -253 347 74 -514 -107 1019 771 -146 -571] 5528.17
[508 -390 -403 -207 494 -515 816 1501 706 811 -406 347 212 -151 261 756 -792 784 -117 -314 -873 -145 44 -184 148 -553 175 391 923 -338 219 -43 -120 -321 -70 41 -1020 -831 -326 -247 578 204 -79 424 -535 -7 502 138 232 -409 -163 -619 -978 -607 14 957 -115 -690 -181 -110 -923 311 -613 38 164 3 -272 -588 -524 65 -666 -776 307 -1008 -827 -99 506 -691 -485 -335 127 -710 -38 -710 -506 -767 534 166 -844 40 207 437 424 -454 -688 379 -208 367 85 -533 490 -21 -838 -714 322 645 246 -865 -139 147 566 265 -470 434 268 -44 195 -56 -390 432 -669] 5616.74
[-809 -82 -790 -600 -537 485 -29 -397 113 317 124 -746 -18 -150 207 819 -6 -179 -1026 396 -353 -983 186 305 -230 -909 -101 -1537 57 -54 -813 964 56 455 779 -449 87 -52 -459 -919 -98 -431 346 -387 -1241 -294 -411 -106 -915 -51 -241 -227 -774 487 149 230 -405 -81 370 -86 252 321 -437 54 308 214 77 -211 -679 167 145 191 171 -883 822 96 -399 597 -140 529 -354 -257 -828 129 -862 10 254 596 -115 -297 -695 71 292 -355 -690 -125 10 -6 740 1420 -705 -878 61 -268 478 -109 409 363 -548 -177 76 239 -471 -473 -75 -181 80 -498 -302 149 -411] 5496.05
[112 -472 486 -107 -398 -98 129 -129 935 -404 76 -22 -41 -163 282 -9 163 286 -121 -130 -389 -53 -351 268 -1498 -746 -791 -921 -682 -743 -5 254 587 397 -93 678 -80 646 283 41 148 570 -132 871 -812 45 576 524 -264 332 -24 -323 -570 -336 -270 -123 -822 -1051 177 250 -846 595 -250 539 -35 -71 136 1 552 -215 916 114 -674 16 55 168 1684 170 30 -520 353 -117 -222 164 649 -352 384 -57 237 306 14 35 -579 57 -146 455 85 368 -593 -491 184 -736 -662 313 -227 247 -79 -344 1716 -463 -646 -326 -320 -356 755 -83 -369 94 28 679 128] 5415.64
[50 748 423 -296 497 193 394 -653 -3 474 349 -402 -1065 -572 135 138 -465 -340 915 -531 116 -50 331 528 149 -683 -382 129 80 1402 393 762 850 327 77 -743 176 -490 -367 -144 -566 263 -281 -330 715 -118 -285 -490 -141 315 790 -114 -777 19 -289 216 -603 -112 609 460 -664 -378 479 254 -74 66 -685 71 625 -127 -151 -156 107 -204 139 249 588 299 -133 -568 8 1273 -155 494 270 -188 -511 -414 -52 -33 -450 210 686 91 -284 949 290 218 -4 74 -232 -89 -329 986 419 -1086 852 -67 573 -526 912 700 -906 545 -59 -810 -180 -28 35 777 217] 5405.68
[380 -28 -938 436 107 504 604 -670 729 287 -616 -303 348 -407 -318 -433 154 -72 575 400 -179 -944 -346 440 94 -654 -27 -178 405 -775 -221 569 513 641 -68 4 -32 -378 1 213 -591 -50 -194 254 -809 176 -327 -220 -79 335 7 687 -305 -12 -363 389 1165 -84 96 -145 -266 -656 415 -626 -792 -261 -628 -1331 80 -575 558 -8 114 2 985 -508 354 324 243 -383 -449 1336 -30 179 -343 -1040 -975 295 408 153 -151 376 -135 72 -107 -44 720 111 -1235 -30 -269 182 -115 116 41 241 -457 -728 54 -220 -22 -410 -736 93 -657 -510 547 435 790 142 665] 5363.29
[610 -354 193 418 -456 -390 -700 144 368 592 -655 281 442 -1129 607 491 666 407 -373 -505 -8 -258 -41 174 299 -466 851 -114 -930 -531 855 81 467 151 750 1230 -310 -198 -250 -137 385 -39 88 -365 -784 400 54 283 -315 -58 -69 -128 495 697 -159 -257 -124 351 -414 319 8 350 -83 -861 797 -275 -488 568 -1041 -365 851 1213 290 62 718 -495 -383 232 480 -514 -530 401 -222 35 518 -33 -659 294 234 491 43 -260 -719 314 903 436 -530 -270 -284 -471 532 -75 268 526 -825 122 -286 -585 191 317 -207 -310 -1398 -286 141 131 -410 -404 96 -566 -286] 5440.09
[1195 151 680 -272 302 592 -185 -81 1123 109 681 -773 474 -1101 222 -121 -783 -638 649 -407 -569 -144 -378 725 217 -357 91 -175 -424 318 -606 145 333 -204 -142 629 -98 165 887 6 630 197 -353 794 57 -97 410 621 70 -121 360 255 650 390 -988 418 -498 -410 -151 238 -476 270 64 -495 -491 -112 -287 -213 441 765 -176 -119 -48 -185 52 314 313 -457 342 593 -498 596 -1040 -358 698 -202 846 213 -623 -258 -449 35 1093 -200 -283 232 -495 644 -103 -48 -72 -192 305 414 148 -158 1108 93 500 -663 415 524 724 199 -12 -645 -66 168 597 70 282] 5295.27
[-504 -324 -242 286 175 87 724 -514 -597 137 342 -294 335 -717 742 -549 186 -377 -111 130 363 1018 -156 -1020 -565 -233 236 100 -501 224 -305 124 -583 224 -537 -781 -427 -602 -584 157 328 -183 779 -296 358 -233 -847 -22 222 345 765 -701 201 413 879 306 -559 479 -529 -15 445 -249 47 567 382 -148 28 -618 -107 146 301 -389 -582 -33 -340 -26 -187 242 -234 891 379 -339 -265 624 -207 794 -140 -150 -255 -314 515 -34 -172 -513 428 38 56 289 772 791 -255 -651 345 -615 162 -248 197 -1019 471 107 -93 -167 320 267 -346 660 110 -233 190 -14 -406] 4860.35
[125 -55 445 -148 -266 346 -991 -88 -924 747 366 372 -232 -478 626 -153 -162 -603 -162 985 383 81 485 190 -138 -370 55 -587 -338 823 404 445 -237 -180 37 -132 -403 433 796 353 125 -20 -450 272 83 754 43 143 -379 -656 182 125 410 846 -839 55 540 563 222 485 214 -275 372 422 -266 -57 -111 -471 -282 41 -205 -233 -124 125 -145 6 232 -664 760 191 62 -108 -177 351 199 309 -82 -259 -350 -355 27 132 -436 -272 536 -470 -445 -259 613 759 538 -4 885 -204 -77 -169 332 126 -861 282 720 -752 560 -402 386 404 128 -66 402 80 -552] 4654.02
[-405 497 454 -549 -585 -297 299 -655 814 42 -320 -33 382 -200 4 -192 374 -82 659 -909 59 -9 162 -291 185 931 -50 -332 -633 1108 791 480 -8 13 -23 -509 -122 -499 320 -83 671 252 151 82 818 395 -887 -685 428 259 43 87 1071 -21 -299 537 -212 593 892 -17 75 45 173 -86 247 940 60 807 -267 -275 -79 -655 -114 886 -18 689 -341 -284 45 292 206 8 322 -86 433 732 388 -765 -876 -141 -95 -1093 -578 32 343 -95 -358 -99 1876 111 -176 438 -305 283 247 109 97 512 446 -33 -187 781 442 965 21 497 97 531 341 -102 30] 5386.09
[-662 297 -113 548 224 132 634 342 127 -1162 174 -1238 571 185 -556 779 -481 -110 101 -259 -23 -261 -160 -176 -187 -622 -837 637 251 -59 104 -507 152 -1214 -220 229 -740 -254 -718 496 105 203 766 -222 -330 -7 70 -48 300 -862 -153 -146 -120 -992 577 -106 631 19 -477 -371 355 -164 307 222 413 -856 -900 -119 -366 344 -931 525 280 143 -132 860 -815 -394 -91 594 -348 -18 -105 -532 308 614 724 23 -41 280 -260 -215 788 345 -1359 686 522 158 -584 -245 -712 1304 -1266 -44 142 557 -401 -151 -4 338 -632 -44 504 104 -961 90 399 323 -524 -305 39] 5673.43
[83 -485 -664 218 -452 -77 802 798 64 251 -306 334 -451 -231 180 80 -264 -289 -577 297 -93 -522 712 -411 190 -748 285 854 -148 -435 -346 182 -450 -414 403 109 506 -558 89 -572 -647 -686 456 -182 -142 -224 -592 -28 174 -593 240 -73 279 -198 205 -461 518 561 -789 784 226 -344 577 -1090 496 973 -546 501 71 1 354 -694 564 -554 -298 83 -1262 -82 47 389 386 -231 659 -302 13 316 -532 527 768 -316 761 -471 -90 -43 63 -68 -259 -620 220 -62 -262 454 -488 250 -257 105 -856 -255 62 431 -289 277 284 -15 -688 -177 -209 -158 -314 197 1205] 5068.77
[201 -469 815 -116 -715 258 468 442 -105 329 -131 -888 -903 -500 -76 159 1153 -140 -1009 -208 -627 83 161 328 796 -538 196 527 -160 345 62 85 475 476 481 256 558 329 82 -738 -859 -209 28 -460 140 -592 78 -73 -628 -46 80 681 493 317 -244 9 -791 -406 -520 478 795 -486 -37 219 225 209 -435 695 276 -266 -47 529 257 415 795 289 -661 34 -228 -526 -91 622 -85 31 605 5 36 57 824 225 -702 122 379 -215 57 50 48 -424 877 -387 -329 -481 -264 534 -269 -893 691 676 -316 425 55 166 197 -834 356 374 -643 -890 -480 -571 100] 5164.24
[-34 -445 -554 -340 561 -134 72 -383 -98 -305 -37 299 -699 672 -835 -174 -1140 76 -482 -83 -13 -253 -44 1051 34 117 -458 -110 -135 -339 61 510 -3 383 685 530 -526 206 -68 -564 -370 -64 -700 -525 -595 -449 580 -317 -41 -22 -353 416 972 -25 -419 842 265 -443 83 240 57 872 -531 -53 -91 795 -457 -327 -158 -665 -14 -265 -496 -52 50 -78 -53 185 -58 -498 60 345 -159 295 -886 -172 -537 -270 -525 328 -108 142 -868 127 -330 -77 679 -65 310 -257 -1446 491 -487 -10 44 54 -345 -195 -453 -376 390 368 138 121 160 -820 271 121 280 284 -52] 4794.48
[638 119 -284 -48 534 -674 -14 673 418 24 -278 -452 311 -171 -637 -395 24 618 175 -229 164 761 -237 166 -26 1082 107 -51 -252 -289 468 -117 -1287 508 44 106 671 -79 103 -869 -310 -329 83 -652 937 87 44 -41 870 -41 -84 -131 502 -180 509 -400 -910 63 477 314 -126 -579 -99 -842 -697 843 971 757 -226 547 423 -414 -20 363 -53 113 -745 431 186 391 -64 195 -173 -295 -273 28 -627 1688 444 76 500 106 -527 38 821 217 -458 348 12 -202 -505 -687 -252 -265 -104 82 -195 269 -39 -299 436 401 -431 -230 -279 -997 579 -586 183 -58 -186] 5219.65
[-419 -87 216 145 -683 -643 -96 806 258 355 349 422 523 -769 -123 -683 330 -618 106 300 406 660 333 -376 -416 -84 418 573 -578 864 144 204 521 -126 892 339 -51 153 1 380 159 -576 -897 327 -200 626 620 287 612 -399 268 -674 566 453 -344 246 -427 69 -682 134 -16 393 -816 222 -816 272 -395 7 656 -383 107 463 -610 204 -28 -399 91 -915 182 -32 419 218 -324 340 167 61 197 -770 215 -401 -616 -632 386 -101 47 1139 611 124 678 79 559 664 467 728 318 -341 720 220 451 -286 -451 -240 -68 -489 322 86 34 -304 -237 718 317] 5024.94
[497 -385 -713 9 -358 180 691 257 522 257 412 46 145 -459 284 61 -85 460 17 -166 -214 -144 206 -137 755 830 438 -234 296 143 -223 768 -91 846 317 934 214 -217 1 -374 -105 -257 318 107 -450 517 280 -314 869 -36 1121 1239 100 -58 -163 647 662 -217 -79 -173 47 488 -686 140 -544 235 -1168 -828 -402 33 134 75 779 -548 582 -80 -510 -144 -92 -166 267 -1122 -631 -568 -8 166 -126 267 123 143 -254 -505 -221 -214 832 -483 -364 170 318 -255 120 -555 -539 -905 -809 -4 1256 -355 -399 918 706 348 205 -738 -613 574 -130 -93 -253 168 317] 5294.64
[-119 -794 643 -290 451 632 701 -569 213 541 186 -15 231 -498 361 -377 229 -448 -438 477 -122 -68 358 -672 -57 -600 -174 1 -90 -1808 -474 383 -682 -69 -548 -209 -604 471 -266 -839 -188 -364 -47 734 -367 316 -772 -721 320 -270 -627 -568 -162 -11 561 -302 -444 -617 399 855 -157 -514 98 525 364 -285 -408 -471 372 -136 -38 -294 306 247 180 240 629 -241 926 -303 646 226 -40 788 79 660 282 -293 -181 -395 -40 -28 -691 62 362 -487 715 133 670 -340 -68 83 -62 -394 -255 515 426 377 686 -376 597 -134 172 -183 -441 34 389 -318 335 -138 472] 5042.12
[-130 228 23 278 -24 -334 -22 501 -145 239 -1052 -142 -733 367 -40 -241 293 -242 120 77 640 -204 650 99 -154 268 368 -264 517 241 856 124 327 429 440 321 -876 -470 -230 401 220 -306 -237 -268 546 -66 1369 -157 -647 -188 -493 -518 -276 32 -890 -480 -311 -620 -663 517 588 -32 -167 -454 -582 -388 521 130 84 235 -111 63 -217 -449 778 97 -460 956 -850 128 704 79 143 -453 -251 -339 -806 1065 131 3 -148 -304 364 -232 567 -334 429 -452 -927 543 439 589 -173 -291 83 -747 -535 51 -671 -532 -56 1398 502 -539 625 -342 44 -1043 26 444 433] 5315.52
[-874 30 -265 258 -190 841 -32 -828 -311 208 155 -75 46 109 -52 508 513 -298 -411 378 -222 -974 -71 786 -327 -954 -403 657 -143 -214 -385 629 -162 704 574 -213 -841 -235 -528 -618 -51 -268 -410 44 -781 1232 -320 -64 20 -270 -262 133 -38 -402 -278 -379 -1319 -993 -402 -478 910 -688 -152 715 -347 560 624 411 272 -847 745 -69 254 -40 748 318 140 799 665 128 496 -663 18 296 455 582 -518 320 -471 -335 837 -495 -97 -92 -597 -649 373 -731 -615 74 -946 329 -363 -645 638 -403 -446 -869 298 310 -689 -195 66 589 -363 506 -260 -174 481 128 -67] 5607.69
[159 1111 -403 123 -111 -396 310 -6 -385 396 146 359 -263 -96 -557 -320 -131 -423 857 290 -84 305 -89 265 340 -110 547 568 29 583 -361 443 85 -114 667 324 -147 -251 166 328 223 -664 -509 117 -114 596 1072 -175 496 65 53 -721 355 430 -185 -340 352 -66 -339 271 429 190 218 -200 -1265 252 1091 123 669 4 16 662 346 -434 308 -354 -252 -402 -187 -152 43 368 -928 -183 -466 -585 -378 -718 191 -110 -12 -16 145 -204 177 179 -178 79 -304 -477 175 468 -93 -31 58 -346 -92 -337 -684 146 765 142 -478 473 -42 -1286 207 162 267 610 740] 4725.84
[206 147 -309 207 -113 -141 43 -162 482 -904 -307 808 -149 -163 -76 149 710 395 592 186 414 87 -514 -1009 -281 1344 -24 30 118 -457 -542 34 423 -214 -19 510 284 1115 -159 -400 -150 39 54 339 -297 244 62 363 567 -317 496 -107 -712 -439 975 -619 243 -552 -321 1027 -129 1016 295 -1043 667 -66 499 -685 -273 217 413 185 198 -448 -1 589 248 -797 -142 -521 291 -631 -59 -1250 1323 -386 -497 -328 836 -288 195 -495 72 -820 188 80 -5 500 37 -537 412 68 -170 -386 -718 -49 -224 -69 551 -712 -161 283 -479 -731 22 -62 -331 -690 -775 280 -71] 5431.43
[-6 590 -400 -450 -250 126 871 390 312 458 522 -293 75 217 494 620 307 66 -172 363 25 -307 741 -888 -220 -257 -354 -340 480 85 -511 432 -397 200 -342 -1220 425 -137 88 -386 -571 258 -236 535 84 -499 -22 7 89 -864 -260 -1045 -298 401 939 -356 -246 -17 870 -30 -91 -52 232 -243 359 -202 247 -431 267 491 -588 -121 -200 -702 -96 482 42 -581 651 1019 -295 455 -545 -101 60 -374 -26 -580 344 -109 -701 281 1357 -493 -824 225 214 202 210 909 -413 -651 859 209 404 363 -469 198 670 498 -150 -252 -281 -144 -181 23 -109 125 -236 -101 192] 5023.85
[-99 -773 -432 261 165 -101 383 -430 -60 58 70 -229 -525 -241 -194 -195 -446 605 221 -157 -3 -631 544 206 712 -16 -179 136 232 647 429 745 858 1001 307 173 498 -985 -277 -307 95 -541 -505 200 -1211 -408 -465 138 -359 344 1071 677 -88 -136 -528 1031 -549 -1039 -213 -23 20 589 -11 583 -457 -39 -1463 -844 -235 621 353 106 -1188 -408 97 -130 1170 856 -415 -8 79 -56 -257 848 -378 -282 -455 186 -610 83 -488 697 695 466 -28 698 608 -353 -804 111 -122 513 -326 213 254 -101 556 96 -706 27 53 170 -567 103 3 -198 377 -52 579 692 211] 5554.2
[-274 -440 -708 -516 -269 -500 -1192 -1072 -404 -19 -313 279 81 176 450 -246 -857 254 -23 206 -677 293 -522 -6 -765 572 -423 550 -1385 696 -64 188 -368 881 -150 -703 895 -630 195 -547 131 341 24 -269 -555 -303 -738 912 -294 685 365 182 -161 -245 268 487 431 62 193 243 -415 -150 430 -295 299 634 -78 -467 -132 -627 5 -314 -1197 -809 -612 -520 -210 18 -333 -19 -193 395 628 -81 145 233 -920 196 -354 41 325 502 268 -184 -164 -76 343 -93 -227 457 -189 0 534 285 144 2 -213 -589 686 -1166 -355 -150 -734 -407 1230 -338 -108 716 184 499 -114] 5431.46
[-407 225 -599 359 562 -616 -352 498 146 702 -242 185 115 -528 77 -115 663 -479 635 163 611 73 -80 435 -708 -149 -220 375 -148 744 -104 87 860 -231 474 -334 -388 348 -505 573 116 -623 -642 -407 469 -117 299 379 633 145 -111 -231 -150 288 -663 453 516 440 -925 307 93 569 -289 49 202 741 222 549 -153 -654 965 -610 -329 -339 424 -312 -474 390 -518 -144 -643 382 39 -36 -239 847 46 -124 323 474 167 -623 -235 -1059 197 91 768 0 -467 644 120 205 225 -43 -605 -218 -275 -217 -443 -641 -407 701 -106 146 495 310 485 -275 -147 828 437] 4905.45
[-286 892 -863 337 -1052 433 277 -320 651 214 124 806 -393 133 -1 555 171 -172 -395 374 -1155 -298 130 484 -269 -55 -276 838 -312 605 163 -460 -6 190 -352 -427 795 436 98 -319 -222 238 -133 236 243 37 -1030 -50 -450 214 115 516 187 -554 21 216 -966 32 -336 196 -154 -118 146 513 -67 845 16 738 -358 -206 124 -390 1041 -306 -672 582 -308 -422 208 -374 190 67 18 159 -515 -566 65 905 -1156 272 211 -352 304 -1162 -227 -113 -126 120 -89 371 -770 125 -357 -156 956 -992 -1085 -489 895 164 -161 351 -53 1164 844 24 -202 702 617 1001 338] 5588.02
[-198 6 -1062 -1403 843 358 414 309 500 61 410 -63 -456 1127 -345 -571 -528 433 -623 367 -567 476 -262 895 -25 952 -728 414 451 -222 -38 -500 -1110 1 -154 -796 432 -87 369 -487 -284 337 -143 -185 138 -386 -528 172 24 212 -349 265 -332 486 -198 -355 58 481 172 50 101 660 83 -172 -16 609 590 106 -545 -279 442 -353 550 -747 -209 546 -606 -357 -365 -260 713 -324 -587 -1213 -1187 -320 -68 456 -159 936 9 311 -180 -724 -698 -507 91 611 -822 -91 -367 -219 -629 -437 270 -16 74 279 -460 -374 135 135 -488 -570 736 -96 1016 -348 162 155 953] 5583.03
[-341 433 -214 616 -216 145 -573 -195 -726 313 -469 -304 -21 -482 132 110 -714 -75 -109 756 42 191 646 -49 131 566 936 -305 168 1170 585 482 1340 828 -276 214 -34 -501 70 -259 324 -22 735 -500 628 -306 -545 693 386 958 -206 342 -15 -103 410 555 -680 209 748 -451 -188 -1406 638 19 -806 -26 -175 800 335 -396 -876 186 152 560 -44 215 -49 1094 -91 -173 300 -31 841 549 -239 241 -214 979 111 -720 486 397 -240 -305 480 418 -566 -285 -347 21 -64 418 -206 -458 276 -1162 572 31 -340 775 906 -152 11 30 -700 -212 192 -141 -465 -375 -1049] 5632.02
[211 695 246 313 -266 -22 -256 354 -571 -384 803 602 -1 632 472 139 43 -761 112 93 758 -358 -382 92 101 -353 -478 -866 -1057 -382 -564 310 -422 -486 -249 -225 299 354 459 417 957 684 230 -28 371 49 -1152 479 308 1000 -677 -578 -775 211 489 -755 -288 -60 467 165 -891 402 105 -7 31 -105 851 83 -160 -161 9 422 150 901 208 659 207 -149 94 444 309 -626 -474 156 661 902 143 7 -373 -711 212 -616 -427 1132 678 -741 -226 171 691 -458 -263 604 -29 623 -374 271 -508 82 573 109 -681 -679 114 811 -109 231 52 209 221 484 -104] 5360.49
[-684 61 -752 -72 -149 -117 383 114 -231 216 -245 -340 -114 -301 622 -339 -371 -713 81 -1028 -46 -992 -537 817 -467 -624 449 -390 840 483 189 685 -280 658 1432 -259 751 -310 10 229 104 -98 550 770 -38 179 -192 -379 -337 -328 479 238 87 11 159 487 208 329 278 -571 110 -143 671 418 -1823 341 351 413 918 -101 537 -463 220 251 -231 -186 -290 773 35 369 394 -158 219 -9 -1029 235 770 -254 -63 -290 298 748 512 717 -470 471 -405 52 -531 -21 -196 103 -591 320 138 626 -84 172 -33 1071 -306 -37 563 463 -498 -771 592 699 456 562 198] 5487.75
[-90 -305 -401 331 -1065 -250 341 128 -494 -461 -236 568 19 335 -243 189 -150 533 212 155 -57 762 664 -1022 -311 142 -376 -727 -461 1029 648 -79 418 806 547 -254 685 -381 -677 457 -118 -208 -150 640 -600 407 671 -34 -60 -421 160 -86 290 -139 28 342 -122 -298 -255 224 765 827 -804 416 328 -505 -1552 -965 -63 132 248 1239 -688 -1068 -185 -439 580 -478 206 189 522 -495 -240 453 -1101 -503 415 -502 -37 318 -605 592 -115 -533 474 691 306 246 167 276 -270 107 -282 336 470 -398 -67 74 720 286 -448 171 -391 23 430 -355 -471 901 -214 944 -38] 5552.86
[6 589 -274 498 428 -532 -906 -530 453 -613 -342 -1135 -319 -528 -88 600 -302 -474 -38 -49 656 -463 379 208 -350 157 575 919 -203 1305 405 -358 -588 646 147 -347 567 -125 -330 -198 -242 -460 308 -787 784 510 -341 36 338 -11 -80 -291 416 326 130 -245 -620 61 266 -693 104 -179 963 -648 -157 682 239 839 -296 -17 52 32 -71 718 -734 639 -582 -96 45 -18 -64 311 836 -212 -143 476 -813 3 818 -70 -288 -51 -860 -448 -504 114 178 565 -256 38 -1018 606 583 -81 -253 -787 266 328 625 451 375 284 -107 -230 123 -519 799 -499 452 -559 232] 5317.16
[-7 -167 817 -47 -891 264 1034 1137 -581 598 307 57 568 -254 243 -90 523 -107 396 90 -86 -426 769 -1218 -199 -547 -155 93 369 245 -615 -32 464 -97 -50 -431 49 -579 40 607 -236 84 36 -287 677 -267 -598 -184 462 -185 195 -957 -623 51 483 -322 -412 -506 141 561 -350 -330 770 -253 -392 -264 273 -285 -32 169 -619 150 -80 -372 -8 -95 816 -430 1 1062 564 -327 738 312 918 408 -339 165 440 -598 441 400 1127 442 299 508 703 -383 -226 1271 -279 -154 134 458 352 -578 -1187 -320 798 -193 -103 -837 -164 461 -119 322 95 147 -120 -175 -495] 5399.06
[58 105 -165 -637 442 -430 -298 223 194 -6 -200 -470 457 -217 -226 579 -492 -60 -61 -321 317 -8 60 696 -552 -778 -498 -47 -156 348 899 684 -1083 -88 -193 -472 -20 -718 389 -297 230 -22 -582 -581 52 -262 -4 -208 -429 297 446 536 -332 -264 -764 -230 683 656 449 21 -674 -850 -1069 -777 185 603 -811 -624 -268 -692 -116 -909 -393 -291 -378 457 -504 49 -486 -270 -186 -189 337 -562 155 -807 211 1074 2 858 -26 185 -89 120 199 251 -199 47 633 -126 -186 176 -718 382 664 347 97 -6 220 220 53 171 -1078 -600 -130 -93 -186 -422 222 93 -612] 5040.41
[-1072 -510 13 391 83 391 167 -705 -850 -267 -215 174 -779 60 82 -184 292 -131 -598 -219 519 -376 103 483 528 53 -164 142 119 -76 145 -178 -191 -195 142 674 797 -341 855 190 508 -75 -70 -907 -982 611 23 -873 50 171 425 400 345 480 -769 16 1140 106 355 -78 159 267 280 385 -178 714 -311 366 318 224 -343 133 456 2 804 -945 -483 -15 366 445 -315 27 914 82 -586 774 -467 -496 272 -76 -123 -41 -918 243 338 -612 -77 -923 -326 380 288 233 617 378 259 278 -695 94 -931 270 754 -601 -241 -304 105 -50 216 728 13 324 353] 5111.14
[-919 -95 -326 -134 74 666 -260 -506 -74 -587 239 -90 76 287 -129 -216 -72 -561 502 -355 420 419 -969 828 -223 239 4 183 -67 218 232 -187 -124 -423 293 -24 192 77 496 104 833 615 -532 202 -570 699 -312 -557 -120 700 416 711 -574 -189 -517 3 1012 -508 175 606 -454 433 -356 329 -695 -458 -14 -386 -533 -161 -178 94 -425 -448 -26 -748 536 -601 12 121 -528 572 -489 328 394 -131 71 -362 -493 399 97 130 478 -51 -254 -162 391 76 560 -105 -543 -22 372 535 1042 -359 -11 -55 308 -499 -330 -241 -165 -322 701 -209 -468 -258 -279 82 -252] 4629.76
[346 -479 -466 30 -205 380 -355 568 -277 -424 -752 -223 -936 627 349 -56 765 665 -6 714 -15 889 304 -671 753 520 -975 444 -297 170 547 16 472 698 -328 -315 800 564 153 -17 -619 -211 -29 -310 -756 245 216 34 -420 -518 -332 956 65 7 191 -494 64 -257 -613 535 6 808 -385 384 1706 374 -379 -367 -358 343 507 -730 -335 23 -56 -549 298 -499 -394 -1434 149 -713 -9 -408 275 -960 -939 900 266 42 -561 -413 -672 -883 777 -459 22 -666 485 477 -55 -711 221 -972 -418 -9 21 -327 -725 79 515 640 -477 -655 853 88 -647 -119 -674 -794 294] 5957.49
[-324 678 -509 -716 -421 276 -662 -162 -290 -426 81 197 -1092 335 946 -462 -156 -247 286 253 -54 -484 -753 352 -933 -415 -792 206 -318 -102 140 -218 -43 -310 592 -1142 468 111 -172 994 -303 681 220 911 300 -192 304 -53 -1030 -56 -277 220 -89 4 844 -129 462 774 7 594 -867 -434 -242 -798 -487 -45 955 -168 -408 -372 -5 -446 -922 592 -694 219 332 -170 -21 -601 90 166 -325 -33 167 -490 -84 -842 -383 233 14 100 -298 506 -165 -257 446 1354 -520 558 -990 -470 -15 958 -480 -612 -592 -410 -119 -300 -92 -302 22 364 420 -555 447 1377 557 367 -15] 5667.6
[-417 221 486 -6 -35 451 -162 291 -430 397 402 1079 63 1376 549 -57 504 523 -1007 495 20 -441 -228 85 -42 -352 -229 -458 -631 -235 -373 -156 -137 448 -256 -566 231 -231 453 457 -209 332 -357 -41 240 -331 -69 927 175 -304 -972 -110 -269 330 538 -557 401 316 181 295 83 149 71 335 -4 537 220 210 -10 -821 -108 352 -209 719 579 213 93 76 -104 39 398 -15 -443 -469 -256 77 487 -200 -156 -268 -404 -163 -230 467 66 -465 -338 -515 -460 -87 0 392 121 -285 -227 167 -127 115 75 -352 -671 181 -163 959 153 353 -181 879 249 -542 83] 4495.53
[-30 418 210 124 962 173 -1111 -273 -784 159 413 373 588 243 -28 -520 -974 -396 161 225 -42 305 -316 -203 195 181 127 29 446 -544 -357 830 -1445 293 -731 -121 -32 542 650 -266 -217 -39 -965 730 861 -99 189 167 -488 -403 -98 -647 112 -198 127 -791 -92 -20 -181 -481 -207 -873 1212 -523 -444 -570 1205 -659 239 503 -559 -302 1606 -373 -33 -691 -196 -451 526 61 219 568 -667 -231 255 -59 252 793 1217 -232 942 1277 422 113 313 11 195 89 -695 -278 378 -702 -158 -928 323 183 -44 -370 89 -327 -352 -4 -671 -785 -55 -767 -544 -1133 142 122 206] 5991.18
[-296 540 -510 868 70 -235 1261 1579 -154 499 -451 -501 -616 -282 17 141 317 -289 -310 -145 482 -914 506 -472 -278 -910 509 108 793 -248 10 176 82 307 -466 275 -427 -94 -623 434 -375 187 182 -87 131 353 237 -64 432 -154 -432 -435 -977 -494 335 556 -607 -1118 -294 -636 -824 340 -827 710 -266 315 -165 -152 -696 633 -152 -233 94 -18 187 383 438 -332 176 -34 -173 -114 -532 -536 -712 -456 248 381 918 -623 -97 445 -352 -720 -178 522 -308 335 -704 212 -284 670 62 -360 -321 567 431 -562 -576 691 281 344 -183 215 -729 -241 979 800 -255 569 76] 5477.08
[-125 410 187 231 -836 141 233 -49 -25 -517 76 -339 -360 294 729 103 -12 361 67 1069 200 546 871 -652 229 882 -939 846 -182 -198 -890 -359 -314 -88 -384 -257 1333 847 841 217 -404 -105 -308 198 -83 -824 267 -155 -4 70 732 174 480 -55 221 155 236 412 -441 -463 400 391 -111 556 350 929 -353 829 261 157 125 -354 -461 622 -66 502 -595 -59 -454 152 -101 -668 31 -49 109 -229 321 -1341 -211 74 -655 -265 -77 -661 579 -229 210 -550 670 368 330 -154 54 -79 18 -543 -98 -196 1243 853 -419 -500 -15 272 1476 -152 -983 1206 247 1224 884] 5800.78
[-331 4 -728 283 -98 514 -25 -610 695 -236 -502 -32 -860 472 -1327 -128 125 352 -923 747 415 -271 537 160 -961 65 -669 551 783 -132 705 -134 -551 -87 248 -76 -93 -174 113 307 -741 -119 -570 -741 410 -268 576 -28 -445 -260 259 530 695 -361 -658 220 367 -216 209 119 -254 -236 626 -245 -234 444 -540 264 -563 246 -598 -107 531 296 270 183 -576 -141 -7 -66 85 -262 436 -629 -394 -590 145 1478 544 -613 468 -326 477 -233 223 -312 259 508 312 779 226 501 -830 -868 1249 -952 386 498 -156 -1201 111 568 255 -393 213 -152 -241 -681 225 707 222] 5542.67
[-690 -51 -1086 934 -265 -124 772 -150 -81 -243 -947 -959 -122 -284 450 -295 -726 -871 -94 350 20 531 150 -336 -650 -878 -325 3 431 -58 -260 1204 -259 430 560 -287 -574 -253 -128 129 215 -1033 1210 57 -119 -174 -269 -335 -147 -1138 359 195 -446 98 95 139 -167 -712 -714 75 -93 -822 457 96 -826 -632 203 10 -30 -90 302 -127 206 -361 -195 138 -467 1371 -134 332 644 -544 -490 283 -441 979 89 -104 57 -387 5 -629 -135 166 -237 219 232 -496 47 -107 -565 -868 -896 -420 417 -336 1150 -650 -447 768 -400 1003 389 238 -375 59 144 186 -827 114 87] 5653.32
[-458 -42 177 812 392 61 411 -775 -333 -52 414 -501 -447 329 635 555 -38 621 -1339 -252 -306 97 595 593 -262 -358 -357 166 -298 -252 -671 -993 -218 -703 24 -320 403 399 233 -124 19 762 -352 -433 174 -256 -465 -611 -445 -416 448 -769 -634 -274 -217 -296 -265 -4 700 180 -405 -467 682 335 642 -472 -73 401 -135 546 -976 -210 1094 -717 -596 194 -945 456 242 210 -85 -209 259 -330 276 -96 153 203 472 191 -282 345 1069 922 -682 449 -712 94 -248 581 854 153 412 86 951 -18 -168 235 405 -627 95 2 -531 -221 47 -30 103 160 -179 -748 519] 5278.6
[-284 -46 -371 295 -141 108 -215 -500 -73 -56 -774 -1 -881 -745 -559 -49 180 -406 -284 -657 -699 -789 -611 106 -576 -684 1012 -280 -35 981 241 1204 -442 504 262 485 -586 -299 -311 202 -163 60 -160 -156 -366 679 -1012 -659 230 300 174 463 -787 -359 -574 -352 276 -508 56 324 -52 -261 599 -546 -621 214 79 -502 -523 -369 -937 341 846 -160 -94 -121 -153 -832 -109 -1286 335 73 -54 452 722 -671 -58 351 523 -178 856 -50 -435 1075 601 145 -287 -400 -24 -664 -335 -223 -654 -434 -269 -294 -711 37 -307 181 -33 -41 -746 -367 -215 41 -220 -312 -67 -98 -624] 5353.47
[482 111 -48 -22 43 -47 -442 304 1018 645 -268 -258 -523 14 -1004 622 40 290 1400 -468 423 -315 444 -429 -14 -237 65 -22 617 -11 496 388 1038 -532 -558 224 -230 251 -913 -137 371 -890 655 -631 -542 155 469 120 175 479 314 380 -389 -720 -36 254 -96 45 -378 34 -309 121 -754 -172 108 80 -486 -65 -863 544 432 -413 -141 -326 417 -266 467 366 177 -330 -999 850 199 86 68 -376 -242 358 40 -193 -18 -83 -652 -650 464 -592 371 -392 -237 336 207 -698 -443 203 -467 -517 1 -3 -682 -748 -55 614 153 581 1 225 101 -699 -726 217 -3] 5034.3
[-317 788 -48 -202 -498 -418 -285 -1148 515 492 79 -61 -167 -79 237 396 -927 640 -200 -470 -82 -45 258 57 -178 14 -112 -1268 -714 117 28 277 216 -48 -620 111 354 512 -44 -650 318 239 -882 -991 -335 -266 305 78 216 320 717 -274 705 -13 -488 410 -416 1007 805 -512 -159 -969 -114 -238 527 541 16 305 -52 -550 -1201 -400 992 74 577 -197 -1189 111 348 178 -460 75 -276 -290 -592 -326 444 -12 158 -642 -497 -552 -22 1166 149 -256 -495 683 1039 756 503 -523 -176 1067 -14 -136 1579 305 -297 -462 -90 -668 -352 -44 -30 603 -51 -555 105 -173 393] 5730.49
[-176 -905 -442 -487 176 646 558 -838 109 1487 277 814 177 257 -565 -1103 -537 259 -386 473 -258 -111 52 1206 -464 -802 -242 71 17 -422 -646 31 160 -174 257 -18 -10 -168 491 451 -350 -192 -967 305 -857 -970 -416 593 -111 965 -215 343 -227 -731 -947 587 942 -638 -635 355 -177 -26 273 207 -1620 617 87 -105 101 -301 74 -448 -321 -227 559 -1163 814 639 153 410 406 67 905 438 -642 -31 -201 735 -287 -410 958 278 17 -192 -130 -426 519 -558 -706 380 251 409 -997 -64 1212 -322 -509 139 161 -1267 -521 219 109 622 137 595 605 -166 280 792 661] 6216.29
[-731 725 -45 391 -1062 113 -924 -157 -698 -606 454 -413 37 -394 311 176 -645 -463 -554 161 146 -64 417 -484 -346 793 -706 -105 -449 207 -484 -277 413 -44 -644 308 -385 118 1323 345 566 -256 304 -719 746 -1037 157 -116 -1055 -197 169 562 268 116 -230 -68 -1505 -38 620 -743 524 -565 -736 -336 841 -395 -174 521 433 464 -380 114 -177 -24 513 -39 -80 764 -252 833 -574 664 -280 756 240 -284 -28 887 1045 24 26 622 45 -710 385 -28 -289 -454 -163 94 -89 454 386 433 1240 -498 387 -340 -185 154 -334 73 181 378 489 -222 -410 -933 -115 377 -16] 5660.31
[544 -56 -61 -170 497 -675 -430 -112 42 44 -409 -390 585 737 -50 -129 -391 1005 1141 341 18 1116 -139 239 253 1383 -512 353 -289 466 409 -1 13 373 -329 -372 448 31 -273 -558 387 -283 -234 -440 696 -466 172 108 500 1108 38 -723 55 -9 253 837 -112 154 254 -443 226 9 -305 -401 -372 911 774 129 -43 -257 509 -545 -999 639 606 520 378 1345 -990 -167 90 -337 -232 -947 122 -184 -356 -858 -567 -353 -662 268 -554 -663 94 -227 419 -303 468 94 695 -344 -340 -592 148 329 119 -322 -133 41 232 186 -733 -531 56 -112 187 -767 -295 -45 -698] 5447.19
[475 90 630 315 38 183 76 -529 515 -762 -94 -43 21 322 -495 65 272 210 251 -62 -185 -245 -212 375 -865 -13 -345 -33 114 -725 -355 300 -315 -160 -125 -375 -202 176 -1027 286 -236 132 -830 -60 -163 162 837 -59 -329 -143 -90 -1024 -414 134 -206 11 306 -787 -71 7 -346 703 -213 4 -196 -678 678 -1075 -373 -106 -199 9 -894 250 17 212 1014 -187 108 -231 348 198 -836 18 -437 -508 -404 -485 -87 -267 -824 216 -403 749 -418 33 297 1176 -130 92 -48 150 -497 -622 1 64 308 -457 618 470 -33 267 -582 360 -125 118 403 -266 168 -67 316] 4680.38
[-80 -743 89 516 -396 -15 -52 -425 -143 130 -255 -147 176 179 365 -354 355 237 -1346 244 323 548 385 101 82 772 -788 367 -803 -172 217 103 -423 -11 -12 131 339 287 670 225 -775 -234 -440 -66 -853 -890 -746 262 -157 -781 -126 -54 752 470 -233 -516 126 302 -783 617 125 476 115 63 1020 434 19 -72 -274 -462 474 166 -1304 -74 519 123 -383 1018 591 223 -213 -182 -136 947 -35 281 -183 27 59 149 34 211 -316 35 244 148 -1237 -836 -168 352 758 924 713 211 766 769 137 -162 -788 -4 64 -9 -390 -424 -57 635 300 -415 -195 -418 347] 5252.75
[-376 -102 -442 590 -330 -780 -88 197 -353 162 -435 357 -180 605 -135 -123 387 -496 -658 -279 7 -209 -618 -711 -168 -420 -213 769 -327 -48 599 -464 445 -36 -135 -106 103 -1 -56 556 -163 -334 -53 423 -543 -977 243 383 -623 79 -672 -64 -204 -399 529 443 -49 126 -900 74 360 349 77 -510 950 1024 427 -430 -229 -648 757 686 -425 -99 147 105 -64 436 -638 -706 -630 -422 -131 -127 -52 -844 84 182 448 -218 797 -222 -479 -348 180 -303 -141 -231 -112 -431 581 1332 -398 -324 -293 161 -1088 -405 -600 -385 -273 496 -160 -253 414 177 -881 418 -412 65 -288] 5028.8
[-719 -492 -433 142 484 -144 851 -678 -107 -16 -1110 -538 -482 -301 101 -949 216 -225 -322 -448 -228 873 -533 -224 -175 88 207 -191 355 168 153 176 -343 -93 767 -45 -697 -328 25 -426 -408 32 76 -42 -333 420 432 -495 759 -882 -108 -90 452 462 -57 634 -615 -49 16 288 140 -110 28 83 -60 510 540 -447 493 -503 84 -11 -147 281 -99 -80 29 555 -158 405 465 -19 413 39 -129 506 -146 -538 600 -34 -451 -705 500 -71 -97 354 -500 345 1189 -650 -729 -176 70 -396 873 -579 1325 85 -302 -893 239 158 492 -668 -156 271 321 -571 -520 -59 61] 4968.34
[-91 -180 -509 83 161 -32 463 -1390 -396 287 517 92 -1026 -14 64 311 -1130 -637 -40 106 162 270 62 361 -65 -354 25 93 -232 -228 -244 772 -350 507 -563 -332 -846 -853 20 -179 651 -232 -58 -812 95 -12 -327 -80 30 413 -112 1018 -29 5 -820 684 102 -502 803 -160 300 -45 -512 673 -74 627 -359 -405 229 -854 -477 302 -214 -101 -5 355 -50 450 -55 -61 -886 171 219 450 -403 410 -585 -8 -667 222 939 -216 58 150 -24 -8 -226 -628 1100 444 -889 471 321 -244 468 -824 559 514 -246 291 332 -18 1178 498 45 573 356 -43 323 -14 -308] 5200.82
[92 41 273 -13 308 38 -137 1294 -311 544 -263 241 -370 -349 280 -543 461 -607 221 -224 111 -506 -115 -664 176 -1125 -238 280 443 -150 252 263 -345 -453 73 -1125 -363 -824 -640 913 -77 171 -93 1076 690 554 -257 -25 217 -134 -947 -601 -354 342 -305 445 167 -173 -63 485 -213 6 141 -696 63 -8 200 -305 -92 76 541 -251 -575 -477 -37 -198 1088 -753 273 -451 -260 414 108 -76 273 101 558 -795 235 -245 769 1053 -188 217 232 48 562 129 -308 312 45 561 464 377 -942 504 -890 344 -171 -620 -530 -892 459 -399 167 247 381 1066 600 37 100] 5276.43
[-267 -346 532 637 -35 -405 968 235 801 -515 6 -90 96 -101 -668 159 491 -263 679 -11 312 254 321 156 -688 491 140 301 5 85 205 343 546 477 -413 -64 293 -207 -826 -347 -1104 181 -440 25 356 -89 93 525 405 -20 -425 -144 749 -550 -135 -347 -572 -481 -797 -398 -332 -454 -705 647 -639 -1130 -770 -779 385 291 -658 609 128 714 147 -197 -990 33 101 -744 684 485 -939 -111 -399 681 -216 243 301 -261 -963 -243 367 39 77 1161 1043 696 -634 -816 -407 548 -600 583 -92 74 175 420 -304 -143 -891 1094 -7 16 -1069 170 373 -205 -627 -49 278] 5649.29
[579 -242 317 103 -259 209 813 135 10 285 867 441 -700 849 269 655 -138 24 233 73 -146 24 346 127 247 -915 -62 -644 -218 -308 208 -28 415 -242 39 495 -18 -367 330 189 243 995 -192 233 -186 -9 -24 375 -462 643 -368 -489 -1068 -276 -527 177 492 -308 -456 779 -277 332 206 -40 374 -1008 -585 -1026 -475 809 -73 1032 258 117 1024 195 37 -171 -384 -56 -159 94 -1143 -329 1369 -14 307 321 85 81 52 -213 149 458 511 -261 -221 -413 464 -229 451 231 -889 -101 -523 -481 -279 358 -168 -215 23 276 752 -433 -169 372 -830 -104 -329 -73 85] 5088.97
[-66 3 438 124 -145 -278 -1051 -300 -524 -240 -198 411 -206 -368 -25 -49 260 -78 -892 211 108 -75 202 846 8 821 658 -803 -461 -254 -346 1027 241 68 723 990 -331 897 -577 -530 -413 -812 -371 -594 -418 -150 598 -3 17 -321 96 -53 -148 703 -27 -402 -367 -90 188 -130 598 79 -480 559 37 -198 719 1196 315 -164 374 -66 291 386 430 -22 -82 813 225 -249 -67 45 -472 564 -676 442 11 125 -291 179 -470 -311 -33 479 169 467 -76 93 90 64 535 -105 403 -262 -900 495 573 155 -794 548 136 449 -380 -522 159 -223 378 -1048 -360 -133 29] 4955.81
[-158 735 339 32 -192 180 139 -220 -135 -162 -623 318 -313 -86 -249 -678 6 -2 -46 -390 -425 278 -825 -145 -34 398 55 528 -393 17 741 -681 -121 -366 -811 769 -428 -482 441 702 382 586 -40 -393 84 33 -366 440 250 378 -291 26 -1042 -564 -87 121 608 39 156 440 -752 -739 272 125 -428 392 489 353 -244 -125 -897 -307 -71 587 223 -139 168 482 -444 507 -510 298 -211 320 -130 -72 -70 1375 -828 624 212 625 -177 307 424 69 133 204 -795 582 518 732 -997 -78 -275 247 -142 40 -390 -20 440 248 -511 -24 -58 -23 1132 120 628 280 -11] 4916
[484 119 -801 388 -70 -480 37 -80 -81 -224 224 -146 -399 804 155 205 -57 368 -16 6 3 359 150 210 59 245 -532 97 -736 780 -261 581 -119 -471 -478 -333 532 215 -301 -239 -44 -470 401 -835 548 -514 -74 831 556 790 734 43 -1079 58 -26 166 411 662 205 -354 -358 -348 -69 -158 438 740 203 344 649 162 -367 -684 408 27 73 238 -186 361 -653 36 22 224 -183 -801 454 -516 318 31 143 71 -509 -826 44 266 -621 -433 -602 145 685 -241 -66 -82 -1234 76 213 668 -41 -119 372 510 425 405 -130 14 -333 72 196 -529 -671 830 183] 4759.75
[-384 -216 248 289 88 -253 -343 -163 -56 1016 -613 257 -167 -217 -467 363 -912 -14 -201 -693 519 845 544 -10 184 -223 549 448 64 687 370 6 744 -407 -565 1086 -787 -58 77 -331 267 -707 83 -747 -732 -71 346 164 815 8 16 564 17 300 -828 602 -40 295 -147 -684 -145 289 -1201 703 -48 386 -869 772 -639 -244 -737 490 226 -226 -151 -152 -753 103 -95 -530 -461 40 47 -203 -865 -177 123 641 -335 213 -341 -575 -891 145 472 92 -1055 -559 -67 -97 -129 582 -381 -447 -26 -913 386 -96 -1452 730 1326 734 56 357 274 -79 -144 216 -874 38 -474] 5659.52
[494 174 478 -857 233 1052 -114 -258 -457 -35 -350 -142 242 -998 -482 -125 129 -36 508 -521 -329 371 -832 -215 905 411 587 -60 104 198 139 339 -947 65 93 301 600 -122 -829 163 290 -216 -466 -138 -565 347 81 -282 593 357 698 493 123 -234 -10 385 711 -258 149 580 65 -33 204 -355 394 281 223 -937 -888 798 -380 -436 266 -254 124 -851 -598 -1329 -17 -475 -623 -168 -47 -294 391 84 -233 125 -789 444 487 411 9 -544 63 -183 394 531 762 266 -534 -675 -188 -866 -59 434 902 46 -141 259 1060 1035 -995 88 579 -578 -416 323 337 10 -835] 5458.74
[-370 -328 -21 -425 316 285 975 -62 465 176 -73 -41 -231 -1265 835 -195 543 -313 -766 -888 -1000 -235 -554 266 395 -410 1221 -985 389 13 -549 808 -264 374 -186 -546 -85 146 418 334 -927 475 646 508 -18 -1051 -883 -576 -195 194 375 -85 -1213 859 -45 -100 -724 308 -1015 -838 400 232 686 66 -184 126 -436 654 101 -666 -148 -118 1427 -539 297 360 -143 82 -461 -5 117 246 -185 619 -1015 -339 755 -847 642 85 523 335 -35 147 275 842 -454 -164 -496 -514 344 -794 -364 178 -1029 -406 85 192 34 119 -565 -266 -244 313 88 607 -341 281 102 -304 444] 5869.53
[734 217 337 14 -373 309 -20 -203 375 616 654 -731 89 -568 -235 -583 -134 774 444 637 166 323 -114 75 983 -271 316 356 250 -470 97 305 -550 -581 434 -449 323 -264 254 0 298 -453 -797 -358 528 -248 -425 532 876 705 584 -33 136 255 39 -428 224 185 -232 -31 -1172 -624 -583 -533 -922 659 -28 336 -383 1196 -398 214 -95 939 341 -62 337 -151 1196 482 -643 392 -415 -373 787 67 364 672 228 61 -848 696 -261 892 1017 675 -851 -583 319 -420 -698 -403 -570 -226 27 -349 115 256 642 -299 816 -205 -343 -327 -956 -430 -228 -201 -201 -278 138] 5545.88
[-275 -415 563 -60 169 -224 -465 210 -353 -79 -1521 -644 575 -165 -732 -177 454 -256 -148 204 -61 204 -263 -424 -250 384 63 404 -75 -267 251 -120 384 324 -97 458 -761 748 -830 -413 -124 -877 904 -113 116 -116 604 -519 -394 -159 -561 -11 401 -118 1050 704 -357 0 327 221 248 -392 408 196 828 -38 -171 1058 -551 -296 273 -870 -566 701 201 305 516 315 -652 -456 -31 1010 226 -95 -401 535 -545 -233 949 54 288 179 -164 -1154 -204 186 473 16 206 247 -407 -257 -45 -467 -141 -357 -29 -697 -53 -185 361 -45 -320 -82 458 -330 -232 -67 -159 -370 -530] 5041.4
[487 544 -643 362 -768 63 20 240 244 940 -934 228 287 -794 239 -414 -118 -146 701 -176 662 -1147 96 -145 404 -625 -115 1168 -195 104 -434 403 -775 814 354 -247 604 -216 -96 98 94 -295 -316 -742 888 1453 -852 -583 -685 0 -384 585 1196 509 -331 -371 -498 -781 105 -610 -521 706 31 -210 -489 555 -72 29 -805 -326 459 405 -413 837 -139 495 258 -191 -338 -87 253 335 -459 -387 -237 9 -474 18 -329 -319 -404 -92 -15 -450 -125 -59 -399 -765 -370 -466 -339 -382 -328 57 362 -90 7 -521 649 1223 511 -127 -225 460 -221 169 395 499 1204 346 129] 5623.49
[-647 150 852 523 -555 -994 224 -194 186 95 3 395 839 -438 87 -193 -635 -84 1149 426 246 468 355 -669 -424 458 165 479 95 -298 489 478 853 -3 -165 319 -243 7 -199 -246 381 -737 -17 -371 -527 482 1261 -693 654 -375 -343 -487 1409 30 -299 494 -669 -208 -584 152 -8 71 -256 160 -512 193 193 378 -217 181 654 389 308 1255 1265 -543 411 -65 250 -152 -459 332 -370 434 -599 667 -677 -757 -460 -392 -603 -903 -400 107 989 532 850 -260 643 342 104 -327 299 -419 -182 -403 377 -1093 408 -49 44 484 -277 109 -92 -85 -449 -474 -594 935 446] 5707.47
[150 -317 -224 461 -744 -381 383 -141 130 -1243 -319 -666 -254 74 -710 435 -510 -1294 -237 492 352 392 668 -735 119 -60 -124 -193 418 -217 380 -602 16 24 -137 915 257 314 572 -130 -269 -234 819 -311 207 -798 203 -439 -974 491 757 -96 -441 142 242 -535 -811 -857 -558 -124 -29 -721 -257 142 -143 -1258 -667 318 -250 652 478 680 -629 561 -1090 653 280 617 -40 -635 527 -658 60 255 780 -353 -1017 306 404 595 63 -16 27 972 1139 145 95 -247 164 -724 -344 116 -417 15 376 -974 -694 145 811 862 -687 -36 318 101 -95 213 -825 541 -219 216 -359] 5826.36
[-392 -157 -244 6 -114 -520 -376 721 652 -25 496 -831 634 24 492 237 -787 -928 6 25 23 -117 553 -233 8 71 470 -159 495 302 124 68 521 -496 -95 121 -446 -16 -235 3 385 335 252 -13 9 -291 -162 221 -322 -97 -139 -457 -249 259 -603 779 -726 -327 -414 -902 -771 -75 -39 439 -325 -1158 392 -388 -668 715 23 -96 -8 221 -528 358 303 453 -126 -489 -304 -632 -336 769 -646 81 -827 -197 -883 -353 -429 -507 33 631 14 436 66 201 -193 -146 -159 221 1028 -20 433 -352 1087 -441 -877 120 -214 385 220 706 -36 656 -153 -28 -88 -397 -634] 4931.06
[-419 715 130 463 399 -268 -794 331 -625 -592 627 500 -682 860 317 -296 -31 477 -617 37 5 69 -272 94 -590 152 -188 -154 381 38 432 287 -154 -509 113 -630 334 241 -405 886 62 531 -417 453 457 -678 -58 -117 -594 236 -120 -1040 -1099 -10 -3 -235 627 -38 307 118 -918 220 905 -589 475 -397 1204 -642 -740 168 -725 -258 820 -557 -579 392 69 -910 -119 -661 -366 -491 -487 -145 104 -761 688 -721 416 75 -177 207 -111 252 -804 359 423 634 721 -27 732 38 -594 -327 -366 519 373 180 83 158 -680 94 -1535 -1343 753 -160 -451 -19 -622 137 81] 5721.27
