5731.006107 2929.031326 1.029320039 64
[[446 926 816 394 74 -733 282 -3 -570 -313 -123 1049 -186 365 -312 -243 619 -250 98 699 -242 -148 -1230 -479 797 -222 1114 -170 -229 -808 -393 -208 140 -593 -254 -232 301 -538 494 504 153 -412 -58 -957 -236 217 346 -495 392 546 -605 -821 -712 -432 -496 -219 484 -450 682 161 -452 343 -135 -68 -593 -296 141 55 -167 442 -625 612 -457 836 -271 123 -701 -1 -504 893 499 -399 -44 447 -122 -341 353 402 1350 940 79 -510 -369 -814 408 -295 -602 163 -486 -113 897 -145 -795 150 180 11 -2 -1323 -63 669 651 -584 238 556 -191 719 327 -99 -932 -100 -291]
[-972 -305 371 385 448 86 -364 -562 -186 46 180 -568 962 -666 31 -600 -943 -516 -451 445 -233 508 254 555 255 328 -968 -614 -364 -321 679 -123 -64 1252 683 -620 -221 -739 -241 -324 -175 -496 279 902 -727 -200 45 633 121 50 23 524 188 -60 552 -352 -13 -443 -14 -496 422 641 -182 -85 409 427 -106 -115 64 145 474 592 -1414 728 470 -339 401 253 578 -718 -482 373 -85 280 1175 26 -363 -686 -624 -437 -356 -348 420 -282 -693 726 31 1066 793 -119 -48 588 705 -502 206 820 -570 795 233 -674 194 51 -449 -217 381 -216 -336 -637 408 -485 1376]
[-760 238 13 -25 -376 -418 424 292 -169 -135 -737 -189 -905 1370 -30 -639 7 301 186 -466 -366 749 515 36 -1890 -393 502 39 767 -499 -174 -220 351 -23 202 455 -730 381 636 266 263 271 292 211 477 261 -94 75 -572 1286 648 -607 -224 859 -829 151 98 473 -656 357 892 -23 -175 973 -30 138 43 906 583 -384 748 139 1438 -804 1021 418 -235 -339 620 394 -57 -55 235 323 -321 -103 -575 406 -55 210 -4 655 -44 916 417 -476 230 -1345 -443 -482 -461 -382 -1082 -54 -257 -130 278 230 236 -279 -479 480 178 807 -86 67 392 -223 -976 1026 -956]
[-153 -873 -1128 -587 -55 -116 -21 -257 468 744 129 711 -110 -975 -15 239 -210 380 -696 570 -113 1197 -571 -291 581 -23 -1183 -222 391 667 20 222 -531 428 282 -523 -283 109 -879 80 39 43 107 -1077 -725 -1224 175 280 705 -1250 -47 1094 -1020 101 739 609 -204 -525 -103 -228 -524 -689 425 247 268 295 -407 -546 -723 -33 -802 -517 193 257 163 -135 68 -147 595 -664 -310 -230 -646 -453 -520 50 122 -789 -72 -1063 41 -703 623 -267 197 559 1 50 215 843 185 1293 730 286 -12 -61 41 562 -142 606 26 419 -593 -405 -175 201 1354 -646 676 -425 485]
[-475 -134 -276 -298 -291 -419 510 -343 -151 732 102 -532 -730 869 145 -586 -304 941 -407 581 -653 854 405 -163 -736 32 -390 942 311 -483 -553 -276 736 679 -259 21 -339 -377 -208 345 744 395 485 907 -711 -132 318 117 530 -106 469 698 -232 -7 -466 759 -1132 745 -784 -679 -587 847 517 422 -662 -50 66 537 -290 830 205 -513 292 -132 141 -556 -843 -60 203 178 -1025 41 63 -187 -699 -509 -740 -873 -421 124 74 930 381 -207 198 -204 747 174 -424 205 700 -72 117 58 653 -698 444 182 24 -80 -979 852 54 48 -278 1325 979 -509 47 -509 271]
[64 -602 225 81 509 -631 -416 541 -133 678 -258 877 297 -1055 -336 72 1130 -134 -378 229 288 -832 -634 -465 699 519 602 -1110 283 921 513 3 -252 306 -648 -1289 -301 -748 -844 678 -144 -488 55 -1392 253 -541 44 -188 399 -272 -516 173 -869 -266 608 -657 -747 -620 993 -388 -302 73 -345 418 -759 -34 -225 -825 311 202 -622 802 -139 226 -919 394 198 -44 -255 43 952 -392 -725 449 795 -313 1044 1438 -23 -3 263 -142 -576 -558 102 -829 -35 295 701 778 965 1129 243 -52 -334 691 -527 -313 -777 587 635 -856 -821 186 443 381 428 -774 70 -198 10]
[913 -691 -19 -79 -76 10 -723 -198 1157 -520 155 -157 -516 -1065 169 1006 513 -406 1090 -1555 1039 105 155 -690 478 511 619 572 451 1592 -387 -312 141 -710 -1660 -357 470 939 -670 -1029 314 190 -520 257 722 759 -444 -267 217 -1251 -20 21 -46 -56 -137 -32 354 -264 305 149 -279 -160 -175 -651 -145 -1002 -66 -362 -42 60 -883 84 424 -724 -1381 1221 795 179 -587 -50 581 540 201 -329 -322 114 977 1166 466 183 -114 -230 -927 -494 263 -711 -366 -357 288 -368 -776 -170 914 122 -254 759 404 144 321 533 -485 -16 -221 -654 -67 -611 466 -60 -170 15 -622]
[-208 676 578 326 173 574 63 183 -474 938 -505 -468 -484 124 148 -852 -484 -308 -327 744 -157 727 -323 216 -807 -776 374 -1180 -65 -809 394 237 989 -187 1563 275 3 -28 795 860 -847 453 172 900 662 -526 -386 -279 -969 1479 499 -395 288 420 160 -438 279 -187 -392 -105 564 753 -378 -819 816 420 827 -776 -99 -293 1043 164 -248 -182 626 435 -47 -446 361 -43 149 -639 44 578 1197 -571 -141 511 -120 34 -612 -32 -329 127 -680 449 -1569 -913 -324 -171 344 -233 -1059 -327 162 -89 -187 -773 77 -219 487 -85 784 719 -110 104 -647 323 125 928 232]
[-465 99 -390 -22 -602 -90 135 532 -462 -725 -76 -168 -6 289 243 -277 -151 451 396 -95 557 342 -1071 52 324 -493 -883 -167 48 -327 459 207 -607 52 1019 287 -403 199 309 -202 -454 287 454 -1784 242 -1382 -536 -174 -35 564 -297 329 -84 1177 682 525 669 -606 269 886 107 -2208 637 542 646 114 2 -94 -1296 46 -879 -130 379 -235 1327 -813 -268 141 26 443 575 -815 -592 205 -680 158 -374 -428 393 536 -62 -765 -204 -136 1147 982 -154 478 610 -268 -591 -18 -534 -92 -620 529 -602 1083 559 326 229 281 -88 47 345 -796 1244 175 -394 72 -81]
[-717 794 101 -575 157 -93 225 -410 -885 277 427 -1643 23 1010 527 -1185 -655 16 610 82 -359 -861 568 -141 -94 138 -787 378 610 -643 705 144 177 871 341 969 -456 -1078 180 -291 143 446 571 1521 -29 -508 575 -558 -1007 1201 -109 900 1103 966 -152 64 450 929 396 -29 293 75 473 -339 45 666 412 167 334 204 310 -47 -247 931 395 -930 -374 -201 260 -778 -1102 133 -443 157 966 -204 -1485 -311 -656 430 -13 104 186 187 -1111 935 587 793 1153 -132 255 -707 9 -802 719 -371 -185 188 -16 -798 221 -150 -114 719 321 -657 1049 629 -129 122 763]
[828 431 759 -149 -83 230 -702 -1593 -185 -25 266 -784 431 213 133 215 -1215 -348 -183 143 -415 1015 -838 19 253 827 -44 269 -1343 460 -78 -257 150 -11 -562 780 1005 86 82 -746 249 4 -119 1690 -683 -12 709 -330 -271 111 -319 -396 867 -799 -520 -435 378 -140 -87 -520 58 674 101 -2068 355 -417 220 -728 -292 400 177 -230 -720 905 -679 85 111 421 -333 -806 -526 318 -271 183 1400 65 -229 -1054 151 283 -187 -696 -315 -425 -1448 513 -509 1384 640 -173 352 -1025 -188 295 758 -772 196 -1652 225 -412 891 -715 939 283 -30 -1332 -235 98 880 -286 73]
[877 831 456 -498 329 540 521 -171 520 -1198 -12 358 480 -388 -590 -34 499 -1388 594 -1426 -2 -1079 -362 -219 993 -667 -199 -142 162 -147 110 231 -835 625 -459 -159 387 301 -745 -386 -90 -180 -810 -536 373 761 -54 161 86 666 303 -181 -720 -198 -8 -89 1909 -656 911 917 921 -357 -1057 -235 -641 352 -436 103 0 -195 -115 1039 295 511 179 281 87 -155 -51 -341 535 26 458 -300 -255 -27 -7 1458 999 419 -66 -318 709 -514 519 304 191 -325 181 -666 -280 -719 326 -900 374 924 -510 146 8 580 -251 -913 -478 642 -402 483 -244 402 -1706 -113 185]
[31 -87 -1061 1343 -73 558 323 156 346 -563 -383 1513 252 -909 36 129 166 -15 160 1176 124 214 -55 -278 944 -448 455 -494 526 -260 173 50 237 -710 932 -354 -251 539 30 597 -898 -55 53 -1545 -980 343 3 -149 461 -864 558 -448 46 -523 373 384 994 1053 -918 504 -598 -476 240 -378 1549 -146 -326 -887 -744 -446 410 -253 -355 227 84 -13 87 -7 1424 65 -330 90 50 -362 -523 567 584 -304 320 -1367 -229 -557 757 599 -409 503 -806 -1395 -942 118 -70 954 -38 199 -704 41 8 -345 -229 330 256 6 -471 -1117 40 -8 -394 887 436 721 -261]
[-117 -277 -28 -354 355 -3 644 270 105 302 -479 -411 -152 864 -50 -940 894 388 381 723 -1188 -1273 -414 -410 -291 623 1486 -242 140 291 790 49 597 380 -452 118 -832 -500 -522 1214 -877 156 492 -291 -558 280 143 -680 381 694 246 -227 -350 543 -35 -540 -276 846 503 243 170 121 -112 -731 -113 188 -284 -808 -499 165 -463 -454 617 -609 -76 -712 393 -589 313 -482 246 -171 -410 -220 390 -194 -94 980 -224 896 -16 423 -98 573 -570 -25 419 109 452 486 863 566 -433 -35 365 -427 -640 -369 -1340 466 1027 -1040 -338 790 -655 300 743 1225 -819 386 -601]
[-535 -212 135 -977 -722 899 170 617 142 783 -353 -888 758 46 137 -268 -610 691 -107 -889 438 387 -18 602 -895 313 -1094 -220 -673 -305 607 343 392 909 504 363 -6 -263 -195 38 384 549 219 461 1346 -830 496 -482 -230 900 615 851 272 51 134 -129 -690 -66 -601 234 556 -571 -219 1082 -171 291 -248 -325 12 296 723 645 409 169 322 -460 -229 -423 -331 -719 256 -1407 -661 764 827 53 -356 65 -965 -253 -341 672 183 554 -191 -73 1029 -482 -255 -286 275 -729 -183 -1141 180 -653 -894 523 -161 -543 -922 -79 489 192 662 766 -994 -856 770 -13 -454]
[171 -654 309 -504 392 11 -409 688 1086 942 -291 -678 414 -35 -516 -37 812 -1382 -429 -1193 -571 -625 681 -135 -65 -298 264 -509 -133 1172 11 -270 -220 -34 -38 -36 879 140 -402 -391 -812 121 -602 974 692 842 -1637 459 -481 251 474 -57 152 504 196 -1035 -298 -995 1025 -258 983 544 -733 -816 174 386 663 -580 548 -669 432 -15 382 -941 -311 1313 1244 81 -116 -275 378 78 221 -733 551 -306 645 1485 141 686 618 -143 -452 -527 468 -573 -228 65 360 241 -264 -901 -22 -292 -398 745 346 239 131 770 -95 -70 546 973 -832 -425 -15 227 -1456 463 445]
[-1087 -530 687 1054 -698 431 -881 93 -63 -117 235 -109 630 -972 -420 -389 -1027 190 -413 -647 1449 -37 989 936 -938 -46 -206 -373 -475 198 -125 262 -280 -391 -111 -656 -457 74 967 -307 -729 -623 150 765 1004 141 217 32 -740 568 153 148 906 282 333 -691 -360 -180 -971 192 564 172 -142 800 433 -291 -267 -90 1009 -686 741 1163 -256 -1761 -29 768 402 1002 802 46 46 113 632 1043 1218 483 658 187 -1270 -605 -795 202 -116 864 241 -326 95 -261 455 -544 -483 239 299 -820 -614 638 8 179 1351 -1084 -213 1 -143 -580 1013 -993 -1329 220 262 264 -418]
[-122 -1121 -103 629 -451 -625 -189 200 -864 -751 899 892 213 -308 -131 -215 111 470 19 540 302 -1722 -108 33 -98 300 781 289 -265 1099 619 901 -240 -10 -845 -61 -1209 77 658 499 -85 293 405 -1636 -811 -649 295 104 -66 -8 -857 -384 585 466 660 -219 -846 1528 804 429 -482 -1406 883 -64 -92 -264 -584 -460 -666 241 -1139 -48 268 -1089 87 -888 -126 464 538 1252 290 266 -84 1086 174 -242 243 -62 76 647 -681 563 -66 605 -184 -38 1075 1083 604 884 996 1438 -349 380 -597 450 -170 -172 -354 -888 666 -652 -725 -371 396 -930 720 978 15 -799 -1020]
[-98 121 735 798 292 165 -68 1036 -86 301 -35 502 676 -1061 -539 -358 817 -891 -626 -568 668 -849 28 334 488 -774 -499 -684 -191 872 666 -23 -49 -873 1166 -301 505 -648 705 -241 280 75 -280 -392 318 -418 -1066 446 -115 81 552 8 54 32 530 -1203 -260 -1204 662 55 24 -336 -419 24 -324 506 679 276 434 441 -405 959 -1646 -543 526 523 319 366 -176 1627 1270 -496 73 150 448 -783 822 260 620 725 -619 -587 -400 -1224 120 257 -635 552 21 -92 761 -585 287 -20 -249 1299 -230 1249 229 -27 -408 638 378 -360 1024 437 -351 -471 -798 -793 852]
[-116 353 -1091 -170 573 606 174 825 268 601 -288 366 -763 -980 596 372 1117 -176 735 17 -134 -1243 199 44 281 223 249 -238 1406 782 1355 375 1017 -1126 89 888 -413 -366 503 761 -396 1020 208 -48 649 198 -369 -911 -646 641 -23 -254 312 719 44 -915 259 260 207 625 -155 -531 -280 -793 814 609 126 -1021 138 -314 -522 -607 -209 411 429 -278 1037 -1328 98 358 53 -399 -290 -513 367 -161 -206 1196 218 250 -310 -832 -360 1157 -1027 443 -888 -1458 -998 349 -47 -183 -670 -26 -324 -200 -264 762 -899 481 772 218 211 57 -537 -523 149 -177 -739 431 -260]
[1060 719 463 -152 -1439 -143 268 -28 133 224 694 252 46 -544 -499 25 -923 332 241 316 395 493 -1452 -780 960 -661 710 691 -1248 -251 -1013 31 345 -320 413 270 955 112 -276 112 193 1058 -379 -668 228 -393 83 -529 476 -174 -177 770 53 -904 232 1201 -279 -302 -217 -34 -595 -213 788 -323 -27 -633 -90 -1144 -1438 836 -269 40 1687 -265 -477 665 -1441 950 -740 1000 -5 -523 280 478 -428 -111 788 51 776 170 -365 184 -434 -944 699 -511 -56 43 -246 -119 782 -715 -373 -635 -543 59 223 -938 540 563 -1044 210 315 -736 -728 453 570 540 169 -252 -766]
[235 -729 -1197 -342 -432 39 -293 -610 713 415 332 926 407 -970 -245 638 -353 16 -1327 -1118 662 -283 758 452 160 906 -1620 1080 -623 1850 627 -67 -954 6 -937 178 388 30 -277 -512 600 -426 -349 -725 -360 -33 865 -397 9 -1256 201 1045 648 211 -776 -1076 -549 373 -280 -198 -87 -1278 334 308 -112 -55 -155 -374 -79 83 131 -164 -265 -105 -534 -72 279 317 1207 258 -510 -63 -815 513 143 742 320 -795 -278 -596 -76 -231 829 205 519 -295 671 -159 -259 619 613 -845 515 -577 -121 -1317 -100 172 353 316 -419 659 311 -76 750 -767 -227 -990 478 -734 -798]
[-213 -592 538 -450 -469 734 -681 -641 1203 -1037 1406 -678 1443 -769 167 577 -1659 -682 257 -287 -299 209 472 1350 463 1491 -608 1251 -1802 -92 254 -166 -144 513 -252 -312 310 -142 -138 -485 -132 -126 -507 1236 -616 1287 288 -1 466 -287 -208 -150 321 237 204 -134 143 -229 4 290 808 -430 429 120 1098 57 -655 -177 -475 -633 90 -52 548 -619 161 282 1220 1086 -232 -460 -642 931 286 395 740 1414 293 -355 -113 -131 -402 -316 207 476 197 140 853 699 246 -565 -595 -629 620 -1307 -499 -365 -1302 372 93 -166 -273 -65 -402 -347 -600 -857 -1935 443 -14 -1102 -223]
[519 -26 -1508 -255 161 -586 755 -163 282 338 823 1111 -154 -1485 -154 -199 605 -1147 -622 103 -589 -1178 -398 -298 1216 68 523 -423 276 562 123 330 -90 310 209 155 297 194 -342 356 -332 -262 -618 -1461 -587 704 60 102 -774 -820 -766 681 84 -226 -195 -265 196 -272 1006 160 -779 -246 193 -316 365 289 -207 -1488 -379 -67 198 -448 808 1353 -1078 238 216 -872 320 7 -740 -443 -454 115 605 386 316 1156 132 -590 244 -70 1048 107 -52 -336 370 -995 -258 503 623 859 -167 -419 -745 35 -32 -1016 -109 832 691 -408 -308 349 -872 -538 -30 -182 157 -313 -321]
[-1227 -280 -166 592 291 1502 129 232 211 405 -420 289 828 -381 -61 74 -627 -135 -335 -169 56 169 913 1220 -226 -771 -1015 -64 -582 -325 463 543 -521 -1015 1313 607 53 147 473 -669 -765 116 601 1237 254 335 -314 769 590 234 447 -244 9 -108 177 -779 653 -354 -986 111 1085 600 -1502 -230 890 532 -773 -267 627 -798 341 554 -1497 49 1175 -400 852 -508 816 -637 541 175 719 52 231 -135 77 -223 -149 -1030 -988 -633 1259 1256 -1042 531 -154 -544 -1617 -81 -1457 377 286 -268 360 423 -237 803 206 -887 446 72 661 -140 -825 581 -1834 -516 -616 510 421]
[-994 -583 219 -226 141 -393 -162 1251 318 1050 -365 1141 943 723 -604 162 282 343 -1045 -65 -288 74 818 398 -346 -256 -414 -601 269 -460 490 -191 -648 810 1656 -934 -344 -1059 120 -35 510 225 -1 -898 -12 -888 -723 463 486 -234 514 -560 -362 111 669 163 -1166 -249 436 -382 702 -344 -923 1583 -224 983 193 1427 695 -732 1121 319 156 121 1118 407 -471 121 461 186 323 330 -354 230 -237 -162 7 -765 107 226 686 443 111 -992 947 -445 350 282 399 848 607 890 288 592 -769 723 -805 1128 -622 -704 -1258 816 -636 -161 940 859 -254 -1332 105 294 812]
[-1529 -236 141 -495 -576 312 -51 185 80 1451 -212 8 703 -416 257 -626 -868 1112 -6 1501 -688 -526 -140 219 569 261 -248 15 -252 -291 627 801 771 632 -379 -44 -748 -1246 135 296 -973 1089 904 181 -777 -524 637 -790 702 560 -469 384 699 562 878 -223 -1344 576 -363 -208 -742 61 355 7 629 256 -646 -1398 -1075 -29 -577 -456 723 -253 614 -617 -456 4 -173 -853 -902 -7 103 -340 680 -395 -568 22 -963 99 114 156 248 387 -397 -64 715 811 -438 818 798 712 23 -715 -684 -117 -1065 -425 15 -366 695 -184 -571 -16 -314 -492 704 106 -97 -6 690]
[1262 1227 270 -40 281 543 332 -619 -483 -578 49 -160 -1086 240 69 1193 36 -627 504 -989 -125 1285 -954 -4 -686 -200 694 104 -132 740 -1425 -254 158 -1038 302 758 665 1605 -427 347 1407 88 -524 743 622 337 -83 718 -975 647 -125 -1196 -1449 -1397 -405 1089 706 -1219 -72 -101 371 539 -386 -149 -736 -141 527 379 814 289 415 473 1629 300 -529 1350 136 -604 -935 399 315 224 -99 174 505 -225 443 839 1023 280 -702 -264 -287 -184 -584 -472 -662 -1353 -400 -789 -253 -1608 -791 304 407 -494 281 -1753 -501 421 -391 -206 222 699 -384 1062 -790 -1102 529 -212 -314]
[-1590 -129 765 365 246 -643 -471 -528 320 -1344 -198 -144 875 -77 -463 -680 449 -1116 255 -948 -343 -539 434 336 167 390 343 107 233 -215 1039 -289 -424 594 -1509 -899 -732 -1059 -422 463 -374 -946 259 1067 902 772 -59 -162 -368 1049 570 -142 -449 776 -429 -1592 1349 188 -150 356 958 297 -529 118 -616 -48 -629 444 1406 -422 -368 1445 -709 -93 -172 -58 1265 640 542 -569 -259 110 -44 -142 1062 1154 -25 925 -54 -290 250 -612 116 1019 181 -116 468 0 387 -807 -604 -180 172 -1107 464 60 2 1153 335 102 680 -710 -447 661 160 -891 -366 -461 -2494 149 -740]
[-795 725 141 382 738 -816 745 714 279 593 -316 1774 22 -62 -518 -131 30 203 -297 646 -595 -933 -398 280 -241 705 1372 -589 1266 160 866 0 99 23 -385 84 -981 -1805 884 901 -326 24 -250 -1340 -1035 740 927 -417 36 1369 -247 -957 -546 274 -203 -1005 -502 -330 409 331 702 -161 117 900 -111 1100 -149 368 542 -633 -61 496 184 -277 1384 436 108 -242 989 849 -173 916 118 682 886 -638 78 281 682 789 -343 -975 131 419 276 46 -40 -628 377 996 1322 15 -946 -342 -853 -144 -420 -190 -447 -296 -50 409 -1165 191 397 26 157 -21 -1496 243 469]
[-244 570 15 371 -460 -732 350 -114 -629 473 -55 256 -575 120 -325 -1875 -236 -148 -997 804 -417 841 548 -246 -938 -1215 -227 -685 -329 -462 -670 -378 10 469 1323 -388 -46 360 68 -441 475 -338 -44 -378 -1489 97 -14 895 139 -225 351 615 -794 343 -309 508 -424 -412 385 341 -84 565 389 1022 -502 181 -590 244 -301 377 204 768 926 -337 1026 561 -676 -454 568 1097 359 -30 222 421 -575 -529 -187 63 478 345 -761 763 136 -408 802 -665 -78 83 139 -432 1263 55 -60 272 -212 1120 -378 -456 435 -335 -13 276 314 623 -257 752 675 -315 -594 195 450]
[-782 486 -1273 1096 -301 365 498 930 574 -248 -585 363 -450 954 -421 -32 1061 1234 -258 562 -570 710 -377 359 -520 135 392 -789 1149 82 -332 -1269 79 -462 509 160 -584 -145 45 74 -660 657 1158 -869 -901 823 -631 -65 938 518 522 -1046 -969 -151 260 947 42 -1298 -1381 248 290 111 -329 486 1152 -261 -690 -399 -494 170 568 -247 639 -367 1280 -182 542 -43 975 397 -139 -798 -329 9 -429 13 -242 372 109 436 75 -217 89 779 1011 -885 26 -467 -45 -256 -584 523 -1037 258 -1053 300 -743 27 61 503 -372 -427 -591 331 -294 202 145 -645 -1092 592 229]
[473 -46 912 1009 -424 -706 -385 1097 -625 -700 -203 -453 751 841 442 489 265 109 1220 978 -95 -369 -122 360 658 747 622 926 -848 -910 11 -1186 151 -1284 695 393 791 5 330 -320 330 -1063 893 -270 -182 1013 -491 -307 1095 208 -597 -1052 213 -48 -475 211 -617 -94 445 -174 302 -197 -357 821 670 -238 -189 -334 498 -110 68 -369 -171 -364 -376 -45 298 1317 -1643 826 906 375 462 -78 -977 620 800 428 161 225 867 -568 -1581 84 -64 -374 -29 1060 -1158 -779 -807 -1162 -896 317 -723 256 -179 343 -591 963 1017 48 326 -778 -1151 -98 -405 765 -245 214 -1361]
[939 -49 181 -1249 -463 343 -854 -840 -293 699 -641 -40 -130 -221 -203 1161 81 -8 -246 -352 -608 -429 -247 -650 1029 -211 -430 1077 -699 16 -1125 58 -653 -592 -1435 -176 1531 382 -630 581 -273 -487 -766 -571 333 476 -240 -417 1215 437 -833 230 -321 -1300 -34 -6 -755 -429 491 -342 -238 386 -153 -216 -632 -610 203 -955 -424 406 -376 -221 410 202 -409 189 -1102 -65 -609 479 -410 -101 52 -529 -1043 -269 563 339 75 448 812 -225 -59 -784 1071 -739 76 -81 -724 698 -108 -1276 -346 -834 -228 266 817 -1087 -49 1766 -511 76 266 532 -1251 717 517 -844 59 -121 67]
[-565 -1145 -882 -376 1074 -262 435 382 886 35 1185 -994 201 -333 762 -328 -556 -356 236 1267 382 1339 -420 -573 245 355 -651 -77 -313 -173 94 -535 77 520 1825 -190 -36 -164 -762 -451 -334 344 -27 784 -411 46 -245 671 -189 -1743 -745 961 -516 764 777 836 206 -368 609 -826 -4 21 1698 125 1781 14 759 -1105 -769 338 -739 -1426 -943 723 -488 57 1416 -11 403 -517 -272 81 -590 39 509 264 462 -227 451 -719 -303 -525 139 -192 -502 424 -111 181 26 348 -658 1833 680 117 -141 -65 97 574 -424 263 495 280 -205 -136 -783 246 480 498 1110 -153 1439]
[1625 402 -73 1044 231 -320 125 -270 -1272 253 580 1266 -1188 -1967 -888 205 629 -725 -722 470 630 -1274 -220 -371 1200 -1352 377 -342 -508 438 -217 801 257 107 -691 -1310 7 154 -1112 1125 195 134 -515 -604 111 -772 -342 689 354 -854 118 1281 -1196 -804 150 285 -559 443 -65 -717 -981 493 81 -704 -1358 -244 -126 -501 -1118 726 -347 644 675 -195 -463 144 -596 -9 -211 1331 812 -5 368 642 -759 -599 635 1273 799 -417 -486 1231 618 -485 379 -881 -363 -275 -666 310 1179 256 560 159 951 502 50 -157 101 622 -328 9 730 -379 -786 1861 513 -414 -1079 -878 -368]
[-432 -408 -420 650 -738 -823 157 1256 -923 -37 358 -48 -106 1495 52 -269 927 501 -338 -35 353 -546 1216 85 -496 -522 -59 196 390 -1611 -643 -25 355 645 994 216 -188 455 520 91 91 79 769 -174 895 -352 -936 474 -693 727 -180 -624 1330 11 156 901 -1414 1248 26 -57 -557 8 -477 1126 -1041 -192 204 833 845 375 1215 162 -68 450 -254 -852 -458 -83 -524 1115 -86 -270 270 -256 -1259 -110 -423 73 -224 595 1142 1176 -528 429 585 -1393 518 595 -1142 219 157 400 -828 1160 -968 107 76 119 73 -827 -192 726 410 -99 97 186 -1006 97 420 407 -205]
[-394 -118 1303 1198 720 -327 696 836 -1353 -96 -945 420 490 488 186 -422 611 -1271 376 -270 263 -1033 586 35 -270 -13 899 -525 -308 769 771 364 314 -9 136 83 -69 30 914 501 247 -710 421 -2006 -180 -119 -455 588 -1249 664 -707 -469 768 360 -359 -1278 -406 515 1271 -123 -13 -589 -278 944 -849 576 1303 679 -168 41 579 851 -1204 -237 -37 73 -445 81 -320 888 1325 341 -82 1202 519 -903 419 399 195 766 87 683 -557 -704 377 36 -140 75 -467 -302 174 -657 -408 -330 -210 508 -651 -63 640 -455 691 161 36 468 1259 172 99 -391 -364 62 -424]
[-699 -493 -540 969 -1536 415 -164 808 1398 271 875 -645 -614 -226 337 37 -837 1065 1003 -93 -50 1172 607 447 -814 738 -187 1270 54 594 -1096 -673 1200 -805 542 304 -1008 990 727 -518 0 741 883 1169 -148 889 -384 -537 253 -706 146 314 418 858 72 894 -89 -280 -1183 227 -1061 -87 -20 144 1291 -830 -220 36 -703 -298 -93 -266 639 -1452 -185 -188 449 505 -368 349 -719 -668 504 -234 -418 975 150 -812 -668 508 -1072 -36 -747 958 519 626 -539 -395 -1126 -1373 -847 -61 39 118 -457 -538 76 858 929 353 -666 693 265 -1136 -445 194 12 -54 46 -732 -580]
[-82 532 -230 553 138 428 131 380 733 -537 -139 -1228 73 -165 264 610 -653 -196 386 -1153 -36 159 251 414 597 629 25 -291 -27 -561 45 -415 414 1075 94 108 181 420 -441 -122 -568 -154 -319 906 876 588 -927 -125 -130 52 676 -15 -54 -199 242 -305 263 -407 -291 229 -310 339 -166 -670 -174 -544 275 -45 -356 665 679 419 -1328 734 458 -872 1205 -770 -513 291 -364 -457 -290 -89 121 164 -61 -221 265 774 -532 239 39 532 206 -598 -840 84 -333 -723 -655 -1504 81 -523 -96 -213 -601 641 260 42 -1362 15 304 -323 424 1043 -2052 -432 -238 -81 951]
[-1272 -667 -133 728 75 -1344 -1006 -619 -671 395 -109 1109 698 -307 876 -754 43 -377 -299 -54 -976 366 851 -202 81 294 1246 99 688 219 285 310 -128 -230 -677 -1005 -319 -538 549 818 73 -778 -19 688 -815 -300 -295 -109 -458 80 -316 -219 331 -357 246 -472 358 1026 1178 95 51 1347 -299 -879 154 5 -608 -167 823 -577 528 1356 486 1187 -674 300 -4 -1015 2169 -189 -1213 889 -641 574 1439 293 -22 90 439 53 -94 -208 44 -361 -874 -156 121 -301 1263 749 949 1007 85 -43 -209 914 542 -426 -526 -856 155 -531 -1091 399 193 -221 955 -1063 -253 470 -582]
[1363 773 -312 -1091 218 -1059 734 -374 -926 -619 867 1112 98 -637 -106 840 743 -441 -866 144 -495 -578 -1357 -606 819 504 -967 323 -208 573 171 254 -848 474 -1201 -256 255 -598 -590 936 460 719 -522 -1571 -584 -1034 1101 -280 -734 -54 -1104 142 -8 -518 -36 431 472 -276 665 -752 -345 -209 814 -154 -1508 618 -23 45 -13 555 -438 -302 820 1986 -703 -462 -350 325 -1024 896 -133 -457 -832 -152 352 -262 -475 574 469 -713 1328 357 127 118 -313 -1431 648 661 -107 908 711 -107 -481 -24 -338 -1265 -370 -322 -517 342 1334 -764 -632 1397 90 -459 257 -612 696 -1646 -546]
[248 -142 -585 457 710 -378 -122 273 503 -114 -72 747 -567 182 152 586 702 -1074 548 277 -1157 937 21 -449 -369 -771 799 324 672 432 51 -192 -325 -984 -222 351 139 693 -240 -15 177 519 -703 -312 -557 913 -439 1442 400 -121 -462 -438 -1157 -251 -68 510 675 -355 396 -76 586 222 237 90 1031 -62 -757 -297 -938 -603 -657 -777 1791 -3 963 354 545 -299 418 664 845 338 263 -60 -1146 -233 162 792 1080 -582 356 -483 355 709 426 -280 462 -1667 -986 243 -1894 1506 -788 330 -620 951 1360 658 -44 218 -186 171 307 406 -1874 -185 775 -331 -1342 607 -392]
[-985 58 140 -337 -580 66 -591 -792 73 -125 397 -117 -768 63 7 -620 -413 892 -408 -324 24 395 221 -51 -375 1069 -1041 845 413 -365 808 -626 -255 718 238 -759 -1238 -930 -295 416 1288 570 659 315 777 -596 380 -511 1145 735 597 319 -342 540 -878 84 -958 173 -651 30 -19 -336 -70 1112 -1226 34 -645 1059 402 1117 -290 -32 858 -161 1381 -481 -820 512 355 1195 -33 6 -275 404 -360 129 101 -282 -664 748 -619 703 -105 86 91 -782 824 -121 686 232 -467 1250 536 295 64 903 -917 1619 -611 276 -1089 423 -738 -432 610 818 736 -1382 79 -574 -316]
[783 92 259 -1935 -796 591 -21 833 126 1388 -409 -999 414 1125 -725 -55 -385 660 808 -819 -230 -240 54 -605 -352 -624 -669 12 -784 -44 -1204 612 171 169 222 1004 159 332 -307 -572 -461 895 -793 1086 804 -955 443 -621 -244 141 -16 805 322 535 11 375 68 404 90 837 -544 -270 350 -386 81 14 323 370 -598 -313 -342 77 1047 247 -448 -328 -516 -777 -919 -1130 156 -655 -293 -1268 -473 -122 -1022 -775 -236 1239 489 737 -253 106 -125 -43 251 243 120 -182 -33 -1472 -183 -302 542 -1364 213 -447 72 -270 118 10 1904 979 181 496 719 779 620 397 243]
[772 561 646 -90 613 927 189 -1176 258 8 -491 -162 144 308 348 468 -901 18 -51 -367 -925 -130 -467 -185 -778 474 254 921 -1598 671 394 428 -403 -355 -136 1570 673 802 -161 391 66 -309 -483 1259 -412 724 1029 -269 278 543 -46 -633 500 -1060 -602 -956 -394 133 249 -543 565 814 -466 -1362 -125 -342 -55 -355 -113 883 -603 -241 -632 624 342 -996 22 -525 -96 898 548 402 -188 -200 300 -317 208 -685 140 818 -768 -631 472 217 -1524 197 134 185 -1023 443 23 -318 -315 612 731 -600 160 -360 -984 -191 -5 -342 449 -36 -83 254 -800 -60 556 -127 480]
[818 695 -1861 -1340 449 1102 1337 -480 979 627 1097 -58 -1022 -342 59 18 -491 193 310 -368 -93 60 142 359 -439 -1102 -183 -39 171 29 344 605 738 1733 855 2111 -89 1225 -367 38 6 1274 -415 599 471 373 70 35 -1380 -18 399 1233 479 673 311 669 -236 -277 70 829 801 -312 -90 -975 47 608 141 -641 -1014 380 -98 -645 314 173 694 -642 219 -1177 600 -357 -858 350 503 -459 -233 -271 -1464 -535 -84 642 -1398 304 215 202 390 992 -624 -706 165 395 -154 62 -248 -470 962 -778 -728 499 -40 -533 -360 765 211 -509 -836 -182 -542 393 779 236 645]
[957 464 279 -73 -225 208 -328 631 -655 630 -575 -106 1206 14 300 766 -66 363 -631 -246 1021 -1217 208 759 220 917 -683 356 -314 885 205 502 -1083 -892 -823 512 403 -264 -370 -634 1078 -977 -468 209 587 -558 1220 5 -240 13 -588 81 330 -649 121 -869 -603 839 67 -70 -974 -703 -13 844 -1150 81 -883 -554 1427 170 226 455 105 23 -1259 -247 307 157 -1113 -296 544 308 -489 -395 242 688 522 414 -604 -539 759 170 -355 902 -924 -307 883 941 -203 322 821 -1619 499 510 84 -1822 274 -862 -1231 -627 688 -535 242 -306 1185 -447 -1592 601 1178 -213 -613]
[247 -489 -531 -813 -62 176 -66 -672 311 -253 39 466 -28 719 796 504 144 595 -187 -213 31 -108 -331 609 130 192 52 1177 906 353 -803 721 -650 -1392 -1996 1078 629 1236 251 -926 197 -580 -657 870 -1255 -19 323 22 83 -430 -151 -656 -360 -61 76 332 161 276 -90 1173 -796 -1083 834 -433 -41 -216 -796 564 133 -834 -1697 -900 726 -1311 -420 254 488 136 14 -769 -721 1193 33 -1340 -608 637 -404 -774 455 756 409 -1064 347 -423 552 803 922 672 1073 114 14 -469 406 1516 964 -1359 567 -1044 241 -410 373 -399 57 -470 417 -1393 531 767 -336 -333 -122]
[-500 -963 -470 -895 -544 -592 -897 -563 141 -245 491 -765 -496 327 -556 -223 733 540 703 106 508 -579 464 -620 -97 381 810 1437 199 1474 126 -683 220 -54 -1772 448 -527 180 -1252 99 779 455 764 882 -19 -329 161 -453 369 -660 -135 205 -681 408 302 303 -1041 933 78 257 -324 -690 636 258 -329 -1251 -1015 -1051 201 1168 -1823 -283 743 -1219 -1175 -484 715 429 707 391 -571 298 -520 109 -20 522 -40 159 347 1081 -452 377 -987 102 612 -1428 376 1336 991 238 767 326 393 -385 42 247 473 485 -417 40 -118 -208 -245 -137 -249 -1300 1517 -328 -69 -233 -1396]
[-451 -985 -450 544 60 -1217 -86 -145 728 -567 -826 344 -545 689 -396 684 -165 102 234 -654 -890 135 854 -519 139 166 609 93 941 -466 -418 -306 406 1612 -608 -588 -340 894 -30 -966 532 -26 -273 -1337 -1190 552 -744 571 954 -983 807 -468 -239 -67 -657 -292 -702 1201 -343 -55 -751 -211 139 -180 -170 -481 268 1212 -778 1 377 -91 315 -287 615 257 -417 -438 373 160 -818 1221 339 -699 -1112 -45 -198 -1086 -176 520 557 698 272 -378 353 -576 32 22 -40 -394 -404 -167 -207 486 -821 568 150 -8 417 -257 -1489 975 -388 -657 483 171 421 -763 -430 590 204]
[371 -307 -40 -291 269 502 0 -102 269 -432 -747 699 668 -93 97 1248 -49 134 -741 -887 -381 -1026 -863 489 -64 250 -259 -181 -1179 1905 1107 585 -1558 -686 -333 294 115 38 -529 -357 25 97 -129 -126 230 -651 -1029 429 637 -557 -209 -777 -174 -456 634 -375 254 -523 762 -423 947 -819 -772 -1546 70 140 -294 -611 -487 -457 -221 -925 920 -773 436 -188 931 60 493 15 914 346 -335 -385 -14 117 454 205 783 685 -33 261 272 -196 -411 197 222 945 189 620 16 -87 146 1222 271 56 -591 293 -1235 336 958 -790 380 317 -724 -594 406 -612 -429 -342 22]
[-142 289 -197 -422 -159 -906 764 503 -313 1147 440 720 94 250 -626 -690 -57 494 -867 519 -117 -832 -1293 -256 684 -535 -695 933 -471 -197 258 541 -152 415 766 -12 -332 -1532 287 -332 1025 1177 282 -675 -440 -1394 663 -21 241 -391 -548 1138 -212 529 -2 -685 -425 48 253 -887 -1275 -252 42 -221 -642 -80 271 154 -600 1215 -1275 37 -255 1229 226 -616 -1200 -184 -526 840 318 -480 -385 -8 173 -465 -208 -221 252 718 418 -189 334 -1113 -259 479 409 1083 -496 910 1040 833 -88 538 21 -636 -218 -31 -491 -88 200 282 363 198 96 315 1523 -436 -921 -511 787]
[952 -676 -294 -1084 160 -440 -90 382 665 1600 53 -170 -1451 890 -473 280 -707 72 -213 196 403 1088 -182 -715 -499 -185 -267 -96 920 -911 -1064 -142 260 519 -414 -11 213 185 22 -1179 265 20 -945 1085 954 -136 37 -476 300 -194 -369 1212 -728 209 134 622 -91 -120 175 -443 162 832 142 -138 312 -338 558 203 -348 72 108 -106 -612 261 -74 565 -86 -345 766 -389 -291 -388 -28 318 -697 -243 -554 -345 447 328 479 588 -665 -341 560 59 -1195 -83 150 438 -60 807 -338 201 608 -954 1031 -454 231 587 -950 244 1157 -226 -609 955 537 265 193 687 554]
[771 -151 422 -1152 -626 1003 643 848 -50 1249 -88 75 -401 7 538 -302 697 403 -218 407 -191 -626 -845 -125 -667 327 4 48 87 -178 -611 792 782 -1286 -1188 285 -191 -294 1485 598 -764 641 -226 -314 -7 -304 1100 -1192 488 612 -999 -164 512 -79 267 -337 19 122 -119 81 -862 -163 102 -152 -370 -584 47 -379 -227 -406 -960 -229 -341 -443 -263 -564 -223 -317 -780 -388 636 -1767 -130 389 -16 -791 422 287 -70 253 -170 234 -210 351 -382 501 71 39 -1023 521 710 846 -73 170 673 -1183 272 -1095 35 -31 897 -763 874 729 -106 137 -199 1918 1023 -1036 -336]
[-990 -875 920 -720 -105 207 82 116 1108 960 -145 1115 365 -1218 -1362 51 -1094 -190 -512 -263 183 354 -887 -333 -401 1188 -178 111 -804 1668 307 66 -287 -98 177 -214 -604 4 173 -139 312 96 359 -7 215 -114 282 -485 258 244 -182 -42 -1015 197 -127 -859 -733 -1718 558 -146 1206 -285 -970 329 -25 850 126 -212 980 -642 -747 169 503 -750 662 1057 828 132 573 -95 286 -343 143 287 1454 53 1062 64 748 613 -1145 -749 -22 -249 -163 -104 -1032 37 -397 101 480 534 483 -19 -142 287 -980 705 -120 1010 639 -173 -323 -24 -350 462 842 -1173 -922 -736 -437]
[-41 -247 -252 -22 -556 519 304 102 -580 -147 -746 944 81 804 -838 -1 339 876 -547 -273 464 902 -567 -742 -408 -504 -443 -269 466 -968 -508 318 -970 18 360 151 103 387 497 235 -1239 -125 321 -2150 41 -360 398 48 -324 1451 440 -923 -316 -422 -259 364 373 382 -534 857 1072 -899 -744 732 118 453 -534 -665 345 -965 1161 564 -111 1054 905 -576 -747 -749 807 32 668 -577 -203 428 -412 -1074 264 320 348 -930 488 -517 1103 565 732 25 340 -958 -335 978 140 -387 -889 -252 -654 436 44 -1013 184 -135 -24 -456 0 814 -264 239 171 -40 -626 1376 -787]
[372 321 -218 -1171 115 790 -25 99 111 907 652 1415 -541 -1109 -529 668 -489 -878 -311 -401 653 -223 -307 -567 1349 -1520 -1751 -991 797 -122 -530 1053 -1211 -452 118 -236 425 -38 735 -1075 -369 466 -673 -835 1008 -1151 292 -973 -725 368 -1730 803 -464 366 1330 347 1014 -820 1159 -24 123 -252 97 -113 321 1060 370 -1039 -306 -850 -527 514 -613 479 704 905 -36 -238 881 -563 -742 126 -71 -87 -94 -669 -47 2 766 -210 15 -471 348 -343 140 155 -120 -186 -357 556 -81 1034 318 -197 220 400 -124 -898 1041 344 319 -426 -183 83 -148 189 1188 306 -629 290 1325]
[-22 -213 181 240 -545 -47 431 90 439 553 -305 -21 -267 417 826 0 -618 116 440 105 151 1751 1049 -85 -774 -519 134 266 288 758 -855 -294 125 -1163 -1209 822 615 499 663 -658 335 -80 -175 537 -532 1338 54 114 103 -302 25 66 238 111 26 496 -347 -754 -179 -240 436 360 896 708 221 -152 688 178 314 -230 -237 -209 -146 -1377 -107 1190 29 745 14 -78 -429 38 1150 244 -642 -239 473 -509 497 -856 -317 409 -669 387 621 -95 -394 -241 -923 32 -175 -206 230 -812 -297 -308 789 -285 1246 215 -497 569 -642 -638 -389 312 -59 782 47 -26 -35]
[763 781 35 420 604 -1154 -661 22 597 -132 559 786 107 -1577 -799 512 416 -620 223 309 776 -852 -428 -245 1648 652 535 -296 456 -177 56 -466 -141 -409 -1201 -171 529 -1739 380 -519 467 -1072 -198 -702 367 652 781 -437 -271 -693 -1282 1099 268 235 -478 -831 268 -1396 870 -384 -543 599 12 587 752 -156 265 -246 287 222 -811 274 -1271 851 -908 768 299 627 -319 509 -23 98 92 112 -337 -5 602 149 338 92 1042 -1629 -658 -1337 725 137 -451 653 698 -61 34 188 532 -445 -91 644 454 320 710 774 565 322 264 -497 356 -1298 1559 -166 -1170 -208 213]
[-87 -590 642 -633 -335 -456 -436 -661 929 -396 204 -921 -86 489 829 -382 -754 -503 56 -567 72 830 1280 508 -716 195 -277 1349 -973 99 178 -11 -153 4 -1771 -5 154 572 118 -316 431 -299 -782 1234 698 554 -242 83 -369 -305 90 623 426 1009 -660 -336 -661 719 420 473 133 146 697 14 -717 -596 -344 647 -495 -527 -327 -537 1361 -1800 -12 -157 331 1003 103 51 -148 871 808 -388 -1146 1102 -19 -579 53 631 559 1089 -839 424 1436 -482 193 314 -220 -411 -776 -566 479 -141 300 -521 346 877 623 -189 -62 44 592 -188 -697 -1100 -92 1247 -391 10 -1116]
[586 64 230 -23 17 -303 -863 -552 -134 -128 -716 1650 379 -1056 556 537 -101 -485 -323 385 -1 1407 -1315 -626 96 -305 315 -78 -268 103 472 -39 -438 151 214 -1163 411 410 -567 1244 87 421 -373 -1628 -140 -333 -164 -589 1281 -401 395 -788 -693 -58 -296 -639 1008 -2 -386 -69 766 -515 593 -169 396 -196 -241 -759 -653 -95 -509 847 176 149 -43 1201 -873 398 226 730 401 554 -460 641 187 287 1001 122 528 -890 -663 -781 -530 -617 304 84 -919 -701 372 140 -75 -231 -672 -209 -80 144 -262 -340 -366 979 95 -88 -862 116 461 208 80 -927 444 253 -1131]
[-875 568 23 742 -649 -169 296 87 459 -1218 -423 -80 542 -329 -582 -102 28 28 -3 -40 -539 -1269 -31 590 860 557 389 -96 -574 -915 672 -829 -720 -32 690 -148 -11 -1205 -300 -267 -795 -59 691 -670 -217 1159 -319 -579 1527 362 886 -29 -54 528 -743 -908 992 -592 -677 339 276 -451 -213 137 349 209 -656 39 -100 84 152 819 -150 28 1094 -564 672 267 -662 565 458 -148 -99 -567 33 532 318 245 -209 -282 346 -607 277 708 50 -432 -42 488 6 -552 -262 -1556 -214 -625 -992 613 -720 815 -332 607 620 125 -282 77 -257 -216 -1258 -18 -1485 293 -400]
[-549 -49 196 -1372 278 226 -449 -1540 1082 95 440 -244 -554 -1044 -107 494 -1748 -513 -881 -1590 132 1250 -455 201 -402 162 -1211 231 -186 1123 -15 586 -849 355 631 -305 -288 215 609 -797 397 -302 -716 369 1211 -548 342 -293 -808 450 10 290 -153 826 98 -871 693 -1095 667 213 415 -900 229 -400 898 772 140 -529 102 -176 -156 -336 772 -967 202 1251 -9 -182 856 -398 -737 120 -555 356 674 337 -87 48 -564 142 -758 -1092 458 -115 -125 1521 -796 -123 728 -136 470 -491 -75 -515 -484 137 404 -439 577 327 -557 648 -247 898 -70 -1139 805 -743 310 -292 250]
[802 1168 707 204 555 598 375 -664 -810 -21 -137 360 -1108 -462 96 -701 102 -1741 -460 854 -727 -114 432 -576 -492 -478 -958 -579 -54 -643 1059 -114 624 410 998 -503 -233 111 70 812 415 375 -451 58 -770 473 787 -495 -121 618 626 -833 55 -152 -508 -167 734 397 -253 -812 232 670 48 431 -406 444 -142 -147 321 768 984 659 171 1180 637 504 -560 -569 137 1372 108 -592 -287 632 548 -904 -441 1303 -200 -869 -769 1068 708 363 -1679 -1245 -422 -1273 -1146 -43 992 563 -321 -728 -431 225 -621 -762 -528 444 -536 -96 -354 1090 688 1027 -1461 -577 1121 -569 513]
[-443 195 307 -532 159 -384 935 -445 942 594 59 -533 -489 -64 460 -2270 -712 -595 -186 717 -1048 646 -119 -208 291 -251 -637 -476 926 -859 -93 224 735 1537 -67 146 -324 52 -340 66 329 -490 812 733 -818 254 725 -591 649 -241 1199 1463 -879 1359 -707 -290 446 159 226 419 -430 1087 -162 430 -371 252 -650 555 -8 699 -716 711 -685 506 116 -511 -149 88 148 -1188 -973 -1036 122 329 -78 -16 -687 347 -99 -403 -433 -102 830 -373 -360 549 -35 -365 -57 -556 428 588 734 -1355 1290 -217 44 10 171 814 -663 -1039 -481 441 -167 1381 871 877 -915 -79 204]
[-489 876 245 227 -8 -98 756 -229 226 -864 -551 1209 152 -739 173 134 -609 -747 432 480 263 1273 -1582 -516 362 -686 -221 435 428 -599 265 29 -266 -15 -336 451 -19 418 313 -504 510 196 575 -198 -154 194 1333 -196 114 604 -161 -463 -408 26 -605 412 2074 -427 -347 -74 605 45 283 660 765 152 -804 -613 -213 101 -66 565 -17 1972 67 406 -166 -130 253 -323 -745 -638 9 278 919 -450 -787 1066 861 -617 -447 -1650 720 -2 -558 714 125 -1412 -1197 -198 -428 -26 -1038 -420 -195 144 818 -470 610 405 341 -780 68 527 -302 46 644 -911 -716 117 -271]
[911 -122 -181 58 -611 47 -432 875 -30 1391 857 541 648 -540 -907 619 -961 586 -980 666 -366 -492 268 1063 659 -607 -958 243 485 -307 493 294 -635 -701 822 485 513 -428 338 358 -528 36 -514 883 -827 -590 -593 706 402 535 705 50 -39 -538 510 576 -688 -963 -189 382 146 -239 79 -1041 540 1324 -173 79 514 -1371 647 -976 -344 -1127 1245 -753 102 191 -27 -379 -699 121 931 -936 -418 -488 -323 -1556 -291 214 -121 -981 665 18 241 1418 -595 354 134 1125 498 -181 -173 958 227 -161 1140 906 -27 -522 -235 557 646 -1041 -964 746 -308 1127 -206 -589 1000]
[-504 -198 -121 -632 30 385 -347 -4 400 302 -754 -278 932 -316 597 -203 253 -570 -19 360 105 1087 -476 131 499 -320 -984 -74 -702 34 256 -461 410 79 965 -437 219 -224 -589 -861 1758 514 235 15 -787 -1442 49 316 882 -1620 51 508 -915 148 581 58 459 -100 -148 -303 -856 -558 258 966 938 -579 180 213 -882 811 -952 147 -614 1156 288 215 184 27 245 -157 354 -615 -1394 327 21 335 -58 -1145 985 -131 37 -247 66 -1474 -75 62 326 1128 -259 -399 74 122 1085 -68 671 403 -964 776 -33 -94 -583 105 449 -15 886 -30 747 -1173 184 -866 636]
[1082 -1057 368 -634 -1337 678 -203 263 293 246 584 158 1006 -22 -37 210 316 -37 -579 -370 -324 556 -148 -266 56 -763 -499 412 -1410 -316 -838 508 -17 162 -1037 129 1127 895 800 574 167 -289 -470 -312 1118 -132 -389 -289 -307 292 -117 102 447 -781 649 530 -765 -31 887 857 -539 -250 503 454 -1407 4 -525 -932 -219 -41 191 280 -53 -423 -622 -428 270 -440 -1066 -26 -61 -2329 -78 -160 -720 -549 -257 -805 187 -117 65 463 -354 395 542 -430 904 436 -1347 845 1499 -823 -548 -230 196 -848 1019 -1239 666 380 36 -912 1116 378 -730 927 -1000 1082 805 -1003 -1289]
[1568 459 -421 -380 451 -629 -840 5 -243 -248 742 -690 -992 -821 695 1022 932 -1349 -129 -45 -167 -286 161 -195 -59 241 258 -467 2021 765 46 327 716 -23 -1371 231 557 675 -18 -92 1255 608 -288 592 222 -330 -224 972 -786 -215 -210 -182 -328 -404 378 140 562 -92 855 -541 -424 898 -107 -826 -376 3 164 -346 577 322 276 -473 -256 396 -997 938 629 -307 -476 111 -269 -21 204 587 509 -1033 117 1828 -43 -602 -9 -57 -765 -191 -1137 -410 -387 -115 356 -253 498 -216 -438 257 151 221 1023 -582 -333 -276 -344 -641 -277 777 -139 -1189 -127 23 325 -334 -351]
[989 1029 -332 -373 -175 205 534 806 306 914 217 111 -365 669 85 -536 -219 -547 360 981 -126 -133 267 193 -276 -879 528 -984 -516 -1017 323 -125 332 326 802 1333 396 -319 414 -72 346 468 -26 632 1023 523 351 -763 28 363 329 322 96 490 -446 -243 1138 506 543 278 931 169 344 -179 750 6 116 -312 -178 18 295 1031 -1333 642 464 -379 -253 -443 124 -51 -88 -958 -9 1084 -250 -545 -620 -265 1096 -50 -1087 103 248 132 76 1096 -517 -320 -594 356 664 -1198 -971 -661 1432 -1064 693 -862 -460 272 -535 -114 1427 436 -644 1617 -936 934 -715 497 41]
[-507 -276 -25 368 339 1228 238 -608 644 -396 106 -512 -225 -33 404 -466 -892 665 603 288 1379 387 202 -504 353 -178 -1032 -136 456 -1040 -837 402 90 506 -120 -1006 -461 -71 -433 -1164 -1038 -52 -479 1375 -673 975 847 -175 638 -627 -361 572 95 371 396 994 1083 -42 -709 685 -709 304 613 437 145 122 35 254 -1193 239 -37 122 -615 -216 -237 468 251 -822 534 -1700 -762 713 913 -735 433 488 -575 -268 -280 322 -768 -40 571 342 51 321 -81 -514 435 -752 -581 1147 1714 -337 368 72 -5 18 735 -185 192 -221 -571 -415 681 825 -110 664 897 114 1405]
[-440 -37 764 285 -357 -658 249 146 56 256 -324 -528 212 1406 -440 -233 -281 282 -141 -92 91 1483 76 90 -1338 907 1422 576 -216 363 -977 -936 266 -1456 -57 379 460 -543 1008 -155 1298 -700 773 307 61 639 390 150 -88 294 129 -503 -710 -527 -931 -205 -792 -569 -77 -127 -14 912 127 814 -355 -74 46 196 1621 429 -223 260 565 -1171 -353 972 326 283 27 532 724 241 8 649 -322 -370 941 -407 481 -38 -155 -82 -1175 61 -101 -924 -22 -31 -536 -461 527 -1061 -283 560 -115 -446 1218 -1425 226 -331 -15 444 330 366 -596 202 534 749 -716 960 -1061]
[-375 369 -641 -500 -145 -335 1505 -423 1040 -394 -300 -192 -260 920 -91 -873 -674 -68 94 135 -1431 -104 -290 -248 -827 152 575 865 505 -262 255 419 311 141 -231 1230 -155 55 -401 395 -304 160 -251 79 -1085 1519 172 -415 -380 688 651 178 279 509 -347 344 1172 303 -523 673 193 -274 518 498 544 289 -769 251 -207 -276 -3 -427 1280 -723 593 239 25 -415 371 67 -1109 32 -93 -671 -401 644 -748 201 -75 266 352 -499 939 1030 355 725 251 -1118 -250 -377 188 -499 -528 -643 -553 -1258 112 -204 -268 440 321 233 -266 249 -568 -849 458 488 -1373 258 -43]
[-44 -268 -1013 -553 -1049 -228 79 117 -403 455 -666 1132 495 558 -684 220 1041 676 -1290 -622 -276 -862 327 355 -703 -628 -837 -611 173 195 433 767 -164 601 -1164 -15 421 -295 158 -391 769 860 321 -904 -422 -210 676 146 555 588 760 -103 352 -675 -44 -339 -1284 54 -38 -126 368 -388 -483 1135 -486 341 -577 322 316 -9 556 566 645 422 437 78 -1043 -777 687 292 -460 -1275 -498 834 403 -521 -664 306 274 276 478 964 785 207 773 -1228 1767 -162 -637 622 1756 -231 -905 -60 -417 -276 -950 -922 -180 -96 -575 -1027 349 768 228 214 422 -1460 -1122 14 73]
[-98 394 177 703 342 374 -799 208 -830 549 -1249 -1586 642 241 1202 195 -797 978 -419 334 266 -863 519 -77 -72 653 31 -347 169 136 136 598 110 511 -1586 373 340 -656 89 427 -1676 -410 348 550 -91 -333 -425 -418 16 689 -451 137 1864 -675 711 -398 -1103 1146 -577 -499 -390 538 579 -1104 612 -724 713 -1028 -884 274 946 -1058 -1223 227 -53 -801 -734 386 135 -415 -845 -96 360 -53 -137 -133 -230 -423 -1359 -1 904 482 -186 707 -393 435 -80 1361 466 110 100 -1474 -100 -315 -318 -341 505 -20 557 -489 -379 -103 335 -390 839 -1588 135 954 688 408 1112]
[162 -697 -616 290 466 536 284 1355 279 -134 17 893 101 -130 -327 -45 836 40 72 210 254 156 800 397 -1239 -51 82 -682 1019 319 -631 9 -411 496 546 -1003 -1054 865 -272 1288 -283 393 52 -1261 467 323 -253 696 -768 906 181 -1134 -1320 29 378 235 -109 1363 -360 831 -269 -376 -254 990 246 445 -793 -981 502 -878 720 416 897 -1418 -119 228 67 185 269 -59 294 379 505 -329 -315 48 780 1400 -647 -378 112 576 67 1260 752 90 349 -1360 -921 -214 171 93 -765 1212 -64 5 119 -752 -883 -457 776 -910 -497 512 -134 913 -701 324 -147 810 -522]
[-1311 -281 783 695 -1184 -1145 -493 389 -32 -535 -575 -121 -100 48 2 -173 -377 420 1267 980 276 352 -352 31 -781 541 354 -84 318 -482 -628 -822 143 -719 -236 -1109 -1587 -150 35 -49 -683 -1274 300 -503 -470 889 450 297 1390 584 -1234 -103 -930 798 742 362 211 -1637 -167 -187 227 417 -313 2582 -423 -931 -500 351 34 450 -692 1139 134 -1450 246 842 556 679 154 1091 263 -35 496 792 172 138 -52 1094 -414 719 -912 -897 -1105 740 996 -1544 173 -219 -659 -825 -1029 1544 -382 -816 -1223 883 -369 1155 552 767 803 792 -1386 252 17 -43 205 -842 -315 -11 230]
[-1182 -46 328 99 -161 -813 -290 25 -787 -197 244 -1178 896 1742 900 -807 -1198 -145 457 -56 69 1190 1003 601 -418 193 369 1542 -891 -1058 -689 -233 121 192 -410 92 628 -219 697 -135 -123 -861 88 1541 -273 -21 -557 -11 -1268 157 -89 -90 906 88 135 86 -253 649 238 88 169 -569 1347 439 751 -825 707 414 269 -472 344 -322 -237 -872 -290 85 -305 388 468 -344 -1180 670 108 650 310 684 -69 -1489 98 546 144 203 -369 -368 1248 933 149 1340 816 -772 85 -1232 -70 56 324 -560 192 -79 1385 -552 -129 367 954 -386 162 -729 438 672 -456 418 -82]
[321 819 -614 191 -77 265 172 -252 -1110 -985 -1709 278 -674 -62 12 182 230 1179 -132 -509 -396 314 -538 -93 -1339 -1182 -381 227 -414 -446 1116 188 -225 123 678 -268 -55 265 -1002 1500 254 235 -191 -1593 21 -1297 -102 431 282 73 796 -573 -456 -93 -25 645 -345 848 -656 -200 911 -789 34 849 -30 91 -475 194 -1106 -239 824 -799 2549 -746 1359 -616 -708 -814 548 1171 1010 273 -446 -159 -740 126 39 131 -451 -575 321 893 238 374 672 -112 732 -1686 -137 -239 41 104 -639 -185 -292 699 -441 1561 -806 27 -553 588 69 264 -83 -136 624 -983 308 545 -1053]
[251 -696 -879 -184 385 926 403 551 -42 316 -543 35 -755 -1396 1527 -42 599 -383 908 -344 1269 387 612 7 22 -630 -508 -96 905 756 926 497 1043 347 236 -644 -804 1194 -1256 81 -233 511 280 -330 847 -567 -319 -528 -806 -950 174 306 601 746 937 984 284 803 190 171 -585 -429 -532 465 177 -54 -398 -1537 -776 200 470 -282 191 -244 -1264 31 440 -876 -161 -819 219 -195 -613 -209 -258 -627 -293 1979 -438 -710 -313 1083 -303 252 189 -274 -605 -1056 -762 -42 -215 1419 693 -62 -337 628 -655 637 -296 256 124 -355 -851 17 595 888 134 -460 1628 -76 -181]
[-158 630 -657 -404 -660 70 779 -732 629 -173 -940 -330 -258 532 -203 -354 202 210 101 -1569 -11 140 1217 -213 -744 20 -1057 1337 -562 1106 -504 -435 52 -451 -772 1320 461 539 -831 -1398 579 570 -715 764 -358 1163 149 114 113 -109 1339 834 1045 -206 -1128 329 166 476 -1148 215 711 -155 -133 111 -755 -501 -236 1150 -102 735 586 307 1103 134 -19 -264 55 64 625 717 -106 25 -427 -628 -900 286 -1033 -83 248 468 408 552 590 502 443 -918 601 -421 -366 -313 -399 -1821 256 -657 170 -596 -12 1082 93 -74 -686 1074 1152 605 124 -297 -238 -933 -615 -382 -356]
[833 518 779 -69 -683 70 -655 -641 474 -916 -425 485 -28 -25 -659 408 64 -322 -251 -1537 -146 -14 -1049 166 434 -467 32 357 -547 141 -461 -123 139 -803 -900 1120 1029 1127 374 -1293 -512 500 -457 -78 -148 284 -680 102 213 1153 132 -1023 289 125 -546 -1054 637 -1204 -359 335 688 -935 -1259 -1160 386 -398 -89 312 -627 -147 -873 893 465 -658 706 375 -50 380 -634 587 769 269 705 -281 -497 420 333 704 1123 1359 505 -946 -229 -464 909 1 -485 1073 -285 -701 -625 -1223 -672 725 -138 624 -583 -267 1315 301 173 -58 1360 259 -110 -1467 -238 -307 -2689 326 -822]
[894 577 483 367 29 604 538 -942 151 -1209 -25 970 1226 -375 -423 428 -1343 -430 263 -136 -503 693 -1853 149 1005 816 262 -429 -836 -111 1420 -83 -517 545 299 -152 440 -99 -705 317 -104 -336 -694 -657 -1031 -253 1274 -516 -421 58 117 -1047 -329 -1055 275 43 1349 -774 85 439 605 -557 47 -595 -121 978 -754 -171 -721 -78 -108 -104 -342 458 254 -68 1110 435 -190 -541 171 1013 -379 -63 1107 784 -11 -1428 465 -154 -70 -715 84 145 -1181 528 -105 88 1168 -300 -37 634 40 268 -157 -404 -1145 -167 -688 -165 706 -878 -756 -734 315 -407 -751 310 404 -280 -87]
[-545 411 -96 -1770 857 278 476 -97 -31 -455 -517 7 -38 882 179 334 748 -305 453 -1018 -599 -1042 820 363 -1254 -175 -347 450 237 923 1374 -58 -600 -165 -665 1421 -86 -231 209 -37 374 584 -122 -299 367 678 -11 95 -16 452 313 -208 166 792 -768 -652 738 -520 -184 336 2095 -957 -4 406 44 919 143 1194 608 -226 -558 -378 583 -462 1181 437 212 -324 187 -292 287 212 183 -431 27 -108 -1277 641 -724 -156 -119 579 366 781 -221 -505 700 -750 250 151 -1381 -661 -504 -955 -44 -499 -391 904 -272 -400 375 297 -14 1337 280 -1130 -612 -765 -19 430 -609]
[-440 1045 -492 1411 -67 42 -131 -609 64 -101 416 1260 -79 -397 -165 12 -486 301 -655 461 466 495 -304 306 585 165 -386 663 -665 14 -88 -157 -182 -628 1126 265 -173 -569 176 536 641 -730 689 -71 276 -67 147 -657 -691 -325 358 -628 158 -414 -497 305 -155 -324 -459 498 -1375 -562 236 358 452 371 -21 -191 391 445 42 -536 80 451 -110 85 -323 220 -82 1088 -382 -481 -290 -349 -478 982 168 -1167 453 472 -70 -1293 360 -68 57 317 -971 -76 -998 -225 1319 -730 -223 1258 -397 -935 -283 -854 102 1054 708 370 685 -547 200 -157 397 -911 -254 -52 -65]
[-266 -558 -187 452 -78 165 298 1301 96 531 -517 1474 497 625 -744 -435 927 303 821 321 -525 -1003 -73 -678 -99 -1331 460 604 -931 626 87 -270 4 -1072 935 -278 -990 -427 -80 265 -130 5 -344 -945 -731 507 -110 195 374 -1330 -245 -516 -466 349 -209 -155 -367 1257 -88 624 -814 -778 280 1057 78 -161 -356 435 -87 6 -942 -405 6 -425 18 -617 -80 -139 367 660 1032 507 259 -1160 -1416 351 365 -904 870 1237 -194 505 95 134 681 55 399 -395 -1225 626 831 521 295 923 -203 -4 502 597 -631 657 180 148 944 -473 -340 1223 697 670 -546 183 -271]
[-1428 -1324 -57 624 -161 -735 -29 449 756 -134 -95 1259 262 -1323 -547 237 -383 -722 559 -82 68 647 0 -409 155 648 116 -1212 1618 -17 443 181 550 1144 579 -276 -920 42 587 348 -6 155 711 -34 443 99 -274 -120 108 322 -120 -658 -313 531 -257 -723 758 -294 237 583 -460 -201 -320 369 851 789 98 216 633 -653 150 1200 -1646 993 -63 567 828 -753 668 -167 -831 583 227 -106 989 -263 -92 280 372 -291 -602 -877 228 591 -1065 412 -319 -832 -1132 -277 -144 964 -392 175 -824 1273 322 521 731 -209 404 766 -858 -690 129 103 487 -1635 -681 262 487]
[429 792 -884 -222 612 -326 412 1141 -838 1747 584 600 -1091 -700 597 -236 580 1349 -350 1127 -232 -1827 -774 412 554 -162 627 -256 962 69 -856 735 -40 -1840 169 138 -532 -854 493 1646 -1054 223 -128 -316 -142 -742 -481 -924 -224 -70 -547 888 -539 767 214 -67 -613 -382 14 475 -1377 385 1076 -997 -299 47 46 -46 234 104 -1574 -814 562 -764 -186 -525 -71 59 -465 975 -245 -197 -303 -477 -587 -235 505 422 -184 1088 -409 -609 -180 10 190 668 -677 -97 1103 919 518 -323 -124 737 1134 -969 365 -519 -856 418 174 -32 -43 -65 -339 1261 702 832 -668 -494 621]
[1320 351 67 -28 529 733 713 83 -304 -175 -413 643 10 278 -433 1146 367 230 66 986 -65 -594 -1070 -82 893 1119 1077 -1120 -826 219 -210 212 -357 -128 527 -245 374 -171 -1310 314 -1116 233 -4 -1528 -365 406 154 -24 794 -474 -135 -793 -293 -739 58 617 -94 -92 -60 -643 179 -177 -584 -132 327 255 114 -496 -1029 124 975 -353 1127 748 -404 234 93 -179 -514 -800 904 716 -575 219 626 -350 938 1448 308 -491 652 492 361 -121 -190 -1043 141 -182 -106 1135 150 90 135 391 -337 -197 -1276 -1835 -1317 628 647 -838 -243 268 -118 356 -1235 291 1005 783 17]
[69 -197 140 346 557 191 -447 -656 -713 89 1263 529 -297 92 101 546 707 16 -343 160 -198 254 -238 -553 986 296 364 -323 794 -763 -134 577 296 -188 174 -989 405 -856 583 1100 302 -358 -185 -6 186 -480 -60 145 -454 61 -426 -478 139 -929 309 497 -312 -325 856 -527 -924 604 373 -131 -430 780 1048 847 343 -464 270 -282 -736 664 -809 549 -50 -771 -471 -430 -495 -224 -856 365 814 -707 469 -188 131 -365 222 -467 208 -898 -323 224 186 -203 863 937 460 1705 296 354 342 -83 -7 -1368 242 -336 200 -317 -592 501 369 772 -342 -578 1098 -947 789]
[-737 595 -456 682 121 -349 -51 639 -195 184 49 -718 -571 825 742 -7 -344 -176 -670 -62 41 288 543 742 -834 329 596 -441 -630 -532 -16 163 -273 156 1606 467 -318 561 41 474 -418 -71 247 652 808 -1385 -580 762 -862 -71 -384 24 631 493 161 199 -116 -443 -468 -581 18 478 368 122 453 -395 32 707 29 -81 814 -508 1194 -1 36 -875 616 -556 377 340 79 -274 -491 711 335 481 493 69 -387 236 -26 556 139 492 -23 -1084 -518 17 459 215 -1373 948 -155 524 -928 -412 -174 550 268 -596 -285 500 689 482 -30 -590 -1475 -55 1090 278 -153]
[-573 -301 -186 -542 -90 -348 -101 980 1475 999 -769 -5 604 675 239 18 151 434 263 -1223 477 -963 1277 -316 -1135 642 -842 71 1037 463 453 263 -727 -35 -943 177 -708 -786 141 -782 -1 112 -321 -389 -3 55 727 -589 -276 -403 27 1111 1106 1192 -74 -762 413 225 280 -20 51 -510 -213 1142 132 293 -69 1061 207 -1151 40 211 591 -571 -408 49 -140 319 1081 -549 260 31 -236 437 180 813 78 261 -922 818 525 149 8 -246 613 307 501 -742 808 -33 -772 412 464 -754 -299 -720 -81 729 250 -483 -696 187 -540 446 1013 -658 865 -95 -579 1010 598]
[-392 -383 807 177 -904 -944 550 268 531 -664 -768 58 -751 171 42 -664 671 1150 960 -140 994 1835 -1233 -742 -1629 76 1018 -451 299 -154 347 -508 1605 -429 788 -7 -1244 1 350 -84 919 1024 769 -955 514 -810 634 -756 -293 87 1290 -1140 265 925 -664 207 -520 -404 -801 402 234 -805 -87 1096 67 -388 397 790 434 572 -562 339 1435 -756 -542 1445 -521 329 -1055 773 1116 -640 -204 -114 446 -261 569 807 196 442 -203 -644 -1215 -226 -319 -527 -351 -384 49 -734 999 618 -307 606 -1051 478 -873 502 -444 -222 -134 856 -669 -307 1121 -911 1029 -239 527 444 -1358]
[506 721 299 38 -294 -1104 -163 165 -864 -610 534 383 -1122 46 864 -645 -408 270 -164 292 283 975 17 -83 -998 -632 -1247 821 598 -826 -126 -760 189 -355 548 446 99 524 39 -114 1154 191 -157 247 -848 -311 553 497 409 191 -742 -82 -1024 190 -864 929 -462 -331 -154 -323 213 524 650 1673 -1210 -378 -457 898 607 314 -708 471 42 440 571 190 -817 159 -1121 2122 304 -152 486 392 -1255 -455 53 120 1024 270 -646 -94 -857 285 432 -1102 478 -606 -845 -879 0 550 -626 719 69 75 216 735 -27 -372 -661 262 298 214 66 1236 340 -1421 -57 -625 299]
[-1164 -784 517 335 901 -1382 13 277 -285 167 -212 214 671 459 764 -755 393 61 -682 352 -207 -1006 -17 732 -664 695 978 -381 561 209 265 -54 -702 -13 -578 5 -566 -600 878 771 -594 -2129 -428 -101 -230 251 217 485 -807 485 -699 -510 -184 1769 63 -1315 -529 -604 1468 335 481 -679 488 726 604 229 738 479 1031 -916 -759 -153 29 -907 -210 331 670 472 -23 211 -42 592 -249 100 844 418 -89 619 -85 666 690 -1176 -190 -287 1095 634 418 1008 1519 485 -8 -220 -239 -74 21 -247 858 117 -19 172 1356 166 -995 974 829 -1393 633 374 -713 -399 -255]
[440 -45 899 761 738 -549 361 951 126 -1072 -100 412 1005 16 -568 11 406 -602 1195 12 -410 -446 -337 -256 1400 1262 -261 -601 1120 -829 260 -931 136 1061 -1048 -830 -310 -1169 281 -398 -194 -827 -673 -48 -514 1063 725 -13 406 557 199 -1319 -436 -36 -148 -726 839 343 375 192 5 -239 294 -323 617 -233 -169 -212 647 43 -302 448 -1639 857 -321 -261 1018 601 -510 -104 -8 114 -38 -484 368 -579 663 766 699 110 360 -417 20 -357 -481 190 144 997 78 -227 235 -86 -193 -455 182 261 -148 -253 -160 464 310 -919 25 -18 663 752 132 668 -859 -806 603]
[-1316 -29 720 744 -69 236 686 1157 762 -483 -230 -508 1174 292 -930 -375 274 -296 -923 423 -577 -922 -426 111 -27 -907 457 -1109 -417 -422 21 -344 -1013 -54 1405 -539 -210 -584 -382 335 -1045 -958 -86 -753 -451 -22 -635 1127 -348 -104 16 -352 -1201 353 1108 -314 204 -970 22 574 -24 138 750 1370 -431 532 -888 367 938 -298 -435 563 -958 -1120 748 -436 1378 717 -511 301 609 -335 -268 -511 129 1084 147 -200 -810 -285 299 -806 -35 754 677 -295 524 548 480 -389 -378 555 131 -164 -603 -74 -239 1309 59 -270 153 -633 -250 -359 331 -198 -1212 1125 -1055 -87 690]
[-550 -216 -173 -1318 -1621 172 38 631 -481 1062 12 480 699 752 -242 -804 -871 -440 -400 -228 592 -331 1284 6 95 -1382 -1115 193 -156 -145 666 1318 -1110 -1014 1093 1327 711 -268 931 -376 390 -69 777 -827 950 -1340 -24 -1086 -619 76 -298 743 380 1942 353 -99 537 -236 1126 849 569 -790 121 1009 8 1120 438 -56 1160 -426 -230 369 -1152 259 346 586 -407 -481 762 84 -332 -713 -897 975 -301 100 -740 -606 868 140 -595 135 20 -58 702 -412 12 -676 -579 770 -1 31 -351 -1274 -90 -997 -578 -380 392 177 435 -275 -223 467 658 215 1026 432 -782 818 -80]
[196 -229 577 623 421 280 147 -46 -401 148 364 4 527 -430 42 -397 -158 -1088 1605 1164 644 -682 -578 49 1160 1239 1971 -159 -778 197 259 36 743 -574 354 -74 -173 172 -583 870 -163 -862 569 -138 764 544 482 -910 -418 -212 -722 162 43 -622 297 -699 1291 640 830 120 -482 428 -654 -538 401 -332 -101 -1241 -134 -174 -618 819 -986 366 -2370 253 285 847 -204 -363 548 526 -158 1036 1449 833 1534 989 154 -363 -719 -164 -966 120 -875 927 -1176 71 256 -910 -197 474 174 -632 586 -631 -726 -1431 -672 858 2242 -993 -20 -688 -372 -116 -1220 595 570 98 -1086]
[607 53 45 -1059 626 593 -235 849 517 362 314 -1459 -540 460 1081 736 433 157 869 -517 1192 30 60 -1063 109 340 -119 -108 845 -393 -590 -1 11 -97 411 769 644 839 93 -178 -141 4 119 -42 1615 -699 -216 -1087 -936 -60 -1042 481 182 247 603 715 -215 -173 1325 -277 -801 -228 189 825 370 -638 1240 -824 -208 728 -210 -278 -966 1051 -1515 -833 -364 -723 -1027 -194 221 -1339 -1094 1092 -510 -138 219 110 -365 677 246 37 -929 -1061 248 -489 -614 -419 -96 -445 -477 42 150 -595 201 -155 522 -138 120 158 -1006 -188 165 161 816 402 -38 221 2465 366 194]
[83 536 805 -312 480 203 128 -495 -314 -567 -217 -395 396 54 -13 462 -196 -86 -798 539 -1236 -1057 1141 279 -504 -291 -200 -438 -985 -653 428 408 -489 -337 576 273 103 -496 537 -156 348 -564 -586 1147 -237 655 146 916 721 -72 40 -323 285 -791 49 -534 -649 -411 11 -600 761 1387 -645 100 -894 438 -39 1158 955 973 131 -519 -1414 335 1067 -495 167 -451 -328 1250 -155 505 1068 -237 -288 -462 -509 -746 -1195 226 -1053 955 810 480 -1714 -755 1106 803 -681 438 -475 550 664 631 241 735 342 1670 -1060 -876 -147 377 407 -341 0 632 -1088 -71 778 -642 800]
[-472 868 85 408 889 -516 688 -131 -80 626 882 -327 -426 -106 -721 -384 -1048 -900 697 -251 -594 -732 597 211 225 574 1303 -218 799 -814 -40 -60 622 -140 2057 979 -306 -336 731 -921 -113 -294 -187 927 -407 1282 350 74 -367 358 -27 73 -377 1119 -616 -629 680 -37 773 -1 600 820 -574 -435 1388 1093 251 138 444 -661 582 828 -971 1450 558 376 449 -1084 671 652 -170 1581 -136 1529 1301 -397 -434 389 359 819 -1413 -652 313 244 -1567 437 -429 -887 612 -466 -804 -180 -54 -989 473 432 -485 -456 -216 -977 159 942 311 264 -656 164 -527 166 -1142 565 750]
[-265 8 -863 190 442 -853 -62 424 -1077 -270 -683 268 152 980 659 691 370 -394 140 772 162 -838 1120 473 -293 -20 -629 718 -19 -196 1006 -254 -335 -810 -172 185 389 144 359 -298 -247 311 -291 181 -705 590 -86 670 -382 -256 -515 -1037 1071 1001 -465 -319 43 1253 139 -749 657 -412 933 924 828 762 -238 524 123 -766 624 -1515 694 -57 203 -247 451 6 388 311 -702 1377 411 -426 -224 496 -828 250 -346 -338 1552 641 708 1198 -170 -1146 977 -518 -743 414 -1495 -379 -812 396 -869 -378 530 811 -322 -419 983 1091 524 698 -323 -1436 -819 -48 35 460 -508]
[95 223 126 -497 -446 -1133 143 -319 305 572 414 -410 -756 -372 -107 542 -589 -258 -79 292 -261 613 -970 -613 1461 -428 -159 38 -260 -283 -301 804 478 -68 -24 613 217 -625 -178 -227 -519 1098 380 173 32 -1892 -19 -333 -43 22 -779 769 428 1001 90 656 -67 -29 140 -680 -840 335 715 -1114 203 -127 832 161 -1006 65 -653 -641 446 957 -297 173 -923 799 -557 -65 -719 18 -323 -30 -432 -639 -242 -350 906 515 659 -1251 -314 -804 70 259 -635 794 -256 550 499 -392 -258 -193 -19 -209 930 -232 1363 147 -87 551 735 169 -565 -1031 2055 373 -620 -515 581]
[320 138 942 369 -125 -182 -93 -116 -507 792 -909 348 796 -1024 24 12 -705 -866 262 3 326 105 -659 -324 1025 283 445 -668 -434 612 409 314 337 690 -654 -618 345 -386 290 273 102 -229 108 -224 -143 -694 368 257 -113 62 -551 746 -150 -222 -262 -956 360 -635 492 -590 -370 613 -362 -1310 169 114 431 -1285 -585 275 691 984 123 1265 -801 603 -384 -765 738 -986 -214 120 187 259 1316 -495 7 1209 162 344 135 339 -325 -1019 -1180 27 -617 -78 205 115 266 -478 -73 -897 -256 328 -433 -1059 0 169 502 -491 -156 844 85 284 1452 -719 -2 492 187]
[6 -136 -703 239 -303 -240 -363 -114 510 -1479 588 484 -312 -417 277 594 81 -44 536 -710 471 -581 -251 -562 1030 30 199 1263 600 -14 751 306 -307 -531 660 -282 -425 232 -194 -147 -995 551 -584 -519 226 164 -1186 -522 -253 -23 152 -816 1300 1063 367 483 1393 1526 186 958 -318 -1862 438 -702 1560 71 -205 97 -918 -275 -165 -1127 934 -159 447 -704 553 -49 510 1316 -106 650 26 -908 -1168 1116 -578 189 499 900 866 -295 -84 497 638 -53 -708 -46 -316 265 -954 388 113 828 -1658 567 329 1838 -187 148 272 1231 -212 -431 55 -1985 503 1011 -738 239 -703]
[1047 124 520 -1235 1333 697 -801 -1068 -39 -1387 1238 -108 -462 -122 -262 1685 -527 -1302 734 -362 -551 -2005 991 278 1093 -17 -125 805 -702 -672 110 501 -725 246 4 -373 506 -345 -424 -623 -187 -352 -600 1168 -823 198 442 65 -267 -659 -1646 -820 -310 319 356 466 1460 89 1922 143 431 787 -415 -1254 190 740 313 886 72 -914 -493 -823 -1311 1361 -168 -220 735 -385 -242 -184 -119 2133 341 -595 -111 4 -401 -465 555 863 316 -263 100 -430 -410 201 -401 676 348 109 -729 661 632 -327 468 415 -655 -69 -805 -125 833 -457 -116 241 -1377 -551 -260 -158 -366 -807 1543]
[-528 -246 -301 1542 -125 783 -786 -281 -714 -1924 -306 -674 1236 -44 -49 -352 295 65 -305 -935 584 -1026 390 113 622 -711 -1826 -235 -256 -939 272 -90 -1374 933 88 -614 273 761 -504 -751 -1441 -522 -145 -266 -206 266 -943 980 247 940 65 120 998 -698 932 257 693 -422 -567 -35 929 -1201 -148 264 779 -770 -69 -652 -1322 -135 847 674 -140 332 977 -1415 570 -514 703 -720 -144 -9 -143 -410 -212 474 -260 -245 -100 247 521 -297 1442 343 596 214 857 932 622 -435 -1152 57 507 -213 -1104 1830 -799 477 942 -260 86 -188 -334 105 548 -676 -614 16 -292 209 1164]
[513 -706 221 -20 51 1141 83 429 475 935 -315 -650 964 -41 -77 -531 235 -116 -337 -967 426 242 579 556 -1026 -479 167 364 -1468 798 362 163 537 284 671 607 271 558 -313 -717 105 1062 68 1267 903 -158 -432 835 559 185 979 -35 1130 -326 245 -50 -547 454 -35 -202 1221 350 -1715 -648 -626 -288 122 263 -446 755 1130 461 -259 -488 -90 -16 456 256 418 -426 1176 446 322 372 302 -810 138 238 -146 1137 -704 691 210 -706 -607 131 107 681 -14 726 35 -245 521 173 216 830 211 377 -501 -672 -825 393 1112 147 -209 348 -1328 815 1115 133 -128]
[-253 570 -448 42 -340 289 46 515 -416 -843 -653 -487 -428 -397 -926 -219 1197 -367 1173 -413 489 -45 80 -1419 133 -716 745 -1125 1038 -9 -208 -537 205 520 415 -1114 -254 -488 -952 46 -262 489 -113 -850 843 324 -591 -85 -1163 -94 476 402 -309 -625 724 1104 1689 639 22 341 -39 -276 385 130 288 39 430 32 621 -653 969 885 778 1007 -489 413 -265 -332 9 -602 124 -754 -337 -480 620 757 24 1307 155 -1113 419 483 -565 303 586 726 -900 -1424 875 -672 199 -152 258 -409 -711 678 541 23 -7 334 -364 -606 -654 -69 15 -345 692 -49 -425 1078 185]
[-15 -22 61 -453 -345 -252 401 1040 219 713 399 -230 1331 231 -846 -917 68 -47 344 -871 -616 539 -576 178 179 -108 -644 318 -946 324 171 -463 450 1935 1320 94 158 -408 -544 433 1288 243 -3 -2 -356 -1237 153 -232 -256 5 264 912 -137 -434 531 -89 -771 -626 669 -329 -444 -591 -758 -368 8 207 141 -548 -717 1403 -228 433 -479 1159 -182 -1273 -415 -91 -322 -556 -353 -1012 -790 -363 852 211 -44 -954 -135 1658 279 -189 74 -1605 -41 1320 1037 691 115 -476 834 116 28 -17 539 186 -464 1336 -706 -16 -540 365 538 -584 334 1315 1131 -1138 4 -836 886]
[-187 -262 791 465 -116 -1294 -501 724 -180 -382 -52 -618 -463 259 626 -230 116 -75 747 105 102 -306 -480 -690 -243 675 798 -210 415 -573 499 -611 712 469 325 -954 -1257 -60 227 1089 -585 -321 678 317 512 -627 -64 -1205 -1033 872 -590 -250 492 1624 21 -62 720 264 758 -820 280 -237 78 159 623 137 1297 -200 215 -772 850 189 702 39 -1068 -164 504 -142 -114 -420 -137 -407 -502 634 1556 495 469 1309 -140 505 469 21 -1263 31 -297 -258 -998 -247 445 -107 660 495 -700 -172 -587 286 -582 -26 -82 678 577 -247 -789 383 156 -389 793 404 -78 410 -1071]
[281 -109 -676 -894 -335 840 -576 -800 -1266 -47 382 -796 -528 -755 983 435 113 -300 181 191 -205 -732 -322 5 489 -512 -921 251 -417 281 1157 1658 620 301 -378 246 -67 540 -883 624 -296 685 821 69 9 -1153 -223 -523 -320 -79 -406 485 308 155 659 346 181 823 264 -21 -216 -1221 583 -473 -83 -118 402 -1043 -1286 -177 -1085 -386 21 705 -172 -998 532 -1111 -1017 -824 66 -566 -1163 124 222 -353 -1150 432 398 -583 -332 430 466 43 -48 13 -297 196 -894 156 453 -143 244 -944 357 -858 -1201 -938 -333 707 935 -364 345 1146 -747 -652 306 -371 578 -425 816]
[791 -41 -1690 43 808 -622 55 -495 249 -1536 1459 41 -1237 -222 484 754 246 -795 814 -200 51 -804 615 -425 276 462 1 759 2256 -749 166 -407 167 1568 -864 412 -558 793 -550 -470 648 63 -338 419 -61 1281 160 488 -323 -1207 -12 -14 50 260 -788 921 1083 1395 -124 393 -568 -649 1125 -267 -148 -306 -559 365 159 -351 281 -989 853 1022 -158 -291 710 -377 452 93 -1429 974 316 -208 -657 620 -749 237 589 -430 -457 454 461 754 -116 209 526 -916 328 -307 -797 280 412 728 446 -154 798 83 320 -281 -425 275 -45 -658 -557 -947 -404 49 249 -37 -213]
[1419 197 -139 -456 -813 1094 -634 -544 678 -799 744 577 -308 -603 -303 1047 -1 -779 234 -562 721 -1458 489 348 635 -30 53 937 31 703 134 38 -113 -773 -576 1470 822 718 29 -1625 552 750 -746 552 -277 1440 403 -573 752 -34 -438 -876 770 -44 -738 -58 461 630 -225 453 657 -863 -628 -663 1348 -500 -410 -944 -63 -173 393 -372 266 783 -85 511 119 471 108 174 -359 267 225 241 114 462 61 1027 1013 -49 -25 -343 425 239 -29 -407 720 -129 -1045 -307 -381 -252 -27 -401 -122 -148 41 -588 -32 13 -1033 -540 185 -586 -269 -1651 -1190 296 -508 -133 -841]
[96 -84 -140 -469 464 189 -127 167 -257 -270 -133 -577 624 393 -70 167 872 -833 -11 -1079 -87 -582 1300 -53 -1087 -476 -3 -1227 -47 1354 -355 -103 -762 -341 270 1039 499 807 239 -894 686 -313 202 162 409 366 28 598 -975 -274 412 -207 723 -508 -260 -406 331 -681 568 18 917 826 273 547 -272 527 -130 710 2027 -528 522 681 -357 -68 -405 477 362 -424 -119 -449 182 -463 -472 -6 565 -518 -141 -535 -790 -677 151 262 51 356 -1189 -408 822 296 994 -227 -392 -1184 -393 -351 80 224 823 -617 81 -796 391 -813 223 975 585 -535 -652 343 797 43 -22]
[-867 -99 88 41 735 133 387 -529 -603 486 -413 -75 -35 391 -25 -989 -333 -828 -621 62 -631 -5 687 586 -832 -248 -332 -572 -244 445 -231 927 -968 483 -300 77 -703 1253 -206 -237 -550 -1302 839 207 -844 -317 422 1242 -404 608 121 710 -324 887 -570 -531 -82 -321 518 -16 674 642 -163 378 -396 416 -516 462 704 -24 -633 175 719 -447 717 -176 18 -329 859 -1010 206 266 256 -84 -423 -1045 -780 338 -801 26 -413 -181 1211 -35 -576 -83 573 110 392 461 -924 292 311 431 648 43 -163 -475 508 214 1149 -210 153 1106 -103 372 872 625 -760 236 677]
[164 596 701 94 -623 -461 1069 761 -99 -75 -369 1474 330 519 95 -653 -539 691 162 1028 -522 -22 1124 -1 -1505 -1325 186 695 -1427 -1316 -159 -80 321 -283 836 378 35 -216 1553 500 1052 -122 -590 -372 -583 1145 1415 -275 137 -943 246 565 725 41 -911 -184 -290 1142 10 -156 479 587 331 1366 -77 -207 510 2337 425 -25 110 180 -558 455 991 -212 -1412 123 -394 1569 358 -111 1319 667 -741 310 -420 -1128 -66 -1154 -487 1106 34 910 -347 -36 661 -1412 -2773 112 -212 557 -398 -188 -120 -682 828 988 107 -952 -187 1037 233 -875 -125 990 -703 831 398 461 -832]
[-957 -1147 -884 -12 338 -361 226 -1013 -56 53 -185 -1181 -1537 122 1206 57 -340 1065 229 -495 281 886 -532 -457 -28 356 -735 1137 1371 -529 851 -89 864 456 -618 -252 -926 -150 -415 -253 -69 19 267 820 -208 -336 6 -467 227 162 600 149 230 798 -195 570 -361 712 -675 -84 -925 -314 490 -457 -81 -108 207 -209 -893 819 -424 -780 -502 -278 -579 -749 -61 -191 -484 113 -266 639 -596 -470 -518 -420 -501 -185 -1094 553 269 195 -74 -47 275 -121 -179 160 315 -252 -675 727 404 39 370 76 34 762 227 -423 395 834 -320 -171 570 -312 690 -1083 774 -328 79]
]
