5526.746783 2928.240027 1.029236719 63
[[1684 59 -147 299 564 8 220 -698 -287 -930 360 -1016 684 51 -285 56 -319 330 351 131 -31 442 -608 723 -184 -225 227 -351 665 -220 567 285 -804 -569 107 -42 14 344 -174 818 221 13 352 -584 280 245 -948 -977 166 -167 -570 -781 578 -198 210 -367 -186 562 188 535 -376 544 742 -713 -36 -142 1228 302 -815 159 326 -642 -156 701 -356 -272 -488 -209 -400 -5 -449 379 -476 -328 216 334 234 256 332 40 124 -1088 -380 806 -646 1369 -274 634 466 410 -619 278 477 -451 35 -470 -108 -265 343 -663 -118 -443 403 543 126 -297 436 -96 595 15 -431]
[679 -44 278 355 -195 -421 142 -87 584 -380 -865 -1337 -7 283 -663 -513 -170 419 507 -104 137 -23 -486 -125 521 -475 -163 168 1032 86 -226 -364 -920 -1008 224 -430 359 -704 -583 -103 -124 -564 49 655 95 1243 -204 -190 194 349 97 -748 -260 95 721 -829 -354 533 424 381 -1071 185 128 -86 360 -823 572 223 70 -492 41 -938 167 -108 -544 -418 27 -9 -472 555 -615 1060 -858 -947 -399 1279 -373 375 804 -77 352 -423 -612 -240 -444 750 -862 -1 329 18 -551 -180 605 -707 -471 -2 -295 -75 -111 474 -1019 -1329 -260 221 332 797 -222 -403 370 -592 -352]
[866 -689 -158 1137 -360 64 -655 -554 -372 -492 673 493 -100 400 178 72 680 816 -807 302 133 -232 392 -880 420 874 -508 570 254 478 749 365 -256 -869 -171 -194 230 -394 47 -179 164 -632 643 342 586 584 -62 539 -397 745 668 800 -91 264 -78 -193 530 -942 -489 -956 -617 -396 -814 604 -461 478 131 304 109 -428 197 120 -171 -497 14 -254 590 228 -121 -27 -159 1033 -529 10 174 -371 616 369 30 -341 403 -555 -524 -373 -396 -977 407 -1510 164 -6 547 766 378 460 -556 -217 480 -243 -762 607 -764 -275 -571 199 321 -317 504 -520 -1279 -131 669]
[-1075 466 318 -767 -211 -9 -94 98 1194 558 -104 -843 -720 -563 -626 -207 239 322 245 -579 -124 -215 121 -818 358 -1130 -97 1113 -486 -166 -1002 -479 471 126 -926 -467 -100 293 -553 -349 694 742 -564 1026 -676 487 -147 -252 274 -28 -107 -115 -474 -186 212 -26 5 -932 991 555 382 731 151 67 302 -673 138 340 47 467 -772 868 -287 418 470 226 -633 -762 288 -443 435 -694 290 559 -210 621 -1235 462 -318 1292 -303 492 -392 -861 117 -230 -353 -546 918 -296 -601 -193 -707 -253 622 -134 -83 385 440 576 43 989 -170 -295 -371 401 -773 -298 1369 308 -159]
[-1127 -781 327 -642 447 144 536 196 28 204 147 1076 -241 -853 -18 -14 -789 -485 -69 251 627 829 448 8 -270 -227 179 -151 -1046 -71 -1200 -319 768 1083 -24 405 -79 -36 345 -420 -591 543 121 358 -405 -779 454 -210 -1205 -1040 -378 -255 -54 -293 350 -224 -199 435 103 -960 1120 -608 -510 -131 -242 -549 -1161 -605 580 181 -305 -281 -449 -884 -877 -561 548 -28 815 1050 -213 -1570 120 -99 537 -1015 -692 -458 367 -1002 630 -326 804 -754 876 -127 132 1189 -536 -554 600 183 -452 251 1006 370 130 701 5 262 229 120 880 -496 30 -1240 246 379 -95 138 433]
[-828 -1052 -35 794 569 83 678 -163 -606 -467 419 1131 313 117 208 738 -565 89 -1048 65 15 30 -413 -173 438 933 -472 898 665 -252 436 324 725 -81 -54 1 498 -956 774 -381 -180 578 643 597 933 -59 -207 630 -378 825 105 463 28 856 -77 -1708 689 -545 355 -569 -702 -814 -536 312 -349 248 -238 -342 -84 67 449 171 -609 -871 -452 -341 293 -763 -233 -96 -853 91 102 166 274 -616 344 -207 120 -1147 414 -595 353 -486 729 341 97 196 -149 -230 911 952 -63 632 -348 -166 1110 -555 53 -627 462 299 623 809 -324 -173 178 449 -1409 -79 1024]
[1218 -545 -345 -252 -554 353 -647 689 -510 135 534 -687 667 879 -695 -815 1435 17 303 181 -435 -807 -412 -711 170 -853 80 -229 697 199 547 50 -694 663 -419 126 460 483 -1 471 214 -736 502 -450 -474 -223 -97 -498 287 -95 695 -196 198 231 -197 1374 320 -712 -731 -349 139 692 614 21 442 1316 -358 379 -713 -297 277 413 727 734 514 -754 -236 577 -200 -332 265 989 -680 282 251 -757 295 -78 -515 1050 217 -65 -777 -533 -703 -531 -468 -1078 149 121 -628 446 195 387 166 -741 -445 -143 210 123 -281 16 -1113 -529 635 -316 -173 42 640 561 904]
[170 -1084 -181 -157 -662 -314 -236 649 174 290 -1203 -590 -486 -728 -363 -1015 150 -749 710 -478 328 -482 737 252 722 -561 -238 -1329 -583 -88 -1043 -479 -948 -145 -207 733 -293 -90 -154 49 -482 -140 370 -216 -1074 -452 857 -822 -514 5 410 -518 -16 -493 909 495 58 1255 -269 106 268 238 207 -208 1202 -24 -68 -487 700 -86 -863 -828 -263 132 -873 -117 124 -5 678 598 492 346 -670 -649 367 -587 -1149 303 -191 405 465 -45 -585 535 1000 1042 106 673 -80 -88 -430 -130 195 -1138 367 -11 201 325 589 316 -562 -141 -52 -366 -9 -304 -913 -231 409 562 -1010]
[1841 -166 -126 -582 489 -414 537 -866 -1287 -306 862 -520 674 -81 102 16 685 432 592 156 68 659 -436 519 -144 -1074 1081 -1408 209 586 -340 -179 -433 -720 358 202 260 186 122 227 -497 51 -207 -678 426 346 153 -66 -942 -304 -1128 -319 467 -457 517 468 -419 523 -481 -1031 327 224 -373 -437 -1449 -334 42 -167 -248 -586 715 -670 -145 -275 -205 -1131 -205 1025 -538 993 83 -213 -322 -887 660 -774 -665 -290 -319 -1046 162 -661 6 -330 -586 -2 548 -14 45 832 528 948 782 336 446 178 -1397 -334 -330 733 457 -1520 987 366 880 -206 760 -57 231 -59 274]
[43 872 690 295 -587 -1420 210 310 23 317 -1840 -645 -82 -519 76 -407 559 -873 1101 -92 -267 -655 -248 -305 542 -147 104 -866 -533 -440 -544 -758 -481 -1006 572 238 498 -220 -558 -572 -943 24 408 355 -184 -214 872 -449 -297 1180 527 -118 -325 -99 -204 -718 151 -56 -50 855 -18 -192 632 -254 -85 1112 -607 -249 -12 -369 -748 -240 803 -40 -132 -649 -239 -63 -643 19 790 1672 50 -620 504 82 -1348 245 -1080 -136 -1014 906 -469 391 224 1095 216 -92 399 -265 117 -374 521 177 -461 231 -302 186 -12 -274 -47 165 -96 -364 -183 1929 -937 517 -28 668 -244]
[556 -72 -159 -448 162 350 523 -617 -185 -460 1211 184 -518 118 121 -308 621 483 -279 531 -787 -2 525 325 13 -469 -128 59 -835 1133 158 474 -142 -522 -81 373 99 -483 -175 498 230 -102 -887 -501 1383 -247 -661 1055 -1020 -1277 -173 518 52 -53 -162 673 293 563 -272 -1124 1040 -786 -1260 990 -1928 -1284 -898 411 816 109 108 296 -282 -608 539 387 535 546 800 347 158 -1205 86 -91 -456 -5 716 -113 -182 -497 188 464 -44 -612 107 -1619 638 -1226 151 785 14 410 -741 636 862 536 -1030 157 -1002 153 13 -967 221 -455 -117 -1042 465 -698 215 -472 632]
[-1545 214 -203 175 388 496 287 830 358 670 -1208 782 -559 -121 776 20 -288 -668 -881 -607 1287 -828 28 604 -439 1746 36 -480 715 -227 -357 -97 650 39 -652 -57 -904 -549 601 46 -284 502 -607 -107 -545 -276 1080 1397 427 617 -11 555 -601 549 906 264 866 1070 -61 -144 -683 -826 -424 12 1662 -914 643 -533 673 -520 151 -337 -169 162 -259 1133 827 179 171 133 -1040 -656 537 -151 -237 -487 353 -425 589 -1174 -608 -372 179 1016 1141 773 256 1436 -315 -487 -224 -689 -206 -1221 -1051 -303 997 -625 338 -532 1113 29 357 324 388 923 -572 -600 -18 -872 -1018]
[142 327 199 -836 996 1069 1208 367 -742 470 -355 -574 -222 175 -514 -809 820 438 635 -518 -504 -714 -593 152 84 -546 953 444 534 494 646 -131 -738 593 -675 -289 436 395 410 857 -97 330 -1701 -453 592 860 -579 653 579 235 339 261 -23 -237 -564 357 878 -376 213 -424 433 -156 -401 82 -522 23 -160 610 -1066 151 430 25 476 17 211 658 -399 -608 -852 -57 -17 -1178 849 -241 -254 177 -146 195 -319 -456 -715 495 -365 -166 -333 -216 -1144 -852 558 194 -496 185 -387 135 -124 -569 -681 -644 -197 -477 448 -569 324 -363 355 261 -176 -210 1628 -303 385]
[-30 -299 733 -124 952 387 1041 -124 -737 -254 1067 576 -613 117 -291 340 -22 739 -427 59 33 933 461 -241 -538 704 -225 2183 -332 493 1115 380 -169 852 476 594 727 183 698 29 355 -362 -66 924 764 117 -690 -261 -860 -454 28 710 335 -601 75 -1340 25 -598 183 -878 364 -812 -363 -74 -1135 192 -911 -852 -590 -192 1 132 -304 -623 -437 -206 80 50 601 70 223 -693 699 40 -8 390 197 172 65 -558 1693 -447 827 -710 227 -752 -19 -861 -736 138 588 212 -436 1403 307 390 -252 705 -134 63 -1062 790 148 255 -505 -861 594 365 -525 -850 609]
[-48 347 820 -284 -772 -726 -396 125 644 358 -800 154 -755 -374 -719 -509 -349 -426 1071 573 -135 -89 655 -1107 1331 -1741 134 -341 -355 459 -1107 -714 13 96 -73 -280 533 600 -1131 -391 -1082 559 -661 532 -667 83 603 596 161 821 1031 -615 -311 -570 -197 -665 -398 -1080 264 481 306 622 -256 609 -164 396 -498 761 322 397 -375 105 297 -116 19 643 -222 -987 -295 -403 1549 617 -98 90 -329 -429 -430 517 -305 777 -506 922 -741 -592 -843 -971 -592 -1065 405 316 -447 478 341 -38 -894 536 -428 -237 -138 465 -403 -212 -1468 -168 -215 558 -585 32 -345 614 82]
[-105 -366 312 -492 -496 -472 -752 -529 -161 223 -310 452 -427 -514 -159 476 26 703 560 -357 590 1233 -9 499 -276 -37 -86 -1141 -217 517 -1076 235 595 -58 265 93 -572 472 44 -395 778 441 609 374 -1493 350 972 -60 187 -295 -601 -576 -309 -169 1252 -1 -880 616 102 708 -481 898 -81 -432 395 -380 561 -225 416 336 -359 -397 -508 576 -407 459 -629 359 841 666 141 -319 -388 -475 60 256 -557 1361 990 1686 940 -567 278 467 433 -480 192 759 -1376 576 -206 -1226 -293 -718 -185 1131 -165 654 797 1129 -1367 -279 -511 472 -553 -268 -186 -321 -34 -805 -969]
[580 1329 -296 -224 989 -357 992 -709 532 520 -86 -779 193 179 613 -44 278 -496 -37 -211 842 365 22 -120 -692 422 1302 322 -348 -44 -670 -1205 333 30 463 -201 28 -331 994 124 -810 75 -760 1068 -92 307 328 -981 85 472 -969 -16 -329 -1221 -135 728 386 -445 233 -382 360 -134 333 -773 -889 -651 -112 -735 -328 -869 -4 188 190 -57 -286 -454 -618 1077 -497 435 710 -386 723 165 689 -318 -95 -484 -383 -1750 -587 -424 498 512 -1165 -94 522 285 205 -226 -45 269 686 587 -369 442 -955 1075 -667 -25 677 -33 224 -738 894 451 552 588 568 -666 -555]
[-1476 480 -651 -1013 590 -37 799 313 455 797 133 -68 520 -138 285 797 -838 -1249 56 186 502 -102 -422 117 -149 -680 1305 98 -120 -23 -158 -719 719 1852 1259 219 755 -21 1143 -306 -972 353 -633 -71 -554 -1389 422 462 440 404 -456 -49 58 -403 -231 -802 2 -52 192 18 576 -71 402 76 265 1220 -1395 -1098 -613 -67 174 884 424 -905 -78 444 -741 116 -42 -505 1041 -522 1026 896 668 -254 528 -771 -773 -1129 -965 1371 2170 -777 -383 434 -201 23 -735 70 622 306 562 815 -1159 85 -282 561 -59 -954 1782 1119 -246 274 759 845 -361 1396 -642 237 798]
[-1524 305 -401 -428 42 946 346 313 134 619 -374 207 405 -127 -309 -975 -1020 -837 338 -554 165 160 248 666 540 -215 430 -370 783 -649 -961 -452 319 588 -504 346 -441 -934 575 298 -538 358 -934 418 -345 -4 152 -921 -47 97 241 -90 -179 -63 -238 843 -249 591 476 143 -648 -659 -392 -467 1206 -1171 -240 -176 904 -507 276 -755 806 -272 -771 -187 104 -24 -456 1238 -636 -1464 -461 -3 -442 -633 121 -978 1003 -572 636 -436 3 402 44 112 -641 2013 -659 -168 -407 278 293 -280 121 106 -65 473 -101 73 -157 -1403 150 -462 0 -1192 116 408 -64 -999 -1230]
[-150 306 -769 589 -260 206 54 -297 -69 161 492 1011 -162 620 466 -146 826 -301 -1385 -143 -472 480 1065 238 -432 1815 -1337 -403 -541 -168 4 911 756 -125 -701 1029 -715 -919 -77 551 552 -295 -59 422 472 -734 -41 -440 -597 -1198 -814 990 -359 -142 -506 258 146 758 -479 549 135 -983 -484 -58 543 -610 -97 -715 948 -180 182 124 403 -8 758 561 224 592 738 760 -157 -522 235 -204 -133 -71 431 -289 -131 545 1710 -136 154 1024 987 -453 1661 214 -1275 403 191 -849 -280 357 706 861 226 1212 -17 -328 -284 495 -825 158 -1053 -1376 411 -413 -354 -568 -711]
[-784 -593 -504 476 711 353 -1145 -818 4 -419 2083 362 653 -516 217 815 -52 576 -507 -340 406 139 -1166 1129 327 354 126 -313 175 -328 1040 1128 204 -691 -741 447 -629 155 196 191 1164 256 906 -614 21 -1321 -968 -230 -78 707 -48 53 547 656 1112 -3 320 735 27 152 -602 923 -136 -127 1059 208 418 -160 108 -182 -68 -141 -413 596 226 22 -326 -534 584 -175 -1404 4 -359 876 185 -874 709 276 476 601 413 -1114 275 168 535 1025 191 -52 106 -53 -728 250 -179 -417 39 -1509 1463 -795 1078 -680 258 884 746 1784 -219 -498 226 -509 -1453 -387 29]
[405 571 155 18 -260 -910 984 638 180 418 143 410 -111 -184 654 -422 293 -660 -1458 671 62 205 472 -910 -1123 1002 -183 692 -1231 -282 154 -293 335 402 84 365 -286 320 211 -440 -405 -518 -294 699 845 463 137 187 -175 -564 -750 357 82 102 -326 122 358 -299 -346 -394 624 -1543 199 -320 -397 -188 -21 -460 555 -564 -415 411 -216 525 315 -199 523 902 223 146 598 -389 336 -757 272 217 -341 -1286 -1294 -1007 -402 -655 241 223 292 -247 1473 364 143 -1044 1264 -753 -267 1030 636 425 -211 377 -659 7 350 864 -195 -637 -577 733 150 -25 968 77 -79]
[-563 -17 5 -1498 -837 4 454 284 755 899 -448 -593 -309 -735 -518 -1282 699 317 -46 806 738 -207 -656 -1117 510 -1871 887 -707 516 179 -1743 -1162 704 604 -376 -225 500 -48 -241 -349 -556 -37 -787 560 -1424 360 406 550 488 -189 -584 -357 -1160 -333 113 124 359 -210 -158 -439 29 -108 -945 -324 345 -67 -460 181 175 331 591 920 838 -187 -382 420 -104 550 -179 1373 676 -810 -141 -690 776 -658 -662 3 591 558 -640 661 176 -1329 -1207 -1404 -526 -408 -232 -48 -115 -18 628 303 -112 84 -596 1013 -698 1176 47 -1268 -691 -961 795 -574 -121 -511 1841 -813 959]
[-2312 264 671 10 447 664 -398 59 1178 52 -373 936 -911 -1066 -904 383 -690 1150 21 -309 91 382 -430 -829 610 -751 -36 795 -204 250 -446 64 76 243 -704 -828 207 -50 -249 -272 -151 987 -541 1087 -556 -113 -758 1077 143 620 677 60 -983 -226 -179 -1163 208 -261 355 -16 50 165 -1512 727 683 -1098 -602 224 -346 1088 671 -57 56 -1193 -401 1638 341 -1921 67 212 -430 -211 272 -28 -827 1110 31 888 1570 1215 504 660 431 -1507 -118 -150 -985 -552 -224 -542 -254 -726 -813 40 -515 128 438 339 -715 611 -567 -169 -913 689 465 -1051 -472 -794 -184 -603 576]
[-1061 -651 277 -478 -336 -1361 965 -10 494 605 730 -300 -1152 724 433 -421 -68 -911 -608 -836 -545 -242 328 -750 914 -945 -989 1675 733 217 -450 -64 363 -945 -372 334 143 -679 -663 -793 -469 -226 -949 344 1317 718 -422 1119 605 365 -655 -542 -20 -12 568 -593 -506 175 868 245 -485 359 -648 988 -775 -2273 109 -891 1522 1 45 245 -1179 1064 765 1097 -719 -300 527 -325 849 114 1157 -292 -1148 1204 99 -667 -592 181 -129 1212 -8 -319 630 -826 9 -1703 134 318 12 -138 239 0 748 282 -247 -1146 467 377 554 124 403 1146 -1313 1944 -758 -251 462 -966 39]
[-1044 407 11 -233 -272 657 -516 835 688 1425 -284 -77 -241 432 -642 -250 845 843 -447 -609 551 -590 -529 -164 143 1138 -258 724 -30 483 951 417 -471 74 -1000 -212 -211 233 -167 137 1020 -447 -1397 1426 236 935 250 1052 1553 788 1123 702 -362 204 681 -723 660 -844 43 98 -765 -122 -326 757 996 180 473 1 242 -615 -258 -476 1049 648 852 596 196 466 116 -340 -376 -210 589 -398 -1169 181 40 7 774 808 1064 155 -596 -453 -348 -1362 -808 -762 -281 47 -280 -1059 -69 -67 -1307 -781 729 -160 577 576 -1299 449 -988 120 -778 678 332 -742 27 -1049 -199]
[110 -657 327 -79 -431 -385 26 464 -504 -595 676 -409 771 -751 -538 1208 313 422 -47 720 -789 -159 -1140 393 -95 -155 173 304 -178 -621 1240 740 -184 534 445 421 520 135 304 0 519 333 831 182 -176 -1593 -1331 -345 9 -31 226 269 750 474 891 -933 -12 -395 -417 530 -378 -301 701 -503 445 2031 83 -274 -263 508 -193 1806 60 336 295 -682 -11 -163 367 -1180 86 700 -644 1464 652 -132 271 -505 102 1869 404 -178 420 -517 -385 179 183 -79 -390 -8 -468 289 -738 1486 131 -606 677 524 256 -329 -161 1552 361 373 -468 -742 132 236 -626 167 866]
[-805 129 905 -59 299 471 -338 461 843 -519 -1028 307 -652 622 -508 1466 -1510 644 254 -488 695 -424 -286 184 106 -408 -709 1005 784 -223 68 -196 363 236 47 -1771 -627 502 -278 -690 743 377 -26 398 -673 834 38 101 436 798 169 -26 68 74 -272 -420 -241 -57 655 274 -804 1313 178 -503 528 -1159 807 972 -619 534 905 -841 -689 74 -591 -282 722 -1038 -501 -917 -1483 653 153 -247 -1235 792 302 555 1107 984 44 -471 -109 -926 193 433 -636 1386 559 -779 114 -83 -854 -1101 242 173 658 -1080 401 584 -208 -675 236 676 -252 -167 -99 303 -580 453 -198]
[59 556 48 -416 1011 807 23 66 -132 -294 373 113 458 -292 87 126 -1589 85 -445 515 785 1224 -72 -327 -1415 14 947 -533 1208 -972 -419 -348 168 1432 698 257 110 641 835 1005 -826 -349 244 -576 -802 -639 -65 -603 535 -1575 -566 -419 -69 -566 -376 154 -224 709 -405 82 151 -742 599 -703 408 -186 120 -1261 -1289 -7 1062 -386 -13 -87 -1300 709 -645 984 -346 223 69 -577 857 47 703 -102 817 -1139 36 -841 344 -24 1741 514 -1125 489 -77 1125 -617 -70 406 256 731 212 -326 -84 -519 405 200 -706 1602 713 -86 139 1427 -738 415 292 530 -135 -364]
[-487 400 -514 -853 -64 168 365 -598 524 151 -686 -50 353 -232 -540 464 266 -1357 759 37 -731 -436 158 -307 645 -1239 -336 -2201 577 29 -1390 -660 266 357 236 132 -79 -511 1020 453 -710 885 17 -338 -984 -824 993 381 -1319 -88 469 -117 -405 219 -957 75 417 326 224 118 416 -819 -804 551 -66 -412 -1442 101 100 200 21 -380 118 -847 -1192 131 -37 42 -142 1028 -126 -374 -36 -367 402 -1051 174 505 -864 -97 -683 948 215 -704 553 -588 766 500 -316 365 367 -136 -276 138 -173 1275 -1208 342 -699 -207 759 -1080 -1279 -319 206 -518 -604 451 -409 498 236]
[-97 307 -192 -219 -337 -557 20 -1160 194 166 1714 218 -269 -498 -96 1099 -74 -393 -154 -249 184 -757 923 -72 689 -974 100 179 -592 251 708 895 64 -1247 -1338 307 -54 -97 -859 286 -302 585 -1297 -205 1689 -541 -1516 1309 317 582 -556 942 27 -498 -273 -262 68 -558 250 -151 237 -36 -1397 1572 -700 -303 335 236 1002 280 1164 332 -350 266 1415 1349 7 -505 -145 -911 428 -207 707 663 -860 386 1193 -485 -67 751 -938 929 98 -750 -850 -853 543 -2045 78 701 559 1283 644 827 -66 -888 -6 -268 -439 485 436 -768 356 1443 -119 -211 405 -945 -548 -787 529]
[-1000 523 255 -347 494 -223 294 1012 803 1240 -410 -1009 316 -687 360 975 598 -773 -543 -453 -252 -1006 239 185 -633 40 769 567 -901 -1093 909 -807 -347 566 -340 -171 -613 627 1406 -54 114 -290 -462 955 -728 -634 -64 -652 1584 928 288 558 114 -457 -462 863 1169 -348 59 32 588 235 157 -401 939 1418 -355 -1116 -558 -718 -174 1268 -186 442 -180 791 73 81 -79 -817 514 -218 582 958 157 578 -391 -127 -1022 1173 -1375 209 463 384 86 176 1146 -44 -140 -1770 -128 -732 -801 -107 -3 -287 573 572 160 -112 254 1973 -453 -530 -215 337 -649 424 169 125 -837]
[-525 497 516 -326 506 180 -18 -291 92 766 466 191 -87 -365 -245 -76 -556 632 236 113 -557 838 506 -697 1072 -1010 127 -335 -1296 -159 -828 -1031 -715 -6 608 309 666 941 -265 -42 -1470 18 -538 931 55 -165 906 187 -422 14 1350 -550 61 -562 114 -973 -233 -758 340 -71 1248 543 -976 334 -963 325 -767 -485 -275 -257 -1063 -938 275 -1438 -671 -633 22 -639 -25 809 770 -559 646 -486 144 -770 -1576 -236 -788 -1207 819 662 -83 -1326 -141 -567 -325 -984 879 -190 833 286 411 330 -593 843 -352 -275 10 669 204 820 197 364 -412 -35 817 426 -1072 1328 65]
[-1022 1093 -300 -546 -995 -72 818 429 1094 -214 391 -406 -660 78 -627 -778 -513 -260 -362 -123 257 31 -526 -1013 682 -956 -1220 1466 1459 -407 -974 38 313 -454 -397 -203 501 -217 -1009 -154 486 530 -816 358 -251 316 226 183 -83 21 -831 -66 -742 339 490 -943 -239 -232 778 383 -795 -98 206 -95 285 -2579 518 -18 659 474 468 145 -442 306 505 960 352 -168 121 -444 679 -401 811 -752 -879 -258 28 -403 81 69 334 344 -439 -401 189 137 505 493 700 833 -341 -448 159 -182 470 168 -67 7 -25 1 41 1 -193 113 -547 788 -579 -577 1356 -699 -268]
[-1046 -398 41 151 667 570 -244 -766 199 243 -711 -1002 -446 -639 -162 447 734 853 -39 -1487 -63 182 -513 -259 -380 1089 -18 97 -446 -36 -175 194 -297 -467 -1296 -190 -468 184 83 142 50 588 -460 820 -55 374 -857 688 -3 379 389 -340 -79 -311 868 -800 24 436 173 442 -515 535 -1157 405 962 -1599 1257 -604 -427 810 -552 -903 -325 220 -691 -240 -266 -1240 362 1122 -1257 -172 47 -608 -468 1517 -813 544 785 404 493 -94 -643 -517 750 538 -1104 -692 231 -377 -443 -1277 -606 -588 233 -254 632 48 -697 721 -424 641 297 396 209 358 -291 -1234 1005 -483 -454]
[553 -650 -649 -267 854 1635 -388 445 -257 -21 494 -77 -497 287 -753 -759 1264 1268 -205 -499 -133 -83 -236 17 -372 -403 -477 874 -431 1321 996 947 -1081 803 124 -171 1084 593 696 609 1380 542 462 -842 -103 -85 -742 -39 59 -668 534 -222 116 622 137 38 427 -28 484 -1059 1083 -20 711 567 -312 170 -505 63 -1479 671 -869 362 -40 963 123 135 -550 -430 1504 -1058 -127 -106 44 106 -45 462 324 1096 651 669 670 -214 -49 -522 367 363 -1405 -629 579 547 -505 -961 -1351 498 -236 -723 -133 -188 786 -505 -376 286 -255 -551 331 -433 -239 -108 1930 -240 1299]
[-1420 740 272 -842 -486 1164 -1219 858 52 960 585 798 233 -780 313 230 -1799 511 370 -162 -384 495 714 539 -778 331 553 793 -270 -626 916 458 63 783 68 -366 -1148 442 91 196 1267 -766 -790 -541 490 1213 -148 -11 604 -1228 332 1067 727 -260 -968 853 -596 -439 579 -206 356 -961 -102 52 -362 -233 330 149 311 256 59 -206 191 -622 655 467 547 1126 34 -379 40 -2458 846 193 -1476 805 -348 -340 -402 179 165 1019 805 290 -410 -1939 189 1140 -500 -122 1421 233 298 -395 701 -78 -545 -222 260 1098 121 475 1140 -549 -733 -735 865 -166 -347 191 -974]
[1427 -109 238 148 -247 -400 287 -461 -912 -433 -275 -335 100 -15 -477 511 350 -11 1581 -262 -139 879 460 -369 -349 -133 -110 -317 -567 -212 -131 720 -760 -491 446 -245 536 694 -663 362 -399 51 31 319 391 -189 -146 -298 -324 -455 50 -204 26 137 -470 -471 -789 384 -463 521 -135 -262 -148 476 -280 154 -307 208 54 -238 780 -1348 412 -488 33 -759 123 320 -466 26 120 1088 -319 -691 -658 830 59 -336 627 242 58 100 -178 -43 63 766 -69 -292 -447 138 645 -605 -72 424 628 47 -160 366 -815 484 -1333 -1054 28 -233 193 481 452 310 299 372 223]
[767 1245 73 426 383 -947 651 -9 692 -693 -884 -1446 -290 -1006 275 87 -137 28 -206 40 -1182 -396 -285 31 -758 588 -328 -223 -189 -1169 -533 -466 493 -888 -496 137 -774 -178 -826 494 720 196 59 193 356 598 -581 -162 -588 -34 -772 141 -110 471 -153 -282 399 945 768 1851 -523 -1439 1424 -349 215 -1068 769 436 430 403 -453 665 -413 265 224 -219 -302 -143 -624 -297 -627 537 -166 101 -996 1391 -593 -220 -1314 105 -616 182 -1223 974 878 1150 824 876 1491 -212 -891 -189 -1038 -593 1127 572 -636 167 -424 -803 816 401 966 -343 -784 1107 -503 -487 1713 350 -1074]
[-1 -59 7 911 -1239 786 -1443 -50 -30 264 -377 416 -996 1062 168 -223 672 1014 -1095 -691 777 -736 1157 -970 131 1247 -1566 63 1055 627 -306 626 -200 -1056 -369 -1060 -227 -313 -857 -151 605 -178 -314 -202 -767 1003 1015 1536 757 -9 789 855 -984 1081 183 215 -490 -627 -263 379 -855 116 -896 669 1181 -464 973 380 -141 -286 193 -412 396 744 234 1170 650 808 103 -892 -251 727 486 -845 25 421 -6 91 748 469 265 203 -484 -161 25 119 -247 -338 -199 286 499 -974 563 -901 -1375 -107 1085 -940 362 927 333 -208 -1058 622 393 645 435 -998 352 54 -558]
[1130 -988 -303 -506 -805 -691 293 232 -812 -677 45 537 214 484 95 -619 17 -824 99 -142 482 -438 -173 -330 -91 -374 462 -449 714 298 -1236 -202 303 582 -30 -633 -579 -668 475 235 -523 432 336 -433 -611 22 844 344 -237 -409 -620 -496 -161 860 433 2081 528 225 -973 -981 295 342 37 -755 -144 -1195 -103 830 1032 258 933 168 -515 528 -30 231 569 1541 174 213 68 -445 -492 272 27 -909 779 -659 880 39 -115 -1137 -323 27 56 -143 411 1263 -815 -48 -625 342 -187 -5 648 622 -389 159 -958 536 -90 -905 18 -407 896 -1558 200 196 1071 -7 16]
[-1793 417 1294 23 617 1000 -229 -323 -806 -386 -1072 1917 -1616 -989 373 377 -608 677 -91 -843 948 217 273 -509 230 299 230 460 -401 831 -681 524 399 81 -759 -1232 13 361 -639 -454 -241 1640 -563 -393 -7 -12 622 1247 -913 358 421 731 -276 -453 -111 -1440 621 -141 529 -1347 279 -614 -1051 335 -1028 -1361 80 237 -164 1191 302 -15 -528 183 -408 304 194 -1153 201 -132 -456 -1000 712 75 -441 640 392 428 1167 521 -249 769 162 -903 409 -927 -826 -61 209 -437 -29 431 -1165 1011 -115 161 222 -540 -352 366 208 474 796 151 15 95 -405 -298 -32 -512 578]
[-1111 101 952 344 -764 -277 -120 -320 -248 -992 649 909 -262 -754 -184 858 -1089 312 8 707 -543 1427 851 -304 -336 -393 -1775 1517 91 138 -175 616 1018 -833 293 665 911 385 -205 -698 315 798 786 523 94 -894 44 708 -846 -392 666 4 353 1584 189 -1015 -1486 -614 624 -342 -245 -518 -564 898 -1079 -1302 -349 -323 310 0 -277 214 -1337 -56 -956 618 908 -1347 999 -36 227 -375 -654 -270 -230 -126 258 431 239 -112 676 -903 -229 -531 1339 169 573 606 -386 280 475 -565 -1547 169 -4 928 322 -57 -123 121 -1048 -8 -204 39 -330 200 -487 -461 -355 -732 37]
[-145 -620 207 559 254 223 -1264 -1016 213 -1265 611 417 606 -825 1084 1003 -1449 192 -333 -190 648 -769 -26 414 -76 747 -809 -640 512 -246 294 -227 387 -610 465 -118 -730 -31 254 376 413 259 1857 -721 -1379 -1445 273 -279 -233 599 779 120 660 715 -68 -469 687 281 161 112 -600 339 -165 -459 545 452 395 -448 -281 -10 462 -18 -341 693 -1326 -347 345 201 291 330 -1274 730 -397 882 447 -858 1046 529 184 401 -206 -561 222 -89 187 976 505 1262 -158 -678 -310 706 368 -44 -806 -105 1004 -220 303 -543 988 791 178 1156 238 -1074 467 572 -1333 373 -52]
[1024 -594 231 912 192 -965 -573 -503 -144 -881 -174 -254 -275 180 161 302 466 3 275 -254 157 609 -291 397 117 1191 -70 352 -7 311 462 511 -86 -1119 157 360 -336 -562 234 342 474 14 1349 274 454 755 -65 -51 -151 550 -378 -347 -220 312 786 -464 863 461 52 117 -431 231 311 102 -287 568 311 201 409 -281 -1139 -31 -437 -594 288 75 -468 544 493 -520 -395 1027 -232 585 126 609 26 1952 -214 405 342 -810 -25 1598 534 700 869 -619 -408 460 -28 113 -88 -1063 -414 -207 191 180 -16 -431 -1551 414 -797 724 -417 187 -1049 -414 -1253 -408 -593]
[-623 -2125 -440 374 -667 -316 -367 664 -676 90 1172 1396 412 -639 397 -133 -1 -148 -432 58 14 546 507 -443 -730 75 -100 534 323 1007 96 287 296 416 206 579 306 -771 1291 -541 514 -150 1199 514 -894 -421 303 138 -372 -567 -359 394 -184 253 249 511 -168 -673 -811 -1371 143 -749 -609 411 112 607 -988 -1189 -125 -141 1322 604 -319 -419 -104 882 179 1295 883 397 951 437 -749 63 867 83 259 -293 115 -62 815 -237 1450 -323 139 -332 709 -254 -2217 -56 1053 324 565 432 -190 501 -254 1221 -100 896 187 213 -1117 -341 1126 -1342 7 231 -380 -353 818]
[-1580 1124 40 -36 634 -49 373 -1562 543 -214 680 211 172 271 -194 1722 430 762 -566 104 -178 -65 -1304 -523 -21 -262 -59 -11 -449 -657 -1018 221 1104 -697 -181 -626 146 182 403 -441 503 1414 1276 1298 417 -884 -530 -833 -802 -317 -690 -298 -861 -214 -654 -712 432 -721 544 596 223 682 -648 402 -1241 -642 -633 -47 -749 713 59 276 -590 -188 -389 -845 -820 -588 -4 39 -265 -497 602 390 1242 -476 50 744 -264 867 -424 55 853 -1185 -64 -701 479 -443 747 -113 505 -257 -460 969 805 426 -125 994 16 -245 1079 936 98 216 -216 -149 172 408 -645 609 1003]
[112 290 -1422 640 848 -72 -116 -598 -499 690 753 -259 607 490 45 321 140 195 -1011 -405 384 435 361 -229 300 254 1338 -365 -316 503 429 -175 -291 696 478 70 561 -379 1128 -377 -948 217 -1242 849 414 455 -704 823 858 1360 -383 257 -556 -368 277 197 -1179 -129 -592 -4 -733 155 -689 1233 1304 50 -34 -846 457 -1099 455 -1080 98 -1310 513 476 -262 -573 -1095 356 663 127 -203 -64 -696 476 269 -695 860 -1041 665 -327 656 -154 -922 479 -455 -1136 -749 977 309 177 1384 107 -1640 3 100 86 -1313 804 -468 -1038 -1241 1191 1480 533 357 -56 -1528 -904 -578]
[-408 -612 -667 -85 -5 -1150 -1286 727 358 369 -565 -179 685 470 -139 339 -758 -297 643 -133 138 651 -974 844 19 -676 369 -1416 -587 -208 -1333 -387 621 -248 87 -259 -702 649 -634 -507 103 -176 -37 -69 -278 606 1180 -440 1004 270 -604 -1678 -213 39 378 1023 -781 348 -205 796 -400 1477 1490 -282 191 -374 -70 161 205 -198 -197 -1049 -69 359 264 -1177 -1196 902 -286 -971 -133 894 -59 -45 -525 -468 -424 -929 -711 228 166 113 -459 285 251 112 -493 1259 321 670 191 100 210 -1476 623 -305 -180 -656 1090 -200 522 -83 323 -521 -180 667 411 526 -337 1336 -642]
[467 963 989 -956 1049 -172 835 521 70 353 -1026 -467 -1139 508 221 -29 550 -197 682 -194 742 -1148 114 -987 -579 -540 659 252 656 -341 -158 -335 614 1467 368 -236 586 750 174 147 -953 -70 -560 -118 -813 -372 -365 168 556 -810 222 13 2 -270 -135 -81 -450 155 -354 368 447 -197 335 -315 530 740 -833 -173 -619 -182 80 244 16 799 -181 267 -713 -198 -44 -356 717 94 1501 652 -27 41 1 -72 115 -268 -802 826 757 61 -347 -360 -1246 -1338 717 -162 -861 -771 -63 221 -319 -586 -278 -476 287 -414 982 1202 8 -93 677 1776 -771 323 733 -253 489]
[-680 107 -303 -627 -593 -577 -278 192 -158 1218 -901 -413 566 595 55 -57 -156 -604 170 -472 -785 -662 437 -519 666 -1267 87 -315 -8 -588 70 -624 181 345 655 -218 784 -415 815 -1212 -538 315 64 190 -122 580 231 -403 427 1199 302 175 256 417 -1068 -104 -239 -796 616 201 -494 573 -92 -215 -119 408 239 -346 176 -188 -647 -604 377 231 13 -2023 424 -155 -700 439 78 510 -116 -727 -928 164 -1660 -584 -868 4 -920 821 -636 -804 27 -415 -132 -160 399 206 1100 -171 707 863 113 505 -348 -744 -750 1507 370 -653 124 -650 -436 992 -164 1131 138 809 327]
[690 457 142 1225 -24 -512 867 618 -543 -112 -1105 621 -13 337 717 -61 -124 116 -205 -664 369 -496 -1126 515 -408 1697 -468 -385 515 213 -3 -352 547 -542 -327 -262 120 -652 -285 376 62 388 78 780 245 1171 65 100 992 838 -755 -57 -828 162 266 -545 655 165 106 901 -340 -163 845 -482 98 -563 932 -463 -285 722 594 107 -286 -131 611 615 -603 -182 -905 -568 -65 980 1092 -991 -351 301 -105 763 -79 -876 330 180 -290 1422 176 1637 -145 1381 109 158 -501 -270 724 -603 -846 702 196 279 452 -783 35 90 383 46 -534 623 -270 -561 974 -996 -532]
[109 -1629 -1183 421 -586 1225 -649 -270 462 -361 300 -493 -923 -637 206 -246 338 636 -599 -814 1149 -560 925 -1023 750 225 -391 1228 78 681 -647 160 401 -993 -1043 -679 357 -1385 -80 185 226 613 -337 11 -487 246 290 548 -92 808 -66 1173 -295 -175 121 -753 746 199 466 -1536 -389 117 -1209 468 87 -1095 631 356 -350 554 503 362 -1181 -809 -116 -402 490 87 883 -819 476 -79 250 -403 -228 -815 -460 227 200 -1323 121 -91 -619 -1007 253 801 390 -350 786 -10 1074 1645 230 -537 271 -951 1291 -650 -283 397 809 509 513 -232 1042 -232 -444 -666 747 282 462]
[-214 -292 -1367 128 -540 578 -474 -256 -512 327 887 357 843 -414 19 666 550 966 -416 286 808 -234 -718 -218 319 -169 257 -1098 603 3 -814 273 342 -560 -412 -321 -76 -63 296 -224 -210 147 416 -522 -904 -422 685 445 -989 1067 -306 519 -144 261 916 946 -96 244 -359 -1007 -1085 35 -1049 184 912 -312 167 680 -168 -511 794 -358 -92 -359 -510 -1005 630 332 -73 519 -755 -345 -980 -199 519 -1506 807 -369 158 -650 -97 -1369 -345 -1176 -149 -299 506 526 226 -198 769 368 149 44 -76 -757 391 -336 -662 1176 792 -944 439 427 972 54 624 -333 -748 140 643]
[485 -631 -294 -47 1266 -402 1406 489 -246 311 -150 310 318 450 -269 -528 256 -795 264 -1059 -118 451 -1090 11 301 593 -99 3 1153 -221 66 -241 -306 825 -307 697 -136 -242 831 505 -1258 334 -1111 9 -648 528 265 -256 402 1118 -621 -499 -155 -976 783 -286 400 -498 -6 -149 -299 -396 505 -1088 965 -461 -60 -1196 59 -498 136 -96 -92 -80 -145 297 -946 -798 -694 375 -303 114 1565 132 454 -966 223 -74 -1079 -882 715 -308 429 1056 -136 363 282 381 -249 467 -391 -83 285 190 -262 -183 195 56 453 -554 597 786 -168 714 -557 481 -522 347 -702 -221 -551]
[1196 -95 -1071 813 900 242 -317 -1078 -474 168 -409 -474 814 305 -163 506 624 -787 633 -211 -270 124 250 1818 104 273 918 -1981 -303 -282 961 634 -337 -108 28 431 -211 -545 802 710 -232 -364 -879 -1203 679 -312 -485 -720 307 836 30 595 174 -740 -1486 933 -57 223 -489 861 40 -193 700 -431 -106 1721 -476 325 -843 -382 241 -479 631 9 -109 -238 -1150 -144 -1225 -394 -222 652 226 375 500 -610 13 -628 -647 -467 -449 591 -272 1183 -210 814 -680 140 -332 718 -272 810 325 939 -163 -694 367 -273 599 -976 744 -794 392 -61 784 -603 397 485 -751 422 -675]
[867 -804 -751 -328 -199 -486 269 750 509 1053 366 -1543 717 1619 -174 350 1839 -126 -158 -755 -578 -596 -733 597 147 -91 -620 140 -379 -459 342 -371 -1149 -904 680 -608 47 -510 371 -211 117 -738 -663 1351 -381 -302 601 -651 1818 580 -260 -293 116 35 644 1430 -244 -182 -322 205 -484 1551 268 -1018 184 -695 596 -1176 -136 -1269 825 206 -210 685 692 -1260 12 1115 -265 -584 24 1355 192 20 -302 -229 -518 -1237 -353 687 189 -321 -449 -672 -361 182 907 116 -16 -267 -277 -485 -42 488 324 375 640 -354 806 874 206 475 -5 -644 152 1152 836 303 186 141 -474]
[-308 -448 7 -528 -211 635 -665 119 -225 676 196 716 -209 841 -89 116 486 -1178 290 -202 307 453 1165 -1238 -334 364 -513 239 -11 446 748 85 -530 1592 425 310 -471 1549 390 -309 -584 -709 -328 -979 -716 -184 1195 265 -540 -231 803 614 1211 -699 -561 -255 -547 -855 -881 -1470 752 -185 -11 40 313 1012 -518 -833 -140 -875 -558 69 656 -38 -375 308 -161 -33 -354 338 346 197 897 190 1381 -1441 -102 -298 -1027 -717 393 648 1321 -371 -410 65 627 -562 -371 -358 1294 127 229 339 -205 -739 84 -550 -238 128 488 1069 -1087 405 895 443 -268 532 -1109 813 290]
[-215 -485 -1006 782 959 431 -879 50 6 -73 1028 329 1493 179 370 603 495 191 -1687 682 -1136 812 -338 -163 -361 855 -604 -628 -195 -588 335 573 753 256 -251 -488 -626 -1277 1089 765 268 222 481 513 733 -708 -1433 12 447 -1123 -307 -488 632 1312 -460 392 322 646 -316 -68 236 -431 -393 -119 69 -1309 153 -416 -397 527 454 -546 -680 27 -133 -159 -55 -6 483 258 -1341 -928 -911 -220 -469 -77 191 -432 192 56 1293 -1703 -358 28 278 190 488 1350 -37 -138 -141 -172 -673 -249 1020 -177 641 -390 -33 -937 658 659 -72 388 -168 -1604 1353 -636 418 468 385]
[-627 -345 -304 -486 136 688 -154 286 1182 294 -487 -1072 -208 110 -161 -145 -1604 1062 272 522 263 1138 63 -163 -248 76 398 2136 602 41 159 -559 -33 230 185 -772 -120 -276 -36 40 987 -524 -384 272 -192 1923 27 -88 1353 866 -376 -371 53 -687 -86 -585 -214 -235 1180 -219 -839 858 733 -67 -872 -1061 1231 522 -689 1157 -143 462 -757 -926 -497 598 -95 -170 -642 -796 276 -863 312 -541 -873 930 -350 584 546 -812 263 31 -207 7 -1300 -351 -755 1054 731 342 291 796 0 -1236 -32 -1 77 -108 18 278 -382 -160 868 -687 -37 -36 238 -147 1001 -85 -421]
[-475 574 352 -638 250 819 101 815 769 566 1121 792 -1 387 68 -994 913 858 -548 1008 296 268 -447 -175 -158 -258 -377 1482 1008 849 -210 -211 552 175 -529 -326 197 387 -58 -59 1156 -363 -178 1040 -1461 -719 666 298 147 -22 329 -200 -856 -170 1236 1253 526 -490 302 -746 -208 199 -121 -287 605 -142 -611 427 682 -1354 375 1591 964 705 1091 105 415 284 864 427 -57 -519 -282 978 -856 -663 991 395 1252 540 679 -1187 -662 -249 -543 -2314 -27 -466 -241 -312 -2225 -678 -651 329 -621 639 -693 142 635 201 -470 3 -1406 -914 -189 -286 212 65 -110 -1773 420]
[1331 561 212 193 -263 -325 -79 116 57 -553 -1433 560 -109 281 1202 -239 -1311 -216 516 384 427 -487 551 869 -329 691 533 -993 -745 262 -5 -924 -425 602 1431 -575 -761 437 410 -22 -837 -1214 -312 -1027 -16 667 415 -277 818 -904 338 -3 271 -454 -825 2092 -649 305 -1046 388 15 -368 583 -63 13 332 1286 991 419 -432 -261 -678 -586 447 -236 657 -449 548 -913 -298 957 -212 424 501 376 288 969 -629 -7 -1020 -1343 483 599 1350 -839 -110 -176 110 544 -430 -390 -20 891 -578 -1052 220 -97 -1120 74 -305 -179 -493 157 -880 577 689 433 184 -573 -186 -1241]
[-343 -587 -521 -795 835 -312 278 -133 88 -229 297 -527 1059 -147 -459 -701 -95 137 187 -1187 255 -22 -444 -367 596 -1279 659 581 84 -329 -1243 -557 271 48 -724 -494 -519 -509 1310 -27 -16 889 495 728 -474 814 274 -572 706 685 -451 -786 -943 1027 417 1673 1312 149 850 58 -126 882 63 -427 280 -470 248 213 233 -461 -174 83 -421 175 -510 -791 -1223 -506 -576 29 -994 -956 -814 -397 139 221 -1134 345 384 410 -647 -1422 -491 -65 596 2212 -211 1166 774 -394 -268 636 -168 -785 831 -415 -82 -284 342 -188 -253 -1142 303 93 456 -476 -1133 563 1803 367 -137]
[-362 -686 -22 -1327 -19 1055 700 -69 -578 813 222 -523 -1016 1363 -138 58 758 -100 58 -952 206 -709 1876 75 -639 -317 -355 2085 148 874 88 -18 -88 883 113 -57 371 -399 590 -584 984 -227 -491 -969 523 338 389 289 -981 -1238 -308 1056 979 -188 25 572 -99 -289 423 -1289 970 531 434 -94 -473 -178 -151 64 -660 -337 -284 241 302 500 206 -391 -268 128 899 -497 -560 -939 444 383 423 820 -977 -13 -225 -850 203 88 701 -1415 904 550 -735 -434 141 383 584 322 -548 -370 851 -354 -345 -240 243 368 909 169 1041 -226 302 -46 72 779 1216 751 731]
[1347 429 691 868 835 517 -9 -1159 -198 -236 525 -1301 218 1008 -126 -399 140 784 -265 177 136 250 -121 -1220 -702 1205 347 1352 851 -782 163 -341 -997 -282 199 -649 961 564 -304 -69 178 -993 320 627 281 1251 -53 -979 460 831 971 -214 222 -306 -131 275 -411 -1644 602 375 -1219 -469 924 -149 -55 -323 390 -274 -1089 -1084 -329 -114 203 614 -1102 -873 -256 221 -1214 -13 -110 785 -181 440 53 -244 140 -621 -174 -934 184 -917 -1134 145 -1176 -629 -765 -471 658 -559 -874 39 212 1043 -572 337 92 -4 -494 122 -262 784 -260 -884 772 1220 1109 234 128 -192 -265]
[827 927 589 611 -538 -217 -1034 -528 -21 -599 966 436 634 15 -635 120 -144 27 35 490 515 -209 -514 -345 -75 -583 -100 -190 471 519 762 18 531 -819 -742 -128 -57 492 -318 -618 207 829 1 135 -165 -89 -218 -408 22 1886 296 455 179 705 189 505 -600 -1422 -16 62 -875 871 612 -262 136 111 661 769 497 -929 168 -239 -36 1053 1038 -838 905 -499 -804 -534 -208 1557 -1004 81 166 -1628 452 -724 -130 -111 -647 -1396 -812 -401 -1213 666 461 600 871 -22 -145 995 -242 462 -558 -680 303 -916 86 -42 349 -1251 -594 743 349 528 -267 -23 -860 -50 -171]
[472 -1210 -352 -267 1520 69 1139 -5 -153 355 -541 369 -414 814 380 -674 672 -1527 236 8 443 482 -393 1082 129 583 897 -1343 45 -417 -682 -8 -358 1340 -395 734 -774 -69 497 879 -1335 269 409 -1343 -369 -1026 331 -471 -1174 -93 -798 -1357 290 -1441 72 1124 1118 1548 -263 -428 986 -78 99 -920 235 -779 -441 -282 -238 700 64 -815 -278 249 -994 -141 -136 135 298 1101 -476 -881 359 -37 175 -1491 -24 200 174 -418 757 -606 -477 1435 737 53 -54 1459 -648 369 -1490 105 -140 -372 1095 -282 211 -103 673 -744 517 23 513 -156 121 -1382 141 127 553 256 -122]
[-471 -434 1127 -197 612 -554 457 -273 528 -465 -1008 628 -1704 143 -162 -783 677 -130 -318 -127 584 122 219 -787 310 1530 -907 361 -260 66 -976 -269 994 -395 -695 641 223 -691 -1081 -441 -645 641 133 1232 496 -43 112 852 -730 -448 163 -290 -338 -233 1178 -1256 122 -388 589 200 105 -191 -625 -70 -942 -1047 142 -848 407 852 -1019 240 -566 608 -369 -366 -314 -1196 943 512 -477 165 506 83 -62 -296 -562 787 105 131 682 -364 -687 410 768 -1207 -270 -953 202 406 -709 -179 -407 277 114 550 89 172 778 -380 -186 663 191 0 -771 760 -452 -674 217 -771 78]
[620 -870 -168 -293 363 -646 274 -750 146 364 -1090 140 -261 -88 337 -503 314 577 601 140 -225 1005 -500 1021 15 78 1005 -859 -382 -77 -3 518 673 -497 -868 -469 -771 -237 -482 -22 245 287 -559 432 256 1261 -1198 -178 1246 433 -1498 -457 2 -357 -1344 164 137 652 -197 661 -497 471 -686 -871 -29 -1143 1768 1215 -128 720 1033 -707 -601 1025 161 513 -745 -522 -777 1115 -93 -409 -262 -901 -800 1326 -519 48 341 1092 -932 -686 -225 1070 -222 -672 -54 21 -288 142 243 -260 -328 -338 644 -37 436 -355 121 535 -294 -968 129 -176 -423 -150 607 -899 1248 -388 -475]
[-16 -534 186 -236 662 57 494 -87 611 -235 188 -57 -192 -299 -491 51 -173 -1045 84 157 1093 -245 506 -842 386 318 -90 542 -97 -553 -34 -394 75 514 -1062 55 -333 195 4 399 70 90 275 972 297 -831 216 -376 -886 -154 601 140 137 -527 129 -1136 1329 -719 -123 -342 483 25 383 259 171 756 -251 141 -211 609 -149 -263 157 43 -525 -99 -249 -835 19 -370 -491 526 162 828 647 -898 777 99 162 -562 -431 -499 138 -174 -60 182 -146 -800 464 -1057 -609 1054 60 -136 -89 -730 903 253 95 -1018 -135 828 -349 -183 -426 -165 -191 350 -952 385 812]
[-827 1070 320 -95 -125 -913 92 -199 1129 -413 -1088 -227 131 -1 73 289 -977 547 868 352 -636 1011 -870 167 -537 352 -258 701 -321 -720 -1059 -918 1225 -895 1321 -762 -455 -1428 429 83 981 485 337 832 340 392 210 -24 114 -727 -236 96 -1074 1055 -1024 1535 98 -355 182 937 332 -167 1212 -243 -1813 -1386 -1031 1317 361 63 -431 204 72 -649 869 422 -1035 511 -713 -634 -172 -125 1164 630 -733 624 -388 -81 176 -539 -688 312 405 609 -33 114 312 1504 131 -518 -182 -261 -1288 -30 640 506 -713 155 192 -637 318 -347 450 -985 314 742 -335 714 607 -66 -331]
[-1715 1439 -856 -736 -1233 1083 693 -428 1507 431 -357 -1208 -758 148 -94 -230 674 547 92 -288 -157 -587 170 519 337 -248 -991 870 109 657 -764 27 701 -536 289 445 451 -365 -475 237 87 359 -1062 612 -494 -831 223 176 873 -206 -286 354 -815 -271 -110 -315 -29 462 679 785 -734 545 -1412 845 -93 -809 534 -201 309 440 -33 1487 -16 -243 537 799 -267 5 870 59 1438 -1564 -65 782 -687 956 541 818 381 1598 -231 1663 153 -430 207 -772 -57 -682 -434 886 -479 -915 -474 151 -642 716 -604 1118 -129 -136 -15 342 -1164 -332 -343 411 -1279 -377 1649 -1354 -420]
[864 -1315 -791 -239 256 1237 97 -396 -378 325 365 616 -798 -372 -32 -650 478 880 321 -360 723 71 335 -690 319 -62 211 -152 -37 1024 -816 -105 -587 408 -83 -30 146 725 422 753 -637 854 68 329 -1035 -739 87 540 -847 159 351 573 -34 -934 1102 677 1177 -359 -341 -861 627 -82 -1180 191 -238 -266 1266 -19 38 67 236 339 -170 -576 -338 770 238 -471 380 1083 241 -226 264 71 1320 -1417 139 643 55 -518 783 -61 459 -156 -832 -13 162 -1503 274 475 -184 880 168 -77 -627 -503 232 188 -652 1428 702 -575 3 56 1439 -1168 276 -790 439 531 471]
[554 -381 -675 -92 -17 -378 -47 -1093 435 -557 139 -1447 944 -179 -664 38 630 862 -234 336 -667 -265 -551 -91 -67 -1024 -246 -1439 663 -162 -1094 -148 -56 -1213 -511 -91 510 -1085 536 -44 405 455 973 403 -185 598 330 -65 -322 -355 42 -571 -272 818 477 -1242 457 217 -108 -522 -224 -89 263 961 -697 -700 -481 -30 -426 907 -529 394 -37 -230 -1105 -370 -471 259 605 374 -515 485 -1118 -431 488 112 -756 350 416 -386 45 -108 -995 -484 300 193 -187 499 925 703 -498 81 -480 -472 244 50 -228 405 -513 143 489 -41 -143 -770 250 -182 -780 -50 928 432 980]
[98 406 1165 -1314 -285 -611 733 373 -904 -63 791 898 -583 243 698 -509 821 -746 630 13 -714 -50 -440 471 398 594 88 70 -113 286 1088 325 -393 454 665 951 -291 593 91 558 -852 -248 -412 -875 533 -785 212 690 -60 -378 792 -466 159 -258 811 638 -289 -338 -597 -41 288 153 -724 -350 -954 520 -508 -500 1106 162 -438 186 -279 524 1219 -196 457 306 1070 -162 729 -847 527 301 -526 -531 633 36 80 1058 -131 766 -182 601 233 -2476 178 -554 -875 805 -310 -930 66 1229 -104 530 -727 -484 464 -238 -984 776 56 327 -1766 505 55 -61 -1201 -648 41]
[-656 -697 -148 -253 664 776 -756 -436 698 406 275 312 -435 154 -819 270 413 516 -499 317 19 94 1108 -178 366 823 -795 793 586 -183 1212 987 -786 23 -105 306 314 -933 -315 152 649 -645 18 195 288 -394 -1034 330 -432 -226 455 948 -47 -719 388 -2339 111 -111 -36 -859 318 -1189 -878 352 562 671 -296 -1248 539 -478 -944 671 475 -1026 186 -55 746 -176 1138 -65 -863 -373 582 1050 -225 475 -334 -186 887 231 1512 912 579 -1041 -404 -1512 -309 -1422 -189 940 205 51 314 1143 -357 -754 758 26 578 453 -66 773 361 280 -46 -1381 547 -433 -1680 -603 588]
[966 -672 262 616 1194 -276 401 -191 -1115 -1017 16 1084 357 45 -449 -945 -548 591 58 635 171 300 -1103 -1137 435 -249 612 -474 1269 276 -116 487 711 -76 -437 -726 910 -746 -243 471 -816 136 104 -163 1143 903 -903 1044 -1056 -141 147 -582 172 1275 -223 -616 79 423 -325 -1035 -322 -725 -1071 410 -1391 -1377 -1236 929 -712 130 950 -1241 -653 -291 -884 -539 423 -874 -484 1005 -1037 -310 -661 -925 -384 -738 841 -93 -186 -2014 -190 -1628 -825 -457 544 -755 -1043 -471 347 -517 39 258 -75 1050 67 -346 -372 -1475 -889 -430 629 -1616 132 282 1134 656 66 -641 -30 -283 1651]
[776 1017 -480 -107 -772 -63 929 -37 -780 -14 677 1307 -519 877 -423 309 698 367 -868 -199 14 90 357 -222 1128 -847 -273 163 144 874 136 105 -433 -251 846 -422 82 -874 308 -515 -292 242 -959 706 1008 836 714 950 -3 472 -318 963 -122 490 130 780 -162 84 -365 111 -556 -361 -820 -488 -359 -653 134 648 1115 -803 636 42 -605 -610 1235 247 102 -454 -514 -569 838 151 -289 -603 -716 411 -194 -392 -126 97 608 -752 -62 -559 431 -248 947 -244 8 994 201 -86 -218 1154 -563 1064 -540 -780 -275 231 -975 -1238 -771 1269 -360 110 148 -338 -1078 -546 -638]
[-1248 866 -885 -871 -234 546 377 -889 463 136 287 -1084 -676 498 -158 734 885 -217 -226 -837 -651 -68 -44 -448 588 282 -1390 622 934 527 -739 -297 257 -934 573 -445 -286 -1016 616 292 934 -362 -1164 1021 171 766 1054 726 -325 -219 194 1292 -697 210 447 -740 111 -316 610 293 -735 -534 -906 639 -665 -1437 -128 -196 350 -580 64 -890 421 -502 112 593 -376 1271 625 -18 -395 -281 593 -185 -267 506 373 -223 58 -130 582 1248 220 -717 358 -1104 429 -1101 -455 973 379 -238 -557 -337 39 1081 -624 889 -573 264 247 -71 -813 514 -497 774 351 569 -656 -453 -264]
[193 -20 -617 -25 766 517 367 -593 42 -567 -388 -30 220 -1135 -592 -1121 -265 503 479 -79 439 10 514 239 759 -368 317 -632 -364 863 -647 -43 -982 -313 -145 632 408 -859 906 209 257 19 218 -455 -121 -134 532 -27 -1003 -251 391 626 -715 -361 360 872 759 405 443 -920 387 -1153 115 963 -392 10 -1288 51 355 -662 -435 -450 -346 -753 -769 996 -432 -432 -47 934 484 -611 -323 -206 503 -130 156 827 -336 -661 150 -111 101 402 464 -48 368 -433 275 852 -390 805 212 -218 -475 -247 -937 901 202 -889 -875 -1086 -408 -257 822 -533 -744 -236 -160 -262 44]
[-396 808 170 -545 -1088 189 -778 -384 399 724 854 -224 -1011 -478 -135 -998 694 -8 228 -1109 -1088 -325 930 186 -62 -26 -1123 -568 -1213 541 20 588 -1203 -1640 -205 1006 -1099 172 -485 85 1797 427 -99 -410 425 33 397 66 -792 -1153 263 184 594 -210 502 150 -347 747 811 544 161 -184 138 69 -206 -1237 450 -217 1327 -259 -1316 -299 1119 1373 1150 -90 -617 938 1538 482 -80 -118 -286 -1011 -210 1217 -996 283 -583 1126 202 498 -18 339 483 -466 1069 -64 405 487 592 -772 -94 -410 827 734 -1068 136 841 290 -177 631 -383 177 -1906 762 -746 -295 221 261 -1153]
[-633 1048 -1055 973 -1008 550 -623 -346 984 -5 -365 -261 -671 711 407 831 115 1 -363 -781 1197 -475 -121 -18 501 1405 -736 1797 -224 381 561 290 985 -596 538 -786 377 -600 -406 -493 1537 -853 224 1101 852 370 441 -602 -597 1505 98 1389 -222 47 -173 -923 271 -507 867 162 -1434 -257 655 445 -47 -14 -50 -636 445 -348 -504 800 -23 -580 601 -962 -282 113 355 -1471 260 1222 -78 793 -564 224 1353 618 -251 459 185 1121 58 -214 558 -475 -49 -614 139 13 388 -201 361 466 -1234 5 768 787 -335 -32 -1228 533 -717 -515 -534 1631 -517 132 -1157 -1158 361]
[-1179 824 -600 -611 -100 264 163 -646 -233 264 335 145 289 249 1415 894 208 137 14 -637 -674 -226 432 1188 -676 930 472 1217 -357 439 162 245 2210 -164 433 -556 -1186 -754 734 -477 1793 1099 -479 895 175 -464 474 475 -373 360 -612 1318 -126 758 -871 330 -295 -1352 558 612 -260 153 -214 -386 -946 55 -155 -444 -151 82 516 1763 409 -249 1232 -286 -72 1432 143 -792 354 -907 180 1401 68 876 263 -41 -134 458 -905 719 1116 -168 297 -1053 778 499 -1159 928 756 724 -236 269 -259 1371 -309 709 72 132 1045 357 192 148 -332 76 179 1322 -755 164 -469]
[-254 931 -237 166 -1284 -689 -1139 -547 -779 -301 50 1585 -549 -1087 460 -52 -72 -12 853 -32 -614 117 -337 214 726 261 525 -1624 -1578 -276 -53 534 419 -805 828 568 -205 391 134 -299 -242 34 760 -1013 995 -983 995 825 -243 -47 487 750 208 701 -467 1248 265 478 -916 334 938 -89 142 543 -1420 459 147 437 1010 253 -602 -628 -369 -452 840 983 -509 -45 70 -401 945 478 238 -113 231 -948 -591 162 -1485 -172 -807 819 554 837 796 64 1243 -1115 301 647 1192 -113 -462 -24 -146 460 240 -849 46 -280 419 508 217 245 126 850 -680 -467 -791 1069 -120]
[574 -1058 -364 578 -855 -23 -1657 -513 -2043 -71 548 634 721 1217 -179 189 709 -82 919 -973 -132 -354 246 106 -96 834 630 -1170 498 -335 1164 1729 16 703 -965 709 -499 -424 -5 353 964 -528 876 -827 -42 -513 -778 -1121 -234 -129 -90 1005 809 210 -447 2413 -751 -159 -1392 815 -313 1083 546 -272 1112 1025 148 544 -165 397 -129 -389 160 445 445 323 -561 245 -867 350 -292 432 -387 584 642 -760 309 541 -741 1515 1055 -111 219 1162 686 142 229 -1204 -1834 329 -128 31 20 -158 621 -579 265 160 -56 306 -566 431 44 700 769 -1110 109 -866 -751 463 218]
[464 270 -244 -208 412 426 698 438 448 191 -492 -547 317 -838 -234 -1 -744 1249 653 -292 -540 -758 -1287 958 -120 -501 1280 -756 -1060 -646 529 -27 -1422 -256 441 -415 316 -202 403 839 -224 432 -449 -197 1092 40 -1414 105 1641 -1330 222 -193 62 30 332 889 1037 1382 -109 902 450 -706 239 251 421 -113 185 85 331 3 -113 -476 -11 -823 822 495 42 -719 3 -590 -222 -504 401 -189 -514 1135 -116 -78 -154 -276 -1753 591 541 724 -688 785 -477 -182 1168 -483 -288 -621 -19 -501 57 -634 130 561 -137 -434 714 -483 1294 -266 48 416 -170 -637 773 639 -136]
[-637 118 400 -155 340 649 1233 1346 744 341 -236 -700 -753 576 -450 -137 -222 -660 -1081 402 -578 -663 723 233 56 -598 -1173 1040 1121 -159 -764 -629 359 16 -846 631 -173 -806 -313 1083 -350 1133 202 161 -426 -82 141 419 544 -1376 287 -890 -693 668 490 -505 378 276 1453 169 119 -350 -21 963 96 -886 740 761 -48 509 -309 468 -493 430 234 408 663 -660 676 -237 -951 -1253 -330 1133 50 236 388 532 904 206 -324 -349 -874 69 -12 -99 -682 836 910 306 -1503 905 -781 -1194 -325 -165 119 -27 933 -884 298 -213 -9 -218 -492 -191 -553 -182 794 -18 -385]
[-371 548 770 -388 -47 -820 -775 855 1294 -295 -580 -203 -347 -390 88 -389 395 -189 340 1039 -48 -1575 -587 658 31 -553 71 -1394 -837 434 -147 -607 -68 -545 -98 -587 -132 -529 -703 -962 -308 466 -767 563 39 -1119 -586 1124 123 240 1225 -180 359 274 281 -245 -193 -34 -1244 62 379 347 -251 687 80 -858 -425 433 77 682 -310 -154 191 773 111 18 941 278 593 -591 -150 711 -119 413 -895 -794 33 -464 616 414 -570 664 -694 -1103 -342 -832 -242 -98 601 -277 -1173 -356 -237 -36 -209 -74 122 -1322 -133 263 152 -58 -462 -877 -125 437 -307 -567 -292 -133 216]
[-993 169 38 -1132 1063 -154 1017 -332 95 696 627 781 -204 -715 250 1071 7 124 -508 -171 835 -32 204 363 -843 681 1269 -548 -341 -105 -828 175 1603 363 -1104 274 57 -800 174 445 -107 1288 -1318 957 332 -433 67 1128 289 -567 -1543 911 -828 -569 908 -400 364 397 248 -743 329 -245 -1042 -88 -369 -1437 -794 -1106 592 -371 1041 135 -1085 -905 116 587 162 946 278 118 -155 -1932 1568 391 -290 -1089 46 -686 -158 -1322 399 -100 894 -451 323 -1388 1140 294 -645 822 668 304 -17 356 618 232 -233 1090 -374 -174 1115 991 960 141 512 -333 928 -515 -209 -976 195]
[1451 -624 -193 501 697 1117 -281 120 -503 -901 16 -994 677 -280 -275 -365 -134 953 363 681 -563 -93 -118 440 -300 -310 359 252 -101 -196 498 99 -861 471 931 -416 498 136 95 31 686 -1395 862 -1200 -102 144 -421 -636 -267 -481 984 157 683 176 -798 159 -180 393 -506 -173 328 224 32 319 -218 1235 -253 422 -1589 902 27 -147 516 -1089 -860 92 275 -246 155 101 291 -8 -1003 -56 737 -168 -508 721 365 -608 -12 547 -503 314 252 718 -754 -102 311 84 -737 155 135 -828 124 -423 880 -671 -354 -468 -374 364 196 -1315 573 -705 -371 338 300 1194 729]
[11 200 -549 -592 -812 -32 -1035 -478 -151 811 20 -386 502 72 -565 -600 965 -998 908 -329 1237 -505 228 296 470 -170 212 -1609 -1198 196 -1087 -124 461 148 -352 619 472 -326 -616 -411 281 -236 744 420 -404 -1999 1455 -1023 -1130 -72 47 451 -160 286 732 264 883 948 193 -725 1104 1304 768 57 138 804 -1714 -566 212 -978 -991 -151 1195 -41 13 -1593 -421 578 763 821 -1050 -303 -643 -6 257 -981 -60 1603 -640 213 -89 -397 176 -969 1075 815 562 -98 -599 -354 -624 276 95 -384 333 -28 -181 1616 185 -156 -1154 173 -220 -640 -244 344 -607 190 -46 111 478]
[267 114 628 392 536 124 137 -136 1343 -68 -987 881 -464 51 -68 371 -534 -15 139 -111 1195 212 73 -27 -727 470 487 -963 -951 -58 -820 -231 747 356 -486 -501 -1125 -2 466 253 -82 820 -47 640 -1431 352 686 -535 1061 -750 -696 -175 -498 -859 -237 1093 1031 -54 218 423 774 89 -4 -913 -33 76 213 854 -381 311 292 -144 -353 589 82 1034 -332 -106 142 165 -208 -663 495 -374 676 -559 -522 1037 272 51 -826 -713 360 1612 -208 200 1067 1144 -138 -1098 -299 -655 -900 -929 190 164 473 429 1231 -449 836 364 -821 -670 116 -9 -642 -80 441 369 -637]
[-36 -645 773 -81 -927 -631 -240 1121 106 26 -1021 147 281 -605 -680 -424 -322 -85 219 832 -976 -19 254 28 125 -847 279 693 -503 298 468 359 -430 555 -20 -396 -41 -313 170 -648 43 -786 -47 -724 610 1098 -341 1437 500 -1245 810 -605 257 543 207 1162 -427 -601 91 -441 950 -438 191 418 -421 419 -208 1551 589 288 -368 192 -463 -141 583 802 988 -695 466 42 40 -930 -1116 -106 -519 979 -691 845 592 564 -249 -236 -696 -228 389 -1375 -796 350 -644 -735 -373 -500 -805 -647 301 328 -264 -130 276 678 -1496 -801 317 -1228 73 -369 -332 -662 853 80 400]
[825 860 -580 -724 21 -193 -1209 -150 535 395 171 -936 -55 341 730 109 89 584 -167 456 868 -358 -471 1226 -707 300 1552 -1330 -38 -337 598 169 176 -764 -8 -288 -1158 -157 -1104 -284 966 -2122 -961 -816 1207 1015 -105 888 503 220 -1305 690 488 -180 -496 612 -232 1420 -823 746 -1181 -150 422 -537 305 -236 740 681 798 -121 675 -527 619 -664 762 -333 -108 1913 -992 -90 -386 298 425 -469 -833 996 344 -925 -1125 -490 -393 814 471 -136 -843 -802 200 -577 274 602 572 510 984 -528 295 -737 -428 -982 -295 1162 421 -964 1147 901 133 948 479 -927 -392 -16 -728]
[-101 649 60 676 -243 -108 -29 277 647 214 -888 160 285 -545 -299 439 732 -341 -529 794 -448 -796 507 -1422 574 -401 -136 -22 847 -1110 -782 -124 490 -301 -620 -915 315 -1162 -316 -212 -366 237 314 726 -565 -243 723 556 -122 -274 64 510 -618 410 -333 -616 240 -527 894 -162 91 -1602 -422 333 104 928 -708 134 819 -584 675 1413 -240 -896 249 -172 975 -10 -640 137 -82 -373 -613 816 -114 -228 -577 -119 265 380 -247 309 -739 -693 -284 -968 438 -623 588 -581 -265 396 -413 513 118 563 241 572 -31 701 525 -294 68 -686 416 -14 31 -149 -344 361 327]
[62 -897 -345 -230 456 1000 1058 -224 -1440 -776 725 486 172 -101 174 408 -719 548 799 -950 -1011 608 1213 854 -777 695 -672 1265 904 -980 737 875 -834 80 21 1302 97 497 1352 683 381 221 1150 -708 17 -279 -274 -1368 -10 -770 59 78 512 346 43 485 -935 418 262 68 -298 -480 -351 -266 175 403 604 -749 -325 510 180 -221 -1103 -154 -1153 402 -247 -1011 393 -445 147 -1234 -98 250 247 139 308 -55 1331 -612 1190 -700 407 1292 783 1335 -72 1273 -303 179 392 -725 -441 -387 993 402 493 202 883 -423 -347 112 1929 381 -309 -1315 86 976 349 -300 -606]
[-749 -1308 339 -596 -472 -339 342 -132 -20 -125 -28 -1185 425 -985 -240 -109 -1999 858 -39 -241 101 439 -257 159 704 -1285 551 877 36 -717 -1360 -578 140 106 -49 -49 252 138 -524 -690 -324 478 89 562 -311 693 -532 -1054 1182 -39 -582 -1359 677 -688 1183 -385 -1004 671 1462 295 -540 354 341 19 619 -853 1076 -399 703 253 -682 277 -483 828 -1397 -490 -790 -994 -64 27 231 -791 -187 143 10 622 -250 69 892 896 434 -850 685 57 -717 244 -593 1172 -137 -682 -74 334 49 -883 439 411 851 123 189 701 145 7 942 171 -699 -91 2 653 189 -512 -521]
[329 775 1299 402 482 147 475 -27 -1247 -809 479 1169 -268 -1411 -540 510 145 288 169 718 895 615 -794 63 -255 915 176 520 -680 -301 495 674 -353 -417 -422 546 87 727 362 380 313 1756 -41 972 319 -953 -754 2 -831 532 250 597 -301 427 1287 -816 1411 -874 -169 -8 63 -1437 588 -1124 -278 74 640 592 -78 41 -467 -589 -349 442 259 -180 46 -477 330 -829 -730 -250 178 153 620 -777 449 -87 47 50 517 -2027 131 382 -166 804 536 917 380 252 238 747 -1065 1252 -39 -514 381 66 391 -543 -811 681 644 706 -752 -631 -417 -501 39 -427 -398]
[-1141 564 746 -372 -392 427 -657 -998 -265 -321 1597 682 -753 -356 -202 170 -500 587 -752 502 -179 386 1592 -120 -119 -556 -642 846 -433 -91 -966 730 1922 120 -208 93 -905 602 -639 -708 323 557 -388 -588 -92 -409 -620 149 -92 -933 -308 502 -291 112 -160 1284 -848 -711 363 878 40 -11 -1242 589 -294 -340 299 637 828 226 -858 965 -84 1092 -29 944 496 -381 1066 -620 299 -1810 -490 1692 100 -14 967 -208 435 1874 -877 -431 166 172 -417 -2077 519 -333 -414 143 -156 77 -1419 27 1004 423 711 133 -91 81 177 -771 -584 -409 -1120 -1081 372 91 -284 -279 -474]
[638 -580 774 -836 545 879 -533 -531 -1009 586 615 -201 -11 -825 -68 193 695 1984 323 -583 900 1228 281 87 -1424 -405 1197 -1393 -1739 680 -589 -145 761 563 -968 -70 110 1341 -294 -57 465 72 -752 305 -379 1351 464 -69 881 -1485 -995 -170 -265 -696 618 497 -138 -489 -206 88 781 750 -772 -300 -791 1678 -50 -171 -1286 171 -9 -419 195 -139 244 -1389 -720 808 -144 26 -315 -1326 525 -814 741 567 -2283 -396 -96 -139 175 286 227 -1116 -276 -930 -969 -783 86 -100 998 -186 -335 -134 827 -325 97 555 690 921 111 -64 1069 -556 -180 -512 1186 -249 1076 263 513]
[-275 1048 118 0 1041 623 33 -264 83 -363 157 -764 -155 -858 -186 -960 580 -139 230 977 -772 1062 223 485 -251 -1450 785 -499 -250 -463 -705 -193 -75 -12 -410 26 126 439 -202 540 -118 205 -860 -1072 -790 -1000 -1365 -687 -1362 -1186 -440 -348 -357 -981 -1288 77 -556 169 -164 265 787 -353 -446 -515 -72 198 -858 37 -1205 931 600 522 1353 -735 -175 6 -324 -169 -150 645 654 -677 -64 -78 697 408 -1182 -197 40 -93 -551 899 -256 427 -417 1116 -692 132 731 654 -953 301 687 -131 1339 -722 -685 263 -646 -503 726 -1 -157 -1219 753 -1191 187 -27 1423 910 -128]
[501 520 -174 -722 -1059 -321 -552 -752 -946 572 -96 1195 104 209 450 -143 963 -356 882 -445 530 211 368 67 -223 1404 231 -1884 -752 -181 -323 920 -12 -55 -345 -153 -1325 990 -383 -107 216 -413 108 -405 -17 -519 1928 53 -148 -140 230 371 11 168 70 982 80 -256 -1288 752 134 138 241 -254 795 1314 442 -41 1046 -632 -475 -453 691 1197 685 -687 -294 895 -64 127 353 -64 -117 93 771 -1076 -352 -615 -973 1492 -617 30 61 511 882 -582 743 344 -680 216 800 -1175 403 1091 -375 350 137 43 794 236 -78 779 -260 657 -739 605 417 333 -750 1261 -587]
[-619 -729 -2 308 706 279 835 919 -512 -467 259 1423 -957 43 363 -685 -716 -355 -1372 539 -372 -610 659 69 346 766 -818 1206 536 510 875 -167 -490 904 441 1188 16 -452 963 76 -475 -394 110 -657 278 -387 -42 330 -1652 187 605 623 297 -647 4 -362 743 -56 -58 -951 -615 -1407 -645 28 -637 -459 -598 -554 14 675 282 439 -516 -549 -1156 1087 1227 -302 364 370 386 -790 327 426 -329 -1027 1028 488 -550 -676 1128 -195 -56 553 828 -944 533 -287 -645 621 -288 386 463 72 -41 825 -496 -233 -1088 -623 -56 59 -170 -437 -647 -1746 46 -175 -808 -729 -150]
[79 250 -176 -172 -695 40 -1481 -1969 -454 74 1521 249 -58 10 48 844 1324 681 221 -405 60 722 916 -903 -757 546 333 -625 -369 462 -888 844 776 -740 -779 -405 -173 -28 128 -215 1614 143 380 -227 -411 789 627 327 -1405 -908 -67 1349 -363 849 142 1097 -546 -1455 -10 307 -211 -90 -282 358 -1521 794 -43 554 -155 109 -641 1094 247 268 1009 -748 -814 1593 147 -416 -217 -202 -101 656 1062 -21 -609 -552 -309 284 -871 795 -102 -550 192 -1598 471 -1192 388 477 1109 383 491 902 408 -14 -573 242 -445 1056 457 489 537 -540 655 61 686 -404 249 476 583]
[-1018 191 -149 -517 524 1039 942 701 -1611 705 25 -3 280 676 179 -259 1308 -333 -342 -861 546 -391 -1467 2086 -815 460 891 -760 1077 -12 885 1212 561 117 -1085 231 -829 1210 360 -325 1273 266 -1018 -909 338 247 238 -128 680 -375 -1439 85 785 185 -453 -129 -515 872 -576 -181 -511 108 61 -1039 1115 610 234 -214 -868 -135 973 -721 1261 1641 62 -533 -659 232 -355 325 -892 -811 404 -1204 828 -514 -301 -340 184 -267 70 -955 468 1002 1278 439 -323 1138 -795 250 189 -1245 146 -1041 647 -1133 461 -1068 1763 -582 900 -347 712 335 -915 782 -163 474 651 -891 -509]
[-914 637 1046 -1439 11 -568 322 63 -110 519 386 1682 0 270 -14 508 -880 -624 696 -943 -404 154 -428 316 -616 -390 798 -152 -321 -78 603 -463 -38 1341 497 150 -476 1476 667 -276 -559 650 -687 -89 -56 -352 563 391 732 193 933 -283 247 -131 -490 809 365 -1316 -804 276 751 925 -46 -694 -491 845 -312 -291 -365 303 230 307 531 1020 -80 327 -531 -73 -291 -526 -104 -168 1472 607 -229 -43 659 -471 -349 967 -535 841 1366 -407 -227 -950 -283 110 -930 -727 560 -1053 -336 1051 -318 754 -391 -256 111 274 -233 730 -617 -260 -792 -338 -415 1166 -271 121 -122]
[267 284 1382 -701 1023 -449 2202 154 -121 -1187 -854 -1415 -906 -745 -539 -9 -132 -229 609 526 1402 -176 -877 221 139 -615 1617 1357 186 478 -242 -741 -570 78 984 -177 1107 -484 359 -41 -610 988 73 910 70 -574 -244 119 -598 948 215 -135 -278 -426 731 -1544 1160 750 -130 1 -21 206 -446 -501 -986 177 -388 257 -1148 686 332 -19 -105 -726 -968 -232 481 -74 113 -299 793 188 -252 -359 364 94 -312 487 1049 -166 -316 -650 -21 -239 -17 1054 -410 307 -182 125 -916 877 -412 358 -411 -293 99 573 -532 -926 -1136 440 -289 -319 533 87 -1207 634 258 -33 42]
[-353 -117 756 -1011 -669 281 517 656 -25 391 809 -737 -198 -781 -36 -417 -689 580 189 962 -149 962 -156 699 -219 -1618 172 -174 -7 496 -376 -949 -393 728 767 699 -175 581 -122 -126 -207 254 -514 1011 -711 -378 9 695 -360 -870 599 -1314 366 -19 1155 420 -1500 72 -233 541 356 166 -112 262 -790 -928 -265 -133 431 761 -264 -392 -269 256 -357 -531 342 590 400 868 836 -848 -809 -572 -639 464 -926 -465 617 121 1113 -366 159 -899 -29 -976 -1257 1195 -467 177 -441 331 -281 253 233 1031 -1116 98 449 1324 -350 -947 -109 29 -355 -561 166 -282 807 -529 -643]
[726 2460 1040 -35 948 -1081 -571 423 -432 95 -848 -610 87 419 312 63 448 196 1502 -133 486 -267 -412 66 -1428 837 1503 -1642 122 127 301 360 -451 -1252 204 160 -381 -295 -1591 410 -549 -305 -404 78 694 260 176 488 -219 -938 -396 238 29 -393 881 -160 -850 637 -926 122 15 -436 338 -78 -377 -49 173 126 -193 -1291 791 -1904 1591 121 1426 -854 168 1524 -1235 474 -788 477 -39 -6 -1135 981 -615 -646 649 -537 -258 195 -74 795 -1331 -55 -189 -433 242 739 -695 -317 1249 -269 -810 -235 -2050 -5 -116 426 129 -129 627 67 1260 2347 332 -565 -391 -396 -958]
[1151 -182 -807 845 1850 -244 778 -839 -271 -579 115 123 462 156 994 674 -382 -1222 -1751 -404 -86 738 31 632 277 747 36 -1085 -922 256 -393 -655 -30 -216 -769 293 -736 272 607 898 -2407 1164 -1018 -223 714 -916 -184 549 -507 211 -983 -766 838 -914 531 131 855 344 -291 -843 786 93 -770 -275 -654 -1922 1973 -572 268 -195 -32 -901 -1271 503 -58 -284 488 -834 249 1049 112 -954 39 147 531 -1160 400 -1370 -263 -1716 868 -1365 -1118 667 427 173 990 357 372 -129 -650 1034 161 155 -268 334 48 -1198 -228 -708 975 347 317 911 472 -767 860 -440 -691 146 -668]
[-599 271 213 -446 234 1419 -1225 455 -477 -236 522 594 -324 -902 -263 83 -874 1179 242 755 238 1432 247 236 -158 -539 315 -866 -327 -1094 -173 247 677 457 404 639 -125 577 -29 367 -208 -300 902 -168 -456 -1441 -271 -396 -440 -932 637 -21 -86 80 -126 183 -822 903 -171 544 528 430 -390 -823 -109 586 -458 -728 -480 1128 109 -145 945 -730 -307 -261 578 -90 1154 222 -103 255 -499 160 -549 -411 71 -566 1702 662 1120 272 599 168 -11 -272 -630 743 -546 32 747 124 -176 39 358 290 40 226 173 151 -331 -348 629 -34 35 -1958 698 43 -989 -539 50]
[422 822 -112 -388 -254 -446 -288 729 812 206 171 -733 -30 101 -204 -19 328 505 908 507 -971 188 261 -1018 827 -1332 -326 620 -395 -734 -410 -391 -162 -1148 187 -249 769 75 -973 -162 -392 -5 254 -193 -114 -596 384 -125 -852 48 681 184 -275 216 348 -8 -519 -461 341 -758 713 620 599 552 -1089 -773 -661 483 40 290 -669 290 37 -243 804 -688 653 -234 179 -1107 807 749 649 53 -1263 -1127 -1209 -644 50 -467 212 577 -1473 -484 32 -465 515 -475 1804 804 -381 141 -157 -180 668 -61 -805 -781 159 454 8 312 1333 14 -466 660 453 215 439 1061 682]
[858 -751 -411 -347 -800 203 485 447 -35 731 591 -181 957 940 -1281 -217 -548 -1143 -23 -225 -1303 -608 727 -20 610 -985 -1538 -720 275 119 -200 395 -1128 1047 -658 422 -204 621 -227 967 -595 -9 -769 -197 59 13 -609 -198 479 -1100 318 -579 532 -764 -240 958 -106 -733 159 953 1150 201 94 973 -7 -290 788 572 119 797 -258 -408 -406 141 376 544 232 -776 134 -439 963 -1059 -63 -276 -492 94 626 -649 -1039 770 859 598 -815 -268 -509 -815 -230 216 109 520 -321 492 109 -440 752 672 -183 -124 380 158 305 11 -747 -421 -1029 -1346 303 47 770 1725 -84]
[-1406 1073 -345 -901 -1206 1613 -266 631 622 -119 -1691 -388 -56 582 -290 -137 -412 258 108 -711 46 -1498 -682 575 -94 1018 -43 -185 146 -104 -295 145 144 612 -66 -995 -839 -802 -235 61 932 202 -47 49 434 252 881 810 69 -695 461 473 -366 1211 326 891 428 1014 479 475 -500 -6 -79 377 835 -617 1079 1466 714 550 -495 185 631 -365 198 -556 646 201 103 -15 -1471 -1516 -588 118 -526 1338 561 477 711 726 -709 -26 124 -783 452 -67 -874 913 282 -499 -386 -583 -1051 -863 -339 440 82 116 -88 -88 -355 -186 -48 -415 96 620 -899 -360 370 -389 -607]
[-1813 914 627 -299 577 -120 -185 -282 924 73 206 -278 641 468 -620 862 792 130 -341 8 299 341 -1694 -281 -479 82 409 6 645 297 -877 -701 1044 -49 515 -649 658 -884 1479 -1185 843 417 384 1600 -623 -182 477 566 -770 257 794 469 -857 907 762 -736 196 -408 12 -658 -387 -292 172 532 -444 -581 -2068 -466 -224 -1032 -238 -106 593 -405 -339 -1357 -379 32 171 411 -1400 815 80 -127 497 -480 65 46 373 -1197 -442 -185 1016 -1413 129 -553 -190 263 587 -518 151 -415 -570 207 -110 -119 208 394 -240 -264 194 304 -1045 -1189 526 1651 -913 1009 -1519 -159 869]
[239 -393 249 722 -2 73 13 569 -130 -354 -1348 115 -831 785 205 -451 84 136 -290 -145 -946 -991 1250 814 708 631 -194 -140 -608 823 486 -753 -578 216 700 188 631 -1612 143 440 -800 -329 -1187 95 -215 -1190 39 754 1075 -78 1534 487 -613 -574 -156 202 467 890 -1017 -43 923 958 -662 38 785 198 -355 -468 192 -126 -214 369 318 -564 259 1380 115 -815 1157 -176 607 868 305 202 -270 990 562 209 -214 -56 257 1130 91 367 675 399 -43 -1434 -488 462 -1096 -154 -437 -709 -1278 710 279 161 -254 -1156 340 1679 -1497 -285 311 -533 -954 -306 -811 695 -502]
[2201 59 755 690 123 41 -14 134 -1267 -338 -1265 145 -1255 -175 21 -398 746 811 692 685 443 -189 418 451 -423 1386 233 -348 -740 1146 1134 502 -1496 -934 396 104 107 970 -846 716 -6 -749 191 -623 1052 394 414 1193 -752 943 1398 137 493 58 476 -740 846 1269 -804 -175 -28 -634 384 -179 -496 611 321 1189 8 -454 -689 -921 21 211 -490 177 208 -93 76 -271 -292 1261 -524 -606 -437 753 1083 894 394 -1012 -124 -760 -833 398 325 734 -998 -398 800 -331 -793 -274 -1145 182 -865 48 208 -722 -719 -510 -1080 -241 140 -266 -36 1052 -58 -894 -279 -246 -477]
[-1233 766 -411 -742 -1422 -286 -436 630 663 684 -1267 30 278 -638 -144 -206 -213 391 107 662 -252 -860 -922 134 -33 200 -434 -264 -978 -281 209 -71 1599 707 -298 74 470 883 -887 -205 1106 -60 122 -398 -1066 441 -137 272 839 219 -347 646 -427 671 -667 -297 181 -673 876 1564 -51 343 661 -643 1332 2170 4 1522 -825 212 -911 749 1305 795 811 -329 -10 -838 195 140 -388 -323 -104 -347 -79 185 -562 629 -1146 1078 -1459 281 -721 -428 132 655 -694 268 639 -830 544 -1616 -188 -61 -158 -763 786 824 239 -152 430 42 -339 -794 -360 945 -104 80 1752 224 776]
[87 -150 -311 969 319 209 -471 -135 60 -45 -388 1433 114 175 587 400 -563 -668 324 -176 324 490 1207 221 -560 1626 -194 106 -1052 195 646 604 -39 515 96 -440 -699 135 434 -235 -273 497 217 -127 -378 -280 655 -627 -165 448 61 697 257 -371 -479 179 -566 -243 89 -692 687 -740 52 423 98 -297 -441 -583 672 -470 -1 -892 -463 -79 143 690 1413 183 -7 197 522 -472 631 359 -286 -1033 -127 -68 675 -827 530 -684 251 1479 88 931 964 1514 -926 112 462 -751 -310 -262 -46 382 439 265 -235 60 -138 -316 369 307 500 -678 702 868 -644 249 -1129]
[248 -175 -307 583 2 -286 -875 603 234 -26 258 1152 -346 -166 -419 -877 1315 -916 -382 634 617 613 651 -2202 -397 1205 -801 405 385 -277 -654 347 1593 992 -1008 351 -53 589 -567 -404 -566 485 1856 479 -1142 -62 1350 506 -481 2 663 39 -1201 1024 -269 -773 220 -1634 -178 -425 167 -693 209 117 902 1237 -697 414 7 35 -526 1201 -438 101 256 -592 217 -407 716 223 -268 438 -737 1314 -21 -1148 -102 1029 23 -130 -777 -841 -971 77 928 -635 270 -917 283 -152 -282 65 -464 546 243 -141 337 220 137 -457 -1113 1253 -1154 -246 474 541 -624 -175 43 188 866]
[629 490 908 -907 -156 89 -104 -460 -105 -507 1406 -890 -93 -1754 -91 -389 635 1944 341 -361 -61 520 -870 150 -227 -636 916 489 9 914 -30 73 -623 -1563 393 -359 -603 627 -342 -235 1610 656 750 875 -177 1024 -353 -155 -805 339 -387 13 973 -234 1178 -778 -289 -110 334 -146 -642 362 -626 -666 -807 -784 1351 93 -236 123 658 41 -426 864 121 -761 54 733 626 494 472 -129 -1652 -353 -760 983 -1439 594 744 1613 796 -1331 -242 -849 -290 -765 718 816 206 246 127 -84 -188 459 493 383 -1092 -195 374 1480 -730 -424 14 1168 -711 -382 263 -254 270 -457 -879]
]
