5484.785866 2927.771725 1.028190663 65
[[-1393 -1141 390 -478 -349 -77 943 84 -20 -115 1068 -1017 -239 -497 -65 192 -970 -233 175 -173 883 182 -1539 894 100 -31 409 -463 -69 -756 -743 146 -629 54 -657 735 141 236 86 -413 -356 -155 47 280 695 164 394 -212 125 17 -122 -37 -243 -728 -112 -638 -231 506 90 442 343 891 111 -328 202 -579 -550 514 -260 -731 154 62 724 -213 564 615 -424 -144 -40 -245 -555 375 144 -148 290 405 -326 1027 84 -88 303 -403 -294 -568 292 816 177 660 787 21 280 36 148 -351 -557 349 23 -544 64 183 111 -57 1006 683 654 -114 576 -309 -528 -122 -99]
[329 -1706 630 1 -78 -355 237 7 -517 -196 973 -59 -19 193 254 496 -575 -431 -481 -449 1136 17 -945 88 -167 -335 -1124 253 -979 -672 -547 -849 -373 1164 248 330 315 -305 -322 143 21 -148 919 99 55 153 -424 557 -486 455 457 241 -522 -902 -14 -222 -351 907 -42 -841 159 168 -50 -303 85 -451 1247 -23 81 -383 -210 -99 1096 -132 617 505 -305 -1234 782 375 -204 402 99 -408 106 449 1171 817 -296 817 -823 103 354 335 -140 809 -596 -846 777 506 230 -145 -304 38 -65 160 -139 -865 51 -281 -523 216 503 316 -255 -314 -345 -771 -1572 671 -518]
[-21 602 29 298 -201 -594 -553 840 358 180 -1489 930 -895 -187 -143 406 889 652 74 -464 -278 -67 705 -99 -142 -836 144 -271 274 -84 273 -456 1352 -634 -431 -313 694 -53 -443 495 921 -257 611 -213 28 -284 -435 -229 894 -342 2 42 -21 -87 299 899 164 -587 47 -66 397 642 -740 -896 -766 335 -324 -124 1589 -213 307 327 300 -378 242 244 57 360 -133 350 51 620 -669 292 -367 34 -574 -534 292 -124 235 -672 338 -1397 -47 -871 -341 -899 204 1407 116 -436 -409 -388 331 -468 196 1062 -45 -978 -394 370 433 -918 -702 -468 -282 262 371 328 -756]
[192 35 207 186 -373 -457 -41 546 -209 -94 -750 1333 -767 716 430 -607 -558 -452 -228 464 -626 -263 140 482 309 -205 302 1080 101 -955 203 -407 613 -72 -342 -101 -387 -68 -333 -210 98 326 -503 -893 626 1216 -147 161 -452 563 189 64 300 318 -59 336 -344 -416 373 -502 -465 960 400 -779 -307 -278 -357 -124 855 -267 167 -1036 710 -1469 93 534 -1015 597 21 799 -1171 -2 -1243 882 7 -379 -512 -26 57 -491 1040 79 193 -713 6 -477 439 -597 413 630 710 -477 173 -221 788 -687 414 -426 -471 -628 -56 8 849 -719 -100 535 73 94 -673 -35 -973]
[-430 -314 -140 -733 -336 770 345 -179 865 93 -195 -922 523 -60 -34 -82 46 661 812 -377 -690 -21 187 20 -362 660 194 -642 944 1119 -596 1135 62 527 522 -395 203 -648 348 -277 140 -153 -552 232 -851 -1131 456 -160 -1294 -124 -352 278 -300 -353 -726 -574 -161 1378 291 104 23 -426 196 198 -220 -594 -680 -847 -739 -213 308 771 431 506 -512 -915 536 -796 -35 673 -384 -273 1336 70 177 204 526 643 -645 -914 483 302 62 350 -564 1467 -76 322 -512 -698 144 267 -112 95 -917 505 -500 89 177 607 936 29 -306 109 182 92 -783 129 866 -492 311]
[-33 1470 -774 446 1430 164 -1551 -503 -778 255 435 -15 102 -505 660 468 240 -4 -1015 72 -188 853 966 -511 -92 30 -210 -269 -372 -625 40 390 -1243 514 1153 -317 -193 218 1147 -733 -361 -514 -106 497 764 853 286 98 563 -189 76 -470 517 1128 -365 -688 3 -1372 455 691 -518 -462 -408 550 -353 417 162 452 -735 863 560 10 -948 546 -329 -33 685 520 -124 -1317 370 202 -86 213 134 -775 802 163 325 333 -112 331 -129 814 722 -602 371 -158 173 -901 411 797 -156 -497 37 94 206 -626 785 437 129 -561 -1639 171 169 729 1000 138 660 -620 -323]
[-184 772 -353 448 218 618 -590 -426 168 -93 -338 279 -116 1097 318 247 105 -103 -148 715 -1397 608 1497 427 -660 154 -328 119 -1001 160 123 -301 -222 -130 -76 300 -395 -171 292 -275 219 -109 -803 -141 203 608 79 589 -299 708 670 -500 1147 562 -499 -292 455 743 -726 225 -601 -213 127 -431 -759 102 -506 -49 -407 605 725 -649 251 -293 138 -699 -356 311 -152 -503 -449 -1215 647 -46 -942 -502 76 -279 -333 -529 141 78 82 571 68 518 95 -993 26 -937 946 791 334 477 1224 1151 -715 43 27 -270 -89 -27 -785 -218 -664 200 -512 -1032 632 -682 -1216]
[304 -640 -340 -768 845 -554 510 559 -134 749 858 80 440 -538 857 353 52 826 -553 -417 371 -227 398 -198 -294 107 -292 61 276 -140 79 -275 -4 1554 282 -172 444 -413 45 -164 139 194 -753 -467 -123 -580 -291 119 -999 -683 386 263 -214 104 -982 -846 -519 503 1441 -149 -802 -86 -130 527 -214 -245 2073 -487 -1068 -674 242 298 232 -453 -609 30 -194 -976 -144 109 -597 622 257 298 -433 -746 1539 1011 -793 -292 482 1199 -59 1036 -634 -71 18 -328 -808 54 1357 -112 -135 -585 528 -926 299 -361 -406 -143 805 -1007 -595 -742 -657 1333 42 -98 -183 -629 -286]
[-643 -222 -9 -308 -360 115 1259 -205 34 455 658 -417 439 410 92 416 -289 -295 409 664 -165 -782 51 1606 -172 905 303 948 -277 -409 -491 -495 -151 -315 -433 765 -883 1282 -458 -503 -1068 929 -1277 -500 162 826 -550 721 -511 -300 122 -440 776 483 -410 -273 -503 914 -1227 -797 -389 138 1374 -52 664 -364 1347 391 -1260 -444 55 -41 174 -1045 183 -523 -164 585 -165 -705 143 -624 542 -172 -783 -464 160 -96 536 -494 1 197 -380 351 -146 -3 75 330 -204 -892 693 116 -943 -493 686 -209 374 638 -231 735 84 -691 362 662 -1031 595 -276 -754 86 -9 560]
[-478 835 -369 -507 -593 1387 -292 -430 1035 -783 -724 338 194 451 49 -973 635 -984 1105 663 -1409 -1138 1514 -76 205 659 883 1097 -13 704 356 536 -135 321 26 68 -1082 548 306 -494 -275 -213 -1430 -476 -781 451 -300 772 -1465 597 -699 -21 -50 949 521 100 552 1044 -966 -331 -795 -230 1179 -221 797 -31 -699 212 -106 412 346 -312 -803 381 -280 -862 -83 491 -926 354 165 -1121 362 90 219 191 -1078 -1288 506 -649 564 -438 490 -140 -412 -134 42 -497 431 -101 -160 -42 64 98 789 309 -512 759 222 28 1194 272 1150 -779 -33 696 -821 611 368 86 -564]
[-391 -6 380 592 -92 597 -25 -196 -1590 -408 1225 -1310 78 17 -498 978 58 661 -482 -645 1128 1166 -441 -513 34 -927 1246 -1303 -37 85 153 595 -670 -774 -129 -17 706 -89 48 309 383 -131 1218 713 738 528 1206 299 1776 -346 79 -402 825 -687 650 -692 40 -1242 84 212 812 734 -530 -272 264 -209 -1439 360 -150 627 -174 -390 473 553 729 468 -151 1339 -255 -1143 -163 71 15 -254 342 615 -398 255 -91 261 -1200 -777 643 48 1206 918 -736 -110 426 -258 -128 453 502 8 -404 452 142 188 259 436 -616 105 -323 468 169 -374 1148 -199 474 -415 -183]
[-256 -377 713 363 -1111 -303 1364 498 714 520 -156 -282 180 191 313 -674 -640 -934 622 413 -112 -228 -1123 1193 -272 502 -412 744 -544 -1437 -6 -296 262 -179 260 -159 -820 379 -17 -351 -149 169 -248 -119 21 491 179 -946 -402 530 -517 -587 61 -354 -204 42 -944 1172 -15 -511 203 460 832 -4 44 -470 544 978 214 -851 106 -464 782 -1552 208 24 -32 -625 -278 275 -319 -958 464 -629 -644 -744 -336 161 -521 -196 1037 -139 -549 -50 -81 1221 722 521 271 -902 407 -293 -1192 -348 -807 -3 521 -477 77 721 525 -417 476 1296 266 -34 -189 281 -522 690 1518]
[-458 -420 -6 -771 -425 124 113 323 1414 -349 -850 725 -844 572 -798 -886 415 389 785 299 -402 -688 295 -207 -438 -633 -487 992 -683 826 813 -334 339 -522 -528 683 -419 -1661 -30 72 1218 7 8 -282 -178 -574 -319 76 -1135 916 110 -129 -1128 -444 259 211 609 1842 152 -65 84 109 11 -925 -976 -448 -415 41 726 460 -49 -586 404 692 25 -890 -864 -1121 -215 1245 -324 -519 936 87 25 511 -715 -783 -27 -1006 -209 -329 -656 -379 -370 -852 -268 -494 132 931 -203 0 897 764 323 1766 -282 201 -395 -1281 -427 81 274 -1466 291 320 -652 221 90 596 -547]
[-414 -174 600 -659 -388 627 227 254 801 28 -535 -764 -450 -420 -793 200 563 -472 594 354 -65 -671 -601 73 -601 -448 800 715 -79 310 609 -312 245 -897 166 -96 -100 -518 -11 -373 -36 580 -441 618 -159 -105 89 462 -277 211 -906 -207 -938 -417 1395 -154 -767 -135 -101 -892 934 367 249 -504 -870 -630 -265 539 449 33 259 157 86 466 269 -160 -739 -229 126 618 618 -87 -320 -325 647 681 -1118 -1299 930 -115 -73 -974 -584 -1418 284 531 -871 -152 661 685 -702 -242 -567 -379 -281 636 639 1106 448 36 634 304 1431 307 477 349 -13 1461 -680 1420 17]
[-1784 -708 -868 -83 1024 -509 -535 311 91 -578 964 -483 -279 -645 -3 63 531 681 -372 -816 878 920 -121 -27 660 -826 476 486 -119 -36 -655 -32 -1306 439 17 1702 934 370 639 89 302 -590 745 -176 563 524 -169 177 151 -415 177 -332 -387 211 184 -43 933 -90 945 455 -649 143 -481 -54 399 -284 447 430 -580 196 174 -177 -463 1247 514 -9 -200 596 -475 -1021 -1043 476 99 -17 256 270 581 108 -305 205 -534 -372 -94 -83 737 -667 -173 -98 1225 970 221 292 180 -415 235 472 385 -67 116 -544 -548 -855 -551 -1412 658 556 733 786 1028 -361 -1070]
[547 -290 674 437 -1035 -460 1400 -137 -1119 -26 180 249 233 875 -42 -364 -1108 172 540 -181 205 -749 59 179 522 70 198 -823 742 -328 -1344 96 1250 -145 -1036 -649 266 -307 -1502 733 278 353 -216 -959 30 307 -72 149 -348 -5 475 -375 720 -837 -689 328 220 1056 -262 285 673 1183 1136 -1165 -61 -670 -1013 -678 705 -619 119 -201 2563 -1478 -347 75 -1266 14 65 451 -951 265 -618 562 -505 -610 -206 989 -878 -277 653 -89 880 -514 -220 1198 232 -776 -6 -9 798 -427 298 535 635 -350 -323 -172 143 -484 -715 920 1105 610 -976 -624 -435 -1407 -717 -801 -252]
[-1070 676 -771 184 91 -455 131 140 168 -116 409 60 481 447 617 -191 318 222 144 339 -797 -180 1209 -240 521 1032 630 219 -303 181 412 307 -369 859 206 331 -310 1847 336 -630 -194 -436 -600 -765 -857 741 532 333 208 -639 322 -775 1192 652 -56 -303 476 541 -628 -219 -1578 -293 -428 204 1130 250 434 635 -166 408 -265 -347 -1011 212 -458 -127 719 1253 13 -379 64 -390 526 -477 -656 -628 367 61 -734 -283 558 693 879 1568 263 386 -443 -462 -65 -305 807 484 -701 -234 588 -815 353 1468 -295 -202 1012 -768 -462 -838 -351 454 129 104 1404 -1390 -965]
[294 749 -449 711 648 -696 257 842 343 170 -835 365 -446 -1096 -430 -863 807 228 231 11 792 -1047 1038 292 416 -1752 -59 800 737 66 151 -292 588 -493 101 -463 400 258 67 535 579 353 265 -317 312 -88 -1202 79 -558 -1516 -721 -502 -171 722 381 1332 -212 -640 224 -672 -269 375 831 12 -259 386 1214 -101 282 29 -77 113 -663 -243 193 -485 -435 -53 -1232 -687 500 333 -913 917 -670 -720 260 -1514 236 -313 404 -672 -258 -985 -51 -1672 -71 789 -430 1155 -359 -568 -132 -717 822 -1105 600 545 466 -89 -541 -617 -159 -997 -413 260 99 1930 467 1097 847]
[-478 618 188 -326 -40 372 494 -383 -540 113 -161 -1154 -48 914 -24 675 -389 566 217 298 -959 -318 -336 1076 663 1670 1257 403 1047 67 -551 1185 -366 -405 183 118 380 1219 73 -198 -858 595 -1616 -667 56 849 761 1095 580 275 187 -562 641 396 53 -272 -156 -392 -912 -405 313 97 855 121 357 -679 -2065 -780 -790 -71 -42 445 418 95 -305 -137 -49 1947 288 908 -1602 -235 -516 312 960 610 -684 432 219 149 227 134 328 -575 -64 1114 523 -383 18 -997 896 515 -262 -546 -501 -381 -69 672 -87 238 510 -210 671 133 310 272 22 -670 787 -838 -1376]
[-49 -580 471 -10 869 73 160 476 293 496 151 -81 -77 -648 -230 1278 491 -528 -762 -223 389 140 -91 1287 -1608 -364 -1770 10 -1925 -825 -115 -89 -419 268 -267 626 105 917 548 82 -492 -701 -112 958 888 -318 -1128 488 124 45 -214 -202 -279 -16 -967 -354 338 516 -230 -17 -142 121 -103 -193 -253 641 740 381 -322 -428 845 951 -612 -309 1498 411 -145 -631 -554 -404 -20 -189 240 -959 -917 874 271 436 228 749 -3 572 -105 -1137 -333 -525 -152 -960 584 -174 1061 285 -293 -872 896 414 -530 129 152 -371 842 -622 601 609 -843 -175 -488 -746 -305 56 -1705]
[613 -1159 -16 139 751 1134 -283 -240 81 -682 1457 -620 1482 -611 544 -212 285 -1259 -656 -673 1049 1401 -640 -932 481 -261 490 -681 -237 -159 -230 41 -707 1189 65 584 128 -28 574 -98 -967 -123 428 455 160 -221 394 308 -662 -423 -536 312 32 -120 -132 -462 1245 -227 1078 79 -460 -788 338 589 1347 408 7 -406 -1411 -99 385 537 -75 958 -337 290 -243 -95 -218 -531 150 126 -32 -688 39 312 -324 794 -514 522 -8 312 559 9 468 190 -173 -492 707 -404 482 -298 -225 73 429 -678 217 -791 418 1237 1053 -491 509 615 275 317 512 527 -281 -682 18]
[206 731 -254 -230 -706 -185 -562 -1158 -385 -143 267 165 343 -374 -479 -1135 -58 -140 222 438 -270 -33 -667 -1235 197 21 -635 -1065 -363 479 -436 1500 -469 -393 358 -333 -742 -828 -103 259 -584 -515 844 669 -201 -168 197 -1157 343 28 -625 255 -221 244 -928 -472 704 -809 895 1920 669 -697 -409 649 -263 -134 -419 625 839 1144 -100 -267 -1043 742 -876 216 446 -458 747 111 1252 138 552 -607 429 -25 -757 -549 -46 -41 -30 377 -461 554 204 26 -233 967 -414 -617 -1479 622 737 635 -2098 543 484 -85 426 -755 468 637 -247 476 758 -367 231 370 -30 1 1016]
[-415 -321 247 193 938 245 -136 -309 237 398 460 -1407 -408 -1005 -553 33 -384 -620 -181 717 531 665 -508 -32 217 -396 455 -391 -187 -212 -108 -84 -442 -1042 -788 -277 -134 -64 421 -359 50 -39 -38 469 1140 -147 538 -69 560 -846 78 232 691 -190 1093 -422 372 -236 -1137 190 855 -150 -245 -395 -885 727 -1815 112 -526 -450 58 606 -51 921 129 453 -497 465 461 -701 1124 -32 -285 314 -252 -6 -1023 -13 -236 -617 -330 -680 -1159 -182 651 534 -547 1039 -105 -57 -413 1103 850 512 222 904 -252 -397 -177 877 76 200 -38 305 1062 -1087 1373 -225 -140 -123 -74]
[-715 352 192 696 91 -381 261 637 247 -217 226 -1630 215 -780 -295 -141 308 573 -105 -662 132 575 87 264 97 -249 287 -1042 236 -511 -666 1569 88 -369 -715 -20 266 307 676 651 287 -571 359 -36 579 270 433 -264 791 -891 -634 -1038 1671 -527 -347 -784 1498 189 105 533 1174 910 1 -381 23 -343 -1211 1082 -230 -139 476 746 530 -58 432 452 -245 845 -475 -85 -150 -26 600 -576 -1613 90 -620 352 -934 -556 534 -7 378 -2 357 1617 -359 -160 116 -804 859 1293 182 -88 -704 269 309 757 -67 255 34 -141 -266 212 -131 -572 629 50 1345 -1160 -962]
[-329 357 -397 571 495 -275 305 294 -289 86 856 -1298 706 -1874 -464 93 -382 -196 -605 -126 773 422 48 -952 370 80 578 -284 639 224 228 1056 -548 93 -51 17 414 1146 1162 330 -343 -390 -2 994 202 -233 11 -826 1422 -862 -1269 -395 -101 -285 778 -440 99 -1285 472 296 204 -45 -815 489 753 619 -722 929 -485 5 -229 121 -2214 1475 180 1065 160 216 -505 -1004 1252 205 -719 -131 -29 357 561 556 -500 611 177 683 -234 660 479 426 105 1365 63 -845 -882 1079 761 27 279 -503 308 -368 -57 1096 883 -567 -1166 -384 1228 -301 756 1411 680 -804 -357]
[1207 -777 -59 120 773 563 -138 -527 -726 44 -379 403 703 1402 -322 -1321 -326 -48 5 -45 -324 247 -994 -337 136 -185 97 693 928 460 -868 1460 42 -770 1102 -311 -466 -684 -440 273 -99 805 285 -1041 -46 923 969 247 -1310 857 208 -230 209 -25 -544 352 700 -160 638 -721 -342 -571 1221 -329 -205 -991 -1213 -1420 -293 214 341 -736 1112 -470 198 -910 -892 899 641 361 -1814 -1531 48 -227 649 -366 134 130 -1154 -865 -170 947 568 -49 87 760 115 1 153 -725 486 -111 -451 565 -751 919 -101 -739 605 765 -412 -744 -386 549 -53 324 -655 270 654 -487 394]
[-672 354 -618 331 680 -264 -600 -222 -135 -926 -928 -483 -704 201 623 -93 268 286 -344 -1172 -583 -100 130 -200 546 -125 1076 438 891 -753 506 430 420 36 -80 44 540 -22 310 131 1025 -280 -362 -1064 -98 948 141 148 884 1204 -505 -350 -116 212 1291 -181 641 -626 333 562 500 778 -291 316 17 -483 -1143 248 555 -398 428 -383 22 -504 -192 850 -461 1011 -1158 -195 -1743 230 -1410 175 856 -753 -632 80 -126 36 545 -593 756 -483 78 738 899 -1161 886 729 538 -539 1146 -329 -75 177 -776 -318 468 -426 -1097 309 617 -746 379 812 51 232 455 -318 -1175]
[-182 -1179 -43 -785 242 637 -842 368 3 356 570 340 -282 138 -364 175 256 540 418 -859 -33 -9 -332 -769 -319 326 -66 1165 530 1206 -363 672 -130 -136 909 582 -384 352 -716 11 215 43 869 -47 -760 -111 102 573 -439 -75 -165 1175 -1669 -710 216 -148 -43 478 -149 -1124 -25 -623 -858 -1005 1080 102 131 -518 298 -920 -528 732 -497 1667 634 -64 638 75 1617 946 362 -128 449 -977 862 1075 1338 77 23 58 -1163 927 332 296 336 272 -1062 305 1108 452 -1211 -43 -991 260 -113 442 -93 555 -322 435 172 -134 -735 -524 -61 -226 -643 109 95 -266 -6]
[-1055 -1073 637 -262 252 -340 136 1021 1483 461 808 -1244 594 -1261 -287 858 1144 91 488 -703 1084 527 -696 51 -895 -263 228 -40 -281 -72 243 -1566 30 521 -769 500 767 -991 81 -10 793 -780 -270 54 -70 -1464 -182 -502 765 827 331 -174 -986 -569 1394 -111 179 412 483 292 1106 174 -681 387 -921 -331 793 1572 -650 -627 459 70 836 446 325 -152 -812 -973 -479 -387 -444 -85 420 -357 -235 521 -130 -118 -65 219 -533 -850 -998 119 -158 126 -536 -403 740 833 93 485 -485 -178 485 1328 389 -523 -731 -364 29 -188 341 -462 521 164 949 -144 -445 1056 30]
[1677 1837 -4 615 -397 -359 -342 678 -846 -702 -903 1931 -126 613 448 -1275 -364 -583 185 667 -820 -688 274 -818 700 704 762 -118 595 -298 1303 137 750 -1213 -749 -786 -782 -151 -733 691 248 719 -5 -839 -448 574 1257 -981 452 -32 -49 -44 690 207 -119 263 -14 -1582 764 542 12 774 -181 -70 1477 -419 60 481 748 98 -559 -477 -405 -1240 -407 363 -499 672 90 439 25 -211 -352 -48 -628 -679 -1122 -1626 348 188 923 412 -182 183 240 -523 774 580 -800 -269 -537 -1577 264 947 -199 -1099 734 1231 -253 -402 -36 700 -14 888 -318 115 729 701 57 -551 2150]
[327 -875 1223 596 -1803 -1293 1147 -263 -267 301 1117 5 5 578 600 580 -174 -330 -120 267 139 284 -1082 839 -205 -412 -211 21 -1355 -1085 1104 -1552 441 -430 -1694 484 -260 -138 -828 83 173 57 476 -1096 -286 193 -89 -332 1211 842 -98 -483 600 -734 393 -202 -186 529 -496 22 528 442 -489 478 504 -592 992 835 174 -173 -493 -1780 483 -1027 -137 974 -761 260 262 562 -414 -72 233 -286 -444 -142 -795 -205 -191 18 -267 -61 -346 935 56 544 -499 -1067 547 -46 686 -564 271 128 -275 66 564 -451 -1155 -653 -395 437 1591 109 -59 -308 271 -1121 -1004 551 100]
[302 341 -2 -76 548 934 -272 -245 254 -213 -878 30 1811 -64 333 -470 419 -1424 5 309 -796 -373 761 -270 -548 934 371 -214 -882 -678 455 380 176 982 184 -1424 -874 163 372 -658 -110 -103 -1834 250 427 207 60 -183 -1606 230 -192 -7 332 1370 -621 -148 -248 518 572 452 -361 -210 1467 674 312 448 -312 187 -858 28 1166 1002 -64 -1258 -532 -315 -41 -434 -1798 -399 -274 -424 -206 524 -71 -793 -735 168 -224 -539 1453 -247 -453 -522 -622 -117 1017 -1262 -36 -293 721 -214 -80 -149 1611 -578 539 -236 578 1263 2076 -366 771 1271 -284 896 369 -29 155 -715 442]
[-1105 538 -148 -210 -698 547 -450 -892 362 -693 220 -131 -297 405 -747 -483 -689 155 541 786 362 -38 -356 -153 104 -987 173 -2631 -180 732 -331 674 -303 -300 -1109 572 -174 784 238 -231 -498 -763 180 384 580 -316 374 -300 993 -478 910 -21 1218 306 -216 473 612 -393 -895 1763 -147 297 -1168 687 -571 770 -1268 632 628 1298 115 -696 -810 -62 564 -73 557 184 -192 -1434 606 -43 -8 -76 -161 705 -890 258 669 -273 349 -687 333 530 -185 -881 430 955 -489 -94 -1106 1368 1094 290 320 282 -685 -122 114 -967 11 491 611 -289 -58 -884 398 -759 53 -202 -151]
[-1110 1215 -371 -228 67 787 -545 179 574 -571 421 -188 -354 322 275 -1126 -464 -759 1565 44 -760 -908 41 924 992 541 565 988 158 -715 -835 764 -962 259 205 856 -680 1040 622 -277 -580 -329 -918 -838 593 1386 335 317 291 96 -219 -769 585 193 300 -307 1065 178 -687 129 351 361 722 -96 1204 -634 -631 998 -728 210 -75 -653 54 789 -438 -380 -99 1031 17 198 -742 -785 366 -132 -104 63 -649 -797 655 329 784 -520 106 687 268 287 1172 466 888 -1643 186 203 -676 -566 -614 748 -379 -138 454 -574 740 -418 437 -660 468 755 933 -66 191 -520 227]
[-386 507 117 917 -743 365 -402 432 615 2 99 255 -459 -640 572 -404 640 -449 322 189 224 -188 718 173 682 192 416 376 1132 -191 -737 -716 -269 712 55 -640 -427 1235 470 -860 -830 -854 -320 222 15 -292 -324 194 -15 -901 124 161 219 825 514 547 -732 -255 -762 554 -298 -24 262 511 261 1024 43 888 214 -745 -459 429 -78 -210 280 13 481 437 -54 -782 852 845 -825 49 185 -6 73 -256 532 314 705 -687 1111 -253 881 -224 -209 715 874 544 -693 -201 -830 -236 278 -1317 -67 92 -137 242 -356 778 669 747 400 -884 717 750 -942 647 274]
[465 -280 -915 -545 1030 901 -1162 -820 -968 -404 11 -440 857 -377 -319 307 808 404 -588 -195 46 94 -352 -840 -402 -962 1177 -1132 519 495 54 1176 829 -187 33 -349 -106 -314 170 632 -642 597 47 382 606 -236 9 -83 1072 -1167 464 243 1249 288 -166 -530 1005 -2218 674 1061 628 -222 -751 979 -76 220 777 201 -1310 401 361 812 -854 -191 -421 182 -280 565 -282 -1765 644 514 -681 -699 -567 -142 49 326 458 -103 -170 558 278 557 -161 -589 -113 285 -743 -335 -84 -50 804 -391 6 -260 786 561 370 66 121 -718 -706 639 -1124 724 603 -324 -46 -808 396]
[728 143 712 -174 -1755 356 126 -321 -884 -1058 340 -84 273 -45 758 114 -1141 -842 305 271 650 112 101 -534 214 576 321 -887 172 -270 413 -138 -1161 1181 532 -694 35 43 912 140 -104 -600 506 149 -508 -97 620 -581 -1017 434 -794 607 73 -290 -762 -319 -1320 575 305 -564 -513 537 567 209 914 -981 161 -286 206 143 98 -756 -100 -408 200 450 902 -1405 -501 453 -205 -653 1134 318 570 1094 588 431 -530 586 -346 -322 -13 1028 -595 1671 427 -505 62 -710 -560 -32 582 166 -1970 -926 -854 -1439 -93 958 599 803 811 210 580 123 -951 138 -818 717 630]
[1147 1203 -284 -442 -620 92 -905 -475 576 -136 -1020 1350 979 -398 534 -713 -188 -1504 950 391 -1061 -232 499 -221 345 1178 249 463 955 -463 145 657 737 333 1473 -947 -1143 120 574 -1126 -1355 134 -520 -59 -756 669 -14 -436 -1127 34 -1372 -174 -316 340 -1203 37 391 -752 -64 -1016 -403 -236 571 -73 65 -273 -698 -302 8 239 689 -235 -411 -148 -1522 9 -191 -155 904 1067 1200 -252 211 42 -311 -231 -309 -144 280 -70 1155 1170 181 88 101 -328 118 -270 -79 -1053 143 -460 -1282 -402 -1323 -981 583 161 382 725 1474 256 -98 422 -34 471 -821 826 95 -125 327]
[613 819 -493 720 1244 469 -289 -212 -420 573 -281 655 187 320 -261 -295 719 -310 -117 404 -480 -168 1040 -127 -618 -908 273 238 -744 -524 358 273 54 -713 328 -734 191 -504 395 -547 -195 -17 -755 -33 477 596 333 225 -534 -67 89 -408 429 768 450 -935 -187 -663 835 370 -889 -248 -550 561 -1297 -31 -506 401 -985 707 818 -876 -234 -735 275 -589 -1297 628 -784 -2040 -538 -1438 -129 18 -620 -1972 -104 -1129 -1434 -734 1034 543 -139 258 767 348 -425 -174 -787 -245 912 -206 282 603 1065 465 -237 594 662 -306 932 -720 -514 -6 -561 236 231 1397 574 -296 105]
[49 -989 692 -75 870 -945 590 42 -618 120 393 -87 516 677 -259 118 55 106 -689 -323 443 540 -771 424 867 93 267 384 -355 -924 -653 99 -323 -37 -921 266 721 174 -57 552 -1063 -278 147 -734 497 796 -269 325 -727 -249 320 -130 176 -211 534 595 847 40 897 431 -324 -8 256 -98 206 46 323 44 -191 569 -429 439 915 -221 -342 -25 -615 1172 301 88 -1695 1028 -1827 -80 332 -33 -528 1252 -710 395 853 131 84 -888 332 -471 -26 -1273 689 1013 403 -576 -166 -459 527 -1068 1296 51 63 -215 -208 -81 1464 304 796 -107 345 -128 -396 -909 -1130]
[-1401 -492 -142 -178 329 -129 -260 123 -479 -1075 1038 -335 270 433 -210 -341 -1085 -589 23 -15 216 -27 429 587 503 -101 236 -94 -258 -666 -1135 -218 -891 2115 861 444 -461 158 171 -1002 -677 -350 -691 147 -84 1231 309 1709 -1188 453 754 -1100 523 -240 216 -357 298 637 -819 -606 -890 602 764 -186 826 -482 863 910 -1073 273 479 -303 1042 86 669 -460 -423 101 105 -476 -704 71 1 285 -27 -480 1416 599 339 938 -20 -292 1019 156 63 849 352 164 1141 292 628 -56 -426 664 817 380 -486 -288 393 594 -1286 346 -305 1303 -126 865 466 61 -770 -469 -1201]
[1605 -777 561 -232 -786 28 364 -134 -804 498 -548 879 -367 672 -310 192 -97 -367 -508 -819 410 -989 -652 -872 141 -320 314 512 122 -1575 -167 541 1005 -690 -176 -380 -392 -798 -829 -653 256 789 673 -248 586 956 -210 655 -450 566 -825 -493 -263 -586 92 -312 -28 589 480 -1395 1243 1016 421 -478 -564 -540 -586 -720 -41 -212 313 -360 1012 -626 244 -205 -872 57 24 621 -390 474 -119 487 655 -36 -863 124 82 -690 -844 604 -262 -1410 183 -927 -203 -1663 548 406 633 -686 -267 181 -31 693 723 45 513 177 -201 508 882 99 -708 117 141 673 -441 379 333]
[-44 339 544 550 -93 -537 196 -514 -832 942 -183 -525 157 962 -413 844 386 -416 -144 64 -1245 321 501 273 -1610 1406 -506 521 8 -657 -1234 107 612 -359 1427 -1132 121 311 -249 -356 -317 -184 -685 -64 -840 296 -382 252 -768 801 -442 -32 553 355 -77 -1 -559 -259 -166 -499 131 91 1127 -196 -1022 -172 -257 -163 492 100 53 482 1490 -1337 -1009 -496 581 1073 39 783 -1198 -915 -1178 168 622 -25 -372 298 -642 -38 211 594 -144 -712 562 1458 -458 -1775 220 -67 514 206 -1003 -766 -515 482 436 223 -239 217 144 670 88 1318 -130 183 22 -113 131 -145 -1263]
[-1176 -116 75 -485 267 941 -523 -1428 -438 -442 748 -2081 -222 -612 -458 1401 163 -218 32 -341 172 -220 -301 -90 381 1103 1025 853 -509 -620 -903 111 -1139 -1307 -196 1298 381 314 208 -161 -338 458 -805 445 584 1219 -541 967 206 1145 -252 -646 -1055 699 1075 -968 592 1068 -798 256 1478 155 185 -65 -76 -583 -897 692 -1888 -308 576 878 -259 1245 873 -550 -338 87 -771 -1589 417 96 563 139 1036 -118 -278 -322 569 461 -1747 -912 -1978 -160 578 1057 582 -463 925 -140 -414 777 668 726 544 1927 -250 87 842 835 -826 23 -523 624 528 -238 304 74 227 505 675]
[300 72 -12 -1485 -828 965 244 -461 1719 -589 542 -157 735 -218 -207 -851 -590 -167 976 -118 -663 -94 241 -337 360 734 -679 -658 630 1345 -357 1360 300 667 -327 749 -1164 -22 -55 -77 -828 -437 -410 63 -1200 -469 -407 -70 -1406 119 -314 51 -507 -99 -1413 107 2272 1257 -239 1074 -469 -183 -389 411 1310 373 -737 -419 -739 -112 328 203 -650 868 -283 -783 -193 -773 233 1016 207 318 923 -198 -843 809 -698 866 565 -91 718 1155 376 695 -1060 -1003 429 1023 -564 -793 -220 355 492 465 658 258 -684 -347 -143 -125 1182 225 272 -4 -561 138 -390 -784 -354 -1020 115]
[-342 -1156 1032 -861 -1257 -1525 1890 887 -1030 443 528 -68 -647 -24 -415 1767 -644 943 -289 700 1069 -480 -591 1425 766 507 224 1212 248 -467 33 -1548 -132 -282 -365 603 1059 740 -287 510 -597 550 608 140 69 32 -443 134 899 -721 1074 -575 -316 -742 93 717 -1505 59 -896 -1076 -114 1095 -107 -275 256 -50 1317 -58 -269 -930 -705 -146 379 -329 1067 190 -474 411 786 -105 -595 658 203 1 51 380 381 1120 -64 1048 -898 -15 -447 35 219 -100 -330 476 -201 871 622 -606 -195 -281 -832 -1034 204 889 -1213 -388 -1270 -119 269 307 11 -815 -330 -979 -1318 843 -367]
[-109 794 -412 132 -141 -6 874 980 -211 798 316 -489 -60 -947 -231 389 75 866 1000 460 467 -1489 354 399 -1140 -468 -1157 -493 -110 327 -264 452 -120 693 113 -538 624 -491 21 500 771 -145 -77 632 180 -1040 -8 58 114 -474 -617 -1355 -697 -165 -1493 39 -618 952 361 42 1086 858 786 -410 -463 -341 892 183 376 234 -77 471 222 414 -162 -515 -90 -1772 -388 288 414 436 895 -568 -105 215 811 -431 795 -280 531 151 -737 -23 -177 399 -89 -95 261 -657 306 191 -452 -1011 -195 588 757 395 977 -497 685 -809 -421 -305 -189 768 -274 133 501 384 286]
[-1504 -486 -16 737 -1178 -1458 712 267 25 -535 -205 197 -611 118 17 -1063 -1882 -1258 -336 1653 -885 -386 -1925 1417 1250 156 232 667 330 -343 -528 -13 285 -28 -209 905 -404 1131 -293 -247 -761 1090 306 -155 248 499 -10 -313 1198 -39 47 -355 587 -46 263 1232 -1279 -1537 -917 -458 -299 188 316 -13 1188 -595 205 104 558 -23 -884 -923 -931 -212 486 602 -358 358 1141 966 -57 99 -1061 714 564 723 131 -90 956 558 973 -40 -976 -940 -15 -304 837 2064 840 -177 -499 -338 20 40 -869 -878 1150 -285 -700 -409 -237 -232 313 445 1476 -1215 616 241 -307 545 173]
[751 -17 1186 -1088 383 86 -1191 220 -277 241 -387 -81 532 -372 -202 713 629 1131 104 -813 -4 -309 203 -459 -698 609 521 -123 907 1370 118 779 458 -1242 -376 -1056 -290 515 -421 134 259 258 -409 233 -522 39 286 21 -1301 -571 254 764 -291 -73 -212 -212 -255 -288 77 -575 78 -43 -1243 -730 291 -697 303 -208 -294 -483 17 1199 93 180 992 -418 331 537 482 788 640 848 246 451 224 1160 828 -678 573 -752 -693 495 323 270 -368 249 -1194 23 -768 845 -1028 141 -617 248 421 -207 409 1433 -526 629 839 297 -90 367 -794 -425 143 235 297 -318 174]
[427 -285 57 132 -902 -60 914 686 809 -435 194 -907 -298 -215 804 -636 -371 131 -122 -164 985 -856 -353 -826 834 -523 -4 -1102 -205 -264 818 352 148 2646 943 -209 213 370 71 -125 882 -75 483 -147 -770 -257 -86 417 640 -543 65 -746 248 -670 412 98 -244 518 -219 -770 -104 150 -300 419 748 -80 678 -57 429 -26 -394 -83 -126 157 56 617 767 -1728 89 1079 356 529 76 -393 -766 245 674 420 6 1169 78 -661 1415 774 -1338 1012 -93 62 -11 -223 685 310 -424 -629 -243 -1621 709 -338 521 -186 441 -40 113 -420 -969 -116 -135 -13 -995 840 409]
[-328 -480 -63 -492 406 -788 165 347 2 -210 736 -534 -175 -497 209 374 -348 719 -391 -1480 1659 268 -1157 -1380 224 -435 -61 -1674 926 -146 -707 524 -73 760 -275 284 625 -1380 -151 319 478 -240 1298 -67 -380 -313 1141 -701 194 115 -346 451 128 -1231 141 -1011 91 -503 2079 314 719 728 -1338 -380 -653 -1839 956 95 877 92 442 -17 1630 56 -301 130 -124 -1178 710 342 -157 1449 32 -260 220 -78 518 1194 -167 -396 -42 416 311 212 -83 431 -817 -887 4 680 390 90 -290 -314 -1228 -98 192 -351 795 -940 -346 -74 819 -1176 -500 694 314 -40 -47 237 -1024]
[-438 -4 87 1556 -977 206 488 766 1096 -205 -361 -526 -521 57 -1004 658 148 372 261 -1378 807 536 -467 440 54 -453 -487 -948 441 -105 -633 454 402 169 -68 1 377 722 545 430 -42 -824 1050 614 200 -900 -308 417 1677 -763 193 446 841 -291 -32 102 -16 263 -338 214 760 42 -949 650 231 726 -933 139 293 -502 -215 1185 166 -342 523 443 1174 -186 -442 103 -44 480 -63 -92 -862 572 419 1057 -543 335 -217 103 1078 -741 -106 9 -239 238 -347 -647 -355 421 -260 -116 -454 -1101 -904 -233 -100 -77 -678 -244 -139 -191 -744 -1009 129 -99 389 161 -425]
[1324 213 222 263 -895 250 -214 614 -265 -855 -1100 286 199 2065 -310 248 -522 244 150 99 -229 -509 825 319 -23 412 -575 712 -962 -537 980 -206 264 1530 923 -483 -172 -45 -39 -465 290 236 325 36 130 897 -285 1334 -1379 547 -280 -10 274 -221 -724 395 -876 724 -726 -1941 -15 77 915 22 876 -99 -489 -870 83 1073 -847 -810 445 -363 200 -387 957 -683 22 1291 -887 -909 506 77 165 741 465 -342 71 -363 -345 45 539 532 -692 576 -676 -1207 -503 -334 -189 732 166 412 65 -925 45 -216 -503 737 -364 -93 13 -298 -804 166 -851 -687 -15 218 -458]
[-1575 671 -603 -1099 -711 -531 -80 520 -3 520 304 204 261 -1028 -465 -860 289 957 670 -488 378 -325 830 -969 -632 -62 -114 -1102 217 711 -303 781 -256 539 208 -508 435 -850 -129 -27 365 -1258 -66 538 -409 -1274 140 -893 58 -142 -713 -428 -1505 532 -1430 164 725 -550 1866 2258 62 -61 -175 233 -656 -170 362 1194 1027 -15 781 503 -428 525 -575 -582 10 -1004 -446 -306 -191 -99 536 -203 280 -36 -710 -223 -373 -591 621 -708 -478 -1208 -233 -744 169 782 201 1197 -841 575 -43 -84 -927 -63 479 374 159 -935 882 -413 -123 -442 61 1181 351 981 202 -572 407]
[286 -121 -15 795 834 -581 392 432 -518 -268 228 -495 -3 -78 494 1114 -118 -301 -1149 -854 463 543 209 371 -682 -270 -456 -732 -996 -841 700 -727 -250 24 -453 -181 459 547 767 132 762 -212 501 -5 -150 -354 1016 -350 419 823 23 54 933 -446 582 -837 -258 362 -409 83 -627 612 118 606 696 75 862 585 -603 -560 241 369 52 -1037 1418 785 566 116 -1391 -835 -747 -425 1171 39 -368 -814 1136 520 -1137 635 -688 245 391 553 -244 1153 -136 -477 -163 -410 1538 -288 764 -281 162 18 -1897 -327 -196 581 -758 -298 123 1224 -710 -136 76 -639 192 -398 -245]
[-609 -687 233 -1655 -494 522 -187 -143 122 104 528 -369 -1022 185 422 6 -175 -82 -612 329 -739 56 -7 -822 -734 809 949 683 690 156 25 56 -821 403 -720 577 -676 -463 470 -1233 -303 30 -1703 391 358 -109 675 -501 -1577 566 251 350 41 -43 283 -1756 -674 1179 1063 465 -260 640 -179 -537 -581 -494 608 421 -293 -369 72 -359 -62 -185 2 -256 -157 114 -359 803 -350 574 35 140 1465 279 -68 611 774 -543 493 512 -753 361 132 -163 486 -289 442 418 281 189 1061 -467 310 1461 -301 -572 -958 -212 1048 753 1252 -28 1249 1214 917 308 -1054 -142 -1106]
[751 -381 595 605 -487 -883 623 -7 -117 -743 -447 1044 200 920 -903 -1081 -1285 -354 639 269 462 -336 -791 329 276 -249 -745 -382 843 69 -569 -380 500 -31 -798 -296 573 450 -517 200 -648 -451 384 -554 -52 -479 -167 -225 -369 444 591 -546 -488 -352 -756 1452 456 852 -281 321 -506 36 -76 363 151 616 -1165 -639 618 228 -326 -980 401 -802 372 -345 -864 212 -355 31 -1142 72 -855 871 406 23 -26 796 -360 648 572 887 266 -456 -53 -1024 857 624 -399 628 -746 -869 446 1205 758 -36 -1281 -1075 -33 -382 -582 547 663 348 873 -669 -161 341 -995 -594 123]
[-307 1054 -158 463 992 -171 -722 879 337 -402 -793 -14 -42 192 29 -554 -1277 -531 311 124 -930 22 -380 114 384 -164 49 -542 1518 122 -1007 221 452 -342 760 -211 258 871 341 -780 -438 744 -586 -76 752 1185 939 717 -317 -625 -67 -943 209 157 -556 696 -415 -562 -126 -1252 324 139 -101 -1276 -274 -46 -1094 -717 473 619 376 445 518 594 -238 -362 -266 454 1499 1147 -418 595 -1238 1001 598 40 1173 416 1008 -324 1616 601 -495 -345 432 657 719 97 244 -472 -423 329 -1348 -240 459 -823 704 165 498 981 216 -262 -743 218 628 109 159 1035 769 -1322 205]
[-836 402 64 -608 -596 -309 141 541 598 348 -39 53 -776 197 181 901 -109 760 -216 166 -533 633 224 613 -487 -344 724 1199 -134 -826 1112 -848 401 -116 799 -284 -87 -59 622 -1181 -316 559 -573 -183 525 401 -113 729 116 -304 73 -594 18 260 -595 -277 -1502 83 615 -387 -384 -311 -750 -395 -955 36 481 176 -537 -486 111 -26 184 -508 -425 -413 166 -109 249 116 -231 248 -96 -83 -772 -640 645 592 273 -481 447 408 -796 -117 390 -205 -138 -195 -103 -20 759 -146 -880 -763 136 -941 1014 260 -374 484 146 -1465 -979 -51 -32 1076 167 251 -38 -323 -89]
[489 -494 -608 -1010 -237 549 189 -438 -102 -407 116 703 1533 -392 -236 -179 419 -644 411 -583 -608 -795 738 -1413 327 261 1113 -1227 777 912 647 263 917 1450 -987 -685 317 -1122 -576 300 131 -401 -931 -465 -1416 -1767 -536 128 -295 109 175 1695 -341 57 505 161 598 -366 218 658 -125 -394 -11 315 373 378 327 -415 -613 178 -405 648 -646 304 -1291 -69 -549 -507 -397 195 449 -99 -560 767 520 127 -13 126 -482 -542 582 95 268 383 -1452 -474 -195 -209 -969 780 -645 -704 1255 644 570 -1256 -146 101 -1059 114 549 832 129 -593 -215 -315 -824 -578 -207 -831 419]
[-1227 483 289 150 641 73 373 496 -682 120 291 -1065 -52 -194 111 611 675 1222 -698 462 96 434 45 834 398 988 1251 386 309 180 738 -801 -519 -489 -708 960 623 -55 -77 468 195 430 -1380 -56 536 177 373 492 1447 396 1639 -441 266 968 860 -342 -74 -899 172 380 -332 416 -528 220 174 -878 -120 989 -1166 -124 -362 59 183 -478 1027 -163 -680 1570 -1259 -831 -1327 -278 -69 1089 250 527 -562 -808 599 235 -421 -657 -1025 -545 -265 -959 559 743 -922 855 149 442 525 717 1023 154 48 303 -1239 125 -621 -826 -488 -39 295 307 1322 157 534 290 -113]
[-162 638 -494 946 571 -701 -619 -500 -685 328 125 -348 43 -215 -128 98 -160 164 159 644 374 -739 891 53 268 202 -410 -67 199 576 -388 326 304 -732 -476 -517 -1891 386 -552 -578 -193 92 -199 -153 -17 -164 331 333 368 -291 669 -277 1149 538 43 -133 130 5 -2201 638 -3 -272 198 -429 746 421 -16 862 -511 -381 -467 1238 -453 351 172 -441 337 472 413 -797 1497 269 639 -53 -989 -407 1402 105 193 -968 -1112 696 -127 653 106 -949 -601 1661 -291 105 -364 768 603 628 733 381 86 519 -385 118 -1707 251 -1326 1111 -1146 -506 652 -1375 737 -524 401]
[601 1267 644 866 -21 186 -222 -136 720 558 -447 480 607 278 292 95 915 162 738 -715 161 440 742 -13 485 718 -1343 -1399 -272 -301 623 206 647 -440 -217 -383 -608 -470 -1356 123 279 -1001 308 -280 -1223 -866 1098 -614 974 1200 106 327 -391 -101 61 242 565 392 -250 450 562 -606 -286 -459 94 609 -1020 117 783 -137 82 1147 885 233 -754 -790 1092 -109 555 -180 823 -262 1024 -672 -482 -1152 -606 147 -570 -406 -125 -357 303 83 -192 -85 106 -276 -834 99 88 -295 -1265 807 -193 -349 -267 1100 442 -33 -574 402 -651 417 -956 -981 -604 -1135 1309 5 1525]
[-1096 54 7 -564 -1221 654 367 -911 18 265 929 -780 365 -498 -80 1520 54 -1327 -94 19 375 721 308 322 -532 928 1405 -627 -956 -881 10 -710 -340 473 -272 973 -815 165 438 -1038 -1852 -526 -936 1929 -82 -213 -398 -82 319 21 -911 311 67 391 107 -1192 -144 248 -166 230 -515 -176 -235 279 267 186 1478 748 -838 -126 730 311 -618 -187 -1026 21 1194 -432 -612 -1370 1822 -341 58 -1059 -239 -884 -672 431 719 358 62 -208 -450 -116 -20 537 25 140 -222 -682 -1 350 -34 -837 -320 -516 45 -137 377 708 1349 81 901 814 -239 1403 -173 -71 -510 682 283]
[-199 45 -698 -406 1922 -572 -419 -101 -337 -738 -402 -338 -104 -878 -1025 -536 694 1205 -853 -240 472 -893 -141 -601 383 -818 -737 -694 84 582 -493 1608 335 502 663 -146 691 -1555 542 133 432 -155 1168 477 -77 -925 -218 576 -509 -1043 -158 -446 -851 -47 -763 -158 595 -221 874 84 -22 236 -488 -181 -330 -631 -465 -1106 -57 1198 -201 1447 88 1414 -686 -472 -357 -631 206 591 -114 1163 435 863 281 -144 387 5 305 -381 -56 887 -65 -268 17 -7 -1297 61 -756 1238 230 -107 1021 -26 -940 -157 480 1055 828 -916 -238 103 -628 -181 341 230 195 966 950 -256 -464]
[481 -475 -559 -1450 682 499 -714 -565 88 -66 -595 450 857 -520 -620 178 1128 350 -64 236 -713 81 -39 -398 -246 488 194 688 366 954 -1360 937 102 -370 1153 332 667 -473 -394 423 -863 461 180 433 -280 -183 -412 -581 -1259 -661 12 1015 -826 392 -928 126 266 -276 789 -365 591 -604 423 220 -838 88 381 -732 -716 231 135 1482 57 535 39 -1113 354 -67 554 -84 803 535 515 30 38 46 276 -225 577 260 -608 872 -1063 -178 -385 -944 -468 186 -545 663 -588 373 -982 -393 639 478 1038 1113 559 436 957 -273 -1129 -106 -180 16 -934 54 673 34 522]
[-156 -49 311 -771 -1022 -903 1737 209 -277 475 223 -261 49 -1176 -178 216 812 1673 1111 229 1223 -2063 -135 178 533 -908 1094 -1356 496 788 -101 254 851 102 -420 -219 -15 111 -718 -493 409 -166 -224 -86 -468 -1123 -18 213 376 -1674 110 -1373 -433 -595 -558 -22 -268 540 -635 301 672 1036 19 -314 -408 -1295 -68 2 -224 -66 -296 561 383 785 -410 -738 -650 -691 -464 266 583 1633 976 638 167 502 252 9 360 -652 -684 -431 661 -492 -736 -643 -955 553 -387 993 285 -406 527 -324 -812 -467 943 1520 220 -1291 -361 209 658 -229 -1068 15 92 372 637 267 -28]
[-660 -479 -217 202 -1184 1030 -94 -25 45 -679 130 776 -376 360 -727 41 851 -184 -134 -532 -124 265 580 -603 -244 -1243 123 120 -1078 107 770 1145 713 -833 -442 564 -577 114 -264 1161 990 -528 1020 901 190 591 318 -207 1672 528 -208 268 -601 -182 418 -414 724 162 -381 343 419 -12 -1522 -569 894 868 -1018 718 569 162 -84 -554 -683 776 892 410 -130 821 -194 -461 186 -696 352 -1014 -243 -62 -639 99 -440 -413 -251 461 428 607 304 -340 -546 -431 17 638 2 126 1007 739 660 515 -432 761 -608 -839 52 -230 -74 -1480 -986 -498 -557 -706 -118 -312 -1093]
[138 1360 -438 -670 717 -151 -1545 -252 506 148 -1661 -169 -148 -1185 721 472 1240 376 -258 215 -1515 -79 1355 -400 252 249 379 457 717 267 -664 233 433 2 340 -429 731 350 797 1369 525 -870 68 312 -38 -319 -550 -1207 643 -356 -243 124 308 343 1432 1152 315 -931 -757 911 322 -478 -554 -37 -279 310 -342 213 241 24 903 512 -922 1064 269 -43 1016 942 -619 -461 267 69 -468 -235 43 580 -622 -1368 957 1043 -82 -1014 63 -413 -491 -335 355 -427 562 384 -81 288 -19 -225 -289 1349 -437 307 564 -370 791 872 226 -1114 545 -924 -672 112 698 120 -1260]
[101 -1019 564 -135 338 -780 491 252 -245 -229 431 683 567 950 -13 578 -713 26 109 130 -1 435 -660 947 -771 678 -572 615 -573 -170 579 -1111 382 63 -640 366 -71 -53 -559 -341 -715 378 -1393 430 -231 212 728 -214 -493 645 1141 158 -43 -841 -811 -967 -828 116 966 -150 -184 422 -884 99 -66 -290 1276 432 -87 -72 -1246 -660 860 -1274 117 815 -1094 -185 728 357 -551 291 -446 -530 -70 -193 783 241 -500 134 1502 1350 30 1129 1180 881 301 -794 -369 121 -40 -1063 107 149 831 -215 110 432 -1021 -349 74 -19 -1 953 141 595 495 -278 -535 -731 -347]
[-367 -1755 276 -596 122 -29 814 -40 535 -258 918 -913 1153 -281 -658 -1542 -350 -284 971 -83 605 -350 -753 -203 10 -892 289 653 -420 840 328 482 -378 464 319 -122 483 -676 152 -54 669 21 159 -186 -442 -524 588 -678 -1618 760 -620 -424 -749 -429 1100 -16 489 1505 598 -1172 -368 141 714 711 -237 122 -8 433 -604 461 -813 -713 -55 553 285 -87 -454 -916 -708 170 -6 -863 845 154 592 -411 185 -154 -1431 -103 474 -224 -583 1136 490 1278 -149 530 376 133 -242 -435 870 256 293 941 -316 -733 175 1183 618 -822 -280 -441 1176 -113 -100 985 326 229 905]
[1131 -135 -338 -533 354 -612 -744 -757 -1444 920 50 1155 -701 503 -368 194 -1213 -845 -803 1083 -1306 323 559 -324 -859 -699 -1216 319 -545 136 217 -602 -609 310 773 -689 -501 -60 -490 -454 -651 -185 -16 -279 -221 659 -213 996 -474 209 813 456 969 75 -206 281 241 -1807 -506 -269 -1616 -488 -396 -594 -1225 162 1255 -797 803 914 -272 -1775 -897 -257 123 251 -409 469 2149 73 -80 -389 -1505 21 335 477 956 -614 117 835 -299 896 -111 320 -560 -655 -1031 -27 19 197 -321 190 67 -362 -197 218 -99 -420 -619 -897 428 32 145 -27 -135 88 180 -835 -1485 -228 -1293]
[817 -269 257 48 97 126 -121 -815 -726 -20 994 -60 474 201 363 -156 -1203 -1030 -664 445 -203 1120 -1331 113 -24 -473 -1160 -655 -1383 -1556 -28 -1313 -744 292 195 232 -415 0 -553 288 -824 349 795 204 642 962 111 -386 327 -190 -555 802 657 -376 -463 -302 -635 -341 873 -107 53 -246 591 552 830 -14 1359 117 -63 543 -96 -693 574 -224 33 574 418 -186 526 -429 -2 74 -395 462 233 63 -415 217 -234 886 -499 -267 -899 44 37 16 888 -12 65 -358 -146 -460 -395 953 -230 -432 272 -1303 180 1227 -86 -28 220 1262 386 317 527 98 -992 -374 1320]
[-755 247 5 221 -356 -682 -761 -568 758 169 -370 -1123 27 102 35 613 430 48 805 -905 -549 -215 817 412 -234 -502 -227 -387 329 317 -431 528 -264 -32 753 -721 568 -97 282 -959 293 -895 834 56 -572 947 14 1208 -1038 -221 -848 -225 654 -89 398 -354 271 427 -1556 -1471 645 -79 -252 -152 -750 -496 383 309 150 1206 256 -459 -120 324 395 -583 771 445 863 113 634 -231 1197 188 124 -23 937 -683 -468 -1020 -649 -593 114 539 59 1145 -1487 -809 9 400 -84 1252 -628 -647 -1605 287 -72 835 102 -136 -619 686 -38 -1002 -27 -1102 -670 128 1576 902 -530]
[-107 -459 -504 -837 272 -352 428 -613 630 226 -154 -690 716 585 -240 -649 -803 234 161 313 -366 146 -967 150 -233 1348 -609 -265 662 550 -1544 163 -685 -30 266 -99 447 398 -146 -74 -1424 391 -1016 50 -598 752 423 -381 -1613 -118 -48 -162 263 178 -814 81 62 -65 924 189 -74 -288 618 969 -849 -920 694 125 -91 191 -31 532 579 -984 -324 -116 325 -223 1348 224 -722 544 -741 -312 -89 -27 5 141 -271 360 783 213 -210 -187 -248 1158 255 31 117 392 -677 278 -403 -169 -87 -580 715 59 456 514 -289 580 947 1074 261 502 -964 540 -412 -276 -329]
[96 -518 918 167 -22 -551 372 1106 -651 -9 -39 40 402 840 -1137 -209 658 835 582 -593 313 -610 396 697 177 95 -845 1001 -690 1438 -166 73 -367 644 661 -810 148 391 -408 293 249 -81 571 291 -132 -464 -145 1325 -406 -1433 375 -61 514 -94 -404 791 -912 27 -194 -1454 -182 -462 151 134 744 -1003 701 -839 189 766 -1076 116 401 484 810 -916 -195 -9 1251 1018 -495 -431 611 154 -346 1236 1415 -1253 -564 120 -469 -349 564 75 -110 963 -1858 -603 176 487 -680 -676 -601 458 -416 -733 -223 1162 -442 -590 581 -227 757 -207 -511 -651 117 -70 456 282 -429]
[1861 27 1515 -386 -447 764 330 713 -842 198 -876 1100 978 526 -324 -137 633 -847 -135 124 997 -1176 -545 -1059 201 1264 91 1480 -236 -98 648 165 -46 -383 514 -667 -1179 837 143 583 -1029 365 -369 506 443 726 -310 -649 308 588 -34 549 77 -17 846 79 -1144 -562 184 -1370 433 -722 685 -306 795 473 450 227 977 624 -802 -652 -332 -361 425 308 781 375 49 681 782 -936 -392 -361 711 941 -508 119 599 464 -780 579 952 599 -478 -309 126 -503 -675 -951 -753 -101 -1475 -79 -193 -828 298 -400 -345 766 937 -279 1035 -44 -406 439 -690 -96 -1280 855 537]
[183 -31 43 97 316 -519 1232 -53 -1703 1190 201 -176 84 620 -175 1657 -763 380 -886 -709 414 -303 193 -494 48 415 -256 254 -398 -1105 -351 -857 853 -687 -510 59 785 27 -994 694 252 402 -665 615 369 1101 -860 65 1040 928 813 -232 386 -635 846 -654 -307 -30 125 245 235 528 -305 -879 -816 179 860 172 269 -545 202 -1146 603 -1065 348 728 -454 306 -279 -1515 -105 16 -1099 -263 -8 -1408 377 1278 -992 127 -456 304 633 -298 -48 833 149 -799 -787 -134 1164 41 -305 -69 1292 125 -467 -56 387 -533 -878 -823 -72 47 -1495 479 -396 -1066 -955 -441 -882]
[-379 -405 -394 -1004 -629 -72 -125 -400 -870 146 728 76 -1122 -672 347 1004 19 1037 -303 -860 1785 -605 -689 -491 97 -988 182 -46 -669 -898 194 -10 4 484 60 472 666 69 189 -7 399 -121 1298 166 496 565 -630 -143 427 -105 -393 61 -1926 -545 -41 -221 -43 11 445 865 734 983 -880 297 196 -224 981 890 525 -9 49 138 -308 437 762 500 228 -1399 -599 -1158 597 1827 82 -230 772 -217 627 832 1310 602 -882 -933 -254 -139 0 -1447 214 -531 1313 1295 -282 -427 19 -1350 -181 -278 644 -584 1038 -271 -734 -322 674 -355 -153 449 -50 -18 -762 1011 423]
[182 -457 558 58 -1463 1010 1042 99 850 -317 -115 -403 864 -388 -257 153 -714 -492 725 498 88 349 -1117 680 443 1112 1268 68 593 -713 743 129 960 30 -428 -222 -1187 -121 -76 -1034 -525 274 -991 -321 -210 -83 740 -257 -24 353 -895 -29 -998 -523 927 -330 -1135 237 -684 -1017 917 737 319 738 1354 -600 -1504 536 -553 -398 -167 116 158 -215 -1228 5 194 -468 -387 684 463 276 277 540 565 -111 -968 679 1264 -776 700 -263 -239 438 -188 51 635 1278 -281 -692 -643 -103 -567 -173 -529 -686 1376 -235 -510 1605 675 421 745 764 980 475 467 173 -106 416 2215]
[-756 -289 487 676 806 108 -903 -669 -264 -815 1607 -2521 495 -1019 -230 449 1188 -853 -403 -502 487 1347 -747 342 -88 -883 446 362 -781 -1100 752 -279 -1183 643 324 194 -163 -463 408 43 -205 -639 167 -462 65 131 242 1021 662 557 -531 -342 -226 249 1140 -1142 940 413 -129 332 880 -460 391 277 303 193 -61 1402 -982 -101 255 1064 269 1350 -758 703 -576 290 -453 234 -775 -267 -228 -829 -113 111 -27 -138 -367 1093 -854 -624 -633 -129 358 1531 -1109 -832 1216 53 30 362 167 -206 -385 460 721 -187 311 958 -147 -123 650 954 1251 1192 776 93 -433 192 -530]
[-984 751 -226 1169 -115 -1539 477 181 56 926 12 -615 86 -445 -302 1566 -534 -680 -626 61 358 124 -857 1158 -1395 -193 -1102 -1369 -1271 -1263 -421 -515 590 -641 -496 553 1016 902 60 -959 -7 -273 437 943 243 -389 -634 -1086 1835 -1040 217 -1155 840 101 -831 122 -1019 -1536 8 944 282 679 -1594 171 -764 387 396 314 627 80 705 -22 -566 -1049 -88 253 310 -805 -381 -957 138 -21 -269 -372 -965 -793 -358 385 663 102 814 13 -1156 -1358 680 -531 -184 29 -67 -344 649 77 -676 -1374 95 -241 872 783 877 -861 837 -763 57 816 -1248 -485 1063 -503 633 -7 -369]
[550 607 128 1301 -932 -431 529 -75 442 -61 -961 -650 -989 1250 -904 109 -28 1060 181 805 -289 105 202 381 457 -896 626 125 890 508 1762 353 1196 -1524 -308 -319 592 -876 17 -10 1298 780 563 -671 -561 -139 528 989 1268 -43 -475 -1281 776 -934 803 913 -31 65 -1114 -1000 591 290 -791 -402 -876 472 -2172 -941 674 565 -690 -1103 58 701 -208 -227 -906 795 801 1164 -542 -433 -367 -118 -37 617 -1150 -677 96 -1224 -429 18 -187 -600 424 185 -956 -280 -399 196 -379 36 585 314 -2 426 102 1087 35 374 -1247 394 -708 -599 440 -464 -152 605 894 794 -624]
[123 581 -13 1469 539 -1361 585 873 -913 707 -421 282 -44 63 381 770 745 1159 -1282 -140 -501 856 1451 54 -193 -1257 -738 76 -395 319 729 -284 138 168 386 -747 598 -402 163 689 1285 -170 331 87 -156 -57 312 299 881 -743 302 -1378 1142 -90 -401 402 -836 126 473 -220 -739 285 -282 -324 -588 302 1169 -372 561 12 -468 21 -49 -556 554 46 -76 524 -239 89 -1030 686 -237 520 -1347 -489 1674 88 -991 462 567 403 542 -225 472 -458 0 -710 465 590 1201 -653 -260 -557 1327 -463 621 602 324 -395 -1108 27 -956 198 -518 327 131 540 1175 -354 -1241]
[-1064 -911 -657 -123 -180 -562 312 146 164 143 163 -673 32 -1010 -344 377 873 1004 564 -1391 1206 700 -503 839 547 -1054 737 -836 1122 -374 -1099 13 258 -291 -184 223 1019 -52 -256 -140 67 92 574 -404 914 -475 -561 70 459 -1824 -219 644 68 424 -1183 301 -36 -227 543 753 828 -166 762 524 -837 469 -146 -888 -371 -979 398 1185 780 -267 -337 221 -114 607 -448 -279 -393 1218 -79 786 -89 -109 -364 -361 -143 -1117 -18 -999 -93 -1181 353 -877 -376 783 -273 938 -60 23 -910 -998 -898 -1158 825 427 -286 637 -581 -241 122 -256 -316 -184 567 471 319 -8 1148]
[286 1120 -19 526 1099 1161 -515 -450 -205 241 212 73 886 153 -923 312 179 -576 833 358 -636 -132 438 -52 -856 -2 -369 -1601 9 973 -93 590 271 -972 -483 -562 -576 20 -103 712 -365 224 -744 457 -453 -902 -277 -361 1114 -105 1062 212 840 623 117 -88 887 -1216 -423 1424 -141 -496 -561 391 134 600 -267 402 -1177 514 -87 720 -549 -566 490 -628 135 213 -383 -1519 1026 -1193 67 98 -1522 -474 -187 -461 144 180 682 211 -651 663 94 -859 967 1244 -1187 -1197 -318 -415 328 963 1334 872 -991 -71 236 228 -65 -156 -876 1633 -1399 -856 657 -968 -109 -522 1497]
[1071 251 752 948 525 -289 -1785 549 577 -157 -1362 -237 120 -543 188 365 584 312 -748 -47 -226 745 717 -221 -1290 -607 -1871 -1008 -518 174 493 -81 502 783 399 -1020 386 -444 1120 489 1025 -557 524 401 390 -1250 295 87 120 108 -174 -384 692 -555 -998 155 -147 639 -305 -800 689 -447 -260 -418 -1491 317 -1148 -304 1117 -218 1174 1241 219 129 663 628 440 -549 246 956 832 80 1071 -312 -459 479 930 273 -774 -237 -436 150 1121 244 -383 1213 -1028 -1082 -67 -250 617 1465 -630 351 -512 411 -959 560 132 381 298 129 -764 -21 -173 -770 -668 39 727 274 -1783]
[583 -587 -1071 167 -417 1478 -634 731 1060 -483 -331 679 249 164 271 81 577 -582 11 -499 -1078 659 448 -827 -184 2 -210 722 71 28 -1189 -19 749 865 613 571 -1062 0 -310 368 -51 -272 380 -153 63 589 -1275 1130 -905 249 -454 1099 244 750 -1197 -26 402 379 327 -734 330 -272 203 -351 308 177 247 -866 -370 -406 636 245 -216 310 399 -425 213 -853 309 456 -650 -359 122 -245 -486 1059 86 -28 45 -718 -313 739 148 -138 -393 -86 -211 -972 568 -515 -253 645 -782 -28 618 -391 580 -502 -444 601 789 -127 -810 -1073 -1123 632 -541 -132 100 -253 -279]
[-616 -734 477 -530 -9 -241 322 -77 -894 31 792 -34 664 313 343 331 -631 150 63 -494 166 75 -36 -270 -241 780 -443 -435 -351 502 -1040 -526 -223 -80 -66 478 559 214 -677 607 54 -102 731 -364 -633 133 333 -469 193 597 279 -263 397 -999 -313 -328 668 1608 7 -517 156 591 335 -209 433 -126 1330 107 421 -388 276 -242 1200 -322 210 230 81 -293 355 -141 -280 -245 996 -612 -518 -340 266 808 -783 420 -723 -124 579 1077 13 1744 659 -541 246 -558 128 14 -832 199 -229 1360 -746 179 129 32 -68 177 -233 751 16 503 -89 -223 -33 -794 1176]
[-461 1026 -351 1107 -263 -79 -566 192 340 -445 -1444 143 870 -444 505 -976 -675 -735 212 -560 -979 586 276 876 -375 -558 59 -662 1009 -277 -741 883 1324 36 437 -857 292 -217 536 -353 745 -127 238 130 69 648 105 -1434 -152 -133 -418 -795 746 83 -833 705 129 -967 221 534 96 1135 300 -634 -688 -129 -1933 -164 988 -447 1601 -12 1045 -1646 -145 653 -777 200 -891 88 -809 -501 -524 986 -1397 -979 -295 244 72 -805 2284 -618 848 -1005 31 712 626 758 393 -552 420 182 -644 -980 639 239 281 -650 1090 679 614 377 -291 450 -544 -225 -411 18 579 -588 -10]
[610 -356 -284 -127 -804 994 520 -246 127 -479 -366 312 -71 2194 91 -994 345 208 -113 -86 -967 221 342 -868 358 -594 -330 -27 -620 1239 569 596 561 499 613 -828 378 -1404 -500 343 884 133 921 -325 -1236 -299 549 955 26 704 1 162 368 -693 593 1118 766 -300 -667 -534 42 -1053 373 -146 97 133 -868 -1031 702 886 -847 -772 634 664 -922 -955 -480 805 1299 1684 -335 -427 -94 36 230 506 -1089 -411 -152 -717 -365 -606 1292 -119 -348 447 -1000 -920 -81 655 -77 -357 -293 -55 39 -89 340 359 -415 -707 -103 648 130 -725 -252 -218 -889 -731 -547 -240 -897]
[-1390 977 -72 165 -417 -73 861 -423 207 -182 -83 -1453 -730 -1112 -367 439 486 284 720 -541 -243 -182 682 282 179 -358 281 -916 88 66 -562 593 -493 -147 -366 72 -220 1195 538 442 -205 -990 -88 83 -54 93 -1771 6 366 -1730 -1202 152 661 474 -464 -222 475 814 -477 1071 -267 170 -309 -79 -126 -221 -172 -223 -45 19 661 1099 -1222 574 -119 54 578 446 -1027 -746 207 919 -412 797 -721 360 -293 296 -456 -87 263 -862 103 -612 -428 169 -408 -70 -367 41 -431 233 324 -778 -488 -742 -500 898 771 -272 454 778 826 -475 -382 6 -445 175 292 -67 -413]
[954 565 371 -584 326 -796 300 -287 565 165 -147 1089 105 578 294 199 -1208 -1001 721 983 -71 -29 -505 447 661 1346 -165 122 789 508 -108 -736 -697 -705 -260 -253 -83 684 -319 -405 -986 266 -1379 -1166 -610 140 418 88 -1655 123 771 34 176 818 -720 1247 -256 -208 -602 -502 -864 -527 604 416 -636 -374 375 -1598 -429 -342 483 -569 -221 -1032 -356 -1101 -582 -25 1286 339 -498 -248 141 842 39 -406 188 -212 -123 -549 513 502 -761 492 -364 -748 536 823 -1040 -45 95 -172 -830 -58 -155 -515 -638 -158 151 164 324 202 571 472 108 189 -194 -373 196 198 425]
[283 -485 223 -660 -35 29 512 -576 141 -477 1086 -484 -605 -282 959 -145 -1133 -737 790 841 126 -835 -853 626 892 1036 -141 -644 903 -451 -1146 811 -821 1358 1 -10 -110 504 -439 -630 -895 -703 -1140 -1646 -457 326 880 894 -1557 -206 171 1057 737 232 -399 -1173 -520 424 -1196 -1140 -153 520 668 -106 414 -1560 -1024 -586 -533 -411 -343 -534 909 -1192 359 310 -469 -166 1076 409 -199 197 43 725 101 141 220 550 381 -449 585 244 335 1005 -871 1258 -31 630 -624 485 983 666 -137 -2 -859 -869 -429 -630 -672 -398 799 396 1219 -478 -213 -275 148 -740 -90 287 -506]
[-810 -763 -214 -410 521 -417 420 449 126 -601 -91 49 29 -315 43 -488 5 -76 592 -481 255 -430 -169 -1005 114 80 340 356 -137 -211 274 -283 856 1154 1147 150 -97 -155 -613 -17 1211 272 102 -778 -549 476 -350 403 -435 293 -839 697 -1087 -774 468 -687 -538 477 820 -1009 197 401 -253 -1084 -175 -1105 -180 -428 1618 -729 377 31 692 260 -102 931 -71 -1023 443 605 -776 -443 -118 -214 -35 -309 768 35 -920 335 236 -326 156 -90 -36 1786 -341 -1313 953 927 -88 -280 -554 153 -484 -537 59 400 429 124 281 171 637 -1062 -260 789 -974 639 237 479 -882]
[553 -1827 183 908 135 -508 1087 -55 -1019 471 192 336 1543 -305 -915 461 -152 -643 -364 474 750 -117 -228 -55 -620 971 -386 363 75 362 -1269 -603 518 126 -789 549 90 355 -1617 561 -1104 277 -877 -146 -138 -624 -806 -454 353 686 413 585 -15 -81 113 -226 -876 -465 104 -146 -236 -842 202 -163 627 -89 269 -109 -676 -819 870 -5 -523 -729 772 631 -431 444 83 -1874 143 -1509 -310 -452 -129 -1004 779 -141 -771 57 -478 933 -85 514 15 974 -284 429 -502 126 -44 131 -589 1224 1119 329 -214 126 -766 688 -54 255 -327 370 -955 -623 -928 -422 -286 77 494]
[1417 427 -455 1240 1305 690 400 149 238 483 -184 -916 1317 -1348 -261 -1190 268 -419 -170 928 421 78 -649 -839 -483 -381 -1054 -1870 176 502 134 881 0 356 -56 -880 -100 -402 -145 1026 261 -175 -709 926 55 -1796 519 -1450 366 -745 211 42 106 400 -709 143 220 -1048 851 1856 763 -572 533 1510 -173 364 -751 -206 -575 -86 236 695 -1202 -128 -507 240 -138 -854 -447 -1492 488 -433 -484 -297 -209 -518 -416 -792 -604 -358 710 96 -785 302 -556 588 514 2143 -1617 -787 -534 857 -31 806 48 528 576 -546 341 562 935 -306 -694 1708 444 -429 972 762 50 92 2058]
[164 -873 57 -108 602 286 125 397 788 397 -570 -122 99 -234 352 776 26 280 -73 216 -862 -82 217 509 -1397 -492 -1109 94 -274 340 366 -1168 1324 434 509 -754 460 -395 349 772 1355 157 -529 -30 -1012 -1100 -110 -2 -456 276 1177 717 331 -466 695 156 -910 695 -293 -524 -47 13 -294 107 -1507 517 1458 453 235 -1851 558 972 582 -1108 750 493 563 -862 -461 -106 85 -685 665 -382 -465 -741 902 28 -808 -52 456 -82 523 834 -932 1727 305 -51 -733 -67 501 149 -170 -221 462 736 -1466 357 -248 314 123 -340 -877 16 -879 -202 -1036 -609 -329 744 -500]
[299 -318 117 648 502 -908 -565 234 -716 62 339 221 -475 476 -122 431 -9 -332 -1268 98 216 -5 684 162 -587 -607 -54 -66 -799 -333 1518 -312 190 -74 -1659 -94 227 153 540 -194 99 -291 326 -477 -429 180 77 270 -484 -63 96 331 443 337 460 24 760 -1108 -330 -258 -1062 624 -891 642 645 291 670 271 327 374 -598 362 -820 -426 199 708 141 1168 -801 405 -637 210 -1458 537 461 84 -258 121 -202 -619 447 335 -144 41 105 -1213 -416 -1039 83 1932 557 -159 1330 -370 969 -1159 382 144 -957 -371 66 12 789 -738 1 77 500 9 -211 -164 -1903]
[379 548 -115 -678 -1121 1319 270 -293 -313 149 -304 -156 -361 581 627 -451 457 1271 484 27 -224 -166 224 -391 586 403 678 -122 1164 711 368 730 -261 -136 642 -5 178 565 -262 25 -134 -1 179 295 -557 -553 563 277 27 -608 -566 473 109 -153 -369 -406 -581 350 -91 -328 276 -537 433 296 -115 1 -104 -428 122 267 -981 -411 -72 520 -61 -915 971 327 -66 -449 1358 -218 558 -809 1032 710 -844 -815 434 -292 -896 -119 736 62 290 -162 -96 889 -1078 -625 -984 35 -903 337 -1787 -308 -585 1014 -93 757 256 -282 -497 -476 588 -282 -305 905 827 258 1311]
[841 -796 875 632 250 -262 197 592 -619 492 592 -334 -1180 94 -29 705 -291 72 -1134 -564 -137 735 -93 552 -31 -1298 -247 488 -1134 -1168 519 -80 -642 -102 -93 227 456 -421 -152 64 1329 122 172 -87 878 972 -97 475 -41 -560 193 -37 1141 -694 -257 -1102 -935 1122 726 -1367 -41 1294 -246 -981 -159 -387 237 -1175 -356 -499 -481 -1142 567 -629 873 651 -607 166 -47 966 -920 -389 539 1319 -875 -8 667 101 -1077 -594 -687 120 -342 614 -181 1131 -230 -291 -393 -496 1335 55 0 -192 958 412 23 -577 -208 -221 319 -239 -310 -452 -251 464 1125 488 -52 -28 -343]
[502 301 -139 942 951 461 -430 713 -3 312 -1426 144 202 794 -721 547 957 999 457 -375 -690 671 1463 636 -471 -274 -236 365 540 968 -1087 -507 589 -673 467 -376 429 346 -713 814 334 -234 -145 348 901 300 -414 811 -64 -713 1172 313 1148 527 -717 1028 -666 -246 -194 -647 30 -669 232 -638 -609 193 -109 -1025 219 401 315 46 554 -340 959 -722 58 928 670 -1031 -1473 -641 -321 157 -453 159 1221 -704 -185 -438 -442 -179 468 -542 -116 557 -849 -342 -541 -85 -779 -23 -847 80 490 208 -927 712 -94 156 -767 168 -459 -261 -1187 -280 -337 -432 898 106 182]
[-842 -619 706 -170 -294 -569 1128 -486 773 379 765 -839 908 327 -230 -76 -242 -755 625 47 770 -979 -738 -404 -215 1124 -876 10 -444 -581 -332 -982 -85 428 6 -2 -445 484 -576 -786 -408 -433 -232 -737 -621 -625 -347 322 203 772 736 -967 -37 -1 331 -383 545 2580 -1364 -367 659 -675 767 505 -297 203 657 955 -293 -736 31 604 474 -369 -272 -812 654 -1356 169 -454 723 -1128 1847 -720 -337 -924 59 1496 -1196 -86 -862 247 -653 787 -122 506 219 -480 175 -609 438 374 -865 580 -590 951 -1155 -577 404 332 -977 -512 501 1106 -65 -503 -231 -1595 -162 419 1033]
[1042 421 370 522 -240 -198 31 -751 -842 4 376 589 -869 898 -46 -232 -707 -733 -144 878 -64 330 -537 442 187 -73 -898 447 -407 -998 -566 -87 -389 273 917 -224 511 174 -515 535 -785 -184 -176 -653 -35 934 -392 180 588 1248 1487 -129 -231 418 254 213 375 -434 -262 -35 -613 -337 -406 301 240 253 -277 481 464 623 -77 -1189 567 -1138 532 152 -451 483 113 -93 -793 -860 -897 -313 -472 -698 208 152 -30 2127 -154 516 239 217 -445 -204 1101 -51 -421 91 262 -215 -66 332 193 53 -485 -1491 234 -858 -49 125 -493 753 262 -470 29 -306 -1286 591 34]
[-589 143 68 -1142 -30 534 -1713 -83 -642 -369 -306 360 208 -98 -472 -403 -367 -935 274 -388 -806 -654 -4 -855 357 1910 163 144 230 -307 -496 1022 -1106 185 44 -544 -1152 1129 113 -568 -1096 -1059 392 732 34 801 -265 -504 -873 -229 -137 1859 -484 637 -81 -358 534 -141 -582 505 -419 -244 -337 123 1785 1408 -50 965 637 -381 -790 1276 -1419 493 211 729 2155 286 20 509 621 473 -300 -72 1043 1201 -263 703 408 1153 -80 469 -519 -232 3 -876 378 610 410 470 -1682 -55 532 606 -640 -698 -510 -248 -557 411 628 1030 599 947 759 -648 542 -683 -807 -696 237]
[-46 417 -839 478 -757 69 323 -406 -182 269 -883 914 -766 767 -387 -87 529 308 627 415 -916 -897 1478 309 1262 -228 444 1884 -359 500 -857 -143 21 -284 -494 349 -13 504 -237 575 -12 125 -341 -510 637 1283 -1263 429 51 -1706 673 -888 981 867 -320 783 42 957 -570 -326 -383 -197 99 -815 342 -835 -316 -1064 -423 384 101 -490 -543 840 -923 -1118 -651 1274 348 -340 -561 -154 -496 710 -768 -969 265 -1010 -350 -771 159 -657 234 211 -403 -587 -689 -315 119 -222 198 -179 95 25 926 127 768 832 385 -797 497 -47 164 -1637 -701 -39 -656 -75 528 -101 -461]
[-894 -2250 -76 -232 -597 -1188 1130 380 -615 393 357 -1104 484 -1067 374 649 -481 1309 -403 -1361 265 689 -117 587 342 -967 74 -832 814 604 -1158 457 576 1452 -1099 -171 1698 -29 -429 804 331 -402 621 472 -581 -434 -697 -265 -230 -191 -491 436 389 -949 -49 -594 -306 66 746 -446 445 342 -216 184 130 -454 912 -598 -40 -556 -474 -129 434 -227 419 1410 359 -19 -208 -162 -486 1486 -490 990 732 -206 548 837 -809 -495 310 -646 823 -100 -548 1506 -87 699 -289 1078 -46 -150 1022 -225 -494 -243 -508 -814 -680 683 211 621 68 -1151 486 -566 -104 694 321 -248 -463]
[203 -110 -535 134 1142 312 -1094 239 -144 -169 -798 201 -798 -122 -713 1078 170 -13 -955 -915 -902 1825 -766 -721 -750 -223 -1478 -612 -1008 -144 -308 654 -246 -456 595 194 284 -1193 416 -447 517 -285 937 1418 555 -176 186 -97 -446 -372 -744 907 -272 -62 -740 -810 -273 -614 939 24 1064 -571 -1004 -128 -902 123 -265 -1298 -149 515 -111 508 -523 528 -78 68 166 -402 887 369 154 1274 -45 510 1081 259 145 -155 542 -558 144 646 -1456 -656 661 1 -546 -345 -223 130 -872 -324 104 73 -811 932 19 -208 209 169 175 444 -1008 555 635 -160 884 661 417 -237 489]
[129 -863 931 152 1031 -314 -86 -106 -23 -483 -298 -1126 241 -148 -963 222 -94 573 -238 -557 936 -413 -398 -254 -32 -1089 -25 -1098 804 848 -742 893 -52 -317 -1167 -781 1049 114 -303 1297 523 -779 360 -363 31 -411 60 306 496 205 1033 149 799 -799 1629 561 546 -54 -715 162 964 270 -146 -764 -539 275 -1082 430 1199 360 -328 517 515 -176 1028 767 221 969 108 -163 -362 206 -569 180 231 630 191 292 -289 33 -430 -423 1482 349 -239 1416 -696 146 -37 908 -564 979 538 225 -311 717 -990 246 201 -405 -819 1099 913 -169 -4 -1505 -302 -697 -423 -42 -1253]
[1791 390 -124 445 642 537 -956 -526 -1080 80 522 -487 582 351 607 713 630 306 -122 -447 994 -141 153 -792 -478 244 88 -522 148 -55 398 64 228 1194 1637 -895 -36 383 -662 437 -505 312 -61 -130 -535 308 402 604 -220 312 299 25 -453 932 789 -224 -623 -857 -230 -705 -483 -846 -534 1344 875 -114 2040 293 -695 82 -213 412 -237 -1217 359 -51 638 -414 -614 -1296 461 270 -748 -622 305 -1063 1904 232 481 2092 -663 324 765 1435 -293 -860 373 220 -870 35 -3 -643 -563 -465 814 -1427 -138 -782 775 478 -278 -157 -519 1013 -1866 861 -150 -260 -938 1182 1021]
[142 -469 -364 294 -1034 -1425 -687 232 701 -485 -699 714 5 58 760 -588 -586 -619 -919 -684 -528 911 578 -86 628 744 -518 735 947 -662 -1622 -582 842 912 54 632 40 396 -473 -104 -241 53 668 -574 -93 564 -1655 -756 -1101 722 -823 1280 116 67 -583 628 510 -559 494 -328 -241 -311 1322 -594 125 411 877 -374 930 -489 337 -324 466 -704 263 553 383 -292 620 1176 -547 229 -959 584 -107 704 -90 311 367 489 -132 -131 425 -1397 -251 -730 249 -315 738 882 -285 390 -64 19 -194 -970 216 -1354 -994 581 -807 1190 252 -793 -309 -469 -884 42 -560 146 -808]
[-796 -337 -397 -14 203 -370 315 -79 196 -223 1026 -111 1086 -1433 514 -1116 283 513 -11 -591 -367 509 -25 -336 490 442 522 -437 -380 -131 -812 1154 -239 703 -591 -38 -118 683 -117 206 392 -973 -765 -888 69 354 -135 124 -180 -365 -327 -712 154 478 -602 -516 1486 619 457 1247 -135 145 100 -143 818 -495 -1299 898 -54 -225 285 238 -214 -58 82 955 -428 747 -309 36 -333 466 317 131 -389 -175 -702 -35 -703 -156 980 64 853 -176 372 708 3 -138 1183 376 784 323 -60 559 403 -14 255 -71 -376 471 808 -234 317 289 208 -232 702 136 1273 -1629 -1410]
[-632 -83 -160 -18 393 -22 -304 -307 1269 437 -1540 -649 -277 -557 -444 -346 829 192 171 453 -527 -831 -376 -200 575 26 551 871 142 579 75 672 261 -551 745 -747 -386 -196 584 154 580 137 -444 -140 -382 -525 -90 -430 895 177 -42 -98 -291 210 1394 447 -759 47 -280 -702 638 -1248 -177 132 -607 -657 -439 -479 81 287 -149 210 -538 1050 -618 -466 861 -185 567 795 407 76 222 675 208 -75 738 -360 153 -498 -803 -32 -431 259 -1126 753 -128 371 44 -69 -588 165 187 259 -1349 777 524 42 386 57 32 -243 35 -639 910 57 -281 839 1124 535 -225]
[-687 621 1133 337 -469 293 -548 234 130 -755 126 735 -1037 542 7 483 270 -640 975 427 328 -987 356 630 591 545 -1179 -406 -1190 56 41 -308 -842 903 710 344 -276 107 -567 -453 -346 -1117 566 221 -303 -411 -250 1648 431 321 1241 1028 -157 428 -278 256 -474 133 -1541 -96 -468 -118 -471 369 1319 368 -112 -417 544 358 -665 32 159 663 502 -128 746 -808 925 952 90 39 636 101 95 938 323 -534 1003 769 -868 -406 636 104 -158 -493 -365 -253 -3 16 -333 -646 -420 -83 -530 -604 -1094 358 -347 -1782 -102 573 1068 -280 -104 -644 255 -1482 -713 1263 0]
[801 -130 -1032 -64 895 -667 -1390 -1169 -1450 283 388 348 823 -449 249 -854 -601 -224 -617 -208 1434 418 299 -2048 1059 -273 -544 -996 -25 222 -621 170 -570 1565 802 -817 137 -740 -390 -136 44 -72 1442 354 64 38 135 -634 267 -728 476 536 -130 520 -291 60 938 -543 243 -124 -648 -1390 -203 -15 -225 850 333 -749 658 664 153 281 -267 1441 -1330 844 1626 -363 1515 -252 1780 659 502 501 862 -905 1242 162 -902 222 -1148 -142 273 1132 -51 -128 -988 208 -263 123 -791 573 357 920 -1217 -146 -232 -1125 1293 1031 -92 369 -1473 -390 84 -243 20 -13 -308 -30 693]
[-2147 -1184 -62 -801 933 -879 309 -856 702 563 1364 -1259 -256 -776 -204 -346 -585 114 -235 169 317 -233 -694 255 397 -797 -380 -1251 -509 169 -1525 -483 -493 263 -788 1757 572 -844 0 -597 227 562 -627 369 547 -343 -1023 -60 -722 -324 695 -96 -234 -196 16 -920 787 894 505 955 -137 -30 -769 -278 -2214 -226 386 -94 -844 111 891 -240 259 1245 -647 257 -468 -1222 779 -192 843 405 221 861 -120 -856 375 409 -399 -723 269 -317 -1384 558 106 1056 -128 184 -234 -70 197 1499 951 812 707 1660 -97 -184 538 -877 226 -27 -702 -1292 469 -359 -17 -285 -212 -77 -1343]
[-517 -1249 -672 159 -560 979 -198 122 -92 -32 1082 242 939 501 763 51 -172 -24 -123 549 -309 687 -490 1594 -400 -716 493 469 -62 669 -146 -563 -178 1113 -795 1217 458 -112 -305 15 -977 1382 -521 -562 538 546 129 828 32 31 956 -117 521 328 -819 -841 -226 -801 120 -973 -1010 -150 414 431 765 -711 1060 -226 -1414 -356 828 -931 340 -230 686 469 -1035 643 229 441 -595 -717 669 -194 -481 -11 860 99 352 68 630 86 682 780 42 101 126 -9 871 -836 1749 -162 -1032 -134 1195 -528 397 -236 -523 756 1088 -1451 393 -506 -699 634 -866 -587 -323 -95 -1264]
[270 577 -163 1205 1012 305 -923 -57 120 -357 938 -786 449 -414 746 -742 480 -625 -290 63 -214 -95 453 -877 89 -828 -990 -288 -692 907 623 98 -749 1546 1447 -714 417 -531 1102 506 888 -231 352 697 -1229 -464 176 414 704 537 170 -974 64 689 1171 391 339 -555 17 674 -457 -982 -502 1021 66 298 861 152 254 626 -586 176 -432 925 -191 41 353 -74 539 378 376 -254 -329 -898 34 -791 249 -1044 -323 1291 500 -620 1466 1578 211 1983 -556 243 320 -366 151 190 -67 -368 256 -146 -227 -235 1389 -695 618 19 -502 643 35 -235 352 399 -1176 927 -385]
[-153 -660 304 -387 785 -93 559 588 -420 617 1317 -828 626 -265 -280 421 444 592 -824 -217 849 1860 700 215 -402 -317 521 51 -622 -210 1565 565 -1175 -340 73 -136 699 186 865 -28 448 -12 62 125 328 -215 382 -104 -913 -618 -525 38 -591 -368 -118 -147 -483 -12 831 -654 -717 -155 112 395 -158 641 -136 -205 -1618 122 -160 -83 -933 590 297 -239 -439 201 -947 -391 -861 -795 567 191 -315 915 483 249 -1387 -249 -481 152 -1260 -63 410 -99 -131 -218 -312 -38 -143 525 566 -176 544 -310 478 -369 -907 1959 892 -726 -1367 36 1294 523 463 1027 570 -1323 -229]
[-694 1174 -1056 -59 295 -334 130 678 1265 167 -672 533 -1508 -27 -310 -413 798 667 590 812 -295 -960 1496 -147 1071 -71 133 900 -290 -127 426 -858 -109 -324 -1351 1252 -305 39 596 -27 147 -524 423 -721 238 -48 -48 154 198 -544 641 -741 261 565 757 616 1372 1505 -643 1167 -229 313 -611 -903 -318 847 -156 543 140 32 -88 300 -747 1208 -133 -864 -12 112 -291 -539 9 348 621 -556 -780 -729 -671 -239 -52 -751 101 1 -1100 204 -292 -1912 -113 -359 136 538 178 416 1142 301 857 470 -581 721 -122 -1290 -952 -392 207 -1623 342 -145 245 -47 607 -326 -470]
[-1692 149 114 -72 26 409 198 -122 -96 207 -256 -580 -584 66 -826 533 8 176 233 -270 -490 72 658 1269 -1242 -573 217 -141 -1450 -1145 -1285 1803 -768 25 -381 -729 -212 -167 113 -519 632 -1166 793 966 1409 1153 -426 138 -676 258 -794 480 419 -248 -287 -963 -496 963 -60 -80 720 1135 440 -1318 -826 -475 -1027 544 334 871 493 75 583 -970 806 -263 886 573 -777 -805 -860 275 755 637 -489 68 -366 -178 525 -1539 249 -825 -549 -1139 459 525 -1315 -399 510 401 17 365 313 -963 -551 1986 762 255 897 289 869 441 627 -68 83 -217 656 -34 1466 -580 -762]
]
