6010.752033 2919.522503 1.029954521 65
[[227 -963 512 -76 -30 731 580 115 -465 -671 394 676 102 -722 -92 865 427 -97 -987 571 -361 -279 701 -268 949 553 -293 289 344 -437 75 -365 -1180 315 -46 -727 -139 -629 417 382 218 93 -84 506 281 567 551 415 290 -613 1438 -191 988 466 365 429 487 762 -772 212 607 -154 -883 -613 458 -740 -22 194 -1194 -364 -355 825 -28 -118 1018 -83 -33 405 -311 -40 431 65 -709 384 -94 -13 -153 402 -666 69 -509 286 762 233 -715 -794 -299 -65 -526 655 456 -541 128 -64 -520 248 972 -939 224 -1099 -635 1115 -272 -497 -686 126 128 82 -890 -466 69]
[219 358 241 -45 -700 -132 1387 1106 -394 89 435 194 -102 -83 586 375 -1126 1533 52 956 -390 -300 -400 282 -204 -255 -549 -294 759 -838 -210 -9 -933 -435 248 199 -582 -605 80 855 304 322 -231 240 -57 -144 32 255 -133 -179 1833 -702 346 145 -392 1083 573 94 -246 94 -430 54 -1325 331 276 352 477 602 -292 -1055 -568 -146 268 -491 463 171 279 -313 125 -166 371 88 -383 207 -181 1311 97 -110 781 -344 -374 663 859 883 -990 -777 -835 224 -980 38 513 176 792 -235 904 91 -6 429 619 -1187 -298 -110 183 -831 12 -448 528 -20 9 -294 550]
[-684 403 55 -235 478 222 -960 -357 -157 -123 -290 -519 79 -157 -642 -280 -41 -1035 -908 -126 -391 -151 631 -455 -97 -305 106 29 579 590 1 -98 1020 -959 -771 -464 -942 1607 572 638 642 -23 504 73 172 -102 -604 -474 526 962 -461 -56 193 -571 -233 -886 -1157 -121 432 -79 -582 532 732 337 -177 69 -728 386 918 549 1115 -430 -70 -471 177 181 -89 789 272 -253 -671 -375 785 -714 1153 -339 -780 -458 1254 -112 138 -486 -892 -908 -234 1233 546 -562 85 -393 -478 -457 -987 267 37 -454 -80 514 -375 667 345 644 1113 1027 -6 1145 -9 48 -112 617 240]
[-673 1096 -101 -89 -149 -459 431 364 217 167 321 485 -104 -412 196 15 -261 -12 1114 280 -68 -443 54 31 883 -114 681 105 829 255 -1450 736 1156 -1297 649 204 -357 -104 -43 79 1065 -335 356 151 -264 115 -204 -363 -1079 711 -748 20 -568 -1187 -92 -532 -456 -365 -29 -420 -736 310 47 634 771 901 -117 884 706 758 677 -590 1240 -549 197 -245 626 209 -646 104 205 -1025 -213 -438 -323 339 -418 315 1750 19 -167 -353 -25 -268 -120 207 516 -29 -829 -796 841 13 -696 256 531 -163 -720 784 -456 2 578 -1537 723 -368 -153 237 293 469 286 95 513]
[15 667 1128 -193 459 67 936 298 392 257 704 596 622 -1025 -300 286 -883 990 565 536 -92 -226 297 -44 837 131 1326 -107 -80 -1015 -419 343 -1690 -192 -273 8 218 -1309 40 464 693 397 556 -183 -352 -219 -444 -440 -563 -10 355 -622 -422 -1153 10 456 297 1054 -625 786 -441 -1058 -155 -457 588 246 22 443 -662 372 -403 138 -143 -382 358 -750 224 135 -180 621 -208 -505 -348 79 -42 406 113 789 841 1686 -185 1056 230 1110 -388 -1366 149 -28 -1419 -470 769 -75 -6 454 200 -409 184 -125 -187 -916 -1281 32 -618 -567 549 -352 265 393 410 -541 573]
[506 116 -1226 -202 -864 30 405 314 -158 13 -344 247 413 215 505 351 -263 -140 1197 -191 345 164 -1098 869 705 203 27 45 571 -54 -243 544 998 -246 565 -99 44 -1100 263 -198 1061 95 -275 309 -275 -230 362 -416 -366 1191 -442 -411 252 460 -152 -761 184 -552 -382 -1143 7 417 -947 28 432 -224 592 1234 -1036 -895 606 636 558 -714 618 -177 655 10 -524 -171 541 3 -1726 -202 -602 331 1 -274 846 -1539 -182 -65 789 -691 181 -188 -147 -97 -530 45 20 4 63 102 406 -171 -779 759 121 432 661 -184 225 -891 -63 -2 -207 777 118 177 1300]
[680 445 -470 -490 -199 -246 -161 -942 -732 353 -464 -46 94 -308 -29 -367 -749 -11 958 0 199 -156 -701 737 361 -403 -427 -185 55 1038 456 -263 1417 -505 453 569 310 147 -285 81 725 373 617 -162 -1075 174 -153 129 -17 424 -1090 -366 114 -913 676 -524 16 -143 -345 -726 372 213 -133 560 752 13 -161 889 -524 325 272 -60 127 -884 716 688 251 281 462 230 684 -914 -830 -1396 838 403 -586 -769 1449 -251 -5 -426 -575 -335 463 169 -83 -173 -804 1319 426 -142 93 332 -221 239 -1247 662 69 -66 -494 -484 588 -252 426 515 179 132 -773 -472 492]
[625 -101 192 641 -420 -22 -820 -770 -603 335 -35 -278 -1093 -73 -10 42 -212 -464 -1242 199 26 -463 -795 525 -748 -579 -399 89 -312 667 1399 -242 220 -271 798 -149 -747 750 -123 456 -545 553 -511 -1552 -56 538 -74 1059 496 -481 215 182 677 198 237 322 -32 -374 23 -188 -713 547 -674 280 -519 394 -143 -161 61 -614 796 -717 83 -800 299 1099 -371 547 395 -370 -18 222 1437 198 722 1303 113 -732 962 -383 428 -270 -1027 -82 -119 161 -395 375 170 1298 -391 -743 382 -547 -17 -353 132 275 910 -85 -16 -509 -16 961 329 1080 154 -289 143 506 -144]
[-193 851 -572 -518 720 -163 103 -1565 666 -137 -604 -73 354 184 70 -713 -670 204 1304 -522 916 -301 -391 146 1493 -184 423 -183 -969 942 27 -246 127 15 -78 401 81 -697 378 -68 966 -173 1110 286 -1442 -414 -625 -1436 26 60 -1133 206 -212 -1471 -109 162 -329 263 -325 572 -351 -935 731 -299 478 235 39 866 276 89 111 626 218 362 -19 -82 323 631 -148 686 -231 -523 -1042 -1192 401 -474 -466 -236 921 257 640 -287 -34 -492 819 238 -480 -689 -659 -85 58 150 249 1047 -248 -674 -1035 -412 -728 502 -777 -410 1029 -224 824 1166 477 -371 50 -751 418]
[313 -139 -186 208 -75 309 -595 -884 123 79 -100 560 -413 802 331 38 569 -937 288 -1524 499 -268 197 -555 1065 303 346 358 -1400 730 -158 -294 676 595 1013 553 643 -418 228 -1501 31 -461 770 -213 -688 498 782 472 201 -78 -847 1410 153 -311 -88 621 448 -1075 -1026 -402 -150 675 -20 -164 1111 465 50 -288 -220 726 -108 -188 776 823 195 643 171 965 -996 305 300 329 -193 -151 -318 -236 108 314 -845 -1067 981 -831 161 -628 538 -543 -368 930 164 506 -169 -453 301 -270 -774 130 -604 14 -428 302 91 -1355 -90 358 -239 696 756 881 -268 368 -316]
[-142 -169 967 -244 713 638 -165 -302 678 -361 157 -568 -402 -152 -392 799 -6 -402 -1198 306 -117 663 881 1 792 222 280 59 22 741 -572 -738 -1021 -152 -149 -404 -879 85 448 411 239 198 104 335 266 -98 699 -452 1307 50 1551 -383 639 327 -1043 1101 -65 378 -244 563 -1215 61 -455 -1374 -1219 -1272 -332 344 621 -29 680 -328 -172 299 694 562 -525 722 -242 -87 -656 201 714 -70 303 -395 -496 523 -423 -238 633 -30 766 -661 -574 -410 -346 -452 -467 -768 -1109 -256 -180 -502 92 -1403 980 128 -270 -95 260 1065 728 211 -362 1093 684 404 411 147 -102]
[-446 -198 197 121 345 306 667 422 313 -7 409 392 41 -34 423 757 364 351 166 504 -666 -108 369 -1401 208 -288 873 50 317 -1118 230 584 -1612 381 -137 -1017 398 -555 -781 341 57 -1108 -1242 673 843 524 -625 -305 -1043 -264 163 -40 -290 183 80 57 459 797 -357 813 876 -1577 97 -607 389 241 -115 -525 -915 -214 -598 790 12 950 -1062 -1085 1282 -593 -403 498 -562 725 -371 512 -1618 33 636 1223 -269 2159 -187 528 899 1844 -161 -863 135 326 -272 -164 1156 -483 -262 433 -208 660 285 -1737 461 -1234 -167 -40 -757 -346 -756 -525 -278 -151 475 -124 -277]
[961 -675 36 127 130 -15 -683 -1030 -153 -190 -160 -317 -374 185 -748 609 1266 -747 -1410 361 -288 252 745 -447 -147 4 -665 -132 93 496 384 -642 -161 82 323 -640 16 972 -368 674 -630 -272 -653 -1143 296 1196 562 77 286 -1330 775 -161 787 556 729 231 363 732 323 798 -552 79 -464 -1266 -954 -312 -719 -638 546 41 907 205 -426 -50 -1138 444 161 97 -353 187 -253 124 1295 -125 -38 104 100 -615 -1068 1024 677 -525 -319 -295 -78 337 -575 649 60 572 -1014 -452 54 -228 -467 -112 265 -1384 1046 -773 456 -185 411 756 -639 1121 70 -740 433 -468 -66]
[448 62 1243 -493 158 -155 -860 -1034 -833 -598 280 -96 -676 -922 -674 1123 83 133 -589 417 -803 116 500 -287 536 21 73 -174 -209 131 25 -865 -531 340 154 -412 -484 431 -422 674 -301 -266 -338 -187 615 1235 671 263 1084 -1147 820 -126 932 -248 280 326 111 1032 -683 512 261 -687 -265 -586 -420 -1548 -820 224 560 569 -796 226 8 391 0 861 -147 955 594 202 587 628 599 -1030 -237 -15 -1366 299 306 1456 782 564 -407 44 -523 74 -305 325 508 385 -121 -366 -502 -495 -767 93 1001 -1291 304 -680 -219 -309 656 5 -566 825 77 -253 -509 548 -458]
[111 -395 -906 -679 -898 -469 -619 612 -781 502 -627 -623 589 195 -733 -665 -747 434 -668 406 -394 1183 -320 -674 -949 -518 -96 -1490 -387 -599 874 162 150 414 -1255 -102 575 978 683 247 93 10 50 -39 566 -785 -491 550 168 695 -376 -310 -19 216 458 -1155 -67 -140 490 -111 199 -328 810 -20 630 -167 307 -403 516 1135 -476 30 -861 -498 -212 225 12 112 1275 527 86 452 514 -699 498 -500 -332 -417 124 -208 233 320 -827 -301 -370 1362 -249 -162 1032 -568 -670 346 332 63 -69 716 -27 188 494 786 485 101 302 538 601 -1314 -722 160 143 235 1198]
[812 440 1012 35 520 588 834 741 -540 -466 548 652 272 8 350 288 -374 115 922 465 567 -965 660 -652 -8 155 -44 634 1246 318 -398 -361 515 -87 -104 -72 24 -523 -172 57 954 777 779 969 -1452 163 -211 -94 314 358 663 -353 -313 -7 -640 324 1072 84 -459 -1330 516 439 -1442 91 788 -90 91 916 -779 -332 281 -120 174 -199 1235 -219 251 -248 -791 -81 215 -77 -929 -82 812 433 278 759 330 -1090 -1447 -261 806 1085 -287 -1568 -40 79 -274 581 925 170 334 19 -320 -21 -224 627 171 -690 -835 1191 -518 -781 -115 -84 903 867 -999 -469 -242]
[-358 -497 104 -151 -782 920 -393 -434 -922 -455 -24 343 262 -204 -690 859 1230 -883 -1087 -628 -238 355 1108 -981 665 702 -269 269 -72 -857 -695 34 201 320 673 -677 -923 -240 1289 -198 -166 -1166 -363 -278 1102 -26 629 -189 528 -130 967 1088 921 -491 388 -33 -1115 -139 -92 -56 -503 1029 111 -521 420 -115 -319 -420 346 351 -134 486 95 438 -292 -174 181 746 -574 -196 -337 341 223 714 429 -420 -641 -775 -442 -747 680 21 -434 -1965 -661 -537 765 956 256 -12 -1127 -863 -678 402 -77 728 29 -1047 -596 48 632 -314 572 1015 -621 293 -208 404 -1003 764 859]
[-115 -409 80 -83 107 1032 1289 288 416 217 213 311 953 1469 -416 428 -9 664 6 -463 194 -112 859 -1142 -53 772 -196 -466 417 -2035 -451 -144 -1087 494 -850 -301 -53 -1447 546 197 983 -832 73 838 -252 -1415 -910 -1034 -80 135 1028 -93 -212 -498 -865 1077 -325 518 -315 598 -293 -636 -736 -287 902 543 428 -244 -1063 -788 -928 629 -247 740 -1488 -414 537 -84 -1123 -237 -1643 548 -506 -309 -8 -239 954 138 -794 475 -191 790 431 101 -617 -727 -791 587 -863 -281 -353 -372 180 568 -250 -163 -1196 -857 -959 -946 -747 891 -221 81 -228 -494 600 68 -286 -882 1083]
[-199 -764 -583 22 -54 628 -503 -528 -394 -263 -181 1 555 -425 -1457 -235 365 -963 -948 854 303 160 825 -365 382 375 202 -112 -479 -573 468 855 -1180 339 -831 -969 353 -676 1692 542 48 95 377 -146 -360 -832 -1438 165 -184 62 13 681 -732 238 -42 -1278 -355 1022 -17 266 -281 -766 59 -322 -288 112 81 -790 -653 297 -533 533 -505 -116 -468 -574 -160 157 152 -103 -791 -207 524 1073 250 -1354 -42 -413 -347 1307 -1126 642 -570 -646 -2 418 102 242 -53 -145 -392 -73 -265 744 -242 275 297 -1414 -482 278 -256 1048 -67 813 332 -849 -248 221 5 -604 720]
[-296 629 369 -397 455 -580 1020 841 477 -331 -220 305 608 992 731 -704 -336 1827 706 -94 -329 246 64 -161 -612 398 -273 -1460 34 -933 -1256 -343 -309 342 -580 636 240 -361 -508 287 771 -316 798 -59 102 -1201 36 -725 -197 -613 307 -1303 -385 -601 -891 1085 83 504 757 1047 -869 -1195 -7 -217 15 150 574 -7 1157 -242 -1142 146 -545 504 -1310 161 -298 202 -181 456 125 -41 634 -994 -1449 -236 551 416 -936 295 661 477 192 -136 253 859 -1215 268 589 -1524 -1237 438 737 -756 92 -788 76 75 63 391 -121 -1526 377 -750 646 -244 -63 -1044 1171 -99 537]
[-394 330 -362 -293 -1569 -156 88 650 254 610 421 259 2 -485 -157 417 -268 -634 -638 266 111 83 -657 960 370 475 1037 145 684 -1074 -58 1337 602 -867 -421 -558 -19 -674 1527 -31 1009 -102 -716 -41 1174 -525 -494 431 -431 1454 89 144 108 -1060 -494 -825 -784 -1070 3 -84 -1082 1112 -1021 438 676 887 489 164 -294 522 1007 -295 1015 -1282 598 -632 -117 -204 -308 -295 -641 -325 -151 794 567 1805 441 166 1448 -1183 -1127 179 -585 -822 -1476 16 910 -182 -1256 -1478 -480 -525 -145 514 717 -257 -199 1271 -873 -162 733 -5 222 694 281 -715 301 927 -185 45 1749]
[-783 -646 551 249 1519 568 658 -1104 792 482 62 47 304 -76 57 306 1396 -248 -1470 509 -64 441 882 554 684 -92 386 1173 276 -74 -815 -946 -957 -145 -238 -1093 -931 -57 -396 602 -209 -137 -1191 -166 1487 370 -102 -894 370 -1055 1080 -654 300 -252 -398 1443 -633 -52 776 1475 -202 -325 265 -420 -904 -421 -410 -277 -352 -517 619 -354 -970 667 -449 -733 -489 -685 -589 -86 -1210 52 650 367 -29 -437 352 -92 -449 1369 -639 109 -420 26 -81 -222 627 -897 -727 -59 -347 -879 -233 512 -683 -899 506 -1053 -628 -908 -60 1182 147 1194 -69 1304 -61 -773 135 -771 -675]
[-331 -99 -1543 -421 -305 -420 446 -522 -399 128 -1067 -142 -221 -491 923 -763 -855 -109 481 827 -365 147 -402 810 776 -698 -1002 -579 106 1435 869 116 135 -810 -109 -435 107 157 -46 833 849 -100 -228 906 273 -497 -622 864 -145 -321 719 -110 -55 28 -90 1054 651 -891 438 -446 118 -228 -340 882 7 61 700 21 -754 313 -961 -701 119 268 885 385 325 -279 528 633 35 -440 -26 -143 -487 119 -824 203 1120 -134 -1377 -139 391 647 -139 1007 -237 -542 -851 -136 35 -120 529 -29 196 -391 -132 -119 -13 -257 -182 210 1625 -166 618 -30 419 147 85 -477 -536]
[26 377 -109 -407 515 441 -662 80 -1475 1150 -629 -82 1645 -862 -760 -960 -247 828 -1079 -432 -193 1043 93 -450 -852 -96 599 23 -1185 -124 -722 -674 419 -366 -442 260 360 1277 867 -118 475 977 924 -1222 449 -365 -25 -54 444 188 -534 -930 241 -878 722 -1052 -723 99 266 505 59 -147 1416 -70 744 583 -290 449 354 881 -23 137 -1552 -417 1349 -185 -835 649 656 618 463 -765 102 -887 1205 -611 -440 -731 243 284 978 601 -1992 -72 285 601 495 96 -141 610 -149 -608 -207 103 -429 877 274 725 86 848 -528 -157 -117 843 1098 131 -728 366 -608 -219 1599]
[-55 -357 773 492 811 1319 162 608 156 -226 183 401 -407 -880 339 -55 -1003 194 134 1592 842 1124 -451 -577 989 38 547 499 -1030 960 -697 -58 -1637 789 744 139 215 -1289 971 -950 676 844 86 -128 -269 -770 -30 -196 678 519 603 95 -442 -6 -850 77 489 171 -566 -595 -427 -1401 -375 -1443 -401 -210 662 -115 -188 -367 160 1054 -452 716 1764 12 -265 510 -218 661 -141 479 -670 1031 -373 -111 245 1141 -1531 -867 93 -343 1255 206 784 -2027 -557 387 151 -136 180 75 1166 119 -94 -460 1343 -657 477 670 -80 257 -347 -1029 -47 -793 776 1131 -514 -579 701]
[780 -704 -775 49 12 847 -802 -224 702 -393 -340 -429 21 -205 -780 613 520 -663 -1025 -837 217 -247 392 315 -818 392 -871 -709 895 488 1360 -85 -291 -367 -59 -690 48 731 140 1024 25 307 213 111 -345 -174 239 534 171 38 -40 -737 1061 1383 500 143 238 1107 315 188 -141 852 -505 -1269 -1013 -178 -356 261 -748 -1070 1268 -93 -96 -952 266 127 -155 -534 -209 -607 27 -543 -599 -667 1050 132 238 -80 -234 170 742 222 -181 -193 -14 240 -512 -520 -1110 875 -404 -464 -365 -606 -445 -61 0 -214 703 127 276 1407 406 -247 -84 554 -74 46 757 49 488]
[337 -147 929 -849 532 532 -455 -33 -75 155 481 252 81 -696 -454 817 944 430 -1135 1146 -50 715 1160 -1161 772 -239 2017 -58 -510 483 -612 -152 -733 407 -225 -399 1147 821 212 -371 -324 27 -184 503 664 1135 115 516 256 -218 485 -243 191 88 -424 263 789 663 -452 1430 1112 -1089 558 -1620 106 -485 -988 52 220 1391 115 -630 -370 56 617 -732 -597 -1132 245 1120 812 26 -141 -414 -269 -537 -299 1492 -978 1711 -246 524 418 1359 -64 -292 1167 54 -975 -666 923 67 -189 30 -1196 1187 1085 -581 -410 -1075 386 -19 -94 -226 340 -296 848 758 148 -262 36]
[133 -338 334 -794 -817 261 -353 504 -161 -254 -91 -247 -830 -312 104 -368 -1583 205 -533 1306 -596 204 -1202 312 611 426 80 -697 27 -49 1008 618 -1277 -435 -3 -558 -225 -617 805 290 908 -79 -677 -265 298 -705 -843 818 802 866 318 -335 597 -302 -600 194 -700 -83 -1546 -351 52 -556 -715 201 -254 -361 506 16 -1179 49 -566 590 172 -933 685 738 308 1135 845 235 -1166 387 29 261 -71 1250 -85 -467 844 -488 -771 -99 750 509 -139 344 158 128 -1080 -326 -327 -973 367 -58 460 -543 262 800 -117 -411 -819 756 766 -398 -76 -82 162 677 -224 338 1124]
[233 380 -3 21 -265 -455 372 352 313 -744 422 394 712 -435 447 178 -730 250 710 -536 -273 -280 216 841 810 -428 -265 953 186 -1094 -726 -152 -1086 497 -1290 244 -54 -350 885 -88 -165 910 614 1106 62 -12 443 276 971 190 1235 635 -5 489 -1037 679 1108 -793 417 -281 549 1377 -520 624 288 -340 395 -147 -469 -66 -1417 -261 -168 266 305 -376 -13 460 111 -155 1019 918 -1024 724 -75 407 -369 -186 -274 -850 -487 398 -46 42 -964 -1205 -235 -477 147 -1397 -939 635 394 -130 29 -271 545 -575 188 -208 265 162 314 -2 724 -1162 190 823 -568 321 -616]
[-281 -1103 741 354 -33 303 154 768 384 534 -269 49 273 -1051 -589 -525 -778 -225 -525 1273 -767 421 126 920 -407 589 -446 -616 -95 135 92 -517 -269 29 -1658 253 -128 100 125 201 474 154 148 280 1385 -1293 -424 35 -348 87 694 -967 35 -726 185 342 -36 96 613 733 -397 -578 82 9 -74 -440 240 -437 277 336 -336 -171 -682 -785 653 -585 -1462 -316 424 535 -316 -504 715 -634 47 348 -32 1492 -549 668 -985 803 140 42 -638 1238 561 -202 -1224 -1156 46 533 392 82 134 -1016 1075 453 -739 82 -429 1638 546 89 431 -1322 603 -145 151 -562 453]
[-1354 1242 -614 -82 558 -48 653 142 -431 -68 -635 222 872 -1289 124 147 -556 706 -104 1035 -803 383 102 -753 1019 -545 660 815 68 -670 -1046 523 -788 -1011 -1193 -1185 -1214 261 499 1276 975 735 -511 995 359 231 -871 -1569 115 57 1064 -53 -797 555 52 -1446 -764 277 6 -250 -543 -1203 1210 -112 93 -21 133 891 -495 9 -202 659 -212 966 598 -1021 1293 620 238 261 -542 451 -434 919 -721 -786 -1127 390 964 1039 -621 626 563 971 -658 -362 231 -847 707 -708 739 -227 -600 656 235 -258 814 -995 206 860 -508 1485 526 -460 -379 83 -404 444 -126 10 544]
[-487 415 -1034 -1395 643 296 -438 -854 -1330 170 -233 61 1056 -224 -21 -1141 131 204 405 -251 -828 282 1144 -703 781 -44 11 68 -317 246 -605 -346 -862 -437 269 -476 1007 176 1059 1019 1126 -1189 839 613 -132 1205 -411 20 -488 -756 -752 -287 10 -1165 -2 -181 155 -70 -1250 946 182 -764 587 -291 1393 650 -163 -400 208 955 -1384 456 174 921 846 -605 878 35 -188 1130 277 -522 -814 -680 -107 -1038 -864 -484 935 1481 134 -184 -480 42 19 642 -390 1042 -1175 622 901 -589 -20 263 176 1762 -478 -628 -86 -1176 -594 -1116 1100 906 -103 932 -337 283 -245 -718 517]
[98 -85 -702 -97 -861 -645 -1099 -205 -295 549 -913 -115 -966 -561 -776 347 447 -1718 -973 272 -540 -442 -177 199 -175 363 -371 -251 97 322 227 -42 1920 -369 71 -548 239 403 -21 420 404 -196 -67 -172 -226 651 -96 333 -612 13 -1033 358 -6 -566 1338 -1751 -132 -77 -704 -1039 -402 831 -982 1168 894 210 -307 -57 -53 1025 824 -210 1160 -398 -195 501 259 751 39 -369 -10 -388 565 -810 -190 618 27 493 1603 162 -897 60 -913 196 -706 1623 -394 -204 134 383 724 -283 -319 0 -405 467 -210 -262 119 427 696 -542 545 706 -1459 328 927 620 -568 68 -27]
[700 218 180 179 -21 -219 -192 -333 -1749 -1 832 -291 61 910 190 756 329 509 -20 -686 732 20 -11 -776 -422 -232 -166 1037 -635 -240 184 -233 -466 248 982 -747 338 -342 -253 -441 -587 -586 -488 -135 -328 1880 273 320 608 -1290 1121 1106 -154 164 -977 971 655 -1025 -974 78 349 -125 -1116 736 74 -227 65 -488 257 -575 -1107 253 718 2198 147 282 -58 -870 -943 68 -313 1417 -221 119 -34 366 -240 -646 -603 -47 -218 205 -337 1041 -438 -1010 -744 1731 1351 954 938 -127 514 113 -635 1806 -51 -1004 -32 -1527 -369 -542 -491 987 -449 -27 178 40 -480 -102 -1019]
[354 -290 93 288 731 49 233 -768 -67 522 49 392 -248 -654 659 -665 -665 -567 1627 863 -300 242 -757 957 1144 267 348 41 -143 555 -420 41 342 217 -391 -17 704 -381 -364 200 1525 156 -633 44 863 122 -501 756 268 -188 -1359 -1012 71 -662 -123 9 807 -572 -373 -528 456 -1247 -427 -90 1028 -455 711 369 -835 582 -339 52 126 -671 1045 474 506 850 67 895 48 237 -867 -1196 -1192 649 190 1527 1518 456 -338 -582 -767 709 -320 226 -342 -174 -634 -265 360 -290 -26 -808 -790 -1554 -82 -78 358 -12 -449 -827 166 35 238 283 228 751 -16 -507 306]
[476 -271 266 -373 702 522 38 14 -523 -499 345 -35 85 -1207 241 315 240 -1047 617 1031 674 -251 -489 196 250 -37 -171 404 302 999 657 667 -668 -28 1487 -1181 377 -865 -247 816 38 350 6 -948 -725 561 123 -63 -653 -631 322 220 -270 242 802 -136 977 439 -143 -678 72 -558 -420 -317 -336 -232 170 -109 -669 -607 741 59 99 -114 1255 -431 -25 -177 -614 467 -98 -1348 -436 553 211 -175 -180 458 561 353 -870 -44 -107 489 533 -1797 449 550 -161 867 1160 -52 -244 -124 222 375 928 -638 1159 -356 -702 -208 -1025 -72 -54 305 -173 581 -127 -370 -926]
[-58 364 838 -823 -582 -450 222 1059 785 -91 251 -7 224 -1323 -368 696 370 110 -435 320 -849 188 284 318 -5 692 689 -13 -228 -325 -1016 172 201 -464 -800 -128 929 -125 -580 -25 -38 -85 809 985 242 -288 889 -803 -1279 -200 157 -450 -379 -504 495 -644 399 485 -61 574 -99 137 633 -792 451 -620 1 16 249 1541 81 -263 349 -673 12 -1181 -203 153 -405 1052 -77 -1387 -242 -875 -596 234 395 1724 -742 641 -267 766 299 647 -591 -176 1256 -678 -1289 -1134 251 82 -591 -31 -195 358 603 599 -797 -74 -238 283 -1185 -526 -292 -1011 0 -135 17 -577 -188]
[1456 -193 -725 205 -1073 425 -591 -58 443 1357 -247 -416 -301 -147 -742 830 -820 -517 181 444 -193 370 -832 668 178 -410 118 -238 -518 -91 192 -684 -150 343 -560 812 -410 -299 -270 229 204 1843 131 -858 -235 -929 99 -554 54 935 856 368 80 1776 185 -212 836 -347 164 -932 -391 427 -674 -11 -527 6 176 27 -741 -23 -90 -704 -119 -846 -911 505 147 1283 136 -244 18 627 259 -652 -375 -81 -358 314 108 -2 226 984 345 204 -6 -109 -291 292 -885 -720 -696 698 -261 -487 88 -1108 -131 347 220 717 138 418 -272 -382 341 -305 871 1209 757 283 715]
[-164 -201 933 174 -196 -26 -729 -78 387 -1023 320 595 -242 -1345 -302 527 162 -597 7 133 -464 95 123 998 213 1295 -19 549 -889 -436 -928 989 -247 -620 -381 -46 793 -398 63 -273 -208 -266 29 -742 1232 289 740 271 -721 -1299 -214 310 -442 -994 376 -1185 -281 505 376 701 -342 -229 395 -1246 -854 15 -36 -514 381 102 -158 1049 -120 79 -20 -474 -894 643 -316 218 57 -832 16 503 -1252 655 106 997 -2183 1166 353 333 -633 -901 446 -350 416 949 162 -369 -653 -687 -392 -693 -377 -398 1899 -1255 -75 807 -205 -380 -969 -656 -58 -635 -1036 -5 200 -379 348]
[160 -842 -10 -680 -51 327 -497 987 -305 -556 -183 -827 1143 -239 -653 67 571 -740 -915 -1374 -917 556 806 -1894 -323 446 -406 -322 -45 -939 974 144 -1334 956 -1065 -1289 670 792 480 -13 -681 -905 -235 -30 1011 -582 492 196 459 297 130 -170 919 362 1001 -565 -228 1152 -198 469 522 134 897 -429 763 -898 -335 -615 -553 1012 -276 874 -1165 172 -1 -949 266 -65 224 1085 -280 195 -91 109 360 -971 -238 297 -406 171 992 73 -74 745 -675 141 700 98 690 -790 -583 -84 -822 443 430 499 845 -648 899 -242 605 1097 -101 210 -496 -688 -1214 -67 159 812 -96]
[-789 -24 480 404 461 -31 -742 76 602 824 126 -201 -158 -113 -899 -163 -493 86 -1848 340 146 383 -115 774 -895 -299 1169 405 -662 378 -212 -64 168 -1038 -764 -84 -374 1359 59 604 -474 1047 462 -677 479 -576 -733 448 651 168 430 -272 -1188 346 -958 549 -140 -652 957 1299 -817 98 981 318 -1425 327 -240 -421 525 525 675 -1637 -583 -447 485 -17 -1848 -51 684 -725 -705 -794 1491 -223 673 46 -60 252 -512 1580 -433 847 -1708 -101 252 826 -147 -48 -622 -183 308 -89 312 -674 -984 -338 927 1059 -912 742 -355 558 126 1062 483 -570 323 146 548 -62 -117]
[-314 -392 -541 -394 285 376 -1107 -625 832 586 -904 -205 518 835 238 374 -66 -1409 -1107 -1303 172 569 -111 117 -738 -822 1317 839 -796 797 1879 41 -258 26 -507 -974 814 276 329 152 -718 -286 -251 413 730 42 215 440 217 1791 -308 -276 117 1038 -908 70 1569 -626 791 914 181 823 27 -750 -710 285 -363 78 -1483 -477 439 -52 -1300 196 179 -437 -244 -45 459 -532 216 196 131 731 -452 -146 510 648 -510 590 744 -260 -74 170 97 -166 -467 -325 -941 458 -624 -1280 271 -126 -167 -457 657 475 589 204 615 1280 118 932 558 237 -330 480 631 256 -319]
[122 376 13 620 1438 1 -1071 -1306 753 -828 888 683 -905 -146 91 400 768 -511 -136 -124 201 -640 -27 -261 1361 69 1157 2082 -897 233 -1317 -785 -1089 464 797 -950 907 -707 22 -339 -378 362 34 -21 -297 1025 161 385 1106 -1287 -668 332 -424 351 -1264 141 798 986 -1106 119 432 -940 -889 -234 -383 -62 -473 -187 -1125 -214 -217 298 373 875 -364 -61 -174 729 -353 -8 -25 844 -213 209 -1292 -50 -11 1188 -420 1776 -252 68 -1313 1826 1537 -479 -976 512 -135 384 881 -706 -150 -218 -1609 -801 1078 -1854 433 -178 350 -539 -296 -151 -801 861 417 241 -404 -122 -1111]
[-142 434 1062 739 847 885 -16 887 199 -420 159 1173 1148 -113 -149 -716 -54 -523 1175 -1404 86 -379 378 -224 -827 1456 793 -545 3 -1171 818 612 496 643 -840 879 1021 276 -338 -501 265 771 1534 -280 340 -768 -582 -117 -218 1315 -693 -270 -395 628 -390 578 771 -181 848 -68 157 -684 544 399 301 475 330 -423 -922 225 -771 155 -844 180 15 -900 -502 -324 220 -171 203 771 -1119 306 -242 -63 559 802 -1353 429 -398 396 678 569 1 -409 -19 1436 251 -542 437 425 -296 -227 -477 -14 -92 819 -877 540 -1384 806 -306 -777 165 -761 302 233 116 1014 -473]
[147 321 581 165 32 96 426 498 -296 202 -367 356 217 -447 -233 9 -409 172 234 1587 -50 1120 58 143 1065 -727 1485 206 -586 494 -1018 684 -222 -156 1660 -409 50 -1116 -567 -799 -290 449 176 -292 -949 -139 -226 -633 -619 1439 -175 135 -948 455 -730 -32 215 -206 -731 -478 -409 67 288 -724 -151 -602 -67 702 -836 32 333 -532 -645 -518 337 -154 434 -62 210 568 -763 -114 -293 840 -736 -784 163 -661 271 -181 136 -205 1149 443 1115 -1389 1130 475 -1266 93 521 -455 -290 474 269 654 -710 686 -298 352 -73 38 -228 459 367 -251 -357 1598 948 382 581]
[-52 545 94 145 449 91 -338 488 184 899 -414 -913 -703 -255 535 110 -246 387 -1191 22 -328 -1019 -275 -930 -1084 -587 141 415 -330 118 182 -692 -975 697 -465 -488 -1722 1053 121 817 -220 316 -821 -14 626 6 -109 -47 668 -408 1202 -98 936 934 -264 402 423 -287 -58 167 -740 828 330 -155 122 327 131 315 1112 -351 114 -612 263 224 175 -121 1352 979 225 -122 -217 1261 555 304 201 766 462 567 1657 -367 825 600 262 1453 -1768 -480 -14 -1255 147 -182 268 -63 -107 -490 -177 -301 340 261 1692 374 62 437 6 756 38 865 690 224 563 807 -126]
[-960 494 263 -352 -331 -370 673 327 -237 -287 961 -271 -522 908 -845 973 606 259 -374 -39 -228 -847 1896 -595 861 1101 242 -191 704 -522 -1054 262 -240 -419 227 320 -708 -312 410 694 -359 -594 46 57 719 804 378 -19 230 -519 1800 128 575 -231 -125 -214 -1415 1420 -695 1308 -403 171 -604 223 -565 -346 -837 328 1153 42 -342 995 1269 283 -1034 524 142 -77 248 -1231 -478 -285 322 1005 -263 -606 -1061 -386 63 815 265 295 1154 -20 -1086 1078 -378 -36 -270 -1123 477 830 -981 -115 544 -107 593 -24 -1329 -959 -465 1034 681 -1003 -1175 347 -83 -553 617 -402 290]
[-329 -143 -917 318 -40 -989 36 -264 188 979 34 -153 466 -694 -365 -652 -23 128 1062 -31 -42 397 257 -326 394 -869 607 1208 -1070 206 -1039 -94 24 -41 228 1068 1152 -347 -83 -795 -1391 275 505 21 -1325 -302 82 -610 -934 223 -1193 633 -1564 -338 953 -896 409 607 100 388 374 -219 1272 1210 766 1362 -276 -622 192 1602 -49 -341 -206 193 -78 -797 235 -502 496 344 632 -1212 693 713 -322 -1264 284 577 178 1290 608 -726 -1108 548 660 264 -302 -235 -530 -589 1265 1453 -132 615 1131 366 -468 1 134 -71 385 -1452 -816 432 290 -949 208 -395 -91 -1596 -982]
[-50 100 -72 -66 474 488 442 -456 -182 -304 852 1037 933 -327 -386 -304 -222 525 106 48 80 -189 410 -1280 1783 -453 545 393 -110 -350 -163 -737 -1084 0 993 -423 755 267 836 -586 722 -132 665 -83 373 135 -209 -79 107 -631 280 859 814 -1755 -6 1332 -148 -220 -28 1027 700 -611 981 -316 1969 1078 -195 -193 -467 1444 245 21 54 -148 703 -696 188 -213 -733 1640 27 -323 -591 -719 1623 535 -882 -61 -398 130 468 -289 -593 540 781 -1259 711 542 -1661 -140 811 -701 334 997 -520 1047 -546 -810 -428 -1310 -135 -515 869 445 564 -78 225 197 -1221 -1193 175]
[211 -233 277 -1368 329 620 -180 -171 -400 806 -489 -1269 1189 874 -52 156 -526 816 -404 -306 -456 1200 -144 839 -646 -522 97 -402 -461 -159 -629 -1483 -592 60 414 -118 -273 -796 240 460 85 -293 1168 15 -974 -1006 74 -509 438 1242 -240 -1173 334 -187 -772 698 -27 266 -543 -32 63 600 -428 30 191 -1362 -318 451 -968 -466 -257 -935 -1543 -420 204 664 -925 565 713 -546 -284 -655 20 -1775 387 -720 -18 -655 670 206 533 712 -1204 -843 827 -256 -740 -612 -1273 623 -669 -1052 179 -321 -272 110 -618 1121 -14 -485 214 141 222 816 393 -268 -381 615 100 624 648]
[-155 -1169 -458 168 134 -212 -316 1229 -689 -197 -159 656 831 -1543 -511 981 568 -299 146 805 211 319 -87 -354 802 761 782 447 228 -716 -1398 398 -289 -122 480 -1666 -321 -935 676 -90 996 606 -144 -691 756 -306 735 -369 -551 -109 455 -269 -29 253 520 -1350 362 390 141 -1820 792 -36 229 -79 -177 -1000 839 556 -353 833 273 1230 -328 -197 907 -773 706 1558 -1012 498 23 -291 -562 198 -1014 -726 -310 450 -284 -153 -464 672 -451 -575 358 -133 60 -1257 984 -368 83 -632 -419 -113 -781 -329 1450 -1086 220 843 805 -124 -912 -846 -255 -1225 -851 710 -304 -304 374]
[502 174 -221 -504 -484 -555 65 -468 -809 -368 432 779 85 -623 -223 -139 449 265 -629 638 649 -191 -662 373 388 154 441 59 -29 148 346 78 -152 115 299 -900 607 -795 -172 127 459 857 522 -396 -1310 873 -303 524 421 -409 -456 -133 4 260 375 -772 299 613 -600 -390 901 -1292 -1152 1293 362 -254 65 -403 -1217 402 -880 488 1246 94 993 64 -1283 437 -30 -199 1253 -474 528 322 -459 -346 -278 339 251 451 -2146 265 -858 1480 199 673 692 -58 695 138 778 -60 -117 130 -952 541 1279 -318 -492 -327 -903 -426 -326 -513 98 -49 97 -482 -643 -848 -446]
[-584 1017 1284 1024 1122 261 -79 624 117 -211 243 219 348 -142 459 -633 -111 -537 1329 -718 -929 -339 428 -785 289 -736 -230 1401 474 947 -555 -672 155 -330 25 321 -762 972 -746 385 -123 108 264 -4 208 365 -175 -892 -343 676 -138 211 -1188 250 -465 -215 226 -717 759 -120 61 -132 611 528 242 -148 -427 45 89 492 -592 -337 20 532 -147 -521 -131 728 -1123 420 -82 20 431 -428 -1173 -676 -790 754 -153 794 1267 -651 415 763 299 279 -39 788 585 -502 300 21 -749 -358 221 -433 530 57 135 213 70 -265 276 -318 -596 17 -566 -231 19 1008 -1137]
[-683 264 518 43 416 497 -277 504 208 140 -624 -245 -220 -153 629 292 400 -15 -602 -1130 209 236 -377 321 -754 529 -81 158 -171 744 156 302 980 -887 1288 237 213 550 -213 -318 -484 -54 249 223 52 1 489 209 -262 232 -717 -577 -201 150 342 -124 -312 -265 -169 -515 391 733 429 182 -546 -353 83 1014 -746 -8 534 -62 198 -235 596 261 -305 -429 -391 -280 44 -1488 -1082 -910 -70 782 414 243 -455 -264 1111 58 208 154 339 -429 12 -919 -140 1575 286 -818 -188 -535 -222 339 -304 852 -122 443 -64 304 -466 -745 -244 -147 307 -67 -229 344 -463]
[-799 -722 -88 -90 754 423 -99 -395 753 184 -148 60 723 -118 103 -301 103 -531 225 -547 128 581 -492 -423 1005 644 173 -1259 -29 -754 367 826 -353 180 -739 -590 -953 -60 1 170 1217 -798 -309 -766 641 -598 -618 -859 -384 304 -1541 -172 -22 -882 661 -270 -1390 -21 396 565 -87 -1692 1330 -246 338 -601 330 137 126 459 153 560 327 409 -77 -785 -447 578 -356 536 -709 -776 -823 -1389 -520 -992 -653 531 198 1194 547 179 -332 -1191 635 1037 419 -316 791 -746 49 -2 -763 10 -297 -925 496 -742 -925 844 -4 -450 420 -237 -259 118 -394 -127 740 567 959]
[-442 94 -114 -1 181 579 -179 -237 258 751 214 -278 715 -55 -617 -362 122 75 431 -222 -15 878 542 630 -362 197 1004 -429 54 485 -1172 -530 459 141 287 792 -139 17 -244 -723 -250 -301 310 1173 332 -689 -93 334 -202 224 -979 -82 110 473 277 25 -269 473 -29 -374 1435 -363 849 -420 -130 -1205 -183 194 -122 216 -343 -937 -348 -374 454 -179 -710 -145 436 -667 523 -773 -262 -852 397 -1468 -599 1017 49 473 250 600 -527 -281 1247 299 1405 -910 -577 70 372 250 -1346 -766 -516 488 -251 865 -1646 473 176 657 20 419 -61 -756 -757 1042 -73 515 342]
[11 643 100 -560 -56 548 460 -591 -306 534 -557 -454 379 -616 -235 395 -901 456 -26 -979 71 1077 -593 -276 -242 459 251 -1073 -1300 -302 1315 830 -1342 305 279 -219 672 -1471 500 132 -289 2 232 1038 -649 -659 -120 1086 536 429 -176 62 250 358 389 138 -77 1241 -1502 -85 414 -891 -209 -168 193 -710 376 386 -2174 925 -1905 236 -521 919 74 857 1393 923 1166 192 -324 328 -830 98 97 -481 232 -169 1149 772 225 1036 597 1091 -915 -1325 -711 -108 -747 1062 -11 -815 -8 21 -468 909 -653 73 -845 -584 -1406 527 -248 -87 -382 -874 511 732 -580 134 551]
[95 970 290 -1341 155 -554 -44 -171 643 398 387 51 331 1602 -251 62 -1072 905 2133 74 733 651 -639 -617 221 72 1564 -215 -170 -682 -1546 342 164 -91 -923 128 951 -825 443 -298 1265 -569 30 721 -680 278 -327 -847 636 756 -1006 -250 -849 -1344 -1392 -702 -17 -128 -925 399 297 -1156 -25 -728 461 -130 -115 1007 1028 698 -177 275 358 578 -995 42 -79 617 -264 423 -449 719 -401 -1454 105 -351 -375 337 962 610 -548 212 -145 230 -372 178 2 1123 27 -1479 348 674 11 617 -46 -364 -480 940 -1159 -294 51 -851 433 -116 188 10 300 1075 -167 -217 1232]
[-127 308 1802 32 -478 196 1068 1837 154 -468 397 295 -157 -832 428 -304 -827 694 -235 1039 -121 -157 439 -382 -259 455 774 -175 582 -116 -550 152 -725 -119 -1122 40 -7 -14 264 401 417 833 512 1426 -425 -576 -186 358 31 858 1226 -847 -222 879 -479 175 1038 747 -155 89 492 -251 -1063 -926 166 -873 168 548 54 586 -463 316 -170 -1041 1249 -24 -1131 1293 339 283 -152 28 -136 64 48 246 760 1404 -372 -769 -512 -372 674 1238 -1363 124 -169 -176 -580 -1370 -38 -303 -102 -380 -176 -246 1406 1588 -192 -340 -1312 1041 -614 -11 -105 -867 240 162 -270 108 551]
[-489 111 -773 902 -998 -532 938 181 -297 45 38 -307 -443 687 371 -480 -561 776 -464 597 -751 -763 -550 681 168 -600 -1249 -293 9 -65 -611 220 480 -1588 844 836 -1601 610 -545 205 -260 -453 407 -604 -839 -539 -349 17 -227 -679 184 376 275 -82 260 757 -1578 -662 93 -236 -368 174 783 1926 59 939 345 84 220 -22 485 -1257 660 -1015 -259 834 158 -3 413 -491 -367 -1242 881 83 366 840 -571 -856 1375 -667 -216 -170 -866 228 546 816 317 -785 -363 31 532 398 -122 -341 979 -404 -754 819 -551 11 -123 -774 30 -107 56 276 61 -1008 366 -109 -353]
[-57 770 -89 -325 186 -215 661 -590 328 704 51 -340 -465 27 628 -128 -608 749 210 -1016 650 -416 -117 372 114 -513 112 -586 -967 880 485 -116 451 -248 756 1363 -13 165 108 152 -259 125 764 110 -522 537 181 481 62 -668 -409 529 -437 -459 462 809 636 -851 -205 504 -761 1025 -210 310 101 764 65 -107 493 480 21 -845 965 558 1086 643 -660 -356 288 -925 574 -651 -194 13 587 723 107 264 500 283 47 546 -481 -141 -518 -815 -951 111 -387 824 625 331 1167 -580 -130 243 -671 962 498 384 -947 -734 -226 341 151 -388 1149 656 227 315 14]
[1079 345 50 -1142 727 -635 36 936 -542 286 -72 222 1139 8 -78 186 -477 1430 539 274 -840 1287 167 77 -212 -603 532 -444 -79 -486 -278 -364 -1128 862 268 267 1818 -921 -677 12 270 640 360 -129 634 173 1370 269 172 640 -499 -2067 419 -144 -513 86 1210 909 -236 686 84 -175 -160 -587 188 -914 139 518 -749 502 -695 646 -1331 87 -169 -123 1062 -860 508 681 1267 388 -846 -125 -985 -598 108 -529 298 701 990 609 657 883 176 -723 -496 -34 -589 461 -295 498 925 -458 425 1062 -424 823 955 -377 403 -244 -296 -455 251 -544 -997 533 611 -38 729]
[-236 -538 -971 -280 -203 -467 250 -208 -442 768 379 248 112 77 135 380 -582 37 742 -544 -36 17 -14 783 -127 -37 -111 434 831 -227 -731 -131 977 -383 402 1128 -189 -592 -97 -479 -211 -396 -317 1254 -415 -36 672 151 -134 716 402 -153 14 -154 -109 230 350 -734 -668 -1055 921 808 -1109 2368 735 307 306 349 -832 -816 -1002 -259 860 218 252 670 376 -125 217 -1652 739 -445 -632 -47 -319 -140 -218 -278 929 -365 -392 -335 166 -332 -1081 -211 -499 -270 -348 190 957 769 -728 -160 979 210 -1475 753 -554 -961 -74 -640 -127 -14 -496 379 607 596 -1321 -537 -415]
[-134 1052 334 -548 1236 -79 -573 -489 -470 -412 -283 -542 878 -12 -34 -1396 -168 -482 182 -794 479 -541 671 -1459 -656 -65 -452 -277 -697 444 391 -218 506 268 -252 254 494 499 -147 95 -311 419 2170 -113 -1294 -400 152 -695 720 -377 -524 460 -558 -890 -215 -737 -193 653 738 185 -175 -592 1633 381 596 787 -262 -565 654 1040 -637 -8 -844 828 -20 79 -248 989 992 748 -184 -332 742 -208 1387 -1707 -317 125 472 -102 773 -169 -1615 425 543 372 113 521 1080 468 168 30 -907 -385 36 201 385 324 -387 1342 -1630 -3 -1021 694 882 992 299 -627 -741 -202 -1218]
[-393 236 -732 -66 343 -228 141 -48 57 138 312 174 -411 -732 -165 -325 -993 1052 125 1660 581 85 -1317 739 665 86 76 220 -575 -157 524 322 -363 -439 -31 293 651 -766 1259 736 105 1136 -174 412 57 296 -839 54 -240 371 367 -250 65 490 -206 -297 -73 -1 -836 433 -338 -1713 4 -125 1045 671 746 1412 -1147 -1368 -647 821 518 -305 770 629 411 -515 594 173 -395 316 -2067 -705 -30 250 -391 -399 157 269 70 114 796 695 -298 -113 -1613 -114 -890 1009 1855 -48 555 649 -177 463 -538 2 -195 -146 -855 1148 761 -1594 -122 369 412 64 -946 -1182 953]
[1097 986 17 -183 858 166 -477 -1541 515 817 -87 -472 -107 967 -298 -439 -181 633 -13 -807 916 362 -124 222 -94 -187 41 246 -332 1057 133 -631 -799 222 1154 -416 411 -889 -1050 518 36 163 1065 -795 -2163 -55 -332 19 609 -462 -432 -859 -1403 -119 -1055 440 349 261 -569 -111 -1343 -30 -814 -606 -529 158 -393 -422 -977 -406 -516 -780 141 460 -771 420 284 -362 -257 202 -773 -480 464 -906 -4 -241 168 -675 123 1502 983 118 -580 576 1262 -1252 -869 722 -953 1262 -253 -650 302 -583 -847 -24 -1199 -20 166 -19 -729 -516 -498 94 590 596 370 160 1272 -646 445]
[-185 376 450 156 -575 -712 -361 -440 295 264 1141 881 -312 -938 -594 -57 493 -172 -556 367 69 116 1037 -440 306 -250 1348 -212 292 -765 479 -247 -357 727 -547 464 1553 -139 22 -536 -360 -14 630 449 -130 1299 -456 770 -54 184 -854 594 -542 -108 835 -91 1109 604 -561 137 -70 -469 -150 -610 609 337 -166 -1241 428 1941 26 -234 260 -362 22 -164 -470 -799 544 23 690 -590 72 708 973 340 -20 1256 -764 909 -1068 -301 -433 101 -165 -870 -131 -110 292 -138 461 462 186 773 -178 609 183 -54 56 -752 -638 -245 -697 454 -706 -524 319 -42 -1007 -619 -578]
[422 58 1245 445 477 231 -946 -886 736 -38 878 -247 -809 446 -446 -782 -1066 17 1531 -228 870 -717 -693 1585 -1625 248 145 -152 -71 647 564 -595 1160 931 168 1601 -132 -623 -579 -41 -1141 117 720 -440 -211 -971 96 -141 840 182 -777 -1153 -709 -1155 -541 899 377 176 314 -495 -302 -574 57 94 -474 -235 110 -363 480 -1058 408 -504 -242 -1217 -640 135 -1279 -481 845 -1 11 498 489 -1269 1160 800 866 495 -645 -62 614 115 -931 -1008 718 -620 -213 459 464 693 -207 910 508 -61 -474 -1309 -496 1050 -192 1089 -751 266 -856 -439 1276 -123 628 -775 -13 199 -322]
[-49 1182 70 -233 -295 55 1965 396 -669 -103 147 -601 1302 363 1003 353 -398 1351 1129 -479 229 -124 34 -446 -536 292 -318 -369 35 -1739 -1843 676 133 -52 -852 536 -244 -1224 -105 -178 771 -453 375 543 -864 -711 -561 -1538 -385 -391 460 -754 -450 -1659 334 -452 -1028 1422 -382 868 -156 -643 -492 104 537 318 -92 495 456 -1291 -631 1649 248 715 -806 -336 395 303 -198 259 245 -889 -989 -225 -655 301 933 118 646 301 377 774 -500 61 -481 -724 26 228 30 -226 -518 444 -340 712 601 30 -230 -1102 -576 -630 -383 -1624 -326 -521 242 -564 289 -735 456 -912 1501]
[-691 -782 -324 141 573 -381 430 195 -219 -707 423 99 -599 -636 -37 -504 -913 378 678 1198 -202 -188 -158 1909 -148 390 -1420 -59 -459 831 -812 -268 -199 206 -83 553 593 -603 -63 -171 -248 436 530 1099 20 126 115 964 -777 -1442 113 59 -420 -183 35 7 125 59 -1 867 726 -172 -338 476 473 -232 665 -302 203 -604 -1543 742 798 602 925 628 -1104 -436 393 355 365 -667 -1509 -500 129 168 -314 535 -1022 -40 -502 284 -341 410 77 -274 -575 187 -643 936 1381 742 195 237 -480 583 768 -961 -152 -183 -1074 637 231 -713 279 -1300 154 -601 -510 -1826 -225]
[-1255 340 257 -693 1122 -405 -43 864 182 -362 363 -834 -368 -126 39 -178 31 76 -276 169 -1176 -551 388 -37 -381 -647 -88 -424 1141 -41 -803 306 -610 31 -158 -721 -708 1557 -134 639 -341 -1162 -128 984 668 373 -969 -200 113 658 -558 -581 262 -423 -815 213 -403 457 -707 664 816 3 550 1100 -756 -1149 -583 35 873 -1039 -534 -523 559 -259 -216 -177 -109 -754 556 -339 -106 -395 -488 -644 -569 -3 -521 -618 1605 1378 -554 627 468 733 -159 1135 666 -1224 -513 -617 1072 683 -817 412 204 751 83 -204 -163 -547 738 66 1416 -153 -535 -344 -290 -408 505 1514 -804]
[-144 -481 -264 155 365 531 379 -82 1258 -384 5 -524 346 -243 -998 653 -802 584 -1094 60 164 676 -904 -246 -158 -199 -1320 -1193 693 196 1079 -88 -1526 -781 -565 -552 -815 408 232 968 490 298 -224 737 -433 -577 152 -101 113 12 1292 -352 930 825 743 1001 -199 966 511 150 -554 -311 169 -972 -620 -138 -123 724 -489 -670 -65 -267 263 -847 388 811 215 794 -286 -231 -657 -155 81 -1059 880 485 -471 -16 200 168 1053 888 475 530 -1124 410 -641 -1156 -809 523 181 -140 -312 -14 -386 -1131 66 -1117 469 -866 139 1861 1143 -565 -130 264 344 -336 -114 -557 711]
[-123 593 314 -868 -9 276 1303 229 -437 175 -841 613 670 512 791 -783 -114 750 2055 417 -358 966 -540 1314 151 732 -357 -2 109 243 -1631 -223 863 435 787 1175 409 -1160 -725 -155 -383 633 220 314 -605 -359 873 -827 -443 -37 -700 -923 -493 87 567 154 -16 -725 -438 -1053 -117 385 337 391 1180 125 656 897 -691 -449 -317 -350 -740 0 936 -484 53 -1224 415 552 1632 -38 -966 346 -560 -16 409 -300 195 -1497 -1 -354 1417 -228 406 -1046 539 537 422 499 125 647 1225 174 1534 -288 -987 1376 148 478 389 -358 384 -974 626 -391 163 339 -107 66 -199]
[-1095 -989 356 758 145 1741 673 565 474 -922 740 910 -232 -257 -165 212 44 -107 -379 811 705 -19 -627 -551 535 1035 47 786 616 -1072 -565 541 -1213 25 317 -1093 -803 -1623 1186 1236 839 -903 -310 -114 461 -1542 -481 -151 -499 150 -448 -634 519 -446 356 -805 -955 743 599 -288 -486 -580 -148 -519 847 723 524 750 -172 -935 1129 462 88 -1156 451 -1001 -341 49 -548 -871 -54 -284 -605 131 255 -96 407 473 1462 -204 40 531 -774 -910 -244 -513 -278 -293 -190 523 1023 -779 273 339 586 -483 470 -609 360 494 576 -275 -350 -200 -643 207 -979 -520 -722 59 808]
[-649 470 978 391 553 491 -635 3 -521 315 369 -472 -322 -165 -602 572 -912 316 -326 958 -831 632 339 499 -275 -69 239 425 386 -943 -585 -627 -1275 -366 -91 236 -1275 223 526 1419 164 938 -750 -1221 943 213 -371 -437 789 -289 1894 -317 88 -589 -973 560 -846 429 866 161 -892 -723 -721 666 -1007 728 -95 -194 743 -1059 -444 -896 -522 285 123 225 -852 -136 569 -807 -216 674 1453 786 -429 655 -861 279 1576 974 536 831 -305 111 -724 111 -617 632 31 -848 -169 329 -24 -1042 1962 -1071 1053 -710 -211 -465 734 -397 1122 385 188 628 156 649 697 152 -144]
[-988 188 -267 -271 1206 672 -41 -101 686 -28 -894 18 266 805 -210 -417 919 -932 -373 326 733 281 1442 -1275 843 37 6 125 -288 998 -1502 20 760 -217 414 -161 281 934 912 384 76 155 1896 293 -820 406 356 -892 109 398 552 199 -499 263 -96 69 381 2 151 389 -858 99 1033 -626 -357 285 -974 669 1064 235 1348 -461 37 365 -267 348 31 247 -461 109 258 -893 -146 -183 -660 -1582 -551 -288 -1523 706 100 -437 1449 -880 709 546 -907 40 -269 -529 475 371 429 -142 -829 203 17 -41 -657 568 892 -663 1185 -299 -911 250 1496 1000 506 -92 -601]
[-555 418 1117 -156 -299 240 1697 -128 -353 -1163 312 1076 469 291 426 12 -452 1150 272 554 -240 -996 16 -127 668 394 1015 221 896 -1625 150 414 -531 140 -26 -406 -1639 -1043 838 1194 579 -678 -352 818 295 -1150 -1042 -815 105 -468 1450 -403 703 -953 -957 1161 -2 197 385 60 702 -1083 -647 282 973 -802 759 844 -925 -607 -931 304 127 -847 192 -921 554 1237 -61 -459 -517 608 128 488 -394 1187 372 343 1285 -89 -371 680 317 250 -597 -633 536 -781 -645 -98 -366 -1145 -114 -199 193 -809 -275 78 -1127 -637 -1044 464 -391 -74 537 364 -152 -736 -800 13 263]
[464 696 1433 -216 564 -409 1042 153 479 345 770 233 -587 -98 862 356 -761 805 282 326 328 -494 -603 675 157 -115 963 422 -380 196 -318 379 446 -200 -189 991 350 -146 -1677 -586 -214 610 342 -512 -528 -324 -405 -247 169 601 -28 -193 -719 -473 -603 1103 642 -921 5 970 -25 -203 284 880 -332 287 74 55 -604 43 135 -377 327 -8 702 597 -549 -646 161 -364 71 -926 -198 -70 -740 1410 469 623 -858 532 -425 -237 -22 446 1 -2121 83 -380 -185 -678 306 421 702 -426 -409 -291 -548 792 -138 -303 -1247 -583 -1044 -1279 456 -550 716 -162 -74 -217 -847]
[272 1149 161 -154 139 67 503 715 91 176 17 -972 1395 429 -60 -269 256 515 456 -801 -386 582 -42 619 -1345 523 63 -26 113 -544 -1250 -136 931 -659 -987 -75 504 230 -163 -180 370 334 671 85 -107 -691 706 -375 -285 68 -402 -818 -428 -183 -61 21 -315 -54 560 -110 -830 826 140 -675 377 -48 148 291 370 188 387 -1191 -805 -1076 -598 -259 -251 -71 -546 718 -663 -634 610 -555 228 65 826 447 352 -798 304 358 -851 384 -311 -42 880 -115 -584 -971 -1433 -207 -484 -679 677 -1170 -877 1528 177 372 428 -250 -463 833 285 -503 -966 599 920 375 367]
[-733 729 -862 -163 863 52 462 -1092 -80 549 -459 -60 386 237 545 404 -26 284 799 -861 621 -397 -126 679 -566 -63 101 58 739 87 -279 498 512 -644 636 -80 -851 -487 35 1001 439 53 -1106 530 -698 -144 -341 -754 -170 -101 -638 -898 -541 -1499 -212 421 -864 736 258 44 -277 -628 -597 32 305 726 109 25 -1014 -1442 301 -67 951 358 273 -329 665 -639 -522 -492 -377 -1020 -639 -79 -405 861 1160 -337 1287 999 474 -140 -657 14 203 -406 -89 -717 -1356 983 201 -686 223 271 -58 -316 -1518 -812 -926 -503 172 -1027 562 170 267 439 848 44 203 -671 468]
[458 564 -272 436 -641 -197 644 -99 63 520 683 11 -690 -624 -23 -4 565 916 -200 -599 423 -277 4 346 -928 1254 -507 -188 693 -422 -562 -197 481 -688 1115 324 -257 -229 331 200 -137 -307 -861 -230 -295 285 609 817 52 -1392 690 181 1021 -351 1128 1450 -186 -30 -19 188 -1260 908 -918 -315 -61 954 451 -258 1146 276 916 -408 1076 -242 754 -80 -83 -239 -505 -172 -472 -24 771 752 1637 1622 806 -261 545 -1150 -756 -416 -442 -552 -1431 -633 -432 564 -701 -51 -122 -51 610 -333 210 243 -897 1071 421 -1074 -392 -557 304 349 -608 13 597 -408 -920 -657 772]
[483 736 797 -496 594 -74 -546 -1363 -852 -899 -756 178 -194 671 1094 324 1007 -317 -508 -219 -286 -565 282 -899 335 -187 -290 -169 -840 1509 1193 -65 540 443 448 -421 224 242 -788 -610 -83 -665 424 517 -1049 1691 345 5 1263 -646 -457 634 843 -72 -493 146 52 137 -1149 640 577 -246 -132 -552 -824 -1078 -567 72 -71 -552 -165 402 346 946 -128 838 -37 329 -24 114 293 408 348 134 -964 -259 -451 506 -452 -667 -15 -1084 881 541 209 -212 802 289 786 235 -649 -749 -197 -746 -704 258 265 -49 199 179 -1308 37 427 843 -400 1855 506 -306 -289 910 -1029]
[-534 1383 -359 -436 -252 -175 1326 1125 -302 -439 316 475 636 372 377 -580 159 1034 412 549 -528 -447 1189 -220 500 -436 77 66 2092 213 -1019 -340 651 -992 -107 144 399 840 739 1129 619 478 792 656 -119 -23 -519 88 -649 381 30 -413 -568 278 -324 -270 411 -125 940 148 -391 947 -381 -34 820 561 -196 896 722 729 1083 -909 -88 -1243 1027 -954 476 -1050 -434 17 1324 -1027 -221 -282 21 -324 -126 -237 345 -1256 -871 -411 1084 -501 391 678 -742 -428 -359 -731 310 124 526 -251 403 710 -39 1135 623 -385 1154 -168 828 -1083 -364 403 -1013 -596 453 -399 279]
[616 815 -538 612 -886 -1500 -750 -757 -1178 156 -553 286 88 -1169 -59 204 547 -240 986 357 -109 -413 -518 1001 -449 174 -175 443 16 1849 -583 482 2341 -884 329 572 2 362 -893 -614 -235 171 69 -208 -320 1146 906 1129 -734 -192 22 -91 126 -62 1116 -2059 117 551 665 -699 142 774 -174 5 -361 7 -254 1185 1218 609 391 139 670 -556 -233 574 346 589 189 -253 1789 -1182 1206 173 -368 386 -511 19 217 -92 628 -680 -474 -764 -391 845 785 -336 265 255 -451 462 -869 -355 51 270 45 790 55 1025 456 -1157 351 -346 578 -324 -480 -425 -266 -417 757]
[-327 1142 481 649 307 -670 240 180 -468 111 1 -127 -249 80 299 568 162 560 -689 493 -449 -415 646 -540 372 -768 -595 508 539 220 -1270 -1088 -391 -211 1054 -572 -1797 245 -362 314 489 -275 -438 -278 850 584 268 -1107 860 -703 2327 575 -116 -197 -1387 417 -1037 60 -67 -81 -974 263 -797 447 -1432 -309 -630 217 1582 -824 -325 208 -31 1501 -500 367 174 594 -6 -454 -1055 709 870 590 3 -23 -1506 -642 479 -38 102 509 480 -262 66 261 -363 435 840 -765 -531 -496 -115 41 82 -99 670 -374 -25 -95 199 318 558 906 -916 683 353 -70 -265 479 -131]
[-630 597 899 -703 516 92 148 1389 748 -806 369 -47 749 -647 64 -307 -799 887 -790 296 671 -486 -858 28 -650 1020 284 -362 341 -1855 -28 431 -1801 -301 -391 -1181 -815 -1052 1448 1003 678 -349 173 373 -352 -411 -288 -1113 -417 -334 202 -826 322 -648 -474 -488 -587 493 -314 735 -823 -921 -496 -596 -42 149 148 858 483 -1035 -276 421 676 -279 269 -995 -722 178 -322 -337 -341 -32 -634 -572 157 -102 98 -32 546 115 -542 1170 102 404 -480 611 40 -951 -91 -1334 638 -770 -764 291 429 226 1549 23 -228 262 -208 128 -181 54 -343 220 -179 -442 8 49 645]
[-613 -987 -33 485 69 1005 452 -356 -353 415 316 1117 -305 641 -255 525 651 -24 742 -1058 268 1 712 -988 704 644 380 771 888 -172 -908 -821 1114 -120 1760 -163 -103 -826 -483 -509 159 -655 -815 638 331 408 542 178 114 -173 -441 366 401 -126 452 244 -432 -336 -560 -1277 2596 351 62 435 909 229 -120 227 -1264 645 -360 692 418 689 112 11 103 449 -672 -460 11 370 -627 -202 244 -885 189 293 -287 -874 257 -450 -172 410 508 -64 -44 -124 -213 1306 1072 -1328 -607 -198 -930 597 -28 -53 -886 -426 -516 105 -621 -266 -393 286 -308 455 -1718 -1043 -594]
[-187 -351 551 495 358 469 -420 -1030 689 -509 237 243 -1533 -493 -279 -399 474 -691 -997 72 -143 -401 -223 1304 799 507 -637 1144 -678 1256 -241 -460 -50 61 240 637 -35 351 683 -586 -741 144 35 412 -245 435 149 754 710 -55 -1108 409 952 41 -420 509 -582 -422 -1295 409 -394 538 127 -276 -327 -161 -549 -85 337 -562 -669 -370 404 -789 990 1271 -1013 392 467 -13 208 334 -313 -883 350 17 -191 -510 -354 -697 595 -1076 -346 -979 83 882 -511 -167 -863 464 108 -387 217 -608 181 -199 -88 72 -587 15 1124 -258 1237 260 -350 1175 1048 -420 -1206 515 -769]
[54 -140 -471 404 264 -690 -697 -269 -244 1036 -286 -1517 16 -8 61 -270 -1052 -151 726 686 -260 -310 -47 -424 -1076 -1508 -530 582 -631 298 1115 174 -668 -398 -1181 227 1030 676 -633 -672 -1004 136 -588 152 755 -157 -359 639 -44 -216 375 676 -1374 -618 -188 -228 546 -303 1233 -356 702 -165 459 698 -467 1067 -78 -970 -53 783 -791 -378 -1494 1092 -1162 325 653 -463 786 799 -1159 317 882 469 614 433 -260 39 -31 1621 -533 200 -733 1643 229 -284 431 87 -16 455 -31 88 -454 704 942 -177 -390 -167 434 -457 175 819 -1289 901 834 -775 -66 142 -566 -952 -1247]
[16 20 73 65 -792 -633 783 -180 -183 -166 -83 773 -132 -1497 420 -65 -999 583 1210 809 274 -33 -1315 1451 942 182 -433 -733 -452 551 1359 1067 50 -256 46 980 561 -682 -136 -362 55 443 -256 362 33 686 675 571 -732 -460 734 971 -90 -210 1552 -64 327 -800 -505 -218 275 -1179 26 -13 718 12 432 -344 -605 -304 -507 18 709 -382 1260 671 -530 -460 531 738 713 -533 -793 409 -59 1238 -1069 338 -731 -251 -202 34 1264 197 -310 -455 297 222 -449 -342 580 -2 391 279 496 219 159 134 -471 -146 -1696 17 -787 -1187 541 -862 808 244 -1011 -576 -246]
[725 -671 126 881 -38 -564 -1162 -635 -236 -988 323 1094 255 -1056 -879 390 619 -461 -898 -343 -499 -901 302 256 490 -51 27 783 633 -468 52 -761 624 15 -732 -98 -800 1474 -451 -59 0 -98 146 -676 -88 1759 797 -60 519 -650 247 27 1324 -678 973 -65 -374 -62 204 409 36 442 515 79 376 -377 -1402 -336 636 361 1335 223 617 -857 637 -219 -1246 73 78 -125 1257 733 897 -79 1343 765 -989 -103 -829 462 -5 36 -1413 -494 -31 830 747 -124 318 -181 925 250 -225 231 -951 104 1254 -924 357 -239 144 -209 758 502 -285 347 405 -568 -1001 250 -628]
[-93 744 470 340 -301 441 472 808 -617 -57 497 179 610 186 284 -87 392 424 487 -311 -822 -634 259 -189 -464 721 178 794 704 -1748 -1892 641 847 -342 18 42 -892 -173 370 -286 1037 -497 -88 374 -87 -927 -813 -574 -72 1119 -943 -284 -29 -239 -1112 -1020 -2011 -199 -362 -30 -687 878 48 261 680 690 -141 1040 238 -234 -141 163 379 -996 -396 -229 939 225 -342 -608 -582 -413 -613 248 -159 764 294 -550 809 -559 500 20 -739 -933 51 -212 1191 328 -1017 -539 -698 -577 -906 -344 956 -165 -1344 1225 -583 524 421 -532 -111 636 -150 -597 -363 203 -235 552 1848]
[788 1164 170 205 635 -556 212 -697 -162 -414 163 412 545 -275 34 -970 -161 -9 2132 -348 434 -72 54 -567 991 304 -192 252 -35 106 -260 661 555 -613 -345 718 599 -163 -626 24 -43 625 924 -637 -684 292 -543 -765 379 -268 -1094 -80 -1166 -267 -280 -199 395 459 456 53 -180 -1442 361 584 -543 260 27 269 185 1046 -336 619 -348 107 -1032 -620 708 -483 -163 940 389 103 -134 -6 -1372 -487 -52 -249 -540 1476 -437 -381 835 707 1365 551 -615 385 573 -736 -391 1119 339 210 26 -714 -512 -390 -477 373 -706 -750 232 -1609 162 50 491 -1233 1122 -459 -812]
[-122 912 -313 -868 -1054 -427 236 722 230 784 211 -379 638 1049 -81 50 146 1180 1036 -1432 -53 -570 -956 742 -647 233 1164 902 62 -1206 -1660 336 1131 397 -279 397 -927 -325 268 -373 -283 -467 -848 276 922 -661 69 -883 605 746 406 -70 74 49 -942 491 -547 -765 -221 -210 502 1043 1240 666 -149 223 403 340 55 -520 -1131 -58 -238 -443 -913 -1407 601 366 -340 292 -66 701 -949 459 -299 463 419 -648 837 -519 149 1016 -132 -308 -231 46 2047 15 -839 -380 -626 485 -293 457 220 158 -912 2073 -1526 625 475 -320 -125 -50 817 -1069 -278 492 -191 1006 1291]
[-372 446 -544 -123 -749 -15 -1037 338 181 1159 -532 -1010 -318 -171 -390 136 -489 -835 -1339 -32 -563 383 -950 -524 -134 -677 969 -1117 -479 -785 1395 998 -565 -426 -95 -923 -204 1265 210 -48 249 -71 -523 -1194 912 69 -353 -59 301 1870 -681 842 796 30 517 -739 -893 -879 -99 -270 -228 110 1351 57 -194 196 -439 -542 -26 731 699 101 -126 -1092 -1330 694 774 1216 592 900 -2054 335 206 -444 594 758 -154 -1012 934 -29 1048 -36 -726 384 -116 453 968 -987 -45 -1284 -669 -808 -1214 -117 351 -60 -222 145 389 662 -51 26 -99 1096 308 96 -243 920 414 1470 426]
[-328 -156 192 1 -1003 -622 1620 342 61 -102 485 1318 -152 -5 705 816 440 416 466 1220 -902 262 -748 904 1253 177 37 281 637 -541 -971 -246 228 638 709 10 129 -1022 -723 -82 -428 275 -1035 843 993 499 1238 -521 242 -274 854 -353 -93 799 239 262 339 86 -626 -123 729 -433 209 -568 8 -1403 202 248 -646 53 528 150 377 -607 -33 -623 267 -495 87 511 868 -394 -514 437 -866 184 -481 722 -685 -739 -208 28 1541 -358 239 -623 356 -35 -707 -529 24 1103 834 -86 387 -22 285 591 -414 -541 -121 273 -531 -933 -945 -282 250 -438 -914 -358 -540]
[951 872 -115 -519 -561 142 -781 -950 -72 -991 362 -52 -426 -82 295 1568 431 -609 330 -1028 366 -474 -470 614 1228 705 196 1137 290 221 -215 -10 -628 -33 725 -499 133 -1356 91 36 689 187 91 440 -1466 1383 1570 -133 1098 190 -38 337 885 49 -264 -375 163 578 -1457 -278 -838 663 -1586 -1199 -160 -689 -401 1 -553 -129 852 767 1117 113 952 237 -251 301 -544 -4 1371 746 -917 492 9 917 -288 77 110 -872 58 -196 462 -886 -614 -1556 -87 623 69 404 -459 -789 442 65 376 23 246 137 146 -290 704 -801 269 -632 -928 1122 609 364 -604 485 125]
[-962 996 221 219 -325 -1402 859 169 769 706 241 314 -376 -777 158 139 -563 363 532 264 -101 -372 -190 628 230 -238 -149 -572 -88 49 -230 244 388 -214 -188 1462 276 -328 -185 6 -986 7 452 1006 31 465 172 475 -327 816 -888 62 -650 16 795 -917 -71 962 -268 394 104 -190 -18 723 200 60 -131 477 137 738 -672 -64 851 -415 -255 557 -408 -217 1303 -1045 1418 -941 -657 -326 8 -412 -784 235 208 1142 -109 113 103 -221 -610 283 -464 -414 -370 -302 1203 1022 -122 453 490 159 -217 875 -392 396 -480 92 269 -1105 -901 -1351 637 -539 -1035 76 -239]
[-158 703 372 -573 170 641 1237 547 -1175 87 206 -302 485 867 874 567 -275 978 -501 1147 -463 243 105 404 -318 -595 -415 -48 1577 -1217 -284 -750 294 96 47 571 -754 66 -428 723 779 598 -602 166 1478 -122 352 -361 690 364 1576 -1164 705 -158 -546 203 -642 173 844 -288 490 -212 -699 -83 -579 -1174 -425 393 -292 -1162 66 116 -1028 -729 -581 445 -61 -454 1367 -1165 526 1350 -172 134 243 409 -62 -1410 184 -546 -1181 981 470 -296 -52 -541 229 -281 148 1157 -394 -755 -184 209 19 222 -151 585 295 -302 278 1044 -341 -160 -653 125 -279 -46 -1235 774 348]
[27 -1438 -473 -11 -1020 1140 -22 -259 -1190 103 -375 -313 158 -340 45 907 1126 -999 -1719 578 -188 908 275 -845 -269 97 -183 861 -106 -35 861 938 1196 -1076 -762 -962 -257 622 946 -274 -328 -1058 -1121 -303 1530 571 271 -199 -419 694 -127 117 933 177 1570 -1515 -709 -106 745 342 552 247 468 -518 310 440 -463 587 -338 -826 1870 1435 -271 -606 564 -952 977 -433 -434 -34 -125 -635 -826 243 -598 460 460 88 -339 -378 268 -592 509 -668 -634 139 1043 -670 -365 905 104 -1245 -883 926 589 403 21 -814 284 -480 691 1176 -644 124 -404 466 -418 -608 -370 -525 1020]
[-266 -1028 -477 -535 1069 240 -662 -678 187 347 52 -1124 154 173 -587 -308 212 -482 -1074 -36 -608 1028 -451 -401 369 -504 -183 -156 -908 867 275 -21 137 554 -443 -498 -928 826 1048 -566 -206 -947 -757 750 747 20 142 -1058 1096 889 -281 92 686 -73 -489 -207 -807 -914 -1072 135 176 -153 1185 -422 -253 -1510 -296 -211 644 -443 113 10 229 564 419 130 -179 591 475 637 -1533 1066 -386 -761 469 -1137 -551 -177 -304 -417 613 -251 479 -970 -167 886 864 -422 -284 -13 -127 -26 -754 481 -32 -188 -87 249 -468 648 491 1138 103 1000 -235 387 680 273 -502 546 437]
[-178 488 -534 221 827 -320 228 96 -124 -224 157 -366 554 746 686 -1011 91 278 322 -1166 228 217 -130 145 -386 76 -579 130 630 750 -298 -664 235 -358 638 37 -418 836 -406 -100 -153 667 854 -319 -126 -302 658 -557 780 -337 462 -7 306 403 -541 1758 -743 -1242 1048 265 -434 892 -58 1248 -94 606 747 212 1008 -361 227 -240 109 895 262 39 -344 22 -317 266 -781 274 173 -492 1337 -297 -315 -1360 -16 -1977 1082 -1014 -369 -129 777 353 -170 -140 598 -812 -757 -54 49 -319 786 -453 -317 1271 -213 635 -224 329 796 1341 565 455 -268 -748 347 331 -505]
[605 1680 224 -276 836 -1118 -481 381 88 733 396 -511 844 -717 -868 -135 47 370 -130 189 -16 263 530 267 -517 551 501 241 627 -743 -1104 -489 32 -820 -756 11 -99 380 -450 588 148 1453 141 -800 333 809 -22 -999 449 -706 677 -449 -443 -360 -981 -1105 -414 319 252 -44 -774 350 -437 474 -1909 -554 -491 -303 1400 882 89 -113 -471 486 -545 -889 -755 -641 311 -24 -968 752 673 357 828 6 -570 -176 157 821 -1471 789 -539 820 -98 1112 475 242 791 -1800 -466 703 -702 -284 324 -479 1064 451 -505 213 -102 1239 -7 26 -198 559 182 -17 606 219 -152]
[271 527 653 510 -112 -538 766 -702 -917 724 812 635 838 563 -512 -223 528 733 -537 145 835 -710 136 -287 -23 233 1401 319 -1694 -504 -414 -216 151 632 1691 266 -234 -1126 564 -372 -1046 124 867 -1887 -932 7 -92 -6 -10 -660 1926 258 -359 -941 -53 967 403 736 -220 1290 -1177 -685 -722 388 1503 1120 -142 192 -380 -597 -474 -812 -437 50 -39 -171 -776 419 256 -267 -224 -642 798 860 -89 -191 273 -567 -66 1273 289 1093 -699 371 -192 -1080 -379 1594 -722 881 1063 -278 294 264 -130 456 -426 299 -689 -772 -1105 -915 -669 269 208 30 533 -9 -817 -614 740]
[-369 1583 228 555 -1372 -1285 -625 1103 522 -96 594 790 -317 -278 -598 -486 -901 -303 1453 -231 -187 -39 334 117 -244 842 326 -236 79 -1262 -959 598 428 -655 -418 821 1179 -851 -134 -831 -30 -153 847 729 -269 452 274 216 -1282 -19 -1190 1324 -1113 -1027 381 -1085 146 -1076 -509 -782 -519 664 -595 892 511 979 308 -935 1172 1225 -1138 381 1310 16 -1551 331 577 564 -540 213 -71 1094 977 457 -610 932 13 397 -349 -187 -662 -376 102 409 -4 884 277 1098 1012 -1944 -145 401 -232 -184 83 117 110 -40 -849 600 -534 -423 52 246 -432 -1474 -302 770 378 215 -376]
[1632 758 -468 239 -557 482 -1129 -993 -1333 -109 -264 303 879 189 -593 586 1802 -1356 19 -1744 -92 -1106 -137 589 -750 712 -451 754 -345 -115 798 222 1837 415 -514 82 530 885 1148 287 -157 888 74 -1313 380 1471 271 323 1320 -512 68 1061 520 1112 383 -1154 304 -201 -201 -638 107 627 -277 360 -358 496 -135 -361 -857 -90 -157 -15 307 -122 -50 502 -39 425 -871 -719 672 721 431 846 357 -17 -241 -273 -27 -391 -73 417 -1386 -801 -799 252 269 504 1197 373 -1455 -1 -348 -1076 -531 153 247 -169 285 1001 -268 -47 -207 821 131 354 325 370 -998 640 -239]
[937 232 730 -721 215 -283 152 -656 432 -391 157 707 -389 163 -267 -299 108 759 1096 195 1194 675 -1230 588 298 1361 3 -359 -697 -142 -108 20 323 857 -412 602 1018 -712 -21 -639 0 963 -657 -842 -211 -117 461 -389 1119 -1414 -232 -574 -84 -437 278 305 -275 582 -447 -386 294 -873 -37 -462 -481 -59 570 341 -672 -256 -718 864 -245 180 128 302 -651 -510 317 718 -314 101 -1024 356 45 991 65 420 -124 -456 -97 -370 -472 1134 237 -188 211 652 857 130 -265 868 950 -211 120 -1473 288 -252 -895 78 -869 594 -459 -1541 546 463 524 -135 -831 -683 224]
[61 -848 -256 366 -363 369 -776 -139 -353 320 -287 410 -650 -24 88 47 -225 -630 276 642 -195 -34 455 -310 -71 -947 -951 -62 606 1131 418 -482 921 418 188 -495 -916 465 -461 -30 59 334 -167 270 493 -564 447 452 320 -109 700 663 138 549 -217 220 -70 -601 292 -1144 -742 563 449 -209 30 -619 -386 -208 529 -980 876 -1470 -138 -340 237 231 -85 -243 15 614 123 350 1368 -161 791 -630 -1382 727 -11 -1318 -100 -826 659 -1517 666 167 601 331 785 -566 -477 376 319 -713 -200 -507 163 620 547 932 1219 649 457 909 684 -505 308 830 286 1013 -412]
[-288 1143 140 357 -135 554 -360 309 -309 -1380 887 -34 -29 -487 -44 873 -348 -390 464 -856 606 -933 46 -1120 109 872 297 487 488 -1118 -267 1043 -524 133 -388 -703 -241 -604 1218 310 737 -863 288 1470 355 -505 -683 -559 998 -368 1052 815 -71 -747 -1028 574 388 583 -144 166 -721 -528 -565 -77 -244 444 802 331 599 -862 -622 796 726 1220 343 -898 182 117 -642 -279 -520 399 -1529 257 582 843 -534 1369 1034 -202 -241 1310 -423 199 -1166 -1255 -686 730 245 -472 301 576 -385 354 250 240 58 -1135 -649 -215 -464 -195 631 125 -557 -70 844 101 -1156 874 276]
[137 -633 -693 675 -221 258 -99 78 142 308 -713 -262 531 623 1291 -1211 531 -691 -1106 -1142 175 88 -632 1443 834 -278 -112 146 -2124 -61 1277 -1087 -667 1749 -267 293 815 -649 679 -1114 -33 699 674 -929 41 372 673 133 -51 287 -253 -111 628 46 -173 278 40 -1112 -381 852 -897 826 -808 -23 646 187 116 -1166 -342 -830 548 362 -634 38 458 -96 -1682 -515 312 533 401 805 -770 691 -512 -18 1015 -879 -1169 -1721 62 10 39 -951 682 618 -663 335 -120 65 -831 -534 1541 618 -277 268 618 376 567 481 67 -487 -748 1432 807 345 17 -49 810 394 338]
[214 222 -298 -48 -838 -506 1121 638 -183 537 -1 -393 -689 312 311 1200 565 1155 38 443 -366 411 -21 -651 -1003 558 -1196 -434 707 -1601 -262 -602 -109 368 -345 772 196 -571 -1360 819 -481 47 -1011 747 291 -221 892 -462 -887 -1095 1745 -197 -147 674 1105 432 569 1011 870 -286 432 -354 -1709 142 -314 -453 136 2 9 -235 -832 206 335 948 -1580 10 109 -1021 474 -790 -152 688 0 423 -783 433 255 392 -773 551 -449 1053 904 1346 -994 159 -1114 -237 817 274 322 878 406 -116 245 572 -19 -651 218 -1099 -294 860 -953 -1262 -1735 -898 30 -1236 -1249 -973 -633]
[326 120 498 -185 -234 -326 -900 579 -596 321 -894 -115 -482 803 -244 -1118 -1777 245 -987 767 175 -211 -881 278 -1553 130 -66 -623 -1113 724 1378 553 198 -712 -706 589 -453 649 722 308 616 196 60 -1037 -686 -679 -379 761 737 424 469 -173 -150 -1055 -739 -40 -568 -1000 4 768 -1090 -232 -67 528 -347 951 190 -172 1167 120 684 -712 -76 -453 859 725 -966 110 742 -362 -715 -381 2021 710 855 1273 346 -918 93 -553 -208 108 -184 -257 190 1264 176 588 -554 -103 -490 -141 1358 -740 439 -152 450 2167 -200 850 -977 113 401 908 1042 341 803 402 691 -368 1217]
[301 428 -453 -299 -7 -5 -996 -585 134 1354 -145 47 -109 1197 609 -234 8 -341 -208 -1314 13 15 -424 -153 -728 -890 229 157 -77 -110 897 -699 -96 600 -120 768 872 1004 -512 -297 -53 28 -625 -491 1180 1050 180 405 964 93 -281 133 381 -736 478 221 -307 -1029 -222 358 815 599 527 170 421 1065 -462 -1732 65 -362 128 269 -725 661 -900 362 294 137 667 -238 83 948 86 -254 707 1101 545 -1005 0 290 932 -229 -1368 474 -64 -459 -308 609 379 483 -166 -265 1115 328 -749 1066 -620 -165 11 -225 -390 -962 -725 1295 110 628 38 627 -633 685 272]
[-829 -215 38 987 429 178 1221 980 656 -420 340 892 8 1203 341 -675 325 535 -1724 791 11 -1036 147 -768 62 -19 -994 329 839 -1654 -414 -649 -67 -345 -912 101 -1318 778 715 768 120 1033 234 -500 -520 -186 -841 -1118 229 -884 1828 -15 78 378 -576 900 -410 -723 779 414 -1478 -227 476 724 775 1335 431 -177 291 -1454 651 -569 695 -683 -8 -336 -236 -8 -858 -411 -107 699 703 826 235 614 443 -90 -275 -1165 -490 127 536 100 -742 866 -650 125 861 161 990 420 501 -52 9 -1182 336 -174 440 63 -11 529 -47 -393 -26 1471 831 -997 -20 -625 -672]
[-148 859 -197 -6 -310 -436 -23 42 103 -716 90 562 -382 279 1132 -295 835 510 218 -1212 288 -739 356 598 294 783 29 527 -619 -83 -483 -279 -681 496 1104 348 -312 -1610 30 29 -636 -317 505 -286 205 536 1874 140 279 -773 685 1 531 0 92 493 -7 209 -385 -69 -344 1046 -665 -464 27 480 363 -257 224 -765 -447 544 136 858 146 -209 178 413 -389 -169 265 343 -65 1732 -784 213 478 -626 -188 -1312 1084 89 293 -182 451 -667 -485 300 278 635 -1074 -680 403 -321 289 -281 588 188 -202 831 -1109 -440 -1577 -584 96 1423 -1001 -591 772 665 208]
[-778 247 721 -141 393 -140 -278 606 -171 381 -43 -766 -462 434 -753 280 -688 381 -1014 991 29 1461 -588 -510 -760 -714 600 -264 -224 -60 -885 -360 291 -648 544 -956 -1455 130 79 237 -37 406 -402 -794 484 -272 -767 -420 619 961 166 171 82 196 -1422 0 -914 -422 149 -977 -1234 111 270 249 -805 -169 246 655 633 -851 49 -842 -840 589 -493 859 88 410 95 -126 -938 1033 924 -618 -253 -438 -162 -1118 573 -1228 -67 0 -123 -459 494 291 -271 -181 1285 -372 -447 -1006 59 38 131 -7 140 241 -572 978 1592 -49 1297 207 -16 439 -426 613 287 890 218]
[-685 -210 158 -692 462 -19 70 618 324 819 -1064 -1094 304 458 537 -1143 -681 456 -134 93 -796 1027 -532 614 -769 -168 496 -199 -1634 -336 891 -52 -1154 392 -1097 -137 879 -307 496 114 436 -660 -668 743 906 -1306 -894 -568 -8 708 -459 -666 -432 -95 -716 744 -398 -991 -198 1077 -227 -718 601 -89 65 -203 671 138 -281 63 -830 252 -784 914 -110 -461 453 -249 73 868 -1933 617 -364 -520 -534 -84 606 221 -530 -58 196 464 561 485 -296 -130 -34 -544 -548 -1330 -1059 -12 403 79 544 160 -400 761 136 540 -280 942 -84 1209 375 -323 -298 268 516 -190 308]
[-595 -615 -109 732 87 182 424 -657 642 201 -69 272 -248 472 -994 453 1672 1078 -839 5 504 327 672 236 77 657 -206 1026 264 -594 -1072 -751 -1372 659 505 -465 -772 -446 510 486 -1633 105 -805 381 -95 249 139 -219 -631 -1403 1154 467 -78 1308 -326 505 -483 177 593 824 -277 953 529 -1552 -787 -310 24 -177 499 58 -767 -367 156 279 -1062 -215 12 -564 -589 -731 285 894 -103 1166 348 -1010 -52 -852 -1491 -81 953 -39 73 -975 -599 -306 -730 -1049 63 374 -299 -742 -11 29 -417 802 -89 -739 -490 -116 1198 185 -74 203 -769 -310 -862 -1496 -412 -1217 -435]
[203 -70 921 -560 341 502 -852 -636 484 214 542 -209 -614 -316 -2095 156 -188 -652 -288 143 815 324 1683 -492 622 506 -248 471 926 72 -532 -723 27 -332 275 165 -250 -276 532 791 -173 510 509 -660 -410 -301 447 218 896 -374 584 10 -3 -1438 845 360 -664 401 90 -1122 -629 1036 -336 -31 10 -261 -713 -449 171 1525 641 -816 -92 -1158 -524 603 53 351 -628 -15 -854 -325 1310 -145 1755 -142 -572 -523 393 176 -89 -666 -483 -209 -460 -593 663 -182 -32 17 -702 254 -667 324 -702 -667 -192 -110 -600 -211 -237 583 33 -139 -320 828 366 581 -94 -650 -242]
[-253 -425 -398 768 -411 -76 -400 67 -561 104 -196 73 -1090 -1077 -89 544 930 -671 688 157 464 -79 69 -73 206 -185 550 855 -1342 786 -812 557 124 362 1426 -936 87 -69 -252 -1076 -672 409 -717 -913 266 173 201 806 -992 -1585 -500 1756 -308 383 624 -176 635 -447 144 -476 776 114 156 536 239 23 518 117 694 537 -193 -640 939 1679 831 -476 -602 55 -1069 317 745 -37 218 445 -675 -789 -49 728 814 -396 60 74 -1035 868 218 -685 1128 190 1240 -292 834 66 -650 139 109 837 843 -1322 415 353 1218 -1880 87 1311 470 -562 -756 1102 584 521 -1426]
[-162 -557 -37 -489 -384 499 -1280 -592 652 1 -373 -1356 -530 177 -1648 569 270 -543 -1042 -48 -380 721 901 -324 -110 -242 -406 -450 -295 496 -480 -96 -320 -8 -904 43 -497 1005 560 357 -972 -196 195 380 -24 -516 -42 -644 964 535 87 -314 58 464 39 -785 -866 1882 10 629 50 -234 663 -350 -1775 -632 -1090 22 773 -321 202 568 -491 -272 -866 38 -1075 251 632 -297 -285 -219 728 -863 216 -1129 -177 -383 -616 1449 883 357 -152 -685 448 1393 423 -289 -652 -621 -989 415 -692 694 -31 -809 706 -651 2 564 797 1337 1248 90 90 -132 361 -425 820 13 442]
]
