5336.086019 2932.021052 1.029048474 64
[[335 -665 24 952 333 -39 -6 45 -569 -24 344 269 219 792 -361 -64 -253 736 -142 -126 55 631 526 142 -298 427 -212 62 623 -636 -86 352 -580 -253 167 -637 852 235 176 -651 -185 6 587 327 179 292 -27 -703 616 36 -462 -36 683 463 -994 -4 -366 -517 736 137 -625 342 -45 259 1070 768 -971 476 192 27 111 73 855 984 -469 177 -880 95 944 286 -37 -5 -957 -136 -522 315 144 23 -679 622 -256 -568 -10 -13 709 -373 -703 -408 25 -51 452 624 -1337 -274 -511 311 933 171 182 800 112 -761 -192 -214 341 -299 171 -134 -342 -81 -210]
[-230 -44 134 886 20 67 -323 466 -411 349 695 466 17 783 -1169 -49 495 447 803 496 226 479 276 1003 -205 83 -329 -184 268 18 -53 121 -732 51 -254 -1115 -314 -109 -810 -426 -735 467 -200 -842 301 333 554 -162 369 -235 -28 227 754 447 738 -34 -136 -715 -609 88 980 -439 -70 711 -215 447 -215 1119 436 73 -334 345 80 338 -448 92 -1064 -64 3 820 16 -594 22 109 25 558 -114 -263 -1213 -15 -1024 -716 -742 -335 597 -276 -599 372 -756 71 594 -111 -827 519 241 84 650 621 -224 -9 -45 -894 -337 -506 753 142 -469 690 265 -433 -29]
[676 -879 693 50 -61 -557 -388 535 761 -243 -186 -58 699 67 -601 515 -731 525 -773 270 284 -184 -364 -27 75 -545 549 186 -123 -370 435 201 -345 253 20 212 425 470 401 35 154 -42 -541 -96 -348 -443 451 -567 983 -653 186 201 -160 96 -958 184 -300 -122 58 734 -924 -842 -153 -86 -211 710 -66 -41 67 278 155 602 954 103 -390 -361 14 -1496 1157 565 -109 83 1115 -10 -262 -91 -123 305 -150 514 596 814 -229 -290 598 94 -975 -852 510 211 186 -590 -926 275 -640 -133 460 -474 392 -196 1215 -170 -56 906 -519 75 -272 411 -547 -45 335]
[64 -289 -833 33 411 1 66 485 -697 242 -20 -515 126 237 -1484 -836 816 622 248 -6 158 123 407 -436 -971 500 -17 6 127 590 135 -97 -373 -367 -352 145 300 517 201 24 -230 262 1281 1127 -274 129 525 -72 -886 461 -108 116 -899 118 -51 100 -806 -639 233 100 780 -298 67 512 -660 27 -1045 986 -75 -552 -683 -280 -559 482 -785 -99 -546 -635 984 167 586 396 -618 381 126 765 -265 790 -575 513 139 54 395 361 452 -675 255 -201 41 -629 255 -130 -1297 -1115 603 259 -118 -147 -720 286 107 30 -21 -642 -780 420 307 241 -23 565 221]
[-649 1235 -191 -893 527 -145 212 147 61 405 233 -482 12 58 -466 -191 898 -193 -231 413 6 -924 82 -579 -1090 -344 316 -641 -420 163 221 772 32 -193 -80 518 -292 -357 27 1269 -418 568 751 161 191 25 746 225 -1018 -826 -534 712 -1013 -830 -398 -459 790 -392 -154 392 144 -853 224 29 -1123 -427 -514 361 -285 -133 -575 -5 -1045 -354 -150 179 -614 -1466 526 481 462 -120 1015 514 334 -234 -1037 258 -482 -383 -1253 767 -413 -1216 111 -308 -118 219 -633 79 421 -845 237 765 -3 689 -220 -74 107 -435 -205 69 -837 -124 -654 807 -326 1136 288 741 -76]
[-684 1075 -593 255 -458 740 435 263 -532 -182 -335 132 371 -211 -783 -321 1049 -62 535 -395 49 338 179 26 588 634 -253 -184 199 367 -312 -897 160 740 -650 420 -417 344 305 -793 -742 833 -636 -503 -512 436 -344 276 -864 688 -459 804 -356 336 1854 -31 139 223 -1226 816 1614 312 -207 -314 -1143 -508 186 576 -858 467 -427 -290 -682 -360 314 -689 -127 569 -920 138 232 404 -1150 13 -43 1005 -228 663 -223 -50 -452 -100 405 1610 226 -477 1248 563 123 -60 451 -454 1038 -683 1511 -310 -354 -89 -1194 -1052 797 942 466 -1035 -104 306 -838 414 -259 -383 617]
[-84 -8 -284 392 415 371 -389 -866 -177 580 414 -922 -914 176 -146 -322 682 553 794 -435 365 179 369 49 558 207 -458 327 323 302 47 -64 -313 244 -1084 -1055 -229 823 -1072 -1221 165 614 467 77 152 262 661 108 252 1004 38 -117 581 312 1053 188 -203 -562 58 -641 713 82 -257 521 1 175 90 1037 -402 -719 -605 -228 -848 673 -1474 514 -531 492 -232 -152 567 -416 -647 -452 219 561 1067 0 -1101 379 -1083 -173 258 915 -125 -514 444 1047 -61 131 740 274 -980 -593 1214 -744 -301 473 -2022 1207 -44 -312 37 -496 35 1123 1582 -575 -170 -157 -322]
[36 79 675 210 -305 -41 -743 -339 695 326 -49 708 -838 -768 1176 589 -226 806 115 140 58 259 245 1526 398 -1001 811 1158 229 -496 210 -202 162 363 -674 -878 -817 189 -830 -1228 299 13 -729 -128 -212 180 495 -1116 794 68 -548 -718 981 -178 -402 -233 -198 -388 757 -57 -43 11 -3 312 778 -182 663 20 -8 633 1107 -4 218 498 -1019 -325 693 -421 705 136 -250 -912 63 -493 97 -919 -266 -406 -354 191 -364 -100 -760 83 -515 263 -363 880 -631 1466 -86 398 -52 290 -56 -618 305 110 -525 -335 15 -382 -498 199 988 394 1025 35 376 -688 -819]
[670 -229 256 378 -517 281 -314 988 -249 616 -253 1339 20 -347 479 208 -344 16 -206 322 -44 1294 -199 598 -605 111 715 445 719 -936 170 155 735 -102 -665 -350 -256 699 364 -759 293 -606 -634 -527 115 117 56 -1303 859 -222 -273 -806 1032 707 509 -442 -727 326 67 864 -382 -677 -220 -702 1139 460 -394 -901 746 673 944 -131 681 544 -902 -88 -508 -58 343 930 203 -442 -1088 297 -591 46 367 16 239 367 353 -912 -582 537 614 -489 -139 -37 -157 543 305 116 -978 45 681 -75 688 967 256 -311 104 -302 98 323 -1 -530 -94 -185 1077 -336 -506]
[-218 526 673 -967 -14 -124 -724 203 681 12 431 367 -498 -699 508 -79 56 287 453 577 648 -213 19 599 -1582 -873 643 -273 -72 41 379 469 1199 -464 -402 701 -390 281 214 366 306 -156 -442 210 -105 -469 1224 -869 -689 -242 -562 -779 -1015 152 327 194 -594 -325 -624 882 668 -657 -78 -462 -616 -546 -489 -504 612 9 562 -192 -678 -163 -57 95 57 -1350 663 -360 309 -272 1219 226 43 -330 -918 179 258 678 141 372 356 17 -253 -1242 879 387 -1278 196 533 -35 320 848 29 -232 -367 639 326 -247 5 -300 -156 57 -501 -438 136 815 1143 239 60]
[325 785 274 -142 323 261 52 -457 203 -104 -570 672 -205 -455 1793 603 42 578 -306 -490 284 520 112 -525 674 645 632 495 1254 -1177 -294 -542 -422 643 -334 -315 297 562 241 -1587 1257 -41 155 369 212 576 -345 -682 281 214 -1196 -897 842 -491 -292 -64 309 -96 152 943 -741 -61 -165 -1273 1369 374 -186 -713 -434 357 1195 -485 467 1268 -58 -734 -1086 165 552 -235 1023 306 -1422 -880 -1065 -519 358 -701 128 398 -641 -897 665 2007 255 -586 -157 -69 49 466 432 -495 285 -349 1060 -109 1131 473 -832 784 441 75 718 424 50 -93 1177 -88 12 -503 -268]
[291 -944 -502 -287 -318 -255 -273 95 144 -240 750 360 -358 378 1064 -284 -1404 107 94 42 -492 -31 81 475 -1608 -790 375 -186 -633 -1480 -35 245 1167 -343 440 431 173 -8 716 1314 -246 -1079 -109 215 1562 -836 182 116 646 -861 -281 -835 -408 408 -689 -443 -897 -113 409 227 -1791 112 -376 161 1331 430 -158 -800 545 205 799 -95 313 -460 554 416 -344 -175 -56 -37 -484 -615 413 -318 -308 -784 -163 -465 1398 94 660 147 -303 -785 633 -496 568 -535 -786 429 324 1047 119 1127 -1494 768 -594 400 2096 -677 -586 -16 -198 1155 287 -1167 -88 -415 807 -66 -24]
[157 -969 448 224 -351 -777 -1006 244 -42 -207 -222 -41 -219 989 -937 13 54 -8 131 -252 165 -411 -3 -2 547 -154 198 1020 -583 51 -147 -540 -1281 610 872 -893 -273 138 -938 192 -345 -190 126 551 -121 106 446 646 786 293 622 -27 206 -1132 -641 -175 -710 494 950 -411 -93 398 310 803 355 961 342 1056 73 -1070 -707 1217 417 678 -215 -458 -868 -195 -70 -148 -8 -158 439 237 488 775 -226 -646 -791 615 125 -163 -290 36 -23 886 -1390 -357 1169 -444 -402 -978 -1810 -567 -454 -108 -448 -932 502 700 -145 -359 805 443 417 85 1588 -133 -147 -250 -299]
[163 -102 -429 471 -903 391 761 -308 -162 -910 71 -74 691 -201 931 -5 -181 -684 1409 -454 -276 562 -428 -248 -210 606 -549 -744 515 872 -350 -460 625 -583 459 509 401 -54 1128 -175 554 -852 -366 188 -311 8 -1268 -150 -869 241 -53 -1900 -776 1365 -216 1042 -165 247 -571 124 365 421 -103 -581 -564 -333 -420 -606 254 -191 713 -654 488 -727 234 761 1302 1569 -181 -843 -147 611 -915 -874 -409 66 174 515 347 84 1205 -386 996 11 -251 -679 688 11 -182 -172 -170 943 300 -494 230 138 418 1141 159 84 -353 267 194 -510 -15 -882 -372 -429 1070 254 2]
[422 1265 553 -592 -284 85 47 -674 -50 513 -409 227 -870 -565 466 219 1022 -157 125 -11 566 -868 77 163 -161 -105 361 565 -225 1554 -206 16 -238 -711 317 501 -906 -48 -439 -25 883 49 943 645 -1387 359 69 -274 -1005 854 -202 -1340 -817 -1144 -992 -367 -195 166 841 215 734 -95 453 258 -716 -424 301 -508 -221 -1459 376 -85 -959 -210 -1334 -184 685 -341 -176 -1082 331 189 -410 -271 268 -586 -1257 21 -1058 550 300 20 500 -670 -1169 183 304 -95 -296 -50 -403 -574 83 -278 508 -202 -262 -287 -56 726 -622 328 -231 -71 -616 62 2109 706 838 766 703]
[1121 -1596 74 19 -490 -269 119 365 581 420 -277 -249 -512 36 -423 -565 -969 815 -254 115 -151 -520 -23 318 115 -262 234 409 98 880 -392 656 -590 -539 -187 39 516 1158 479 -866 476 -19 451 845 -27 -838 -499 -957 297 504 672 -541 108 671 -1393 573 -743 -246 818 -289 -74 -296 366 1535 122 390 -586 -105 342 -1052 749 -891 390 173 -1568 -172 1256 -343 1736 29 -540 833 -474 -655 -452 -70 -156 1080 -1036 963 861 1016 938 -831 334 528 -592 -418 -121 32 -253 340 -1236 -619 -831 -522 319 -719 -421 256 502 -722 -201 936 -1282 1174 828 -441 -208 -167 920]
[-223 -325 -1667 -112 1031 -54 844 635 -339 142 501 -197 488 -108 -1119 -48 125 -18 -377 303 -54 567 72 -763 -948 -331 -458 -236 -531 -154 951 277 421 -941 262 152 258 -410 632 1613 -786 182 1355 -513 934 -523 286 63 -163 -371 395 467 365 1066 1263 -982 -579 -1049 146 597 -666 -537 482 349 340 358 -325 -413 334 81 -933 -79 -354 168 -294 1147 -246 -81 -376 247 -70 11 -385 1457 573 407 276 265 320 -741 655 -609 -780 100 541 -696 740 -606 3 -843 -81 93 -552 3 -492 749 -492 -415 281 -422 161 396 555 -623 -495 -987 -865 -74 -274 599 -54]
[-607 -1007 240 210 817 -34 316 393 -962 -1334 762 -789 604 266 -1422 811 410 768 352 -362 664 -5 332 -295 -244 -236 -912 120 -226 1369 582 175 -416 -1628 600 186 1036 -706 -263 530 -566 -92 699 427 -1103 -844 876 -508 -462 421 313 215 -96 657 -906 573 -1235 -1129 61 831 192 819 -75 535 -161 824 -55 -38 154 -724 -640 607 351 379 2 -77 209 -428 510 -113 -200 679 -57 425 -664 1118 264 903 -277 148 830 89 403 -253 470 -912 -646 -1021 549 -1201 239 -141 -1132 -209 -1261 -281 538 -669 722 1362 495 -23 384 -546 -236 -1363 -509 401 -1338 913 684]
[399 -682 -400 644 265 454 -389 -522 -570 153 768 642 -23 892 -436 377 -612 641 331 86 -10 384 955 418 -40 1092 -359 151 -595 340 -219 -668 -1515 -1194 -599 245 306 -390 -515 74 372 -221 -638 -163 310 -534 180 1283 184 691 410 736 701 -373 -679 -29 -1171 -291 204 -538 30 479 -1268 552 856 706 819 -650 462 367 228 -558 333 295 640 152 -278 696 -505 453 -14 -357 -949 -312 -925 -242 1087 -581 924 -665 585 -956 -355 -25 435 736 -131 -896 -654 -156 -554 786 649 321 -292 -45 695 443 1241 806 -630 -650 -302 318 1160 -827 -547 -625 -862 -15 1435]
[-127 489 29 -223 -3 574 -297 -1192 -1306 -726 688 -71 -372 1167 744 -135 635 411 738 -157 672 -292 951 -265 -1263 713 -374 -447 -1132 114 -120 -104 352 -1139 -727 1079 255 234 -183 1360 83 -845 1328 1249 -50 332 859 80 -1369 990 -1757 -452 -1093 -81 -1345 -246 -1004 377 1812 391 -255 1784 -804 -146 614 440 -751 407 -31 -625 34 -588 -113 -55 -558 337 -847 -362 575 -77 321 129 -1105 -142 -1038 458 -270 207 1017 1015 -29 158 516 -343 -118 -813 889 -837 302 90 554 912 -426 -637 156 102 -955 1036 1105 882 -504 686 -298 -583 106 -347 1364 -293 -77 942 33]
[657 1324 -1141 274 -526 -95 -86 346 -701 404 -486 726 -259 1333 -1003 -461 823 36 142 -16 -519 84 701 118 -525 321 -53 11 -672 -164 -1157 -137 -455 -91 541 260 -320 -1 759 828 -1236 -146 179 484 646 567 -230 1498 -977 171 -19 1028 -544 -790 -1117 -384 129 -28 254 -190 -428 175 141 433 -1566 484 -108 529 -44 -670 -856 -270 211 -594 -584 74 -1061 206 53 -108 862 -173 -1448 10 51 616 -1231 -108 -1082 -146 -1138 92 -398 -1011 195 434 532 34 -543 -23 883 -83 47 -219 473 497 -506 172 556 -935 -248 199 -343 21 297 312 24 -283 74 -60 587]
[-114 324 -763 543 -439 -203 100 775 -214 -337 -716 238 208 -348 -325 453 -291 336 207 -888 -852 724 428 298 511 230 668 786 774 -97 -1700 -45 -256 555 901 -493 540 -792 118 -817 -811 -785 -444 863 80 831 -803 -153 -539 34 -518 -283 497 -644 -2303 954 1026 139 381 -1027 259 617 270 18 189 -159 107 468 641 889 578 8 1358 102 744 -979 991 908 539 11 -322 -165 -1222 -542 292 -909 -608 330 131 -47 -513 -301 438 -462 -539 538 -1568 472 -373 619 -96 1079 -80 -842 -198 317 1798 362 501 -35 -584 -211 -1011 -390 1694 120 -1150 -262 -240 -204 -1339]
[-409 -431 442 109 55 580 -384 -1960 424 -227 1188 -853 530 329 347 -72 114 330 -602 478 817 -516 -53 -93 957 783 -602 -415 -182 446 937 -392 -1265 34 -1159 366 143 -171 -889 -259 657 714 -493 -343 -282 261 -4 1193 550 -227 78 608 -583 -83 661 517 -81 -59 -417 -1121 -296 378 -672 -219 -353 -438 -141 1340 -466 63 -439 -731 -760 -308 424 439 813 527 -936 552 -2 -869 1036 -1314 -219 -253 1235 -664 -489 -417 58 512 -69 101 598 842 517 -66 -144 156 -297 616 163 405 720 -455 -97 27 -961 469 619 -77 156 -204 985 585 -53 53 -489 -269 517]
[-59 471 -723 543 601 89 1268 1262 -1186 10 -707 694 451 -620 -783 746 253 163 -41 -903 -1026 876 -324 322 -389 270 362 1323 422 -864 -517 -119 106 200 -28 -712 185 -747 152 -442 -412 -136 577 -317 -473 69 68 -1639 -61 -141 -620 -590 507 -139 -557 -871 61 -560 -161 922 -89 -795 475 -179 927 75 105 -102 -519 819 811 -9 486 516 535 -1205 -1153 -897 309 1028 -72 594 -1165 1113 358 -656 -804 441 1359 -673 -113 -879 -449 1030 616 -413 -1179 -26 193 164 358 -724 -340 -399 -225 569 1232 348 72 238 -174 924 -6 -20 594 -1112 -1304 881 193 569 -276]
[-181 -83 -716 1477 -364 434 -73 890 -223 -236 -106 -131 1279 -4 -1682 338 -562 205 -68 -564 -444 75 821 256 679 17 -543 -294 -166 -23 -413 285 73 -130 428 -28 18 -850 149 465 -782 319 -1516 -1192 -410 544 -63 1035 424 123 568 2086 536 262 -673 682 700 -12 -606 1014 -617 -342 -372 398 -599 676 1702 -398 -436 818 -853 946 863 -1135 -398 -404 447 256 -731 574 -838 -68 -48 -501 -1083 116 213 285 -138 -741 -279 107 -516 -1319 -20 -162 -502 -634 128 491 -224 -179 405 323 -314 501 973 -12 1273 -668 544 -92 -1254 -435 557 -171 -1965 -149 -1410 -13 774]
[-851 486 107 -1164 -326 11 -835 162 -169 475 384 -110 -1008 323 -68 226 374 44 647 375 728 -300 -114 363 -586 -563 788 643 -1550 295 213 17 -249 -208 -1025 632 -632 -77 -1449 983 -923 -320 -357 298 483 247 1820 303 -929 -332 -558 498 112 -736 312 683 33 -118 400 -1618 1108 152 -439 388 -67 -170 -493 381 1198 -630 -208 -821 -673 1213 -100 714 -187 -290 -109 554 861 -1283 -184 821 631 -377 271 -146 167 370 -762 425 -539 -592 -310 25 43 860 -1011 -27 384 339 -715 245 532 -698 -752 882 -302 494 -233 -317 1 -390 816 865 467 573 346 36 -524]
[100 -1031 641 348 -1369 -396 -582 1190 -129 -932 -674 -549 174 -891 86 796 -961 -147 1230 -105 -154 639 -837 997 -54 -1111 1081 253 -107 269 -122 -1300 342 768 115 4 -874 94 -904 53 -560 -963 -1123 402 -22 -263 526 173 -233 -1031 361 -886 23 585 -346 1219 282 105 -671 -1044 1132 -401 -408 353 -885 -226 1585 322 498 182 50 1393 908 -592 374 -999 1268 -197 -83 242 -206 -270 866 -441 286 -919 176 -38 426 323 1304 217 -230 -799 -737 146 -778 -37 286 270 -555 552 563 776 -398 -862 -44 350 109 -1066 359 359 -272 599 732 -85 -458 198 -180 -453 -1134]
[390 730 804 -262 64 278 181 557 -375 -603 -1114 724 238 -613 -252 94 -121 -128 -2068 280 98 -512 -962 -427 -407 -681 606 1077 -139 -1502 -27 751 616 598 708 934 -39 -865 107 1411 -147 -353 469 -306 -476 617 -83 -479 71 -947 -290 565 -54 -478 -907 -263 418 596 732 377 -1755 -406 1730 -433 126 -509 388 -348 397 -905 146 268 -178 31 273 -124 80 -700 -491 400 -530 -58 -178 1218 -32 -441 -1287 -556 350 92 461 94 -503 -606 17 308 58 -1259 535 -553 -596 -582 94 798 -942 -96 -377 -686 762 -348 1022 1032 1373 215 -278 -920 -345 373 2 518 21]
[637 -218 -17 36 512 -464 -615 -901 235 582 -200 -1126 254 -298 -427 978 -878 -611 -1716 -386 -42 850 -91 -1674 -98 216 1220 406 331 -372 605 779 -46 -395 -454 136 183 695 424 -25 -304 -103 -258 459 130 -472 849 291 1417 -602 216 1402 658 -438 -409 -797 44 470 691 -795 -1394 -46 -379 -934 614 683 -122 -518 676 1100 -1075 1257 613 195 -357 528 350 268 -769 -191 402 -1060 -140 667 782 137 1500 -142 -683 621 722 -237 -24 329 -46 317 -391 59 1134 114 576 415 -648 -124 620 -227 -184 -830 -3 241 552 -531 271 506 587 -198 204 -1592 -1328 176 -1072]
[664 103 199 1088 361 -101 143 -547 -58 -742 6 560 777 970 -1011 1062 185 463 694 250 196 799 82 295 332 942 -784 345 -160 583 -1168 -425 -1099 -406 -189 -566 1221 -314 -285 -483 -265 -981 -950 -31 -361 -554 -152 -118 160 1185 49 -481 169 757 -478 313 -546 67 -168 -167 719 7 -672 494 -278 576 575 513 1690 262 612 374 1257 88 248 -80 -53 4 440 -278 20 724 95 173 24 498 -172 126 -73 334 124 -975 315 500 -305 -47 -484 -1095 -231 -308 759 547 -199 -482 137 -855 630 892 265 522 -693 -254 255 -482 1022 -1024 -792 -303 -884 29 157]
[444 -309 -535 -787 1024 -325 89 654 -70 81 -257 -458 -518 -689 -358 513 56 16 -673 -468 -451 286 -249 -498 165 408 84 919 198 1281 72 -305 -719 -559 -72 -798 773 -125 -263 -327 275 -322 1188 1799 41 -1290 6 -185 -879 504 1267 -697 -411 -703 -1198 -276 410 -596 86 -1124 112 -756 -537 569 -113 103 99 270 -294 -1065 -325 125 -975 136 94 -725 -59 -972 543 568 800 1583 700 31 665 -940 -295 655 4 -365 109 19 860 -199 -216 579 -1448 -252 433 -921 527 -486 -38 -281 0 -410 827 -1370 -789 1280 -1129 293 -403 1011 -807 549 -10 -78 -356 710 -125]
[1294 168 82 -326 -26 -74 -900 105 165 -156 -8 -50 2 -391 -311 774 -103 441 -481 -92 932 577 247 -948 -6 963 264 -328 153 448 381 811 -611 -477 -521 -208 -102 812 322 748 530 78 -52 -421 245 308 795 757 -393 866 688 675 829 197 -574 -388 38 182 207 617 -982 -834 -539 -875 -148 1114 682 -387 -150 -982 -935 46 185 -79 -1748 727 -653 -358 -811 884 651 550 155 -104 -322 73 754 -451 -521 317 42 -417 516 -99 91 179 -157 -473 239 -516 150 -310 -1079 367 1014 71 815 90 -42 2242 524 138 -318 472 -598 483 456 -794 -359 352 401]
[406 -1000 325 -439 -240 -560 1122 386 -54 -710 -472 179 631 620 -330 446 -980 -532 130 -151 491 -199 -1048 -370 491 580 -51 -492 -240 -552 -412 770 -740 320 769 739 491 -145 289 443 -490 -752 204 53 12 167 -173 -674 393 -509 203 336 -329 343 38 291 401 240 674 -97 -349 1190 -47 -146 549 381 -1274 493 221 -94 285 -415 1250 -140 980 -568 -268 79 -277 745 -741 750 331 337 -38 -255 145 139 806 234 1254 754 949 -149 882 855 -748 -948 995 -292 -51 -351 -315 -752 -740 493 -140 -821 943 252 681 627 958 442 -11 -539 -377 1138 -388 -572 755]
[169 -372 -1183 878 159 -487 807 -209 -146 331 237 -210 30 817 -300 -439 -345 -798 1358 -530 -705 339 778 572 -560 -214 -1285 105 354 -868 -1632 881 -307 116 1407 -1478 1049 -570 -243 -367 -914 -282 192 113 1626 -295 -1420 206 189 297 396 -816 835 1061 -113 -16 434 -521 381 -24 32 188 1278 1485 -30 -278 172 787 355 -922 -508 301 502 -400 43 536 -157 1503 -629 -712 -864 196 120 -90 970 -207 -523 -124 -1128 -151 -336 -1413 49 -372 169 414 -825 -88 -907 359 -257 567 -307 497 -1392 547 101 330 478 518 -1161 -761 97 -214 954 -746 -301 -99 730 -53 -1704]
[-753 448 975 735 -832 -292 -224 -273 -708 -834 -446 -379 712 -506 574 921 1016 254 -353 -248 -455 519 8 -607 854 732 247 9 549 790 602 -446 -491 674 -266 -933 -548 204 -340 -686 -110 761 -496 231 -814 205 435 62 35 -96 -1252 331 528 -864 -1042 -345 901 343 -41 378 134 364 -95 -473 36 -40 372 671 -935 1567 -119 1109 665 16 -182 -1672 187 -669 1228 678 79 823 30 -480 -524 866 -81 -408 -726 -180 -1170 13 196 98 -488 217 -1272 729 1294 408 269 -910 -162 -395 573 44 421 -666 -761 27 -430 276 -582 -799 627 1262 239 366 -489 -103 -1497]
[918 248 790 146 -252 -880 -334 -238 372 -201 -1003 537 78 894 -58 245 -873 -612 261 -670 268 -639 -137 197 972 195 -404 -200 -1262 -127 -629 73 -128 302 120 179 -214 30 750 -541 445 320 -576 -242 -1063 871 13 -167 -192 795 315 907 -945 -368 -196 58 25 609 33 396 -264 885 -400 -274 -364 215 65 -319 -1025 -167 -187 -44 417 -299 999 -115 -293 235 -995 -1307 -341 -38 658 144 240 -347 -750 -554 468 318 1049 391 647 527 -303 441 421 174 407 -140 -218 -13 1339 -1013 -142 287 -880 -984 958 409 813 706 277 587 312 -1103 -25 -20 -451 -354 1556]
[70 -429 1080 -332 -158 747 39 -357 -599 675 -142 100 -345 -23 1409 -388 -471 -1348 -180 273 -508 426 -963 -180 119 92 -734 527 -243 -573 710 508 1530 441 -880 -240 231 -141 -778 -447 848 -96 -169 -92 -6 -147 -841 -1081 442 6 -255 -641 542 463 858 335 40 492 370 -950 174 510 482 142 1119 -722 -1028 -806 734 -434 625 -527 -798 249 393 618 972 1683 -1033 72 -769 -785 -801 -175 -53 84 1127 -814 696 290 621 -588 -394 -135 263 118 314 436 315 -440 -426 273 188 -555 234 -412 -949 -179 -512 -110 -510 147 1718 -163 -192 -83 277 -298 1479 -530 -595]
[-876 799 325 215 343 -165 679 -825 -510 -46 709 -627 -719 1297 1146 168 1296 374 814 158 1132 -301 607 30 -115 -579 -623 -796 526 580 -273 -307 -743 -942 190 -811 404 -658 -484 -1422 -614 516 1736 728 125 914 -84 -472 -576 -631 -1330 -59 284 48 -63 731 -29 -942 -256 437 477 771 75 587 -58 439 -648 895 356 -226 177 -213 -111 441 139 -325 -749 647 796 -1243 1322 -420 -734 -723 -872 352 102 -126 -1649 385 -1147 -539 673 72 50 -1109 -21 459 -1074 275 639 128 241 10 357 141 210 633 -342 -56 610 -810 -632 -157 642 -198 -6 705 -714 181 -448]
[285 -705 189 305 -1255 -819 -378 957 401 322 -733 -365 688 -864 33 246 -216 -255 345 536 -667 -376 -781 223 0 -701 168 587 -750 1141 908 90 995 176 -166 -687 -667 230 466 482 320 -466 -1351 -412 -988 -177 -184 -309 535 65 344 -557 -14 355 807 490 -767 -114 -457 112 221 -1100 465 141 -627 -371 257 -1375 687 -213 480 254 575 -208 -1181 33 1389 541 192 -750 -476 -721 822 85 1303 155 -235 -437 -859 244 1171 22 -1347 -147 -434 -291 118 535 -436 106 -528 -915 -860 -676 551 386 -611 -497 -245 -705 72 186 1003 -138 -308 370 288 -320 1715 -201 -738]
[-212 482 -1581 -683 -720 -387 860 745 240 -391 -766 773 -297 -331 275 -640 465 -318 -463 -316 -920 369 -440 -446 -16 -546 719 1094 46 -902 -1110 -305 183 1046 801 49 420 -326 1292 -991 -1456 -466 877 923 584 -92 -1373 -249 -9 -831 -471 -243 -608 -30 -15 -340 209 281 515 282 -1250 65 843 515 382 -694 -452 872 347 -49 613 -454 -481 629 1024 -456 100 728 -614 -840 308 191 -1052 324 792 302 -1919 522 -509 -88 56 -283 245 846 793 400 98 243 -222 -110 186 332 -221 -762 -60 447 -72 -1194 285 -1470 288 880 141 -136 159 -531 -543 -272 299 -381 -303]
[-229 -192 -769 -153 -793 -136 161 -337 1601 -94 1050 -21 175 -574 502 462 -171 614 -78 750 676 755 43 504 412 -1042 -493 346 -769 1026 1880 -212 -199 -159 -540 -29 351 102 -189 252 -355 -177 -123 187 157 -251 60 -145 232 -531 23 -295 409 1322 184 835 113 -1025 508 -650 -481 -393 -85 316 -415 -241 -162 1135 449 587 -198 -600 345 417 -888 1423 1139 -378 1249 260 492 -203 899 112 829 -58 65 466 -562 334 755 -77 -382 -246 -569 242 -263 277 -63 824 610 741 -1082 350 393 -804 -453 67 -1499 -1040 1026 -361 -537 -581 612 767 -390 -156 329 -40 -554]
[391 229 -1532 -23 99 -198 307 1081 90 1097 -381 734 -904 -101 -216 -699 501 -246 133 231 -268 597 -279 327 920 327 -907 120 -202 762 40 -795 -125 -314 101 -594 -506 -9 333 -1252 -140 1094 820 -609 1214 -474 -832 626 59 212 1340 -318 622 246 1947 -592 504 -558 -511 413 387 -1104 -290 916 -692 179 480 0 -351 -705 -670 -477 -875 34 -454 -519 -400 396 -650 -429 559 1522 -1166 291 103 873 127 136 -240 -1351 -837 -412 118 670 -185 468 439 -148 248 -757 250 -1140 423 -929 655 142 -331 -498 -1160 -303 57 -12 -250 221 -1325 212 82 66 -120 -566 1188]
[-228 884 -773 -115 -454 -118 -159 -104 106 598 426 -1159 -811 -22 -665 -558 249 -568 259 158 262 221 -192 -420 -834 -226 416 -197 -2 273 -330 -511 332 234 836 828 -501 252 9 669 -1154 394 280 297 1352 -401 520 924 -131 -652 55 -384 -461 -468 940 208 630 -291 -765 -573 484 -414 468 408 -870 -504 -20 625 1202 -1191 -970 555 -777 -548 -498 -134 -366 652 -1618 -1130 619 -393 -821 -628 1097 489 -739 -346 -1669 444 -1043 747 211 -624 -307 -454 1429 161 -528 -897 852 -66 85 498 1016 -253 -597 364 -193 -858 293 -307 519 -466 -569 -349 1252 609 408 -479 173]
[267 -99 -33 265 255 -369 809 -748 360 -170 164 -268 1150 -841 -216 1079 -329 -824 -357 559 -159 -143 -277 -471 289 46 -404 -331 540 643 303 613 -154 -1139 1099 -840 795 -1333 642 663 989 -871 778 -700 -286 -179 -497 -296 829 -1362 649 -999 177 -396 -637 1066 872 -568 -298 707 -1531 -452 1353 -759 70 156 -661 -798 205 751 295 -64 1601 -1263 571 -435 -90 -34 131 48 -276 639 1093 -392 -424 -889 -487 20 382 -708 1007 -54 2 -377 110 -85 -1674 -491 62 -104 -185 -1147 -95 88 -140 882 2098 301 1125 892 293 -164 -143 -101 585 -920 -827 119 294 802 -629]
[667 933 329 -329 -1145 86 572 -170 -1311 -151 -1263 92 784 45 -210 385 786 -883 105 -615 -424 -34 -316 -1206 118 1367 -331 78 -313 246 -788 617 -124 335 64 445 -714 410 844 -215 495 110 -773 -121 -1012 214 -471 1460 70 -2 148 361 -825 -1102 -510 -201 -167 997 -221 1038 -789 -313 -349 -879 -1332 -491 -92 -975 -1460 -258 -665 635 333 -219 -303 -481 -886 844 -1484 -377 300 -311 -846 -372 -849 1100 420 -286 -184 -163 212 -378 42 647 968 394 -146 -333 345 -264 250 -1383 -103 -425 1038 806 -188 -140 284 480 87 1158 475 428 -117 -238 428 -452 498 617 813]
[-46 73 -344 1622 151 542 230 753 -156 686 -114 908 -773 -535 375 -103 265 -102 997 -286 -447 1062 473 984 522 -222 -557 350 2023 216 -345 564 -115 -756 -240 -1004 -1080 -150 -605 -2226 166 358 -100 -846 -13 283 -303 -295 403 267 320 225 2352 843 783 -268 -234 -868 -150 128 795 309 979 11 -286 -593 1238 -841 30 548 -262 -340 -14 77 -828 -156 721 808 858 44 -125 29 -2142 709 -1252 332 741 1 -1217 -1481 -387 -1351 -231 86 -640 -294 -244 1014 149 685 -252 153 410 621 -446 -799 96 396 -1343 -6 -58 -985 436 -374 631 -466 241 -306 469 -435 -716]
[791 1412 903 -680 1099 -728 -784 -179 -247 1112 50 1143 -992 637 814 384 448 -933 13 494 644 553 -72 1256 408 -723 -942 -480 -886 -561 334 -108 921 -309 485 -576 -310 -659 -1457 446 1006 476 589 -1241 761 423 637 1 59 -618 646 -405 745 -798 710 -298 1095 -731 131 260 -264 382 -143 -22 -629 421 409 -403 -180 -134 -879 413 -221 69 161 24 -1199 -387 -765 -616 159 -618 544 505 581 -545 -216 -1615 604 -895 -1022 -211 -1069 -634 -872 523 512 296 -26 -252 222 -442 1646 581 257 52 -620 305 237 669 -506 80 -557 377 -40 -889 1057 1138 79 -304 112]
[-963 46 -192 107 -787 346 -385 -52 -606 -833 819 439 -442 -300 698 -292 682 -421 358 -299 -263 -545 -498 1621 1104 45 -351 649 399 790 133 -925 -13 -464 755 -374 -757 -1504 -1390 194 342 -787 -526 -751 -1042 985 -640 1768 150 -146 1072 -867 -242 -957 -44 589 -228 62 -169 -1017 -306 857 -354 -259 -537 28 1743 476 -583 -1042 -279 349 -370 -393 835 -362 412 825 -1691 -347 -65 -245 70 -695 210 41 44 -1155 25 -1089 25 -549 -425 -861 -506 939 -421 153 176 -284 65 -114 -52 826 -155 -48 58 96 616 707 -899 575 -453 769 1404 -471 205 -383 530 186 658]
[87 -1205 121 -154 -50 -616 -345 -340 983 706 1394 -262 469 27 -941 -48 -355 822 262 234 161 519 415 1223 -757 -577 283 109 -30 194 1129 -972 -100 -252 -127 -142 150 774 438 -352 60 1129 16 51 724 -642 323 -1154 221 -573 249 -2093 -156 461 -121 156 -1565 -919 -410 -150 564 -667 -132 490 121 397 -1221 1407 11 854 78 94 661 261 -517 489 764 -950 928 12 -736 -656 150 -436 910 -6 46 473 -48 584 459 778 -276 454 577 22 306 708 -591 171 76 1192 -1472 -611 -655 382 636 788 -159 -526 90 -797 -523 -250 281 -629 240 859 597 -458 -138]
[-962 644 -472 -1416 232 259 -201 830 -611 1247 348 -537 -55 13 -672 -199 717 -572 -130 88 -32 -660 -279 -682 -550 737 332 -490 -561 898 -298 -54 -158 -202 -643 750 -500 -141 -182 526 -73 259 318 794 332 159 120 1148 -820 -433 -152 245 -674 -1001 1157 352 276 746 -938 -1203 1452 -1318 -1335 -180 -150 -83 -785 5 470 -439 -570 168 -1552 641 1044 -463 -967 538 -1166 -326 1000 -480 -127 534 1310 -451 913 -23 414 233 -491 -70 36 352 154 -359 110 381 -782 -967 257 -210 -337 -521 1117 992 203 606 -295 41 -858 -212 -421 -85 -669 702 -182 286 215 133 -106]
[-212 -1159 1029 -530 55 193 -238 906 -458 -747 -171 -343 -430 -180 84 -666 47 -330 381 178 -171 -338 -10 -409 421 -321 -275 30 -53 901 -146 -131 798 55 150 -215 -491 -397 -718 252 489 -294 1300 800 -474 -38 -11 -397 -976 640 342 835 382 -856 564 391 -573 1324 846 -418 756 1748 1189 819 619 -931 946 123 410 -517 -425 233 -127 -805 510 -1124 995 117 -187 -566 -1405 415 181 568 -542 569 -168 156 1242 -307 674 516 491 -434 -527 1170 -333 387 1610 -905 -2284 -392 775 -646 -695 -634 -397 -1130 944 -37 -278 450 727 -455 -1063 -209 203 -203 -311 -1 -384]
[-1493 50 -828 -494 -582 -21 -950 -295 1046 -828 341 -289 298 -758 -170 235 -281 211 -255 -514 -63 -581 848 -255 -1209 -1418 319 769 -948 -304 661 -468 245 -572 906 885 147 -583 336 1519 -1002 -560 -541 1353 651 -1170 88 1253 -466 -475 -259 105 -469 10 -1795 199 -343 122 725 661 -1050 -243 154 211 338 281 1514 310 58 58 -423 968 -724 -124 -37 736 660 -721 154 -19 -129 461 297 402 -482 -50 -903 908 214 -165 280 278 -547 -557 -703 -992 -631 -939 492 563 -450 649 -201 955 -1385 352 -311 -448 1243 -1012 -92 -121 -588 -331 176 -625 4 -609 -138 661 -1305]
[1224 -170 1331 -568 -251 -492 -319 399 -64 548 -925 -403 -1007 22 558 858 -141 449 -1101 -353 -188 -641 -635 -130 875 344 1162 1464 -178 75 -807 296 -638 504 -987 -236 -106 750 -223 -353 45 -462 -834 435 -646 -262 571 -906 1003 101 98 -328 509 -625 -1102 -503 -596 479 64 -227 -497 -388 -605 32 622 382 400 -826 584 156 1146 -180 364 280 -372 -1007 -352 221 114 667 527 -934 209 -176 1023 34 435 -165 223 389 -55 548 -288 593 264 977 -979 348 -61 799 445 -840 -689 -449 876 -500 501 288 -71 395 661 295 437 1458 -125 505 290 -562 41 -26 150]
[-653 907 -364 -566 349 315 -1296 -91 1572 -41 684 1103 -613 527 668 -374 -346 -265 859 -8 620 123 443 909 611 -94 -259 -640 -116 -629 -707 -371 1137 714 8 -546 -511 675 262 159 559 129 -1387 -1080 1528 156 -87 223 134 1085 -845 -450 831 -480 1844 -463 839 1096 -677 1424 900 711 -327 -388 783 510 127 -937 -712 503 51 -382 -503 -765 -270 -563 -766 508 -598 -163 -341 212 -133 -1210 -691 -384 -68 -160 1005 337 -1595 386 462 1017 -176 -620 998 748 -330 626 556 -798 1088 474 763 -82 155 167 73 -638 462 51 98 519 -285 821 482 -169 513 -958 -6]
[-35 -113 -341 -1157 667 -6 361 305 -434 1151 50 -184 -630 -381 -13 -377 1245 -982 -541 1073 -305 -867 -376 -756 -105 601 -145 -648 884 1398 395 1080 -516 -988 -544 82 -541 -1236 -504 -471 1096 329 749 288 -309 -401 -479 415 -992 -549 1261 297 51 -622 598 153 277 -180 -1306 -393 998 -1086 388 -112 -949 -280 -130 -421 531 -715 -260 -390 -1599 -910 421 -578 662 534 -644 535 982 -97 515 -33 -426 612 1033 -382 -904 -1216 243 -442 562 -965 727 1232 -757 359 -731 -484 -1079 -1369 525 -73 837 537 285 -153 516 -22 -1214 -807 -318 958 -670 912 -916 218 517 548 432]
[-532 265 -76 1141 15 727 1657 -657 -893 -790 913 -331 1045 306 476 421 956 600 141 65 -166 397 -672 320 -68 339 -367 -511 516 -142 887 -1185 -475 866 -249 -214 -86 -664 -501 1047 -25 306 513 -482 -110 492 -610 -491 365 -656 -1381 -391 214 702 -560 -419 556 -1119 -475 -107 202 -503 -122 384 816 241 26 745 198 325 1128 667 -126 279 -176 581 -500 -116 323 1052 197 -80 -768 -678 -294 -469 97 -769 -494 -131 -918 -217 -763 -693 438 -775 -159 87 -139 214 288 157 297 1100 313 620 582 781 -1183 -898 -399 337 -145 -745 393 964 -20 1549 156 -28 -236]
[-972 429 759 -274 -145 20 -632 53 66 -740 -105 841 -308 -416 296 -300 -173 367 385 10 -162 502 772 270 -1034 -652 856 466 285 -863 613 -346 792 57 335 -202 309 -82 308 98 -1219 457 -632 189 -534 -500 -450 55 560 148 -404 1909 772 98 -475 -510 -555 280 755 1618 181 965 -470 -102 620 103 716 -325 -368 1040 318 950 144 645 766 109 -547 613 -77 153 -288 10 -576 645 -241 1945 -281 136 282 606 -306 -720 -1031 997 -287 -257 426 283 -24 416 179 -391 626 410 -718 -79 -616 -1021 103 -1505 951 -384 -451 -180 383 -270 -648 -1847 -621 -271 160]
[-526 -381 637 68 585 323 536 -1160 -33 -511 91 -1446 163 3 1125 172 -236 -1070 -4 -865 -399 -151 -1383 -89 443 306 -642 541 464 -93 415 214 175 -126 -1022 340 300 -780 -1065 -575 1218 -904 -458 570 -868 -650 41 -400 811 -787 -326 -982 -755 -199 -641 987 278 57 118 -995 -741 241 -1088 -303 692 -1099 57 171 -158 -523 273 491 -1076 183 402 307 365 414 -731 -281 218 -552 257 -1041 -444 -782 1303 -420 543 -520 117 914 -255 -219 85 -361 -468 20 595 539 303 -85 -39 554 285 -284 -323 320 -445 626 -119 364 145 975 557 115 711 -3 252 595 -382]
[-184 1347 -1 -257 -90 78 695 -255 413 -607 247 381 652 -495 538 50 -122 -974 -391 3 192 -406 -1192 -884 -293 1230 592 -1043 560 -452 260 -7 -91 144 -451 772 509 -20 897 1373 533 -252 -937 -1287 228 890 -564 374 -395 -738 547 -112 -661 -297 558 9 737 656 -198 19 117 -400 -270 -1901 -307 -771 -266 -595 318 -313 706 -862 -427 -83 1028 1299 -456 -461 -897 1044 74 658 569 648 177 -627 -747 -298 798 -678 -604 -21 -1 197 -60 -67 391 -482 -37 -349 -158 -131 1298 1266 349 57 636 385 -177 901 -29 388 151 -143 -238 -133 -403 498 901 384 505]
[-442 105 -203 -784 820 371 -248 -523 477 72 443 -59 -304 155 -61 -579 500 720 1 -153 613 -710 747 237 484 362 -875 413 496 665 222 331 -676 -963 -711 -973 594 -489 -465 -467 219 529 881 447 779 204 123 -61 -532 664 87 496 560 691 159 548 -371 -1296 67 205 791 -284 188 774 -230 10 -506 617 276 -67 118 -1273 -8 1182 -632 214 -315 -245 1702 -88 448 845 -48 340 -726 680 596 766 338 80 -683 -522 694 911 -325 -754 -280 490 -284 354 679 -916 -865 -895 307 137 8 730 -2304 299 131 -769 746 -166 -283 739 -23 -838 -382 -239 170]
[139 -699 26 -817 1060 78 -318 -422 325 910 291 -691 -710 -347 191 -1623 3 -533 -1215 399 154 -672 -18 399 -677 377 -940 336 -38 252 401 691 1090 -1362 -831 85 426 682 468 -304 1036 182 1 1017 294 -140 129 -623 -11 1254 338 -705 -506 464 943 -253 -797 207 -52 -805 -465 -885 216 70 1409 -632 -591 -1304 -70 -1385 295 -776 -1522 344 -287 384 700 481 -710 -1289 20 508 263 -262 -129 -52 741 44 238 39 -532 -74 716 -66 137 -314 1315 143 -397 -684 25 433 -753 -210 87 -373 -256 -316 -534 1110 -518 -614 287 100 -1181 -236 139 -984 820 -177 500]
[407 962 297 -411 -280 -67 198 -1109 597 -183 143 350 -923 -668 588 591 431 307 -348 -98 271 167 -136 867 524 -826 -3 371 -37 -575 -445 86 966 813 396 662 -218 -5 503 -800 -455 453 -213 -1421 99 -150 -822 -401 621 -55 45 -294 318 630 -185 -747 201 -183 527 660 -717 777 684 -567 -1111 -879 386 0 -293 329 70 86 815 -512 -387 586 668 160 -734 -164 -661 -186 -291 197 393 670 -388 999 189 -97 -230 1281 -404 441 -46 712 665 -64 33 326 588 941 585 245 -845 -754 -103 326 -725 -502 1497 1004 -223 105 -138 -522 637 -279 -610 -46 196]
[136 -1197 -178 -602 -654 153 286 692 -297 344 275 -822 293 741 -604 -931 385 -783 -484 -905 -543 -1554 -803 214 281 -366 -247 591 -654 963 -533 -971 -348 33 223 502 549 -132 306 321 -228 -393 -435 165 -294 -917 -1252 1083 54 -584 516 -860 -1370 -238 -135 300 -963 174 -806 -359 -14 -120 -238 1261 -542 -370 19 -201 -197 -878 57 -692 -1505 -677 420 -117 524 665 -777 628 -52 -94 344 -1241 163 -664 98 1288 -88 -473 854 1205 -467 -780 1222 339 -233 -548 148 -48 -333 -162 -12 447 -309 198 134 -1197 453 -795 138 802 13 1422 -1238 455 -559 898 683 300 1078]
[696 184 -278 -175 333 -444 -145 -642 274 -350 -1086 599 -468 -118 1104 -131 376 85 -80 39 470 840 -596 -377 -19 422 105 724 -76 -509 -227 -830 -25 172 -492 -339 -645 1383 237 -385 122 -298 345 1739 876 -655 -57 106 -334 690 -233 -1123 -599 535 1211 -766 -506 318 118 -360 -584 128 502 -49 204 -261 -219 389 -181 -1 -33 -440 -824 298 -598 418 -167 587 592 -305 575 442 -398 942 312 393 337 -370 -349 121 305 -1030 1313 2009 -684 30 892 263 313 -63 573 184 180 -548 690 -891 -1388 -166 -1576 -317 -451 534 2025 -395 -1 71 997 -739 1135 58 -1537]
[-160 -532 -93 382 -286 382 181 -21 -677 -947 670 523 126 972 360 0 -67 -146 464 -328 414 -286 342 319 163 -173 -384 -65 -543 -419 255 -252 875 -765 37 16 43 -267 125 1237 -756 -533 37 -105 85 465 -73 -381 -15 79 -211 573 492 859 -84 528 -929 408 372 968 -317 1440 99 431 1043 1050 -281 -855 -242 -715 109 -336 262 -54 -535 858 -365 1313 -310 36 -515 -727 -1363 512 -1457 1028 373 431 574 1107 398 -543 430 187 467 -648 605 -233 364 187 -82 -400 -172 122 -344 16 -485 371 803 -137 1012 -167 930 -291 286 -274 -505 -1014 -64 499 526]
[-905 -192 -132 689 -892 347 -462 483 520 395 -30 -775 308 -1314 -104 782 -768 526 -464 -881 -557 112 -548 -54 171 -999 1437 1420 -326 -1308 1154 -467 484 812 -1348 -500 -837 409 329 -585 -716 644 -1426 -778 -115 673 1128 -840 1310 -600 -655 133 318 -359 989 -514 -577 -306 -68 372 -910 -894 -307 -389 558 291 1043 234 -882 738 -178 -40 -8 -65 -1096 -192 531 -574 -690 1151 -489 -1195 -369 -90 418 -745 433 458 270 -122 -249 738 -873 1012 447 -921 12 886 690 1483 793 -318 -444 -308 583 -51 262 -169 -352 -663 1539 716 300 267 616 -138 -459 379 325 -238 -160]
[-571 -978 -156 -604 202 -1070 -1072 739 -310 -545 890 -485 -694 288 1222 -832 -110 -167 98 -509 -277 -436 66 -202 -960 -260 531 -151 144 524 -209 -48 707 281 795 -937 840 -547 775 -432 -166 -520 1413 1567 755 2 -109 -503 103 -572 -631 -676 -974 -987 -780 -293 -227 79 862 -101 -446 737 -963 62 1611 -304 -1205 27 881 -465 460 1056 -82 1289 1342 -346 -720 475 82 -1231 -317 -115 1154 -144 214 -136 -597 268 164 722 -374 159 540 80 255 -452 -691 679 -279 -556 245 403 -303 -537 -1043 1331 240 -599 1167 1390 -1501 -668 -746 527 -2 -379 874 -96 68 284 -725]
[-600 465 -17 1 -599 970 148 -754 201 198 609 -512 -198 152 107 -226 274 192 846 -197 565 -1657 597 -186 135 -736 446 -502 -249 480 -642 551 283 -349 -534 725 -245 841 234 -173 -290 611 -232 -431 -84 58 908 68 -46 182 -1032 474 38 37 495 365 440 -107 299 1188 1029 550 -83 671 -379 -115 -283 -865 -554 252 93 -441 -332 -212 -1029 -104 630 -343 941 -95 -241 338 -180 -150 -872 -342 9 1421 -731 698 -979 913 855 -484 -209 -840 393 974 -542 841 665 -524 768 189 -370 -414 -228 -67 24 20 204 -182 -480 -404 -904 1176 755 434 -616 427 56]
[146 81 -961 527 -196 -206 240 301 -1144 89 -547 -235 396 581 -338 -74 247 638 93 -376 -187 -373 699 -1165 -867 1127 643 -560 86 -216 -421 -1076 -1672 894 429 1046 -330 -207 1019 299 -562 751 397 588 594 816 381 1650 -1078 -322 -756 1025 -506 -1528 -633 -783 93 -400 675 -411 355 530 -636 -246 -396 -659 -169 49 -370 65 -155 -446 -18 331 1052 -520 -963 -186 -426 146 597 282 -1952 -222 -350 -675 -421 -981 -396 -828 -486 160 -308 -97 401 575 499 -615 -328 -446 -948 190 1528 -255 -413 1137 -265 -1177 751 53 -336 625 -357 -423 -74 -219 525 1404 -685 -607 452]
[195 -691 483 37 970 -142 -34 413 199 34 46 -690 262 -563 -687 1291 -44 634 -933 -550 -146 1010 151 151 124 -337 244 240 750 453 625 699 440 -423 -660 -175 404 1007 -187 -1071 -11 -77 849 554 -1027 -868 610 -1114 679 -204 404 510 123 673 -423 -705 -885 -393 42 580 -524 143 -1118 -32 685 830 -234 -360 -836 834 -502 1259 -441 9 -654 -603 430 -956 257 273 -209 -147 361 137 -674 349 693 1153 -720 418 626 584 -5 786 715 -1250 -97 -98 869 -253 1219 952 -488 -196 -329 -360 -189 -1544 -885 33 620 664 -961 310 -241 -428 345 -658 -1766 420 -30]
[-176 224 -7 -262 -585 -101 -480 409 230 200 110 -158 192 -418 -944 -366 94 -301 853 126 -312 -500 212 -546 -2069 -276 263 -116 -407 602 -122 24 152 -431 -363 -32 -1029 47 44 1227 -55 -189 -278 305 861 -897 804 875 -263 -853 -412 -107 -713 -740 168 357 -761 625 -293 542 560 -1648 502 769 -290 -641 290 -480 1165 -109 -85 432 -825 -178 -14 76 -453 -616 281 -955 -78 -399 779 413 64 -230 -621 -498 102 123 524 -669 -138 -210 -890 -838 468 -52 -1077 -431 -637 -840 -505 708 -198 634 -61 482 982 -190 -576 -451 634 -658 157 -568 311 308 1263 631 -493]
[-356 -235 277 153 -277 1289 397 -367 453 27 520 -13 258 440 1033 376 -138 -618 -331 -667 -420 355 -321 -271 658 793 155 169 607 -1022 -366 -258 -653 681 -1002 352 54 660 -325 -1024 214 -42 -789 -762 -118 -329 -256 -269 670 59 -420 251 501 221 354 92 -396 924 -473 -504 -422 -71 -1396 -549 1075 501 -15 3 -12 88 752 -585 -577 746 461 480 -412 93 -503 938 279 -118 -443 -141 -381 -746 841 260 706 63 -444 -14 -426 711 962 -294 254 442 35 77 -146 684 -872 544 290 -678 486 1522 -443 501 -430 328 473 -3 327 518 202 -201 -379 -713 -89]
[-349 -721 92 609 216 443 -506 -311 -65 -146 227 -1241 70 917 -377 -369 -173 1091 626 -351 -406 -324 -8 -776 117 582 41 -301 454 -751 -1134 86 -965 1019 707 -753 35 850 -811 137 -287 664 1035 406 1269 -169 576 1215 -55 771 -697 -1096 -625 -237 -879 -80 511 314 -440 76 601 -996 263 1223 53 1151 181 1534 -747 -850 -436 687 -124 -548 -582 -1038 -1237 -797 397 178 4 913 509 -1175 296 82 -140 -460 -270 594 -1620 -111 1237 -377 251 -448 -1108 -610 325 -360 -1 -794 -1388 -247 -363 311 118 692 -438 1020 -843 -515 -6 389 -904 1580 1019 264 -725 -8 -378]
[-366 885 -343 99 816 131 352 163 -606 -203 71 237 39 288 531 333 1459 1023 -704 90 525 -188 -109 -805 268 303 -214 -533 1205 -555 612 438 86 449 260 -1027 -161 -674 239 164 58 755 1081 -893 -109 2470 856 -140 -249 -732 -1111 493 1064 -71 283 -31 1065 -690 -299 734 -834 -572 129 -729 185 1632 -261 -152 -397 877 -233 -150 72 957 -417 165 -1060 -341 742 -138 924 -89 -1459 -142 -1211 572 457 -963 -391 -285 -1414 -981 189 -63 108 -1142 281 229 -192 -613 681 -522 -493 -215 528 1175 716 286 69 1059 65 593 -552 -776 -81 112 -696 695 -1043 2 -15]
[-238 -529 -1070 109 492 -505 -251 -832 523 -773 403 -641 339 -714 -662 466 -174 713 -293 -903 -24 -17 431 -88 -582 -105 -221 356 31 64 1344 -92 -216 -697 1005 179 435 -426 677 804 4 -15 -281 533 -15 -639 936 282 158 55 684 -91 -1023 -683 -970 -689 -944 -1583 400 -124 -1002 563 -100 92 -344 589 -333 -153 -1339 -420 -774 -125 96 -82 -858 -79 759 -808 248 -403 -489 710 259 -221 668 -434 -244 103 235 -332 544 1260 100 491 299 -297 680 -33 336 -227 -151 -339 -580 -864 -563 825 314 -1309 -178 1137 75 813 835 -46 160 -845 1155 398 -82 281 654]
[-235 689 986 -818 127 -161 -10 717 645 431 -287 -1243 -542 49 118 -172 -326 -614 114 -131 -217 -958 -116 -1229 -661 35 253 26 66 140 941 995 -480 90 -117 -24 179 6 -775 481 -367 202 191 433 -325 -357 960 -105 -169 -497 -1 1343 91 -1294 7 134 1078 -397 -63 57 794 -527 186 -19 -382 -258 -41 -547 -146 -528 -692 169 -707 -88 -374 -407 -530 -1229 495 408 888 1036 1419 780 416 136 -663 157 42 81 -719 198 -213 -487 -329 -150 -1022 129 879 200 253 -2501 160 35 544 364 -569 -559 -606 710 415 -347 385 476 -1238 1024 -39 224 344 370 285]
[-441 15 100 -1316 -285 -647 419 -223 355 562 -509 -199 -844 697 1027 478 -428 -1950 1195 -937 -381 -533 -263 -22 -341 -893 -118 205 -1449 -423 135 -299 737 -384 7 340 -368 -351 -565 1005 -281 -789 -113 578 456 -4 492 -375 -1506 33 -78 -884 329 -460 -394 262 -6 549 1042 -696 951 897 -159 -78 569 631 313 -942 -151 213 258 -649 234 -233 656 715 721 402 -553 -584 296 -155 -230 925 550 -616 727 -173 2117 -5 972 227 8 -311 -867 404 -734 1176 864 476 -935 270 361 -1158 -607 410 -1445 317 1405 -154 -662 934 67 706 705 -510 47 -414 573 243 -891]
[-246 -352 -394 -623 767 -139 -370 230 -772 -1084 543 -152 -133 -75 135 -193 679 1648 6 -335 -240 -860 90 487 656 -371 163 191 347 361 -99 -1109 454 -161 864 295 289 -1198 -48 887 -212 -352 708 623 264 -648 -65 1312 254 -435 -193 -43 -152 -694 584 479 -740 -930 -1037 -458 582 1291 64 12 -764 203 572 -205 235 -258 157 -194 160 -435 1456 -1446 461 683 107 -1418 363 -293 -528 -121 438 724 274 -556 660 -267 -339 -102 323 1122 102 90 1189 16 -192 -491 363 -292 1324 -194 -447 -25 -370 -487 -60 -720 -345 260 930 -249 70 -452 97 -470 -729 -285 546]
[853 129 370 410 -204 734 631 -560 -617 49 54 803 -96 206 691 133 -638 169 -1097 217 -217 896 747 321 -219 642 -371 479 -23 -97 235 394 -24 -719 435 -566 -360 182 -130 752 -111 -368 1194 -294 466 714 -712 -139 204 754 130 755 1518 -146 -666 -1141 -159 844 1841 -592 -1231 596 780 473 1481 458 47 -925 255 -840 115 -83 806 -105 -651 596 -13 752 -458 -294 -805 85 -1464 161 -434 -270 43 -1044 115 53 298 -1211 -346 -372 -808 730 814 -115 -105 -227 -556 336 -285 449 -373 -67 -480 -53 -39 877 -376 -163 394 -110 1070 -294 415 -1186 -665 -54 -325]
[501 -463 -404 1388 -1324 95 433 -92 -498 231 -164 -423 -321 1388 -915 -1499 159 172 394 -670 -499 -631 163 -78 435 736 -1279 -152 -800 1219 93 -59 -985 523 -129 -364 -768 923 101 -258 154 1033 -557 -811 -85 561 -236 767 -106 952 623 528 8 530 -98 397 -468 310 -687 -824 768 -680 40 948 -1211 -428 311 372 -1333 -1372 -567 -598 -490 274 -1255 797 -82 862 611 177 -68 137 -604 -188 -366 1143 162 518 -321 -232 -597 470 -40 -657 -341 582 653 478 -269 180 -456 -29 -1082 109 216 -315 -1000 579 -1244 776 -240 -365 -377 -20 0 1553 526 -558 1004 444 954]
[1085 -928 1400 -685 -24 -673 -491 -525 549 -410 -342 157 -529 -234 372 -861 -293 257 36 -508 39 -346 65 1330 -604 -349 208 55 1204 -1067 -703 -656 682 960 1008 116 -286 814 340 -699 -99 -742 -752 814 -777 -391 -163 434 1432 77 988 292 -1329 -98 65 -426 -1051 825 12 292 -716 732 -272 -247 -988 -414 589 -262 -1600 47 -241 837 75 -1017 742 -752 -352 -121 -679 -1159 -323 122 1484 -163 0 176 -404 486 839 711 1218 789 468 963 66 845 1203 -74 377 159 -238 -55 341 710 -886 -283 -664 -675 391 753 404 671 26 666 -199 -630 502 -775 -43 -275 473]
[26 -259 -413 -128 817 -319 484 -1048 60 1013 307 -1114 72 -611 -554 482 -860 348 159 -1180 -497 395 504 -255 -1121 -39 95 515 33 354 938 277 -100 -1022 -1158 502 637 -218 -729 -1324 819 368 276 780 -935 -327 674 -1158 -128 202 -64 224 -363 130 -1764 540 -924 -1186 877 -111 131 -167 -303 170 649 -748 -568 264 276 546 358 -242 -399 925 -609 252 906 -720 351 -490 275 -638 -452 63 193 -814 690 492 50 -83 844 449 -66 -183 -57 -284 -230 88 38 721 -599 889 -918 -658 258 -13 222 -237 -851 1277 -86 -827 -753 -412 272 -797 914 137 -169 443 1]
[-94 -55 208 463 -83 -13 -413 -101 -10 -575 -473 -1219 -374 -381 -276 -347 -758 99 -59 452 -157 -46 -886 -88 1586 134 -504 -877 477 571 -435 530 373 969 -963 -595 176 -577 -837 -728 521 -17 -681 -863 -394 1039 -795 -71 -213 627 -8 738 496 1069 490 1544 1327 79 -978 -1704 1042 49 96 229 -504 -571 746 1317 1370 -323 170 -251 -472 28 422 -62 1112 1223 -1023 -662 -377 -363 956 -1093 1086 -88 545 -787 -318 490 252 186 94 -709 -588 204 9 177 -44 -223 -663 1033 254 30 1016 -180 365 352 -905 106 561 -295 -215 -249 45 1778 -875 -721 -401 -1019 -296]
[-330 812 -37 1049 -118 -55 -1052 -334 -142 -962 271 332 127 208 -414 849 1876 500 1242 -269 386 -52 236 -232 1244 -438 -864 46 4 990 599 -1779 -1057 367 579 -1200 73 -757 -364 -755 205 -350 -884 -421 -1193 109 -659 772 107 878 387 -237 -140 -737 288 549 -482 -349 -352 887 1221 820 481 -783 -1462 520 889 68 -924 -202 -176 628 -32 1 296 597 -217 455 362 92 539 636 143 397 -97 1311 104 599 168 -756 -33 -441 -340 1739 -258 -18 -1105 239 1136 215 -475 -1489 405 -554 107 -367 947 -359 -322 844 693 -424 486 -934 53 374 21 53 387 438 -274]
[-1258 12 -498 -668 238 139 -705 1256 -701 -598 533 -296 -471 -175 -264 -1157 499 467 476 -153 -457 -1132 286 668 -1356 -758 363 381 -19 -70 -456 30 827 -466 -73 689 -110 -903 3 570 -381 -452 591 1236 371 -325 554 487 -1617 -694 73 -979 -1671 -1159 162 759 -1104 219 -875 232 467 -49 660 -880 -900 -916 -65 797 -291 -1269 -621 50 -1035 -1273 1511 -1032 -492 -790 -294 54 418 -122 443 491 -17 502 -1414 45 294 -474 -853 627 85 392 567 -53 -93 311 -843 -175 -376 -310 541 589 -573 -253 -623 793 1287 49 -723 -320 30 395 110 -905 -607 50 918 732 -723]
[-322 231 -543 231 -62 35 614 698 -277 20 -300 90 -173 371 -842 -770 1255 454 484 -240 -161 -1650 212 -132 -902 115 -118 41 439 130 -1091 431 -590 1005 1252 -691 -336 -270 -290 162 -544 -605 1170 1104 -120 532 -177 457 -290 143 -1131 -714 -462 -591 -906 143 -94 -148 257 550 225 -896 -125 1099 409 325 723 967 61 -227 895 1010 -943 -351 -597 -1351 -472 52 512 330 -319 609 130 -160 -228 -508 -754 -58 -421 794 -763 -760 755 -519 282 -506 -612 -932 -421 323 21 -854 -670 -647 442 1822 513 -585 792 -326 -1319 501 -421 261 -240 1085 -71 857 208 343 491]
[-122 -919 30 -1009 -491 284 -762 1061 42 215 -132 393 259 -676 -587 81 -176 -296 -144 720 -482 -110 -280 -482 -318 14 272 270 -17 995 -97 822 -147 -834 253 1174 -944 -280 -208 708 1255 -554 393 778 518 -1168 -259 832 -219 228 447 295 538 -149 729 226 -769 695 -137 416 62 217 941 -180 -19 -375 353 -636 918 -628 -906 281 98 -1039 566 -1133 802 538 -404 72 -421 207 -154 702 -599 594 742 51 -98 -251 1083 -157 693 117 125 492 -490 -823 960 -503 -849 -1302 127 258 39 -175 -465 -350 1030 -940 -143 -564 1807 656 -941 -249 420 -730 565 -119 -159]
[-1877 -214 -132 -908 -779 545 -288 881 -102 -229 412 -276 549 -921 522 -395 629 -1075 1169 21 -817 -310 343 152 516 210 -410 -348 147 1378 -230 -62 609 -533 292 81 -395 -979 254 -533 689 56 -841 457 -807 308 -815 747 -2031 210 189 357 -1327 -546 102 1535 126 462 -1393 -742 1161 117 312 -690 -964 -847 -804 -359 -254 -172 -391 -602 -220 -453 1875 -316 1048 983 -730 -309 134 -247 415 -1099 -827 -22 -398 238 84 -195 191 126 7 -341 600 -246 -1170 676 -699 -864 -1104 -82 378 -510 591 328 1152 284 617 10 -772 -420 -82 -260 517 98 -1387 -12 863 -25 -137]
[-680 425 -67 1150 -214 -61 -446 -232 -640 -566 -714 388 -943 88 -149 -40 165 -240 1372 -994 -318 -25 -1055 510 249 -687 -553 838 -448 163 -38 -295 -381 342 737 -1795 -1848 -914 -1107 -246 152 489 471 -823 -227 668 703 639 660 -209 830 45 127 -114 161 -484 256 -780 655 -51 -284 423 1144 1446 -378 -170 1265 1083 -1032 -143 -69 588 -1084 361 -676 665 -636 492 -580 103 -1045 -216 -93 594 231 212 158 -859 -72 -1434 -48 -564 -183 -451 -940 -56 -877 1077 794 179 -192 -846 47 233 -829 368 -781 -780 -1052 409 -736 339 717 -114 533 -422 1225 349 707 -131 477]
[6 337 1321 216 515 553 -224 -154 -1258 -540 341 -134 54 284 -1419 -269 751 746 78 242 628 75 93 1321 379 -71 -260 82 1012 1054 -506 526 253 -554 -648 293 503 193 -19 -703 -581 403 21 569 -1242 -88 -81 -1011 -797 -190 -469 -473 -345 1037 -592 245 -632 -277 -774 165 1162 664 581 111 -2242 -486 -790 1633 222 252 -483 576 212 -955 167 -510 945 -536 628 25 -732 308 -643 17 -203 1296 -228 1187 -719 664 103 503 757 -337 649 -352 -345 35 157 107 1336 676 -24 398 -462 -640 56 145 -763 -645 1025 66 -38 -323 -317 -309 -1561 694 -134 327 -77]
[142 -576 -516 -470 797 42 -319 736 -204 618 31 -940 -190 -860 -462 -964 -279 305 -1080 -498 -393 -7 219 -222 -277 76 306 676 711 475 744 212 643 -562 521 93 529 -1050 -373 551 263 390 1144 1031 -289 993 -27 -35 -216 -711 850 642 -112 -459 -1149 443 380 -569 -74 -1461 -206 -487 705 282 682 -598 -940 -160 -136 -156 -793 -277 -470 590 -117 -466 1091 478 142 -109 133 -277 69 -506 -153 -514 1028 377 646 164 361 149 -29 -928 36 -57 -216 127 595 -367 -721 -162 -748 -613 201 781 497 -429 -1259 -266 353 -660 -242 416 -462 -112 -714 -597 -300 253 713]
[-118 35 -232 -900 694 26 -1041 -607 1259 544 1019 -498 -508 -784 1223 104 389 71 -825 746 354 -383 219 -57 -73 -1238 7 152 -50 -1110 1415 755 807 332 -379 549 152 -611 -564 943 732 91 -391 -869 991 -611 919 905 1258 -1821 -141 -552 277 -340 2 173 187 -815 -505 257 -1961 -1285 417 -724 -402 211 759 -752 13 73 -459 17 -558 433 25 1430 -211 -836 324 -475 597 -1697 1632 -61 391 297 1105 -988 676 -387 -369 -304 -552 -103 -230 11 187 605 -172 805 459 -701 -842 1431 -613 268 -274 1301 54 670 517 -480 -161 519 114 -120 5 73 625 716 -348]
[-342 -85 140 -622 810 -354 -718 -317 1035 51 258 -193 -795 -640 946 616 -614 699 145 -500 -158 -599 224 1126 733 -1179 -221 775 -790 -743 208 128 382 -454 -1084 -576 203 -683 -38 -1410 -23 688 -643 502 244 -379 873 -1046 161 -144 -212 429 -291 -248 -1434 888 696 -1474 -345 153 -545 -439 -604 52 390 694 488 162 -446 -476 892 -856 -249 344 246 -412 -113 -506 360 -519 249 -9 684 -1301 -766 -1063 8 -277 303 -496 -1378 1062 275 -224 406 -451 -336 1273 -587 708 526 -22 752 -90 -597 -324 726 112 126 436 789 -703 -619 478 636 -241 -274 122 -1107 -1272 721]
[769 -272 404 2008 8 1055 889 -784 -1275 -203 237 -443 359 -33 -561 -10 178 264 -1320 -590 -270 1091 -822 -325 546 232 -355 591 1212 333 618 -393 -72 -371 237 -594 263 713 348 -1073 -259 292 1120 -658 -692 -485 -490 -1055 1358 -440 242 -929 645 517 447 -536 -829 -113 -452 -429 -1299 -348 786 -118 291 280 208 337 -32 -153 37 613 431 -20 -993 552 41 663 -180 -17 -547 384 -1492 912 817 275 461 614 -813 11 241 -588 -137 924 -75 -550 195 668 1310 -190 352 290 -619 618 250 -506 754 502 -1082 447 494 52 904 -440 -277 -884 -166 -231 -133 739 -474]
[473 44 -1070 -945 101 332 750 -182 92 188 -32 -1054 -673 -561 292 -374 -215 -65 843 -151 146 -85 -405 -239 -957 616 457 -744 563 680 -266 -307 145 58 -476 -65 -945 986 -43 707 647 -635 739 890 929 -444 -309 147 -949 655 -244 -1041 172 204 639 -409 315 53 -438 33 1084 42 -47 36 -62 -324 667 -6 -259 -469 473 -535 -1038 -1207 -1318 -28 -104 975 -921 644 19 393 -399 -808 292 -844 559 239 591 167 545 -499 906 102 -125 411 582 26 -325 475 145 -149 895 157 1775 311 414 170 -1059 -92 476 340 218 803 -957 1491 272 -863 636 240 99]
[466 1672 -336 -780 929 293 -132 -679 873 102 -270 85 649 -570 -1318 627 508 939 -1427 -265 331 131 177 -1188 -484 360 96 1169 -161 -187 6 990 -238 -266 -529 847 790 -195 209 360 787 692 301 335 -309 -105 526 -437 -390 963 -1088 143 -385 -381 -1282 -908 -279 -332 233 1311 -852 -1304 754 -302 75 523 -31 183 -17 -360 -12 -350 -545 355 -863 190 326 -1495 350 -153 270 438 -492 437 -279 -141 -540 -44 -670 720 -586 -267 947 719 166 -887 -225 -979 131 -288 1264 -843 -1109 105 -59 -415 351 -518 -230 284 280 593 892 -679 -421 -220 192 291 398 735 533]
[-35 582 -1328 -41 1192 -438 1141 -647 -810 -944 155 -1054 -435 1193 -318 612 994 -240 -391 -954 51 -757 378 -270 587 -450 -816 392 -243 477 -558 -851 -742 -213 1887 -353 624 -1707 -3 542 -659 -347 1404 36 -63 144 -285 220 -307 31 46 -1173 -807 -668 -1388 -395 -344 -1301 -735 151 -1240 379 1001 376 121 392 -136 -425 -348 -547 196 660 -47 -120 1547 80 -877 492 -759 -938 911 -81 -397 -272 -72 12 -656 -144 -11 -733 -75 -131 195 -245 475 -269 -403 -625 -721 -583 719 -492 -266 502 -1073 229 71 -238 960 -102 -168 868 462 519 513 -1256 -720 428 -249 834 375]
[947 927 961 228 -877 -204 -1211 -447 105 507 -1196 -51 599 103 -281 1024 -117 -958 -16 -255 -335 297 -669 -433 1235 107 837 -131 -684 -157 -655 -1347 -942 1037 358 381 -496 427 -237 63 91 -9 -1667 -1211 -117 26 53 2200 850 -259 711 -1085 -651 -953 -888 -454 1001 710 -1250 -1037 135 -1516 -1033 -392 -1189 799 1169 -942 45 -140 -692 1387 228 300 162 952 355 -346 -1261 -555 1169 -525 291 -937 621 -1131 483 -1194 -859 -52 217 -161 -789 -506 -905 107 -134 -488 463 -850 398 228 27 515 453 -109 161 213 346 439 -634 502 -219 610 12 -98 736 -259 -272 101 147]
[405 -790 543 -758 86 -90 -604 655 158 370 -740 -184 -536 134 -1563 -1168 -821 693 -616 779 790 540 85 752 -375 -59 -40 -504 387 -639 -166 389 439 -288 -331 482 -335 1432 405 -166 -149 -384 -209 293 807 -41 1069 -93 305 688 809 781 -341 1086 1215 46 -857 425 -684 489 268 -554 -299 -496 -61 907 -954 553 187 -465 -537 765 943 -248 -599 -640 -1531 -762 434 214 555 715 174 -253 -1706 1006 704 107 180 1424 314 663 1009 981 522 -1249 661 -1503 371 -497 1531 -648 -936 -13 1054 -751 -967 508 -394 -515 1208 -609 890 1129 -803 514 -209 -984 -975 -707 1121]
[690 577 -351 -1074 -191 -225 -814 295 63 350 -331 -380 -1843 909 736 -708 358 -412 670 -215 118 -1617 -352 -380 -126 -998 217 -359 -795 445 -1550 210 1118 316 1317 269 -327 -78 -32 251 132 -972 772 -306 768 -170 -550 1136 -106 -434 519 -713 -438 -328 -401 -191 107 1011 -341 145 -130 -604 -236 188 -564 1105 912 -1405 959 -1388 336 812 -609 -439 128 -180 -505 65 -786 -1008 496 -106 -100 315 -169 28 532 186 591 -106 -727 868 -460 -717 -37 -613 -71 -69 -483 -599 43 -378 -120 165 -50 488 -845 245 538 442 -182 150 -367 2102 -1316 -22 1059 -702 167 377 416]
[1315 -89 -13 608 -759 530 216 187 -615 356 -389 -663 440 -519 -1354 -1181 -853 538 -259 -544 -875 -43 -865 -305 -137 285 -59 -282 495 212 -90 1187 773 786 -198 -41 86 -256 -54 -358 382 581 311 -132 -883 379 -324 618 49 -485 804 1050 -735 382 -1188 1121 1542 -80 -712 -564 410 -1348 593 749 -1496 -37 513 801 -316 -157 -619 389 134 -903 -381 617 719 28 -670 -148 -711 724 -405 276 152 158 14 -11 -416 355 674 -130 1195 -1333 -401 173 -809 277 477 -765 180 325 633 -5 92 352 -46 -59 -259 241 201 -216 -991 99 -1113 1010 -1422 -325 -260 685 1393]
[420 213 399 194 -1404 -395 -351 106 165 -633 454 1333 -509 1044 442 -148 -26 -346 1270 1156 -27 17 -738 283 -1327 209 -578 -754 -1161 -168 -112 -6 363 449 327 621 -967 312 786 1213 -522 -1006 -1009 -757 1280 -804 73 910 505 -273 -329 -792 -255 429 626 -475 -22 594 -378 -246 503 107 -286 -242 -250 -410 -616 -661 742 -731 203 -179 -3 -395 888 1090 -1488 254 -332 -111 382 401 416 177 358 636 -842 -358 646 77 -463 -224 -798 -738 -9 363 768 -85 -383 -452 675 86 123 985 -482 130 -1020 934 947 -378 -267 -389 329 369 120 -552 455 -165 1440 -411 500]
[177 -130 -57 624 -623 -908 -1006 -528 166 1067 370 -970 -820 1094 168 -442 -530 -454 -27 -954 -605 -106 707 785 62 -894 25 544 97 -379 -478 16 13 91 441 -926 682 873 120 -383 -477 64 -1025 158 660 257 -526 155 1192 269 -91 -743 423 -415 -629 -231 -470 305 914 -689 -496 403 -188 423 742 806 331 635 361 966 -121 713 1046 477 195 638 -430 464 34 -1146 -365 -1073 34 230 2188 575 921 390 -581 888 -465 -327 -515 331 -433 742 -819 1258 309 1540 995 994 -958 45 -552 224 -242 880 215 -53 -344 -1056 -930 668 713 -90 322 -872 307 -616 -1157]
[228 -222 495 150 -40 168 1262 743 -1288 1243 367 822 63 59 66 -796 312 -1268 -591 770 -411 234 -526 341 -667 867 -881 -768 -80 317 311 471 465 -760 498 -454 -600 174 143 704 372 241 1034 -401 -434 561 -963 -24 212 -174 348 230 99 252 972 -340 283 672 -560 -864 -46 -1030 -238 -24 1158 457 -926 -487 -163 -899 -210 194 -193 -228 313 314 -1549 656 -1028 517 293 288 -427 703 528 -633 60 -482 -522 381 -28 -1082 -578 -1099 561 304 68 -17 -394 -1279 -179 314 -455 602 116 457 133 340 383 -69 -1008 -488 -442 -20 -137 176 -243 -252 720 -40 644]
[-431 -588 -911 81 -977 1101 -955 779 179 1078 -85 959 -706 -506 -839 -982 -218 640 300 297 -219 426 1031 1219 324 -776 -175 809 -1025 829 385 -731 2 -630 224 644 -1570 280 -898 58 -260 -83 -546 794 -592 -427 907 1426 121 572 1439 757 -744 -1081 917 324 -1111 252 911 -1431 1005 435 -520 1450 -611 -191 164 981 -496 -272 -833 -754 -1283 -249 -715 -407 651 -96 -24 73 -226 -285 200 373 704 -478 328 477 325 -320 883 304 -510 116 -589 682 351 1032 62 439 -1402 428 -630 -695 450 -1004 -991 -716 -61 -697 -999 -627 -429 -1285 292 489 974 -72 588 -513 671]
[253 -465 46 1017 -475 893 16 -548 -422 -834 532 167 -13 511 1223 633 -403 236 116 676 452 1044 -672 -96 48 -34 -888 -872 466 -1009 121 223 259 -214 396 -564 342 311 252 -398 342 -422 -101 -497 1339 -116 -412 772 595 -489 291 -1020 -438 1568 -284 -183 105 -668 -74 163 -1665 -134 -273 436 495 918 -35 79 0 -488 238 -377 41 -360 -603 1045 -172 56 501 718 -172 142 -71 -1368 -1599 -306 1156 -297 -596 -543 -153 -343 237 -1047 640 -1389 -369 -372 -77 -363 1343 1521 303 941 -1352 312 57 -70 -136 -289 -103 311 -167 1058 -187 -806 2 -262 244 -398 -409]
[-1332 71 19 450 129 65 -283 -1367 -71 -874 1012 -297 190 592 1436 726 -64 -202 653 -739 -667 202 1036 124 133 -518 -366 91 -1106 -524 50 75 90 -630 88 -391 152 434 26 755 -469 548 -970 -413 829 -1548 1052 -307 232 581 -1167 -270 339 164 -546 -349 -200 76 531 504 -1285 369 -293 547 832 431 468 -282 -1129 -347 -216 404 554 1459 -583 708 -34 -824 1002 -1185 -741 167 197 386 -49 609 -215 -52 -150 394 -1067 380 -262 37 -188 -473 408 702 -53 287 465 442 -702 1182 -1728 -35 -773 796 508 1573 -1247 -583 116 -583 617 118 1308 -186 -459 147 -875]
[79 1161 1078 -334 -590 426 35 1 -459 229 383 -1265 -353 -282 -349 1097 1348 -917 395 -762 676 860 -249 -762 -166 -429 -510 -558 111 399 -479 177 1184 3 -159 421 -211 882 769 72 -924 109 -1331 -720 -295 -967 1088 413 150 576 321 581 -409 -73 699 36 -877 147 -986 1038 368 647 -233 -813 -2004 -126 116 -571 -214 -246 -1079 724 -309 -1194 -940 138 -145 114 -1065 694 560 -482 -244 -43 412 963 654 1105 166 424 -124 1886 150 727 566 -885 1038 1172 725 -364 1345 -433 -419 -14 1107 -630 -394 415 -518 761 984 1048 706 27 -935 61 296 674 149 705 -153]
[-47 -683 269 288 -313 284 432 -448 56 66 -134 -338 -424 373 660 -701 -1951 -851 -24 -653 -757 -269 -652 -107 -415 433 382 -1120 343 -1188 198 567 98 237 75 199 209 666 642 -741 -542 -478 317 -181 978 -175 59 -361 641 -918 -144 64 394 1012 630 -395 1173 491 -218 -1067 -294 423 -1128 -243 1979 147 -854 -503 -519 664 811 -65 66 427 816 389 -714 837 -375 241 -44 374 -202 359 -585 -695 690 189 798 51 -45 242 315 -201 285 -296 785 609 122 369 833 1007 791 429 -720 559 -977 112 253 -169 -1103 -353 -458 848 -47 -125 -230 -1142 -355 -489 502]
[493 775 757 327 355 -127 -121 -251 -239 -212 -212 -71 -351 318 983 67 -118 235 -577 27 588 263 763 673 577 475 -617 -684 635 -481 -1387 602 168 -249 125 -265 938 -177 -134 -806 429 207 -148 -106 580 1560 -410 -291 -445 179 -844 220 1035 391 -1049 989 1516 122 534 353 -121 868 550 349 161 -869 27 -370 488 37 176 -684 598 -72 -781 -539 994 572 791 -922 -739 639 -238 -759 -1280 -689 245 -31 393 233 -901 -291 1143 -903 -804 -84 181 -1028 -436 368 89 1128 991 324 -475 89 818 479 -226 832 393 -591 -1062 -738 -344 -141 -494 394 -1183 -274 -613]
[476 -28 768 104 -136 -347 505 524 -966 28 -1026 -1147 -505 248 550 -331 -230 -1113 579 -229 -1320 -152 -1356 -922 824 -296 -397 -378 -548 -106 -1383 908 1206 560 137 -409 276 398 -170 197 457 -204 -384 -566 -14 -760 -61 153 382 -304 339 -120 -2 459 -322 830 973 214 -1330 -1363 -378 -300 324 -83 -501 79 400 -832 378 282 589 -7 596 -279 844 257 -112 249 124 140 130 -284 541 234 -125 734 865 -364 824 -519 -1046 363 19 -826 45 -160 -690 1076 240 -439 973 626 180 432 66 -1136 -612 1186 -637 221 -1073 -103 203 500 -283 758 -228 -1185 645 0 -243]
[194 -583 102 331 103 -191 -1291 -349 33 266 578 114 8 361 -78 150 -703 528 -446 518 38 1071 -500 -149 -493 -308 68 527 -989 153 851 277 263 -170 -1269 -38 -427 584 -623 -132 542 217 506 1077 259 -674 855 -1049 559 417 -425 -285 -1084 636 -318 -770 -513 222 722 519 -750 -380 -237 859 241 789 -893 1493 466 -610 -436 478 -861 -494 -760 -331 240 -1586 598 98 493 -98 748 -369 208 397 -87 -177 -1229 1237 758 737 827 -682 524 98 -68 -274 910 -328 930 38 -1870 -179 -171 -722 -1757 -560 -608 -381 48 -515 269 420 -235 -4 1336 244 157 -393 -313]
[57 -15 -1126 590 198 283 -41 133 -1180 256 570 -959 -168 -16 313 -232 649 -830 858 -482 -298 11 -42 -97 -553 768 381 -314 394 1444 139 -1102 249 -1052 -697 -399 -263 -498 -479 -395 -464 -322 1942 1048 -507 213 -569 615 -713 -189 -178 -818 -1163 -342 75 -81 -225 285 244 -633 473 -64 -1091 -234 -640 6 605 532 -408 -557 -527 198 -1430 -1185 -72 -1208 128 767 -943 122 440 85 -317 -467 65 -425 211 174 -109 -63 979 -621 212 -385 -91 -22 140 -597 438 15 234 256 63 -445 822 571 -257 -147 74 810 -414 557 -1212 515 530 -261 -231 -331 358 1125 -304]
[218 674 -14 165 139 -407 -205 504 98 1573 -727 302 -488 9 759 -170 450 -342 -1317 -49 -9 46 133 -575 404 165 494 513 1088 -561 -143 -436 -148 1133 743 -394 741 -101 -306 -1286 -180 261 191 192 613 109 -497 -279 620 -872 358 644 1048 -861 -404 -61 1523 -127 73 -565 -734 -780 118 -381 317 -503 -476 -593 669 620 241 135 -68 1569 50 -194 -1024 -94 1005 14 904 69 -636 20 -415 -315 181 -37 -1099 -159 -1442 62 -275 -234 -569 119 -713 -188 -151 -422 221 -396 252 270 339 -203 796 -86 -912 449 -331 -447 81 -57 -420 259 491 710 -17 -94 -871]
[406 279 -34 736 -765 947 793 -212 -1406 574 62 430 663 463 582 -835 -496 -584 -858 -872 -919 833 857 71 664 1202 -443 -31 -167 -218 100 -964 -310 -188 -430 59 1105 405 -156 -301 487 628 699 110 196 756 -2043 -340 -567 554 -655 -370 -38 360 -910 -238 171 1036 848 652 -75 445 -792 200 1232 1034 -98 398 -860 -345 170 58 513 -251 388 -538 149 593 -887 160 -143 1617 -1805 -828 -1256 -352 175 -25 525 939 149 -936 986 116 -27 275 -378 -1317 1043 128 139 -89 23 -735 88 73 225 123 245 277 -483 77 -236 -272 322 79 -298 -506 -468 -321 669]
[664 -873 267 -172 -474 -659 -349 1684 -258 628 413 24 -347 -365 -687 -36 -630 38 -58 -30 -343 106 -326 602 -518 -558 -411 273 -590 1145 843 -32 556 -381 412 363 -378 451 -130 430 7 229 -185 -529 -388 -1679 -209 186 51 -7 1216 -241 1165 444 1094 -62 -1171 646 -844 169 1176 -744 524 271 -460 252 1141 -81 309 -697 -498 940 91 -504 60 -849 181 -552 22 -307 -569 763 646 1947 1863 963 269 36 398 85 1549 -633 -339 808 -124 757 -150 -576 739 -806 -682 -660 -492 872 -1285 -234 -1478 -304 264 -12 -67 -390 348 453 -1090 -388 -355 441 619 517 239]
[-122 -352 -1343 448 592 -84 150 934 -169 87 706 -737 -66 153 -1250 -853 14 124 1099 -534 376 -353 85 423 -446 -397 -765 -598 22 -90 171 -291 756 -146 399 -62 299 -469 -56 384 -129 134 401 -204 868 -243 411 -57 471 -547 -20 -568 -359 557 534 129 612 -1680 -771 1383 824 -867 -737 860 -244 1132 206 190 -59 -982 -494 752 -749 -109 -506 -76 -898 -762 -626 128 -347 144 214 -372 -640 -259 -236 724 -180 416 -421 18 563 -166 544 -1671 -110 -1053 231 62 1175 -947 35 322 48 887 365 226 641 620 566 -371 -266 207 -535 111 -9 1424 -114 404 1494]
[-905 -494 666 -16 672 294 224 -187 1051 468 800 -658 361 -222 -208 -359 -313 -517 1003 295 -662 222 -400 140 113 -660 -686 -394 715 -105 419 898 673 -318 -664 -592 109 -43 363 -933 690 707 -751 -1169 204 -1013 -253 -961 1030 -655 369 -668 896 593 246 1056 458 244 -776 200 -44 -1936 180 196 -325 -43 -569 -203 613 -410 226 74 -386 398 -1100 1896 241 -424 773 -330 -54 -9 351 -178 -960 350 1004 274 -431 -470 -814 681 -863 -361 423 -1065 -569 665 -506 -144 -159 -365 -2160 858 -312 -67 1068 2169 -1034 1180 122 -1740 -73 -467 -749 1080 97 -130 308 299 -400]
[42 691 -398 -319 535 -220 667 486 -108 331 659 -306 -205 1220 -1903 -75 77 925 -909 27 -223 -735 144 -687 -570 238 -913 -198 -506 258 -635 1163 -195 -36 97 343 184 -344 261 1060 -743 716 337 -232 72 -580 515 554 -906 214 -13 1849 -651 -989 -42 112 -644 -791 -1818 434 -88 122 854 339 -915 279 -147 654 242 41 -600 -792 -473 -1096 705 -849 -1173 -504 -490 311 321 -695 -83 -70 138 306 -1179 -209 -628 -329 -729 895 511 -231 1523 4 278 -217 -920 -883 901 -526 737 350 148 498 -327 -681 1181 -536 353 385 612 790 237 -295 -1603 1106 -415 553 2152]
[146 487 -1475 -1092 75 218 202 194 482 139 -843 758 -535 -971 1518 -834 -47 557 -434 227 -749 77 818 -59 -269 -432 409 -481 -210 -1319 -269 -651 322 440 85 805 -463 -296 608 140 848 -517 539 620 793 387 -196 707 -853 202 -273 527 -605 -143 71 -599 745 -467 198 -448 -405 -164 -33 -1013 553 -424 551 -472 -538 909 638 -1217 156 840 1430 -8 -444 -266 666 -1040 1185 -103 -61 54 -129 -684 -273 -508 1752 -671 -7 -714 -288 930 -512 172 814 93 -294 272 -1039 826 1789 -327 507 52 -278 857 321 -861 -457 412 -318 -64 231 58 -243 -1461 -249 -918 153]
[-1316 -318 -249 1309 -18 553 897 -259 61 -1100 282 -272 1540 -70 757 131 -649 -188 203 -704 299 723 276 -509 -190 768 -855 -100 238 679 673 -163 -391 -1082 258 32 1353 -620 1075 45 -60 -81 457 1007 262 341 -384 -982 -887 237 -399 -681 -490 233 -897 578 201 -462 756 -417 -262 766 383 30 115 -611 -1684 -255 -481 -467 26 -1029 265 160 757 965 1412 214 1018 -165 -492 1400 -637 -289 -343 -1051 -592 450 278 -55 417 -430 1294 231 -539 -904 -368 350 -93 -573 51 910 149 -671 -956 441 786 -42 -602 1315 -317 -7 555 -992 717 -631 -907 806 540 677 -918]
]
