5399.492847 2924.608057 1.02831597 67
[[536 95 631 1 305 -483 75 337 580 3 -1003 -475 374 68 -417 267 120 -281 328 929 356 -517 -148 -351 237 -163 187 511 90 -713 -155 1570 -959 48 -309 -39 -611 -708 99 22 -267 379 118 92 -504 483 112 -1245 367 -420 -76 -517 166 -66 174 134 -398 582 -467 1156 77 -182 -31 -138 -425 -196 -57 -384 -41 457 820 1 64 429 -959 -506 157 -240 -1096 -337 1128 -388 395 -289 228 -201 -177 -317 229 642 -42 -170 -153 -121 335 54 -684 211 663 -386 422 -655 573 310 335 -211 -103 -274 -30 427 616 -457 -254 -667 68 -9 -336 181 -1832 501 -376]
[-603 -1052 -24 -721 -534 192 579 -80 1082 -187 1224 209 440 977 139 -141 -343 571 -635 -139 -595 -183 -52 390 -411 163 63 643 -341 -85 351 298 620 -203 675 476 -93 905 178 -462 -195 286 -15 375 704 -856 441 -358 -461 175 983 198 187 -261 -246 183 13 -213 358 -956 549 201 563 186 368 470 46 805 -584 255 -601 -296 598 -212 411 -26 47 21 291 -20 -552 564 678 -1073 -916 -117 -343 -208 248 38 45 -146 -79 140 -1062 -369 -39 -529 242 0 150 586 -1105 278 342 -384 -505 -21 1223 -446 -564 -575 203 1129 512 -442 -187 229 307 587 52]
[-109 -218 285 -128 -372 -264 681 499 653 -370 57 -815 319 258 6 302 884 -3 129 -525 450 -358 -320 53 0 -290 168 543 333 -475 -702 239 3 -373 -446 242 -102 530 581 348 -778 938 5 1130 295 -705 34 -1335 -366 -656 535 -90 494 -438 -14 766 -989 32 -141 -496 1142 158 -433 319 84 632 -29 -490 216 732 190 -436 370 -453 -499 -930 597 -681 -879 -155 1207 409 76 563 -553 -120 -566 746 318 350 70 101 204 193 -504 -641 420 65 951 -1618 1005 -594 -59 242 126 -538 -125 -146 995 -128 922 -746 -671 659 -4 -520 -732 -870 -584 357 -271]
[493 -472 256 -96 -355 470 -197 -950 298 -600 -587 -20 -90 -108 30 19 -434 -8 -157 245 -34 -666 89 -85 -195 -342 -225 -234 494 2 -603 504 1028 403 129 204 33 590 -553 -35 358 -328 -133 -1134 -227 1122 289 1465 -331 -382 -884 637 838 -897 100 -180 621 21 993 -288 592 -85 812 -235 649 325 -242 312 664 -235 -658 -251 -871 893 103 -156 -419 661 -23 391 -807 519 1107 -344 213 -130 876 -392 -306 400 427 753 -227 411 115 982 -524 -117 287 645 -681 -34 266 113 -439 1298 471 134 -958 87 -712 204 472 -289 -192 167 292 446 775 315 -33]
[379 699 -38 511 -591 503 215 -105 -878 -274 130 -573 -162 -11 217 370 1053 -574 -390 -328 -132 -105 561 -82 134 -1016 -711 -634 941 191 -688 -264 666 944 242 16 371 -124 -773 -511 -167 451 -613 65 -685 -417 -267 1308 183 -170 6 657 320 -447 -42 -77 -210 -968 282 -689 1058 7 202 -150 535 1202 132 421 951 -673 -1338 -834 -186 379 -160 -675 -257 -760 -68 942 -140 917 10 1277 -326 804 841 980 179 -445 -236 1523 140 470 925 488 633 -191 -707 -392 180 -454 -153 141 -1408 516 44 670 136 -5 990 239 -996 843 -263 184 67 -427 802 -143 180]
[332 231 618 63 1280 375 -741 -68 -631 -117 -469 654 -547 -437 -49 195 1205 -171 -192 -551 358 644 863 144 695 529 250 -73 314 321 985 -855 -784 -192 -714 59 552 -150 362 24 72 685 -606 -149 -758 498 -166 371 100 392 -353 -50 -1277 952 592 56 -89 1088 -1312 1144 -470 -212 -626 -544 -687 -1041 207 -87 145 310 108 -561 603 -692 -104 360 -81 264 -107 -435 358 -1242 -104 -73 276 -84 -833 -402 -501 -794 754 -1334 162 -553 731 420 -199 -95 -485 314 -354 307 161 193 1072 -202 119 546 209 -11 484 1014 20 -883 -106 45 355 -533 -506 -379 308]
[90 -81 -520 1084 -940 -301 72 23 406 458 34 -619 -97 290 188 807 -14 -364 -285 -671 -302 -317 -1034 729 251 230 -577 548 1214 -339 -239 320 599 331 429 -169 140 640 -690 -406 69 930 151 -757 -95 -386 -136 -775 233 -135 650 149 753 -268 31 -48 -1015 -302 1282 159 1204 242 419 199 182 154 -127 -7 502 63 -189 -112 -830 62 218 -531 305 -738 -517 179 74 1731 576 122 -1086 182 -10 420 1026 828 -257 995 209 70 103 -174 31 21 1144 -130 440 -967 692 -570 -1199 39 -164 -37 69 -722 286 -1180 -250 753 740 60 331 -233 48 457 -465]
[418 2 108 36 169 -644 1041 -82 233 -732 1019 -432 277 310 -504 -2 319 -19 -205 217 37 -1046 192 -837 -152 -568 -894 726 78 -18 -608 901 886 -266 -139 487 -886 315 329 40 198 69 -20 982 121 -691 134 247 -194 -711 132 57 186 -649 -221 -234 315 -1246 -785 -1492 697 -38 -401 155 513 1793 72 28 138 -133 -243 -865 1036 941 58 -679 -885 28 -331 161 735 545 500 746 304 480 218 675 -211 572 128 1124 -304 660 -58 -892 268 -121 173 -279 1218 331 -662 449 -788 -514 -1013 591 1219 340 144 687 -301 1088 44 243 -410 563 371 374 582]
[-53 -684 23 -194 -489 -594 -375 414 -416 150 -185 981 -64 130 813 -4 -4 -82 -631 -1545 -136 -279 90 447 -182 1137 1047 -320 -586 237 1241 -903 -8 -19 346 69 885 521 -127 -775 268 -49 -154 -32 968 -286 84 -531 135 1079 512 -69 -456 922 -129 771 -385 416 -341 637 -81 -291 454 -248 -182 -624 631 13 -129 753 134 374 139 -1507 170 463 443 -174 320 165 -225 327 -487 -1143 -1191 -1332 -1046 289 468 -172 828 -913 642 -364 -646 221 -228 115 1235 -60 -496 -567 -384 270 425 -526 -329 -86 1400 652 708 -807 284 -376 174 -663 -311 -481 299 -298 509]
[-388 257 -715 -176 -235 -101 182 -554 227 397 814 690 182 759 -26 7 -1205 -326 -142 97 -635 -392 -291 25 326 1102 -483 -784 326 -161 -193 362 -59 615 335 73 357 -53 -696 -543 152 -365 614 -258 -315 -240 -322 315 825 438 1105 -346 408 193 -746 -887 -177 -1318 115 -215 570 -365 1209 382 789 369 -190 1280 -177 -263 -169 130 -112 -313 264 581 -492 -333 -273 813 2 1180 -550 17 -427 -801 -64 489 675 -208 217 536 274 -58 764 -611 -17 -548 871 -100 330 -926 -568 423 -1767 -48 -362 -644 326 122 1053 8 -461 893 468 -174 466 400 5 2 452]
[335 158 -1003 162 -327 607 19 -366 -1197 333 -654 758 10 367 209 348 -891 -602 75 -434 -343 613 -113 29 384 211 741 -1116 -17 -37 92 178 157 6 785 56 227 544 -530 -275 -6 -340 73 -54 -258 -246 -761 62 306 1082 498 -376 -93 -161 -511 -1013 -182 -356 643 -224 448 -199 1742 -63 762 -526 -919 717 -428 -449 -256 4 22 -687 -135 1210 -238 -449 610 1087 -829 1011 -279 -426 -1203 -334 317 -200 253 -359 446 -458 1397 10 506 575 -27 -481 651 245 -473 -562 119 323 -796 -220 87 87 -38 44 913 -1408 -519 381 92 -637 334 463 591 -289 727]
[497 67 466 -283 -352 -656 -121 272 404 -287 -754 -705 175 404 274 807 1056 -181 -359 -173 -254 -759 459 -15 -651 -257 718 347 -99 -191 756 -140 -850 654 -59 486 521 -504 83 -513 76 1164 -1239 470 289 94 21 -1013 499 -702 612 -383 414 0 306 505 -899 1683 -15 954 262 492 -98 -247 -584 -364 144 336 81 508 -478 -702 354 -808 -829 82 186 -829 -360 255 850 563 1080 -279 -542 178 -948 29 715 -561 689 177 84 -1312 -729 360 -788 11 -455 -9 -848 -202 -473 299 479 -284 60 757 480 -310 476 -2147 -646 -625 145 -416 312 -732 -1284 379 -571]
[-447 328 -302 -46 94 158 289 1151 -459 648 786 -749 -253 -193 -157 -429 931 645 31 -589 251 1490 -884 910 781 303 -650 285 925 121 303 -879 -1147 210 648 -784 409 -733 -43 -1223 -337 464 -150 619 42 -906 200 -822 186 595 584 142 349 539 708 1245 -1055 -1224 669 283 328 -124 -935 -196 -536 -175 961 -600 68 -178 -160 670 -217 -315 606 -836 930 -338 179 -287 -82 -48 -812 -32 572 1110 406 106 408 364 -2596 251 -339 103 396 192 487 155 -1058 -178 648 -35 789 -969 -139 72 -90 -27 260 -472 -70 360 -585 389 539 647 -221 -968 395 -611 -520]
[96 295 -490 720 531 497 636 -115 -314 -32 -348 -383 -148 -575 -202 766 300 -154 -670 996 73 373 -508 -29 974 -1189 -344 638 1064 -928 -338 1731 36 106 -107 324 -968 490 214 159 -896 907 -240 260 -690 -228 -71 71 -280 -391 -385 -56 -573 -831 -63 -92 389 -171 397 -391 1036 225 978 -403 -320 1205 -225 -126 926 271 63 391 497 855 -393 -633 -566 -214 2 -708 238 584 155 356 -1192 387 264 -179 50 761 -431 493 40 86 61 -158 -211 -263 509 -810 1181 -725 -168 -421 -103 -296 423 160 389 -215 -21 -379 -291 57 -94 630 -559 200 -942 934 243]
[91 299 1176 2 1083 -424 527 -71 252 -591 762 -247 -370 -494 -594 -823 677 40 828 -92 1779 -276 -145 -90 415 217 62 913 1047 258 -899 -621 -325 -957 -1173 -251 -372 -233 628 287 207 414 -359 -792 -37 291 109 -89 -415 -646 -429 -208 303 356 992 949 105 60 -458 693 985 -636 -1399 -106 -227 -826 928 -1253 -289 1001 78 -744 391 440 720 -659 -82 775 -569 -952 607 -963 185 275 1070 25 341 -180 -958 30 -332 130 -49 -403 -204 266 -104 332 822 128 926 -193 648 -192 626 612 176 -665 -1005 -41 -45 1232 -171 -63 333 809 631 -461 250 37 -636]
[688 714 -672 215 -342 -78 93 18 -72 96 -1068 -987 243 169 -198 417 -137 69 1137 555 -31 190 -319 -511 -614 -179 -90 -28 -374 -429 -7 -733 -1013 -509 165 -111 364 -1022 375 429 -580 -262 -14 891 165 58 -764 -812 -174 -1024 483 6 48 -576 -258 -744 -548 -125 306 -125 -1317 328 47 569 137 379 -878 -553 423 -886 583 170 333 -328 -572 1140 200 -774 -407 512 397 -287 -556 1068 725 673 248 240 1105 -155 -885 -32 18 32 353 -808 720 243 -1808 155 -686 1036 858 -192 -583 184 1043 441 -1579 -209 411 -472 -263 50 -880 -117 -663 -229 -164 -423 284]
[388 73 -374 -261 -783 -1638 597 -218 -634 584 192 214 155 187 -260 430 -168 -410 97 -143 119 -1545 -443 -740 -677 66 450 129 9 688 258 -601 -1127 -26 -158 168 -35 -1752 272 -320 370 -285 172 324 651 -743 -455 -1120 505 841 593 -814 -130 -367 49 595 -572 37 55 521 243 -389 -134 446 -355 47 687 -937 -969 198 72 427 1157 -649 169 961 27 -223 227 -386 1053 1020 -787 -195 -328 -416 -585 281 127 440 -123 544 -420 -1202 -324 -198 -546 262 377 337 517 -282 267 -246 -235 60 -731 -468 -453 381 662 -1013 -171 -89 552 93 397 355 -530 122 -210]
[-340 700 1026 235 521 1074 -156 211 -917 -24 334 1132 -608 19 -11 -294 290 239 1276 154 682 418 706 -170 15 -72 429 276 -396 821 284 -927 140 -866 -585 -480 -167 -902 -644 123 -938 104 -58 -859 -423 -290 -419 995 -333 -963 402 -108 -975 1449 17 -669 670 -1295 -1742 -186 -800 -365 -476 -46 327 177 254 -295 125 -171 -155 -324 459 151 861 56 -526 3 -347 -293 -13 -1347 -201 1305 935 198 701 244 -811 -1165 -141 240 236 712 203 -562 1016 -329 -526 -70 -64 163 -286 339 120 398 403 -4 -356 455 1154 1727 -557 863 -274 723 -321 -59 1096 -525 -139]
[538 -84 -8 1011 501 -68 399 -112 -798 246 1040 969 43 290 226 -1170 48 -280 -801 -222 340 467 1019 231 473 591 -562 126 -27 37 586 -557 -7 -152 1049 -750 9 -456 -381 -352 1165 -733 -204 271 -267 -566 -43 704 -52 581 54 709 -1069 1375 803 237 396 -320 -1104 445 -528 -616 -24 -207 85 -796 36 -503 -302 326 -591 -647 1131 750 850 -223 -745 -518 675 -191 -1416 -730 -260 -749 -818 342 631 -841 750 -57 -801 -731 350 192 71 520 386 -90 -45 1920 -36 1564 -432 107 15 -399 -535 226 427 -317 -490 1554 8 690 -74 390 96 490 1079 59 487]
[-223 -132 -1425 709 -452 -796 572 -355 -302 162 -271 437 963 -70 206 -180 -822 -245 -381 -257 -1443 271 90 59 -895 113 -207 -314 -1243 17 -116 427 1707 -608 -60 643 -240 433 343 1213 730 -1845 507 827 589 -221 -54 466 195 215 -1014 270 175 -629 -668 -159 346 294 -195 -1013 -726 71 -384 909 62 390 -675 -230 -442 -770 395 184 -515 69 243 52 -531 18 1116 156 -934 1141 -397 195 -761 67 -87 -150 75 965 435 -210 -432 311 -813 467 49 276 75 821 -283 771 -358 -104 168 -584 -720 -499 570 193 -1069 313 1267 -97 -1125 -269 -1000 653 -17 -46 235]
[957 686 -489 478 82 -637 175 -212 -78 22 447 -117 198 494 -804 460 3 -636 -675 -119 -661 -114 376 123 98 51 -146 610 339 988 1248 -1001 444 -255 314 -18 569 -459 601 -959 1286 -33 -658 -702 102 -991 50 302 1068 1423 577 -138 -212 -130 119 -404 -147 60 -276 932 267 -812 571 216 62 -30 664 610 -1092 -1083 -597 -1142 961 -732 448 1154 -573 -13 477 560 -1047 1410 -279 -637 -571 317 -240 -29 -159 -343 387 271 -246 -1139 701 982 -253 -788 -942 2261 57 1288 122 -507 -278 -767 -1535 846 638 -326 -481 -658 269 837 312 -218 1339 862 2 -432 473]
[-52 -275 -1 7 -707 611 407 652 159 614 -156 -487 375 695 -4 -966 -400 70 -329 554 -95 -63 17 222 621 -731 -332 -617 -493 -45 -273 260 -385 1033 883 -51 234 -826 -86 -489 727 -692 230 1164 -480 -120 445 67 411 1056 410 716 573 169 224 460 -386 -700 424 540 -199 -1445 717 347 196 -8 -300 429 -622 8 -385 -32 93 351 -674 -465 26 -573 -1161 634 -689 145 -262 -626 -134 -74 464 211 629 774 -402 -339 -1043 176 649 976 451 151 -416 407 391 -117 -307 605 -26 70 -797 -86 676 -457 -261 -637 -754 340 414 -441 80 109 -338 565 110]
[-887 -1281 58 -910 51 1100 524 -182 -42 595 906 1179 -573 660 611 -415 -452 758 -690 1474 250 219 -175 15 18 -960 -16 657 100 -260 746 517 -979 -359 851 66 -1188 -861 -272 -766 -640 556 405 363 -803 -184 177 1687 -340 376 358 406 -798 559 427 576 772 -219 -8 -484 -388 -17 437 -355 168 418 -376 762 39 495 -1191 491 1245 1234 293 -205 -690 -482 263 -371 -327 -818 357 -1286 -254 -33 906 -790 -446 653 -929 -327 -779 208 101 197 37 -572 -655 548 836 101 -1407 39 559 298 -134 225 665 -514 -459 236 -652 274 849 464 268 410 495 1144 36]
[302 -373 -924 1122 298 -384 -71 -78 -1041 566 -1020 -289 -193 -291 183 1269 316 -419 436 918 -943 -279 82 -396 97 -736 -240 761 439 114 177 1063 420 -102 -239 561 -1332 -856 -486 -90 71 136 314 -645 -562 324 9 197 -207 36 -883 94 -453 -240 -21 -1041 -231 794 346 -194 -347 868 -581 -41 -199 310 -211 -438 1197 -438 554 184 -266 1325 -220 -504 -76 107 -414 -546 1407 403 676 222 -189 336 -105 -424 -714 1516 -88 878 -98 553 483 687 -751 53 236 471 1008 -876 974 -694 40 174 -543 29 -25 157 -276 -15 90 -1823 1027 839 177 650 -109 629 -81]
[216 -64 -1459 265 -423 600 358 -455 -648 -437 -1119 -942 -87 338 -383 689 416 369 481 595 -640 772 -518 364 911 -1174 169 544 643 272 247 -248 817 935 368 325 -152 -228 451 -409 -553 -33 -1785 -94 302 -343 344 -311 -92 -373 132 357 652 -702 82 -751 39 -721 1899 -631 616 -398 1466 -87 391 679 196 140 730 -941 -1233 -192 237 155 328 427 -182 466 273 47 -1633 1154 532 -124 -760 1266 -124 -644 463 734 -1377 1420 9 -279 -302 672 314 -431 -1249 681 -895 364 436 -1163 69 410 418 32 -514 -509 -739 -1146 382 328 397 1014 -789 -136 720 137 115]
[1015 -218 751 -76 620 -636 223 -837 577 107 -398 -359 1125 360 -1079 772 -64 -659 202 -165 -822 -853 965 -732 -628 211 113 679 807 528 243 1342 244 -82 -812 805 -127 31 -43 -7 589 -43 -534 -973 449 -556 183 -422 -499 113 -553 -401 19 -787 474 191 -584 487 -556 578 1377 2 -185 65 -252 -435 675 -339 -336 490 558 -918 308 253 124 -531 -288 1043 -122 -299 616 868 1747 -897 -334 -722 -93 -695 -495 216 899 475 324 -347 -297 675 -1502 -1023 1016 475 1061 -61 253 -412 722 776 -517 129 3 254 -102 45 492 -505 764 119 886 934 -751 23 -248]
[342 564 -1652 1364 367 -1030 0 -165 -27 367 -821 -510 -99 -369 -244 479 -867 -557 517 -669 551 658 -958 -48 769 -32 -302 -173 704 -67 384 -716 225 -183 -662 -348 407 345 954 1165 -88 -559 626 137 -244 -668 -288 -536 103 210 -660 -30 -612 -136 232 325 -457 -696 15 858 -972 -854 12 840 10 -139 -573 -966 -273 97 771 308 41 138 452 667 -112 1153 554 -823 -137 -54 -987 -61 -724 -64 138 276 804 755 210 -81 -424 -12 467 -860 1044 557 365 645 732 190 771 -1240 -293 -673 325 -373 -1376 38 -24 285 930 777 -292 911 -119 221 77 -937 433]
[-1208 879 -209 -12 -845 324 -557 1388 131 839 117 619 -660 -254 629 215 -507 321 80 783 18 870 -555 573 450 -135 -611 -32 -624 -845 -61 531 -861 1148 353 -724 -459 -476 -787 261 -960 62 926 338 -881 19 73 -364 1097 -330 546 -356 610 475 -770 -527 774 63 -384 -333 -749 1040 538 5 -656 729 -223 87 659 -430 -57 1373 -829 216 -679 -775 186 -1597 -634 39 -461 -220 -1032 1570 26 -49 -580 364 518 -174 -1021 367 -462 -465 506 -772 340 -397 -941 -1136 -377 -295 -834 -235 -275 -332 -266 -271 1012 25 966 -747 -1084 158 -296 -387 -1031 -630 -1272 786 -310]
[110 661 273 -490 -260 30 31 262 -317 401 1212 -76 205 438 88 142 361 -385 -260 -1660 -181 338 492 624 466 983 -468 -412 35 947 506 -1129 -76 815 -799 284 1548 575 330 -433 471 -26 -152 329 284 -862 375 -25 -318 1315 1137 492 -701 243 -378 -60 -562 -994 -503 120 580 -954 -81 645 -814 0 675 -62 300 -335 336 -1154 564 -1797 -216 353 -115 -745 -1556 553 115 383 -884 1159 -76 -833 -1027 625 322 -810 570 -204 245 -427 937 -284 894 -847 -477 -63 797 175 173 19 -3 437 -462 817 1027 -99 1087 675 -583 302 126 -1396 1050 -700 -342 -435 1348]
[1116 -429 102 296 56 -377 -276 318 643 -261 -888 -559 131 -30 -461 1261 357 -492 -1108 496 -210 -328 899 -1001 -575 -592 401 954 -371 127 1507 -325 -325 -242 511 -386 118 137 695 -145 744 387 9 334 226 -778 -244 -1129 -619 1428 -514 284 -813 -233 689 7 -699 1523 -831 300 -530 312 198 -611 -123 -162 285 -101 -885 254 945 -520 1177 -584 -511 1215 579 954 853 -1126 711 -338 -199 -1425 -1119 -588 -992 -284 274 -491 304 -1097 371 -60 -135 -407 -889 -115 -118 310 394 1129 -447 -409 781 -1489 -1050 1165 429 106 -395 -820 967 231 530 -774 99 611 -204 158 594]
[-248 -1056 218 -714 -45 619 220 -436 -411 710 -630 1140 364 156 -750 -153 -10 467 -103 269 -894 155 -463 -91 -149 -32 417 135 -912 -277 155 1688 -613 -835 -214 985 -777 223 387 -184 -245 335 -1126 1085 -82 -102 -440 -229 105 633 -151 -899 -425 -767 62 455 290 925 229 202 -199 -4 -484 -361 -922 360 -108 266 -824 549 570 1488 302 215 -728 -205 -776 -3 208 40 -192 -376 827 -1154 354 105 -386 -525 -638 1361 408 -1893 -763 -208 -620 127 -808 -140 -168 -780 305 -485 -377 559 1327 -379 -478 733 789 -437 -579 -853 370 -888 136 456 -461 834 -966 537 120]
[-255 -392 -23 -366 605 811 -87 98 -517 -105 626 1255 -188 -256 368 -1044 -256 -50 -320 -1039 -132 834 21 -449 -359 1307 490 12 -379 484 559 -442 11 -1058 244 156 246 521 -230 -349 30 -347 808 -927 478 197 -618 -112 -488 1051 -391 -61 -205 1057 229 19 429 -1363 -838 -659 277 -129 76 -493 592 -1421 203 343 -1079 137 127 15 307 -166 1457 530 128 755 1179 -551 -621 -835 -455 -475 353 -1059 96 -398 -735 -1288 381 -1107 1213 597 -719 -547 -360 -264 1068 -419 -22 298 -956 172 266 -41 -190 -555 274 699 405 1000 422 648 560 -776 229 -61 1087 -960 57]
[569 -282 465 363 1338 440 -159 -622 79 491 -987 213 226 -75 -468 -187 46 722 -948 -509 -422 -422 -798 -208 649 2226 -1186 -139 854 -1135 457 1322 -1232 256 334 900 681 567 -210 3 640 220 143 518 -323 1061 114 -432 144 -377 -38 -182 -296 314 501 106 400 -442 -711 534 346 18 1186 -1063 208 -435 71 -25 554 1108 400 618 498 282 225 -20 -827 35 -1096 110 -259 -383 1370 -247 632 -651 -1251 -134 713 512 822 -1574 -149 -677 320 -710 -1284 -112 1015 -449 34 199 -15 791 -293 859 350 71 674 -73 -281 380 -84 -827 178 -58 -678 -249 -1500 892 584]
[-1421 -559 417 -86 -1124 266 -58 -264 510 1107 1082 -56 606 46 234 815 395 -28 -193 -857 -939 104 656 1180 -956 142 -503 -134 1297 -277 -802 253 464 -256 184 789 -132 423 -921 312 -1000 536 962 -603 -197 -632 -228 416 -261 -215 149 431 208 -597 -148 91 -32 986 813 -877 2061 1143 233 66 126 -155 -160 570 268 40 -797 -118 -1285 -355 94 -1159 622 -827 117 294 -437 1545 856 84 -1808 -377 337 919 -53 -212 -325 698 -34 -903 -571 986 -370 -849 -121 -668 147 -612 -371 -259 108 798 22 -871 983 -949 530 -267 -655 -29 590 -578 217 -329 -301 764 -605]
[-164 125 -393 945 317 -498 -1095 385 430 402 219 94 -536 508 -114 597 -294 258 118 217 724 341 -1239 677 645 52 -841 782 745 -716 317 -93 -226 -760 607 -563 -626 -19 35 390 -422 174 942 -507 -1089 199 -830 -637 33 766 635 218 -140 565 -87 -537 -1195 78 -147 117 -1212 112 -330 862 -74 -506 -488 -593 -528 -882 397 -360 139 42 499 982 637 -65 32 151 133 -156 -205 -78 285 777 425 -301 765 487 -785 -569 -283 102 1561 -514 753 879 -107 1057 33 218 829 -88 -663 -600 -217 -700 -949 -474 227 1024 743 963 5 380 -560 51 165 624 -619]
[-457 231 -121 -1178 381 -116 236 -982 -1253 346 373 465 -760 -479 481 244 985 -316 181 -814 596 153 535 -564 117 -186 -212 -621 1000 401 -655 -1166 -1072 282 -1148 704 -116 -50 681 853 -610 834 -94 443 -506 -514 -52 534 -127 -512 -362 -583 -649 634 686 411 792 674 -187 -620 547 1214 -1072 -129 -233 -712 57 -780 486 675 -1147 115 579 -138 296 -438 -182 -1026 340 -417 -342 -598 330 1156 29 292 -963 57 -741 -1113 471 75 1225 -905 -80 -654 120 -831 14 -705 172 56 21 -1198 765 573 384 244 -411 -690 -127 661 -1136 -373 534 -269 1044 -803 -18 -531 239]
[581 -713 118 -438 -461 454 593 -750 -292 -339 620 576 -492 752 -210 -209 339 120 -505 -956 687 -920 165 -742 -655 38 431 157 407 192 -152 -748 -231 55 379 -284 389 338 -515 -793 -212 1100 -1142 280 -74 -517 -1348 717 197 -73 641 -421 -152 -1163 433 120 -858 -4 553 -183 1443 218 447 39 781 457 -766 256 -263 328 -1675 -560 1310 -213 134 715 -446 -387 898 66 529 254 746 -454 -502 715 184 -280 383 -82 203 145 19 -61 -497 -194 378 -367 -175 35 -238 502 -297 715 -327 584 215 516 -389 -581 1254 -422 -758 888 131 271 629 68 776 603 -471]
[-22 -590 326 278 -98 -138 -391 -225 -908 476 5 1424 -852 -481 90 550 437 235 -751 -693 -718 -842 294 695 828 1109 -716 -125 950 336 1522 84 -551 613 1210 -641 446 -564 -1153 -1455 -55 558 815 -655 550 -475 913 -342 -845 630 542 143 -1481 200 64 67 424 -128 -96 202 -262 864 738 -930 -397 961 1018 -658 1065 114 -134 1313 673 9 675 -444 771 626 229 -535 310 324 -389 -1239 -615 -295 -902 -364 306 789 -606 352 -581 685 438 452 -914 -274 7 729 -88 594 608 -297 -154 -135 -500 627 881 723 -766 620 240 -133 237 786 -178 827 668 83 851]
[-706 1087 -68 -796 -507 -1079 -85 -553 190 497 21 172 -97 -666 9 -212 -141 -456 -663 118 -289 -698 27 -627 -972 29 291 -1256 -631 330 -97 -875 -352 1051 -318 -171 548 -532 487 102 129 -415 0 -54 930 -25 -834 -232 1472 776 -41 -631 -685 259 -515 -191 -247 -183 672 595 -691 -468 -281 588 -538 -898 330 769 -1226 -799 -387 354 -887 -1964 -240 1170 714 747 1474 -533 -211 1091 -1542 58 -441 139 -1113 724 614 -1100 126 386 -249 -710 286 -553 9 632 -627 -338 -737 -1253 -23 -116 -115 -489 -440 -1333 -678 376 -19 270 1055 270 -288 62 -242 -500 -1451 -806 72]
[671 404 -967 -5 846 -704 513 215 -446 -126 816 -89 430 -495 -531 193 -535 122 -282 -116 -241 354 -314 41 207 -141 704 659 142 358 -348 -291 719 -1371 -359 577 -433 881 963 -301 137 -220 -1466 -137 751 -1280 -360 370 -654 699 -494 -329 -490 -540 162 391 112 111 533 -577 502 -15 -1018 525 -523 611 759 -1016 -112 -423 1133 268 571 -370 959 886 -593 172 1118 -568 -324 865 -277 -306 -397 595 368 -340 -295 -21 -594 355 1098 -328 -761 -176 162 217 724 778 1015 -302 890 -1268 -216 177 724 164 -1006 -128 -1225 315 957 -588 -120 403 797 423 755 -306 79]
[12 -2467 570 -1246 -1153 287 168 -179 1019 156 -508 884 640 404 260 -13 254 853 -462 -1244 724 -634 -389 854 -133 438 78 -279 481 248 -415 -1183 -158 -999 768 457 452 447 -316 -130 -360 382 916 535 -121 -32 802 2 -496 154 368 1302 457 37 528 1650 -349 1077 325 -315 864 132 -436 -12 242 -72 243 -819 530 895 -551 213 -348 -771 439 -705 1352 -822 -303 351 -182 545 363 -1566 -284 -266 -510 66 -342 1108 -341 -843 84 508 -108 1084 -355 227 1084 -352 -504 559 1512 168 617 1262 331 121 443 -235 -373 19 249 -90 139 -977 -899 -854 568 165 -201]
[-1432 931 -123 850 -625 -571 613 636 -76 326 319 -94 16 14 684 -118 -527 -262 -631 237 607 47 -839 381 -652 -1039 -142 602 -109 -795 516 -156 319 246 207 48 -280 764 -391 -300 -918 574 -127 -602 164 -276 -539 32 674 -108 1161 -259 753 703 -552 -120 -496 85 633 -35 998 624 76 543 -887 -225 679 491 -147 -99 -841 -38 -354 -1290 331 467 -213 -775 283 162 -348 1548 -317 561 -1285 30 -335 878 1082 -426 -475 1084 785 -741 -225 290 158 260 -306 -94 -6 -1753 -1056 -352 -362 -398 116 -643 701 -489 845 -1007 -247 1197 -456 -312 -378 -879 -580 754 -90]
[646 -816 -688 -204 -798 -676 -129 -14 599 387 -447 1289 515 360 -390 -350 -762 102 -127 -129 236 -644 -269 429 930 1039 -355 -260 202 -315 617 62 -669 548 447 -113 840 -757 26 -1095 -1256 -840 754 -19 -1313 -205 46 109 1527 564 341 -235 727 91 -215 840 -242 -736 -424 1400 130 -702 1333 672 477 1576 444 -759 52 -311 -48 1604 -20 -221 325 -201 -382 -204 -521 -238 -266 414 -744 -1200 -357 -2 19 383 877 654 -328 459 -1108 -494 630 566 -357 -184 968 664 -292 -11 670 -324 -724 194 -511 -1191 137 588 1128 1317 82 488 -513 125 -1221 929 -956 -59 -261]
[788 -733 764 -497 -1234 -245 429 -394 43 -774 881 193 337 -258 -430 -982 311 21 -293 6 40 -1234 51 -821 -658 -245 -503 -178 -589 1155 -731 -32 1051 -476 1132 -54 -156 -186 -610 -1109 -26 -222 -768 -150 849 70 -94 -56 314 -148 65 -156 1284 -77 183 -62 1250 -1724 1146 -970 990 -108 -361 -414 460 917 602 375 -628 -200 -1062 304 -291 924 787 -613 -429 479 818 845 -914 502 517 -265 1054 663 1091 822 -543 -118 -672 858 398 1023 -432 -565 -488 688 87 -401 -961 184 408 818 -989 320 -939 859 386 342 -121 695 698 1414 291 168 -840 1078 1733 -1399 242]
[-345 -575 31 30 1348 109 29 16 117 124 -1 -71 944 411 -700 -277 538 23 -1020 -441 -609 -134 406 -610 599 540 -70 -735 216 -245 -115 215 615 219 -407 567 -19 421 -273 -474 433 -102 -1386 -40 -200 -61 -86 154 -12 740 -207 -133 -321 -38 152 221 -691 -91 -529 602 1231 -860 -286 -158 74 149 640 267 88 985 -2 -876 736 188 44 50 331 591 -85 440 232 -209 469 -948 -625 -446 -786 584 48 421 911 -806 -17 -247 377 212 -136 454 769 -825 804 -569 -361 907 350 -118 315 -453 887 214 593 949 654 -376 590 564 22 220 -571 199 143]
[-127 365 -480 -1302 183 129 293 773 46 -538 353 -718 102 -164 -1066 -195 167 217 -632 606 -267 -480 -283 -1050 741 -156 -300 -318 -85 131 -1235 638 -228 241 652 -326 -212 -183 546 -562 -431 -216 769 1099 -122 -402 332 -1099 -9 1095 -47 -541 791 -1139 272 -347 -188 -956 234 -1115 747 510 328 10 521 1049 -83 29 -1255 -456 428 401 806 714 -19 -52 1117 464 7 -100 433 236 -782 -401 227 102 -476 104 -187 46 -408 231 28 725 529 -761 -322 -108 420 -959 744 233 45 132 111 -882 -516 115 715 22 -669 258 -3 1025 866 -534 -251 785 -1 -439 -96]
[-1084 -1308 -381 -1081 -83 -365 -358 14 1267 293 874 -27 -287 1058 265 274 -346 1260 -382 628 553 -149 -1510 963 279 631 -440 748 -466 -753 -218 -95 -95 -818 74 -693 -993 123 860 784 -916 265 971 561 -62 582 190 -751 -16 -573 1029 -239 195 662 159 -112 -456 -510 1231 -498 -316 -319 -211 670 -55 -4 -1508 42 -331 15 510 676 -357 -525 -124 730 198 -884 -1146 -873 94 0 -365 -79 454 -246 49 178 735 1046 -1390 -1054 -511 -148 74 -2111 1539 721 490 -347 29 -370 691 175 -112 -554 283 -1117 -15 -1146 77 962 750 128 164 -122 31 156 -522 376 -568]
[-699 -772 -102 36 -282 1630 25 -625 -837 -289 -778 134 -373 269 65 111 891 490 284 -727 -143 981 -303 1003 -352 230 656 349 -8 463 -212 -1261 1057 -1226 -130 752 385 1146 414 444 -901 802 -57 -295 539 254 -401 -68 -1645 -181 114 988 -786 207 -330 -727 -384 642 412 -968 415 524 -252 -347 815 -642 -286 -13 483 -783 -20 -483 -123 -1338 299 797 600 -266 -154 634 125 -799 117 340 325 889 -475 -289 -575 -355 4 -455 1549 1335 -898 355 455 36 -99 -539 -1354 862 870 159 724 -181 845 488 -465 -35 -626 619 592 203 -396 -1271 -871 -789 888 -237 409]
[-924 300 941 -82 -171 1015 -413 84 757 -545 -1243 -204 170 -567 -1181 198 -75 640 1506 -93 79 138 241 -107 508 135 -252 -801 -773 528 -984 -418 803 -416 -1460 494 627 1383 111 1778 -286 81 130 369 -355 514 22 -354 -229 -1344 -479 -311 1642 -370 181 -867 352 677 -90 -502 242 160 -798 322 281 213 -472 164 -29 494 605 -254 -1204 -495 -431 -207 161 790 -1682 350 -233 -475 1508 1403 1130 -468 -1401 532 -830 -285 1376 -516 -338 -340 67 -729 150 -53 -619 -1113 -777 117 -272 426 375 71 311 1196 485 -904 -499 -715 39 400 -306 -1029 8 -158 -515 9 142]
[388 119 1024 586 -202 -318 689 300 -1135 -770 1147 871 -643 -204 1076 331 1177 82 -951 -1271 768 -277 212 545 508 -186 -596 -221 290 436 1000 137 1075 -15 784 -533 -230 561 -1301 -833 -467 712 244 -1120 26 -280 1065 1022 84 -253 58 -171 -776 -128 150 641 1022 -791 49 142 299 708 -159 -1028 -165 399 343 -95 364 592 -1928 -607 213 940 722 -727 -66 603 1043 -836 -388 364 951 271 -667 666 809 -336 -1401 -41 269 487 -228 300 159 565 -175 27 157 805 380 621 -59 747 -280 570 -98 1161 834 281 745 98 -80 664 -179 687 677 439 936 -480 434]
[-446 -494 -651 -1042 603 -342 804 153 1063 208 -373 -808 -490 -265 105 -512 -1505 453 152 1414 245 82 -58 -789 597 -983 -668 -228 -2 -1518 -872 934 -584 494 -78 459 -1834 60 327 490 2 -752 393 793 56 999 422 0 -1054 -363 -1221 519 830 -88 -79 -720 567 149 332 -933 -366 12 -403 134 266 180 -950 -277 1063 102 1013 207 79 1450 -975 268 560 814 -254 -217 335 -978 -202 -481 773 -338 -36 -316 399 877 -1137 595 -251 547 -27 -24 -233 425 -102 -448 205 65 -440 -609 -73 -233 605 -383 -823 300 -1288 67 138 -786 756 -315 -362 44 -339 519 1093]
[1453 5 467 462 -614 -75 -362 -43 445 -329 191 -531 209 133 615 195 379 -224 -914 173 850 567 705 944 -600 130 264 754 538 -955 -164 543 -187 1 418 -1285 198 567 152 -1098 -390 521 125 -1454 -363 630 -235 522 218 796 289 1175 -608 -663 126 721 -660 926 586 1523 393 -269 1164 -23 -166 52 42 50 572 -410 508 63 -1013 472 -996 -536 210 -810 -101 -390 -194 -199 -462 -908 -1097 -156 1896 -549 489 -151 -876 -132 104 89 127 1511 85 -676 64 1030 -442 216 538 168 -395 -326 326 -137 -244 642 688 -291 62 -496 -646 -251 -240 148 -516 309 -105]
[-351 258 -970 -63 614 -181 -26 -751 6 101 554 -303 73 -399 -1212 94 -195 545 -183 516 -149 82 -859 139 1365 -75 -1229 -236 1279 92 -1037 190 -329 -142 -764 -347 -451 -88 769 999 -129 -401 537 269 -1030 -270 -55 948 1120 355 -723 12 -188 -405 -192 111 -202 -663 12 112 403 -93 -603 744 6 682 -38 453 88 -554 87 536 18 -60 238 411 148 970 781 -384 266 212 -1325 137 595 479 -212 -70 -214 833 -582 213 -1348 -275 1750 -636 713 280 -153 234 370 -48 434 -982 -1072 -38 718 -1003 -236 -587 -149 1779 948 -32 -232 538 -322 -130 -333 -178 -36]
[371 -653 910 93 -555 325 146 38 195 -596 -1206 124 1217 838 -39 146 944 487 193 -315 522 -805 636 255 71 620 1326 -259 -406 -300 151 690 496 63 151 -409 106 23 -523 -765 -1262 -32 341 -520 -219 -90 508 -824 -45 -500 956 -72 -600 192 357 128 -1565 -145 -721 1032 623 -729 1116 113 1214 -289 -91 -302 37 156 391 -503 -211 -412 -325 -409 509 -373 -588 -494 323 393 1428 -1604 -1889 -226 329 -795 585 916 -146 409 829 554 -910 1327 18 -852 1278 561 -481 -5 686 1070 188 -545 327 12 902 507 1052 -214 508 198 -353 -577 -960 692 -677 100 -669]
[-33 -379 9 -860 774 566 -612 -664 397 -142 545 1127 -204 339 -812 -31 395 282 -206 -621 -66 418 635 630 1009 267 -366 -168 869 -88 -280 -173 -36 371 -452 -442 17 916 1234 319 -961 257 151 968 -644 -856 -374 1546 231 561 -669 42 214 -551 -191 868 -988 212 -394 -330 150 337 -479 1086 510 529 -437 -130 1091 -785 -590 311 34 -604 -229 -1023 -498 271 -482 -331 4 25 -426 -66 186 10 -75 -529 -527 405 35 -256 36 219 1520 -142 672 -1504 -222 289 1101 121 -392 -522 -116 -8 -724 -85 1042 -408 480 1740 -317 -49 -667 -697 247 -257 273 -243 423]
[1135 600 -106 116 260 605 -634 252 -1259 502 -487 -373 -597 0 -220 1114 327 535 546 -763 101 617 411 97 835 -23 197 -543 9 163 1165 -1955 -689 -299 -284 -206 487 357 76 -631 -580 816 -1069 169 38 -1063 54 572 110 -122 632 -624 -619 971 78 -390 -906 -93 -31 340 -498 993 -55 -278 -174 456 405 237 1429 -34 595 576 52 -1054 -68 859 -32 -388 -8 433 -12 -241 531 696 348 220 -46 621 94 -1293 212 -219 956 -721 303 -517 881 -836 -1314 -105 422 195 1046 -852 -607 -224 857 1658 194 -656 416 -627 -571 -795 -67 -141 868 -585 1026 -1410 762]
[-180 -54 -158 -830 222 856 275 -807 -750 -980 -509 857 -171 -405 -80 700 615 130 470 -691 414 181 -38 -388 142 -142 81 -682 329 228 -1313 -122 739 -212 -648 1028 231 618 -343 988 -762 -161 218 665 -962 568 -396 370 -169 -858 -469 60 584 -954 108 -204 577 -260 -466 -1391 1065 67 636 165 499 90 -922 -645 88 -599 -436 -345 -314 -536 21 -404 -178 -493 243 -373 -489 487 60 1182 -19 504 -131 -415 -1413 -76 -125 -125 638 623 -238 557 -43 -454 859 -1030 -667 -6 554 336 779 1128 17 -486 -271 -98 787 583 -648 78 -411 -96 -1479 -505 -102 28 -558]
[510 -103 1028 -310 -180 -543 -418 -387 178 -647 -101 916 -357 -873 153 166 -332 -216 671 344 -87 -1970 826 -659 25 -85 411 -57 -88 520 -311 -509 -679 -533 -534 575 416 -1207 -555 323 606 220 -122 267 -581 1212 -941 89 -284 -1016 -702 -433 537 -15 305 460 445 1110 -692 319 -200 -91 -604 -85 -214 104 -219 -650 855 1311 1153 471 306 79 -166 0 -220 -148 -1017 -665 1336 -27 780 439 178 -1073 -779 221 55 8 938 -147 -444 -288 -93 -694 -1254 1042 1538 -124 -535 -952 -118 328 -241 981 542 319 -605 113 740 146 -495 -1044 122 -106 403 67 254 360 -192]
[-1266 -479 -801 -723 668 301 -787 90 -36 60 -759 1134 -380 51 -33 -27 -13 -273 -47 -90 110 493 -600 148 849 553 -189 148 712 -410 11 632 -1095 580 -299 606 5 150 108 47 -832 27 657 -520 -1468 81 471 1100 615 32 -1164 -371 616 293 212 761 646 654 -574 437 -432 998 -124 -672 -49 -241 240 240 -78 385 -633 1365 -818 508 -123 -530 -416 728 710 -467 83 -1148 -739 -716 652 -689 -262 -377 -429 90 108 -364 -19 182 526 141 -936 -823 539 -734 128 -761 -894 -520 27 457 549 -369 -525 244 589 1129 -114 -556 246 392 166 -111 -110 -346 -477]
[-66 -871 1403 -524 -233 1432 447 -861 1032 -877 -345 -132 -71 512 228 -178 574 192 678 1026 517 -280 298 8 -8 181 737 402 88 -587 -413 149 -43 -519 -402 -88 368 -113 113 -269 -578 367 -914 -436 -258 901 -127 -537 -897 -272 622 348 527 201 766 66 26 291 452 279 680 -1473 1039 256 1251 -467 -115 192 17 831 -672 -991 152 -120 -142 -257 22 -227 -1412 -551 -950 -757 774 -504 -752 -673 -188 -773 42 10 -133 -1336 -128 -50 -278 482 159 -501 1043 -284 -374 -24 -477 754 841 444 -656 -904 -146 -607 -327 -166 -14 624 454 -154 -676 -136 -11 1716 -107]
[568 -50 -1514 988 -211 -293 834 -633 -990 -363 624 1031 -817 -534 558 550 -474 170 -383 -1079 -562 -514 -764 -456 264 -203 -510 235 586 397 -252 -824 663 -1458 -179 1217 -67 417 -120 902 488 96 701 -232 137 105 -433 269 -190 -585 -299 127 276 -600 -288 -140 52 82 -39 -1443 154 567 180 320 7 767 -68 -477 -432 314 39 814 238 420 1735 430 -4 -374 1611 -498 121 1937 58 871 -271 55 297 265 -625 269 1137 144 -376 511 -1921 -161 -656 311 1966 -173 74 63 38 -219 -425 -46 443 -407 -583 -570 -1121 -722 -52 318 252 857 106 -187 1492 63 -691]
[396 -643 -1219 -543 -391 17 -212 -1054 377 -756 151 -499 -157 124 -172 -405 -324 -547 496 1093 -117 -470 224 -420 -113 -746 193 150 -854 13 -446 -215 623 127 -615 -724 -352 -495 725 299 351 -89 492 -14 -419 489 -72 762 366 -418 -1032 466 17 -938 -45 -867 132 672 772 -517 -1045 -125 -322 832 732 476 -1237 132 441 -1102 65 -778 -392 1179 -601 -160 266 -72 -170 -514 692 -1157 -747 307 620 674 -353 -629 -427 227 566 741 -948 446 42 -489 818 123 -679 197 714 861 405 -371 -496 -713 -707 -190 -1043 -230 -1659 505 89 -455 86 58 1256 774 322 -23 -480]
[-222 -276 -530 -277 347 95 577 658 -645 -329 447 -163 -32 80 289 -689 -160 293 560 -480 183 180 -110 -578 737 19 907 -868 -60 637 -765 -1284 491 -500 286 -193 -445 206 356 -598 563 -571 593 373 -240 -401 441 389 1024 1379 959 -731 -1 515 -197 -617 -767 -1005 218 -827 394 -604 -143 -300 1329 389 463 779 -743 51 284 291 209 -249 271 731 593 -28 181 85 245 751 -466 -345 -216 101 -464 762 -651 550 263 166 409 1022 1299 530 623 231 524 -422 636 -1392 1012 586 -525 -546 -317 -901 1207 552 577 -299 -460 111 754 66 219 -185 1451 -393 259]
[24 -880 839 -161 -1284 -14 -1016 2 902 295 -954 527 358 264 -174 189 -1366 59 -170 -700 -488 -517 -1043 191 -189 137 353 80 -350 -552 581 2070 578 11 694 -891 -514 1239 -573 -374 -792 224 760 -1132 517 118 333 -1124 -244 445 50 -884 1071 -717 -646 -242 6 560 849 194 -224 652 947 398 103 -492 -127 20 -353 -113 1218 1198 -1142 437 -638 -450 526 -348 -102 988 -663 147 1360 -1320 43 -1400 317 -129 189 1485 386 -207 807 752 -432 318 -708 -578 968 -266 -536 -357 589 523 -193 -168 -596 648 647 537 24 -1945 663 71 -121 -1214 169 1546 382 -392 -50]
[-258 -122 78 367 -1011 -92 -1003 -267 193 346 -145 747 -275 -631 -484 -142 -553 -1137 898 -1179 1512 609 34 -442 100 39 348 136 413 223 -106 -1471 -413 -168 -428 -1904 -104 -74 158 1575 -295 -584 944 165 150 -300 -199 -956 -576 683 -370 -183 -459 346 432 174 -265 -159 -845 -26 120 -993 393 -194 132 -732 219 -1026 -803 923 1104 616 553 -407 210 509 461 222 297 -695 -278 -1243 -1419 49 -857 -1754 99 463 852 -309 -511 -244 886 -395 -154 -684 1219 -305 444 -948 459 556 -359 -323 164 -498 197 -835 -771 480 1259 390 314 1407 -121 -268 -263 -199 1559 -938 46]
[-86 577 323 -502 265 -96 1224 -756 -219 -113 501 189 2 347 -331 461 529 -466 -1322 310 913 -767 720 -358 420 -360 -356 -597 -2 -760 -687 -577 -843 277 -65 2 60 -403 648 538 77 661 -385 2016 -380 -283 -35 -85 217 -798 672 -151 -1161 709 -45 -234 42 517 -1207 228 -51 206 336 -792 -463 410 -277 172 -9 1508 -138 -652 1034 -571 -758 819 -270 -176 600 -395 387 -159 -995 628 -1324 56 -749 199 1050 -889 361 -1100 440 -99 36 -1635 -85 -126 302 -1362 -88 278 -381 943 191 -1282 759 678 225 -745 419 537 -107 1234 -733 30 -1391 -674 -616 -114 1025]
[464 445 -884 1440 589 29 225 -62 -1061 141 418 -215 -110 -107 -682 -162 -249 -845 -151 -80 -805 429 704 -633 42 -3 -578 -315 514 818 382 291 192 870 654 52 231 -267 -551 -386 925 -1039 -14 -499 739 -1019 -749 658 -512 1131 -555 395 -867 -429 86 -455 34 -1132 658 -723 1 101 407 -46 -89 288 395 245 -209 -248 -796 327 674 1150 471 106 -182 1190 1422 -170 -208 540 -638 -315 -802 172 1000 -629 225 -186 -471 1159 240 1157 545 -126 -248 -218 -772 838 774 475 -357 -282 -432 -94 -303 -166 125 728 32 989 265 424 530 1256 46 872 845 0 665]
[-390 1098 -1858 693 548 -723 442 201 -533 -70 157 12 -295 455 -30 866 330 -130 1061 278 -769 377 -420 248 814 541 -173 599 110 -450 -166 752 -89 36 -295 48 -1088 -437 -403 83 -53 1360 459 388 -192 -708 -17 -2157 915 -1113 1178 -837 267 297 -387 -1244 -736 -655 -452 -348 39 923 -343 404 -150 163 -973 447 68 -526 511 -732 -80 753 10 -415 20 -375 88 -500 1280 615 88 1280 -442 1402 -1187 -517 363 128 -428 951 271 -365 -488 -1237 411 -296 -605 122 741 145 -8 7 -1312 -2337 -1168 350 729 73 347 -2213 -1006 860 611 629 -36 96 -997 -318 -518]
[-552 366 -296 -281 476 -61 1537 -439 -464 -347 -509 -145 422 558 -350 484 -116 -106 467 918 435 377 509 -262 -326 -917 51 -490 -196 -408 -1466 258 622 -548 -558 536 -141 149 35 371 81 411 20 875 -386 44 -512 -227 -323 -467 46 -172 584 -874 197 -44 -614 593 452 -39 207 264 -298 294 329 484 -829 -64 -584 251 160 -691 -516 317 -303 -644 196 154 -444 -346 611 343 900 227 31 637 415 -183 -415 201 -89 -467 -412 878 -229 565 -241 -85 319 -493 520 -373 349 513 568 -677 -422 32 -624 -69 -443 -449 -372 476 -140 768 59 227 -804 344 -486]
[-812 -786 -242 -972 -312 -609 528 -855 424 -48 -183 743 773 947 143 88 -140 511 1181 199 -789 -980 585 -110 -1558 724 44 -818 -682 -676 -426 -650 85 -883 64 1924 -69 541 33 -195 -649 -531 62 222 260 -156 -140 652 -294 -507 1008 415 7 -222 -702 -914 848 326 -394 -1317 -346 616 -182 385 1048 799 29 1056 422 -1181 -643 -573 199 -187 -22 513 -366 353 -882 1034 -492 109 145 -590 255 -488 -1127 1251 -172 -266 659 319 -312 -40 544 197 -22 -446 -1671 -212 -980 -309 -788 512 -378 -35 23 -8 379 605 328 -134 150 556 132 131 -1068 -298 -12 -32 1598]
[-744 845 -1098 182 398 -785 -395 168 -1590 708 -697 247 -49 310 1169 220 -68 -59 68 513 -1684 851 -143 -368 -203 314 -248 -633 -1069 205 1309 1037 -937 1917 -661 -250 -216 -1857 -719 151 1325 -1725 -595 666 -237 66 -36 1129 698 -120 -505 -377 -405 1041 -590 -423 300 59 -1253 -270 -2363 299 -686 143 -641 -792 638 920 991 -298 127 330 -276 406 -528 -102 -757 -603 823 747 169 -161 -437 867 599 -803 -718 -560 30 804 -462 325 -327 -113 254 133 -272 -263 -804 491 -495 -736 -1138 -486 -614 -2 -410 16 573 924 761 -278 -317 -1585 -239 967 22 -208 -18 15 602]
[-75 -383 -100 537 -423 537 79 -280 -643 503 -732 471 -81 1368 970 -67 -27 197 -559 403 -613 32 520 1054 -87 -322 501 -153 -385 -111 978 0 825 1449 169 -388 237 -332 -610 -503 -55 -380 -787 -550 134 -339 661 1671 40 700 485 746 170 996 -174 435 -281 -319 -185 771 -546 -594 727 376 374 128 474 757 661 -187 -1420 -428 -28 170 447 -226 -697 -180 -335 662 -1465 162 449 -292 -1060 -308 205 -892 255 -25 249 699 -174 -427 -187 1409 1040 -864 32 1284 -35 50 -903 -83 125 408 -354 -457 493 255 -118 -661 71 373 -573 266 -224 -344 377 316 -202]
[281 383 161 390 -219 -1435 40 886 504 -258 1908 339 224 296 468 -451 -518 -524 -659 225 467 -1053 -80 -656 245 22 -744 403 -766 -400 514 -874 -132 400 -121 132 -322 -521 508 -744 160 -347 253 -623 7 145 128 -394 768 1180 1306 -228 -376 340 -1060 -203 -414 -367 -901 1013 -554 -1211 163 330 -687 783 1178 -311 190 -352 77 -104 774 -73 -259 476 -231 -984 -844 -255 420 -60 -1001 539 -181 -236 -196 790 502 274 498 448 -424 -236 485 -168 306 60 306 649 1106 164 -186 492 -389 -370 -1039 -677 731 1123 727 806 189 365 24 -800 170 122 -717 655 711]
[-567 648 -306 -184 791 530 252 -88 -1558 63 -50 1032 -160 -244 -407 205 -747 809 388 -442 505 1118 -268 626 941 132 346 -175 144 697 272 -1002 -93 8 -112 50 620 -1111 -195 408 376 -1195 181 56 -141 -86 409 338 -442 320 -63 519 -29 18 -101 290 1092 -804 -612 -438 -614 -1138 635 -205 -461 58 1211 -1235 -243 63 446 569 -161 -862 1300 860 -782 194 4 -854 -1335 108 -1378 669 391 -90 -3 -522 -547 -18 -1492 -469 -353 -263 -493 1053 110 -51 -415 504 -138 741 809 -321 456 1142 195 -952 -1182 424 -673 527 -480 -670 -754 757 86 -148 910 61 107]
[-54 -703 -277 -1849 45 240 224 -22 1825 144 597 -639 -703 977 639 -808 -950 659 212 4 -544 1025 361 28 -693 184 175 -52 -368 35 487 -861 -458 271 268 331 -104 913 1025 -436 -79 -200 -429 103 1299 -283 136 -62 -802 535 595 -362 255 -475 -230 -586 418 456 1521 -692 -296 814 -340 727 408 -707 -837 749 -254 -315 -214 213 508 -411 -610 808 1016 398 648 620 -1282 -626 83 -855 624 16 -478 -763 -146 -603 -446 -340 401 -52 -74 -86 213 -650 -1669 151 -968 1435 -471 -351 1105 247 -60 186 -118 -330 -329 -301 607 -35 665 -784 359 163 220 -408 602]
[-1107 127 -721 240 -771 550 -206 504 -747 795 983 -724 916 35 -178 225 366 282 -737 175 -132 354 -177 315 -227 -1279 -153 -572 -913 267 387 577 95 823 267 -247 419 385 -222 521 340 -173 217 2070 304 -1248 238 -570 -1025 -5 628 -89 -578 -444 -77 73 170 -553 354 -1308 739 449 526 -219 -836 938 88 -87 -357 312 545 -70 554 -742 -215 22 -269 -777 395 474 147 371 -70 878 -1104 512 -280 1002 413 -536 -206 -39 180 -889 -1075 -1278 530 242 -1077 -1081 445 -61 -942 242 -141 -1261 417 1539 1133 -1383 -469 -1408 -538 889 -262 -445 412 733 -85 500 -3]
[-1149 300 -164 -783 -662 -360 -193 397 176 425 -165 164 -458 206 266 -300 -998 -931 875 596 355 241 150 -359 -314 -552 465 -1022 -831 426 -702 -341 -811 -276 -453 -199 -129 -897 3 957 -355 -430 1375 57 -431 -370 57 -526 -424 1520 -986 -930 63 -385 -400 314 932 762 -389 190 -780 576 -1032 363 213 -1223 -313 163 -1805 379 687 756 -368 106 -705 766 628 380 257 -275 661 -1832 -1721 61 603 -1549 -82 599 -688 -984 -69 -1044 617 395 205 -196 396 131 -55 -1300 293 58 178 280 -50 -441 -629 -720 -1636 1072 968 263 -140 221 -117 -911 1409 667 -422 -1246 -40]
[1478 -56 -176 -482 1016 880 30 -624 207 70 -1520 342 -239 114 -1469 217 34 22 820 1104 -707 106 381 -1265 694 -86 -139 21 572 425 -793 767 -161 497 -396 31 -846 -688 27 246 562 -265 -439 -264 -536 258 -771 -234 797 -672 -332 -798 1145 -562 471 -979 -1308 -1353 100 -607 921 -1027 -178 -47 1041 467 -1153 -625 156 -1000 347 131 -559 315 -455 -704 -370 -504 -1055 276 12 1405 686 649 1224 904 390 -1067 -281 747 -750 1101 147 721 1296 -269 -177 -666 382 -500 436 -424 706 -652 -564 436 -282 107 -397 -74 185 671 -154 -42 577 467 377 829 -445 -52 -823]
[786 99 -457 -342 -496 -185 -25 409 -125 332 -642 355 -316 -689 -638 -340 -205 -865 -17 94 582 -3 95 -902 914 304 524 160 147 -157 -844 -265 -1961 689 -250 -655 573 -1201 357 -45 -51 730 -156 262 -463 -365 -60 -1311 751 717 -243 -621 -520 81 637 740 -248 202 220 1443 269 -684 451 234 -686 119 247 -825 -485 871 727 2238 346 51 -368 -47 506 -1059 480 -1239 -224 -751 -1489 -556 -79 -585 -456 -768 1122 -104 -1199 -181 115 0 -350 -851 288 -263 511 -986 -680 527 1016 -817 18 283 761 -581 -819 237 616 386 -113 94 -183 187 -686 -328 -1181 -441 -814]
[-592 -431 147 442 -732 825 23 -424 2 126 -76 -930 574 -305 -513 -774 -966 175 -215 1151 -622 -543 203 -1134 -1461 -1710 291 360 -1422 365 -163 516 327 -1058 592 518 -784 -178 -295 854 108 -711 129 -300 877 724 -1072 118 -970 7 -548 -136 -24 -803 6 -1100 539 657 1482 -998 608 463 431 234 -299 -630 -784 73 -896 5 548 252 425 1200 -250 839 381 508 1356 4 -615 -18 935 -47 -249 -170 824 -289 -809 -8 -206 -128 -268 79 -1937 -6 -281 732 -897 13 -273 682 -226 -193 866 507 631 107 -686 -1433 -1657 -917 536 -267 360 -363 610 1208 375 744 -729]
[242 262 -660 1084 -1247 1483 -408 -519 0 213 431 -319 -219 649 14 -19 -84 554 -902 16 -383 -210 -227 1209 338 -359 -255 -213 -162 867 -568 -1254 642 1050 504 -703 927 -622 -374 48 -147 267 51 4 -527 -41 -58 288 29 -426 231 969 -794 -265 -620 -638 43 -360 265 550 325 -234 888 473 491 -128 -194 229 1015 -346 165 -129 -30 457 483 389 -279 -973 -914 -517 120 -2 -300 1062 -534 640 119 302 416 -262 178 477 -192 -76 -1010 -441 1095 -16 -234 223 -393 798 590 323 -925 778 686 212 -1425 -911 -277 236 280 10 -98 -376 775 -226 407 256 -800]
[-151 234 84 -234 150 -414 -178 -560 797 -202 -807 -138 -28 39 -684 468 -44 549 -1241 325 225 -24 107 -150 -518 109 -1054 -115 43 -56 -13 -1268 -443 88 155 -829 569 358 836 1528 333 -274 1229 534 -293 -115 374 -151 550 -53 -259 -163 340 -363 457 482 -538 1633 -319 425 -189 871 -220 770 -8 -483 -351 -262 -520 -437 -842 -343 31 -757 296 244 712 125 538 -637 -415 43 48 -79 397 254 -1202 -541 50 -212 -351 -782 -413 -74 475 401 18 -469 -1110 1033 -1068 1599 765 -94 988 190 -778 -695 -223 -421 -1472 882 625 51 -995 -816 105 -449 -921 220 -760]
[1036 498 -335 1123 51 -1444 -475 185 17 -261 1008 -992 -628 -272 -631 -333 -135 -262 349 43 163 -591 217 -264 -285 -108 -823 517 106 63 483 -454 -681 -3 958 -731 46 -1001 343 143 294 -727 1478 243 920 305 -355 -1589 -110 310 -734 -204 192 -756 -70 -479 -298 325 599 459 -1109 769 -849 309 104 -503 -492 -335 189 -480 27 528 158 880 -33 412 232 769 657 -333 935 -985 -237 467 657 375 668 -957 484 180 -602 146 -361 212 -90 -752 -73 672 -1628 1583 -32 2410 524 530 -555 -709 -593 642 -723 136 -788 347 745 -177 -605 -116 589 720 596 -939 360]
[-3 11 -369 -232 -418 381 429 -635 1267 -213 1468 -32 1046 598 31 -208 565 -430 -499 246 -662 -582 1052 -1048 -1196 -95 -327 -12 88 431 -1417 -1166 830 -449 -558 50 242 109 449 404 545 -317 -569 -72 61 -1317 -876 1156 150 505 -460 720 605 -414 -488 49 -485 -275 -795 -1234 541 308 -884 1517 1278 916 605 726 1 -692 -335 -1944 602 302 41 -627 121 -621 795 158 475 -118 -337 984 -120 -367 52 1082 49 -1351 361 419 -417 187 314 -372 1054 -747 -571 -737 1384 463 -869 305 -1167 -505 -1105 -795 174 117 483 950 485 1432 -157 -520 332 -167 134 -253 -688]
[-326 -633 -137 188 439 578 666 -111 -279 294 847 558 305 499 279 -512 156 1157 -1102 48 -1082 28 -177 -763 -408 938 -676 26 -425 683 597 -615 393 73 447 67 -211 18 -123 -175 767 -1060 361 696 -35 62 375 318 -85 1223 69 70 -246 -305 752 561 -879 -121 -466 -305 -144 24 -738 -232 852 -354 206 489 -1306 224 -44 613 387 237 998 230 -210 1192 823 -1145 409 -66 760 -1185 228 -71 -574 -590 -645 974 -217 -1179 -1085 303 -565 451 -662 -123 196 778 308 1037 -1187 648 389 263 -646 119 653 -523 -1398 495 895 -199 1050 237 248 679 872 232 -104]
[374 -170 150 -516 -330 426 -258 224 -308 -481 -2371 53 -335 271 -139 -467 713 -46 128 -925 91 -747 -451 -186 -305 683 314 -397 -358 -102 133 -1480 -289 -302 -94 -228 678 -278 -401 -1163 -352 392 -784 -1609 -242 1369 100 338 1188 -631 -198 -427 941 966 640 48 -615 200 464 1444 261 -19 202 -377 465 142 205 397 150 -228 46 820 -1186 -362 -113 216 602 -53 -554 935 -68 -337 187 -500 1370 -242 250 1004 263 192 618 -77 343 355 164 795 -254 263 85 46 -1502 -688 1017 210 39 -101 466 439 -507 687 920 300 683 -646 5 -164 -207 -235 518 -1490 358]
[-460 680 -426 1087 -349 30 359 -822 -904 349 302 821 -3 71 -223 -390 -570 77 348 -268 -946 -39 -153 262 159 1240 91 -710 -472 955 590 -1512 352 -15 593 -483 658 -150 -347 290 591 -1076 -127 -598 650 -850 -169 -251 169 1362 475 -822 -620 785 -591 -621 -948 390 720 -106 -727 -52 113 722 603 -312 692 -977 -1070 -640 830 1236 88 -1346 744 1812 -50 558 663 -303 -491 557 -1218 -263 -341 209 -593 -128 230 -5 -1058 -259 1087 360 -575 147 -216 232 766 1032 -73 280 954 -640 -978 -329 -688 -993 -881 -196 -433 835 396 79 -51 -724 -242 670 722 -309 132]
[-749 -226 179 637 -215 556 -632 924 357 -416 877 563 -507 291 956 -287 37 -315 -453 -1328 -490 278 644 665 1461 80 188 -366 491 -475 207 -98 1057 1196 206 1475 185 1400 -313 -425 -604 714 -1046 -275 170 -906 -690 137 -251 902 84 460 -42 804 -395 -154 40 -183 596 -542 342 -824 884 -374 170 592 519 1183 444 411 -904 -312 -352 -443 208 -578 340 812 103 -137 -1182 180 -34 -175 -1773 -843 -415 621 491 -807 823 206 193 156 -287 -692 576 382 1056 -1493 506 -1502 -2004 404 -237 -20 -551 -1036 1567 150 937 63 -426 244 974 -89 -676 -1200 611 778 437]
[-460 4 -260 940 284 698 958 242 -399 -490 -573 -904 -596 -901 -143 -191 275 -139 -117 -752 284 225 -1110 324 249 -491 250 116 900 -327 -202 44 81 -1267 220 830 634 923 -176 -245 -37 684 38 -946 290 -115 -890 -399 -590 323 -689 375 609 -1150 -111 478 -183 647 1131 147 1187 133 -123 -178 -440 -706 95 -236 -363 548 -174 -107 -5 -856 -107 565 1057 140 947 152 410 356 -1039 -379 -756 168 -45 64 -514 641 93 -594 232 571 -578 1190 -669 1028 829 -633 734 -1057 777 16 530 204 740 -479 -869 -302 236 -1033 -195 -512 -222 191 195 -688 173 601 -166]
[112 -979 -904 324 -806 348 -16 -327 -582 -385 722 761 -684 221 425 795 -1297 555 316 -1204 189 -559 -1034 659 629 889 536 -78 111 563 47 -327 781 -1137 466 358 176 924 -423 -336 -561 263 1024 -1007 300 -370 -405 383 -1048 172 -60 628 -695 -295 -401 -688 723 -542 1077 -664 -348 16 945 93 476 629 -300 -308 357 203 742 397 -320 373 896 1045 -405 546 418 -496 236 -47 215 -553 -779 -423 829 91 -385 785 829 -232 351 1078 -1264 -871 577 559 1168 861 631 -409 1055 218 -932 501 101 487 -720 99 -489 -87 363 -335 620 -377 855 1247 1870 258 910]
[-912 17 -533 924 69 69 -263 -521 -25 932 36 555 27 923 379 -542 -296 -313 -304 -281 2 348 -118 646 -193 1006 26 -2 170 -769 591 -208 60 527 -370 102 362 -594 -225 219 -539 -269 -9 -896 -612 496 -333 713 680 317 -135 150 576 1419 -62 -620 -320 806 -516 328 -321 574 -365 517 397 -1969 -422 468 -372 -326 -963 -1113 -161 360 652 432 -719 -261 -514 103 227 -544 5 601 -155 -313 -794 -354 567 -746 578 77 115 -1482 146 41 -197 -217 -425 415 207 -139 -808 -320 -156 561 33 -1271 -779 -547 710 95 -224 2 202 -446 925 -1035 -533 939 -811]
[397 461 200 -771 -138 229 259 501 260 -101 256 302 719 85 -317 -767 32 -757 564 -957 144 1344 1050 811 -36 -316 407 115 -152 -58 -800 528 503 -131 49 573 -222 815 656 -569 -27 123 -620 280 -112 -377 195 -312 260 293 -25 267 364 235 -115 -204 537 809 165 205 748 -254 -362 -13 -1032 -334 285 318 -91 -349 301 -489 -513 26 -775 -729 -197 -1044 -199 776 -1607 -203 211 -89 -141 741 423 -247 -406 -542 -19 -388 1152 258 -181 1175 159 -419 -845 770 -452 347 762 348 1194 -476 -423 394 753 526 534 -28 -676 -306 -465 -647 118 -224 -96 -608 902]
[960 746 892 23 858 1263 56 -224 -180 56 277 -523 -466 -456 -323 365 1677 -207 -1360 362 0 11 852 190 908 -790 -1071 -601 1620 626 -865 -166 -967 1392 -389 271 707 -861 238 -357 544 973 -725 841 -771 -624 -198 390 -750 488 -223 446 -277 -354 1545 1636 -693 -443 -85 345 184 21 -114 226 -520 297 500 -255 97 374 -536 480 554 528 28 -1336 -68 336 -92 -1211 -65 -152 319 138 -3 126 1125 -655 -295 -663 -476 -665 -380 235 421 635 78 -512 -114 34 1128 466 -241 45 214 496 -517 482 -652 -551 -270 609 -701 -12 -236 544 -49 -108 -597 -35 -849]
[-170 437 -149 1339 1422 136 -402 272 -179 418 413 -717 516 104 -514 -6 973 -164 -504 -942 -105 494 100 -432 442 1379 -1739 -188 1063 -465 288 -582 -284 -352 76 56 906 127 -401 -122 798 265 255 -63 84 -21 -666 -457 -254 -26 1017 886 -660 1065 426 -835 -1602 -934 -555 -612 461 -59 -510 238 -198 -284 231 468 648 30 414 -863 250 -337 280 24 372 -586 -317 972 632 350 -631 626 518 -343 -546 618 1049 60 -898 -437 77 113 1417 -724 878 80 -483 -810 519 292 38 -111 -1412 -110 518 286 875 -586 708 1804 74 356 65 623 -54 -680 218 349 176]
[-810 -369 -286 110 -294 690 -571 -703 -232 161 -1125 110 -378 -48 -344 796 -222 889 305 -304 -174 284 -294 728 347 338 -139 -412 649 -459 126 -673 -105 -573 626 -391 115 433 -162 707 -604 265 170 452 347 148 -403 47 -650 -1500 41 -73 584 424 305 -292 100 561 1034 -376 -346 1138 1121 -531 934 -1068 -873 -45 457 550 -270 590 -360 -178 -100 572 537 -312 63 357 -1491 581 1022 -508 -766 649 -83 37 591 205 -257 -234 968 -389 -537 145 -264 -516 306 639 -1618 323 -84 -905 -6 118 1343 306 -455 -1056 -882 -1221 -180 330 580 -424 -232 -247 1123 259 119]
[144 225 -675 -574 -271 -667 -672 390 81 266 -444 -864 -77 -340 442 -212 181 573 -637 -114 147 535 -949 -566 255 299 -334 -11 -114 -884 -62 836 -1006 1701 749 -911 -278 301 40 139 -166 -10 359 1294 118 616 737 -1644 277 293 -670 -570 435 305 423 605 -798 -515 246 870 -17 556 -304 -841 -187 -563 -389 -669 495 5 568 1156 -170 314 -505 -645 779 -39 542 -594 274 -1283 487 -568 753 1036 -739 -529 1392 -6 -1183 105 266 49 -318 -687 -195 604 390 -393 -550 -250 428 -893 -159 -310 536 -509 -326 -282 -865 118 109 -560 516 -536 -768 -1047 -1003 -362 -760]
[290 398 608 -654 216 532 809 829 -732 309 1199 916 -318 523 -688 -1444 -1288 -65 263 -35 580 58 806 670 666 532 312 411 -997 490 13 -892 -139 -388 1207 537 132 162 -47 -1160 586 -487 809 -522 147 -608 100 450 22 943 1229 302 -1184 1020 -362 -720 1927 -1254 -684 -77 -239 -774 1208 -643 231 203 120 -63 -1047 -791 -131 -238 1386 -2 245 466 -460 -538 -1218 538 -1417 -856 -756 -297 525 351 314 -68 -457 -1483 128 377 153 271 -78 408 360 -284 -531 1054 64 1226 253 448 666 -105 -550 45 566 789 -245 1107 -1339 828 316 -227 1042 711 -172 -133 619]
[149 1024 -826 1342 -534 -3 353 -498 -1148 507 -744 394 -297 146 38 1217 87 -530 82 554 -495 423 -617 77 -148 -791 236 1008 -21 1101 85 -888 480 -431 -717 -324 183 -1182 209 1039 736 24 145 -133 -1137 -604 -1141 371 1074 -218 559 -543 -87 382 523 -566 -54 277 236 -75 -739 -794 185 220 102 502 -384 -451 -1412 -38 -85 305 -252 -491 622 893 -991 -1223 379 -707 -967 1212 -325 2329 -507 800 65 -194 -160 -201 40 -307 -496 -779 -153 -295 447 112 -20 711 -121 -100 -90 -207 -564 66 -1092 -226 -1003 -1023 -138 -886 -229 1238 -354 826 417 390 375 507 -1252]
[554 949 -735 1748 -98 221 40 457 -175 -308 64 -769 25 -194 -95 51 -146 -648 -155 -44 -1009 448 -27 573 395 468 -456 -648 -413 -421 -49 970 1484 -279 813 -642 586 504 -895 386 678 -633 63 -395 -622 -765 -257 604 532 -142 -753 -55 419 -559 -420 -729 -131 -53 -423 -534 -571 593 328 444 1271 1001 -734 74 -426 -1211 -305 -310 -531 983 -123 -30 154 -316 1108 891 -669 236 51 633 7 1562 568 -59 215 -298 667 550 -319 894 398 364 432 304 469 807 -506 1581 490 -136 -1601 -1149 -415 235 -304 -455 -1072 265 24 1387 -1115 126 -192 1210 313 102 -303]
[1584 355 -1121 -839 -761 -630 905 -395 -997 -446 -208 -624 717 238 668 154 -419 -336 -191 -643 -700 -62 272 -352 -882 533 117 -895 -247 -66 -1008 55 299 -167 591 269 1088 -141 -442 -71 985 -1222 -292 1417 386 -203 -176 316 -199 265 -272 390 1184 -1379 255 542 332 -438 1276 -1236 154 347 659 -196 470 1017 -952 104 -72 -434 -699 -170 -209 262 -315 485 -103 -452 1250 806 -514 965 -364 617 92 291 762 -151 471 -629 -386 -436 -447 305 -429 634 -387 324 80 348 -628 1056 579 848 -1396 1402 381 332 -1347 869 557 -778 -559 235 -1254 -582 -340 -71 987 -826 28]
[415 692 502 -178 -1475 -1001 -1 392 -420 -391 896 -547 103 -345 -208 128 -502 -543 52 -640 870 -478 -212 125 -1059 -781 778 -307 -580 -109 -1078 893 706 31 563 48 -626 406 10 -170 843 -85 723 -511 653 361 -456 -954 283 158 -20 -51 772 -820 -864 -156 173 188 895 -377 243 186 438 -719 -356 -707 304 -20 -900 -496 -109 -562 -1106 337 -558 53 119 61 465 1140 -202 757 512 -78 -109 438 1755 273 -746 -632 949 823 685 -472 -1053 439 -471 1004 202 345 -784 -405 -80 185 -374 -607 236 450 -594 292 298 -1623 -445 71 -447 -640 521 303 329 125 -73]
[-314 -509 649 -421 -811 -54 -505 277 602 622 890 448 -53 -125 524 462 964 -41 -1289 810 -136 -975 483 247 605 -1454 -860 55 167 -583 -113 1065 -919 1499 1051 685 -579 -611 -727 -250 645 1108 -178 20 -1345 68 981 -1216 423 560 568 -290 -261 141 47 18 492 922 691 225 -51 486 241 -344 -1425 131 457 481 -808 86 -898 606 242 40 -195 -250 216 -610 102 -902 -496 326 948 -1021 -520 908 -837 -152 562 -531 -377 -291 -606 -1285 65 146 -679 551 -847 -231 -1050 -189 -653 469 236 -71 96 212 -387 -1390 -297 -753 17 28 452 62 340 211 -1479 817 -1195]
[658 519 -50 -249 276 796 -378 104 -337 -134 -621 -1176 186 -98 441 -223 1212 -181 656 1072 -943 592 390 -809 -36 -1563 -93 -549 -818 266 660 -646 57 432 -447 960 -215 -1182 659 -226 -866 152 -1271 239 512 231 146 104 -61 -493 51 -45 -49 724 -183 -595 -838 -363 -465 -86 -1335 596 -1016 361 53 -474 -307 867 521 -1121 96 -554 364 -268 -727 -131 371 -599 -524 1206 262 -751 468 1179 1194 1306 94 -45 -296 -916 287 853 599 -31 883 6 481 -182 -2015 -449 62 416 -300 -351 355 -217 196 1037 414 -166 -140 -1 287 -231 84 -560 -717 -584 -114 -988 -150]
[-385 645 1063 -730 -667 -530 64 597 -573 90 -210 121 -494 105 549 -373 133 31 -527 180 -340 -1049 1013 54 -1586 -171 759 68 -1577 538 234 106 113 -425 -76 -221 -176 -1123 -539 -490 234 210 -70 -35 258 617 -561 1215 512 -61 14 -53 -354 1006 193 -165 388 432 -182 199 -1074 -751 -1063 815 33 -162 -110 417 -1082 -517 -127 -339 -395 -7 -423 -79 340 -1141 -626 708 -300 399 546 357 349 -78 -9 286 98 -975 508 553 -779 -310 -408 266 432 591 -572 853 -893 -512 -823 712 110 -309 -846 493 890 288 -529 8 -21 220 -161 -651 339 40 -701 235 -563]
[-1058 460 74 -191 -602 -726 242 1607 745 76 469 -162 -281 123 799 -175 -856 1045 -112 -1158 242 -25 -1498 1292 -753 430 48 47 -858 -1196 858 -1342 -221 -708 1065 160 696 925 -49 -882 -320 209 476 243 1243 -566 197 -436 296 -681 1639 229 804 303 -1054 1445 -59 -32 90 -103 -1365 717 -172 825 -896 847 840 -482 749 190 55 1039 -622 -1342 317 184 876 -1112 98 531 -1034 1234 -1112 182 -464 297 -577 1195 1132 178 -217 -172 -608 -120 -507 -324 696 885 -520 -37 -186 183 42 -86 232 -814 8 -278 1133 -256 -925 -1376 -129 683 -796 -213 -1060 -1095 227 -115 559]
[452 790 63 925 -657 -151 -51 795 -368 -281 -291 296 634 -677 -59 -331 -938 -651 813 -2 -554 500 914 -1230 -866 -571 479 -128 -1188 423 -89 -139 941 113 -76 -527 418 379 -951 -521 10 -744 -355 -1321 520 -367 -553 63 -75 -20 -279 340 1455 -268 -530 -410 -68 -481 -252 -534 -288 259 -379 431 -467 1133 743 -374 447 -467 211 -3 -633 663 327 49 -169 141 694 711 -294 100 -86 1062 254 -132 630 343 118 -1062 596 1216 511 623 -548 151 -86 -520 -849 -50 -16 304 -1488 -344 -672 94 320 1063 -498 900 273 -939 -319 703 -821 -407 270 435 1401 -579 108]
[677 74 869 816 -334 1449 -294 -524 174 318 -512 -114 680 -115 730 -411 123 -331 -879 -1485 -1157 289 317 885 469 528 -424 -1432 482 -72 -99 710 713 407 466 -130 1637 1355 -746 41 13 16 -1144 -480 -259 -457 310 830 -354 -109 11 705 -254 744 164 380 150 90 489 756 -313 -263 -253 405 39 -602 -63 82 675 -185 -246 -227 -1274 -17 -173 -872 -13 -1060 273 732 -1638 -109 601 -186 -459 487 543 -164 994 -46 752 -1021 627 1677 588 1325 371 -78 798 609 -1169 -492 1126 394 -665 1559 861 340 -743 -203 -728 558 269 -13 -907 -897 -104 -258 188 -424 218]
[-860 180 -7 252 -136 -366 -62 691 627 523 -59 -455 377 1225 89 454 1080 -748 1018 595 -902 560 355 503 -845 -545 740 1519 260 154 137 479 -219 75 -751 30 -455 -1441 313 122 -179 945 -928 46 -234 -1754 -208 -830 333 85 312 -294 520 604 778 405 -964 1188 -1230 -65 63 220 -1460 549 -46 -418 438 -623 -1033 -477 43 -1090 327 613 -349 -1015 216 -1166 -765 -474 373 -330 -150 356 -8 471 -631 201 -372 -305 -378 328 -762 -381 -16 -26 99 -572 -393 -493 1403 -546 -977 -804 363 -1013 -1534 -384 464 -297 523 -1384 -1064 1085 933 159 286 -451 -1142 883 -1702]
[39 -560 487 451 -1127 346 -499 -531 375 -346 -1129 -317 -588 358 653 321 696 -597 411 -872 -132 -776 -109 130 -152 739 11 417 -219 170 829 -1226 1174 541 -1046 -995 1062 729 -426 724 1326 -429 -323 -1418 163 630 1631 687 -948 -74 -683 668 -17 301 352 156 -258 964 -225 640 -283 175 -455 -375 41 -151 546 -564 1101 352 -9 -524 -640 -251 -256 -345 562 -258 -1205 -136 -547 -532 -189 282 -37 -858 -1386 236 640 790 1137 -137 -415 694 357 -98 683 -401 546 -73 -82 551 791 -1218 1033 410 381 626 -427 -618 -495 989 982 -466 6 -283 872 -602 1189 656 665]
[-913 193 610 -165 322 -54 -1027 556 1415 683 693 -800 -406 -235 -29 -505 -792 -161 -353 693 -305 -197 -849 943 -13 -404 -177 466 -27 -501 -77 1092 293 -102 415 -366 -829 260 -303 60 565 58 241 -986 -56 426 434 948 -307 -185 -103 83 384 841 128 -25 586 -428 580 -167 -443 -841 -465 29 -841 108 -695 -129 -246 -674 733 -175 -1069 428 -451 -277 -305 -60 -511 1360 -1078 305 -533 -369 939 551 714 723 700 288 -135 841 -888 263 962 -325 353 883 -358 360 -474 -653 199 -862 -245 -422 193 272 -160 -809 -1792 1008 198 627 210 -205 826 460 187 132 -322]
[362 1136 580 19 166 -886 -1048 -125 153 270 -493 120 -1179 -477 293 876 -168 -397 92 -346 264 -927 -331 -285 695 -616 -1200 -787 1117 70 57 1075 -204 1920 -582 826 230 196 -463 441 171 547 1012 -570 -1203 389 -6 -105 499 430 -90 -469 -946 -377 -494 -86 -275 -522 -362 597 -545 -366 291 192 -756 300 -402 20 587 -582 157 278 -473 202 -983 -238 -166 130 -696 263 1054 429 460 801 125 -247 110 359 230 810 997 806 -787 945 1581 -262 103 669 72 62 254 -980 685 589 -293 430 -449 537 -530 1454 1384 605 -154 -251 -489 636 43 -63 -1702 -157 272]
[-846 -325 -879 -666 -581 -659 509 647 170 440 -392 -673 414 -188 -235 680 -410 33 338 -184 125 466 -468 -903 -1241 -1355 229 179 -356 130 -749 -75 495 -720 132 877 -275 715 -6 118 -433 -579 96 458 194 -666 -913 -50 -184 173 -800 -78 1115 -1637 548 161 -61 282 1605 -1217 545 363 -297 571 78 -209 -505 84 -928 109 -346 -363 -1082 302 -260 -392 841 493 865 -269 -584 889 735 -424 -1220 253 -24 318 -22 555 -634 136 -86 84 -361 577 -71 232 -857 -727 819 -1230 -228 -357 1112 423 -426 -102 -319 -95 -204 -1052 189 630 629 884 -386 54 219 185 -521]
[-245 -286 -1007 -741 -431 1036 -210 -602 -475 -129 -237 1294 -184 -264 562 -76 -397 -58 97 112 -373 476 709 -304 667 -896 652 -365 -551 230 -1067 -253 438 -622 -678 1223 -135 321 688 58 -569 -205 -834 -296 -403 844 -415 749 -153 980 56 491 -335 -1352 -979 -596 596 689 672 -1180 -71 -726 615 1126 -177 383 -137 -146 1106 -231 -457 317 -249 187 -128 -323 225 -947 126 149 -1032 822 -17 660 -516 -310 -520 -551 -1182 615 884 -941 -88 327 -241 1242 -197 -802 -190 -91 -259 -237 282 144 542 901 246 -124 -390 -126 -1035 -486 -70 -769 -335 14 682 -350 190 195 351]
[-790 -812 -89 -75 -33 -12 -260 -48 1288 607 994 318 836 1436 -249 -408 -748 367 -581 -208 -624 304 -158 1105 -453 677 -226 734 -485 1057 877 -331 238 -636 -237 558 567 -194 804 1111 24 -147 -329 -393 365 -364 -147 540 726 438 768 483 139 871 24 193 -111 -223 -717 274 140 -691 -885 917 -456 -1020 -74 807 -1228 298 -647 -1272 779 -651 1039 808 -627 -430 -244 577 -460 293 -195 262 520 -121 -530 -117 -315 -586 1023 -582 -296 -1334 100 -1137 764 -184 187 467 14 332 -1230 -139 489 478 -107 -666 544 -1218 -47 885 752 571 445 -1015 974 -412 -774 296 -1035]
[96 -1345 -559 -896 -818 -597 917 -1055 635 -687 392 -27 755 617 35 -845 -530 31 415 403 -589 -942 268 234 -327 597 424 -854 -430 12 -1044 354 903 301 -180 239 -431 399 395 597 697 -740 58 1328 343 -16 1179 475 106 79 -721 32 991 -1400 3 -205 362 1003 539 -568 1188 168 -210 -260 739 305 -473 800 -810 -135 61 -29 0 -115 -189 -141 -383 747 -56 282 168 -64 -276 -1192 233 -369 -561 -523 -610 901 -158 588 -150 -599 -889 995 1 -218 265 37 -35 202 304 66 54 596 -322 -630 29 -233 -628 -368 488 -994 -255 -493 -108 26 445 -227 -230]
[54 708 178 743 104 13 524 217 523 333 637 493 -7 6 -369 -137 -1104 32 -512 37 290 24 209 842 334 184 -612 35 188 -1153 -1285 920 160 -208 624 275 -381 982 -587 476 -328 67 149 -578 -213 -217 -501 -40 -161 -697 456 102 299 -539 -335 -1026 855 1001 723 -839 421 539 405 327 -631 -149 -90 -236 -192 86 -133 246 -1094 663 173 -293 -114 -662 605 15 -1495 1036 -272 458 -1007 844 335 -27 517 -698 -371 60 662 98 -720 -44 -548 146 480 -108 -1063 230 414 394 -461 81 791 -596 -1242 -647 -406 -458 -38 1073 -663 484 -815 155 -204 857 479]
[178 -79 180 -259 229 867 1114 34 521 -10 648 -433 35 -143 -340 -558 -573 621 -84 950 -832 613 -245 -354 -25 -573 -218 587 -149 234 404 68 -99 -805 308 685 152 -39 552 -776 -150 -347 -654 -274 145 -816 399 -392 -731 1141 -731 -109 -735 -602 88 458 1090 -818 597 -283 -745 -600 -124 -346 22 233 1324 181 -929 314 83 529 509 571 1146 634 204 1307 1215 -1360 -1539 -710 333 -684 -498 415 -132 -833 -91 148 -222 -1214 -641 499 -804 -723 -331 323 -417 277 1043 1033 78 -506 1364 647 130 -152 -1284 342 -1601 687 1340 604 -135 705 -275 221 132 159 374]
[-137 -2 -1295 844 -460 -44 1125 128 -53 847 -425 -351 646 250 -659 624 -41 -144 -228 558 -14 969 -423 362 -7 -981 80 474 365 -1146 -438 1375 -637 174 829 402 -82 -787 70 191 -735 -38 931 1350 -667 -1090 -433 -1376 424 515 59 348 -587 -1489 -272 87 237 -23 902 196 -393 -324 1402 956 -421 578 -883 -326 -428 -263 -155 534 662 658 -607 -143 -353 -564 365 -945 -502 -105 -694 -382 -1783 448 1044 -449 795 850 -1217 -843 -1106 294 -743 655 307 192 -1481 17 449 1255 195 808 680 -634 -206 -740 -157 -100 800 -562 -169 40 -676 904 -1180 371 -1878 881 -107]
[335 -943 -102 354 -1406 -749 712 -771 -32 243 -814 34 436 441 532 812 397 -348 -344 -943 -1267 -925 -871 -45 -1298 -965 31 740 118 186 1508 419 797 -553 -163 562 -125 -518 22 -295 -757 673 -1187 -87 980 -577 74 485 247 -595 -398 -190 -527 -467 -523 967 468 -255 523 -735 -53 307 -580 195 -53 1117 542 555 393 -3 -973 782 232 225 236 -110 -719 229 503 -177 114 1127 525 -486 -373 100 -406 1169 166 886 429 923 -819 -134 -470 -521 -239 287 -171 -630 -328 -523 -266 -663 -433 213 -156 72 573 668 757 -943 774 624 -260 347 -1163 -43 345 -365 671]
[-444 -609 -411 904 -283 1058 -49 71 -86 549 583 269 422 -101 171 -1161 78 -392 -793 -2143 -313 -375 -514 233 874 257 -1967 -744 806 229 -1579 259 480 855 725 627 179 919 -838 271 1193 346 1387 448 -516 -122 188 -278 -392 1010 225 948 481 -454 -153 -99 -495 -772 798 -1201 1302 137 -543 707 -557 -108 -443 -327 81 -376 -1068 150 -485 458 623 -933 289 -577 -264 385 -640 1459 -54 167 -105 266 -307 166 329 1047 550 -571 -268 1067 828 358 359 360 -166 -86 312 516 387 635 -1117 718 -769 -178 468 -786 -360 551 -722 1037 -285 -1036 341 -466 314 624 42]
[551 -242 788 -183 -860 144 -345 228 301 389 0 475 196 901 -464 -13 -821 -116 -1365 341 -124 -712 947 -640 -371 -543 -284 -450 -1998 14 452 623 -374 1502 619 -117 -182 236 -356 281 710 -547 -1344 1653 513 -277 -101 757 297 114 701 89 -872 2 -653 -557 -82 -161 -1070 -218 -189 -440 903 40 -712 576 -273 1030 -475 299 206 -27 648 -315 -1467 363 -1198 -302 -437 617 252 284 -241 -1 74 43 -383 121 733 -421 424 150 464 166 -372 -625 532 -413 -539 -850 -289 -76 -1070 692 -13 -109 -764 1062 1513 103 506 -338 -116 355 -175 -1059 -238 236 -783 349 1093]
]
