5739.052884 2923.261229 1.030018936 62
[[381 -591 643 202 -283 -216 -909 -418 -109 -630 476 -82 -559 395 -5 413 -1559 191 252 998 467 -532 -472 670 708 410 93 -904 222 -462 -639 -664 -188 -697 1056 -93 175 -881 116 468 551 163 265 49 -131 361 -1305 49 -937 328 193 533 -439 216 -463 118 368 -597 1181 657 92 65 307 -632 -740 -155 -176 489 -167 430 -33 -77 -1307 194 -761 -375 164 480 598 11 -799 547 244 -1092 349 249 302 7 -655 -37 353 -278 641 -284 -752 -298 -944 49 -411 199 437 -367 129 65 -160 -303 266 349 745 387 70 -279 -466 467 473 -306 165 -800 260 -423 369]
[377 -10 -1075 -739 826 -79 46 -1170 429 702 -104 -374 323 -302 539 128 -24 240 42 -321 -234 64 235 -397 -715 229 -64 678 -883 349 -351 21 885 -228 -250 140 -352 1128 162 45 -453 412 -1279 598 123 2 239 -385 293 43 1041 -35 474 86 219 -426 -360 394 -115 -27 -161 -423 -67 319 280 -422 52 -631 469 940 783 609 -258 -138 285 -269 915 -231 -251 221 403 81 -510 -367 76 -530 20 -86 -321 622 1226 865 -624 -1002 -45 624 -357 601 -361 -149 -1354 -924 -139 -362 -357 -29 -539 391 116 -1264 483 613 4 -1262 237 520 492 769 -97 -746 712]
[-845 141 -234 99 -237 279 -689 992 -240 -448 -979 -154 -19 -314 698 462 1093 137 -369 271 -317 -198 -32 85 -150 -101 -894 478 16 -87 -671 529 -674 -760 281 -541 189 -360 -130 -7 -787 542 1378 425 -481 -138 1047 654 690 -218 -1482 -504 -362 -187 693 102 -240 456 107 1180 -96 -171 -103 503 -14 104 -165 -43 68 -644 -235 -546 -940 157 426 297 -641 54 170 -476 197 125 445 -56 816 1085 -370 -921 -417 -461 6 -1000 889 955 -791 224 -93 536 -891 -482 1827 622 45 411 -313 236 -15 -102 437 369 -311 -301 -24 -76 -518 888 -96 -376 786 208 23]
[-472 58 -1389 87 -84 132 521 914 411 416 21 -355 -777 -671 427 407 1261 989 319 -480 -256 -71 673 -764 -67 -279 -1154 536 633 1093 287 1161 -358 -670 -1171 190 194 -678 43 -414 -161 1320 648 -30 -2 -593 111 258 -126 -134 -565 -169 -1122 -90 828 447 314 74 -109 -191 809 -309 -265 547 394 -408 9 397 9 -506 -83 -897 -716 -283 482 273 -885 -477 -877 -575 143 495 438 23 22 673 -103 -246 1141 -181 -558 -595 829 763 -812 209 962 405 -193 17 863 858 723 787 -707 654 -44 220 182 147 273 283 -87 766 -383 478 -32 -943 -85 400 213]
[391 1123 1074 -11 -467 -394 -842 -320 63 -975 -501 504 258 -518 -92 -831 -355 30 -460 13 1037 483 -268 -646 -322 551 -75 611 783 -575 -266 -693 618 401 864 -427 -445 -152 -494 -434 74 -1127 947 931 -471 50 531 654 -532 -733 -1224 -437 151 -386 -412 412 -250 36 227 881 -500 -166 437 -1250 -101 749 -1078 161 -236 -1013 -597 -289 96 -276 -229 648 320 558 477 -410 -165 -250 471 -467 770 556 -465 -37 -190 389 -227 -459 -1117 213 608 -578 -480 328 -671 -640 1127 158 359 28 -854 273 364 25 365 -7 -110 -1815 420 -1062 220 -392 -78 489 299 591 152]
[69 -363 714 548 -54 31 -652 -196 358 376 -727 1147 621 -590 61 -40 -768 139 -464 574 660 48 -501 114 -18 157 782 933 362 354 -712 -5 588 -459 967 -231 -318 -267 -505 179 38 -771 462 919 -703 334 758 -91 152 -532 -1346 171 -87 -421 968 -526 473 313 337 6 533 323 1383 -313 334 857 -923 -506 -324 -919 500 503 -706 431 -907 204 116 791 -182 -285 215 -301 189 -649 -165 1010 -70 171 -419 415 -632 46 -1547 -512 489 -636 372 -74 -1289 -346 447 -462 47 215 10 36 -362 -192 1529 2 -648 -844 -31 -1225 -389 906 749 -335 1438 710 -445]
[-110 -1222 938 399 -325 84 213 1038 -597 309 -188 -167 306 272 301 62 276 159 -700 -138 434 -90 677 918 -82 -686 1438 -178 -647 -115 -330 -758 267 484 -598 -347 193 165 -879 358 -220 -254 -423 52 28 714 747 -431 311 168 -102 -715 453 405 11 -401 321 -966 174 -449 90 1126 348 892 -745 -660 879 -110 -788 -59 712 290 357 -126 -755 -826 182 -134 488 -710 -175 -1215 493 605 -461 570 691 -605 -772 713 64 -121 -1045 -774 723 -644 222 -139 -260 1226 -99 798 -795 -488 923 -785 128 -1059 -522 540 -52 -121 346 252 -108 473 -302 401 401 -436 -1529]
[794 -639 140 404 -487 -169 845 175 773 1584 -430 -122 -1097 -566 614 -51 -187 423 -738 -1057 653 -564 802 -468 524 57 360 488 41 1061 -209 -207 1360 88 -1211 35 620 -579 -1101 -370 -664 691 -361 719 187 -885 413 -1005 -189 -244 26 -68 -346 -355 481 -219 -98 -86 923 -265 593 34 512 1053 37 -448 -82 -122 -182 56 -212 -459 -297 -465 -1325 -324 509 -413 49 -1151 -118 -460 635 -251 1018 203 128 -94 117 1402 -236 939 -905 -1405 -680 -175 407 -119 -760 -357 -188 -427 913 624 -1255 722 -417 199 421 -514 174 -105 628 -41 592 229 480 378 365 -371 311]
[66 26 -897 663 422 -949 236 -205 -295 1 -90 -325 -91 761 -91 -528 73 -1250 522 400 -921 -405 -672 -338 902 -590 -546 -469 180 17 -216 39 121 -190 1127 306 739 724 1078 50 293 1115 -746 -935 436 -590 -1330 -333 209 -10 276 -284 1082 -121 -472 364 -814 394 62 135 -84 -408 -246 142 -220 167 89 -777 525 758 -243 80 -86 1213 710 -981 1164 56 33 479 402 1169 -1571 -715 -411 -204 267 322 -388 84 299 930 324 -222 -367 993 209 -656 1394 -59 -757 -341 645 -51 945 -4 -791 50 -289 -609 -198 1214 86 -125 -9 -74 525 287 -191 -571 202]
[157 -240 163 1369 -212 -690 -161 696 -153 109 543 309 -726 1086 415 -225 143 -505 990 616 -1350 -253 162 12 1452 -168 -1003 43 938 -2 -407 1247 -1166 -822 635 86 1073 -957 268 774 719 875 190 -407 -668 -462 -886 -170 -679 547 314 -171 -457 -285 438 149 245 -664 -290 109 160 604 -82 -245 181 765 -745 227 536 657 -250 -703 -1127 507 1003 -337 108 362 -449 -380 -373 1122 -315 -334 3 230 -586 43 548 -1420 -1239 41 839 -41 -1671 619 328 -335 705 1068 1240 720 393 277 702 -80 -297 536 381 36 530 692 -913 491 -270 -34 -442 -1248 217 504 821]
[377 -71 -370 -2192 613 815 -149 -1202 1248 68 611 -133 36 -71 17 -37 37 222 1231 351 310 -109 258 320 -1026 133 -145 -1542 -504 -105 897 -85 -439 -516 -386 165 -1224 284 710 -90 -277 -670 -39 -1027 878 -215 -240 -591 -649 491 1274 1355 38 353 -1473 223 -40 -263 -412 276 -250 -1071 -240 -494 -349 -841 1324 331 -438 757 667 716 314 350 228 537 43 -167 -535 616 408 -17 411 229 -487 -1783 89 102 -254 26 653 348 463 278 39 -57 -302 769 516 -510 -1802 -559 -835 -468 -186 -11 522 40 -202 -1083 -65 552 427 -47 275 -582 36 -77 -1499 -768 149]
[23 -782 -128 1399 6 -281 -738 26 -413 1073 -283 -486 -640 493 806 517 -155 303 565 -241 -1447 -316 746 75 1184 -473 -1398 29 446 1018 -1657 -110 215 -895 834 345 701 -181 16 469 253 1733 396 -492 -169 -543 291 -330 -140 150 300 -532 36 -498 828 372 705 -826 1528 -145 220 1182 952 1089 -119 -120 723 -698 -29 -142 450 452 -1459 227 -188 -1181 433 -67 208 -1080 193 204 -48 -463 377 288 -232 -282 -454 855 -6 -311 187 -1035 -1782 754 241 98 333 366 876 -29 -214 183 -380 15 -260 -530 371 638 361 454 -985 63 696 287 261 -155 -69 -537 246]
[113 -74 1077 -88 -589 112 264 942 -481 -394 100 -467 168 159 -6 -154 407 -323 -1084 -145 401 -340 -543 422 693 -261 335 -763 93 -1198 124 -798 -755 844 -51 -892 178 145 -883 -206 -290 152 510 69 5 -187 -81 -547 577 411 -620 -817 -383 628 -1438 -442 -1684 -226 60 741 84 864 33 282 -869 -674 -377 166 -111 833 -846 -1610 689 -398 653 -1020 586 -249 1719 -321 251 -1365 607 -261 751 -246 443 -152 -540 -916 -546 371 154 602 635 -495 -583 -810 526 1308 344 711 381 -771 854 107 -98 206 -318 323 82 1 454 -179 47 -944 -1281 558 260 -206 -394]
[31 18 577 -297 -181 -325 57 -486 354 -13 679 -391 -331 367 1118 455 491 1132 435 508 -481 -162 350 -361 433 217 -878 46 136 133 -795 -184 -337 -1189 550 -795 131 297 -883 392 247 879 1006 -592 -361 -86 -11 -280 -166 638 -135 -286 -636 626 -776 408 -470 -332 -184 1062 358 122 115 220 -1137 -372 -472 1530 201 355 419 -346 -998 112 116 69 1269 139 101 -581 1202 -106 860 -1010 186 -181 -1467 -392 302 3 -402 -196 635 -293 -870 510 -741 -85 -99 1155 1082 249 -439 -1036 -233 309 103 549 688 -77 248 -612 -1007 -358 -145 0 -949 -1187 -96 99 -60]
[596 -447 -1402 -93 -110 -416 -113 152 -412 -52 -641 -1123 -418 543 -67 -470 156 -613 330 -607 1069 587 -47 -206 -153 -149 325 254 -454 97 544 -507 328 463 -1657 -1119 63 20 374 -131 -318 347 -1286 -126 717 -719 -1444 78 -500 -793 526 -861 474 482 -12 265 -111 -348 301 378 222 -543 -1779 -388 -602 -288 526 -448 -375 482 -282 -379 -209 -66 -920 -78 -440 -601 170 152 -573 832 -682 79 941 15 1419 -492 -813 1201 1239 -55 737 344 -19 -36 376 1085 6 -323 -1185 611 486 532 -56 -183 -31 -121 -730 161 383 43 1372 652 -636 384 708 608 -280 -333 355]
[-866 -165 1064 1535 -462 434 -185 -359 -692 816 -135 692 455 937 -168 -31 -95 73 162 -705 -419 1544 -5 847 -88 519 527 440 2 433 574 555 -605 882 116 -256 18 291 327 1145 661 -853 189 -904 -74 390 442 897 -93 -181 -102 843 -173 -72 726 -318 1509 -568 -1073 -1389 29 909 -141 -355 933 599 -377 179 52 -947 912 1117 392 230 -358 576 -560 74 -306 274 -127 -1084 -1083 1193 -643 -617 -443 324 169 539 -606 -715 191 -258 334 281 942 -719 813 161 21 1053 -1169 -379 1201 -823 674 -1058 -307 915 -21 -419 -1199 800 -770 1574 -561 -65 -187 929 -1691]
[-372 -80 2043 1519 -621 372 552 -404 -973 941 865 1272 -278 783 -258 387 -216 55 -258 -126 -926 208 -653 736 1507 700 250 -1050 691 338 -535 -273 -62 191 1133 743 586 42 190 756 759 -562 -26 -756 159 222 413 -726 336 390 -284 1301 -222 -1118 61 -1125 -272 -64 119 -1026 619 1294 35 -147 929 864 -448 -243 113 37 -440 -62 1067 483 -868 335 -67 642 479 518 50 -414 -757 -4 -46 -149 -1056 1055 460 -402 -1014 859 0 -201 382 265 587 -2598 1540 382 284 -679 -737 -319 1118 445 -402 -631 326 880 -457 123 -468 368 365 256 -227 -359 28 837 -1061]
[-144 836 -524 -117 -310 480 -480 -104 -142 42 -488 161 -285 -1353 160 -214 1139 -357 -37 -403 -839 246 -23 -151 -592 334 -1023 -877 -425 -176 -445 33 710 236 1658 547 274 1010 645 89 -927 609 974 -183 268 -438 1322 -671 435 -216 -1370 335 136 -627 32 -419 -861 1054 -120 488 -601 41 96 174 698 -437 909 -1225 161 286 -59 349 197 616 427 146 508 -59 767 608 -138 -583 272 296 564 326 -492 25 -191 498 568 1233 -439 -60 302 1049 -30 -235 203 -1203 -301 75 -433 44 31 996 -1185 -1028 73 -1303 -255 250 240 -1184 742 232 264 1149 -317 -68 37]
[-668 341 288 -979 971 33 46 -39 -558 -243 -34 -349 237 480 936 829 -740 -33 -587 1089 -1096 -665 -59 1065 -472 769 439 62 -1470 -659 -178 -149 219 -899 66 230 -360 127 -500 -61 -214 -282 -1480 409 -1010 1511 192 829 1405 791 1394 -100 947 1033 145 -272 717 92 4 693 -653 -981 -1145 1103 -1023 -643 648 832 669 139 -316 389 -615 654 -61 177 762 -30 74 -141 258 410 326 401 -497 102 -448 -1041 -1016 -721 1265 -522 734 -501 -699 451 -1795 182 -1781 -375 715 -1370 -170 -300 -675 -965 612 -70 -174 178 -86 -179 -341 205 -191 436 285 -848 724 -643 1005]
[1071 -492 1819 -840 -857 403 514 -148 1025 -268 -646 293 -209 30 311 -48 -550 155 -2 309 1512 -763 429 341 -212 -513 1738 5 -558 -858 164 -625 311 -336 221 -368 372 -29 -1616 -180 133 53 1616 752 -252 -89 784 -891 17 -91 -660 -39 14 126 -707 -362 -259 187 -527 1049 -67 94 1407 599 -1184 -222 -263 394 -177 761 68 -16 130 -668 -112 -82 1009 -190 1157 -1128 278 -626 1674 -68 1075 -653 -938 -230 9 -8 -644 428 -1092 -909 -205 -507 -1030 -327 -1097 271 -158 -514 -216 -667 211 63 -292 663 69 -1005 -268 -477 -260 -583 175 213 -545 888 -244 -459 327]
[-193 610 683 -718 215 -189 -445 -1459 660 -1122 216 185 724 305 -651 851 -557 568 611 673 378 104 328 -467 -629 264 -162 392 217 245 126 -818 142 172 -63 -152 -265 92 -497 -599 1131 171 962 567 -208 1147 -286 1173 -710 -6 850 -557 836 504 -459 645 226 -643 87 661 -1294 -467 131 -333 -922 218 -361 1810 -99 -127 467 171 292 -1105 322 546 -478 46 -48 -207 448 -99 425 -247 -430 -671 -1053 -761 963 -48 836 -1406 51 351 -222 -581 -1471 785 -322 -98 83 -1265 -331 -1067 -203 -773 340 725 -882 790 -300 -1376 -347 -69 44 -893 -157 79 -1345 -42 540]
[181 -452 728 729 -296 -287 -492 -992 289 -921 -1015 236 181 217 144 201 -831 -601 -17 -102 254 -623 -897 141 214 -433 571 39 -438 -164 -668 -1137 1480 -986 2041 695 486 1146 523 72 -299 -66 498 -257 668 -1029 -48 535 150 -433 -286 709 1116 -1140 -1366 504 -264 809 743 785 148 -437 557 573 -236 347 -141 -250 379 -395 -385 1376 -165 576 -517 -153 1193 145 46 174 -233 520 -1494 -1224 632 -622 -528 342 -860 1488 956 -205 1146 -1031 -701 1078 -1130 -726 927 -1261 276 -719 321 234 107 395 496 179 413 -296 -837 835 -994 -97 615 1141 532 676 389 -1086 -698]
[-571 -18 574 748 320 -220 -1216 -134 457 -132 -1093 788 770 327 366 -380 1252 -1638 659 8 -510 549 -676 -182 431 39 -408 322 168 -120 -953 685 -399 180 908 -1032 571 380 235 290 -1019 -610 1725 -938 262 -641 956 314 -1185 13 -770 -148 621 -393 -541 595 -517 13 -583 1267 -1053 -100 -628 367 398 1450 -276 600 -290 -104 -71 206 34 1001 274 220 -377 461 -1044 201 678 -503 -485 -28 -91 -388 -988 -1118 -273 -27 -831 -503 1177 370 -1038 1224 -898 60 512 -966 407 839 -519 -275 254 79 103 25 58 -134 -1158 -214 -542 71 6 695 238 609 305 254 -361]
[-615 -4 -123 -280 597 -298 -1034 1575 -546 -1622 580 -511 -209 229 718 -297 760 -138 639 606 38 -786 954 168 449 -1541 46 -927 718 -715 -1082 -245 -382 -421 50 941 -70 -151 248 -698 228 275 1115 13 369 531 1374 -779 -181 -48 -494 -1320 537 -621 -1065 266 -215 -1098 852 354 332 987 -318 -7 -1073 -287 1251 -350 -604 419 -293 -636 259 557 1387 -980 -119 128 107 -925 -414 831 -11 383 -60 1148 790 -294 -433 -967 -215 -1301 75 1012 104 440 -961 -432 875 1156 1151 1231 -281 -297 2 -322 -55 -776 -608 68 -66 454 478 146 1211 316 32 -67 -47 -1061 -31]
[622 -167 1912 436 -1148 138 -437 -52 564 -1359 -470 1039 -126 913 -1058 419 -572 -695 948 560 -751 -6 41 917 53 429 151 -1763 11 -756 970 -375 -197 -87 1559 158 847 -228 546 768 410 -39 560 -870 365 -638 -988 332 -680 409 193 910 260 -362 -1850 -347 151 -674 -965 663 -782 608 -21 -183 237 -59 632 940 -464 693 -155 500 170 -507 -450 382 -240 152 827 686 -1069 -617 -463 -5 419 -1153 -826 146 151 411 -52 -24 269 -241 138 -637 160 257 904 -468 -342 588 -628 -128 1595 -339 -251 -435 -1119 -6 -740 -312 18 1254 99 -364 -1185 582 -1681 1030 -1040]
[-215 153 141 1112 10 -902 -919 -548 -1140 -245 521 146 -471 -16 757 -744 -1039 -1731 -131 431 -718 515 -559 482 258 773 814 -191 -647 -583 -885 320 492 832 851 159 851 -221 1224 730 453 -903 -1403 436 -481 1121 -755 139 -770 881 524 -218 862 457 -279 -1017 199 -338 539 -562 -1307 578 -323 -1303 486 513 -449 -264 252 928 -176 -31 265 1188 177 153 822 616 364 969 -1606 652 -1203 383 -185 792 656 224 -489 -787 1255 1740 12 -740 36 1698 -1381 -383 137 374 -249 -424 282 86 376 -191 -339 -716 -57 -1204 473 463 -504 -520 1101 373 975 83 609 -967 1085]
[-389 343 -1209 -726 791 318 -1483 -950 1100 12 21 642 542 -746 -427 -451 682 -274 215 382 377 -634 -500 -412 421 -437 -937 -31 424 792 -577 579 -187 -508 1029 94 -544 841 527 -311 -506 -136 1094 1103 -258 -632 681 -694 5 -886 -1230 647 -386 -275 435 -416 -1140 827 654 960 170 -479 613 -483 -138 0 -692 -693 674 50 1145 223 -435 910 1089 -359 123 -30 -158 30 676 -18 -693 -736 -632 124 178 -656 -131 48 237 -168 35 525 -254 -207 -385 -24 438 -158 -580 -245 529 195 -157 183 -637 386 1304 -704 -453 215 763 -1860 -156 -94 1106 171 184 -245 338]
[270 -815 -644 -1092 -21 21 186 -1211 1644 777 -611 337 383 -1485 224 141 -268 680 194 418 84 -619 1201 -475 -944 -275 823 829 -367 1651 446 -614 1374 -554 -259 514 -229 171 -1167 -811 -384 -140 1398 55 -56 -257 943 -510 221 345 -63 194 233 9 -70 482 -457 641 734 233 46 -426 1500 884 -592 -105 -155 664 -655 -854 535 172 606 -279 -1028 1126 -48 -344 -1368 -439 656 -752 1021 -623 35 75 -8 129 532 732 348 867 -200 -1010 -20 372 -565 835 -905 -820 -277 -2021 -115 -212 -798 1328 -488 438 1092 -562 -872 304 8 -1314 501 -306 756 -1312 -134 -471 61]
[119 -286 606 292 -484 140 -745 -729 358 27 -31 1400 362 -607 152 -604 -764 26 769 608 229 980 -622 401 -1142 873 1467 564 128 636 1282 393 1054 542 777 321 -214 -225 -398 879 939 -962 241 238 -809 873 -556 783 -1170 437 -153 300 -464 915 -160 -282 1377 -922 -659 -409 -356 1038 357 -1101 528 -178 -769 311 -909 -340 493 223 -566 525 65 670 25 -224 -488 -830 -710 -718 352 122 -1045 -737 -108 -372 -28 -120 -651 836 -653 -1417 937 579 -686 403 -1069 -116 -328 -330 98 43 144 -514 288 -263 1009 -812 18 -468 -1437 -793 -369 563 -27 -330 213 -5 -25]
[-247 202 -783 -431 -361 642 -1395 -992 1240 -524 1306 -747 -476 -1270 123 870 -484 1959 -663 -456 424 326 -111 -612 -365 613 -1826 442 -429 662 341 -923 495 298 754 38 -454 69 -819 433 -633 784 1703 -54 -454 -333 562 741 -215 221 -106 953 -961 702 -180 643 430 342 903 911 462 -149 -39 -269 -433 -1428 27 925 806 -524 1071 398 -1656 -226 133 503 496 -630 397 -287 -251 -1279 956 132 -327 -671 -620 -861 445 1565 569 -670 1208 -613 -552 -41 -1140 581 -203 -268 1442 643 413 -193 -2221 16 750 -214 1065 -92 380 -701 -1380 -719 269 -446 -635 -546 858 -944 127]
[677 -214 348 -196 198 -138 -1025 -959 930 -220 494 -117 423 -530 -1345 527 -525 1414 314 -641 279 659 630 -446 317 469 -323 337 1097 844 -291 -485 511 677 -331 -34 -11 140 -568 -116 430 -363 595 -140 538 277 681 -279 -586 403 683 464 -623 -159 -149 54 286 -610 398 -674 746 1053 -514 -11 694 604 -283 600 -800 -77 603 -135 84 -1196 18 24 -857 248 -295 980 -735 -1176 703 -405 -654 -413 547 520 1437 916 -543 -238 -388 -118 925 -933 535 203 363 195 -641 653 -665 -752 -295 427 -148 -231 108 1029 -277 -850 -453 138 1264 -823 -187 13 -918 760 -185]
[-25 159 626 -224 -42 -364 -559 -456 828 524 1294 481 37 582 723 -717 -270 127 -485 209 446 386 962 420 -672 862 633 -345 89 -233 903 -673 15 1347 -402 297 -537 -126 -506 575 -261 -389 229 -204 -87 981 262 -454 -2035 1357 867 645 328 22 -1435 -91 -760 -1076 -287 263 -619 -766 -82 -808 174 -1031 -563 1005 -234 1180 177 -475 861 -161 -40 452 1110 50 -847 18 -394 -1279 -427 -312 -419 -159 261 -670 -171 109 149 876 -546 -663 396 87 -1408 15 317 598 -27 51 -443 -1458 -192 -705 174 478 -876 -1680 559 115 859 -686 793 -19 -310 -432 36 -942 -449]
[-223 -85 -21 -112 946 -168 1068 320 -43 676 547 585 1533 -40 154 227 1788 -301 76 -265 -733 171 -74 -427 -754 -496 -326 199 -206 28 -1248 593 -189 -507 431 326 -707 563 -207 27 -674 -927 1 -30 281 300 1147 83 -276 99 897 -675 700 -1115 306 573 -226 -408 -732 -583 -1193 286 1194 333 -378 807 249 458 181 -285 1133 684 716 55 290 -615 50 708 -1509 382 1856 -35 238 172 -795 -237 -1501 -392 -246 -515 -747 -636 -1178 -403 53 -503 670 267 422 1029 -219 -175 -1131 -781 616 -710 -14 516 -59 381 381 453 -358 -433 -280 -616 -461 195 215 -183 -847]
[74 -1150 1451 -908 -211 616 143 -507 -432 259 -1051 -828 -239 998 1419 641 -725 690 318 268 120 67 201 598 251 383 457 -424 -808 -308 -249 -1434 -245 -1044 -330 -471 -367 59 217 -880 423 341 -101 -1475 440 -383 -398 662 421 187 500 538 951 638 -1100 51 328 -832 -15 1076 113 377 -178 1402 -1113 -1344 1408 622 -598 -417 232 -370 -345 438 -1118 -103 260 -256 1070 -914 985 -822 603 -335 417 -803 -271 -683 -814 953 617 -127 260 81 -773 114 21 -64 -57 -746 -178 -373 -497 -345 -3 77 1057 -1229 -702 836 -913 -205 29 686 -123 634 -859 -316 -1266 -396 -183]
[150 -578 146 -394 220 43 -417 584 -1350 -917 -217 -169 353 493 -212 -638 -399 101 -302 139 -190 12 -1226 1083 530 726 84 -752 -558 -2076 220 -159 -403 -66 299 -754 -239 715 -237 676 -440 126 -2129 80 -657 -105 -1066 243 354 -72 597 -1179 -613 650 -1083 262 -409 -906 271 878 -2 1010 -1666 -529 -674 -226 126 -1197 -352 1486 -984 -1109 -985 -65 404 -1539 372 -350 1386 -385 -679 -526 -215 -606 654 -633 1109 -502 -1911 -638 708 -737 206 73 733 -531 -1389 603 -423 1165 71 1244 458 277 1089 -480 306 84 10 579 797 -410 -210 474 -340 -200 -1162 1126 465 -80 -436]
[243 58 -677 655 -84 -1124 351 -508 -981 -860 1269 -249 -808 953 -423 -320 488 552 1051 485 114 1110 657 -958 214 -571 632 349 671 477 74 -396 217 561 360 989 456 -252 -435 609 1964 269 808 -798 444 832 -667 267 -903 -613 -179 -94 64 -4 929 583 337 -622 -628 -521 -231 172 -1395 -1164 -746 618 -160 667 382 -302 732 -264 901 2 -156 417 -504 94 -220 -527 34 1441 -459 832 -310 854 -617 52 1118 167 -655 495 -511 -632 671 566 1268 -1106 836 914 -48 1206 -845 -198 427 -546 -672 -30 -427 494 -68 -573 -92 888 251 50 -205 -598 -828 145 94]
[872 553 799 -501 262 -485 888 -534 957 1913 834 50 262 260 696 -1243 -40 453 -314 -1011 1416 353 -319 -466 25 1031 -384 113 559 -233 194 1037 -129 -503 -1201 -334 -956 -586 -337 239 -301 -1109 -922 -171 201 -619 15 -867 -1592 311 1059 630 -772 -453 -218 332 -153 -488 -220 -237 556 -1264 201 -778 577 331 -1576 32 -83 529 -428 -1090 -344 166 19 260 774 363 -611 348 770 -12 855 -851 97 -346 -778 83 10 84 -859 744 -667 392 -466 -763 121 111 -482 526 -404 -126 530 -959 -637 717 682 1069 528 -417 1308 197 133 -144 523 -481 509 -193 -277 -248 612]
[310 66 -1785 -165 281 -704 -326 -705 522 -1143 445 -740 359 -1250 -752 848 -5 321 599 84 559 -4 763 -470 -1081 -1061 -47 423 -164 283 -43 -41 1264 -626 -133 1547 -279 594 752 -535 929 962 134 1029 478 220 -798 504 -645 -491 812 30 455 56 707 401 133 -410 80 -175 42 -239 -219 -272 224 -328 -120 -263 765 333 276 445 244 -897 895 49 -700 -328 -488 80 -1326 644 -261 -497 -923 771 730 709 883 -57 1803 336 -326 -85 -189 519 188 303 287 405 -980 128 145 -170 719 562 -549 520 77 -68 816 1436 153 59 972 267 1112 14 -818 -389 886]
[583 555 -299 169 361 -142 -924 -800 1010 -426 84 1247 272 -927 -969 -277 -1613 -15 66 1388 -537 -81 -960 461 -932 595 -273 233 918 -189 961 426 1408 -295 2140 1210 -762 -578 71 421 1366 36 -124 924 -234 678 -655 -576 49 -31 -116 -380 79 -438 -396 -788 558 -13 588 -78 103 -188 289 -1203 151 271 -531 -246 -84 996 77 -767 -1050 438 1255 -340 791 763 371 609 -899 330 -195 -863 -529 681 519 310 -30 115 320 1289 -896 -784 1057 -687 -102 182 -951 -583 -462 -899 494 -379 850 29 -1295 349 1354 -844 -710 -329 124 -1781 628 -573 854 -656 97 225 979]
[-729 262 197 -412 -1062 349 -562 -329 -568 -917 -330 -45 -1165 795 481 -269 303 -20 225 136 503 -42 -353 78 -230 490 -537 -179 -651 -336 -519 -258 231 -260 1129 -691 571 -345 641 530 121 1284 1535 721 217 191 247 52 -173 -592 -1447 -365 326 -112 -431 -6 -438 127 90 1169 -1113 -131 372 -1006 -1254 -790 390 653 189 667 584 -456 -279 261 228 -172 1196 -248 1357 328 -588 666 -495 280 1373 264 -600 -1549 -655 1233 1228 -99 184 -445 227 180 -1331 169 -779 -765 196 338 -111 206 -652 -298 -230 -255 -374 -929 -667 -1295 246 -356 267 762 -719 477 -722 -1049 300]
[840 404 -578 646 233 -846 878 -127 -343 511 -675 -517 -194 -442 756 -1252 167 -636 449 -1020 -886 -55 94 -936 733 499 -1014 35 228 -59 -887 -234 4 -971 -156 -657 906 253 404 -706 -911 67 -1249 64 -986 -1307 -644 133 45 50 980 -1342 532 -590 -438 1209 -601 228 883 261 -492 -600 -230 -443 -395 1132 -737 193 157 -62 -1426 -209 -459 199 136 81 1071 142 -297 -98 209 889 169 -885 1452 -565 176 756 -140 -249 -102 -183 310 97 -1310 497 -186 832 376 64 747 -100 1210 484 -713 553 -72 335 63 -300 957 -283 4 -500 79 -593 355 226 340 10 944]
[-701 917 0 94 43 -551 50 -90 796 -1391 -1220 -214 754 -26 513 211 -336 -423 98 124 222 -387 424 347 -1541 -1 472 -78 -22 -555 603 -475 179 -413 58 876 -180 621 858 -608 249 391 903 -171 612 -448 -104 865 531 -548 93 -147 894 35 -1459 -30 136 -368 -166 485 -655 -852 131 -199 -397 -1446 -133 670 38 -344 176 842 183 175 623 230 201 31 245 -64 361 -392 -795 -127 476 -265 -136 769 -595 119 1073 -588 -434 385 62 343 -127 653 817 -991 -492 187 306 -1047 959 -486 151 -273 -696 -592 -481 160 541 117 554 1319 184 128 -1249 -129 -198]
[314 222 -594 -1434 306 -203 -146 378 794 1834 -252 -622 34 849 441 -558 1035 61 -171 -493 97 20 1539 178 -779 564 -405 1194 289 170 190 282 -86 853 -2348 -1308 -614 1 -758 -90 -818 -65 -1214 485 103 -43 732 -993 -130 460 1795 -268 752 584 192 112 -493 -1128 -600 -132 -140 -810 -1132 -15 -646 -677 559 237 -335 757 378 -251 94 -91 299 119 418 417 -1107 987 -74 -23 1136 874 144 -279 1155 -413 -131 -262 443 194 -595 -500 -304 -134 -22 1514 -553 -635 -995 -365 -570 -488 -422 -93 490 413 -654 -748 523 -309 1672 -941 -123 -445 -392 -616 -351 117 980]
[-684 -677 558 379 0 -1019 320 1040 123 347 -1047 955 -71 -313 116 -573 664 186 -536 393 885 -234 373 -219 -441 -426 476 275 649 75 494 -13 647 -348 277 163 34 -918 -1235 -209 331 373 298 395 -839 1200 135 983 -1097 -249 -734 -666 586 246 483 1369 387 -745 972 -65 -711 -1739 1029 313 -66 370 6 669 -1078 -1504 -817 -290 -132 4 -245 38 -82 458 -825 -1008 -57 321 1750 -371 -553 1400 391 -1165 313 -509 -562 -922 -435 683 -124 -320 -190 306 -1643 -368 1775 347 953 688 -141 -402 387 135 -410 -39 -729 -602 -230 884 -103 183 499 -355 846 -714 -761]
[-267 -293 1566 230 533 -13 -7 -82 214 893 -1464 764 813 973 -331 -86 319 -1055 -308 -597 276 -748 469 1024 483 -687 1781 -184 -105 -350 -168 1035 -146 162 81 538 -18 -37 -71 321 -521 -2011 -152 -116 992 -949 1731 -965 972 -309 658 1497 -266 -501 -239 -1013 -38 143 71 -838 290 529 518 523 845 838 471 -769 105 -408 414 998 1107 491 396 -357 -933 729 125 140 130 -178 -630 1263 1346 -690 242 746 -1306 -847 -747 244 -101 -169 -156 511 918 -836 678 -520 -1155 193 -541 489 581 -306 210 -161 245 133 -1440 1061 -180 499 1125 956 -102 409 -444 -266 -281]
[-286 131 1152 71 222 119 -1565 -389 -463 -315 345 384 -25 312 734 433 151 294 -424 170 -377 347 -202 -146 337 704 -91 -98 882 347 -1571 386 -584 512 527 -1214 47 -7 183 502 -13 -403 -1088 257 -466 1061 311 627 -345 793 -761 106 -353 726 -414 -1118 -256 -139 -36 -142 -126 786 651 -161 764 277 -231 -561 -347 223 637 -462 -243 -225 840 -859 496 591 793 -395 -161 -556 -1227 -869 -587 558 572 -1024 -360 216 542 930 -1337 50 663 -488 405 514 -143 1115 280 1112 -379 372 267 -656 8 -388 -432 -221 152 -931 212 -803 337 -30 -499 182 148 -50 -225]
[-276 -718 647 1011 -581 -995 1320 892 -702 383 -21 93 -536 342 669 -1355 1534 804 -1202 -950 429 -386 1177 -1173 587 254 230 1057 155 373 245 -105 -16 1048 -695 432 1432 39 -438 -98 -843 -72 -138 253 163 190 767 692 -320 -47 -714 66 -616 -600 1237 1060 -1135 229 -152 -221 -1171 -288 -579 426 1157 -240 -1018 87 104 -1239 -136 -492 450 -218 347 146 175 -60 -464 -1680 147 -585 382 -429 468 332 -705 -734 334 -63 -955 251 -542 -893 -621 434 948 -900 1194 339 1438 1463 943 564 -580 183 924 -176 -347 -683 -62 -25 -346 16 -56 -102 -899 190 120 -514 -799]
[-268 -12 110 652 -441 645 314 -57 -609 1506 -40 456 -560 433 191 32 1272 125 712 64 -1119 175 -15 1099 95 800 -1558 -956 440 871 1227 157 -1454 305 -141 -467 -604 -632 456 562 70 107 1040 -873 244 57 -141 371 202 1038 354 120 -1393 112 -331 -360 -268 -494 459 -65 -84 373 33 -126 637 -471 427 -477 -992 491 -45 -1418 231 33 158 184 -1004 -175 161 -88 684 -642 332 -57 1209 -989 -510 95 -805 -1174 -567 13 1714 951 -1057 249 706 232 1307 502 275 -889 84 179 708 16 313 -398 -117 124 287 614 -311 -141 -900 -709 -618 -830 -749 385 -216]
[261 -915 1659 481 -303 980 387 913 413 743 -699 248 614 565 -24 -1017 821 -1377 -305 -177 636 -395 -1098 1491 -46 -814 549 -113 -365 -972 -308 688 -1058 -465 -393 -562 875 -623 145 918 -1132 -1694 1183 48 -27 -726 1185 -189 126 416 265 925 764 -704 -265 106 -15 264 -779 364 261 -561 325 417 350 1008 -1198 -816 -359 570 -81 -588 39 471 900 209 -166 211 -142 249 -756 34 572 889 -494 -371 -110 -165 -644 -608 -1012 -363 590 270 -1023 -580 307 -216 724 40 822 879 -772 -308 1820 -99 1258 -35 30 -129 26 891 -201 459 11 448 302 924 868 -471 -604]
[-994 493 -988 -681 605 766 -150 211 55 -208 -27 -181 233 -117 -61 1214 571 134 333 -413 -37 506 -858 -216 -320 229 -324 -274 -113 407 970 805 -1353 -494 -990 0 -1375 14 472 -306 719 -56 -283 -4 590 793 -497 1160 599 -557 -188 478 -732 272 532 -296 253 -103 -754 -558 -164 -776 -1380 811 748 -1017 167 628 359 -759 203 -263 -231 -83 1168 -153 -1905 -461 -268 476 372 -257 -363 156 -1007 -1098 213 -491 753 -1161 -426 -901 1706 1776 80 124 515 -199 -520 -851 -879 -26 706 337 212 -593 591 854 -59 1156 -555 493 -450 1348 -1209 698 -514 -163 -386 348 207]
[672 -346 -1131 -553 890 516 -295 -1035 360 528 744 483 128 6 -142 -655 490 -603 1370 778 -1988 941 411 -180 -558 219 -494 176 -244 761 822 -156 -300 488 170 195 -716 661 214 268 193 -1036 -914 -497 -244 431 318 -177 137 338 1332 613 851 214 479 -573 -97 -194 -952 -358 -488 681 -1237 -78 452 -184 683 -547 392 568 1613 475 80 -149 467 472 -857 -173 -1083 -57 -66 -322 -555 1386 -1405 -918 7 -200 622 -229 -164 1012 -552 -748 216 612 957 632 842 -462 -1265 -346 -1427 318 739 -363 -521 14 118 -712 160 206 329 -1451 -859 -1149 -722 -11 -191 837 398]
[-631 668 1166 165 -688 213 -1073 1283 -708 345 -776 -243 104 816 580 67 655 -1067 -921 -618 -702 -201 374 751 110 642 -569 -553 223 -67 -437 487 -988 1071 279 296 462 -860 346 567 -731 -862 1084 364 352 395 1339 652 555 766 -789 318 -343 -469 81 -1066 -456 -550 -123 617 -1355 718 -528 392 1408 -463 -537 -256 28 -99 -810 -1083 354 75 688 351 -908 -349 1394 -261 -612 -904 294 844 1013 -426 -139 -328 -663 -1067 -462 329 809 177 -408 734 -806 42 92 -1145 1084 178 -207 -267 -240 -39 476 0 -654 383 180 591 45 787 841 140 -641 1344 -614 -445 353]
[5 -64 -1216 -1080 557 -390 -715 -582 448 -361 663 -7 98 508 -1013 -416 -351 -363 751 -361 288 -200 532 -57 269 -339 -451 -226 -88 605 490 651 -645 -27 -105 623 -1001 -590 214 578 -1 -976 -180 -822 661 -350 -142 -245 -250 -149 761 914 -941 133 185 704 -22 296 108 -736 -70 -457 -230 -938 318 639 275 125 -160 -909 366 658 476 104 -74 449 -1488 -94 -663 885 -171 665 -111 684 218 -954 1089 559 -46 -12 -690 -117 1411 932 548 -99 300 936 -419 -968 -858 -140 -718 572 -1347 -395 256 807 552 582 -290 697 59 787 340 -1296 134 -1277 -593 -173 605]
[724 732 918 926 -557 -1299 -761 -567 -227 -131 78 -41 303 887 -255 -393 -551 -1109 -274 -106 -232 481 -80 -245 481 -556 -380 926 471 505 262 -1120 1695 513 214 757 -395 96 -255 -322 986 -446 11 852 279 -105 320 492 33 -541 737 -919 1601 -640 190 108 -45 -891 748 -51 -879 1199 -59 -361 -615 547 -663 -474 599 -745 -581 261 470 28 -646 304 304 17 240 -624 -38 673 -966 695 611 -162 -625 101 -563 1132 -108 -128 -727 -421 177 79 -270 -245 158 -938 281 -1579 21 -40 -694 7 -31 48 41 792 666 -158 751 -1181 323 -586 549 325 -205 47 379]
[-439 -163 -26 1148 424 -6 59 -324 -208 1086 -238 -962 355 179 1061 1736 670 917 -736 -268 -1309 457 -234 448 351 -79 -1020 415 234 962 -1038 -572 -752 -415 34 -844 -146 425 72 -455 54 1825 -49 -424 -538 1249 353 861 1038 1118 56 -65 553 644 1120 -456 41 94 451 -133 464 71 -430 879 153 533 -53 -182 1004 -133 -350 89 -365 211 713 -47 725 268 289 -346 1370 -116 -395 -156 -384 -312 -26 378 66 -543 473 -287 759 676 -1070 428 420 -1059 487 345 577 -369 -251 -933 227 -436 -276 -306 -67 284 718 617 -581 -450 -826 1018 791 -482 816 69 359]
[-344 -294 -723 86 -213 -153 -336 62 -1068 -593 234 -228 -510 -489 -242 365 577 519 260 331 -298 692 754 95 -155 429 -793 -2 -86 -599 375 -189 -732 -16 685 -367 -126 60 -90 232 -68 678 365 -487 -299 580 -72 1075 -416 827 -345 258 -1093 273 313 830 -174 526 94 224 -181 -194 -263 -469 45 417 760 605 206 -171 -880 150 9 -556 -106 535 -346 -177 -84 814 -306 -168 936 61 1083 179 -95 133 55 -1138 445 -426 1938 991 -918 1085 -445 67 -113 745 1309 1030 -316 354 100 811 -44 284 -58 601 358 257 -956 632 -258 -211 -497 -1102 89 120 522]
[-106 1085 79 -624 -429 177 -1390 234 -1592 -2032 385 -588 -86 1465 -691 -791 -1099 -454 406 568 21 111 -158 128 7 57 -688 258 114 -1486 -717 -105 -1395 -4 785 -168 -64 -571 882 495 615 -218 892 1533 -402 998 -113 8 179 -1203 -772 -878 -4 -1336 973 672 -184 555 140 455 -552 -104 -939 -1609 -173 447 -918 -609 -72 -121 -943 481 -877 -829 1488 217 -378 317 937 426 -1861 1800 -21 -195 964 699 477 -265 -532 -801 490 -1912 852 718 314 120 -988 454 -532 -500 1390 282 -982 -278 -582 -519 570 324 192 340 377 -1347 -395 -663 -78 -516 -172 -88 14 51 1370]
[-892 287 -656 -203 -602 364 278 939 -642 -1451 -279 -170 -1013 188 -231 762 -85 -715 560 -142 -1547 -1133 883 1084 -11 181 -291 -325 -832 -276 160 880 -585 -673 -409 986 548 -607 773 -573 -216 689 1229 276 -586 175 68 1311 361 543 216 -172 -613 -631 185 300 962 337 -30 8 -901 1472 344 1436 -463 -949 1458 519 -185 29 -459 138 597 -1206 -194 -358 -1635 -1122 -531 740 -1209 17 -10 978 334 513 -713 -668 311 -683 913 -1453 1439 -257 -1047 37 -1172 864 -802 -315 270 -572 128 1484 -241 299 325 339 -1065 1074 -57 204 -383 2115 113 -349 -716 -426 -1131 285 796]
[224 462 222 -422 -279 -207 -812 -428 174 -847 -79 -389 280 -777 -68 -408 423 154 1121 277 857 877 219 -939 -528 -304 -437 -284 17 -22 872 -869 -12 -102 1075 -212 81 738 162 -724 916 76 2586 -787 425 -366 -566 1120 -1505 10 -340 334 441 -97 -593 1452 -675 -176 -938 1286 -886 -371 946 -77 381 -317 -181 808 -222 -620 -73 -527 247 -296 118 598 -50 -594 -227 -222 423 -684 621 -1522 -408 -536 -1116 -291 740 -162 -203 -285 403 697 -585 758 -253 -28 514 -66 586 -420 290 -898 4 546 221 24 -655 -273 -244 90 -1031 222 -225 -348 -807 515 -1203 322 235]
[792 804 -802 -210 150 -122 -300 -781 1372 349 -1492 267 94 -1084 121 -1820 -832 -1283 669 -616 35 301 -507 -708 -513 78 148 27 332 22 1031 -301 606 274 119 156 -1024 885 452 -1124 378 -572 -463 -364 -136 -1660 -710 -837 600 -1378 52 -181 806 -135 -1307 31 -411 259 -590 -399 335 -848 -89 -463 124 -430 -264 -846 -67 -916 -266 666 447 1179 649 114 762 107 528 -6 240 -609 -629 12 614 -1464 1338 1693 86 733 -426 592 -602 83 198 405 741 98 789 -1896 -1490 -836 1236 -69 -82 384 -129 -542 49 -1135 -135 181 950 -1742 -97 -122 451 632 -358 221 522]
[-337 687 998 819 -1254 148 -1093 -53 -3 217 -1098 628 -212 1159 1106 -42 -665 -610 -860 631 746 -434 -754 27 669 688 566 562 550 56 -405 293 -258 159 302 -424 730 -1040 472 375 544 -642 349 654 -1133 -67 -1010 1067 -573 -10 -1639 744 811 -188 688 -498 58 -143 125 1593 -869 -807 -389 -993 928 1001 -1924 -488 564 -793 -533 -818 -500 893 256 1791 -206 743 1286 -1022 -28 1095 -859 -765 316 788 -640 -1039 -186 -400 265 747 117 200 -735 -2 -27 -708 -122 -1098 1643 -642 686 474 -126 -279 518 108 58 -286 -594 -546 960 -826 -551 645 854 366 268 -37 551]
[165 352 -176 406 573 -569 230 1354 741 -104 125 738 78 323 291 -1143 -154 -1656 636 173 2 -475 -183 527 -148 -1114 771 -332 144 -45 1019 1222 159 -72 779 183 -92 -224 224 662 461 -886 -216 -473 -59 291 89 -430 -632 468 -367 92 201 142 -568 -751 1381 -422 -896 -706 -43 223 1422 -33 245 231 556 -414 -713 -204 261 879 -32 918 438 -140 1116 352 -203 744 169 425 767 1137 -1627 172 -844 110 156 -573 -1390 844 -1209 -700 849 171 788 -467 -250 698 -1062 639 263 109 641 -173 -162 -954 147 -1509 -231 519 -608 957 -219 10 867 875 35 198 -137]
[-376 -91 -1003 990 281 -10 -462 298 -301 486 -281 330 345 -63 -382 -328 1061 -256 401 -182 -865 -8 0 -352 963 -826 -1923 836 -12 1167 -289 264 -312 -797 -30 -130 53 364 661 -255 -475 565 -1101 482 -515 -926 498 -290 637 -537 830 -576 543 -879 1576 485 -664 102 856 123 554 457 -355 -311 997 1418 -31 -1485 363 -409 -641 88 -369 277 96 315 -897 -28 -606 -162 -551 695 -808 -18 328 162 429 29 144 -114 492 -234 613 991 -1109 595 658 428 290 -342 1118 -1102 229 807 -540 703 -877 -202 456 642 565 994 379 -559 -939 -177 861 -255 570 216 375]
[-505 162 373 -264 -242 861 -44 868 1252 904 -396 1313 -294 32 10 45 4 -411 -774 -319 -167 -331 -377 284 467 -124 -272 182 609 -155 740 1210 -1118 224 -482 106 -1118 -1727 -362 104 -337 -176 677 -634 -307 -896 565 -1160 -123 373 -771 603 -737 -1180 -439 -734 -77 -243 -78 117 545 139 444 -645 1478 519 -345 -490 337 -300 -853 -594 333 270 485 761 -861 289 -138 -443 576 -241 539 807 816 -720 93 373 120 -1623 -1883 564 -615 1169 331 -460 439 -276 -343 -1029 157 52 354 498 -763 192 -512 783 597 -627 -517 157 650 134 167 -161 -466 -146 818 400 405]
[-871 449 -227 -386 502 -98 -225 65 651 58 -363 262 1104 -639 729 278 1632 892 -850 190 15 -414 66 -800 -1042 825 112 656 383 286 -880 -60 395 184 -320 -218 -317 848 255 -537 -1356 -683 -163 976 450 784 1668 -294 132 78 -736 381 440 -646 512 -310 -1384 702 -190 878 -461 -654 -496 530 970 -86 -810 299 334 -359 452 142 62 -67 459 877 -565 774 -1347 -165 214 -339 -101 -735 -472 412 -216 -722 243 -357 450 -44 -222 -112 151 332 -264 312 -59 -976 24 -666 -500 -350 -662 800 -10 817 21 -669 -176 152 419 -1282 158 371 30 245 315 -302 -264]
[-1643 797 -485 140 -275 650 1242 722 -252 101 1044 2 112 332 -610 913 661 88 -727 111 -769 -172 25 802 -419 432 -885 -518 666 -75 927 60 -1227 849 -339 961 -382 -68 430 165 -29 869 883 -890 851 289 327 -287 499 676 19 511 -363 -563 -191 -603 -771 29 -595 -234 -295 -172 -1026 47 292 -693 -80 1037 505 405 -10 -112 784 -456 861 172 -1154 266 -133 1311 731 -398 -266 605 19 186 95 -16 777 -1054 -575 54 1148 1526 902 -220 751 -1243 1186 -400 -233 -94 -971 -1417 139 -418 -407 78 -408 750 -216 510 558 397 438 -666 -744 -949 -599 286 -866]
[-14 -670 -7 577 -336 -150 -905 173 254 -72 -1176 1924 77 -20 -1002 -79 167 -1165 36 695 301 -800 -921 277 -132 -313 720 1420 -158 688 -394 -523 816 -375 1457 177 178 -68 -1106 297 -113 566 763 1478 -776 -165 467 283 -231 -563 -987 385 431 -476 1092 -66 -87 474 263 952 -596 -385 737 64 -288 55 104 -323 512 -1047 -222 795 -152 720 -899 205 401 158 -351 225 55 522 170 77 757 470 -667 -908 -504 -155 4 -651 -220 -772 -963 -22 -1259 79 -1288 -1548 281 -1017 846 1004 -16 -158 -53 648 622 40 -1157 -326 256 -247 -503 93 832 -70 1073 394 934]
[-627 -134 -382 606 -17 214 1123 -18 254 -33 509 -1212 -454 -1433 336 897 -661 455 -847 -359 544 -1125 -279 -614 444 -630 -883 -970 -222 55 -788 288 -367 -149 -234 169 -207 -1139 557 -1042 -1034 376 1418 131 795 -501 71 284 -544 667 -659 -560 -1350 -97 -623 1335 85 430 1786 476 -27 -135 761 1218 38 -171 -73 1140 -59 -460 -594 86 -937 -618 304 -360 -545 -91 338 -1548 275 -263 646 -1087 588 232 -434 144 -631 144 -16 -473 1350 149 -1793 1018 -763 -127 -96 438 1196 -43 608 138 -2134 853 711 611 1047 404 312 91 -1191 998 1282 -1002 76 213 554 -1178 -454]
[127 1290 -568 59 561 -701 380 -626 -442 -419 1299 -178 -644 -245 -132 -208 -748 -65 120 49 -221 -974 810 -663 213 134 -473 -854 566 496 -663 -113 1139 175 432 990 98 -290 618 -508 -162 312 -784 -235 392 32 -1184 -244 -1163 316 319 660 -113 130 -683 991 158 252 1037 -376 414 -359 615 -227 -446 -472 211 647 370 -68 -242 140 141 -82 -886 -493 1201 -286 -851 286 -524 759 -1160 -913 -270 750 52 373 -167 1283 852 211 -290 -1041 -241 435 -1222 266 -232 -188 -234 -491 66 80 -1355 4 -209 979 190 174 112 -493 390 761 1176 -917 286 -896 -253 91 386]
[-335 -505 -193 298 -427 -114 364 -175 1442 509 119 833 -798 -110 -940 -571 83 -617 307 -321 -210 -1083 71 -431 828 -467 -948 -832 1072 1082 671 173 510 -680 137 1102 304 414 537 442 -414 463 -510 -937 509 -1021 -607 -425 -306 -147 -192 1440 3 -1105 8 1464 -545 10 816 -707 75 -1433 638 261 1382 203 -640 -594 -13 -1247 -726 1215 6 117 -500 334 340 -111 -844 -306 41 -57 -756 -894 -949 -954 25 398 555 1091 -611 154 -140 -222 -92 -221 1594 -869 1195 -1048 28 213 514 732 -158 1031 144 83 511 -340 -238 568 720 946 199 -752 632 254 94 -402 -1231]
[-848 -236 -878 -717 520 80 29 -438 2203 899 1186 824 -178 -381 373 385 -94 306 184 876 436 -1051 271 -476 675 -418 -508 388 -329 514 557 1061 -949 -626 -354 497 -419 222 -54 -103 0 1171 738 57 -603 -90 305 -318 148 172 -386 1369 -768 494 146 -310 -684 393 -955 666 585 -423 281 397 -105 -494 -985 469 1347 854 1363 -406 -817 1210 787 275 285 -13 18 -8 1283 -499 115 129 -1283 -942 -1053 -9 1497 -1061 -775 164 -313 116 -1503 98 -731 -774 -26 469 -293 -534 1070 -626 678 488 -946 650 890 -850 -349 893 47 -122 -813 1001 243 -624 24 -127 -100]
[492 -973 1023 40 -77 -735 1264 84 498 -571 80 1151 258 -681 546 521 -24 269 -664 740 -290 -361 -294 -239 -358 -220 1819 -613 -1042 -410 -696 -55 168 -1157 144 -90 314 -471 -867 626 -420 -341 -1058 -278 -206 649 354 -360 -354 1073 -44 -132 681 -911 -551 -145 371 -5 -27 -222 -1137 -554 1051 229 -341 532 442 689 -55 195 237 904 416 -33 -1015 304 345 547 -988 210 716 47 139 164 -306 734 -1206 -70 83 -113 -118 1253 -1692 -839 470 -491 -33 136 -1011 934 -140 -835 -215 -333 1154 -396 -1092 774 -10 -766 -156 -334 -77 143 -31 574 660 147 862 -279 -602]
[169 89 -960 -455 424 -347 -97 -260 582 296 -74 -405 302 -141 1531 101 453 298 51 130 1450 1084 -788 -410 -981 639 84 136 -815 -65 -268 14 326 -380 539 -730 -475 59 -92 135 -224 -148 320 -992 247 102 82 587 -868 -866 -132 609 391 667 97 371 339 112 -1496 960 363 -1357 -1281 -897 -1095 -446 127 395 84 201 888 -101 -1192 1960 -1145 845 149 203 238 -149 1107 311 85 403 28 -30 -412 40 -1266 1256 -4 367 -291 -43 -210 830 200 454 -1102 -1089 -66 611 -45 -445 -179 -1067 -360 -202 791 -983 259 -502 422 17 -659 2115 842 12 915 -499 100]
[895 475 109 -223 851 530 696 -630 -938 829 55 -865 -87 195 360 -32 -813 -680 271 -419 -933 -423 304 127 66 -76 -272 -1052 -1009 -959 324 -1479 264 59 803 374 -484 930 -235 -373 155 -366 -621 -1312 448 -101 -4 -1163 708 124 1296 -458 773 34 -598 317 -448 316 284 -228 -775 -442 -95 1261 -506 43 1793 -375 426 865 -682 925 1491 -282 -15 -1058 984 -324 806 141 1082 -583 808 166 373 -1426 -161 486 -917 -44 159 797 504 -760 -470 324 -202 -777 648 -133 -1380 -599 -668 -679 -128 -328 -24 -356 -107 -77 -877 231 -219 -630 951 -1539 -388 695 -457 -411 416]
[-945 -162 -25 324 335 236 -845 669 -85 -26 -827 349 1199 44 169 600 1134 -838 -653 -343 -263 -9 78 604 -960 192 390 -90 -728 448 -196 854 378 430 -871 -95 310 646 538 -209 -1332 -1169 -1006 1727 -126 567 500 628 366 -209 483 -240 311 -66 902 -810 213 -254 -178 -213 -1171 1354 -1068 362 1492 562 262 147 -408 -197 458 1410 -242 -92 435 -32 -960 -97 60 -155 -577 -560 -699 516 -91 -262 251 -1350 -956 413 1225 -1127 606 298 295 -301 503 484 -289 -99 -150 355 -963 -254 -293 -1038 175 -801 -508 373 -217 353 231 -132 -623 658 557 1105 -236 -98 -711]
[121 356 105 -537 171 -142 602 -1119 368 -812 1018 1304 -13 69 157 -521 -118 852 649 858 1362 -272 153 -410 -324 543 1385 432 396 -130 99 359 1101 -726 936 1531 -73 188 531 -353 488 -763 196 128 -342 487 -140 -117 -568 -494 -391 1477 -299 -776 152 646 347 579 -1556 104 511 -111 -346 -1188 -694 958 -797 533 467 157 401 678 419 1166 -94 637 624 625 -708 -113 -232 710 -197 25 -870 -143 -794 349 670 463 -705 850 -1537 -1153 247 -111 238 -1300 -132 -478 -510 -169 -745 168 -216 331 -342 431 351 -754 -252 -668 157 -470 425 811 359 -806 -387 204 -382]
[547 -65 201 -387 -548 -381 -324 -345 -266 -388 94 -632 266 217 42 51 -358 -240 -629 491 -266 -115 -35 -152 34 145 -212 1057 -1526 -546 -484 138 259 152 -313 -978 299 -515 -1036 1194 -137 -631 -947 389 -293 -143 -51 -356 1178 87 484 -1425 166 1373 121 -286 -112 -78 -314 11 -853 323 -1103 -445 -1116 -15 -78 445 200 385 547 161 -7 -79 192 -43 401 150 1124 448 -211 -186 735 1317 342 102 -483 -153 -575 468 733 874 181 -891 526 -403 -701 1105 -646 790 -14 339 -179 -390 -259 -108 462 121 860 596 -38 -452 -141 -1053 47 -1464 -808 -528 257 -144 512]
[1221 -13 724 843 -9 426 511 -500 -459 1030 331 282 -67 1000 -616 587 -456 -327 272 -314 -1087 937 -1251 -247 701 46 -417 303 -190 -499 125 -1644 3 945 -47 70 -157 -81 -1441 313 914 842 -355 -645 -619 -743 -880 -174 -366 18 1570 -59 59 890 46 -171 126 -729 442 -446 161 39 -670 813 -768 -659 206 31 348 196 -649 146 655 -721 -943 -701 576 -623 1192 -145 1114 -197 889 1086 255 -1507 -1451 -94 708 -101 -1193 192 195 -502 -381 236 -598 -468 635 96 -420 -607 524 -613 -742 -735 368 276 -530 869 290 -21 -1233 -61 215 -1976 -613 734 124 141 1117]
[38 470 1253 399 -346 -446 -161 1395 -1115 -1297 -282 51 341 914 126 -177 147 -1105 334 391 -2107 64 688 569 160 -368 309 -413 55 -600 -228 -116 -663 -14 371 1004 367 -463 77 361 139 -1201 -540 -485 201 826 1390 195 1222 1193 282 -501 352 -643 -436 -603 -103 -98 -563 77 -708 675 -468 1173 367 53 915 478 -139 -1268 -918 -77 877 -218 777 324 -148 30 211 569 -1172 111 -564 643 875 878 -486 -314 83 -421 -203 399 608 -46 190 539 -205 -52 -444 -218 1072 267 -789 -99 46 -39 309 -556 -1047 1267 -392 940 -64 592 586 -71 -629 -752 -364 49 -36]
[183 -134 213 -424 489 -228 -136 -2055 140 595 -466 -563 278 -113 -56 -341 -1035 -19 270 -50 291 975 576 608 -695 -52 678 203 -1142 -318 209 -966 963 833 150 -336 -851 681 -7 -67 318 -126 -270 -1170 454 1089 140 -36 -478 -41 1186 793 1046 1315 -567 558 1185 -396 251 -469 259 -142 -291 -358 30 -421 815 -183 -319 -533 808 1146 112 577 -380 440 958 530 65 -50 -641 -1187 746 1463 -380 -267 639 438 -587 1211 1442 56 -490 -1119 173 888 -87 -372 218 -69 -1273 84 -772 -1063 163 -19 1026 -1756 -77 -474 -95 -431 -1030 622 630 1120 724 445 -532 -993 86]
[660 140 645 -167 -291 -1374 -315 -222 127 -1125 36 97 -606 956 -590 -1393 -900 -1284 -259 1069 806 -73 -276 -814 307 -573 117 757 816 -1315 427 59 -143 890 -343 4 -126 -620 373 67 1494 -1139 -454 -22 608 51 -1525 624 -1173 197 360 -722 575 -170 -1300 1200 -589 -201 -154 445 -1255 -490 286 -1271 830 790 -1062 95 43 -199 -1 -741 -276 -206 888 -252 -109 359 377 -554 -577 414 -1193 -631 -65 -180 440 -407 8 90 -235 433 -558 374 192 -409 543 71 232 79 552 253 532 178 154 -545 955 1120 -830 -448 -170 -560 369 142 375 -1427 -915 982 -754 -388 481]
[1 225 1602 -44 -535 248 957 -313 407 1919 -475 601 -843 328 191 -426 254 281 324 -335 -553 265 1268 15 223 33 57 565 1495 1029 1075 875 -466 -105 -35 256 691 -693 -416 -242 -91 -488 1378 -734 345 -354 996 -358 24 650 -400 1116 -473 -711 -345 -398 710 416 -446 -370 725 -503 808 295 1002 1006 -507 1077 85 -297 -660 -388 258 0 283 813 63 184 -1268 -723 424 161 413 411 890 355 -165 816 1362 -286 -1802 287 522 289 -379 317 682 -955 550 -945 886 -341 -642 281 -682 432 160 154 443 -654 -497 -174 -246 354 -115 892 -437 -1142 -329 477 -594]
[543 1127 1625 711 -558 -131 -1034 -88 -438 236 -247 430 303 652 -504 -1215 -480 -712 183 -104 320 353 -333 355 883 -67 -266 -1111 1551 -86 -104 -578 -602 191 1516 -406 -581 -181 -117 -148 868 -695 -286 -285 -160 -939 -992 -290 -645 -1233 -553 328 624 -500 -461 191 -209 -1309 401 144 -402 1028 940 -1210 -637 289 -295 -933 -111 -910 88 -280 -682 667 -77 -1121 -26 685 1263 -443 12 -317 318 -50 120 -332 471 132 -1029 86 -864 -214 -1573 460 -284 -1138 1655 229 508 -329 -346 -185 283 -212 808 -650 -213 -516 258 1091 163 -1318 518 -487 -127 -1412 -169 245 -1272 1060 344]
[533 1345 -462 192 136 171 183 -333 -1296 -242 537 -190 -1060 -228 102 -542 -751 -613 -647 471 500 -393 -1349 201 294 1244 200 -282 -292 -1673 -1355 -643 1070 572 780 586 421 846 885 -478 111 226 -1091 -44 -670 514 -1232 -908 -466 -614 -559 -45 904 -349 649 165 -89 1294 526 761 -454 -927 -1033 -325 473 -189 464 -1399 501 887 -951 0 -481 1239 -1112 -286 847 470 -176 649 -430 1713 -131 -1434 -435 1135 359 -197 -605 163 720 811 -722 -118 -146 168 -683 -665 -530 -1758 -607 -1070 100 785 -232 26 -309 393 -348 -926 -250 -810 990 -657 506 -71 1126 435 926 -116 993]
[-378 238 839 357 35 140 -981 -877 -150 -583 192 677 -104 846 -230 535 -1478 -368 228 606 362 -19 -578 488 751 402 933 -434 222 -328 -784 -691 1 464 1012 357 176 -175 783 370 526 343 1368 113 14 869 -357 -565 -1282 -329 -553 775 -112 -525 -151 -591 55 -38 309 811 -394 681 -231 -651 345 -199 -468 535 -132 694 364 953 -302 -67 -786 75 -172 479 515 -226 -412 410 -628 -520 400 142 -364 -134 -458 528 -226 378 -1072 -758 355 489 -902 -869 -181 -1105 -821 -791 -1118 -304 -660 -718 -939 207 588 -979 -984 -951 867 -493 553 632 799 507 -170 320 402]
[47 1083 962 152 -963 -538 758 277 -645 -953 -225 -632 -105 148 -721 -1391 -120 -358 -601 -674 219 263 580 -380 577 -811 347 719 710 -276 438 -1314 68 1414 -1026 91 -36 1107 -445 -1384 957 -1000 -494 905 -685 269 501 279 1459 247 -358 -1741 1666 286 -827 12 117 -214 720 -704 80 276 421 -323 -696 -138 -544 228 111 -1321 -1282 865 1632 -536 1020 24 1333 -808 778 -666 2 -509 690 891 -914 -696 763 899 922 -292 -684 -461 -861 652 1439 -306 -53 -604 1362 1134 854 512 713 -69 -49 115 772 -302 -1542 560 1150 -603 270 -980 -28 -1461 -543 1183 -351 -646 265]
[297 121 296 2 14 50 256 -97 953 401 598 324 382 -369 373 -136 698 170 227 -878 602 271 866 -983 -988 -122 267 303 672 1099 322 568 185 -714 -1123 446 -567 -393 287 -128 -42 -1760 -45 490 676 -285 1117 484 -593 -187 -297 1112 -273 -1449 598 557 368 -269 -724 -1704 556 -625 -1 -272 1051 779 -1080 473 76 -881 -167 304 873 -499 137 1266 -790 124 -1516 -245 -131 361 -125 708 -510 -360 -159 753 1003 150 -597 -59 -93 202 -230 677 1087 4 295 -547 428 838 33 420 -56 1230 1093 736 317 55 227 394 -330 240 617 7 156 -358 -20 232 -481]
[-524 -441 703 -147 -414 267 -113 460 717 954 -777 660 523 -464 1436 -283 1454 346 -469 -672 224 589 241 446 -344 409 242 611 472 276 -450 909 -356 -635 -568 -306 -94 -81 -290 -409 -734 -219 552 1050 -558 -98 1572 -330 -146 181 -928 941 74 233 802 -1616 -162 -502 -405 279 938 362 510 261 882 -781 -763 -639 -234 -169 14 -726 -32 592 816 698 -243 128 -277 -836 -20 -1349 918 530 -483 495 331 -295 -70 -960 -713 782 -526 841 17 450 266 -414 -58 177 414 888 -219 -183 345 400 92 -610 712 -824 374 402 480 -888 102 1550 1082 -342 117 251 626]
[-393 176 -438 531 -136 307 1766 23 -1016 -219 807 -111 444 210 -552 -409 164 -176 -557 23 293 165 51 45 141 326 267 104 -647 -827 60 -1250 0 567 -1025 -199 -102 634 -399 -439 -214 250 -809 -528 44 221 266 -610 402 -306 -35 -1032 791 558 892 839 -240 261 241 -206 -221 -849 -786 -582 -1323 184 856 282 416 -193 -125 637 1579 -43 -867 80 470 -95 -297 246 470 -301 -142 287 -431 1064 221 -266 127 466 991 414 -427 248 658 -598 -251 -867 636 187 -372 155 -510 -84 654 -92 401 -161 -526 833 -57 -554 1503 -459 -456 -692 -357 -691 570 238 -752]
[-457 -1135 -633 -970 419 161 551 813 -282 -75 -426 -386 -433 1311 957 113 1169 1010 735 52 181 -631 567 -361 -307 -846 -233 596 1034 406 -1145 352 -430 -741 -321 -121 381 -141 430 -412 -162 1611 1244 -928 474 -281 998 -868 -9 306 -864 -894 113 -401 -132 49 -401 241 377 504 1081 816 1362 356 431 -156 1154 -1395 -1077 231 650 -767 -257 -324 421 -824 227 -295 -896 -680 814 1256 -453 -633 116 622 40 -1079 -299 -21 -92 51 -822 349 683 -166 826 358 301 355 179 554 -719 23 -958 8 -12 -418 -317 -1129 -647 503 40 376 -107 1032 -300 -198 -467 -839 152]
[-748 -150 56 -226 643 -123 778 -247 591 1244 21 360 294 -368 -184 1499 856 -77 186 -639 -843 -969 -590 -362 696 -4 -665 -1083 512 1216 -87 133 1419 -778 113 501 463 728 -190 -653 140 1464 -167 -737 1092 -964 -149 -708 1245 -283 749 -67 665 -28 -534 273 -442 250 430 -450 291 336 -1048 1367 -392 -528 1171 419 145 375 -664 174 -306 1291 390 -827 506 -363 -215 -57 1521 481 -52 -666 -291 -1462 -708 216 151 305 -419 149 568 65 -341 502 -19 -702 1111 -781 -925 -784 714 123 691 590 -809 284 209 658 -1091 362 -244 364 245 421 -7 -153 -286 223 51]
[713 820 209 -156 91 -175 -160 -726 533 -629 -468 -71 -129 -314 486 -925 999 -1758 533 169 233 144 -657 -629 16 -126 21 -173 -643 -395 -1439 -85 433 -851 0 -965 170 847 -430 -440 -1462 -1205 763 1023 -516 -1151 737 -530 -372 -74 -155 -331 855 -118 -450 -383 -1052 687 95 1727 -536 10 232 -815 -102 1579 -1180 -151 281 438 -30 645 -185 175 -55 1017 755 136 231 319 498 1038 256 104 1496 -863 -1205 -553 -748 -402 -195 175 251 625 -750 1078 -596 374 -278 19 245 -561 -177 -584 -1162 334 -416 102 889 -1197 700 -167 82 -945 287 -280 923 1432 337 -449 1510]
[960 -558 -151 -233 -528 -959 -871 -518 528 -659 -293 -702 994 616 58 -692 -641 -840 810 953 491 406 652 334 -1093 -1121 976 420 -358 -592 -196 -426 112 -705 860 -706 -760 500 -325 444 437 -191 881 273 107 -362 -829 -696 -210 65 -245 -695 832 293 -229 -230 -225 -246 -720 862 467 345 615 -1115 -600 142 -492 78 116 797 407 694 -682 -148 587 137 1142 17 -83 29 -510 405 251 -1257 189 431 869 588 -766 13 626 838 -52 -312 250 789 -268 832 -91 872 -827 428 -829 -1165 1781 391 -376 724 1070 -748 624 979 -612 -1573 -581 510 -274 -834 259 -198 221]
[54 1289 898 162 -153 -199 -1645 -601 381 -443 617 -382 24 381 -459 912 -751 -2106 491 -195 -1318 358 -155 -70 649 535 -1078 -1676 -456 -396 -514 -97 -847 465 841 -613 185 -399 42 -246 290 -591 987 -410 65 -17 238 -138 474 -274 -172 132 35 1075 -354 -1002 88 -300 927 173 -1284 579 -293 188 -215 148 145 856 887 -262 -101 395 137 290 -76 811 -389 477 1653 678 154 -169 829 1213 314 -779 -576 187 310 -901 -97 -83 874 1669 -761 277 -680 98 519 -1029 -24 49 -389 -377 -232 300 -124 -533 -343 625 -483 -444 -307 639 828 -1675 -159 -270 -1119 401 1159]
[-60 143 -462 -227 100 257 1549 1270 -21 -333 421 762 -403 -1183 293 533 1076 754 -435 -175 -221 -930 862 -624 -419 -120 -78 32 -819 272 -4 838 299 -959 -594 403 188 -1113 243 -249 -429 226 -502 1334 -557 557 357 -608 -51 -371 -1379 499 -967 -833 1466 -645 -219 1391 -1258 97 547 -54 -52 278 1380 155 229 282 -62 -86 -557 -62 453 -1111 -555 1400 -1020 -75 -1146 -143 -123 481 1123 -28 80 1041 -954 150 1164 -1226 -406 -115 -168 223 110 -197 -13 -432 -1603 -174 360 203 -185 944 -1045 974 -888 732 621 -673 -557 -175 406 622 -604 383 318 -210 724 1467 275]
[307 -343 -293 473 -1093 619 -320 415 1542 -673 -1091 291 -794 -341 -266 837 -951 151 237 -389 452 426 -915 -450 49 523 207 1007 558 171 141 167 -199 -341 -648 -406 442 -1208 -191 -391 -327 491 1804 466 52 -1330 -206 -21 -15 202 -1274 -58 -1123 -528 65 -805 888 -97 1148 382 717 454 326 -725 162 702 -860 1182 201 -242 -477 111 -1222 -324 -799 965 -701 106 -9 340 -424 513 505 89 1719 -684 -49 423 507 244 -1115 -134 434 265 124 -448 -111 756 -843 -1227 307 458 721 811 -1354 328 -508 593 1073 -252 -703 -877 -265 433 -282 830 -132 -620 777 447 1199]
[1091 -390 -91 -582 172 745 -264 -257 90 -978 244 834 390 -499 -1065 30 -278 -606 977 352 -602 922 -260 8 -982 -241 1215 241 -770 -63 838 658 -899 77 73 -1045 -851 239 -94 -283 237 -1610 -379 -92 -196 -322 -154 393 455 -358 21 -130 -1354 680 -480 -453 704 692 -1087 -1314 -45 907 990 -414 -255 691 -28 336 42 -456 172 428 1173 -998 -382 181 -278 -222 -494 1078 -53 -179 -602 813 292 -937 408 1106 291 -341 -532 -205 86 578 1079 -588 535 861 106 638 -1035 667 -524 569 979 487 147 449 160 63 400 -258 -763 142 -473 -715 -720 -516 -333 1627 -480]
[-674 899 957 15 -167 269 493 -364 58 385 -633 971 989 -421 709 -325 1364 537 541 -430 1163 667 546 173 -1154 -331 1134 1480 130 -334 -8 983 -76 -291 -1022 -757 -1092 697 -786 -66 199 -766 1850 128 -191 313 1515 229 -846 -214 -626 104 -332 364 202 235 298 61 -1934 27 242 -501 942 -35 -420 946 -1360 219 31 -731 480 96 1565 -381 506 1123 49 548 -1302 -385 583 -585 -21 252 -256 -66 -793 102 181 -596 -962 -707 -601 118 33 206 -183 -181 -390 718 106 211 -735 -709 408 182 950 384 363 -376 557 -467 -357 -713 -259 1693 -102 -812 197 784 -538]
[-659 -54 42 58 665 -182 -895 1191 -351 -119 -1087 -146 1583 371 880 31 1773 -944 408 -6 -1021 -281 1621 399 -606 -1449 -189 321 99 243 -1071 862 -352 -60 -402 -400 -221 -6 686 -751 -1113 -525 553 407 100 490 1306 267 -932 1044 894 -1447 1332 -437 -428 284 94 -1217 -461 826 -1583 607 1317 805 -358 587 1107 730 -501 -402 4 120 800 -391 1066 131 -29 319 -1159 -431 114 -748 -516 303 -148 861 135 -1299 -1082 -161 54 -1237 8 119 -582 471 -442 1403 -491 598 880 548 -1414 -673 -449 -870 152 -707 -1432 -105 259 261 619 -179 546 104 218 399 -462 -218 -303]
[-102 -1146 -969 738 -307 -1000 1245 -457 827 493 -144 -548 -136 -688 -207 -897 -242 -454 -846 -1708 2562 1106 -937 -999 -540 -512 1390 1198 189 670 288 -113 1143 1551 -1575 -88 560 70 67 -741 -154 -314 -723 561 920 -667 47 420 -618 -553 437 -709 578 -145 307 155 92 256 215 -1190 -142 -134 -724 -413 22 204 -360 64 -559 -86 455 51 -92 511 -381 -192 -285 -182 -21 224 -417 -154 -373 441 40 -59 938 -255 522 1865 449 1059 -865 -47 909 617 990 -131 -321 -760 -1438 269 1125 166 -566 36 -494 -526 -362 -637 244 75 144 332 459 680 846 1612 417 -1910 -646]
[-452 -589 -622 -298 -152 985 -1002 -917 723 516 -508 -480 1022 538 -1052 1380 -850 524 -1269 -97 167 -176 -72 1425 -31 669 -80 854 -1730 -294 -187 597 -621 1305 57 -702 49 1632 -370 455 -917 243 358 112 -177 467 515 -923 1134 -2 205 29 -1023 731 1025 -762 -74 802 147 303 427 993 71 986 565 -565 239 -681 40 1007 1416 1038 -819 -222 -441 -619 -97 -182 638 995 -72 -1936 -111 -517 -255 -598 128 -445 -1024 954 1510 -626 348 -554 204 -356 -401 351 -300 210 -1065 -107 -1186 -793 387 -323 -130 -528 212 -136 -273 -162 -879 -400 -236 56 62 613 227 66 -793]
[-323 -161 465 1322 255 -1662 -306 -1500 -722 -48 -333 -63 803 835 -144 274 -467 721 215 737 -1012 196 -586 -233 429 1048 -436 -112 282 709 -841 -831 510 -353 1033 260 -115 332 73 1137 587 528 -730 -542 74 604 -1030 525 -539 342 1226 -261 157 -136 92 512 -101 -866 920 416 -790 356 -1197 -757 507 969 -1043 92 -48 -221 31 677 -815 218 -536 245 -440 983 -360 -372 628 729 -891 -1457 817 -108 -639 150 -1125 253 455 -231 397 -697 -535 306 -214 -8 545 171 -192 -980 -476 -762 -112 -203 -267 503 738 1038 72 -108 -653 -393 396 211 303 -596 -525 185 -300]
[1016 -771 626 231 -425 363 -532 -482 -644 226 -499 542 -797 423 -493 -789 66 -618 822 300 1 411 -697 461 513 1083 915 -442 606 -43 193 147 920 65 1095 606 991 -82 149 271 307 -222 -527 371 -50 -289 -824 -146 -1166 145 23 1083 527 -1224 497 -290 -284 -100 270 431 266 128 -1505 -153 -480 529 154 -678 -106 866 -980 -660 -686 529 79 -253 -466 -90 -157 242 -1354 1350 130 -380 171 -313 -226 -736 -209 -653 233 347 1071 -931 -900 783 -804 -912 -56 -920 -466 -803 -48 663 733 568 -269 226 245 244 -32 434 -76 -523 -421 -196 479 -112 -177 -75 1694]
[259 135 843 -946 -590 -118 -319 22 -43 -1870 621 -271 -6 -408 336 -806 148 1215 -209 187 1193 867 384 -106 -799 503 993 -534 -197 -1690 514 -184 -971 938 -274 -817 -131 422 -518 -37 -318 -489 283 230 -349 -277 868 695 -1002 245 -248 894 -364 542 -1215 170 -549 -575 -1759 867 -280 220 10 -1180 6 -64 -137 -79 246 364 -15 -1055 884 -1809 648 277 -194 -163 518 -261 -985 -1599 -177 472 326 31 -38 105 86 -616 402 -110 -1471 136 1015 -417 115 175 -69 1279 630 2461 -551 -397 517 577 275 -249 -902 -329 1162 -719 90 135 266 -97 -2177 626 -574 456 -508]
[563 542 -489 468 727 122 -610 -1250 251 -437 1054 -198 121 -646 -518 149 -1290 818 -144 -644 536 508 -1204 -383 -387 653 -329 383 565 -623 401 -1056 1380 632 -321 455 -348 -12 -417 194 989 1223 -652 705 -119 290 -1406 67 -1206 -74 1535 -1197 -491 -61 -977 873 561 -709 1185 -774 -364 -192 -242 -1150 -731 -885 -687 583 -86 1117 -585 -411 -333 -708 544 -780 1202 -511 193 -208 -369 -115 -198 -359 -70 -1527 -153 173 -55 337 193 -615 632 -743 123 -617 -1550 89 385 586 -390 -533 962 -794 -955 -742 683 1082 -38 -428 946 -850 -366 -666 928 -733 709 828 52 -1076 1347]
[-188 315 933 89 -702 -968 -110 381 -151 -1014 1043 -417 -1142 833 2003 -216 -652 467 -242 32 560 510 709 -774 -225 428 459 547 37 -458 -65 212 372 260 -425 139 104 -821 -870 44 294 -68 214 -334 296 677 481 655 -663 364 -487 -613 -439 524 -521 -457 1061 -501 -705 559 -570 370 -799 -91 -115 -142 -437 1227 58 -288 -113 -472 -583 -143 91 549 626 -48 839 -1624 -17 574 515 506 871 987 -1469 -1023 422 339 -418 738 -273 -379 28 271 63 -484 -920 301 1330 1140 -652 -324 -955 -208 256 -463 -515 -537 545 -928 -126 531 372 987 -874 -333 -263 -593 101]
[223 1258 18 354 356 -661 1040 1087 -649 282 -421 -444 111 502 1333 -526 951 -608 -695 -163 -796 -422 42 -697 -855 322 -441 1073 -28 -547 90 296 201 -80 -859 -529 -78 557 -588 -321 -203 -397 -1251 183 81 -816 84 -324 1752 -347 609 -1689 569 -217 -714 -686 -1329 494 -907 305 -112 -516 -81 972 218 -810 -561 -251 678 303 -497 -715 -157 -86 1187 -584 907 -45 216 -593 750 741 -117 -583 1819 -632 -247 -74 -1187 -978 -273 735 -310 123 -490 378 1250 210 175 499 465 -299 773 -177 167 -182 -175 564 -636 -401 557 405 504 -1235 77 -88 -931 153 -21 -445 815]
[-1046 1020 -754 -748 97 158 -641 -1054 44 387 -314 -587 -6 63 -449 1058 -303 -121 -1363 -1017 -558 -716 -35 297 40 441 -883 -362 -354 628 197 375 -271 1492 76 660 277 153 660 132 -904 311 -2 582 311 -257 424 894 1401 547 667 1071 -774 -113 -73 -332 -704 1207 1875 170 -950 -770 801 597 1055 -760 -509 -1273 1158 -216 -238 -188 389 -762 663 151 -435 -619 1500 223 -266 -260 -1616 45 1140 -574 341 -2 -627 125 2043 252 935 54 -715 136 -726 302 602 -1325 46 -1679 413 672 -542 15 -183 642 -665 -215 72 694 329 43 668 13 657 1209 -645 -1270 396]
[75 -745 -202 -299 747 371 -1243 148 964 760 335 970 -128 -297 -738 852 -64 166 -491 1206 -1531 -259 -1071 573 70 -16 -1196 -573 513 509 768 822 -833 -103 941 854 -675 -415 -382 525 -158 169 844 354 -185 -354 233 215 121 702 116 908 -760 -995 -256 -483 -341 -483 266 20 379 166 -322 337 810 531 -259 -353 123 583 100 -849 -478 382 374 -433 -289 138 -967 461 547 336 -613 -453 -345 -69 247 -205 63 -622 -510 -565 875 2 -314 -410 417 -219 330 -216 1292 -575 151 140 466 -356 -502 267 887 -426 -299 797 -194 -222 12 215 -222 -699 1014 -62 -936]
[219 142 167 420 -121 -105 -483 -207 56 337 -1037 599 298 -554 804 58 390 81 -416 -1277 -414 1222 264 -376 -743 1165 -278 799 -525 672 -389 -201 2051 -37 677 41 -264 492 -955 245 -871 -203 -605 424 -55 -715 858 219 -283 -696 -181 -143 471 -625 729 -1523 307 -166 -241 853 -379 627 -77 300 537 328 519 -34 45 -731 321 4 -52 -117 -2110 528 398 -267 3 -243 224 -729 -344 -44 1009 896 -1079 -1188 -259 2180 1119 1018 -1005 -1403 646 -140 -164 523 -1395 -1302 -500 -382 -209 103 -917 536 -747 -959 484 -151 -131 -280 945 -688 -413 1081 739 455 87 844 266]
[264 -347 501 821 257 324 915 -528 -1072 1370 -1168 -862 -1248 341 1298 -197 57 813 99 273 -755 552 230 306 587 685 -259 563 -55 300 163 437 -494 -361 -335 -684 999 -510 64 6 83 462 -895 -1349 -58 -55 671 475 325 1012 425 295 83 199 608 490 433 787 -606 107 203 -1194 -825 953 -283 1103 260 -60 342 -209 -800 -814 -319 370 -122 621 409 94 -293 -727 318 741 -376 446 1099 300 -497 177 -187 176 43 787 1097 -368 -1711 1416 233 -441 -473 -993 1079 -387 -71 627 -689 555 607 -196 -91 -23 -164 -285 -521 705 38 906 -302 -649 208 400 479]
[1475 -771 -273 651 44 -6 181 -211 620 145 -266 -555 -474 -759 -241 955 -880 1327 -214 -286 -1042 -330 782 283 915 -368 55 1168 -22 417 244 -153 546 -239 214 12 1021 623 -1450 -371 525 1919 -1087 671 -885 -150 -197 -275 498 110 324 -735 -347 1207 498 -524 379 245 9 -36 687 1331 258 1496 -611 -180 403 -159 309 1029 -34 -665 -439 -1167 299 -1167 801 -403 -53 -382 -420 -1147 350 -104 -521 202 210 -43 1035 448 190 64 -130 -1531 -388 -1200 160 -203 -807 1348 -575 272 705 133 157 276 -880 -324 388 142 33 -45 -179 -256 -295 -170 139 -49 -162 1045 777]
[-696 -620 -1549 -709 336 250 -417 -247 -469 224 501 -1646 48 -923 1203 1093 578 1047 -44 -1417 -556 807 34 -449 -607 225 155 -24 -459 661 -652 -329 1279 385 -1210 -376 53 1683 172 -303 -441 746 -498 -1391 1021 -341 15 137 368 229 524 -388 111 578 -905 618 364 -601 33 -1126 615 1437 -1194 524 -229 -659 503 -219 -232 -386 274 6 -352 789 -849 -367 632 -717 -429 661 581 -274 -822 -12 -160 -536 852 392 -118 1520 793 -369 537 -265 1295 1414 -402 131 770 115 -734 394 -419 -522 -309 585 384 -1119 78 201 479 194 -1142 546 633 1910 -157 169 211 -333 -1280]
[-31 557 -990 135 65 -405 380 879 -515 -1051 -38 -660 576 476 623 249 1839 -779 582 -94 200 234 -345 -530 204 -1174 394 869 -768 296 10 375 -11 -1090 -60 -315 786 667 227 -134 93 -376 779 -547 -466 -53 344 496 1075 151 -847 -1050 255 301 689 -265 -691 1272 -1171 792 620 50 -1924 567 -246 941 -426 -254 566 158 -627 -416 898 976 234 1463 -538 21 158 592 689 1782 -370 679 -394 724 -1001 -409 776 -588 -458 775 871 1314 396 1033 122 -598 -68 300 403 -55 175 -133 -65 550 -515 92 -477 39 -584 677 112 354 -820 787 895 146 481 553 363]
[-91 -271 2099 1270 -761 485 -1136 664 776 290 -918 644 -727 -647 704 -583 -1030 429 -653 419 730 -321 456 372 1360 718 -27 -791 1312 -704 -359 357 -57 -292 873 458 -371 -1557 6 -540 418 119 132 -18 -455 -496 271 -693 -967 -156 -959 310 -459 -1208 -978 -10 416 -1654 1012 686 323 1118 106 -147 518 -77 177 174 -361 106 -490 -1367 -1098 689 360 -904 -3 530 1044 -1497 -790 -1639 350 -363 386 1014 443 -558 -160 554 -540 125 -1143 -58 -1064 -1117 380 -1218 -39 -59 1369 1252 966 231 -209 683 -240 -1029 210 365 -410 -768 921 -399 1142 340 -104 122 5 -75 -357]
[-13 594 138 382 -103 -273 -377 -181 -511 -720 -718 -83 1186 203 -707 -82 -462 -525 -182 494 45 -546 -160 428 38 -735 -142 340 -124 188 387 -1430 484 75 797 -489 44 -232 510 -501 384 -1591 1022 -778 -770 -82 -1232 1926 -227 534 -48 -548 1099 352 -1115 1101 529 -46 81 1609 -931 -438 833 200 -1454 688 -355 1113 -182 -1272 -352 -93 1029 -517 -1129 915 -680 -120 477 -190 818 -195 145 151 -744 273 -692 -47 -411 741 9 -1374 579 -29 -561 -943 -440 616 680 -33 753 -535 -41 265 -30 -368 1017 -583 -845 1436 -607 -1133 814 393 -244 -1257 973 403 -459 576 -1087]
[1111 -1539 -1247 739 -274 -1180 785 293 412 1005 -339 -57 -425 238 -216 -1050 -832 -297 534 -523 532 -435 875 -336 454 -512 1275 1256 -658 746 490 -63 136 -157 -886 -210 703 -131 -415 1442 -401 393 -1542 -498 476 -1090 -856 -1238 -645 -268 586 58 -896 168 597 617 277 149 -135 -713 358 -1069 -370 474 148 -282 -610 -409 -187 1001 117 916 -63 -318 -1171 -592 523 -541 -1187 331 -523 -51 -583 -360 271 211 668 711 272 1184 -474 1360 -274 -1858 -188 787 -210 627 -262 402 -1639 825 542 494 233 814 -400 827 491 -937 493 1318 9 449 310 106 771 204 457 -29 -424]
[204 -20 331 397 244 -396 -197 -584 -40 16 -903 -209 721 -551 217 546 -394 277 -346 672 -700 -380 -1005 -19 -185 566 -228 112 177 296 -893 -440 1165 -665 569 965 -307 95 458 -185 277 -86 -220 -196 710 -399 18 -135 628 649 517 -134 294 -493 -842 38 60 440 683 -20 248 290 618 731 70 -28 262 -632 -981 -87 240 -83 -461 728 -381 -723 -87 413 -252 600 610 219 -1039 -1391 704 -126 355 489 -1318 1372 217 18 420 -399 -77 181 129 560 201 -896 -152 -1959 526 -456 -426 16 256 -317 857 558 -540 442 -263 -1113 1075 -123 508 -419 161 -538 720]
[-241 670 -1117 -806 982 -317 -32 -86 -887 524 -37 -297 631 -253 1129 -1426 737 1279 -476 -905 454 797 691 -265 -1446 1315 -49 1502 -615 -565 238 272 -448 481 -1023 -448 -1487 513 -396 -144 -822 -653 -1541 623 -1183 492 514 -130 -721 97 680 -456 -1115 576 716 19 -535 -440 -632 71 74 -289 -659 -860 442 -1003 -1149 100 437 -326 239 -706 28 -625 702 302 40 -496 -355 -579 242 -759 761 2 597 424 830 -691 -328 -909 265 -628 -356 467 553 111 -709 1039 -1040 674 -368 733 86 -716 -1070 -478 942 323 -183 -570 1667 -255 130 -1078 -202 -393 -710 -365 601 7 797]
[309 547 509 -629 34 -203 -1373 -147 -421 197 473 -1025 -558 246 372 -334 -1172 3 -1188 270 790 -1143 291 295 1370 -182 -288 -745 -239 -121 223 -1328 631 851 96 -386 -351 650 -831 -67 175 224 -718 502 -213 71 -362 -658 829 -1108 -140 -69 87 256 -114 -49 -519 -247 1945 285 255 561 250 218 -1658 -1170 124 -819 257 19 -263 708 -867 328 -900 -1252 1321 -292 1504 -956 109 -326 526 -308 508 -350 836 -238 -1361 1416 757 -105 -789 -788 287 -225 -1015 -322 -403 -115 198 -1198 413 -69 -1360 232 -135 178 807 465 368 -855 739 -1272 313 -1495 104 516 153 -1002 -262]
[-407 79 -502 -41 653 877 352 -30 174 975 159 338 15 -531 1056 -73 -577 1 -811 -238 -467 -814 -114 337 920 -331 -1053 282 -577 255 -803 490 -1264 -1046 364 408 -584 -1440 337 -238 -718 -520 190 44 -1278 -584 931 -548 1387 27 211 170 -235 -741 764 545 384 823 1523 -346 391 -330 1712 -393 -246 322 363 -508 358 -630 482 408 -403 1199 83 -383 120 491 -266 -130 611 386 319 990 62 203 -215 164 -1019 -821 -157 309 -495 -85 -1428 -491 355 25 -313 -138 1153 -1165 881 1134 -1362 -187 497 -138 1218 -130 -514 43 211 -795 -43 -512 731 -1230 1552 -277 1174]
]
