5555.867619 2923.362331 1.028836705 63
[[-375 106 -523 187 -653 -131 -154 -508 156 -46 -40 -747 551 -442 537 -664 -132 -555 454 -505 309 816 143 -591 367 -954 -113 48 -523 384 266 -177 243 -219 -1412 -225 -85 928 -88 -87 273 -126 -948 -314 297 347 806 1035 -213 1209 1059 268 -774 412 149 -210 180 159 127 1002 -583 -525 219 -600 157 -632 537 585 -91 -139 437 -704 267 74 1362 240 -403 619 938 492 -385 -204 694 791 259 -347 -400 -72 -98 -588 -410 -597 -68 283 -761 255 448 185 259 -383 1119 -348 477 101 -46 526 472 -70 119 395 45 -371 -851 -69 327 -153 -123 327 49 76 358]
[446 -441 26 249 -24 -38 153 -984 1123 -376 1125 -93 102 -25 59 -475 -441 -1384 113 -6 250 924 366 378 333 -98 383 -276 -624 -192 845 -830 -760 -175 -58 966 837 -536 166 631 393 -83 1061 974 -214 -664 1051 132 313 149 84 -79 -403 -366 -120 351 108 251 105 783 239 1162 169 -844 -756 317 142 -482 -217 -297 289 12 635 -48 92 898 -1212 619 1094 -535 122 206 -660 777 56 81 -143 132 324 362 212 16 -150 -515 235 16 -247 87 -185 145 132 147 -365 195 -1159 547 418 -814 -1309 84 -21 343 -611 -207 -267 -330 172 89 -337 681 -347]
[-622 -872 -662 -184 -626 -398 -1282 539 597 -313 -506 -77 -241 -72 831 20 703 278 250 -205 701 264 -709 713 590 387 -605 -546 185 -91 -594 669 354 371 -52 -110 -152 347 -72 -384 -507 -53 -538 -174 857 663 -835 -92 -242 -478 313 125 -631 238 78 438 116 -525 -832 -365 675 -662 -426 511 -133 -736 -237 612 -251 -416 -49 -392 -745 745 1230 324 523 262 113 467 -530 -856 -72 232 -54 827 -136 -346 -19 97 -1500 791 -263 -129 -1234 228 -829 -988 408 -664 -149 192 1222 -104 -142 461 504 1310 1004 566 231 -644 -260 -654 444 -639 -396 957 420 -102 351]
[-397 743 -193 136 -677 224 108 -1529 44 262 -689 170 643 -269 63 -39 -919 320 -269 1053 -499 -463 17 -190 511 -759 -69 -191 -488 -460 31 -1082 919 -1144 64 14 532 138 105 799 -8 -292 375 -147 825 25 788 180 114 880 -164 -437 61 -480 488 168 -134 -241 -251 370 -216 836 880 -257 41 -159 539 -113 1073 -286 687 -242 146 -819 -63 -564 -618 154 337 664 130 485 -97 -487 -562 257 -307 598 518 -435 618 -457 74 130 401 724 293 340 -307 104 -230 400 -141 1152 877 -226 -142 -186 36 1161 21 108 -39 395 -1108 -121 -782 -34 -1429 535 -867]
[-213 500 -94 -101 -817 923 724 -1043 -246 692 -743 213 439 -533 -304 -118 -11 642 -595 95 -11 -933 -406 -431 902 -593 258 -90 -39 -245 -174 337 287 -117 566 -95 73 -90 451 409 -183 -571 -566 -137 625 70 511 409 60 761 -224 -387 836 -207 147 -6 -554 -13 -305 -266 -1043 757 380 730 619 -974 205 1031 -124 -339 -410 -95 -212 919 -997 -252 273 -191 609 -237 -336 166 -628 -894 104 801 -931 -792 921 -694 56 465 -217 728 314 -303 -641 667 100 347 289 113 -100 1298 1111 37 -691 427 -422 211 -611 458 173 627 -407 -455 -105 359 -787 546 -526]
[273 -284 269 -225 -1219 386 16 -173 -89 207 931 -52 -178 -281 757 -441 31 -500 295 -25 421 388 -298 -1423 705 418 1337 -526 469 -350 -851 867 75 100 -9 -919 688 -55 -119 -811 -652 73 -1451 -858 14 85 479 338 -364 -588 585 40 -242 -233 -276 -560 -831 -290 -185 -533 -1022 -906 -119 313 321 -959 -338 1114 -369 351 -954 -128 -91 609 589 233 -357 -458 34 -59 -694 399 -486 618 814 -226 118 -652 500 -360 -341 127 31 -3 -549 -72 -1109 -496 493 -1144 213 -179 -256 -682 349 610 134 -389 127 535 205 -329 109 -106 431 -520 892 664 841 674 457]
[-227 497 141 729 155 -190 185 408 -1151 545 768 462 -474 242 238 -573 -1358 -939 561 -257 -254 53 -447 -479 -100 45 138 -162 -72 394 -414 -787 247 -675 -614 -401 -671 -60 214 -359 147 -435 6 -120 -133 -416 994 485 461 519 388 345 -450 244 -885 -470 -726 -214 423 818 -691 -897 788 -1705 -757 96 782 -459 585 1471 -649 -214 194 -1084 625 242 -499 -933 82 1290 -19 954 895 -72 -56 -772 740 693 -412 164 493 -1065 830 -51 248 314 127 377 -976 57 388 30 -748 9 -57 -251 744 -315 71 657 475 -305 -386 -576 937 122 -76 -582 573 1307 520]
[-61 435 -282 1099 277 726 588 -253 -1195 263 -1187 -322 -425 691 -430 242 -655 1001 100 -419 -720 -876 -164 -427 1364 -103 -907 -341 72 319 538 -316 462 -1131 242 254 -871 257 1159 -465 -220 -77 -404 -596 316 114 -579 252 385 1022 -198 -614 92 69 572 651 -122 -375 560 142 -483 117 447 -788 140 634 901 657 178 44 -479 -116 107 3 541 -361 448 -627 718 970 139 369 -185 -1667 -361 -292 -888 -573 -49 -362 -319 -530 200 171 192 642 627 211 -330 720 552 345 -253 923 549 -418 162 159 264 -925 -94 1008 193 98 68 372 -263 -601 -13 549 25]
[397 -185 -231 -60 260 308 616 -546 819 -88 -315 -375 35 280 -700 -227 124 333 -796 1004 -994 -202 454 -90 -1303 -623 1069 281 11 -422 168 -173 -267 980 902 -72 87 90 -45 -269 223 280 374 -286 -961 106 -43 -222 -53 -530 -364 -599 386 -149 1102 -771 -248 1038 655 -887 -708 -601 -373 1291 1236 842 -151 -497 -440 -160 631 704 -211 849 -1234 360 860 -136 212 -1181 501 -51 -522 -207 528 -512 -22 -596 313 277 534 208 -849 -32 277 -1180 -149 1075 773 710 73 -688 -547 180 -173 56 -1013 -1050 -1081 -595 133 662 969 11 383 286 1524 -270 69 589 139]
[948 226 294 381 279 473 526 -1650 581 -65 238 -1074 184 432 -112 -114 156 349 -534 195 -187 523 762 -641 240 -777 275 665 -304 -686 727 -278 386 431 648 191 848 1286 399 -282 125 -352 60 -106 -542 -216 382 -557 -445 471 -113 -1112 -196 -604 836 -515 229 656 293 378 1 556 512 -204 1194 286 1129 -447 -392 225 1895 745 -44 142 221 -397 -296 -267 1175 -476 1136 126 -990 -136 1 -104 -1056 -1161 348 -165 4 -291 -135 -190 -87 567 262 758 254 1079 1239 -739 -635 93 70 -494 -874 86 -824 -151 -221 1905 209 350 -207 -101 467 -778 231 236 -483]
[51 285 -460 779 726 -357 -457 102 -576 629 1254 151 -965 474 352 -250 -192 -708 501 257 83 48 102 -487 -638 -212 1183 291 -436 -261 -1348 -295 568 467 0 -1002 205 703 -167 -58 65 -37 -34 -158 -198 -99 799 -421 -628 154 711 364 -968 355 618 -446 12 -352 -147 196 -413 -1141 83 -937 368 -418 355 140 -191 1023 571 209 444 -926 1188 -108 -126 -980 448 696 -170 995 1901 95 392 -337 658 -9 372 -94 -368 -521 115 -108 -283 401 301 145 589 -344 633 -524 -3 -1167 -562 93 -7 -20 -308 1558 1007 333 -989 -1395 348 -387 -424 -528 1021 1085 332]
[-404 -439 382 -580 -324 -182 -204 -460 1337 -1101 946 -231 566 -125 1064 -218 1189 -611 771 -152 1100 895 -106 755 -424 -465 -1299 784 -60 365 84 -517 -384 814 -802 -339 331 579 -809 43 67 -126 -904 840 1040 589 -207 -764 -165 -48 712 547 -480 587 -901 -567 451 145 408 864 936 59 446 -387 -630 -1002 164 -396 -226 300 1081 -269 -993 66 156 145 -3 662 226 -78 259 -589 -37 1175 390 496 65 -372 -1153 130 -32 66 825 98 -949 225 -106 247 121 -1363 422 -175 59 -675 335 747 342 481 272 234 -207 -648 -149 -893 -204 -1307 -792 78 384 -154 -348]
[-342 -53 -618 -170 -1213 278 -833 -507 42 -233 -1359 684 -365 -861 -315 76 -40 2 -707 -44 12 -542 -350 262 1025 653 851 -1212 428 -489 -136 -46 -182 -867 529 557 183 -363 -66 756 326 -86 592 549 17 -130 -232 947 667 698 395 201 -581 -458 1031 268 -248 16 -1206 -1200 170 315 -167 817 -215 -129 -681 574 -429 -986 -1412 -367 140 210 -154 316 -69 -415 717 -442 -563 -523 243 -769 -505 -120 -383 -89 860 1154 -723 696 -1298 866 -66 -113 -287 -98 968 452 -566 267 775 977 -880 652 412 144 -574 85 -189 561 -972 271 -418 -524 -968 7 -966 433 -676]
[319 -870 -1201 -644 -54 -592 -993 -122 1828 -884 159 -1280 579 469 949 -580 181 -981 355 734 419 1388 270 543 -426 16 -652 -76 -65 707 528 -579 483 577 -948 11 -129 1079 -360 137 -332 76 877 -72 413 351 1095 -92 -443 -331 353 -397 -568 259 91 70 483 -756 81 1235 583 -509 -611 853 -599 498 582 -913 212 -952 1006 -349 -198 190 328 1050 -159 1103 360 -139 498 -736 -93 996 304 528 628 1162 -435 -454 482 50 162 -956 -1812 -452 -649 -118 -7 -862 252 -553 935 194 -505 413 -708 -68 76 -110 708 -1212 552 -1413 -105 24 662 1248 -396 133 34]
[206 108 849 71 294 -239 -481 -253 -11 -280 406 779 -192 -74 -403 1415 1121 161 -476 -105 664 -233 698 -325 -353 305 114 147 -584 -934 -92 964 18 532 -152 137 1201 -238 -192 12 457 -317 -272 645 220 -95 -152 -747 201 -370 -354 293 -261 -129 -267 372 -244 -99 -933 -982 766 1112 141 -299 537 43 -1193 402 -249 301 24 736 -301 -539 648 -137 -485 -146 -344 249 548 -665 -343 828 -868 787 278 -489 680 206 -561 567 206 491 223 830 -156 -1228 611 19 -495 39 106 -900 -1129 202 494 585 701 596 -129 1137 -1234 -79 -770 -1118 -1020 -1067 445 -849 -467]
[1020 -242 -313 618 -431 780 519 -429 -1060 -631 200 -888 -343 941 146 -425 -538 258 -275 -733 606 1 35 -1714 481 -307 -203 565 22 1010 -819 560 242 162 -430 -789 -812 1175 348 -843 -199 -133 -1474 -996 -33 883 834 35 -477 901 1447 -184 -291 1029 -46 -894 -345 -456 682 -560 -1130 -986 -152 -66 -344 -221 302 1245 -769 430 -540 -551 -673 185 44 119 395 -1144 843 964 645 298 435 -756 1074 -517 -193 -916 -654 -143 -89 -572 556 1027 -1217 -259 -275 -33 573 -461 1225 -461 -116 -627 -315 448 -438 -1125 188 -601 -291 321 291 -952 -370 97 134 -822 1423 977 -182]
[-1063 212 -611 69 -880 104 -945 156 -171 -682 -864 511 494 -804 219 -61 697 964 -366 -36 656 -716 -1214 1457 -6 -799 -645 693 -62 411 -204 167 244 -784 168 -101 -838 -561 -518 755 82 123 -1050 889 1506 449 -578 -695 -287 -379 -61 505 -267 679 50 224 304 375 -155 -758 1329 454 -196 119 -121 -1659 -590 836 -386 -184 -257 -887 -304 438 -257 -1074 972 671 26 419 -423 -530 792 -363 198 473 -817 -228 -852 216 -1155 782 -235 128 104 -411 455 500 359 46 -908 465 944 -319 1131 -65 776 649 1189 -216 -746 -1011 -93 347 -109 -126 -1279 965 -504 15 562]
[-606 -145 -160 625 625 337 -350 408 -650 32 535 720 -917 -245 471 -400 -92 64 1055 33 488 -621 174 746 662 -13 -219 83 154 -371 -407 -551 370 -704 659 -721 368 -143 1115 -961 -1024 680 -312 -731 991 -435 -587 -934 -318 -1840 -778 -90 -1039 -46 -30 -105 -111 -312 524 -373 570 -482 744 -812 254 -192 153 119 87 751 -284 1186 -43 372 914 -804 -120 -583 -1148 770 170 805 477 -479 434 136 78 -907 -661 520 -1128 232 516 -1243 228 -86 -67 -616 -43 232 -219 254 -527 -1240 757 -655 1106 332 541 589 119 547 845 -605 633 -821 -472 448 721 1185 615]
[744 -425 -670 240 -425 1013 -443 -741 213 -329 -199 267 -800 144 215 -217 -193 -729 -241 1148 529 -936 6 499 246 -354 587 337 -258 -45 -1553 -222 1238 132 1843 -828 323 -21 1177 391 -1128 -403 -349 -909 353 -363 659 -646 -240 -1043 -131 -843 793 -137 1016 -96 -967 -296 -828 -912 -440 529 21 1098 -335 -488 -325 433 83 298 -464 997 -370 160 -677 -212 289 -638 124 -27 -288 927 36 -922 -68 1426 200 662 655 -498 -280 458 465 -596 -202 36 -1888 551 185 -47 -631 486 -199 -221 9 379 -993 191 32 1262 238 550 642 -845 -866 -1246 224 258 -775 1674 -653]
[102 833 680 108 280 773 412 -1131 -105 95 -344 -668 1267 -171 -720 288 438 53 -88 88 -260 497 916 -554 368 -1211 -58 851 -1498 143 993 750 597 -330 -560 590 794 389 -3 -120 851 -1101 -1026 -629 -401 -390 963 245 339 874 -404 -967 895 -892 -738 692 -365 813 -226 1046 -332 1421 7 -356 375 -362 591 381 478 134 353 362 107 44 496 -586 -1082 1111 939 -281 -52 -126 -1371 1149 -738 -308 -881 637 638 -2401 -40 -822 -249 117 225 825 -302 28 -588 449 939 601 -1324 299 429 -43 -360 397 725 164 -1047 490 -286 2018 -371 -20 736 -473 -180 -1763 -295]
[110 140 945 -1799 -1212 -15 981 25 -296 -113 -1 -71 345 -812 310 31 541 1271 176 -473 -273 143 177 -2106 -671 24 873 -479 1659 174 252 711 645 770 -171 -744 82 635 -637 -377 -449 51 -1269 -366 -1303 174 135 359 -499 714 427 -599 -225 -109 365 -1547 -337 562 791 -883 -1414 -1578 556 994 1158 105 -49 45 256 295 -178 -352 -310 -10 -320 -278 115 -139 219 -628 -124 -321 -941 -469 341 -583 35 -804 240 443 1057 -352 -97 1258 67 -148 -47 342 681 100 814 -572 455 351 1735 -136 -572 -375 -334 -926 308 -108 810 769 648 -106 790 -123 -19 -98 -35]
[-236 337 573 -822 850 -154 814 -460 -905 -521 -703 506 -114 267 -442 923 66 220 -130 140 255 -1640 721 658 -49 -531 -1161 -21 37 -115 -359 -195 560 861 3 -727 -750 1069 1241 660 -1019 -319 803 277 536 47 457 -152 269 742 -527 -99 176 827 53 -119 314 -127 -70 461 -168 840 1195 -506 -97 66 3 -635 757 681 176 975 -62 -958 -1486 62 3 -652 -683 741 148 -4 716 -868 -994 900 784 890 -363 675 1357 -570 1613 859 805 327 540 81 88 805 -513 314 -34 241 817 -599 -337 1326 -440 -156 -48 1061 350 -438 -1405 -885 -1753 -1313 -411 66 -1239]
[228 394 -163 -834 1063 -812 -292 474 -512 -157 672 700 -204 -96 -399 -393 475 -440 752 -40 -247 -298 745 1095 117 143 -592 -716 -675 570 170 -559 498 524 -439 1 -272 397 439 984 11 -716 959 336 -467 -592 986 -380 1173 365 -934 -310 -610 272 -174 389 199 -279 160 1309 632 832 364 -529 -228 3 544 -265 508 651 -167 837 249 -653 -190 401 -498 829 774 -466 15 -25 966 322 -528 250 939 799 -26 -230 173 185 707 85 -193 -478 -610 -30 218 773 560 0 319 58 -130 -299 371 1459 -823 673 1176 418 -581 -399 -369 -515 -900 -80 -717 -308 38]
[225 -269 -491 1291 1498 -807 -476 709 -598 522 48 127 -657 1227 -713 -184 96 -871 462 428 -1800 -504 205 1592 373 281 -122 -88 -695 -121 539 -44 -551 513 289 454 -1356 -78 829 -237 -42 800 9 -156 -450 -187 -845 -699 1405 -654 -1072 -106 -147 196 -63 1038 -172 432 680 886 125 -561 -535 -928 -62 -160 389 298 -857 455 -486 312 -286 835 135 710 678 170 505 164 -625 339 831 133 289 -617 266 233 -168 -665 -458 553 72 -1091 -113 -394 100 -105 20 1369 -662 -236 -456 -489 -783 -351 301 400 -57 -808 458 757 793 -300 1173 225 739 -97 1688 1198 1267]
[222 512 -377 768 479 -596 -618 -159 246 182 -289 470 1063 -314 -727 485 -786 36 -356 446 -44 -446 391 449 -1206 -176 -20 640 -784 -364 748 -1228 565 -377 -76 906 402 -282 -280 1628 288 645 1139 336 363 -150 348 -594 13 401 -909 80 116 204 -133 -402 620 -407 438 -855 66 1293 339 108 140 1101 -825 -156 575 -1348 947 201 90 -587 -556 -599 160 -206 -1724 659 766 -102 1111 -257 -104 682 668 136 -240 407 1073 119 -611 -447 474 -875 1493 -409 226 979 -1521 -420 625 -448 -445 -776 -165 -1721 523 -116 152 -92 -26 205 -1048 818 -957 -26 -570 323 -729]
[-170 -150 -369 -87 -3 -768 447 -45 1104 -186 43 -29 955 -250 70 -1260 -623 192 530 369 36 187 799 84 -1075 -1130 -1016 -500 -577 790 1123 -1555 -102 666 -1395 861 414 250 -501 1018 151 -708 454 61 424 620 1471 1056 506 908 -575 -237 -686 1059 -283 -49 -58 -468 1023 1239 -534 590 91 -433 48 959 286 -934 666 137 904 -676 -382 -71 61 1479 6 989 366 319 811 -444 37 -187 -18 145 351 720 -985 577 1292 -217 400 375 -512 -1099 294 608 204 -20 959 -956 578 711 -144 -167 -64 -650 -1304 306 541 -444 -255 -1097 -146 602 -421 454 -352 583 130]
[124 412 121 242 -836 1081 757 -1376 -815 430 -390 533 -65 157 -140 -42 -454 -423 102 80 1 -1074 -70 -1108 1036 114 552 9 517 663 -585 -399 932 -611 -3 -546 -452 308 508 334 -589 231 -54 198 -22 -667 221 545 -213 1360 690 -701 271 -365 -415 -1240 -190 -876 429 -994 -1577 44 548 539 37 -310 121 286 508 -329 -810 153 -456 -49 -934 -447 -48 -1809 650 597 -510 1184 359 -1440 -29 454 452 -281 648 -77 1358 -213 -124 510 98 -104 -178 -102 -154 337 -824 782 -570 580 294 -378 -1040 -1364 -247 -217 281 531 368 236 -1006 -840 -838 -885 -376 967 -1771]
[-878 -392 -100 486 4 -411 61 397 785 587 396 657 -585 -74 8 90 -542 -700 1154 331 -1307 -59 160 350 -612 175 26 -489 -209 -429 302 -1795 -490 -105 -141 1119 770 -1421 191 -55 574 940 542 -118 -223 219 78 334 507 -89 223 413 -841 17 -268 418 -787 385 617 -207 -1017 -477 375 -1005 -700 1176 -178 -641 -106 -550 -141 -639 -42 -543 1701 879 -700 -61 -855 720 233 683 63 -199 536 -770 490 192 13 814 350 172 -297 -403 495 122 877 -769 -81 -235 -96 -617 298 120 -1324 599 596 -1514 -852 1181 360 148 137 -1074 337 -224 -288 83 -86 2162 985]
[746 -1068 -1076 860 -233 -656 -703 1319 -778 -722 366 -1038 -894 716 -12 547 -530 166 -53 -1079 -181 225 -796 373 282 573 19 102 -478 156 -965 756 1002 -364 -42 -224 -1018 -247 829 -203 -1060 338 -902 -631 -254 748 -881 -204 -384 -579 70 889 -586 1214 854 561 23 237 -238 -432 387 -218 -771 -149 -699 369 -663 1399 -1069 -485 75 -187 760 -774 1609 -207 552 -42 -334 452 -18 843 748 274 713 18 465 -490 -185 54 -1481 -252 106 -904 -463 147 383 -1159 716 -369 -280 535 1148 -1410 -1235 -24 782 233 1074 -198 739 -320 -777 -259 -12 1023 292 490 -503 -219 1595]
[-310 413 101 753 -1000 1343 1430 -1674 503 507 11 -1040 -43 -551 416 241 -1155 -293 -45 530 -4 382 -323 -1637 1180 -532 791 -72 -32 24 78 -648 -325 -1300 -420 -284 1032 3 -208 -136 -88 479 -784 592 783 498 -621 518 -190 958 665 1045 419 -143 1783 0 127 -189 -250 676 -656 -92 612 -820 -35 -4 297 965 -482 -764 532 -761 1054 -32 -462 -248 -243 46 1110 -666 -86 1129 -514 -463 303 -304 -882 -713 885 -935 85 -731 -320 795 125 945 565 1287 398 -1885 221 461 -1535 898 275 1308 514 -1034 -441 -141 -672 196 -581 -46 -557 -163 330 -323 -1216 -265 -720]
[-525 356 -296 656 -699 332 569 259 421 739 389 768 -534 -155 -92 -390 -221 -1045 282 -175 -67 775 -1386 25 417 -692 888 -563 -730 1047 -558 -737 323 -480 253 628 -204 -1800 677 203 630 -18 514 1424 -1082 -897 506 210 -467 837 1211 -236 14 -43 583 -56 -666 607 309 -272 -1258 398 93 -1264 470 254 -84 182 159 295 -493 -236 1450 102 1138 251 -204 718 1927 359 -1042 337 -22 -203 -119 -371 -561 532 1214 -26 -1219 -14 -1290 -74 561 -853 -585 611 -273 -9 -361 354 713 721 -1040 511 1097 -860 -983 334 1068 -212 -1301 -348 1377 -344 601 347 -665 362 1146]
[-223 709 -1145 335 939 355 -483 292 -1232 -254 -72 -299 -168 293 -1187 973 -190 314 -1013 -258 -234 -1269 458 22 -1707 -529 -444 732 -130 289 413 -164 457 -919 -78 -198 -711 10 40 283 1097 -326 1046 282 110 -112 1771 -87 -756 -243 96 142 725 131 132 130 -132 27 -346 -233 701 124 -39 358 -108 1079 786 -430 820 198 -205 570 687 -1324 -689 -743 -128 -508 -588 418 1504 -306 1046 -356 -75 -51 519 376 51 -621 706 -382 369 -83 906 -233 215 524 -550 797 812 107 212 874 -459 293 -696 287 269 524 -802 69 136 -377 -709 329 -549 -460 -1254 9 207]
[178 308 -453 -92 637 -111 478 120 63 -33 -458 -245 254 339 -810 446 140 590 -1512 170 -555 -62 -47 445 -504 -146 856 940 603 -609 -245 196 -1078 692 973 48 -994 559 -97 -501 811 986 995 737 -1011 599 -455 -810 326 13 381 49 -299 -132 1067 158 717 1051 244 -662 -199 -778 -551 444 733 -479 -297 -33 -1497 -720 179 -851 816 737 -966 -516 381 -578 -734 -76 -370 -399 399 -861 349 -1231 -868 -655 -126 1102 -276 243 -1408 280 486 -1378 1179 81 815 1357 -561 -1352 495 -535 146 -451 -616 -876 -670 -1417 -627 227 390 678 239 302 349 -87 1331 587 516]
[-1230 -66 68 -330 670 508 84 767 -974 822 -703 173 -895 -415 127 -15 -328 1133 808 64 -135 -1642 87 -251 -458 54 202 -1078 51 -101 -410 -219 -144 131 -7 -610 255 -79 305 427 -625 -33 -138 -948 1285 433 -211 317 97 -323 -1007 431 -16 290 931 609 -156 -1051 -342 84 -426 -1178 -58 125 678 98 439 824 151 -400 -527 183 216 208 -706 623 338 98 249 -288 78 643 986 -1699 362 305 433 220 522 -609 -67 487 -337 1057 -297 134 140 396 732 -736 622 -63 -530 409 2025 359 26 852 -262 606 -55 -364 622 -547 223 219 135 1013 -241 357 284]
[-58 -783 -336 -825 -607 903 72 -437 909 -1112 874 -669 459 -433 954 -139 -472 -1700 68 88 1043 1702 -883 856 201 -43 605 420 -92 -161 -1088 -585 154 -521 -96 -428 218 206 703 34 -456 152 1060 -18 152 -28 1091 -157 -310 -1021 805 751 -152 -121 -269 -6 -330 -324 -525 302 542 313 332 -678 -1273 -335 -526 79 137 -1222 -180 -402 974 -101 -624 48 -1527 349 -945 120 224 782 -166 514 333 -72 633 1533 -705 -107 -245 -583 -85 -1060 -481 -358 -482 -254 88 -1130 -1239 -121 320 -750 -57 536 735 -563 270 194 -204 -1173 120 -25 -589 487 445 1201 -785 -55 208]
[379 -714 139 658 -1279 -14 -1282 -328 738 276 336 -968 -553 -488 150 140 -67 87 -235 -1067 1078 630 -499 -132 -457 -39 734 -65 -607 -975 294 -359 -166 -42 886 1238 1043 -56 -136 50 407 -325 -274 70 71 -508 97 576 -404 656 680 -197 -836 -919 -179 -235 -110 852 -270 -552 206 45 -108 -245 -342 -140 625 -278 -197 -255 553 58 407 133 2055 3 -445 -642 940 284 392 -93 -80 587 -43 -594 -542 -599 542 862 -1271 99 -1599 521 -140 429 426 -118 1 357 1080 -251 -187 -698 -658 586 740 14 -216 573 -335 690 -930 412 1161 -341 -109 97 740 951 294]
[427 -1870 -59 -149 989 -930 -137 378 1056 -1117 -494 -361 -604 861 -442 19 433 -715 411 -30 145 538 878 1879 -20 69 -1381 202 -760 6 902 42 -645 719 -366 975 -954 -397 832 -825 -454 566 1211 219 -4 -101 -1155 -409 49 -321 -51 -155 -795 267 -1252 -140 545 974 210 -243 653 49 -125 813 -1806 735 -167 -1655 -406 -796 242 660 -1135 -8 -316 717 351 854 -33 -169 602 56 -540 1290 121 485 789 -181 -258 1042 275 147 607 -132 -254 156 364 -1247 -1063 571 -200 1089 -352 7 -1207 34 -42 -420 -275 -933 206 -119 1020 -386 -326 -301 32 -239 180 649 54]
[-514 -318 385 -723 -718 -137 -522 -1450 912 -162 398 21 -20 458 963 128 -1456 -524 -1504 435 -741 -319 -1342 658 521 1367 53 -1192 1213 -935 -235 -1038 -333 458 1153 585 -412 589 335 149 -139 -286 1755 1127 -43 -17 697 -419 605 -91 119 -531 363 -307 -246 -596 -227 -71 -1101 -468 197 100 1028 -636 -793 60 437 -522 -110 -120 145 -864 -658 40 -1052 1313 -1101 -1115 37 957 811 -713 -1188 -859 -220 998 -135 35 38 1896 243 862 -376 109 -176 204 -1426 -295 -246 1162 -1113 -264 301 1223 -343 246 -193 222 -828 556 -994 -203 1293 -112 -97 -401 -200 510 242 2319 -772]
[200 -8 -351 -773 -56 429 -631 -625 1053 -1385 -240 193 -575 -303 770 -595 1120 137 664 970 268 -617 299 320 764 248 390 -1437 1158 -616 899 -164 19 140 816 -246 918 820 310 -565 -1093 -249 -480 -468 -63 -547 -324 -230 -35 -1009 -354 -1167 -1127 135 590 -615 -499 -223 -139 -807 1037 79 310 585 884 432 -637 -422 -403 171 -969 904 -855 542 -168 763 691 -23 -219 -659 79 -1476 -746 426 -263 183 -393 -835 -178 1358 -987 419 477 -147 -680 -126 -329 299 931 151 41 -681 18 -717 -140 254 -1 681 -772 -348 153 847 578 -1404 -11 -402 -141 544 612 869 489]
[162 689 872 543 921 -427 264 478 -1423 -243 713 1421 -347 -372 -223 290 245 -766 588 -731 -84 -936 847 -670 -675 305 -267 439 -81 -76 269 -17 -1082 -109 -1147 -1190 175 -76 -341 249 112 374 -366 792 180 -832 -705 36 1397 -391 -552 1552 -771 317 -1204 -650 255 -354 370 -295 390 -98 -285 -753 546 -515 -221 -766 -681 972 -387 985 -166 -1014 -806 34 332 -1111 -884 -322 378 496 1651 823 -273 -256 1092 -965 -89 519 1024 219 1365 287 772 -36 1432 -430 62 420 -494 -178 -1087 -1425 312 -612 578 -80 134 -321 43 679 -1471 310 -18 -844 -535 -944 719 -247 410]
[314 522 855 766 -1386 215 -360 -411 -918 251 401 713 -147 61 -273 132 -146 355 -293 505 834 -1528 -761 -512 -436 -329 1205 558 -94 -722 -823 842 444 -559 790 -506 480 -856 -406 329 -580 -949 -1481 46 1095 -78 -165 -385 -123 -232 -312 -36 589 132 -1281 -947 -906 161 -388 -825 -111 266 996 277 610 -1119 -128 342 500 1817 -121 949 -1216 -377 -777 -872 1298 -1541 -275 -32 -538 416 -159 242 9 744 672 -1215 473 -10 132 -90 823 590 379 859 -552 550 -707 -57 -150 967 -1082 -114 983 -775 -336 607 1176 1262 1 158 -414 365 -746 -324 -770 -1283 -384 925 -675]
[-334 299 1415 -462 157 -474 -218 -175 236 -303 372 -44 558 269 185 674 740 739 442 374 -304 -603 395 -779 -1203 206 -284 -82 -339 580 1008 302 -263 -192 -801 861 870 -1009 -1107 251 -254 386 -584 335 -135 -590 -186 -253 -60 -767 -640 -581 495 122 -1588 -74 38 -10 847 -1204 227 868 -598 -77 97 776 -878 -438 846 -314 401 -110 -372 -643 204 137 -133 659 -477 639 608 -266 -969 1288 151 -497 501 334 227 -38 1052 375 15 380 402 667 1174 -1035 -90 -97 -903 432 -331 -871 921 -172 84 -1346 1112 -530 -643 -965 484 1113 -450 693 138 -211 -165 -550 811]
[-547 954 108 431 -170 569 714 -1547 -578 -172 -1743 408 464 430 -314 33 -630 512 -598 1006 -12 -981 -848 357 -152 -1247 361 914 -364 -222 -973 -457 -318 -505 791 -1226 -490 147 161 719 -699 286 160 204 1084 317 -263 -483 226 54 -145 68 330 694 1012 -79 220 1097 248 -181 -48 -182 204 387 655 -613 -52 46 -109 -286 661 840 -347 359 -2175 -492 1128 98 200 184 210 75 629 -618 207 -39 -731 -399 148 536 -575 -568 -402 946 115 -574 664 1725 315 23 -652 180 -710 546 1069 -764 33 -210 283 -389 -1074 530 607 168 -501 -282 130 -888 -1055 -192 -702]
[705 471 318 -300 1221 -982 500 1355 -1531 1519 718 77 -442 -1101 -660 554 -139 1209 -299 -290 893 -287 988 -865 -1383 -290 584 1838 -2 25 -734 1285 9 193 390 -47 734 -260 -315 -123 -574 261 -49 -758 -435 -579 188 -680 -1627 -1389 -542 453 783 203 -341 -806 7 25 287 -120 -26 -684 418 526 377 332 -833 283 -51 669 1104 1313 721 -160 -1128 -1292 116 284 -1980 -531 152 19 764 163 817 -276 324 51 255 -97 -635 -233 -359 397 993 -145 913 -446 -574 526 194 -25 -346 -1288 199 -1163 -524 17 604 102 -646 239 689 607 341 1219 121 -612 449 -1265 -82]
[-792 -206 30 -23 224 -176 692 -1820 413 734 723 499 586 218 766 -993 -745 -104 284 140 -377 294 411 -1014 516 232 1343 -788 -338 -1364 -434 32 166 -216 -455 -664 812 -396 556 607 -415 170 924 -231 311 -299 573 474 -654 562 519 13 -563 -55 880 -107 422 -265 548 11 -1295 -230 500 100 346 343 -621 966 441 -1024 557 -611 581 55 642 840 -1637 631 1227 1169 -612 1059 -181 -210 351 618 -131 -125 1492 164 654 -270 -570 -362 40 534 280 -478 1228 -172 88 723 852 1055 486 153 397 -1527 -822 739 314 -194 -251 11 -52 -338 -210 253 -609 759 -1721]
[1902 1055 -85 -6 93 -294 396 396 696 329 803 -151 803 -52 -115 -606 -573 -484 -652 -26 1127 88 71 -31 -300 -223 -189 436 -20 -387 -286 -256 -803 123 620 63 619 -235 -392 1094 435 -398 455 557 64 -305 576 137 428 300 -22 -256 957 -21 412 813 497 38 184 1388 728 1464 -139 445 -361 -501 374 -431 327 -39 657 -261 760 -495 -705 -236 387 298 -256 -340 -49 228 235 244 -1041 621 -519 848 20 -440 926 -259 1116 1 176 -274 411 1759 -693 -415 531 -1132 -251 184 -492 261 -654 -467 -396 982 43 -360 -766 -640 -871 373 -84 550 -874 -459 -747]
[-65 452 -327 -35 -834 1472 220 -2410 423 -547 -370 -574 15 -514 313 -588 -716 -1206 -495 -16 1069 505 221 -832 319 -554 188 544 329 423 615 -986 -370 -1378 -485 -81 439 1166 415 -802 1231 -511 444 -230 716 -260 1922 738 350 409 620 -288 124 -972 343 -252 -331 -235 -69 751 392 63 1199 361 -285 330 932 -144 436 256 -273 533 -99 621 -84 -79 -638 -1020 672 -155 612 -678 -601 -236 -157 391 -550 -974 -513 103 -460 -380 133 -37 -85 441 -1544 1215 -485 115 1336 -458 -1010 1665 -703 564 -257 -58 284 77 -875 346 248 -131 -300 -1360 -79 -793 -1183 1125 -1190]
[-170 555 366 229 -1125 -305 -504 -155 -446 406 74 -338 198 -464 810 54 -1015 -603 -1100 504 1010 659 -612 -665 617 405 633 -263 -175 -373 -403 589 -360 -883 -1002 -611 -889 -502 3 -785 276 -217 -148 254 313 -287 683 319 -179 318 1314 1379 -103 838 -828 -1083 -379 -203 -573 -141 -227 -807 668 -1376 -905 -87 -787 477 -172 1082 -1007 -868 757 -599 466 468 -222 -42 -352 1527 -365 -266 332 1646 176 -908 613 1006 -82 873 -171 -354 708 914 378 612 823 516 -207 -706 -289 644 -307 -702 -226 1012 1676 -826 804 -96 -4 -866 -814 -484 226 814 -178 -1051 104 909 586]
[-477 -146 -961 706 393 294 153 -283 -553 -354 460 381 -354 -214 -74 -333 -122 -1742 -94 -889 420 723 -293 277 839 -421 203 -186 60 -439 -731 68 -461 -62 0 -693 -248 721 -341 452 -742 -1035 318 603 -66 -749 880 986 -17 302 1078 578 -183 258 465 -426 74 73 -579 918 399 -456 235 -360 -979 -587 942 16 -172 225 -141 1039 352 -124 -1147 795 -16 -1062 1024 -881 -230 236 792 580 279 -715 -330 -798 74 417 77 -1203 425 52 -146 441 9 1043 -99 -298 869 502 -758 729 -1180 940 -87 1239 -1297 260 -452 972 -1553 -706 534 -850 -106 -668 229 242 -669]
[72 -732 1 -1600 -606 -831 -550 -572 -22 -468 -420 -248 215 421 700 -128 156 811 307 -11 386 782 -221 440 488 1303 304 -1425 329 -527 -107 552 100 -313 236 -315 -343 476 -334 490 -201 691 1003 -742 -169 153 -333 -240 -91 124 -428 -759 -756 -462 483 886 455 -487 -72 297 705 -1111 -97 833 -328 295 -235 250 725 -1201 323 -202 -283 348 463 -140 -585 718 322 -713 -302 132 -523 649 596 -57 516 -243 549 232 -68 414 -468 -44 -898 387 -232 -705 -25 -358 -153 457 963 42 780 -584 441 372 894 -246 948 -431 889 -117 -435 667 523 171 -815 -1124 -721]
[-182 462 259 293 -912 -25 -77 -532 -502 -93 -81 110 -20 252 620 156 -238 1209 -332 -62 200 -1260 -642 271 206 680 -244 -581 -219 -201 -915 -1213 825 -750 262 -707 -292 -467 -73 452 -169 201 -849 118 1213 558 -1624 -143 173 445 194 188 -135 259 992 -734 67 -441 418 -625 54 156 279 76 354 211 -465 662 620 476 455 -218 -74 -867 444 -1144 -82 -457 321 908 96 936 725 -963 114 -524 398 -440 -386 942 -91 364 -507 -42 -262 -175 544 -6 646 -1153 -895 21 572 -545 1145 -223 988 -446 1095 443 958 367 -411 112 -758 -338 -1578 -726 -905 -486 -693]
[-492 331 -395 341 1086 -60 -24 1268 -738 1036 -633 329 -503 382 86 -382 -585 444 1214 -121 -544 -172 994 -675 -400 -380 -1476 -391 489 1719 631 -353 941 147 -770 718 118 885 448 -877 -251 743 -666 -952 -917 -613 -151 417 -272 402 35 -671 348 710 -6 -54 -446 -681 1280 682 -1447 -1269 657 -918 632 1956 990 -1192 1273 498 167 744 -569 8 1501 177 462 -1121 -731 1317 720 -244 458 -781 67 -735 -56 813 198 -596 483 -477 433 142 -662 -52 391 -110 -690 1148 751 -261 -582 -427 -447 -898 -451 -283 382 -47 147 515 913 -1383 1958 -73 826 -739 994 -276 -101]
[-1380 -340 -109 -101 496 883 427 298 152 1445 -19 929 -720 -169 -144 149 633 145 977 77 -387 -407 -955 1811 -349 -395 425 -29 -264 595 -1356 -892 913 684 1426 480 -346 -1274 -102 489 -535 -456 8 778 -467 -711 -266 -575 -421 -36 -380 -429 1059 86 -98 256 -863 421 -385 -389 -1136 -388 0 9 -937 42 19 -4 406 50 -679 413 -734 407 -549 -556 367 -546 725 -411 -601 1365 -41 -836 813 356 -83 48 984 -510 -372 512 -912 11 881 -399 -803 1125 -183 -257 -21 1052 -307 849 460 121 -375 927 -717 617 -256 813 381 -163 1259 -1046 143 -242 -1052 302 87]
[591 163 340 -486 363 -299 -842 455 -52 138 -29 -220 -176 -174 807 1038 495 -445 -363 76 495 -362 -711 1115 -649 1488 -807 466 1399 102 -151 -234 37 840 517 -405 -682 945 -175 -154 12 -1123 -391 304 146 -192 -824 -471 1813 -730 -783 752 1370 -209 -855 -6 -647 -792 -1042 387 634 209 787 176 -207 -252 257 97 -234 262 301 823 -1032 399 -776 469 928 -931 -939 -453 56 -947 -442 211 -425 1368 565 -118 24 -58 -202 930 701 -423 -739 842 -1155 562 -1021 265 -765 -278 -194 -625 831 -64 -531 1830 1710 -191 588 -17 104 -337 369 -710 642 -556 -745 154 -147]
[-913 -446 -1325 -172 306 -468 -744 757 356 -46 -536 768 204 -1003 -576 825 863 102 -900 -70 527 -133 599 999 -1120 -54 -566 -16 -94 -557 -382 -52 -146 -156 -414 1068 -215 -592 -444 222 874 -475 515 458 992 146 358 951 -100 -76 912 625 -51 26 102 584 -152 -244 -1159 -796 336 562 -80 1109 -743 152 -955 173 749 -664 -711 -291 -68 236 257 291 -83 536 -829 584 692 -550 897 -316 -398 203 217 833 9 569 -2 370 -904 429 18 -540 -285 -974 -370 -256 -241 129 1474 898 -1754 916 -425 439 -65 898 -94 -206 -442 -444 -249 -36 -1842 915 -555 101 -242]
[-262 699 254 437 -202 626 39 -627 512 1114 573 -190 857 -419 413 -338 -318 -589 -627 926 -303 287 795 -977 -394 -885 258 1338 449 67 134 -554 268 284 -612 -548 223 204 -885 -167 185 -127 -986 -179 685 -245 1313 14 -945 -1090 339 -77 1156 -239 -303 -1842 -513 -333 317 541 -348 -479 318 264 706 4 372 -84 91 1144 185 14 -825 546 -1043 -52 -513 -37 -186 297 1216 -326 -335 560 231 -228 -273 792 -694 -664 1332 525 621 -807 -256 243 -238 1620 -209 -36 7 -932 -489 578 519 144 -740 -671 388 61 -1248 66 1555 -483 612 -669 546 -424 420 1338 -665]
[-310 370 -480 705 802 590 591 -233 -1568 -119 486 490 -474 -444 -328 -228 -455 752 393 -392 82 -1061 -140 -360 481 -906 -665 368 588 859 323 -577 446 -1344 -417 -350 -150 -222 -36 275 -105 -429 226 1089 465 -183 377 203 266 -153 -478 100 -455 104 768 -59 249 -883 470 -295 1214 818 447 -1109 -123 -51 1166 430 827 231 136 -143 583 -638 -871 -410 60 -678 1590 623 244 1147 778 -2168 -464 -269 -392 -682 -305 -230 458 -439 649 -382 641 424 833 499 -93 907 383 605 -112 477 859 -142 495 44 -46 203 -55 244 -741 -127 -480 -27 -1445 -176 -459 113 204]
[1042 419 577 371 -534 -72 1025 178 -300 89 94 218 -642 1219 -148 -283 622 -300 -170 145 425 -813 -410 88 1127 1259 774 -606 1215 67 -1050 264 -754 518 642 -291 -50 -514 -292 47 -716 -660 -594 597 145 293 -1001 48 570 191 -83 237 785 256 -349 -67 -633 32 247 -58 -666 803 -385 889 191 -761 -295 484 -493 1192 -1094 346 -73 -624 -378 116 1036 -1446 533 66 -831 1049 -612 -777 -362 -256 256 -564 -102 1116 -279 -512 -339 947 -27 -601 -641 976 1227 -1255 6 -315 -656 -48 -55 223 -465 87 -1070 -88 905 -15 -709 -670 -623 -921 -506 -846 137 450 -604]
[11 -14 -1628 -296 -27 -753 -426 980 -846 586 -1021 32 -1113 -361 -98 -869 -739 -74 63 -325 -595 -169 238 -202 -18 -1071 -1260 -252 33 1869 -330 -894 919 -665 -969 -111 -1544 1007 547 -428 -719 855 167 -99 -545 -192 -312 527 -808 550 651 373 -299 943 393 -1394 3 -394 378 621 130 -816 323 167 5 692 310 -1225 576 434 1 165 -82 -541 -343 -680 905 490 354 698 844 -364 2049 23 270 -252 347 891 -254 140 -634 448 720 724 -423 -985 238 618 -268 1271 -13 -491 1041 731 -229 -737 143 616 -161 -227 496 -933 592 -994 903 409 -300 474 -663 220 1062]
[1298 -205 701 444 -533 110 93 -70 -246 179 -388 155 -366 -16 354 -778 -37 218 1037 -567 866 713 1241 -1427 1005 -83 -876 210 -234 64 404 103 -159 -203 -424 -768 834 5 461 -1063 -203 158 -1495 -1900 495 -269 -135 75 -356 20 868 -433 -655 -56 -529 -502 284 -303 375 -487 -474 -383 291 -13 -482 -155 465 364 313 715 -514 808 -891 27 853 -607 -371 184 233 74 138 -167 -102 320 158 442 -750 -1299 -302 -57 -931 -148 1060 479 -352 1110 -778 -474 -727 -712 1763 796 -671 -58 308 126 528 -232 385 -46 230 1070 -104 336 75 -1045 499 -477 123 245 -467]
[-744 1095 85 -408 -438 756 653 -37 -168 79 -1505 1212 578 -1104 -85 -158 291 1119 -462 -67 52 -22 -258 429 -440 -163 -179 390 621 -85 87 -94 -331 -624 -827 -321 116 -261 -691 279 362 -80 320 -200 211 -105 -1346 1023 -272 -157 -266 1161 510 437 -364 -91 133 -268 -743 -693 834 840 -379 854 983 157 -978 -1239 219 -544 -199 2 -696 25 -905 -658 882 154 -2048 -572 1255 530 485 -817 -307 756 -950 -121 -10 1034 -400 187 -214 461 342 -424 677 421 -133 39 -670 -171 341 295 184 -1656 -867 289 142 301 -1000 -514 -344 471 -295 1522 -402 664 -1670 -1818 -129]
[587 -184 192 -49 938 -703 -103 302 -123 120 726 -178 -326 1364 -214 -377 -278 110 -914 514 -272 791 71 563 -964 -68 126 485 423 -130 306 174 -144 52 574 -39 -1326 367 41 -687 622 488 187 242 -935 -519 117 -780 -46 -827 -203 -826 398 -505 443 250 38 430 814 814 868 -529 319 -30 287 341 1104 -877 889 1272 371 141 811 -120 -273 -639 6 -251 420 633 469 247 -95 -76 -595 -1002 179 686 -445 204 209 -302 269 -1114 244 197 -434 261 -1267 1799 -164 -317 -37 -206 188 -1016 -683 -112 581 -1156 605 -669 1594 480 1401 475 1480 -58 1675 947 1070]
[-454 793 158 -535 10 754 649 -969 1440 -581 1118 542 762 226 215 292 150 -1405 217 1367 -292 246 -87 -236 -1019 -983 738 137 -578 -585 -284 -455 898 1121 -311 -1330 155 71 775 13 -80 256 797 701 -765 -678 1373 -732 152 -1094 -245 -514 -577 -26 314 -989 208 281 939 -282 -455 -271 289 -664 1382 -133 -978 -622 61 -252 618 764 875 -57 212 1064 -649 537 -459 183 -285 -33 -533 1001 -453 498 637 411 480 76 1017 -38 484 -928 523 -758 -322 497 480 -304 -962 -252 -724 -1228 -288 703 85 -1604 -609 863 915 -308 -575 -585 146 -920 980 193 -764 735 724]
[-414 -1021 -612 799 373 66 -81 -562 942 -651 453 381 257 816 -637 -424 534 -194 424 439 -707 54 527 683 142 25 -717 -433 60 -188 1174 58 -830 -508 -157 1085 11 -1363 362 258 -594 -199 -385 194 296 315 -284 675 286 -1011 -706 -430 -168 638 -55 1055 -432 -8 614 -20 514 940 -575 480 -614 947 -790 198 88 -301 -237 7 -1128 805 -16 1456 598 1483 922 72 782 -65 -1423 -272 -27 867 -65 -312 -154 45 -418 134 492 -920 -234 7 -826 -247 155 379 -149 1121 512 1205 -2155 622 -107 -781 -321 -423 -267 -1 677 -943 -759 520 268 708 -339 788 281]
[686 -61 -74 1301 390 513 284 -801 1027 -1013 166 -1065 1274 577 -58 -197 634 289 -1012 -451 811 1142 222 208 -774 -690 -406 718 -466 -678 721 439 -790 896 -43 -567 -239 804 -492 -434 386 -1063 -1242 -371 403 1081 53 -321 -108 344 -98 -33 416 851 480 435 217 365 612 -212 266 679 -1097 -117 498 -122 -140 1138 -170 720 667 -436 181 817 357 400 951 559 698 684 523 -598 -598 508 -535 284 -939 -816 -1245 -458 -623 -1020 57 -221 -48 -640 178 1280 1405 -593 888 -956 444 -395 -179 1277 576 -422 570 -722 -387 -364 -883 -459 -90 345 613 217 1854 -98 508]
[-249 204 -88 145 -722 330 716 -775 -486 690 -1040 48 225 -439 -271 33 338 532 701 123 244 -14 -175 -1284 -1629 -1690 1092 112 -748 599 -30 -240 310 -281 -182 -785 545 425 -976 549 684 -125 -681 -619 -413 719 146 907 -789 1679 627 -281 390 -324 60 -269 -874 -439 403 -336 -1627 -403 -488 188 1353 -315 -213 672 1646 -506 364 -336 231 500 -560 -291 723 608 1260 19 -803 -505 831 -591 121 -468 85 366 1127 -1996 144 -744 -1207 1661 59 -499 107 444 70 -748 148 -56 354 504 1125 473 -280 -853 62 172 585 -971 -96 252 -101 514 650 231 440 -1557 280]
[-20 -313 684 -234 269 113 -728 842 58 -953 -360 -944 258 499 -338 1211 1250 -77 472 -493 18 460 467 -9 -1332 146 -301 -171 552 425 1509 979 -849 167 -752 359 -353 -883 288 -137 383 338 67 -170 -682 -207 329 374 164 -996 -145 146 438 242 -8 1173 453 894 -125 -274 1075 823 -767 -780 133 1090 -619 215 588 -468 -1079 71 1254 -2 1301 894 -950 1619 -412 259 258 -1581 -27 1060 -744 -803 25 1172 -231 -48 15 -7 -289 -510 50 751 1007 -73 74 255 25 38 1277 -983 -168 38 1380 422 788 -1722 -476 -111 -292 258 651 678 119 -298 -554 -1459 1064]
[458 -434 138 666 194 -770 -394 1024 -143 -1004 -979 -22 -426 858 -217 24 329 -60 -220 394 323 -876 1002 1324 -471 328 -1126 53 230 503 616 -132 -791 -291 -165 -323 -810 20 -497 -407 -781 -37 -665 -78 970 431 -644 194 1317 -1462 -1822 -295 40 341 -923 1168 -1225 -261 50 567 910 -499 -511 641 -1254 -329 116 -390 279 775 -1153 281 -690 -502 -811 90 384 -126 -807 572 292 887 132 -43 -476 98 986 684 -659 -6 467 -482 171 17 -281 -601 -759 172 -599 -71 -676 557 -1314 -327 329 -55 -122 -149 782 -1007 -496 -847 1048 -462 444 -806 807 357 1219 766 511]
[1284 -536 -1066 -144 966 -381 954 90 -1742 613 733 410 -886 645 -1119 348 -865 -323 422 -627 -311 -148 88 -451 580 119 787 -307 -602 387 142 760 -611 -304 -273 822 -651 -657 1433 464 -627 1168 1547 -5 -803 -432 1052 206 289 302 -253 938 -96 673 -554 372 -48 -170 632 172 -673 690 -288 35 -865 652 -270 -119 -239 -677 -1432 727 617 52 -1230 398 255 -92 -342 31 671 582 828 29 985 -231 928 -447 551 208 280 170 976 216 1131 -1430 580 -1303 -26 1379 128 397 601 59 -1470 -776 9 -631 -1190 -1074 140 850 417 -179 -406 1076 9 -491 -238 348 661]
[223 -525 672 -330 913 -406 -660 1483 -171 636 1041 -405 -931 122 -103 741 1033 -27 257 -889 262 325 587 -274 -1032 1049 -1307 282 540 418 632 322 -283 726 -324 233 -45 -26 373 -561 -68 20 -521 521 -1072 -538 -138 -708 4 -935 -37 37 175 -70 -438 911 -20 -418 -294 -139 295 -501 -88 -779 -632 327 -153 392 -404 -244 -283 -380 424 -48 774 -188 -808 233 -480 629 302 -1146 174 220 -336 685 -78 -100 618 -469 -776 751 148 106 -257 882 -787 -1083 -362 447 99 -237 1024 -320 -486 304 73 1252 692 -454 -314 243 288 -243 947 -967 618 471 919 66 1257]
[30 1146 1708 -656 -15 263 504 -1215 405 268 1443 289 254 632 -292 540 417 -343 -698 858 606 115 -390 247 -387 789 1522 -318 -258 117 -1217 -441 327 295 226 9 525 -285 -752 281 438 -1333 717 1427 -179 -901 1247 -444 788 11 -183 -1056 -122 -969 -977 240 -713 -166 -327 -516 -506 965 244 -801 645 -780 -642 249 663 522 -19 525 472 -243 -186 12 -1245 -924 303 444 20 744 -513 586 -471 -215 839 909 915 -117 741 -387 -657 662 650 -50 -351 157 -445 -404 -1197 328 -1379 -785 -166 -349 132 -424 -254 754 901 560 -474 458 -533 -391 -40 -940 215 -352 -466]
[-944 -718 203 -512 1120 -565 -716 1050 198 339 -32 -152 -344 -547 1324 -263 468 554 571 -299 660 305 458 216 -1165 -317 28 -164 -62 -350 169 498 946 825 -1179 -368 347 1099 279 -1480 -92 -427 -597 -683 -801 -131 -1156 31 -585 -335 -506 -116 -707 -299 -365 -251 -321 -474 -760 123 52 -1725 368 -93 755 47 -80 -569 498 -125 694 -51 -573 -433 1898 -90 -167 89 -298 1247 -325 -644 -413 1050 -645 1058 633 -227 392 -482 -782 -19 86 -345 -467 567 -45 -1061 -445 462 -11 -30 331 -1009 929 -186 622 743 1790 1182 874 -983 175 -101 1327 -687 829 753 1354 -1026 780]
[73 -229 -32 -440 -715 785 1646 -632 424 -786 676 -407 164 -429 -25 -300 -700 -569 567 42 -612 358 794 -1768 1295 -946 708 -643 -75 477 817 -451 32 -984 -1354 -189 804 86 637 -562 -1235 1527 -354 -263 -111 -227 574 1275 -1060 328 -230 -104 -405 57 1110 -166 351 -246 962 1672 -604 770 212 -595 778 826 9 -469 -343 -259 -805 -226 1669 -385 27 240 -950 317 216 -646 -346 814 -678 654 350 -456 117 618 28 65 1046 -666 455 -852 514 -1010 207 -205 661 -829 14 131 -907 45 478 -65 -185 -1135 -1599 -1458 171 -533 152 190 -143 -12 964 1087 -618 -302 863]
[60 528 45 854 1156 -586 -844 2023 -734 1069 565 -75 -12 -120 -1243 506 366 327 -145 -166 50 60 -218 947 -1379 -31 256 1235 -730 -57 472 215 321 467 -18 927 -240 -862 -156 83 613 -1194 610 724 -867 -19 -105 -1506 -126 -330 -624 357 49 481 -1393 -182 -99 860 -451 -73 -83 453 30 -785 335 71 -237 309 -416 364 120 572 -148 107 294 -134 767 327 -819 -68 575 -1083 547 647 472 238 -7 -408 -79 -562 -1110 117 -1118 576 149 -1316 214 43 -473 971 567 -23 368 -868 -1134 -740 288 945 -394 400 27 594 -448 369 732 1010 -256 -65 195 -1091 864]
[-398 -744 -259 49 1014 -519 -326 -534 775 -911 188 240 54 320 254 444 -206 387 617 254 -1380 209 196 144 -1268 -25 -529 303 -1047 -218 1301 -470 -736 -121 92 341 -214 -1576 685 434 794 1214 433 -170 779 444 283 -1362 1025 -1278 -982 218 -1001 162 94 278 504 1091 1413 -557 116 -162 -32 -176 -367 1201 -509 42 -651 -978 1039 -253 65 236 334 1056 -474 2286 774 -80 650 -398 -378 -316 990 244 181 -1172 -390 73 -190 886 -209 -1069 682 -500 476 -1160 442 601 42 115 336 -99 -522 715 852 -2065 446 -924 335 -546 446 306 216 72 705 857 -346 1240 1013]
[127 628 -652 727 -307 1095 626 -462 -810 534 357 64 -1321 -771 15 -753 -1372 -1536 172 -818 100 -78 -555 -133 2107 93 984 -57 -332 315 -1063 -631 -222 -1135 296 54 401 -115 660 -1013 298 73 -240 -494 -570 -833 122 1301 974 -47 475 -319 -530 -518 518 -63 -650 354 -666 161 -103 -85 645 -609 -761 -873 461 1116 -1095 -371 -898 328 798 187 221 -262 -1451 -237 591 -733 -639 1547 -3 -137 372 -699 -769 -1248 46 717 -1845 -86 -434 103 -335 235 -485 165 -1032 -95 758 -3 -1451 -269 -1414 587 1113 -685 -711 1638 -440 894 -964 497 -357 -618 22 -339 -1063 859 488]
[-143 -354 -686 129 122 -309 -25 331 910 729 1137 -635 599 158 685 -528 587 111 -81 -542 555 863 116 57 49 698 -489 -89 702 -22 -497 610 -1581 -8 -98 227 61 -88 -768 -7 539 -42 310 701 -290 328 -623 365 -327 -702 217 555 72 -274 -131 1137 1282 -624 -72 978 475 -728 -464 447 188 -467 64 1113 -775 -574 1053 -1046 703 591 971 385 -150 1097 303 -660 -944 -455 -533 722 -3 459 -446 -585 527 171 -1012 493 -803 -152 34 298 224 -182 41 -1209 1095 129 899 264 -827 768 277 -172 -672 908 197 -854 -1454 295 249 532 -267 460 -526 -834 -234]
[-115 537 494 -729 -1003 -165 418 -190 -276 634 13 1011 1053 -749 497 77 96 2 417 367 256 -37 7 -1115 -21 -309 737 114 -176 701 132 -39 116 -657 -431 -71 48 -1127 -570 710 439 487 -930 420 600 -361 473 -504 -498 868 97 255 271 11 -238 -128 -38 -330 1019 355 -796 143 500 80 222 -480 -701 559 39 591 -521 -694 -284 -94 20 -1189 23 642 520 -647 -723 157 -258 7 594 632 69 340 -96 -1048 866 776 385 180 762 271 -72 260 -266 -818 -641 386 -132 91 1190 -417 -280 -1265 986 -873 279 -617 572 553 -407 -478 160 151 -1022 -52 -1060]
[-124 924 219 -136 1197 242 1069 1173 -586 903 -374 165 -259 -758 -510 -164 -123 212 -53 -55 -2 -832 577 397 178 816 -1345 353 446 1070 -817 -245 73 236 -233 -133 -930 891 422 -156 -600 -714 1004 3 -603 -39 -931 607 652 436 -621 279 583 974 -696 115 344 -1393 63 -683 -845 761 163 294 -222 224 -720 503 84 -272 85 -200 71 650 -1542 -166 1347 -809 -2373 -343 440 996 934 -1572 -373 577 415 92 -788 129 1138 166 398 648 -105 -666 430 -292 -20 850 -664 -226 588 206 -206 -903 -921 -121 -259 -249 -84 -25 352 361 -1393 1618 -1479 -405 -914 -311 -609]
[1100 -691 -108 -1167 -1368 282 69 -1754 526 -86 278 -1243 -5 -924 -89 -960 16 -1608 -118 -122 731 992 337 -720 1180 -101 1434 308 372 -456 -489 518 291 3 -387 -125 540 1098 453 310 -387 -271 772 -242 -753 -234 1357 1792 -353 722 1192 15 -52 -1203 85 -521 578 983 -1496 192 -612 1077 796 522 -1136 -1553 256 -305 222 -972 628 -290 361 118 517 -246 -1106 -230 356 -359 -718 939 289 460 146 558 -94 -128 608 4 563 -554 494 83 74 944 -714 123 18 648 746 4 939 1064 -559 457 -932 514 -1405 1398 115 732 -788 1210 -1456 74 -1008 75 -1783 200 -698]
[325 591 -582 -249 27 -956 36 707 278 214 -424 20 607 -555 -266 1315 559 989 -157 1034 -902 -125 368 -501 -294 926 -773 -611 595 -49 984 167 183 -838 -1055 339 231 14 -1295 -111 115 696 -78 -93 8 864 -1303 184 890 -578 -778 223 112 81 428 431 -262 -1048 -232 -456 1001 11 461 941 -373 704 -465 263 725 -1248 313 -455 -295 -612 -737 -107 659 690 -1111 -410 508 -240 -831 303 -525 292 737 -522 370 -624 920 424 418 17 -422 369 429 -930 -423 -951 -1427 -179 332 943 -254 315 72 -576 1566 -418 1056 -471 -218 36 -790 883 -103 374 -1327 -820 315]
[-872 -1310 -314 -272 -472 -581 -1534 272 1175 -684 -419 264 -75 -188 183 96 239 369 -411 159 -367 484 479 1453 -1100 635 -399 -525 1393 -905 790 -739 311 -549 399 857 342 172 -148 139 103 -633 615 913 728 -243 104 241 233 -957 -992 -321 -634 -318 358 1425 -1025 130 -958 -65 963 -852 911 -89 -395 1039 486 -1479 717 242 483 -568 -658 -624 705 -189 -604 -339 -389 601 879 -305 -882 -833 -1208 995 215 746 52 1010 -92 -76 -138 -877 -164 1245 -820 -44 -516 1818 112 523 1196 1273 42 -233 -44 1046 859 474 -518 49 -85 -272 418 -664 153 357 -733 1446 -416]
[-323 335 -1230 760 484 -317 123 751 -722 637 -241 12 -420 1080 -515 -603 -387 96 188 476 -935 437 -1104 -922 -85 322 -33 -796 930 -402 -183 -568 -188 -1374 -375 -205 -80 -163 -762 447 -40 -556 509 -180 511 745 772 818 -624 622 588 708 -581 179 805 0 -870 -1166 -375 762 -370 -925 244 -314 609 699 145 14 203 -186 13 -835 738 -1484 -87 321 358 -182 69 477 99 -95 1456 -910 27 -780 285 610 172 -108 -127 -1237 -177 -306 -509 310 958 738 198 -735 498 -785 1241 1238 -361 62 -753 21 -780 344 1160 -441 -1115 -1428 215 1807 -35 485 68 460 896]
[19 -626 -415 139 -678 -555 -59 99 878 175 210 -329 28 -463 46 -39 163 488 -104 -298 -266 911 368 -94 -554 -162 661 -805 -557 -1173 995 645 -295 384 -339 615 181 -642 514 -80 196 -320 -230 65 -184 337 515 431 570 301 -272 -167 -922 312 811 1182 -342 598 885 582 -696 -727 27 -162 782 670 -196 922 -118 24 239 54 1152 856 1826 1474 260 987 1016 -771 -482 -1328 -641 373 -176 -540 -278 -538 521 225 -761 -433 -649 -114 138 97 120 -267 1223 193 1156 -717 1097 701 -900 264 969 333 -825 -599 1158 718 -1263 -359 1520 29 532 216 574 242 439]
[-618 209 24 -636 392 304 -703 139 447 -1037 -1026 -754 -171 -131 436 688 309 -552 321 861 -536 -1163 194 633 81 198 -557 252 84 320 706 -913 233 -7 -79 231 -292 -391 -389 -185 830 -433 323 855 1254 396 733 -150 -35 387 -25 -175 -381 119 664 379 72 225 -527 511 229 -283 -56 -322 -670 111 635 -249 -583 529 -103 -790 444 -434 239 677 -80 197 506 -540 -222 -1014 545 -23 -364 -612 135 1516 -906 -323 966 -109 518 -181 -84 704 774 983 -155 -679 466 -336 317 234 337 980 -74 528 339 -116 -621 -36 144 -1019 -912 -710 -882 -6 -54 414 -47]
[-783 -385 -169 258 18 481 248 -117 687 -911 -717 253 89 61 395 392 677 405 1065 -130 364 992 835 -273 727 511 -964 132 1114 364 481 -1060 309 -4 -908 -180 837 1056 -203 -114 -146 337 -46 -26 456 882 -1113 -49 27 145 -293 244 -880 -221 1040 20 382 -847 157 408 481 -430 214 606 61 810 246 -357 -98 -768 577 279 -699 -513 1209 -272 -143 -182 -667 -253 1204 -623 -534 -1112 -940 203 -24 -879 -1323 1035 -867 -816 -441 -198 -1078 361 -205 -701 1039 -893 508 -223 377 115 -265 -26 286 395 102 -978 632 317 -70 -962 -352 -1599 -563 -336 361 -562 -965]
[670 362 622 988 -81 417 -125 -682 -400 908 887 661 -165 -221 -182 -406 -1709 42 -746 -726 -524 107 -19 371 530 349 606 569 -724 -659 58 -1883 -468 -193 771 862 208 -774 463 306 571 -132 -48 -265 55 -471 75 -615 850 388 -213 848 48 -359 -470 -618 8 89 353 432 330 1036 1198 -948 -187 143 456 553 -945 170 -132 791 -510 -74 -161 -209 -939 -745 -111 59 1510 1017 337 -594 1198 -148 -441 -1186 -304 1221 -876 559 -380 -259 307 -265 -39 451 -306 1103 218 -718 -899 -529 -415 -964 -19 -631 -850 332 -85 1078 507 109 550 403 -42 -598 276 1781 -786]
[492 56 373 -934 -1249 -302 976 -912 333 -847 376 178 1459 -1091 104 -318 192 1426 142 165 498 -386 217 -222 -686 -2072 431 -66 -518 -1082 86 -297 1006 308 -492 -751 766 836 23 578 -520 -174 -828 -354 217 1231 923 -150 -936 1230 -226 -302 -1045 792 628 -751 -320 322 611 98 232 811 1095 -347 1063 -702 -307 455 793 -410 944 -470 -377 -670 -450 -888 217 311 -296 751 405 40 44 -229 135 -180 76 -812 -676 166 933 -476 371 530 267 -1096 824 324 694 -26 483 -726 353 -466 1394 -427 108 -243 -324 595 320 361 739 419 -1267 570 -1289 357 -712 -860 311]
[-967 42 -455 712 1281 -48 -723 674 357 823 -1075 -123 797 -427 488 -1074 249 -1102 725 -170 507 567 562 766 -498 -726 -49 833 -335 -219 659 -89 422 1029 -681 -1180 -1340 1448 617 -327 560 -211 616 -1116 -382 120 163 675 -500 653 383 694 -36 206 -159 -1532 525 -175 101 288 -249 -1295 676 -83 817 113 626 155 -305 -443 721 364 -333 821 257 360 622 -34 -1132 653 -108 -192 1762 794 50 436 332 182 42 -811 743 -7 672 -804 -437 137 1139 1469 -238 1244 243 -582 604 -54 802 -68 77 378 591 -197 25 -559 286 -579 1493 651 534 -92 914 624 420]
[195 -597 687 443 -64 494 -483 -134 807 -578 56 657 -597 179 -189 -300 1030 -325 618 297 -813 -503 677 99 693 310 -218 -34 903 -133 1008 2 -570 56 291 67 188 -533 -59 -481 -1046 1098 -1483 22 -117 389 -2288 -281 113 -1038 -1114 893 366 98 384 -565 691 -202 69 -759 915 806 -236 521 851 -418 -739 314 -785 512 -502 1079 -680 737 -357 -289 1201 147 -646 -1289 470 -292 206 30 579 672 -44 -1791 -314 367 -149 1103 786 -684 316 -12 -481 256 504 442 -636 410 193 -490 6 -368 -428 229 -333 -1225 -45 117 788 289 18 -68 -73 306 1 473 939]
[565 -598 666 989 -236 493 595 357 -644 -507 -315 378 -15 476 -969 709 53 602 -268 -447 -645 354 -243 -849 -947 222 249 165 -65 -476 859 306 64 -963 305 -110 47 -1530 223 231 29 -263 65 544 -450 -94 -955 68 114 -375 -807 268 -258 -378 287 442 -433 -21 414 -878 422 1194 -1407 -164 635 883 -918 -421 88 -25 -278 -265 506 -567 -622 141 235 375 448 -334 822 591 -678 -737 -722 -1018 -214 248 121 -34 589 -264 89 -336 899 -65 977 254 223 185 -797 545 247 -232 29 -759 170 -301 -286 -1673 494 -82 -427 723 -308 1452 511 202 -491 -1438 668]
[339 -661 789 -975 -434 -376 -391 -470 704 -580 887 -591 365 -906 1015 68 236 -411 891 412 1610 1142 299 -870 144 -169 -290 -278 -438 -235 709 -483 394 -480 -719 -481 967 736 -214 -19 -612 -336 192 -737 515 241 939 -482 780 -62 -419 -1118 -875 -658 -62 514 -187 -1180 451 608 1093 -330 559 -504 -850 298 315 590 1190 -1020 236 -338 66 22 315 574 -770 1360 847 87 335 -361 -942 403 -600 440 87 641 -299 -688 63 -485 843 483 -1531 1237 -208 -789 -106 -1069 433 -783 -129 358 961 778 978 -178 1098 3 775 -877 396 -382 -600 -332 39 658 157 103 77]
[-60 99 319 629 547 -177 214 -107 -800 -370 609 680 -115 339 -230 79 -40 335 -584 -475 -331 328 152 104 749 -75 -306 111 295 -690 838 732 -1301 -1008 -372 323 -314 -281 -125 -413 846 1164 750 891 619 -237 -425 -52 414 -703 -427 385 -410 -588 332 862 1282 -337 615 409 1992 9 200 -1131 478 -620 -55 -177 -433 540 -122 -389 976 -133 350 -650 -221 -486 -341 -362 -233 -67 401 133 -864 -110 -349 -603 -821 415 296 94 733 -1276 1568 1454 1488 -176 -485 490 -874 -99 -105 -219 -324 -1368 476 -127 149 -1069 -75 348 -717 723 96 601 -435 -123 1488 -230 64]
[179 -645 252 1043 -648 -196 -633 265 307 -245 429 -145 -471 -99 444 -315 -275 -1779 1161 -44 178 380 -364 113 1413 -103 395 -464 -466 -271 0 -135 85 -1464 114 764 1502 -808 779 -78 -649 -622 -722 717 617 -214 129 -243 568 -844 -306 -51 -450 19 -737 717 -1810 78 -449 1009 163 476 425 -1620 -1120 -248 -387 492 -123 469 -756 347 -58 -320 1100 886 -122 472 1002 897 -744 -256 -1076 689 -43 -271 -49 540 230 -814 -1180 -465 803 -271 -218 980 -841 411 186 -458 10 312 -668 521 -666 1342 1517 644 44 582 -423 557 -602 -380 294 -403 293 825 62 550 1247]
[692 -395 -74 389 66 204 964 -136 -170 -336 65 68 -353 945 -606 -169 -1094 -125 272 850 -683 -651 722 -795 948 454 -492 -701 166 -135 379 -462 -368 -206 46 392 363 -887 1443 -1047 -925 24 964 -647 287 -53 507 1198 420 -581 46 -560 -177 -249 -369 -31 -384 -561 369 -566 -1072 202 -517 210 -621 1152 -276 -634 597 -82 -1350 56 178 -23 -333 1111 -814 99 -524 875 116 673 -900 -1003 -478 -386 76 666 353 890 102 -846 -753 -393 342 -1191 -1256 -1697 -479 -565 -48 687 -129 402 -1076 -210 -265 -1327 -1152 -35 96 128 586 -65 -304 90 108 495 610 838 -161]
[67 -430 -134 1057 209 680 -284 209 775 229 -503 -499 -1473 1008 744 -83 -239 -585 534 1401 -361 -234 -657 1305 1001 202 391 -980 -113 288 -495 -1543 -175 -376 750 25 -11 -917 782 -203 -1139 319 1470 -326 483 -534 -5 186 48 -1231 -803 70 -31 199 325 909 128 -1449 -966 -379 743 -11 -819 -1132 -605 372 777 -963 242 353 -550 206 994 -885 424 534 230 -649 125 318 -252 1719 330 -406 -87 336 1124 923 -233 601 -163 -9 370 -1634 550 895 113 523 -446 -1142 -851 189 29 -29 187 185 68 -12 -562 666 927 532 -634 -931 -649 870 37 25 -661 1734 1567]
[203 298 -2 820 122 365 -191 678 -1540 1035 -88 497 -659 -96 -275 -1187 -34 64 938 -1863 -215 -1118 426 -454 1809 272 -205 -394 79 327 158 107 234 -897 -491 -259 38 -118 573 312 -68 -217 -1585 -375 541 -456 -540 1625 -419 648 -54 -86 -385 -3 -667 -368 -607 -53 -178 1036 -525 188 371 -316 1012 -685 312 1184 -974 652 -1025 379 63 96 1283 -395 -663 -236 1135 -358 -963 77 909 -660 409 149 -713 -384 -211 -446 -890 412 233 -394 -164 202 -100 40 130 341 1519 91 -15 42 19 -574 -553 1203 -1135 364 345 1121 -744 433 822 -311 -532 93 214 -474 -76]
[-233 85 -39 191 339 -266 155 -792 -10 589 380 32 206 82 -336 -156 1099 359 -230 657 -503 555 731 -278 -58 -778 1884 -682 -1152 -1381 161 823 -170 -312 -558 350 381 -82 70 -108 438 114 -14 -141 87 -665 196 231 165 363 -514 -969 -170 -404 898 870 -27 56 267 -247 -448 92 63 159 1962 -204 -496 1119 616 43 -105 436 607 915 1109 -12 24 803 1535 -345 -768 642 266 1062 -355 -228 109 -334 1347 -845 -387 -481 -1239 386 244 587 486 -66 776 312 142 603 -303 -212 127 -157 -478 -560 -757 207 1298 252 -871 598 249 687 823 280 293 122 290]
[-886 -140 15 -780 45 678 562 474 -820 679 114 -1025 210 -617 -384 631 -528 1164 18 -361 -235 -174 769 -1272 234 -324 1230 -512 306 -372 -279 1311 -421 365 -620 273 -459 348 914 -1460 316 1097 -312 -854 -932 629 57 871 -251 325 809 40 -90 -165 -52 525 511 322 -214 -547 -1665 -1557 219 -159 310 -403 -752 1266 39 -1275 -940 -1285 586 539 873 -189 -613 191 -697 741 -987 -103 -611 -82 435 -938 69 -480 813 -674 -425 134 -1107 1211 313 139 749 -1665 594 286 722 -281 120 -498 814 850 447 -1236 477 -20 -467 -945 426 998 -527 743 73 321 391 -231 354]
[-140 349 565 -723 -265 820 918 -378 -33 298 57 16 668 -344 -107 74 -283 109 -279 -607 749 -210 -771 -275 -303 -500 426 157 561 508 -109 168 217 811 390 258 -516 -264 319 -143 151 -1236 181 618 -473 62 2044 231 -330 792 276 -314 789 674 -591 -262 -461 519 -133 -123 -1223 754 -132 -360 -787 248 -442 -15 191 110 -1101 -773 271 442 -670 886 -473 79 191 1303 -568 -639 -672 -1157 -113 14 -589 485 -201 496 174 -568 -177 903 415 -1035 -617 817 -148 39 760 -226 -94 153 -99 674 -295 -438 -1061 -337 -1305 -589 -115 -276 85 211 -645 -227 -53 165 406]
[505 58 367 5 392 -309 -252 130 -1495 98 1279 -717 -582 867 -107 331 509 661 308 -1267 752 -389 -1148 -518 1137 873 -271 31 427 636 -145 1437 157 752 -652 -423 -1263 455 -123 -593 -529 -958 -1181 851 579 667 184 -643 763 1279 -98 100 -923 1125 -1464 279 135 -480 438 358 -249 -635 93 -758 -661 -1352 445 1969 -1293 -375 -571 -605 -733 31 -354 671 843 78 2082 196 -304 195 322 -283 846 474 -151 -1802 212 -556 -915 -557 540 1689 -1947 -146 -236 -593 228 -421 1245 283 -235 -797 491 179 185 427 434 -636 403 -297 -548 -749 -543 -239 -680 -120 1395 -150 -67]
[493 320 344 334 -389 -80 -288 10 147 717 -246 565 101 -278 -353 6 -650 88 -540 243 1187 543 473 8 -219 -423 893 -96 -460 -1138 101 27 -470 -872 828 -8 986 -1019 187 333 148 1176 896 -340 199 -96 388 -346 -1107 -385 -716 -24 257 -489 1023 129 292 28 -697 -491 97 510 546 577 980 -312 -672 -24 486 -396 741 484 1323 -133 -130 -1319 -535 1226 -932 -194 -341 137 460 419 184 812 -450 -778 1200 361 -610 499 -409 25 892 -114 541 618 -620 378 -209 -286 473 -255 1281 -520 550 -1059 612 754 -102 -302 -159 278 -681 -278 491 752 -1217 168 73]
[-207 -389 -486 -1546 -13 -227 -727 1101 1084 -971 -457 -816 455 -398 1037 -1290 183 300 810 -55 256 1245 -268 524 -825 100 -741 -51 -281 929 -992 -45 -53 720 -753 325 639 906 -1151 -51 505 -588 -482 -1499 -444 600 -966 775 16 79 795 727 -225 492 -244 -137 210 -98 -217 333 506 -360 -961 1002 -338 292 165 -467 165 -669 835 -775 -611 217 756 281 492 452 -727 -1070 440 -463 122 1057 308 -1004 228 1037 -800 -89 -605 -76 -599 151 -1980 450 77 -464 328 -1003 890 -652 1065 -732 148 121 223 818 1478 1285 -87 -1769 -693 430 111 1408 313 679 -441 -1790 445]
[-631 -664 -230 627 81 -65 -56 -1057 -476 -965 -651 822 -810 1281 -155 13 -1442 278 -594 810 -964 -977 65 591 150 563 230 -1156 -376 -1204 -833 -581 364 -1310 537 -467 -13 -358 931 -629 -298 461 1594 -348 699 624 617 -540 534 -622 -1108 -415 -1238 184 -13 996 -1015 -135 -124 -886 225 -477 532 -386 -775 1399 -29 -263 796 559 -524 601 66 -614 46 365 -922 -787 261 1421 965 754 -723 -558 -230 -132 1122 -104 315 1394 -575 -646 -301 -243 68 -436 -1202 -1398 855 142 -964 683 -321 869 -819 -259 1154 -940 276 905 -130 316 836 -817 -850 -871 -204 -401 0 1238 -521]
[562 637 102 -813 246 -308 994 744 -128 1093 1024 -148 -110 -41 1023 -1228 -198 -589 263 -368 179 115 -510 -274 -494 -186 264 97 509 14 -1054 -267 -775 1282 -336 -595 -530 435 109 -639 -128 -396 -378 -241 -566 48 416 800 28 294 1430 475 174 231 -210 -504 201 563 670 1241 -1441 -912 349 350 -252 -1205 -268 201 83 237 -654 -986 431 106 -284 678 -36 165 -428 637 -868 -64 928 44 498 -305 -829 444 -177 810 224 -589 519 536 193 -811 256 942 -380 -896 490 -1419 500 64 218 -148 -358 -40 -1140 592 310 -549 -14 -46 1460 73 169 578 467 118 -19]
[251 -41 503 -272 -384 -652 -315 683 -735 -457 1274 813 -93 -408 776 324 691 133 1377 -527 360 -523 48 -781 1022 1030 173 -668 1071 318 453 885 234 53 -1023 -797 -10 -195 -251 -33 -824 19 -1148 693 330 -377 -288 -211 374 -447 -80 43 -1589 -57 -906 -823 -211 -657 113 -147 168 -769 -37 -290 337 -1504 421 421 -885 603 -701 -8 -1258 -228 966 681 365 29 603 -83 485 -1 -196 492 51 462 457 -1730 806 64 86 920 642 320 -1095 341 -99 -1028 -405 -520 538 -297 338 -601 -32 225 439 60 525 552 773 306 -111 -1162 109 -1182 -827 943 311 716 624]
[-1475 614 122 104 28 1513 964 -1330 880 286 -81 858 -284 -143 280 -1433 -1248 676 52 1003 -336 -850 -172 -577 503 -1083 1687 -699 -674 88 -356 -1044 -693 -713 97 368 703 -399 -496 -89 18 -49 400 -291 609 -49 622 1139 542 469 -431 -894 -446 117 355 -124 314 -562 900 -746 -1252 -32 -351 -218 532 -165 -24 -203 779 178 -785 -898 137 798 -755 191 389 -818 868 -28 -149 731 -150 -908 -77 -378 -549 -962 -602 462 109 -263 -646 699 533 -928 -372 715 476 145 115 208 -1301 1077 853 -23 423 -1998 -940 346 -505 -1134 -274 426 -176 -202 126 378 -80 1564 -16]
[-313 973 32 -366 -1150 -325 -96 1143 -306 130 -457 958 253 -1473 978 -803 -128 -135 885 -362 1257 -173 -692 59 -433 -597 -601 -140 595 1225 -426 -213 -626 -555 -430 167 -105 -259 66 41 -171 453 -1669 -120 61 -366 -607 1248 882 55 217 703 509 858 -124 -599 -238 7 529 -390 359 124 541 -486 419 -652 -697 89 1023 1260 -728 395 -400 611 510 -912 1476 -91 -1403 527 -310 -245 824 330 -695 -194 218 -249 -1195 790 -670 118 221 435 344 -882 -103 1158 -558 1 -435 160 450 -449 -15 -129 1636 415 1516 574 3 -633 -30 -27 881 -111 -435 156 -1162 -361 1084]
[350 393 238 -296 -295 -108 71 413 -232 271 391 -184 405 -223 143 363 -247 -409 -486 101 921 -178 1283 -1267 50 -450 383 107 -67 -76 97 808 -144 464 -392 -724 1411 255 304 497 -664 741 292 -102 477 311 995 -258 -1596 -458 589 630 248 494 -340 330 341 -574 -798 3 -884 1048 160 -360 723 -366 56 -128 129 -554 55 -251 1197 -519 -835 -497 -1179 425 -1418 1064 792 -9 309 -13 100 809 84 1155 503 -489 797 56 494 835 -71 -679 -182 -1152 949 -107 -615 -10 758 -203 602 -81 -417 -428 -681 325 -928 -569 390 216 -1280 -43 178 957 61 -502 -342]
[24 -1178 740 -341 -754 -730 -864 -559 1255 -225 749 -626 -292 302 319 325 1331 325 202 -46 -300 1517 10 -409 179 736 645 -894 -189 -268 1223 994 281 227 -431 1021 870 272 -228 -572 348 460 -776 518 -807 -537 -105 -773 -537 -227 243 -693 -1207 -152 -288 -161 -456 632 760 -716 245 102 140 -720 827 555 -331 197 -498 116 630 -67 -42 341 2629 142 -512 170 641 421 481 -1240 -1173 2112 143 -1178 51 -940 945 281 -729 908 -1041 -1 -788 843 419 -1693 1054 612 5 -265 599 -1441 -849 -209 1032 -25 216 -932 235 672 137 -453 1041 -469 184 -385 1347 16 860]
[-209 858 -1871 1374 822 -991 -931 165 -1118 489 -303 206 318 290 -552 -860 298 585 -488 650 -326 -941 1129 272 7 -7 -351 231 -1060 462 517 -36 189 -1811 -1587 -235 -1019 80 -419 333 475 551 -720 69 1004 277 -741 430 231 368 126 878 -344 613 822 565 508 -615 483 785 645 -595 -785 771 248 -70 -54 781 -224 5 -120 -264 567 -427 414 -1160 733 662 171 962 231 391 1815 264 439 -457 233 -67 75 -565 94 179 10 -239 -711 -1007 549 -313 343 19 387 722 793 282 -12 -133 49 -411 898 233 524 -732 -93 -303 -435 414 -1090 -374 -269 -240 369]
[-342 -1001 295 -157 -449 183 1065 -778 1033 -1045 -62 -64 424 478 606 221 -822 466 507 -638 -212 1594 -855 55 350 -306 -172 -777 604 -676 567 -142 -734 16 -221 288 -48 -728 602 -175 -279 371 1167 -298 28 919 456 72 -1038 536 371 -49 -547 -356 435 487 572 216 994 169 -234 1 808 -692 -455 881 401 -48 638 -1626 866 -339 441 28 -1 1367 -123 644 1229 236 -512 -194 -1815 -672 954 399 -851 -936 342 474 199 -984 -199 -853 464 538 109 -75 -225 -873 -41 926 155 1445 424 656 486 -1229 -527 -700 786 -980 411 -392 289 430 1487 1184 -946 78 -105]
[-335 317 -627 -1030 774 -625 -295 149 -605 1301 -723 1486 78 -941 -1157 -880 -667 1762 -74 937 -1289 -1489 848 176 -1242 142 517 111 -561 -251 -332 101 249 134 365 -223 579 -78 -391 988 1277 733 1440 -922 34 -78 -334 -380 389 -280 -502 23 -464 -689 1255 262 819 139 555 -750 180 -1131 230 2005 798 111 -148 -198 257 -1046 993 318 -256 170 -1182 -564 -35 564 -381 -954 -419 -115 1166 -525 -439 261 684 253 1057 -579 231 1029 -793 430 476 -365 170 -257 -17 889 -290 -52 -75 913 564 -737 -448 -231 212 1890 425 -585 533 705 -757 218 -235 53 -1365 -554 -1402]
[57 218 871 -1284 -679 -288 -209 1272 -421 557 -626 651 537 -169 669 462 -221 -529 903 620 -850 491 -1043 535 642 1075 151 -358 1554 121 -1029 74 -120 -109 486 23 -746 -520 -434 282 411 -339 896 -509 -663 -64 450 553 1090 131 311 362 1074 -541 -1330 -49 -482 -142 -587 493 -285 -968 704 -302 -1214 -326 354 -110 1185 664 -1267 -347 -424 -582 -588 153 -491 -685 -1559 135 -2020 -179 -125 212 -581 -601 880 2066 -831 43 660 -332 195 -389 574 22 -644 126 -834 -287 -454 233 481 195 700 136 435 704 591 553 525 -611 -16 616 283 483 107 -975 -735 -529 -525]
[549 985 226 162 -188 91 344 -342 298 595 508 -537 438 -96 186 -1 -1122 -6 -1343 481 -257 242 59 -1062 -19 -1039 114 1029 -1559 452 -572 -246 -252 469 -184 -257 -339 -802 774 -524 846 -36 211 -511 -271 -507 934 317 508 -155 58 -188 1017 382 65 -862 1005 149 485 162 -180 1151 -109 -413 155 104 210 -58 72 673 1061 53 977 -268 -77 -23 -275 378 589 82 40 558 77 770 -405 95 169 -15 -58 -765 227 141 541 -196 656 -133 108 701 -902 287 -56 320 -716 -252 -708 233 228 -1033 354 632 623 -868 -1196 593 -813 109 803 -369 -1022 142 361]
[-47 493 527 -634 -1251 499 1942 -711 628 1158 -318 -13 311 -1211 16 -68 -441 1092 -678 123 936 649 70 -1523 -1357 -1598 343 548 -180 -1242 4 67 -763 1057 -513 -472 620 421 248 -1091 691 -251 -227 -1096 125 945 689 652 -410 591 66 -174 313 -361 6 -825 -1229 160 661 -322 -1076 -1149 1204 570 1339 308 335 -585 376 328 736 345 -268 466 -307 -254 521 -271 -1015 49 839 -15 -1220 -745 -426 106 -280 -1620 17 652 -237 -636 -218 1155 705 140 327 422 -363 -25 1240 -1496 -498 538 616 -194 -623 -910 69 1049 -252 209 -2 34 322 9 545 -401 623 312 -64]
[-911 568 -88 -225 1 -174 -461 195 -682 -220 -1356 397 -59 -405 -431 178 990 -290 71 103 -1143 -533 -1010 566 -543 834 -634 970 607 40 -19 -363 1526 266 44 -736 -1107 113 160 222 382 -1139 -13 245 -143 -180 -317 -536 1175 834 -394 -185 -320 -409 -243 -563 -1170 -157 -417 -506 -305 -854 169 -40 -149 -500 379 -336 -276 64 97 -672 -757 -864 135 -56 441 -1524 688 383 -597 540 353 -1579 -632 170 695 391 149 -753 1159 -33 -72 -68 -358 549 599 868 43 1165 -715 67 396 592 951 -370 -492 1651 947 -507 917 333 -968 136 79 -777 -581 -310 -392 539 84]
[1180 396 93 -240 -2130 -1142 -670 -1223 -830 -125 225 29 461 143 284 -1224 -2155 -784 -1401 671 -399 1210 -314 -980 -275 605 964 -58 686 -477 -412 -464 497 -927 -6 -573 -153 662 -379 1009 389 -33 269 2 -1059 -111 943 -225 1043 359 362 472 -147 -728 184 -932 -440 873 -324 471 -30 -721 676 175 -492 -373 865 -577 221 725 457 -353 182 -1379 -232 -774 -748 -612 -177 284 1025 1054 259 -248 372 -645 142 501 -2 1076 364 -640 -344 390 -511 -178 -1137 524 -151 1143 -407 80 -33 338 284 -1035 335 -331 478 458 75 -578 666 1322 305 372 1188 -139 -688 854 -534]
[570 352 1046 -373 240 -676 1803 726 -206 740 1034 648 225 504 247 63 -649 -73 20 -154 -1153 -38 -839 -1089 -135 -18 108 -814 178 8 -11 -3 -1029 162 -352 -123 -774 -992 115 -711 -306 360 -491 412 -1552 -47 -538 -364 1049 55 -587 -602 335 168 78 56 -449 -64 1190 589 -507 -65 -256 -568 579 -35 376 -87 191 572 -132 -307 286 -157 -498 542 787 -246 81 37 -790 377 -520 217 164 -844 -104 -839 199 -283 945 271 1200 -261 996 -385 787 37 -648 270 -482 -595 -642 -193 1082 -547 221 -865 -259 -875 826 -616 413 510 751 484 1578 838 686 -217 1546]
[-528 -503 -419 -123 596 32 -36 -451 1088 -376 -323 116 -347 1069 -228 1087 251 -1088 -188 590 -596 -1033 -1009 1171 -112 53 -70 -751 -215 -979 -471 -544 -27 906 1694 618 -194 16 1077 550 -115 -1121 1166 1004 -357 92 -27 -275 819 398 185 -690 1090 -230 99 41 -1154 260 -1193 -516 -340 748 83 0 -780 405 -29 24 505 -243 -531 334 -187 -351 -1430 1375 -153 -729 1000 484 -913 -189 -1081 -806 -701 418 127 166 1319 -74 34 -30 -928 264 -197 -356 -1370 -28 135 688 -1033 249 540 1295 34 1289 -153 1144 -275 -16 -496 176 -355 -788 -37 -1491 246 140 846 1142 -59]
[-475 -125 -173 -165 59 558 -626 -209 458 784 928 -247 -1104 101 386 337 407 -299 602 979 -48 268 -716 41 419 1378 1247 -1028 132 -244 -28 -860 -302 -527 -204 -5 610 -682 63 303 751 -247 1011 279 537 -531 887 256 258 -63 610 733 -931 -734 193 800 73 -327 -518 -398 211 -144 -603 -395 -786 143 272 -565 -88 -474 -1250 -481 1324 -552 788 267 -1150 -149 597 81 39 678 182 -34 -250 -1013 417 339 225 458 -301 -273 -795 -159 -354 121 -276 -77 399 -1519 130 61 -219 -385 -470 543 862 -293 -805 465 1301 206 -706 -1220 -191 -620 -463 -39 -735 450 -269]
]
