5580.577748 2929.065631 1.028920579 65
[[-178 -495 648 248 -767 -203 164 -568 112 387 467 306 1011 862 655 38 -136 45 122 321 -277 -1097 1236 161 114 -50 241 153 46 112 551 773 -7 592 44 99 569 -177 708 97 -184 13 134 872 169 158 -281 -238 -257 551 657 168 82 58 1262 -469 74 -210 150 361 525 203 368 -527 -130 -191 -578 -147 -220 -38 -281 -52 -256 -546 -165 -299 -1079 601 411 -249 -6 358 -74 -288 -8 192 272 -300 -251 876 -212 -176 -165 495 44 589 -1270 257 -840 394 -995 623 -179 -417 537 326 516 166 -884 504 645 210 -720 202 1528 1120 712 216 -728 -452 686]
[-286 319 -234 674 -44 -727 -540 -254 358 634 -98 -122 -254 -391 -14 -644 1012 876 -530 -26 -326 -77 -439 -651 618 597 -715 -318 -179 346 -587 -613 -1212 7 704 -199 161 538 43 -375 249 234 404 389 400 137 992 -237 -220 -630 -460 408 402 288 -180 506 580 -402 -408 -525 263 -751 654 15 -125 -1301 -363 647 -406 -1116 -525 549 64 -285 26 193 -329 -242 -468 -443 207 -193 -481 1051 636 188 -46 856 137 -1043 -259 -678 343 209 -456 -285 404 -7 148 461 -444 -247 824 201 1013 -422 1592 92 306 -259 -448 501 -330 -369 528 358 664 -101 -371 1315 733]
[-458 1016 13 -608 -186 848 240 227 -313 -394 18 112 -382 -264 -1373 -657 324 -174 21 -447 697 966 -777 -194 -889 405 327 -73 1 -437 -40 -163 544 -386 -401 -390 -178 -146 -173 -103 -254 -894 -760 -816 -757 357 -68 296 784 413 -954 -258 -640 -568 -101 300 -420 -34 -556 543 474 73 641 -732 153 833 910 411 112 755 -231 583 18 14 179 -439 -10 -565 241 139 -1198 90 417 1123 -583 358 -1020 -1012 705 104 693 586 -217 -183 -586 -185 632 1548 299 -68 770 -216 674 -426 -184 895 -1170 487 -517 -886 -318 392 957 -678 221 -1449 -1140 276 528 -754 -69]
[62 -545 -124 -5 513 -636 7 -855 -555 -516 296 984 80 -944 975 296 551 -649 -124 64 -969 -447 605 -102 26 -203 -584 1191 -647 9 -403 335 -956 359 264 -239 932 -221 -913 -844 -511 162 302 1 840 -294 170 976 -392 1261 849 365 283 -396 -67 236 -693 -183 -25 681 -411 619 355 -568 334 -601 -570 42 306 57 838 -299 925 -575 -35 -865 -126 12 387 250 931 963 -30 -160 -291 -1084 434 602 -648 510 -674 -719 -431 -232 -188 577 -104 -731 -306 -321 -123 919 290 -73 -25 -55 279 -700 552 188 99 364 -687 -618 641 691 805 266 -95 788 -590]
[-592 -148 -1448 -167 881 238 -359 340 -354 -1657 -768 40 -837 -1104 -35 420 48 549 -682 93 -451 -190 -347 716 -175 -646 -1331 667 -20 -139 -442 -150 -427 -1068 -167 -411 -1089 254 -252 -639 -270 50 989 -250 811 802 895 173 176 -390 132 -254 366 505 -1347 361 234 -220 476 392 -119 -114 -248 -259 393 -175 1011 -798 -241 643 -199 819 902 -164 -12 -848 517 -76 -708 383 1111 -310 -85 448 517 -589 169 112 185 -853 -500 -117 1048 1126 -939 -513 224 -889 487 -313 475 -234 108 520 -255 110 309 -566 310 -904 660 26 745 -339 -793 382 397 143 352 425 -346]
[627 -683 1092 -188 -517 -68 -240 -209 317 189 101 512 -80 -231 518 -66 235 -326 -449 -548 -185 -432 -121 -855 17 621 -3 839 -281 33 44 -914 -798 672 -394 -118 551 -456 -717 -213 393 202 -106 1072 254 -569 343 751 -482 56 -211 880 624 -165 354 -218 -388 26 451 994 -886 729 -38 375 -376 -930 100 423 -157 -521 484 -602 272 62 -422 181 318 -1205 615 532 125 -256 -91 -894 -873 -417 -198 22 -291 1124 171 549 -664 -798 480 813 102 221 -482 1107 -1557 364 -514 -770 -182 -444 -755 1058 -173 329 515 337 130 -959 780 391 400 450 -214 -212 -282]
[-347 208 -689 -605 319 223 -29 181 -581 76 -25 649 221 158 -106 429 -426 -1293 534 50 662 28 -5 1309 49 -36 -217 919 -186 361 265 462 944 -195 -663 -210 -486 -1199 -404 -111 -471 -705 853 -717 -619 268 -990 412 959 840 -404 -1582 -832 11 448 -124 -286 75 -331 -327 302 -672 50 -752 718 899 751 -1129 849 270 314 -243 169 348 361 -1606 -489 227 292 39 443 429 -24 577 464 -520 661 -29 850 104 779 234 -766 748 389 -478 -406 597 -1209 -831 914 644 434 304 -55 152 -569 -671 338 705 1575 -56 -206 -860 -599 -98 -463 140 -267 -536 474]
[201 844 -783 119 70 54 -409 135 112 88 -1265 251 -120 -1278 -650 731 226 817 -794 -250 1031 392 -982 -327 201 364 -189 -24 -248 475 -780 -667 192 -372 544 -40 -40 129 -376 -359 -233 -590 513 -145 -29 98 222 465 -261 582 -179 -743 -764 -691 861 660 247 33 -1274 -1332 162 -1320 79 -683 1151 -173 64 52 -117 22 -1149 405 693 764 -784 -1294 756 -571 132 130 40 187 91 1546 1374 -705 203 207 -324 -574 426 -66 -787 -329 589 -48 695 546 49 -340 847 182 595 263 352 304 610 -661 477 -120 -94 1147 -105 -1680 -969 -751 46 351 289 471 720]
[161 427 319 106 562 -770 158 -747 -366 -163 593 1313 -247 -380 810 -497 889 -1244 762 229 -494 605 -196 -294 -13 78 -541 537 -1272 357 -1222 97 356 188 -455 -1110 306 -155 728 -167 -43 62 -212 -994 884 -292 -556 595 1367 561 -201 -79 494 -169 -363 -57 146 -170 177 -722 -756 142 842 -730 -223 -63 272 -176 573 -331 860 42 -321 35 1102 -357 -710 322 -420 -148 -158 634 -697 -158 -161 48 458 91 -3 -275 -4 -212 -605 873 508 -245 472 -763 -392 -1248 945 599 207 882 -551 -812 636 -1061 1085 1273 73 -256 -1333 413 -608 591 -633 -180 -855 953 -302]
[-407 391 -361 -1143 550 905 222 -63 1181 -633 -336 263 -264 -401 -903 638 490 615 -79 -388 103 973 -244 -409 -408 333 -243 -210 -51 -1092 -1057 -257 535 -294 -181 -111 -206 103 -1164 -764 520 0 -354 -273 -659 103 -320 1043 -450 1120 -711 -242 -552 -642 538 292 -1155 69 -629 1233 -470 935 -948 694 234 319 708 -93 -645 1197 -181 -471 88 270 -1362 -894 127 -1472 126 1380 448 -537 958 -238 -810 -154 -618 -561 -142 680 -10 369 530 -824 163 -51 353 935 624 490 202 -543 -138 -917 -579 836 -1131 617 108 -1536 -528 618 1344 -187 45 -1222 -247 585 845 122 -269]
[-268 -104 503 -434 -601 90 934 -806 -600 -306 1082 -124 591 514 -339 78 13 -1095 5 174 -505 -533 93 539 -855 -420 1036 13 -435 -333 828 1387 12 -636 645 607 234 309 -553 -160 -573 -328 94 -551 -160 237 118 -196 -234 884 353 859 -1198 -842 -302 103 -1691 -19 73 1177 -48 1463 1703 -954 -253 1009 -912 125 -272 1049 674 694 813 -771 230 -114 -671 744 322 -207 192 278 -6 230 -648 -429 -231 411 -851 471 -959 -233 -974 -70 -1759 889 -977 1250 -56 604 429 1002 -105 -184 18 1321 -572 286 -1050 -978 -622 -143 124 -22 1797 -582 909 -299 -336 459 -303]
[-511 -606 -180 -269 50 -223 282 39 690 103 -118 -143 1028 927 1072 1330 -333 -316 159 877 -287 -500 31 1300 500 -153 -633 -874 -45 316 -777 905 785 -113 160 -561 -702 -477 628 -610 -415 175 674 276 -575 -49 -934 -288 -292 -696 15 -1131 -1145 1395 -374 -442 -75 -454 -236 -988 -220 221 -109 -542 -796 -20 409 -936 -395 -138 -451 637 -1336 481 257 -249 -1287 1407 38 627 1258 -1037 -1088 -855 402 649 1129 857 -518 -384 -507 -526 -269 1836 -604 356 -897 -474 -350 -199 803 -286 -569 134 25 322 345 -601 34 1058 1085 -1109 -162 1160 83 732 510 59 -1014 323 906]
[574 -27 -350 248 203 -297 -455 -284 725 974 -54 -136 -23 990 651 559 578 -1144 498 322 -23 519 -46 -165 485 -339 -150 -629 -408 476 -179 -393 479 -218 733 -93 -562 164 -1536 -241 -94 769 -134 -290 -1741 -24 -1130 -73 -996 -120 -23 -876 -1375 663 475 644 -1382 -804 -1124 -863 -597 -229 -537 898 80 -850 -1208 3 -878 -577 -87 -163 685 581 90 -212 -739 486 332 516 1014 -242 238 207 58 -456 744 2049 -422 -480 -269 -569 -863 -517 585 43 511 826 -34 191 795 -155 719 58 294 -210 -29 -1239 835 916 -385 -570 -324 156 200 -806 1364 -60 -166 871 450]
[151 1039 -132 32 513 -95 439 -370 411 190 397 -253 -105 857 74 407 721 -734 1151 -22 197 806 949 -1060 -46 184 578 255 -52 117 -448 -97 1048 713 -891 -415 294 -410 -462 457 1021 439 -505 -1092 -567 -934 -962 -94 795 183 -476 426 -55 -251 905 -271 -552 -235 236 -276 -871 -709 -1278 1274 140 -35 -6 -761 114 -295 56 -700 146 166 -269 -230 314 -239 -244 -757 -394 702 347 -754 -232 298 319 761 660 913 280 59 -215 -623 1722 -952 -845 -121 -17 -163 517 -577 -293 397 -182 -368 -5 -585 416 -179 -416 324 -1193 248 -340 411 -456 534 376 -849 -149]
[-615 -359 -753 -577 1007 -47 -544 857 280 51 294 174 -93 351 147 -294 -182 277 252 460 -835 267 648 1320 240 266 -500 -12 554 -253 228 -3 1191 -597 -854 -1268 -885 -397 -293 -32 -550 -106 184 -125 -277 901 -1023 -48 157 430 -908 -1839 -311 1189 -1168 305 1284 -196 -124 -214 279 -597 -528 -268 -523 252 290 -1464 647 624 -307 -388 -660 332 348 281 -385 116 -1153 1371 543 -1171 -221 250 303 169 12 -284 615 -572 41 106 881 896 -73 182 546 -929 -39 -739 514 107 460 1009 -76 -609 -490 -572 399 860 1004 -1205 876 670 -583 165 -283 -92 66 -129 632]
[-799 -796 51 -379 910 -837 68 201 94 1321 -7 -201 993 -235 916 288 -431 -927 -455 -3 -1241 -986 948 929 918 151 152 665 -577 583 -14 1106 -637 -170 1801 919 507 -1520 -1007 -553 -355 -127 1399 490 -306 -194 472 399 -541 1148 -266 -583 -173 1 -694 64 312 418 70 -889 32 -42 539 -876 -63 -76 -984 -888 238 -94 968 -639 -202 -713 580 64 -259 655 310 177 1735 17 -636 52 526 -975 1512 552 99 -197 -102 -802 -629 43 -984 772 -984 -909 -640 57 25 1044 78 709 1273 -586 530 -595 873 69 562 -367 -963 -875 1609 423 1406 -849 -1025 1790 561]
[-472 -344 69 54 790 257 757 370 -522 -161 379 -1278 1137 526 -544 -112 -272 -791 -435 277 -466 842 -322 211 -671 360 572 -1446 1264 -267 449 391 11 1032 544 586 582 -499 -352 298 96 -133 -217 -826 -711 -348 53 251 -9 307 -160 137 -215 -15 -2192 13 -72 996 -46 -506 -43 -95 -822 146 -417 913 -1064 -198 985 222 541 -494 -938 -579 349 1959 1297 978 344 -1297 -532 -159 99 -317 -285 404 -820 -86 557 -38 126 51 577 -786 -871 -302 51 -885 604 -721 1189 -574 525 314 -121 145 -338 -419 743 -883 -1726 -258 -53 670 132 4 -1164 -838 560 -946 -1568]
[641 1880 -8 -174 -482 84 -82 635 -369 232 350 -488 29 159 -1176 302 -195 131 275 246 907 678 -461 -380 -31 123 1638 -458 292 1193 -93 291 1224 -1290 -166 -245 64 -490 323 654 -789 -481 -609 -269 -1036 -114 -374 -1139 247 -895 -1193 -156 -1314 -228 -1052 800 724 -58 -665 -1715 -229 -113 1112 -736 -646 882 20 -132 -45 -460 -815 660 154 1289 466 536 454 511 -159 -471 -518 -246 -433 353 413 381 698 -160 -149 28 -14 -95 -2049 125 784 390 1087 138 710 -96 1571 187 -871 676 85 -180 -1025 -634 -850 610 -1099 -610 -353 -167 -751 -1066 -420 365 106 -647 -36]
[449 697 -83 134 -402 445 -175 -231 -492 402 283 -286 343 943 -253 -255 -571 -1124 236 619 754 1079 -1469 266 555 -597 359 -304 -184 1097 308 269 -83 -656 11 779 -280 -861 512 225 288 -34 337 -356 -668 -31 -237 -148 862 -238 -872 125 105 -569 -874 -995 -316 955 584 -1038 -286 188 1137 169 -39 977 454 -224 444 -1357 1455 -338 -210 929 604 774 -384 1046 126 -1682 112 180 -91 -67 -471 -501 1493 -197 514 75 554 531 -263 4 -303 -1011 -551 -117 -465 -25 1359 863 -349 533 402 -716 437 -972 418 680 320 -676 -944 -328 -387 525 -349 -739 -522 795 -470]
[5 -391 -569 -332 425 398 612 -391 55 62 834 390 183 282 484 -4 1900 -444 310 -381 -645 319 798 -1103 -524 712 -210 -57 -148 -533 -458 -514 -906 1953 265 -530 1117 -197 -1308 -1057 -183 321 -777 295 -1445 -170 -23 1226 -255 333 462 760 -636 359 -571 548 -773 -752 -775 1206 -123 823 -485 245 80 -1161 -447 819 -259 466 -1 -196 81 -1053 212 399 -1057 -537 654 23 -448 -173 -62 -273 -1320 554 -895 1333 609 812 -1120 -130 -528 -801 -335 271 474 1192 -100 952 -240 -1138 1088 -1985 -596 266 -944 348 -435 -634 -816 784 -226 28 1188 -359 154 1086 368 -1121 -50]
[-777 -976 -201 -287 191 1280 -260 901 -206 665 -846 -386 1079 -507 676 -816 -250 874 -1077 -697 -253 -163 -35 649 -305 411 -351 18 -164 387 618 -226 -475 280 543 -113 190 -1058 34 -638 -76 -374 157 1835 -909 429 551 1185 -329 310 -226 -1024 -54 33 -579 -162 1103 517 -216 -405 1500 -338 966 -1168 815 -201 280 -14 678 70 26 347 -1093 -7 329 312 -309 -266 541 78 211 -586 -458 1364 -274 -309 -250 25 987 -123 1023 505 328 -353 -1345 767 -783 167 -755 29 -807 180 710 -380 573 -1 96 22 -1021 469 2072 -221 721 -866 1013 421 67 -119 -677 -308 802]
[-89 -728 325 -735 -304 299 391 -285 847 479 1274 469 494 176 200 18 328 196 712 -254 -744 86 -346 664 917 298 -666 324 -1099 -82 -8 463 -940 -169 -1083 -92 303 804 562 -306 496 329 -525 30 366 -759 -814 1002 522 523 226 940 -178 -322 -27 -1083 361 383 513 1502 -154 745 1331 1247 -432 549 166 221 162 -614 1691 -689 -514 -133 -699 179 -1090 -1049 -544 545 975 -100 81 -503 -1081 179 319 271 -261 280 -116 406 542 -512 -76 444 -638 -446 -604 70 -85 349 -491 -201 -421 -198 -280 748 -538 -33 984 -433 460 765 -301 329 -504 -46 234 1183 221]
[-1 -1225 -538 548 110 -640 -123 418 -50 -248 -216 156 494 -97 562 354 -764 1501 -360 1000 -601 -1034 -37 1137 299 -406 -575 6 1337 -533 678 329 -771 -256 304 543 439 721 237 229 -950 167 589 840 733 92 361 2 -1145 955 1945 -31 342 -281 -301 73 1765 892 -287 105 627 -314 -493 -1010 -84 -198 -348 -494 200 183 -267 -934 500 -844 -1788 502 217 977 -539 -222 -276 -20 499 947 1091 -369 -260 -327 -1253 -464 -863 -364 1038 553 -1425 300 -279 -1816 17 4 112 81 220 216 1043 486 1233 -636 947 -302 -126 -150 155 89 525 1249 377 58 714 638 274]
[-39 -213 424 -448 -249 768 215 -290 910 1180 883 685 227 705 508 -787 571 -371 667 -190 -650 -187 -238 277 119 -35 -455 149 -1599 -183 252 74 907 -809 81 -555 -618 715 366 -223 254 175 -385 -528 -329 -599 -1667 350 173 862 213 -888 -241 -512 1519 -119 -145 -144 -216 282 59 404 1041 -608 -202 -349 734 -465 -276 211 449 -20 322 -191 -325 -539 -1916 -276 -39 327 -684 179 52 1023 -322 -257 43 742 -188 -442 309 -166 -508 551 271 48 128 674 -1607 -715 385 680 809 454 84 3 940 -406 294 826 1264 -688 700 304 892 -527 928 -21 -126 802 1420]
[733 276 -706 560 -615 -478 -714 -113 -814 1687 878 -803 -916 424 -296 66 229 -962 147 -48 -436 78 431 727 1485 274 223 280 80 523 626 -561 -997 -217 1136 970 24 421 -1258 266 -409 -218 755 -839 -271 121 191 -1515 -470 -1137 -123 97 114 421 -539 -359 174 -260 602 -444 -32 -965 164 1115 -187 -229 -231 -40 825 -1347 1195 -192 699 378 676 1500 20 -641 -325 -1003 290 246 -696 58 33 -437 1160 1117 561 -861 -399 -979 -25 -1081 -232 75 223 -396 -386 -304 618 564 625 520 628 -1335 868 -778 761 594 -85 -981 -691 -783 -800 443 1097 -765 755 739 999]
[71 2040 123 816 975 -685 -92 -422 784 428 -689 899 -400 -524 -1475 -1018 1094 822 212 -465 176 1000 624 -1163 228 716 -169 -814 233 -103 -2226 -692 811 -351 544 569 665 302 378 582 858 -321 -2 49 249 796 279 -133 640 645 -1201 -666 227 -255 577 981 1093 -143 -1035 -1251 -290 -378 -333 29 130 28 -696 547 -244 270 -592 -288 -328 -389 -134 -620 330 -1873 -787 -415 -144 138 951 992 1437 1254 -84 -1527 163 -784 367 -166 8 -576 1792 -16 1080 507 876 -663 33 20 329 381 534 -506 656 -610 693 268 -1409 295 -836 690 -388 -285 -467 -354 12 1125 -200]
[412 -348 489 804 -1117 -518 -560 -1314 645 44 295 78 538 1367 670 423 803 203 -1469 458 11 159 275 -551 330 543 -343 -1121 831 309 -490 -572 678 515 18 -1473 -832 575 -598 -301 -58 -144 753 381 729 674 -244 -633 -780 51 -1377 411 -381 444 605 -691 -326 -913 9 -152 -785 -97 -221 2 -765 -1428 -177 -584 -793 -384 -902 1018 -481 1003 -896 987 -478 223 51 341 1161 -1917 -775 -1224 -353 -72 -294 206 -544 628 -887 -421 189 881 -133 283 27 634 -247 849 -1024 485 -720 51 44 149 1307 434 -748 353 55 -519 310 -234 922 1168 1258 194 -578 19 1546]
[-685 35 236 95 659 -593 -406 595 870 1332 389 -851 -169 749 166 199 -106 -304 291 331 -418 -64 1162 463 660 467 -534 -342 1072 -226 -290 -470 -279 -159 157 -380 -506 81 -1141 575 493 -113 54 -476 -1111 -512 -482 -365 -562 -96 -559 -283 -5 1263 552 -69 966 302 -211 233 -597 -896 -1645 1135 -724 -223 525 -1085 583 -564 497 -642 -393 501 -703 1047 546 -680 168 681 1079 -377 505 -139 -272 318 512 268 -160 79 -193 -912 963 -240 561 -212 292 -1108 227 -358 680 -556 -41 372 942 -365 -102 126 1100 -349 449 -1349 542 724 -484 -383 143 -975 1672 635 493]
[-308 -180 12 -460 80 -228 803 675 1428 741 -164 -762 95 -1051 86 1024 627 555 -300 -660 -743 97 -756 -486 570 1120 308 -554 -854 -475 -924 -116 -41 56 197 -92 98 1298 -802 51 684 659 -449 -309 92 -2005 -368 265 -653 0 -55 696 -328 -1152 307 242 502 136 -70 -1001 -193 -5 43 590 -262 -681 -775 141 -976 129 -353 -426 402 326 -1654 484 847 -988 -505 835 252 -1271 -592 -439 280 680 -733 1415 180 -574 -468 -221 -1058 -809 482 370 716 -203 -385 677 -95 -1156 -694 452 -726 -71 982 739 677 -1178 -1235 643 381 -792 -15 -749 141 354 508 1012 1121]
[-527 773 -527 -1078 807 495 914 638 -334 413 -102 -374 -853 18 176 -1167 -3 -708 1034 -688 -109 499 822 -60 -476 -382 -107 907 -259 -612 112 926 -346 -623 523 619 815 -121 -410 1003 567 516 -961 -1755 -1361 -782 -16 337 323 312 505 196 699 -1544 1152 -243 -428 517 57 345 1095 282 191 14 824 658 1063 37 235 388 956 -381 508 -105 392 -60 -513 -194 504 -319 -427 1344 1054 842 -1165 675 -599 -861 1524 304 533 -615 -558 -704 -335 -1013 -25 603 -156 -582 651 -751 266 -551 -190 793 -560 -208 344 -1646 -353 -190 112 -53 266 -1247 -601 -15 1489 -112 -300]
[-406 -162 309 -526 -780 -493 -541 407 -338 1383 -494 -960 -1 -162 -601 -245 -699 92 -366 -429 210 -617 -41 661 -146 1453 225 316 516 -84 973 -434 -1031 266 854 330 132 -508 -432 863 -92 -622 -114 754 -746 157 1157 -941 -898 -1932 -543 -498 -285 637 1004 306 42 253 -452 -400 794 -512 439 -820 425 205 606 635 1065 -718 -515 411 -592 1110 870 218 -226 -1342 48 433 -133 -662 -1176 828 519 700 -461 309 277 -231 648 -677 -1423 -9 -638 1054 122 1299 -182 593 -1238 -21 825 -619 835 143 -485 1332 -281 291 1341 -1 686 -250 -67 -336 310 -647 -820 -241 863]
[31 74 -1113 -665 210 1446 460 56 254 -528 -466 -640 -837 -249 -1554 381 -43 156 117 -507 17 785 -344 554 -465 -73 57 13 -501 -1303 296 306 170 -685 212 838 -738 764 325 -673 174 -445 -24 -1310 225 24 63 533 153 -357 79 -791 -852 -56 49 -516 -1003 182 34 900 408 800 408 138 1291 1526 516 380 423 1494 -217 402 -85 77 -320 -930 -539 -1098 -836 517 68 -821 347 -3 326 938 -555 -134 1200 -743 103 278 325 -481 -266 19 -270 1049 644 -451 465 -293 18 -656 -1158 978 -623 389 -475 -1721 546 248 1552 561 -1645 -1326 -89 114 659 -711 301]
[84 -1004 1087 238 -821 114 95 -543 -218 709 -68 820 1523 -493 786 932 776 75 394 -452 -78 -611 -96 -602 367 967 -167 348 -1466 1322 -248 -764 -533 1212 870 -335 321 705 914 2 -127 257 -719 945 318 -38 151 527 -229 62 985 1103 -190 -330 831 173 715 345 -727 -690 -201 -1133 296 0 652 -771 -293 -47 285 -799 302 483 17 569 245 289 -284 -865 686 -92 -412 668 -868 734 -104 -1049 436 1274 -788 508 -124 -309 -405 -713 428 779 -214 -291 -1316 -786 -82 1069 1079 -16 323 -770 891 -527 -268 1002 1096 1077 -1432 -437 -232 1206 495 -148 -982 14 704]
[263 250 -428 -335 302 53 -82 -416 -551 -466 131 239 -77 -108 316 -372 318 486 53 -140 181 408 -439 295 -673 -374 -124 -904 195 333 401 -197 242 -482 673 -305 -569 1819 -125 245 272 483 399 -915 111 1443 580 -670 132 -661 5 443 -423 -21 -687 939 -310 -459 -122 228 -175 170 519 1206 -133 800 -952 -653 -299 57 -195 874 -97 894 1126 1322 436 58 -354 794 419 129 -107 627 -613 -1038 -616 182 -640 -614 -1001 -527 441 -164 -919 -243 931 85 610 -524 590 -357 242 683 -795 0 -372 -126 -646 -764 -1163 -382 230 1449 -1479 -596 336 -1130 322 343 -600]
[-51 349 -31 733 -511 -684 -667 96 636 861 1273 203 -451 364 -654 -415 777 431 -333 374 -256 1201 -350 -4 194 665 -915 -1178 287 -811 -229 -531 95 940 -469 -1203 469 320 -412 -521 -344 -347 -264 -807 -454 245 -587 -242 -275 162 -645 -567 -337 490 -761 -99 -443 -405 -745 314 541 -1281 -249 708 -1036 -699 -160 1134 414 -1314 -211 96 -1345 287 -548 576 -205 -179 -359 -829 -439 555 -357 866 -257 739 -861 577 455 -869 775 -917 1433 -567 -814 -138 358 -469 460 -956 766 -564 1094 -72 743 33 1032 76 794 -246 -1517 -116 384 -299 536 482 -1203 622 698 107 -104]
[465 521 -1296 426 -609 219 -657 -930 1042 -839 96 -1065 108 727 -318 1280 828 778 -1174 220 -978 413 414 -220 911 -362 -738 -1002 35 1004 -924 202 273 -1207 -264 -303 271 384 -450 229 -570 458 675 -560 695 343 -618 -262 -792 109 -98 46 -329 -40 -567 -548 -145 -896 84 -516 -1017 -376 -177 642 -177 -509 -193 -1031 -887 -351 -1362 438 335 19 -703 -286 138 110 -401 -301 1428 -624 -164 -437 699 8 646 21 -678 65 -439 -558 -80 437 707 541 -453 -603 409 -347 893 162 72 801 179 241 775 -1788 -154 516 -224 21 280 384 -418 1176 1618 865 79 78 308]
[-493 -649 -613 -507 -236 747 178 -45 -227 -601 -866 10 716 372 1208 222 682 -114 469 -581 715 -826 1157 405 -587 250 -632 1131 517 8 15 143 -888 1080 -158 -47 40 -1 -209 45 932 489 485 690 -847 870 614 558 380 152 912 557 -438 -298 1566 51 97 371 -75 563 414 -1329 -744 323 1326 61 1037 -893 103 88 -233 -23 636 -103 -514 -980 -385 -949 485 -120 175 983 579 824 -208 -762 -479 413 483 1004 562 1209 696 202 -529 -679 -1462 785 -392 241 -1225 -614 513 -1344 429 738 -365 671 -548 -945 1818 1061 -845 -883 477 918 280 -164 -65 -1486 657]
[691 402 1107 -139 -261 -342 366 -828 153 -69 397 -508 305 -666 -630 -276 796 -390 -555 -550 137 727 -402 -654 -263 573 851 -457 -253 -126 -929 82 337 368 -264 -421 152 -782 369 -477 192 -962 -678 -302 319 -872 106 -143 853 -380 -1984 465 -1370 -78 -1421 716 623 -45 339 -368 -1616 950 762 -584 -1090 883 258 108 -226 186 286 491 -1276 144 439 969 899 -1000 -289 612 -68 -757 -1154 -1481 -495 804 -269 -348 -747 436 339 502 -695 400 70 1174 600 69 2000 270 135 -321 -1298 -174 -323 -131 -1684 1245 -481 -404 -957 -331 352 789 319 -1005 -840 -602 -611 -724 -377]
[14 -534 -1067 283 525 -323 -505 -392 -794 -483 -135 -118 -498 -629 351 -109 288 783 -478 769 -463 -1131 999 364 158 -725 -253 1195 -104 -686 -157 7 -1390 750 -142 413 291 -176 -75 -509 595 97 1042 442 530 651 1077 -196 -367 426 1115 456 697 63 329 699 131 360 681 693 -293 508 -653 -692 586 88 349 -108 121 488 71 -326 1412 -812 -955 -446 -26 -1070 -1047 -927 2 623 131 29 908 -108 407 500 -366 604 -706 313 186 813 107 -159 -481 -173 298 966 -901 476 -173 -781 87 -178 625 120 193 -613 507 1245 -907 -502 687 1253 1186 192 -230 -74 -247]
[916 116 240 -124 -818 483 -301 -603 -212 44 -705 212 -311 173 70 -377 267 148 910 -32 915 1153 -879 -637 758 -330 -35 61 -501 34 71 -341 83 -76 -755 434 -522 1112 342 228 600 453 -1325 -297 308 -150 -986 -430 605 -188 177 830 98 -1402 1841 -664 -426 -373 269 305 -341 1069 -123 1296 97 719 664 619 -891 143 892 -639 611 1138 -729 391 -651 -561 -1083 547 -788 -798 571 -842 -640 341 148 -644 29 216 -436 1122 -40 -248 780 -764 -6 1597 40 1098 -421 150 -273 -989 -1048 -334 -485 579 -203 -17 479 68 175 652 -1168 -253 -335 72 -30 123 556]
[-30 -152 916 -596 681 136 38 -18 -805 -277 -537 -139 209 -130 436 -1124 -34 -1759 205 -332 70 1345 -625 31 -1279 236 131 482 373 -241 62 -211 18 -142 425 430 361 -185 -1200 -391 220 -80 -467 -776 -699 -523 154 1731 335 1453 -244 288 303 -1313 -614 -172 -554 436 293 468 144 892 -128 717 536 1067 -899 -59 617 -186 1724 -953 -300 -298 364 520 890 643 970 436 850 188 1025 65 -1935 -711 -1082 -572 880 296 530 -158 1063 -1041 -490 -769 -455 -304 193 -634 568 -180 -385 -17 -136 322 -1024 -385 1143 -796 -1090 -907 260 115 -115 -442 -1795 -914 644 412 -1614]
[-134 287 -103 -115 318 95 -434 1216 40 -837 -543 -1317 -990 -779 -319 666 -587 362 343 383 114 384 404 -116 -50 -729 63 -120 785 -821 167 210 420 -354 -595 -538 -1037 -797 -47 448 -700 151 -1488 255 -625 -1428 265 -572 -138 -1150 321 -671 195 469 -77 343 679 -12 -156 -160 283 176 -1776 179 -546 -57 1257 -307 -418 530 -534 92 -451 581 -863 740 949 917 -604 854 -439 -144 212 -818 -238 1219 47 -374 313 -490 42 -428 664 657 -542 -401 480 -1628 1797 -56 537 -1753 -930 -382 -290 130 -958 101 597 -1106 -566 -832 916 846 -523 -631 -487 574 807 -1702 -42]
[987 -553 242 1136 -352 527 -541 291 -428 249 868 -507 -378 499 -117 -1104 504 1178 -368 208 -272 -245 559 -537 409 -45 -409 -972 1121 68 564 -1091 -599 390 623 85 -179 671 652 719 199 959 956 351 820 712 938 -156 -575 -526 -319 212 932 213 -788 161 961 302 -141 493 -111 -271 -330 542 -255 -853 -303 -519 1010 -253 -362 260 -609 466 -484 2948 561 -788 -125 -562 -448 -830 127 339 -46 607 -1280 -140 615 -27 -957 -37 979 -695 251 -600 713 -754 135 51 -916 244 261 -405 -862 -765 934 701 -453 2 -229 -321 257 694 -824 858 1074 177 755 -1243 24]
[-887 -737 697 1012 1066 -358 100 -357 720 196 -548 597 -228 -334 1118 239 402 -599 -648 185 -575 -282 -62 -771 -163 -464 -689 -643 -1289 -334 -1313 -402 -203 876 515 -1102 -232 -395 -443 -12 526 223 -27 590 55 -621 442 1701 -766 1760 273 -28 813 64 73 207 95 1510 -658 -583 -141 451 -862 -1159 326 -1313 218 118 203 70 34 -317 -836 -324 -1185 -358 46 342 418 150 605 -243 459 -59 -166 154 -119 757 -65 7 354 -731 -259 271 -39 -372 957 -826 -711 -561 -73 172 81 506 398 95 1541 18 1611 83 686 355 -386 -45 494 257 617 -652 -465 1237 -87]
[1074 -824 1271 280 -504 86 -750 25 -332 729 553 470 1000 -87 -689 145 399 -216 -56 -474 220 -284 -832 567 386 1004 817 -412 -296 1048 552 -721 348 136 -654 918 157 199 681 217 335 -161 405 488 884 236 -22 29 -219 -532 404 -488 31 100 -283 331 207 293 -370 -540 -399 -119 249 1230 118 600 -1747 416 511 -320 790 -392 64 403 -99 353 286 -559 -609 -262 -121 -541 -413 -501 649 -416 -37 345 -297 -1010 611 963 160 -1048 1031 694 248 112 -389 -219 -820 2018 -8 872 -725 -1285 -327 -567 -639 1457 44 26 -634 -1 -1428 862 33 -434 -876 -628 -57]
[654 -614 737 -748 307 647 1258 290 -515 -514 -178 979 889 -15 -185 -210 -694 353 -308 -750 -340 -1240 188 -488 -902 753 985 1076 -54 108 1574 630 697 -617 445 1434 1471 -962 288 -305 52 302 1517 961 1302 153 284 688 -413 930 -107 -11 -32 -1437 -900 514 -771 542 355 1214 -836 1585 1047 -1699 -424 467 -456 -1176 653 980 343 -481 591 -725 -265 -142 664 -23 399 -796 -496 308 -8 81 649 -1249 8 -911 -220 990 -573 923 -1299 -1029 136 1051 -1144 -412 -687 415 -987 1573 -694 -84 -951 -89 -992 12 -1205 -791 146 206 362 -895 1160 543 727 1295 -266 -901 -906]
[-1253 -29 2 -270 777 -807 465 363 -738 -307 -551 217 60 -1058 -422 38 -619 -1448 -215 -73 -938 -445 -583 1344 -114 511 -347 -26 -827 179 -286 -363 286 -74 -617 -312 -481 -484 -756 113 -166 -794 556 -692 231 -211 -56 73 1106 693 -111 -846 61 1023 -1024 368 -55 -430 164 -78 32 150 251 -901 -469 684 -308 -889 601 -64 669 567 -31 -621 1430 -194 1326 -452 14 397 -167 858 -226 494 261 -120 541 -158 646 -168 268 -204 -627 61 -418 934 242 -495 -1827 -1150 1070 897 989 1072 -251 -375 -544 -1246 364 1060 983 -489 -71 26 -287 353 -98 -691 -122 433 -245]
[-654 552 -687 1187 269 4 692 -648 -986 -684 -222 127 -222 -161 -804 357 294 -1602 239 -740 520 1065 -491 242 -209 -221 -283 18 655 343 -647 -127 73 -433 527 1241 -609 -104 -893 412 -197 2 651 -499 143 792 281 -552 600 -365 -75 -448 79 235 -902 355 -1095 -766 -313 -302 243 -864 -476 56 803 -619 -445 359 -54 265 221 839 1542 -952 975 -938 581 -137 948 -1569 333 336 96 164 294 -775 -199 312 869 -793 89 13 -99 -623 -598 -441 231 1155 -759 -777 198 -228 1252 199 245 407 231 -1640 390 302 -320 65 -442 -945 -364 -390 74 -765 -1 865 -115]
[-261 373 -905 -517 755 994 166 502 147 -826 -1888 -916 -1434 -639 373 687 -227 -193 621 82 -361 669 931 -604 -458 -481 347 375 -996 -741 -1401 -95 -327 -263 875 251 62 813 -457 -911 671 961 -982 -465 -642 195 266 658 -569 331 967 49 1002 151 986 18 -1153 462 403 294 -112 985 -1024 782 1384 180 554 29 -301 582 130 -123 957 740 -341 -768 743 516 -318 726 84 537 1085 -561 -815 -422 813 86 279 404 -766 167 1503 -1509 524 -284 -377 -697 707 -207 914 -258 -217 -213 -843 -79 164 -1202 800 -988 44 124 -144 501 -1450 -651 454 -450 784 482 -395]
[547 -641 -154 268 -353 -200 -82 825 11 663 176 -734 535 -322 193 -658 -597 835 -872 -78 150 -1205 2 382 -576 -6 -492 27 144 262 1810 -249 -1060 -63 661 -308 86 1400 229 -455 -49 92 1214 182 239 -181 697 603 -32 -106 1524 524 121 42 1158 354 558 -255 -232 394 755 -522 1184 124 890 -146 -1359 218 100 -732 -445 274 936 -321 -855 180 658 1275 -371 -572 53 765 82 1718 1069 -766 -867 1236 46 -930 -717 147 -4 583 180 -280 278 -515 -956 3 -329 -150 182 123 -21 -349 1553 650 -336 -778 -382 319 357 -359 -379 -28 407 -440 446 -217 139]
[-8 143 942 -528 -423 425 -556 1060 -760 979 -241 -863 -21 304 320 -903 -623 -1148 1125 -609 1798 640 -436 21 686 190 468 355 446 703 583 191 22 763 -158 -33 -712 -994 4 -130 -511 71 -1891 826 -2343 -949 -425 -111 322 -879 -1094 -880 -1131 446 289 871 89 335 -680 -370 1009 -169 -238 587 -358 603 993 657 199 -1474 376 -201 -664 1023 170 140 -407 423 1312 -77 79 781 710 497 -1175 154 -414 177 1116 -237 1899 15 -118 -188 702 -1216 942 447 392 -578 -670 -1397 -357 -738 702 212 -1758 1217 -265 417 381 -932 1261 110 48 -1781 -1538 -216 -163 -1246 -105]
[377 -358 27 125 -140 330 -997 -271 74 1017 280 -92 486 1660 -415 -1140 -306 -1173 -766 -127 -376 621 249 418 -154 915 -415 37 233 675 807 -983 -646 -62 -260 70 -302 142 -1065 -205 160 -421 -35 -111 -1232 527 -359 114 272 -34 -915 -1155 -844 904 -47 377 -572 -368 -556 368 -371 75 610 536 -101 57 -838 514 685 -1864 782 214 126 -91 117 282 -219 -935 1061 -724 745 533 1097 509 -549 -609 343 -52 289 95 1294 -63 107 -764 372 849 1401 310 -343 -554 -1 557 913 -245 810 -242 -1146 -737 -311 455 267 -1242 793 197 625 -590 621 -1063 355 117 -63]
[94 524 503 568 -222 456 -173 -1042 838 -502 -79 209 68 -22 -881 -156 -679 -701 16 286 307 1090 -500 -1047 -491 -842 204 -1352 974 -307 -409 11 -106 538 774 398 62 199 100 294 -93 109 -745 505 -141 9 -526 12 446 349 68 -255 661 375 366 105 -835 -10 66 99 -219 1449 -258 321 -334 427 -1012 777 -477 80 -342 -907 -6 -316 162 -39 785 724 760 -267 -377 -51 539 -1189 4 -83 -345 -1133 -467 759 -174 60 -437 -111 1216 67 1640 434 135 -238 -148 -1022 33 -117 -399 125 245 459 649 871 -1344 179 -131 1672 -239 -834 -311 -924 -670 -124 -1666]
[-734 -594 1541 982 -498 -780 -106 399 -459 939 271 -568 164 749 381 -1306 434 439 238 -200 47 -602 1270 -793 -341 -328 1549 -357 -878 381 488 175 191 -763 106 5 -438 1359 683 771 -74 439 -573 773 590 854 823 -755 161 708 86 946 -109 -684 334 958 887 -135 62 -256 734 -75 965 -458 61 220 -1439 128 -576 798 -600 800 707 -796 519 585 -252 979 -275 -203 -202 -604 196 1126 49 -562 -579 239 -51 -468 -520 214 847 233 -129 -58 -136 573 180 545 -1184 908 -87 507 480 118 324 554 -1820 -435 -345 -107 134 99 1564 -797 1032 -1225 -1123 1522 790]
[983 672 -618 -605 -543 -163 171 -123 101 1097 -190 393 -698 545 -119 576 1310 45 365 -455 1025 660 -602 -416 301 1390 546 163 -285 281 -1244 -997 952 416 -262 174 1154 -593 -703 -90 96 327 937 -195 -536 395 145 -140 -408 -642 -1484 -738 -605 -808 441 972 -191 -237 -559 -1152 -477 -406 -225 514 178 -680 873 -699 90 -161 -929 74 -602 1296 -328 -532 -85 -749 113 408 26 -1180 -1117 -372 -75 360 208 797 -426 44 170 -161 -1306 -526 1116 450 712 1150 105 800 936 -574 -417 -765 -918 -230 -660 -148 285 485 -774 603 -715 -619 -1362 -562 -611 431 -552 122 963]
[331 -449 -461 -763 -230 1246 -663 1096 699 -271 -141 617 -159 -664 -570 19 211 475 -777 -815 -461 -235 152 505 -245 -103 -506 320 -176 -33 359 -699 432 -19 631 191 266 -607 -1312 -656 -560 -64 483 659 -1075 1348 440 1026 -1109 723 523 -610 -378 -104 -645 643 -752 118 -517 735 313 346 -448 197 413 -353 458 160 -617 1264 288 -38 482 519 -631 -336 529 -1630 263 742 300 223 443 410 -401 -1486 -414 -254 -174 -51 934 1205 -16 -1093 -102 1118 908 907 -135 -102 -65 517 372 -705 -676 -330 -1281 -69 -230 -157 27 393 386 -1530 92 -200 -182 908 280 -763 -348]
[1306 -1332 206 302 -702 293 -627 1018 200 -422 -217 871 -637 949 211 577 -1277 876 160 -155 245 -1138 1190 194 -88 -962 482 460 -413 886 1089 243 259 -233 -986 460 80 308 1919 1827 -521 1216 -343 1082 756 337 245 -28 290 -616 1752 -109 769 45 -92 -270 1164 805 417 125 726 603 296 1038 195 126 -159 84 -512 -369 -405 -690 -305 97 -58 -51 -240 1080 -442 -121 464 -53 384 -1155 539 -162 300 -1056 -6 -204 36 456 205 43 1000 237 441 -831 -124 -125 -1097 228 -1224 222 -1216 -236 -886 718 -1427 4 218 -398 25 1369 -1556 363 207 403 -544 -1478 -475]
[-180 -235 1033 270 -521 -791 -494 71 -43 -39 -1095 103 -322 -321 1769 -497 11 -298 734 303 388 -402 -117 -90 524 -198 10 743 376 215 -207 532 -473 -164 -1385 -874 1063 -163 -283 -838 -427 316 -318 490 -74 -459 -939 748 -405 -154 720 -534 -30 646 1488 -135 -109 -516 -765 -355 315 -196 741 -510 -89 -63 -459 294 -97 -734 -762 -229 227 1110 -399 -1615 -512 896 718 1474 292 144 361 353 533 -90 674 140 -173 350 443 31 -574 595 555 600 -410 242 -549 -140 -502 191 -851 -502 1146 497 -493 -479 -92 1362 1701 270 50 -195 50 -163 254 625 -446 57 480]
[-1093 133 -246 -379 1153 645 698 951 -1177 -1006 -5 879 199 -198 -204 -621 231 -311 70 -196 -414 511 150 754 -470 -120 96 375 -632 -77 -318 503 1487 389 137 -349 -788 -811 660 -498 -443 -344 480 -360 -23 1468 -295 -75 1072 136 -937 -1061 -631 449 -2469 945 342 36 3 -714 826 802 108 -1458 -111 916 1029 -371 650 1381 568 1018 -644 86 1652 -2 -647 -425 -189 -411 -331 -759 -343 156 178 -255 -381 -465 1148 -805 823 465 -276 586 -357 -284 1075 261 -105 -1474 478 729 352 480 -1321 121 -783 -253 -490 574 463 -995 526 30 -397 22 -878 -184 -453 -309 -812]
[522 -70 1 452 -460 147 267 726 -399 -387 396 101 1009 626 -165 113 -524 1053 -968 195 800 -738 -141 -538 392 -527 61 -331 350 740 795 604 289 640 -27 838 -5 -444 1558 853 -239 -628 733 62 973 188 408 -20 504 824 359 1764 -195 -993 -535 -1193 927 127 120 -514 -26 -968 -343 -804 389 66 144 72 -279 223 -1418 365 -147 -755 -223 510 2 673 407 -1578 -655 -322 568 296 939 721 -648 -1147 157 795 270 582 -874 558 276 -549 -923 663 -493 484 -783 795 -252 -445 330 920 -33 903 -1148 -273 137 698 -133 -645 117 744 -144 1073 183 -1212 -502]
[242 27 -380 582 -401 -649 -155 -327 -651 96 726 358 -705 -453 -477 -825 608 -615 661 75 -448 -87 -276 -627 -23 -205 -227 462 -1599 403 1313 -312 -1225 -149 -73 -132 312 1762 -192 51 -883 -26 -735 -473 268 -290 -29 394 328 238 876 801 -297 -794 69 -33 -212 -135 -346 326 438 131 1007 -185 1036 72 -1008 1576 372 343 556 208 1340 139 556 -140 -862 413 -514 -11 -320 179 403 1614 114 -310 188 1315 106 -1025 -698 -471 -1006 56 170 -356 1395 392 -237 -125 680 749 853 110 -10 -273 385 464 -35 -561 -457 711 182 -39 -280 -1060 159 -496 108 1082 -233]
[150 309 -815 -774 572 -471 161 87 -592 -294 -493 224 -664 364 -463 2 -388 202 109 70 476 813 -893 186 998 -559 -440 -306 7 767 -162 132 12 -1189 654 635 -789 -1060 -278 110 174 472 -97 -219 -229 -160 524 -709 -493 -627 -1296 -142 -19 43 -1660 -400 -1061 -381 -432 -561 865 -94 -158 522 95 -912 912 780 -474 -1131 921 454 -634 -34 1547 248 -944 1084 50 3 906 358 349 -658 -608 -414 1150 198 -62 -868 297 -655 800 -221 -1408 -1143 491 -103 861 236 360 373 93 -323 350 -278 -624 -380 -170 26 -1084 -1271 830 -106 -227 -563 15 -111 -58 1267 -372]
[363 196 1053 257 -95 -684 772 -736 368 220 -493 59 251 38 518 -345 485 -129 -14 -772 -606 80 -238 -1488 897 687 253 -317 -870 264 -996 31 173 296 803 -152 684 238 458 -151 364 458 -1113 354 519 -1666 746 -8 -305 -524 -437 1087 288 -245 458 -935 -346 -287 296 -667 -253 163 409 -473 -207 -987 175 326 -1036 -431 166 447 -141 -8 72 828 -470 -154 307 185 -548 -192 -299 -521 -695 100 161 -347 12 -36 600 -296 -816 -679 188 473 15 -295 154 33 -804 127 -673 874 26 135 837 -296 -103 264 -260 -420 200 -117 1530 -361 694 395 -913 1201 820]
[27 119 -57 567 408 -189 -306 -388 1076 -835 -644 355 -275 -417 755 -55 834 422 -758 -174 -421 180 540 -833 -242 -750 -966 603 29 -237 -1452 -320 -483 117 484 -872 -409 261 557 -907 -280 66 -342 -88 -164 -211 35 -237 163 -743 114 -177 51 1080 -393 1047 1078 -1071 137 -228 -627 -406 -946 -414 -650 -1583 146 124 -1629 -636 -1228 928 508 -758 -72 -888 273 89 301 -257 416 269 -232 -30 361 -102 238 166 -705 -311 54 -1215 615 1883 81 -21 1039 -1127 1276 -694 61 -1553 -256 343 664 317 236 -1114 486 -388 -563 -151 -114 -31 1292 194 167 98 500 -229 -22]
[-598 108 658 -653 304 -818 328 391 159 601 -419 450 -439 -475 -254 -62 -689 190 454 -479 612 370 -1324 819 429 688 1082 -506 -92 442 -1094 1020 615 -486 721 227 -664 -88 387 310 -165 -441 264 -1001 399 -489 562 -1260 811 -1098 -722 89 63 587 -493 -309 433 -575 -516 -782 184 -413 461 -120 -792 -4 88 593 -434 -623 -111 1188 -1380 26 972 868 139 819 -178 666 -734 -104 -1183 -82 672 631 -389 -123 -496 -995 -106 -1240 -321 373 -2026 110 379 341 218 -114 -436 -748 -397 1150 -164 245 181 390 -425 -137 -851 -718 46 1128 -162 -971 -535 -211 -857 922 775]
[178 978 717 1093 -688 -726 -43 -862 -486 183 757 -221 199 1288 -1007 -1223 1030 129 574 603 261 -256 522 -431 -96 385 1210 -947 516 -32 620 426 295 390 -373 398 253 783 1230 160 510 -312 -536 -430 -49 414 546 -837 272 -141 -34 751 -24 1187 -30 587 843 -283 -116 148 570 -537 854 500 -473 561 -2021 -6 -741 -1046 -987 306 -297 -750 360 895 -561 384 -191 -1083 -762 753 579 418 47 1403 -583 -624 616 340 -545 -374 1248 -128 150 -160 -815 728 355 119 -547 464 233 604 1218 545 410 -502 -922 -532 -1389 165 -1091 1525 483 687 -102 -237 656 -930 -131]
[-881 196 -48 -455 113 34 -58 711 396 -324 497 -517 107 337 -5 -17 -936 -1745 477 422 264 -135 -1230 1605 -522 -940 53 251 305 -96 901 798 -402 -760 219 842 -1247 -277 216 -75 -30 177 1027 -820 -1054 811 -326 18 682 179 -215 -625 -133 703 -1310 453 -373 130 36 598 -234 766 325 199 -826 1292 -668 -861 -521 173 465 -316 -57 -197 449 -175 57 1467 92 485 531 -219 557 -404 -329 -672 206 -494 506 -437 21 715 -112 592 -1253 -550 -331 -546 -140 -89 1491 -254 -332 105 526 331 -1361 -258 1069 -472 -340 -113 490 387 -664 -1116 -486 -1190 117 335 -727]
[-545 136 618 300 -427 -717 559 -687 -487 -425 58 -294 166 207 104 -398 -459 -1009 88 705 -362 536 682 -614 -1030 610 1090 151 1041 -1483 500 892 -436 1323 142 -306 1879 -691 -611 225 -666 -1110 -1461 -611 -365 -251 -666 863 -882 1826 565 669 -500 -171 454 -901 -319 759 -163 498 214 69 375 -1991 -134 676 -397 457 1742 791 102 -826 -181 121 -427 857 309 180 466 379 -913 535 86 -18 -667 435 -802 -1309 -518 1835 -363 122 -217 -1669 -1135 1513 -1109 268 1088 -59 530 615 613 -147 692 1399 -109 583 996 9 196 158 -513 -381 1396 230 -931 -82 1269 -87 -501]
[-130 377 -1160 89 546 -47 -1137 751 1038 -671 -705 840 -459 -1415 244 -4 1030 1209 -39 158 -39 554 -608 261 365 451 -522 -255 -347 233 -1186 -495 -242 -760 -1181 -739 -669 979 192 -1098 577 392 -175 1259 -227 413 -286 288 -355 100 -136 -223 -368 1032 -845 539 438 -1164 -785 -179 -121 -268 363 912 55 -158 -436 365 -770 -601 -298 108 717 878 -349 -770 -789 -1078 -1041 1459 541 -14 494 580 84 -148 640 635 -235 -464 -317 618 828 -547 1166 220 851 -203 225 -174 97 201 74 57 -253 -541 187 -382 -638 793 384 -495 297 189 -1377 -456 -125 445 939 936 74]
[915 -364 587 345 -311 269 -1377 -467 1286 822 857 1202 1072 1137 -197 -396 -200 -865 252 -326 -196 1193 -526 -210 -97 329 -1230 147 412 1089 691 -1201 479 -656 -618 -285 -217 -80 -532 945 264 396 -211 450 -675 218 -1219 706 -2 258 -847 -687 -55 -188 -226 -372 243 -11 -778 -61 -1347 224 -182 804 -211 -185 -863 -193 -26 -1586 1193 -1570 -136 909 -612 343 -197 -814 -13 283 1512 -1078 406 -824 -642 -259 -354 -635 44 122 1119 599 -1012 -284 951 616 605 231 -361 176 -294 522 32 758 155 -646 -1062 -433 748 933 210 -1213 143 489 -620 704 -435 149 -464 402 -362]
[-552 -491 896 -843 4 442 316 758 260 -925 -834 7 -170 56 -62 328 -757 -802 -210 -31 -159 -731 656 821 -1496 -967 -1027 593 -11 -707 749 72 -49 -589 116 -377 -690 -370 -9 775 -252 285 -805 162 -1686 435 372 959 -3 -71 608 -544 -875 -116 795 432 -875 -390 -517 869 269 777 255 -1447 479 26 -276 -400 -987 552 -286 945 519 -218 -509 -1086 331 507 936 1197 1122 333 914 427 -178 838 -519 -680 -288 782 89 189 -844 992 -929 1110 -126 661 511 773 248 -367 -663 -1263 -612 1365 -1997 -93 -356 -1289 278 -76 885 -271 1782 -673 236 558 -19 -824 -436]
[687 651 -504 -789 126 1221 -312 355 375 1296 -283 -219 -27 212 -77 218 52 126 961 -1117 1050 1039 550 -914 -206 -455 865 290 -609 -335 -330 -630 1679 -179 708 1017 -46 -367 -956 -123 384 187 35 -1018 -974 -859 -251 235 -187 244 -247 -520 -266 -2371 1616 73 -1102 -26 -254 -883 -124 155 -1367 1175 1212 742 699 -663 139 602 -258 -1148 -288 785 -327 -435 167 -1128 322 -148 -748 311 350 316 -734 -620 -64 268 1402 577 997 -282 -656 -1174 822 -907 -850 1429 -693 -642 -14 -623 -4 -407 -83 -131 -366 -133 250 -742 64 540 -320 -601 -441 -653 461 531 -260 -774 300]
[-637 474 3 -452 532 291 -1365 -320 -359 -78 639 -282 -863 -257 17 -1786 1618 269 -318 -322 -402 1382 384 -260 230 -239 -809 -59 585 -337 -1209 36 -787 -521 969 -273 791 -235 -553 -785 -349 519 -121 -408 -1017 1397 1363 943 -455 715 -1014 -451 404 -153 -780 680 -313 -466 -219 685 577 113 261 392 520 241 -212 115 -101 -363 -237 222 -192 -94 1125 503 -530 -434 615 578 1604 610 747 1335 -1532 -297 -589 -1156 863 96 659 -1004 1515 -261 -665 -311 1068 589 896 -764 -136 12 783 -324 196 29 -648 -747 50 -652 -990 -336 163 -141 891 -568 111 -563 39 947 -708]
[-352 1130 -302 -1194 -32 1298 576 973 351 739 669 -70 869 -57 -1888 1204 -205 160 516 129 213 409 157 1324 39 421 661 -160 -1052 -485 -498 1189 1334 -707 1074 333 -391 -481 150 -1442 -819 -980 58 209 -1283 -283 -574 364 -51 627 -432 -1290 -1757 103 755 -229 -40 160 -643 -342 1197 922 1105 -692 110 1967 1203 93 -154 1015 301 106 -1133 434 -737 -947 -1456 -596 -277 494 510 -374 -53 483 69 533 909 -440 779 -647 333 120 -1115 282 495 470 -415 746 -748 -552 1088 1132 -639 -267 -321 396 112 52 -635 239 634 -792 679 -301 -468 -828 -378 215 -130 410 724]
[416 -110 370 351 510 -1606 -129 -750 383 784 115 1047 201 228 600 -492 516 568 172 111 -760 674 1000 -1655 520 177 -710 626 559 16 513 -579 -678 1014 -648 -1334 475 196 -1454 -547 174 121 -1206 259 750 -723 -558 -343 -187 -57 -134 742 552 517 947 -856 256 -1294 280 827 -247 -620 -532 991 -659 -1712 -1300 1249 -310 -923 495 -629 572 37 35 903 -177 -333 -736 424 -128 -278 -10 -1120 -264 112 501 449 254 717 -362 -833 384 -630 304 371 833 -602 126 747 -1690 291 437 -442 492 -991 643 161 -170 309 -427 -396 -530 -317 1228 839 367 313 327 903 192]
[-275 202 221 509 366 -1318 -448 -449 -101 -29 297 971 -354 -434 554 -760 712 5 -407 26 -370 442 779 -1078 123 290 -2 593 -101 214 -256 -56 -616 321 -640 -1320 839 546 107 453 335 -116 -830 -682 1403 -244 343 196 -47 1263 -67 760 1006 46 662 -587 488 21 277 -71 682 -1762 646 56 253 -1357 -800 404 175 -129 -580 463 504 338 778 -134 171 -36 -138 169 164 1024 -178 362 -193 -1285 -13 -479 -137 257 276 -191 339 -1031 392 395 -41 -639 150 -774 -274 1282 634 1392 526 -281 1158 -860 -35 64 -140 889 -1204 -1735 655 732 -446 -242 539 1086 388]
[-1397 -80 432 361 1158 -749 1210 265 183 -1047 96 885 -236 -290 711 815 -108 -1033 432 105 141 -56 552 -191 -936 -17 -491 117 -748 -5 -1549 156 984 109 -1367 -1453 -377 -866 -297 -140 27 57 -498 459 -628 -33 -37 1078 893 608 -155 588 387 647 -855 -11 -1208 -422 151 416 -986 1262 -631 -858 -180 204 970 -263 -496 774 923 172 -20 -397 -478 -1423 176 854 512 -194 774 81 109 -1233 -1165 454 196 -19 193 1402 -535 543 -301 957 -89 -347 19 -108 -717 596 349 -120 -1537 219 -242 759 -579 -40 -700 1 513 -512 -513 392 500 453 -956 775 -254 701 -999]
[280 293 -108 419 -1463 749 -164 655 -856 493 -230 -498 38 451 -1448 128 -508 -163 20 341 1362 976 -1595 387 634 422 116 -1041 876 568 292 -64 -145 -941 224 461 235 350 370 260 -1034 312 -246 -689 -733 -361 -902 -614 -779 -511 -250 -1101 -164 -1024 -127 240 576 903 -1163 -1469 1146 -815 266 -359 -47 299 666 778 635 -1027 69 -628 70 907 -357 615 1 1161 851 -578 -1358 -49 280 1340 467 203 -304 -808 924 -1587 697 599 -217 -550 -670 -945 1417 35 -187 -445 1298 -89 1155 -27 147 -243 280 -380 1025 9 -1025 -41 827 -1654 -536 -981 -531 91 899 -679 749]
[899 -741 -279 672 -736 -874 34 380 709 477 -599 -713 -467 -24 1180 720 -119 266 -620 582 -8 -389 -198 512 409 127 -171 185 -183 45 -642 -109 -63 -381 582 -198 -714 -417 874 171 -420 39 746 42 -150 194 -227 -150 -69 -994 541 -613 -494 656 287 -644 1271 33 335 -1485 -655 -637 861 -1576 -161 -230 1150 -577 277 -324 77 539 268 1033 -599 775 -244 51 -951 29 345 -989 -1641 204 1203 410 1026 502 -320 -540 -842 376 24 1169 -515 400 -539 -734 239 244 619 735 -740 9 174 -521 1729 -499 759 1039 1402 -761 -834 -825 -152 774 1147 -41 205 1214 1849]
[724 3 634 821 -262 -1021 -1166 -49 331 1194 -327 975 -670 -5 1818 -971 461 -365 -357 423 -102 -78 -502 -655 -350 -285 -1035 1146 61 -138 520 -990 -843 -1 508 -1042 -38 -283 -1434 -424 -225 404 658 692 312 -141 485 958 -798 400 -181 -98 561 203 866 356 -430 176 -297 482 -576 713 1160 -471 -108 -1821 -105 91 111 -770 423 -91 -162 1362 -115 -310 -69 150 331 801 995 -597 -151 313 -353 -1069 -234 1619 -900 -234 130 -290 -1132 -538 -712 755 -181 2 -258 917 -638 51 246 -593 364 169 271 -238 782 785 1038 -604 -261 -527 69 360 366 102 -556 1456 380]
[-104 745 763 1005 -866 306 329 -263 440 200 -418 142 -144 40 -536 -551 -289 -66 822 -761 760 574 -767 -1229 137 710 -620 -125 -578 480 11 -838 161 398 -1082 -351 -128 106 670 58 507 19 -985 151 478 -1027 -979 -586 1218 -1110 -1348 211 -567 34 -43 -607 -282 -907 229 258 -143 -316 397 569 -503 19 1003 938 -5 -1571 454 335 -1023 643 -107 -697 286 -1119 527 -437 -1079 357 38 -545 -330 1513 58 230 1118 553 918 -111 97 -441 1108 -513 -166 331 -480 -120 -155 -830 -77 -761 210 -81 -401 1333 -764 328 997 -647 605 743 -781 264 -1554 544 843 -1137 -242]
[-19 54 -764 -732 711 -474 661 -293 742 484 -1114 -516 512 135 599 576 87 830 -120 -275 -375 -412 292 556 697 732 140 -420 -335 -480 -1041 444 1222 79 1013 34 754 -181 844 26 305 -404 662 -677 -260 690 -970 -451 -593 -323 43 -783 -418 181 482 -191 705 -244 -208 -1296 -581 -568 -1257 -777 -227 137 414 -775 -473 944 -489 -14 -1027 -696 666 -270 -587 -43 -1169 216 -253 -477 -1260 -370 1351 822 409 -383 -669 -594 -100 -37 7 674 272 499 -991 216 567 -365 766 -386 343 809 -111 -219 723 -984 519 860 57 152 -673 67 113 765 -192 468 -899 46 1547]
[833 145 -390 214 691 -279 578 663 457 -67 -313 542 -32 876 612 858 -126 525 1981 91 -46 92 2685 -760 626 -553 426 964 1049 531 262 1460 910 -128 446 428 133 89 699 1129 -748 807 -949 -298 -145 224 -911 -551 149 -74 1356 578 -426 549 863 -134 1418 -540 -266 -666 437 -625 -850 678 378 -283 -837 -454 -916 940 -715 -830 1361 -471 -1167 218 -467 1271 -1354 -230 487 57 686 -1031 1369 868 282 -548 620 367 -1112 -170 -305 -153 1566 -135 -182 -1029 1042 9 -449 -1051 -1198 -100 -155 -35 1 -940 -203 -466 -846 -126 -1143 1463 -505 529 172 1514 387 -1415 303]
[-1613 -39 6 83 -204 250 -331 917 -122 976 21 -703 -137 -201 -90 -172 317 298 -761 -477 -284 -588 49 71 128 561 -126 -143 185 -301 -221 279 -860 543 1529 25 207 -881 -430 -188 344 -806 782 -574 -1086 -232 1090 -632 -492 -679 525 479 544 257 -445 -169 182 32 150 376 1214 -488 -831 -107 -733 -487 1761 630 26 -83 293 267 -678 -648 -371 1144 -81 -585 186 -654 -891 67 -876 -165 -238 -142 -226 529 538 -847 660 -711 627 115 -1891 -680 253 201 243 299 252 -1235 781 -146 99 555 740 775 455 -1405 -28 280 169 -648 673 -577 -210 -162 572 322 1065]
[471 -453 53 -723 -65 -263 52 -1357 -292 -530 -657 728 186 36 -117 882 527 -297 -576 280 383 -608 147 1073 -664 586 -669 76 459 -392 -412 487 182 460 1214 -560 -397 -52 -38 -1107 -615 -760 1088 -353 493 1145 147 326 -450 642 463 -504 -1030 495 1659 569 -832 -144 -1667 655 193 283 374 -757 1161 145 309 -218 -75 267 -598 903 -44 635 -212 -1410 -1837 494 161 1669 726 15 -257 -158 478 -395 -641 -65 -537 -310 -741 -958 41 1442 -786 313 -31 1424 -389 -538 -390 1040 250 -1355 252 867 58 211 -8 -730 313 174 726 258 -421 -24 1177 -329 -555 -1057 1154]
[-191 -115 -44 893 410 -31 402 -669 -66 -1366 -274 -393 -245 511 725 459 268 50 182 222 -148 -138 1466 -171 -815 -1593 339 -270 -256 717 -610 629 113 -905 -457 92 69 351 525 996 378 613 -99 155 338 1102 389 -228 776 215 847 998 380 -172 -182 23 -161 452 750 -245 -973 846 199 -615 670 658 61 -578 -186 767 -21 351 648 -682 28 -128 239 868 -765 -773 194 382 126 -361 -180 -811 487 -48 -1241 951 -925 795 493 499 -445 185 -733 -600 1146 325 134 598 -643 759 -267 122 381 -810 -929 86 307 -44 -1217 1209 171 1262 1470 -814 -989 472 -741]
[398 606 -698 -308 -350 -157 40 -433 1017 -272 723 -164 -183 1208 -4 -741 831 973 -683 459 -521 -1071 924 169 -555 710 115 186 326 -391 502 -601 639 167 -692 -966 -494 602 1005 173 1190 689 1205 904 -194 1025 522 -831 883 -386 -296 257 371 314 165 444 1377 44 672 368 -12 -354 123 834 -618 -585 69 -1677 -466 -664 -901 -29 -142 -147 -63 290 -521 120 -1618 -937 -28 -26 -299 -85 468 143 -458 429 312 -195 -539 556 968 1232 -105 -242 -1302 -460 -508 942 -668 -576 -662 407 623 -152 943 455 -644 -800 -516 -216 -845 585 622 1887 600 490 -64 -473 919]
[1523 685 352 -27 -565 687 140 387 -531 37 592 326 -1082 -673 -104 863 -392 -391 -26 297 268 947 -254 -202 252 -459 1582 389 -1111 282 -352 109 809 -559 274 160 57 574 589 581 -345 61 -675 -1240 -185 -495 -204 -269 707 -25 97 590 -318 -1167 -276 -502 -838 387 339 -1072 -168 507 1420 87 630 1120 -590 580 323 -666 894 700 271 1652 101 987 710 -118 415 -518 -112 250 -184 -640 -879 -31 183 -513 738 360 519 36 -932 -1487 674 30 779 74 22 -479 960 1164 -1577 809 -1601 -206 -375 -232 -823 147 -1067 -532 -983 -900 -1512 -410 -163 410 535 -232 -210]
[236 -228 -1188 -669 1084 847 360 25 -1163 330 -434 76 -2074 -359 276 177 -1001 -2216 1416 -162 115 228 186 1429 10 -421 424 1009 -955 -1165 468 -205 185 -784 964 874 -566 -200 -1504 -474 -213 135 333 30 -987 784 -198 200 -40 -55 815 -1581 362 348 45 1022 -1433 -3 343 382 673 430 -309 762 886 586 -53 -125 891 520 1702 -461 1301 -770 647 -1012 -235 402 19 311 348 814 495 145 -553 -761 391 939 651 -1244 -481 133 282 -444 -161 -889 159 112 -257 -270 773 -606 225 426 -1156 -714 -400 -1243 1256 1066 500 -1117 -507 -286 -1331 -1092 139 -379 106 824 352]
[-13 997 -962 -320 -223 -290 -106 -409 521 446 -809 -562 825 -58 14 166 64 946 959 77 1310 1030 -1100 134 1427 680 -157 -687 983 311 -406 523 -420 544 62 27 870 -396 195 144 320 207 -766 -138 -823 -1135 -1152 -62 63 -266 -637 -709 -1300 -381 1181 -687 726 -49 -862 -1124 1175 -1223 -243 672 477 237 554 62 -74 -1233 -618 -882 -817 1508 -389 161 -611 387 -378 729 -197 -320 246 207 -67 333 435 67 678 316 62 -548 -355 -191 1019 -1674 -11 748 117 42 548 -396 806 -340 260 39 442 720 591 801 532 212 -640 736 -1155 -477 -1364 56 874 -357 822]
[-91 -527 844 668 -112 -505 -172 347 507 1435 -159 167 152 213 933 296 -131 4 -339 366 164 -610 152 -200 600 315 32 402 15 -255 -477 -901 409 79 -218 -223 343 -811 -176 -107 -120 -300 772 1155 -448 -599 -388 185 -227 45 -557 -335 547 176 197 -570 1965 253 669 -817 -16 -120 -681 -278 -487 -853 435 -573 -305 -278 -449 -446 -1172 -49 -187 90 62 -108 830 643 170 -1320 -977 -683 -162 375 726 131 396 578 345 -446 40 429 635 591 -466 -752 -1193 596 198 -632 -1113 -408 835 -493 529 -77 514 589 798 0 -642 -498 1138 518 -88 -63 -334 354 1211]
[917 453 110 273 113 46 -873 -1014 192 725 1125 814 324 411 -43 401 654 -466 -89 539 -194 835 750 -578 -201 -459 1097 -427 -693 -1 -621 -427 1257 184 584 -397 12 -476 98 201 323 -493 134 274 -907 763 -503 437 464 2081 -266 -732 -363 -879 900 37 -350 -72 -312 -640 -1251 286 58 -178 586 324 -1420 -875 -209 637 447 -839 1042 383 -203 842 -461 327 -796 -277 358 -60 -52 -464 -419 -1145 916 -84 -1074 1025 -1003 253 -229 -338 744 373 -42 513 361 565 680 1218 -348 584 -530 -771 427 -1071 489 747 -782 -3 -1366 -93 532 -41 1265 -473 -1004 1384 414]
[-59 -120 -506 69 -812 855 434 6 379 723 -93 -57 36 291 -401 540 -676 738 -162 -317 717 -221 -141 328 459 -274 592 -1233 -275 -591 -49 379 322 64 124 1471 51 480 -223 7 416 -989 799 1185 -242 551 -94 -280 71 1097 405 675 -893 -828 656 -902 -192 535 -101 591 380 50 81 877 350 1099 184 524 529 597 433 -3 -503 183 -941 92 50 -1142 1170 -46 394 188 537 -193 -83 68 489 -327 -1099 541 -30 324 507 -1043 -168 412 -994 1234 -490 597 -216 75 -741 -1106 147 903 36 1474 -1163 -520 626 -619 469 84 -27 -810 56 -740 1010 1255 392]
[-377 -485 -652 532 317 -533 1333 -556 182 -221 -1007 -751 310 16 685 608 -792 889 -50 1044 -277 -759 -158 281 1155 -253 -1078 -130 35 -517 1 243 -824 215 230 402 -192 795 1205 -247 902 932 892 -637 958 -306 -728 -1367 -28 -1081 308 125 317 -45 524 -553 -392 -430 716 -594 21 -542 -528 345 -755 -27 434 1 -14 -1052 70 -28 -185 -155 52 303 -479 333 -1090 -1110 -399 112 -276 -193 1439 686 884 335 435 -157 -692 -103 583 997 -238 -1248 -1150 -396 -779 125 -153 -18 593 319 703 -272 2338 285 376 -13 873 622 -387 379 36 1892 736 -74 27 755 216]
[884 -148 1055 476 -923 -309 -461 -180 832 -646 -722 1107 -499 118 377 233 506 -509 -929 -559 -317 -242 96 -756 -566 -70 30 -17 -647 -403 -1100 -270 -18 -948 1614 -82 408 803 -663 -597 -1200 166 922 223 128 1032 730 593 -915 -182 232 371 -171 -349 -412 643 -191 159 -549 -662 -586 1299 956 -1307 -70 -944 -534 284 -1516 -139 -659 601 901 314 -190 177 -33 312 953 334 608 -583 77 572 146 -977 -250 -701 -154 -84 -728 -515 -1023 120 -690 1047 1312 276 -119 -26 -363 334 -437 -285 -135 -133 415 -824 366 -258 -1191 5 -36 -891 1628 91 1702 548 -432 71 -85]
[-1003 427 356 -549 -314 424 149 -211 475 132 -139 -564 40 -208 -474 -1194 407 159 -360 -240 189 399 -1296 90 187 1127 -388 -1652 798 -379 -26 471 -169 -1251 -33 -641 -480 1047 -283 933 950 545 16 -506 747 -425 -449 -176 -134 730 -1569 -593 -129 -1274 -26 -181 -302 826 -746 233 1046 -279 1283 -30 -1003 181 520 -545 276 231 54 421 -1160 960 -525 802 -98 -182 -356 1381 458 -892 183 608 -210 313 -877 8 492 -1032 78 -70 625 -385 -1352 -623 319 746 -425 -429 -144 -407 565 307 131 518 635 1458 -312 -1030 171 -339 1704 498 -594 -1083 -370 -1163 277 810 983]
[-867 1158 -1307 -271 157 806 541 -463 215 -889 137 -1531 251 874 -176 -578 -204 -232 -1009 793 -214 809 -1089 59 -345 209 -871 -1545 484 -509 152 159 -511 -712 -62 -162 -765 383 -201 -1055 698 -265 614 -810 -267 132 112 -222 112 -1655 -1337 -407 -719 866 -982 -537 -1712 157 853 -710 183 490 1159 -358 37 -123 524 112 363 -681 -543 1587 231 476 807 -108 -771 1289 55 -1347 1118 -529 -218 477 -235 380 132 986 986 -1096 -69 -67 520 1774 -1073 -1602 -490 553 206 391 666 -540 172 266 563 411 1328 -467 -54 -875 102 -504 986 165 628 219 264 -496 324 557 -179]
[485 303 389 1023 -512 -259 711 -1061 -575 12 642 381 853 -39 -29 611 1379 -217 414 168 -388 -495 1002 -1053 422 42 311 -900 -1267 367 -1305 -141 -766 1300 615 -820 1265 456 -567 -997 -155 143 -487 763 -131 -44 450 161 -656 458 759 1670 -782 425 503 274 -887 -694 -1267 73 -232 561 91 -471 145 -1005 -727 983 -427 -596 346 590 -93 -154 -210 -95 -59 32 626 -363 -53 628 -68 -221 -542 391 507 1275 -843 749 -1465 -594 -536 -595 858 629 -36 651 -13 667 168 1148 301 -863 -293 -297 680 -425 -744 1096 -416 431 -1149 310 640 1008 1001 745 -239 313 -352]
[532 -183 -221 -94 42 613 0 -48 -1261 -893 1058 1210 268 -40 73 -6 -480 -888 428 356 -303 -640 592 584 -242 -270 -37 864 -385 479 -197 819 -117 425 -838 -60 211 -1113 980 298 573 76 623 35 1119 -107 -376 459 653 -113 305 -187 1289 287 -806 -558 -392 686 449 256 -655 1139 185 -356 -213 195 1148 33 1855 -141 809 -562 213 658 366 -406 -912 -141 -353 -1163 224 63 -542 -1424 -80 12 783 2 536 496 -454 80 -731 721 815 -475 147 -414 -1148 -879 -712 1712 -379 168 -642 -330 105 990 -18 1394 1895 -785 -139 968 -1907 855 593 68 -607 -1249 -1415]
[-877 958 -214 192 -1110 -532 373 -215 535 -443 599 -1327 178 -576 -1235 636 -9 1327 -780 -20 116 -184 727 -89 -444 564 527 -661 721 -325 -232 749 -1410 17 -508 33 1137 -85 -710 568 139 -372 -159 1362 -323 -132 1461 -466 -522 -743 -412 918 -200 -296 969 -42 -717 354 -652 371 398 733 1450 -709 374 407 311 723 102 -667 -594 500 -104 897 -1084 -375 22 -773 582 -263 292 430 154 561 -311 348 -601 -260 -943 741 -233 -138 -285 -790 -1008 976 -796 766 615 1259 -813 37 -708 -884 885 1546 171 1312 -1866 -886 -38 337 978 138 1121 -83 1062 107 181 343 327]
[35 237 304 -463 -847 36 -437 -474 1380 577 883 -182 1319 1700 -74 -656 247 194 488 588 501 628 -7 -483 302 29 -11 -1457 588 954 209 416 231 360 -116 -973 131 -664 251 296 -361 133 -587 197 -782 1097 -1041 33 -241 598 -1244 430 -641 613 273 -515 -978 -564 -1108 -147 342 -186 826 514 -298 123 -507 256 322 -972 -361 161 -1341 708 838 -111 -1461 953 510 564 692 -128 350 358 -288 429 -325 -62 -599 1118 327 112 -451 178 391 -206 -210 1190 74 311 -495 677 460 -475 500 489 -179 655 -1552 1721 337 -592 138 1017 663 -78 123 475 -808 237 -374]
[1193 -1033 494 71 147 43 671 -629 -804 -1030 -475 1292 841 -1020 782 -73 -409 -333 31 -141 -354 -275 500 -565 -324 -554 337 148 -709 -542 1538 245 362 856 101 -286 193 374 -91 -32 -892 -316 -1138 827 750 -65 -1702 492 -379 1347 1764 -70 -798 -295 80 -393 -136 -493 -180 317 715 682 -325 -881 408 12 -2124 1053 226 1406 546 -652 469 -98 820 542 59 282 -166 588 -281 479 -46 -892 194 -797 249 -53 -137 725 -1008 195 -467 -724 484 924 743 -355 -174 -926 -1007 1232 165 -143 -1009 -469 -423 -349 -556 1693 342 -610 -257 362 596 191 218 278 74 -1263 -741]
[-24 877 -394 431 -135 568 145 60 1268 -451 718 7 -475 633 -163 132 -175 86 574 375 215 1069 -195 192 -182 -663 88 -855 -320 -209 -216 325 1093 -1067 -886 -378 -460 693 337 580 -212 232 -617 -935 -275 1414 -1679 84 406 1033 -413 -435 -610 -207 -562 -135 114 365 -339 -149 -107 2 417 657 29 827 -343 214 -588 732 -34 33 -523 773 -195 -228 -262 218 281 865 -252 87 1229 90 -652 96 133 -1443 127 181 742 865 705 -613 341 -102 769 -5 436 -600 1800 686 -249 136 222 -92 -749 -705 133 331 -904 145 55 335 -494 -732 -655 -217 857 81 -594]
[-520 -894 -20 -434 902 -147 -29 754 -52 280 -659 -446 268 -1388 764 980 -703 -149 -392 -118 -725 667 349 637 -313 468 111 119 35 351 -299 -251 -211 661 349 -112 649 -724 -827 350 -1117 -480 -917 -94 -728 -387 41 947 -480 854 858 -537 163 -264 -149 -311 393 7 -446 -771 439 -331 -606 -287 1008 146 -352 155 1055 312 471 -480 -75 -9 31 667 1126 -224 1182 1086 105 761 32 527 -478 -544 -535 -457 -419 700 342 -35 -662 -1460 -683 1717 373 -1084 -9 -463 8 135 706 525 35 131 -655 -1042 352 949 425 166 -198 -531 297 -10 -150 -488 338 -111 -380]
[693 -759 843 -81 -574 783 -316 375 -665 298 344 300 739 801 923 -1167 -322 -13 252 177 107 -186 99 -85 70 -200 471 441 878 729 752 159 -960 838 -122 210 1245 -1345 -14 -1113 -925 154 298 1634 -796 301 476 1523 96 506 279 273 -243 125 -1318 -408 667 734 -105 1304 197 1321 1025 -207 -573 648 -383 738 1172 -858 585 -1541 -1220 -187 288 805 -629 843 849 17 -200 -824 411 0 -857 -711 -245 -553 508 778 341 1171 -197 -306 -405 169 -829 259 -645 706 -1221 403 -23 -636 568 95 -1791 889 -884 1185 1614 -1020 94 2 48 444 -417 195 -693 -479 -704]
[-110 192 436 -333 -683 1403 -286 337 1277 -450 -669 117 722 775 -537 -445 -1 767 282 -323 -390 -234 1026 -455 -647 -67 80 -552 -332 -572 135 86 381 78 796 602 -557 1394 849 986 896 625 -1132 1418 -560 1459 -195 124 -421 182 774 678 512 -40 2006 -356 68 208 118 254 413 362 -494 742 459 -118 -243 130 -1475 914 -1173 -176 1 -356 -89 20 -656 -1390 -134 684 -644 200 1588 669 -314 969 -728 -1556 261 913 289 614 517 -712 1004 253 211 860 -322 -55 -1163 -297 423 -1718 -190 24 462 774 -231 -151 -36 751 -412 1383 398 381 530 25 -143 -1036 -457]
[1379 -21 -46 869 -105 -751 -752 -355 796 117 487 634 -23 202 829 -25 631 683 135 694 -105 1087 -559 -400 279 -258 -806 -516 826 -35 -272 -1166 649 260 -1433 -1019 741 0 -38 -161 -426 937 -596 605 -104 -85 -1294 267 274 -100 251 -117 -402 292 -569 821 941 -698 -387 -734 -1135 687 -74 325 -942 -933 -603 -653 -767 -1044 -770 -1061 -315 558 -611 79 272 961 -12 583 -151 -452 -293 -811 25 -438 -91 201 -737 -25 -2 410 -149 466 702 722 709 -741 15 163 553 -357 59 -94 74 -925 -299 -1231 865 1684 -535 -447 323 1066 -334 997 -441 427 -284 46 -349]
[907 -435 -255 -299 391 -253 -169 -433 -971 -61 1197 938 -350 23 -68 181 100 -838 464 13 587 462 92 29 -361 10 -148 707 241 225 1673 -61 -1190 536 496 -168 593 -78 650 463 -732 -252 -132 -973 -393 824 -31 199 306 -961 569 289 -57 420 -716 383 -514 -338 -669 440 126 213 65 171 670 497 -572 634 1175 -233 440 -601 -58 83 1096 359 -509 1040 510 446 -204 109 -497 -919 -377 -700 -25 -239 -278 220 -819 -322 -980 321 82 -327 2175 -384 1113 -42 378 261 578 -743 -1141 -582 -1703 108 59 -64 -866 245 -13 626 -1840 -1030 -580 -665 816 -1041 -1219]
[-113 -236 449 -306 -548 842 -785 1154 -1299 -504 -621 -78 -981 -1145 -479 -433 -169 -290 -1100 -849 25 -233 -823 617 -359 820 -539 856 -893 -429 282 -325 -314 -583 228 -46 -1215 234 740 -720 -831 -441 -791 -138 162 322 862 -232 -527 -1220 -249 -265 672 282 -1354 1186 178 -345 437 247 618 537 1060 -334 -565 17 901 504 -450 -859 67 1301 218 33 328 -403 187 -781 402 72 268 992 38 360 -617 618 -730 -736 1558 -1280 982 -707 869 586 -695 108 1590 -334 104 -1113 -439 -627 -129 -526 -42 -229 -204 201 -286 -1412 -268 144 1952 -559 375 -280 -249 493 422 -1139 -711]
[-294 -177 793 188 361 -1133 -172 -525 -619 -834 414 1422 564 -255 510 -1219 882 373 -312 552 -412 -1290 18 -186 -483 1447 -907 146 1260 -219 -417 38 -678 671 -599 -620 1616 -259 1214 183 318 -391 -198 1146 593 -299 562 1012 -674 -16 894 9 720 653 -628 170 1049 -172 -540 257 387 760 295 -1665 -664 -468 -488 503 552 -78 -230 -83 -335 -745 146 -81 -1158 337 -507 62 590 -381 -76 -129 358 1425 -268 -704 -522 8 -739 -630 -292 1052 69 473 749 -488 105 72 -770 483 -382 -153 64 -45 186 377 -129 732 -84 -267 -491 1445 208 1210 -801 657 -288 -511 -610]
[465 1247 -636 338 542 147 1127 -834 -152 19 -974 -328 -218 -380 317 377 352 16 -533 -862 693 611 -21 -470 302 -421 -657 -1061 -558 703 -1600 628 359 -278 1182 -2 1234 -1214 -646 225 214 -32 115 698 -750 -192 -345 250 -325 4 -499 -295 -297 -827 400 421 -267 409 -1015 -1647 -364 187 173 -1159 705 -1031 1117 416 -228 -273 181 457 -750 232 328 -614 -349 380 816 -1256 605 576 -346 485 348 243 501 84 -1037 -369 262 -521 -1164 46 -120 -9 515 744 818 -321 422 -1044 -205 -399 303 109 351 -666 399 972 -421 -727 236 102 -455 -707 398 -71 -630 612 475]
[207 -1021 -349 201 285 -216 -169 57 -991 33 39 -1123 -206 70 215 -501 -486 -89 9 88 -456 -467 -664 1066 -140 432 -50 -208 94 -563 1141 65 226 -417 853 249 -305 634 -694 -748 -815 623 446 -330 1305 -156 -276 -605 -673 -636 160 -990 -238 -38 -1216 553 -500 -512 40 -425 337 114 -345 117 -318 -371 -460 -114 990 45 -13 365 -991 -386 15 689 784 1338 -375 613 163 -620 -738 -626 -70 -514 -698 1697 -100 -1319 -492 -710 1104 -205 -1057 14 434 -1274 257 -858 -45 -413 536 529 -486 -275 265 -179 964 760 -528 -1315 563 1439 -1462 66 -295 -713 -32 85 -21]
[-175 -489 986 601 -1024 104 -449 -431 167 532 -46 -413 695 -16 379 1 378 -1059 1166 -281 -512 82 451 841 -66 -640 662 -37 -1253 246 495 1117 663 -1107 431 621 258 603 -508 453 -635 456 111 -247 -280 640 -1518 281 -1082 2198 770 -229 -882 -1574 935 626 -294 -309 -173 -179 426 -131 654 -8 212 1038 -2409 -466 -724 258 227 -936 439 -628 -1188 -310 121 -117 -47 1041 496 1005 489 1217 301 -396 -143 -134 -309 290 664 505 -179 -446 154 928 -1287 149 -94 -135 -264 907 -13 747 821 45 419 -1186 883 170 -204 565 -571 -466 1581 -38 859 -712 -924 909 636]
[-190 -1087 -101 -972 762 309 130 -333 -61 -1298 700 1203 461 -1083 209 708 -584 1136 -512 276 -678 -794 -1058 361 -927 -603 -780 403 -954 -987 48 -61 35 998 -473 -459 -166 249 499 -911 212 -339 -198 -203 1369 -822 110 669 64 275 1833 44 511 91 -467 0 -61 85 661 509 -278 760 -328 -519 174 -93 399 750 -34 823 -379 -259 -30 -911 -80 -333 -500 -556 180 437 -882 508 -587 -643 577 -688 -700 629 -1463 -188 -112 -386 382 1317 -429 60 793 -952 -151 -641 -84 -336 480 69 -879 71 355 686 890 261 -542 817 672 802 -178 450 -562 338 -71 -49 -1272]
[328 -727 981 -225 306 -250 619 -368 501 -876 -144 1660 -580 436 857 -552 -64 -1273 413 34 -384 -436 -624 -972 -781 -1012 -811 480 -913 283 -190 -161 -861 -504 -443 -333 -212 -225 44 484 282 995 -877 526 -396 -423 347 1522 -95 -90 1173 1003 348 38 -477 277 -576 221 -294 611 -599 1743 752 550 -712 -754 87 648 -762 -46 409 -278 436 -90 469 -105 -916 62 1100 1327 1180 -125 623 -877 -1251 305 -252 149 -212 617 -801 -446 -1092 94 -197 232 1345 -142 -585 562 -574 -17 -482 -955 -99 426 -1021 1017 202 96 241 -594 30 1150 120 -532 429 87 486 881 -1589]
[-302 -956 517 1046 317 -463 786 -337 376 -259 -612 832 -309 -292 314 515 327 -197 24 -306 -369 46 160 -207 949 242 -1855 64 -1080 -27 -1735 -982 -604 1248 171 42 678 -994 775 -440 172 576 694 283 -3 685 301 1355 593 -31 116 408 430 693 -1338 -201 300 -176 -239 629 -993 -9 -875 -201 -319 -1101 828 427 -343 -603 1238 -62 -1328 -803 -697 239 150 -952 -52 -563 451 -266 -296 -944 -286 1157 300 -398 576 444 -524 272 1033 89 -52 29 -525 -120 -371 372 577 -585 332 -1033 -340 -914 136 -119 913 -374 412 841 -1147 232 -149 1337 -792 809 -372 854 -482]
[-280 396 -393 15 216 77 -545 502 -261 -457 -151 -308 -7 26 956 -550 564 764 -70 1357 -1035 -111 513 -1159 -551 -729 -194 -406 201 169 111 96 -471 27 485 -606 574 668 533 -57 -537 992 -396 429 937 1186 172 -365 -648 1196 475 793 1329 -626 -695 473 1263 163 545 -1082 468 321 591 -1447 -430 -216 -433 -757 -448 637 -1678 -722 479 -607 231 639 161 1706 -1073 -174 -907 -621 -14 -245 707 64 -426 -502 244 211 -795 443 -444 1198 453 200 264 -1021 174 597 -215 80 504 261 362 -425 1234 -880 191 726 -513 1101 -673 302 387 1020 617 156 -1226 54 -473]
[-521 -97 60 -614 -688 12 -58 -644 -1559 -516 163 797 213 -3 -705 -339 -612 -938 594 333 474 346 -758 799 -251 74 569 1429 -776 75 289 953 -39 205 -144 450 165 209 559 -500 -240 -457 44 -1006 827 984 -142 -185 380 967 342 739 219 -73 240 -225 -1379 -274 743 1216 660 977 1038 -150 314 1376 266 552 148 25 797 107 851 -873 838 -1383 -791 229 -177 -225 -318 795 201 -123 -460 -507 -327 -942 -149 394 37 773 -332 21 -647 -15 -861 1466 -550 52 6 1022 451 -288 -1080 602 -1046 -160 -325 242 -301 619 -315 -403 -590 509 -1174 -129 -435 256 -923]
[881 -905 490 1046 -378 -549 -465 769 330 543 -350 -316 -47 437 1262 -905 30 209 -31 494 -583 -536 548 -1194 83 -579 867 -991 -142 203 513 -195 318 454 1128 67 -85 -20 1416 441 -602 713 -597 954 255 -339 277 -430 -589 159 779 -802 199 412 -218 1359 1683 -208 30 -1874 441 313 -19 -1153 -249 -710 -1082 -92 -898 249 -840 -222 -77 -558 761 1544 148 1766 -426 340 -1309 -383 -353 -177 554 373 190 13 -706 -580 -228 607 240 621 711 465 1076 -1223 1126 74 25 -292 377 412 -715 -1154 212 -847 773 1376 -1185 -891 -756 827 -131 -27 697 -657 -539 -576 405]
[-252 730 -807 633 231 -205 -497 508 -885 -802 -540 394 -682 -1331 -97 -497 236 1275 -931 -14 18 -1016 697 -1159 -760 -956 397 749 192 -178 10 -163 -1260 -238 367 87 1093 29 -815 -603 -718 -774 389 840 300 -88 1388 -77 -100 -43 1408 732 734 -622 -230 252 635 -184 50 225 389 682 205 -1579 645 -59 402 1163 -465 637 -118 -361 1419 -1026 569 -496 487 57 111 -1150 -832 703 131 785 866 -375 318 34 13 264 -1191 -693 -179 675 -346 -594 372 225 443 994 -118 -486 90 -886 365 194 395 1000 -435 -1340 -855 642 20 -957 828 -270 456 1257 704 -572 -809]
[648 -150 1055 138 -274 -599 326 -433 1072 1116 86 226 441 704 -657 589 20 441 226 -184 761 323 -256 -1101 622 1581 580 -246 -1096 167 -655 -514 897 646 -386 -482 573 -1343 1173 253 -92 -91 -699 977 -10 -1177 -163 990 66 425 -1477 -983 -808 124 1061 -594 863 211 -1183 -970 -749 -1542 -343 -208 87 -459 74 -382 172 211 -1156 -322 -2180 398 -163 8 -803 -392 202 883 -60 -1022 -831 -391 576 1443 600 -714 -163 694 658 5 -752 -362 889 935 -416 -188 299 34 188 148 -225 -41 127 126 -545 217 -120 786 346 631 156 139 270 -520 -342 542 -1247 160 1012]
]
