5503.730553 2924.265949 1.028601162 65
[[189 -754 -194 -576 -1090 -359 611 -101 -498 1553 200 -272 -719 -927 68 -804 24 132 731 -444 642 -291 -640 -80 368 -116 327 78 -309 73 -18 390 -191 -813 332 -329 351 258 431 -351 528 762 -808 82 166 -238 323 -108 395 422 825 719 -42 -140 797 728 -340 95 595 -43 -329 266 -700 -4 165 -144 266 153 -175 400 662 225 190 -54 -469 191 549 131 96 -370 -257 -368 -272 800 83 -601 -11 302 404 616 269 -581 867 1004 333 -997 -712 1314 493 -409 -274 361 269 435 -75 -190 -668 -448 -247 136 479 -590 -295 55 -785 -255 407 326 -341 -1102 -180]
[559 308 273 332 340 653 -1291 -320 -616 331 26 -48 553 -714 22 -912 934 1071 98 583 497 249 -14 422 217 -123 239 328 -11 738 749 -739 174 129 -465 1156 279 -55 -233 -21 351 -311 -302 106 -1072 503 528 -146 103 -402 -137 -511 53 -398 82 164 895 282 -75 346 -375 15 249 -354 269 -179 579 824 -148 623 17 -639 69 356 144 -243 575 466 825 -51 461 -323 -889 -334 177 813 183 -372 1102 521 1449 1258 -495 -391 173 -1090 -792 -13 -700 -136 -518 419 255 550 -524 -1556 968 63 -591 -1013 679 576 -865 27 364 -77 2 -6 315 93 69]
[83 161 1000 -49 259 -566 -385 567 -354 739 428 944 782 208 98 -35 -303 853 -140 -167 -15 -785 972 -524 46 238 -579 262 461 545 -412 -440 637 377 -497 504 -270 382 -72 -209 -534 139 -896 253 184 468 -233 -1049 -875 -76 101 -646 -292 -625 -397 245 -163 100 321 351 -266 -1044 221 -56 870 -218 -257 114 -1020 -1197 841 -424 -87 -144 -190 -706 335 -108 423 -894 378 1194 50 -383 -592 923 742 -1008 1058 -392 -104 1110 303 -1142 -537 762 -342 141 508 -115 1070 -26 165 -177 -85 -1689 -323 589 -97 -324 512 580 329 -463 409 290 714 58 -516 180 -76]
[663 -767 774 -440 -249 -826 448 496 -1041 606 725 -206 -563 -1393 236 -319 306 176 253 230 -39 -379 20 -334 637 369 -546 -524 965 -1 697 -392 299 -624 -928 92 199 1375 -142 1018 1311 814 -970 -150 11 -607 -285 -1084 -581 -176 1237 13 -226 548 -638 1019 -182 180 273 389 -419 -853 -324 435 457 -170 -17 -232 -560 -103 655 -239 -731 133 483 78 96 503 -531 -902 82 -169 -1259 -701 35 25 -599 -348 1414 266 -734 224 -28 -459 -592 -1079 -1098 396 1083 -152 -218 99 470 730 -155 -1197 -533 675 -458 -764 263 -38 104 170 -901 -108 43 43 147 -922 377]
[649 666 -47 94 244 -607 863 393 -582 -784 -383 -547 -700 -961 -228 -245 435 -201 -153 382 -1070 236 -248 853 -1294 38 298 -122 -280 -412 885 245 -84 -865 66 106 47 1183 -804 551 745 254 -27 -766 313 -915 -681 454 636 -192 193 96 -46 595 -30 -30 149 -853 -457 -503 949 -6 -226 -77 -577 1105 562 49 347 532 -736 1098 256 -359 918 785 -471 317 -759 1070 -284 -413 66 -416 397 -116 -311 -4 65 527 -317 -194 275 78 -49 -743 -402 133 597 927 221 -238 749 1017 391 1174 779 -482 -570 -403 -202 605 -1330 735 -364 -1815 -536 61 634 -54 229]
[120 -434 270 -636 -604 -688 516 -496 356 273 1018 -38 -99 210 488 1327 -1308 -830 998 -438 -789 -245 491 -779 1037 40 -552 -449 579 -86 66 -1148 -141 186 408 -869 -294 -77 240 -379 106 479 -764 126 401 -111 177 -975 -713 -10 137 841 154 -157 457 912 -937 -117 1563 -656 -1107 -909 -415 577 -62 445 -319 -1143 441 -719 761 170 -1003 377 -477 -343 320 -445 366 -1067 331 -706 -518 620 -1075 -140 419 -712 423 -913 -1299 -346 267 479 -323 918 284 -401 538 -202 619 -61 306 248 850 846 -917 1090 91 -236 423 -341 432 82 -419 909 57 -9 -90 -592 -1155]
[-570 899 508 -196 340 -141 -193 308 -285 -1019 -223 343 -2 672 679 1184 -277 -60 762 -544 -19 -83 -943 -581 563 -92 -761 -17 -246 -722 -346 -1596 441 1984 68 937 -969 -339 -147 -797 -943 184 29 885 401 282 547 -660 -505 -472 -281 -685 -107 81 -984 -245 96 -39 -275 -655 -986 -467 339 681 -270 -275 292 -837 -299 -377 452 -517 -497 1106 -725 -575 768 -1061 606 -1666 562 555 -686 -544 -899 705 -225 -206 -437 -816 621 1044 -681 -324 -565 551 590 -458 -679 612 631 345 -262 -383 131 -781 134 572 -324 -434 108 921 871 -124 285 1351 10 -14 -654 946 -497]
[770 -938 333 892 -639 484 -167 -274 -928 592 63 535 63 -452 -201 -952 650 298 -746 421 1087 511 1590 409 387 218 -89 -378 207 -55 -966 935 133 -1474 -1224 332 1248 691 -236 839 1391 -532 -235 -390 -90 292 -57 289 -875 -402 537 -702 -24 -205 -933 -110 309 465 819 1739 23 -729 -461 67 329 -577 -299 181 -909 435 1112 -1123 -803 -704 908 -447 -194 -65 309 710 -455 1 -141 -66 519 -259 188 471 1103 -221 -201 318 -93 -869 -964 -725 -321 46 750 681 470 311 199 397 -984 -1790 -386 541 65 -152 578 -276 914 226 658 158 664 -628 -486 68 517]
[-271 -584 127 735 -847 250 609 -133 -107 -436 444 -146 -1004 0 -455 -52 -22 429 -1023 -173 145 -220 429 64 -26 -236 -731 -965 440 -578 -473 35 225 106 -546 305 -353 36 -131 1266 496 326 978 244 668 -590 -681 227 -665 -155 -483 -720 -116 1028 -564 161 285 158 -1085 956 1056 264 -429 786 -571 650 440 -14 -826 72 524 -261 -171 753 1136 14 -1272 -525 -94 -845 -34 42 230 -693 826 -1219 -1298 1134 -625 -558 -400 -285 -917 -302 -1288 699 252 -490 1130 318 103 -272 -244 -448 -686 -108 -872 874 -322 -268 -486 -822 2460 426 -84 387 436 -509 -789 -310 499]
[-355 -496 -779 -204 -1080 556 395 -178 357 73 -178 -366 -1188 6 -187 915 -351 -421 303 -340 134 582 220 -57 -487 -1554 293 -448 -723 -995 -808 -22 -1003 19 500 412 495 -812 195 -1004 555 465 160 471 1048 -334 347 379 -276 532 645 -325 -505 -673 180 -430 -642 -347 416 -884 -228 341 -604 609 -1191 954 635 -108 853 990 215 39 355 235 -903 -307 632 -821 -50 -1220 -576 -158 -576 263 -662 -1579 -432 965 -674 -636 -278 -1035 154 239 -250 54 882 682 379 831 65 -216 -1 -400 1197 498 -1106 485 54 -36 81 239 1004 461 -1134 -65 -565 -119 -1181 -804 271]
[-206 -500 287 -199 19 64 -21 430 -624 -628 61 382 -267 -542 775 604 562 -1014 -160 -466 559 185 182 -1135 823 -183 -19 -1018 760 -450 -705 13 99 95 -772 1220 633 -292 153 41 1205 1053 -676 1346 1168 246 -277 -1192 -565 474 436 -182 -949 -234 -786 86 485 531 861 -122 -796 -218 -406 -103 -49 -281 489 -298 -328 -688 519 -400 -602 -344 -777 -1085 58 -323 -670 -1192 -535 665 -825 -988 -28 14 -513 79 807 527 -1334 622 205 -1175 -463 -396 -501 42 -18 -269 97 1379 1089 -350 -107 -1822 -1136 858 404 187 585 1290 541 -393 -507 -251 -52 -100 -89 182 634]
[-112 -549 -109 15 -43 -851 113 779 1198 6 -473 224 -463 159 -34 -326 -311 -32 -517 -61 -574 -333 1111 -814 -259 483 74 -318 713 -405 -441 1282 124 -975 115 -595 102 -390 270 1235 -223 -256 125 344 291 221 -2162 -795 -160 847 -98 -112 -348 131 253 -80 481 676 -883 405 499 -484 -368 -500 1162 -174 466 -860 -605 -1781 -396 646 446 -379 74 -372 -929 890 -1020 -35 -217 960 1345 -805 -13 71 -232 354 -252 591 -828 -898 356 37 643 971 -278 350 490 -2462 72 36 407 -400 -1177 85 -1053 539 1117 298 -337 1 -37 -203 -936 -553 503 389 511 -341 561]
[-460 960 646 236 585 -379 -225 447 -552 -191 -354 113 775 -346 389 1202 600 509 -455 250 -38 -465 596 105 -557 -1551 -3 -367 541 998 1204 -725 465 531 -97 649 179 -83 -938 -86 765 -183 -440 806 348 -240 -653 -560 -406 92 -251 8 -752 62 -285 225 58 -382 -86 -310 50 34 -397 -26 -222 1096 243 716 -355 966 760 -337 634 650 38 -361 -984 -512 -86 -106 90 -426 -1102 -228 214 -389 382 -337 1187 -226 -545 1170 -698 -1007 -1285 -4 -207 -275 277 944 -140 -256 824 -41 1137 -168 -442 -187 -223 49 505 235 206 293 242 -1214 -731 -33 122 -8 261]
[-211 -152 181 -417 -1178 -628 924 388 -39 817 -717 546 -136 -689 452 -220 -541 -377 39 692 1014 -195 -226 374 -345 -563 404 114 -884 -331 -778 467 375 -380 366 -1224 202 45 451 -417 -15 75 -329 -503 795 -372 306 1421 531 -706 357 477 211 -128 119 -205 -832 -382 -512 179 580 354 -38 -225 -194 -127 427 461 -162 1593 1054 -292 1340 -144 161 24 13 -361 -80 624 -689 507 840 825 131 -848 348 428 -617 -224 179 -1271 262 576 -1987 325 237 869 1353 1462 233 -1296 -867 -205 111 916 -367 -949 21 605 17 -784 782 557 271 -206 794 -287 -901 179 583]
[-1305 -162 -417 -14 -548 -379 74 164 724 -1588 -593 -169 -96 227 838 933 158 -861 -834 816 16 -568 127 -491 654 -466 -244 -842 693 -529 -41 65 482 428 -347 200 -76 51 122 491 363 -66 1563 1163 144 -78 -286 -207 -919 321 203 -474 526 171 -230 -422 121 -167 -1194 -764 -33 636 369 128 -450 -194 167 75 -29 273 -480 53 98 543 121 -1670 -771 -255 -1239 -1250 92 -58 53 -1083 25 551 -1431 1214 -890 124 -1233 -561 -1146 -443 -821 1102 -62 -78 199 -231 -596 -792 -682 -1307 -7 -63 -513 377 716 649 392 815 1286 202 -572 -243 -882 -754 595 695 662]
[605 28 589 -251 1353 -1039 501 998 -846 147 1266 18 855 -300 -754 0 -918 162 -116 -429 -1628 -79 407 189 169 1037 -312 577 478 435 -292 -542 -251 612 252 -906 -620 587 88 625 -491 329 -1009 -536 -515 -71 556 -258 695 -466 560 566 278 -34 -321 38 -413 -643 332 54 -214 -555 -193 -509 -555 242 -1008 -456 489 -1133 -707 130 -477 -715 812 780 906 1202 288 -143 957 768 -362 -476 -1015 51 997 -1750 1015 103 492 -23 637 -313 941 195 -304 -1165 635 376 505 -55 -94 927 538 421 1268 54 -262 -1122 -746 -640 -1177 74 815 -153 356 258 355 -21 -241]
[149 -730 -196 -1114 -442 630 1055 -353 435 490 1209 -272 -1239 116 -954 724 421 -1090 544 -82 744 454 -399 -405 -225 -117 72 -624 -527 -747 -17 170 53 -655 -135 -17 477 -11 354 -355 947 1439 -748 23 1619 -561 400 140 170 185 -207 434 -1346 66 454 -30 -166 475 1055 -117 -28 11 86 -10 109 411 111 411 212 232 421 334 -419 -555 -585 387 -7 -256 -222 -57 -899 287 -189 355 676 -399 -70 290 503 -403 -1259 128 869 52 -106 -669 -170 1257 48 347 476 516 175 -507 -79 -605 49 -167 -78 -315 334 930 90 -477 -393 -53 544 161 49 -975 -257]
[128 -95 248 131 202 180 -442 571 709 448 43 -43 151 -54 -686 878 244 -1081 425 108 444 378 396 244 630 -963 867 -581 787 258 265 244 -1140 137 -300 -220 35 -1283 463 443 1516 -635 69 1177 146 -637 860 362 3 295 159 1019 32 53 334 -305 324 -284 106 -2 -1595 280 -436 -280 -526 421 -687 142 726 1074 -181 -915 267 254 -137 -309 -91 -305 305 -160 -117 -800 -1745 400 -379 -592 203 226 569 -142 158 171 121 -463 332 -355 -207 -624 -373 504 -588 326 25 -420 336 109 200 -195 564 -985 480 -629 212 200 17 -906 -444 -437 838 -604 -295]
[126 446 314 5 -942 470 -1177 -487 -221 825 -34 164 54 528 -183 -1055 953 1002 241 -286 914 -179 -1440 890 363 249 -217 151 446 -296 -35 -180 -256 526 -932 1188 -373 610 -558 -164 -395 -141 896 -92 -638 93 1466 798 -525 -381 238 -508 816 80 425 -313 -171 -363 7 -311 235 685 1562 954 159 -877 -635 884 -87 1096 -838 -279 -499 396 70 81 815 -1503 448 -364 821 -909 -756 91 248 828 -1092 384 -1216 212 1193 684 0 -221 406 -611 2 441 -758 1368 -888 515 -676 -36 -804 4 352 -461 -775 -167 -104 259 910 -220 -460 495 -758 147 251 -53 -226]
[-900 -633 -902 606 -804 425 720 -1003 -90 -310 993 -631 -604 835 -1039 -598 377 509 -664 -124 -298 -490 389 -442 404 290 -1046 166 -368 78 162 552 534 -92 336 396 -51 462 239 171 -537 682 580 -231 -135 92 -241 -128 -400 688 -656 -602 -310 -171 10 669 113 801 -177 604 1051 -66 275 360 -34 591 -150 34 -791 -1405 333 372 -776 183 820 -590 -708 293 811 -1030 266 1059 1254 -449 421 827 -107 968 -53 -531 -543 65 -522 73 759 156 -496 -799 -181 -877 1343 -30 -461 -967 -190 -1015 -58 123 50 -255 -22 629 338 -186 -223 -267 578 -745 -262 -254 -811]
[268 540 -333 -127 76 108 493 1072 -113 552 -639 -226 -947 -18 -733 -109 -323 103 81 -1407 -153 -718 -1092 -122 -137 -449 1397 369 -1027 -949 -823 1263 -1324 134 1334 213 -743 -467 724 -1039 -205 1025 -583 1026 765 -417 -268 -640 1176 979 752 77 19 -296 -330 103 434 -424 -204 -1016 -387 272 -374 -351 -819 290 94 -1209 122 -1697 -359 568 293 -629 -716 666 881 189 -278 -1048 -864 1407 489 -477 -941 91 -283 719 -402 1467 868 -666 1858 27 2291 -912 -239 377 -867 -898 401 1063 153 -459 805 -154 198 -437 -239 364 -158 999 -1272 -353 -718 -1199 14 501 -611 43 281]
[243 865 666 612 1905 -767 1171 1463 36 -992 105 -1345 -594 -144 -435 223 866 542 -317 -387 -1165 -192 -724 641 -570 -129 487 547 104 -152 1141 38 120 -575 277 -72 -594 -168 -328 1250 -43 -625 398 770 -224 -962 -1370 -461 398 279 205 -309 704 1255 -390 113 1384 -794 -1959 448 -497 -6 -357 -290 -313 1022 66 -569 -657 70 -742 203 196 570 793 752 -387 298 -1140 398 44 -129 -748 -448 344 -14 -438 450 -183 802 779 345 -53 -317 1410 -54 -738 -62 -42 -676 -642 56 494 191 -851 128 404 -1152 340 -580 -259 -274 -679 95 109 -891 -1231 535 1511 276 399]
[-366 94 -36 -23 205 -1400 -966 655 -248 -693 254 563 496 -1129 63 -1145 35 1124 -981 1060 -1229 -449 859 311 -889 450 -471 -686 946 791 57 -228 333 721 -598 1224 -735 1279 -431 1412 -223 -177 352 -1077 -1374 59 -743 -152 -368 78 -139 -789 -148 0 338 -108 -5 305 -778 -173 1179 46 645 -265 402 243 -238 562 -327 -807 -1543 652 317 -456 1439 -794 -59 511 -42 -172 1224 237 -356 -942 -271 670 -619 -769 251 435 405 277 -722 -1084 -486 82 -836 -888 591 35 -386 -833 341 32 687 333 470 -256 381 -967 -1466 520 -416 681 -926 -642 -487 315 543 -147 439]
[734 -665 782 -813 1155 173 444 1087 39 608 1165 -208 1 -394 -795 77 -44 71 -30 198 868 -177 -488 434 573 -406 -260 -568 320 173 -38 357 -87 163 -960 -937 -634 334 274 332 659 514 -611 -429 -435 -482 412 247 84 -1086 382 -594 232 442 -1051 273 -430 201 210 1093 -959 70 364 -130 -747 -583 -1382 -522 -862 -169 760 -1256 -321 -521 822 685 919 524 167 423 -729 596 -1389 -22 -120 -314 -415 -670 442 62 -160 -455 447 -722 -347 -993 -18 -719 18 803 -305 -629 -502 409 263 -736 -13 -961 -292 -432 -634 -525 798 -199 469 1241 121 -201 -575 558 1109]
[949 -1614 -211 -43 -460 1088 -35 -347 883 1014 1938 -5 616 835 -1293 766 -727 -108 -224 615 347 76 1266 -331 411 -706 -153 -145 373 638 -620 -474 -129 -117 -890 -245 95 -1484 971 -768 -326 448 -225 413 867 -292 1487 627 -936 -621 -351 -955 356 -778 1020 405 -619 -540 498 291 -683 105 -250 -600 -199 575 -649 1199 679 157 773 -468 626 231 -437 -950 207 158 564 -1218 -267 388 545 400 -504 182 498 -380 259 -351 -381 535 621 -634 -482 2397 120 -237 724 207 882 -923 -369 -1209 -262 -749 -714 124 26 -429 914 -193 1914 -462 598 643 422 -792 -470 -257 437]
[486 -174 784 -171 -1156 -790 -625 347 -805 1219 664 213 445 -886 -165 230 -760 541 741 -81 -107 111 -876 -71 1312 -98 475 -227 562 367 -58 -506 -1160 317 842 17 -345 -27 226 -490 -199 261 -1142 481 487 -403 1237 -252 -106 -365 1380 926 375 -275 -260 916 -1159 -1050 666 -621 -806 -352 -297 145 214 -484 -583 -849 772 -180 26 -610 -42 497 -1059 47 988 -1128 -83 -1760 552 -810 -1147 471 -1091 74 422 -391 524 294 608 604 413 -482 297 -296 261 318 262 593 -247 26 159 -80 631 165 -475 203 -13 68 -281 -577 861 33 -599 896 -762 695 -511 222 -105]
[531 480 389 -229 666 -506 -23 47 223 610 362 962 1497 -14 1114 220 -913 -713 158 -732 70 -940 -605 -1055 759 588 453 489 509 553 -168 -684 152 968 409 -1013 -298 -1541 1370 -334 -854 883 -1312 772 389 -189 912 -237 95 272 -468 1187 764 -614 -20 1040 -74 436 708 -500 -209 -540 1194 -634 301 191 -160 184 916 -1445 -303 -224 -46 -65 -167 -617 84 -3 339 -561 186 870 864 51 -717 736 1452 -992 221 322 221 275 1340 205 -13 865 -606 -1563 -342 -73 863 805 -430 -535 303 242 382 -36 -19 203 339 16 -841 -992 1061 -894 362 -58 1183 -213 -336]
[-364 46 -1067 -591 -126 687 -146 -349 161 -169 -396 -385 -538 -474 95 -153 909 199 -827 453 74 -179 -77 479 -282 7 895 58 -1507 -482 -407 1127 353 -644 664 990 60 708 388 -895 336 151 287 -57 -602 590 -165 -15 1146 358 580 198 403 -760 968 -573 555 213 -235 -835 75 1151 219 -576 -961 -118 717 38 -29 296 -710 325 535 -961 -584 103 762 1220 -447 884 -1061 247 0 -75 628 415 -818 892 -196 1212 605 -1269 -39 127 1287 -1040 -858 897 -857 -1808 -545 -643 -862 -636 383 -480 1045 -497 -35 375 252 1121 -1294 260 -744 145 339 190 73 426 782]
[-471 914 1183 509 770 -44 -1073 832 -995 471 -1109 894 196 457 13 -253 789 -137 725 -1021 265 256 -557 138 22 224 -965 694 1007 -53 -399 -635 61 1328 -1143 642 -84 920 -544 -52 -484 -545 -857 -12 126 13 144 -245 -256 337 670 -458 -1081 -58 -563 -111 -472 437 -438 508 -243 -596 786 1213 1166 -653 -913 394 -506 593 537 -353 -477 -6 -249 1168 200 -823 410 -176 207 929 -631 58 -205 884 78 -1217 -336 -260 287 1551 -53 -966 -485 -1017 124 -287 -733 1156 337 1428 112 371 -203 -1260 -315 141 -42 -130 -692 73 -396 -564 -127 -971 377 -209 -561 -512 -41]
[273 437 864 586 342 -212 -674 -147 -418 -8 -366 852 145 -449 1271 -774 535 15 284 273 1036 -517 -534 143 -425 47 -163 331 15 -112 -271 -713 544 621 -884 981 -564 -49 356 -477 -677 -160 771 -573 -716 450 599 -54 -1003 -289 -465 -1354 924 -223 -473 -54 1080 -479 -129 750 -299 -525 1137 253 123 -193 702 1027 -1443 465 74 -707 -497 149 307 -1399 838 -1179 591 313 -19 400 -204 478 727 450 -323 49 -710 -451 705 668 -542 -368 -1688 680 -21 -174 505 1664 309 412 -121 675 -992 -1416 17 -121 -757 -129 1041 607 373 88 771 1030 -119 -597 433 1380 -491]
[441 795 -356 629 -690 988 -2105 -211 300 -357 -1129 392 -569 -39 -872 -499 918 21 -1411 96 -372 -382 616 954 -637 -425 505 -349 424 -1057 -466 775 -505 79 -856 1372 -526 500 -477 439 608 -120 811 -908 -255 92 -1297 62 107 1023 -423 -1143 -469 -13 733 -129 1008 69 -294 -211 1990 399 654 -78 17 646 836 1031 -215 -150 -1234 1114 6 -481 1050 496 -417 111 -251 721 -289 44 464 -517 567 491 -1614 1008 -1023 1491 -486 -55 -449 -1292 121 -527 -220 -573 -472 -504 -564 526 31 -374 280 -265 422 786 -265 97 -128 1523 -926 512 -1433 -1360 -433 -135 638 -900 829]
[-197 -1051 -359 474 635 1325 -723 -835 -1228 -97 -289 178 1073 -5 -118 151 779 -695 -412 507 1402 -130 -36 -600 1139 -488 310 251 347 726 -291 121 438 175 -384 -251 1134 -598 685 -823 550 -98 -207 28 -1018 567 494 128 -112 -92 -542 -508 -342 -98 -734 341 334 1473 1501 780 -374 285 -626 -537 -18 -1061 385 713 -53 687 1410 -598 -896 -692 -143 -174 -584 743 595 821 -998 -305 -328 13 718 -308 260 552 1235 645 -49 517 -148 -161 -1068 -1545 174 -1049 -1300 368 -528 922 357 -107 -461 -1735 112 -496 338 1181 640 157 -334 -124 1343 209 156 -1300 249 354 144]
[1148 -774 433 291 -1666 271 -170 -780 -660 744 709 -1203 -516 -691 -589 -908 1338 813 -204 -14 100 1292 716 1011 1015 450 276 -501 -48 -420 99 -294 -301 -1375 9 -154 601 0 -610 1623 984 -139 211 168 -331 141 950 635 690 -1041 173 1361 939 387 730 70 936 -569 -85 854 -874 141 -803 18 -97 58 31 -939 5 1513 -18 -795 -291 554 687 -38 998 534 1259 477 1052 -1331 -906 614 403 -164 -176 608 476 199 1068 -445 163 640 929 -488 -1124 -152 230 -702 -827 734 38 845 -1642 437 674 559 -495 -1818 956 -1159 618 790 265 1182 630 577 846 -6 -893]
[164 -60 -235 894 -259 1049 155 -876 -288 -498 -593 -271 -1202 -607 136 -105 1150 -394 -777 83 -94 487 1386 731 -936 509 970 -731 -1301 300 -234 248 -373 -1493 236 927 763 263 -234 344 632 -529 763 -925 247 182 -1132 397 320 22 -748 -276 -83 645 382 -130 927 747 -286 885 -26 46 -616 -60 246 938 606 176 -408 1280 -277 497 -103 -462 318 362 -1150 135 296 1990 -1509 -633 145 977 1260 -427 -398 602 -657 42 102 -60 76 -202 -666 5 -595 -4 -289 -941 -519 727 926 -508 -820 223 31 477 159 151 128 -133 -125 -39 -97 -4 688 431 -83 247 200]
[342 651 -466 543 -181 1172 -1300 -1091 -50 184 -820 393 677 741 246 612 423 -730 244 851 603 240 214 203 660 601 201 624 294 747 992 260 -1067 124 -993 716 68 -298 -267 -1626 -277 -1209 603 -1305 -975 434 1481 1096 -320 -59 445 -62 798 223 -196 377 -407 -454 1678 102 -416 -262 1299 459 -345 -355 -909 1180 801 758 -830 -857 -322 156 -162 -185 346 -1157 1120 1009 -274 -887 -583 913 -801 987 457 -163 -404 -820 -147 319 -970 -605 445 -51 303 -1634 -701 732 -85 -202 -395 -167 260 695 318 -320 -630 574 531 292 -151 114 -519 110 -1359 -776 497 90 -586]
[1381 56 -219 115 -129 -135 -277 522 -1017 579 432 364 853 617 -522 899 450 9 140 -621 492 300 374 -259 -317 -823 335 -352 -66 -391 -497 70 -534 444 242 -23 185 -108 -349 11 -105 458 29 1177 605 135 1082 -384 -1289 189 255 51 -12 -612 -796 -1019 110 -1273 670 -315 -354 -429 -27 -112 -202 -373 -1610 -5 661 214 -377 -123 -943 43 45 30 247 -709 72 -712 775 -262 -332 147 365 -165 450 384 1055 -115 286 1695 821 -443 544 276 338 618 257 1747 719 1086 25 29 291 -84 535 -128 -554 -131 49 185 161 -167 1354 -412 -668 669 659 804 -489]
[-1272 -903 -287 141 623 -754 1315 424 -1177 -545 105 -322 -899 -306 369 403 616 -792 -538 -456 -692 -281 35 -675 121 1426 103 -342 -624 -1306 -601 270 672 237 318 864 -10 556 343 816 789 679 629 11 -73 -122 -270 -365 811 64 399 243 -614 1397 -456 -617 916 983 -759 -418 -491 -299 -814 -338 -246 -264 545 -510 -791 -352 -223 808 -896 -504 441 -249 -143 1022 -988 -113 -52 790 -747 -1154 469 -978 -662 993 145 394 511 -659 -264 -302 -27 -153 -881 -103 -25 -334 -639 688 -25 -1186 62 -420 391 -52 487 -343 -98 25 -308 -132 -585 830 782 49 480 -314 154]
[-172 -706 543 613 353 1818 -390 -1779 577 -1091 583 -643 575 -315 829 -55 -57 -362 -584 1459 448 851 1070 220 540 205 445 160 211 -114 970 -932 -11 -555 -27 69 635 -142 -33 -336 609 -434 263 -239 -772 216 363 -71 551 -463 -85 637 801 69 -419 422 269 -214 747 -52 -726 194 795 55 -473 74 766 545 597 345 29 -489 -376 -587 -90 -361 386 823 -567 896 -436 -463 -229 -190 323 619 -36 280 609 -315 -1038 -625 -819 -688 -303 -128 283 -247 -382 -376 -1361 -844 34 208 447 -263 540 1244 -437 -9 1208 572 -485 338 738 1377 -849 -717 790 770 204]
[805 1236 327 510 -1815 636 -493 -671 -542 398 -1278 -161 -960 673 -949 353 816 367 364 -846 -17 -798 42 -144 -221 -654 454 168 -677 -866 -338 -150 89 -109 -144 929 -447 -309 -645 -1146 -254 260 322 779 715 -360 -243 345 -158 103 -1175 -721 -165 266 1086 117 254 -509 348 -461 -177 -280 -900 647 -269 609 763 -484 46 757 1159 799 221 1428 167 862 -240 -1132 1507 -544 -98 -204 598 665 -982 583 -703 414 -277 334 635 1020 1530 -40 -322 -208 -213 -425 -531 243 1397 753 494 138 -481 653 -21 -76 -993 -218 1214 1312 61 537 7 -889 884 -483 -863 -454 -1163]
[-207 -657 -1056 780 -479 769 -1143 -485 55 60 -671 -145 541 495 -373 500 -28 -21 -259 -352 -484 332 1267 -512 -54 -18 -706 -256 487 434 895 284 345 8 -390 104 78 -563 -310 750 -88 -404 898 668 -18 396 -841 -395 -1036 726 -604 289 -52 105 -215 607 -31 1040 -1054 371 467 -104 -1339 225 504 -437 332 -470 38 -445 438 1089 183 801 -177 -22 -1716 643 429 660 -185 -1600 -93 440 957 -763 -304 1383 105 9 -600 -86 -877 668 479 184 340 -378 -176 -2240 245 -103 464 -399 -325 -295 -818 1086 659 646 319 -1198 653 -96 -497 666 164 112 491 -554 57]
[-986 -634 -305 523 -758 -589 -261 -272 -258 29 -753 76 -60 437 289 826 130 -636 -849 -1253 -577 -803 881 -233 1393 -226 -334 -1239 472 -376 -1176 1318 -534 -47 232 -841 31 40 306 962 1290 -99 556 433 -464 120 -1009 -1066 -203 897 -277 929 -302 -624 22 382 40 426 580 384 -854 -543 -1122 184 -259 527 -770 -1616 -827 -1553 489 -490 -962 93 293 -1041 -13 -91 -283 -954 318 232 -249 101 -167 -511 -224 884 26 204 -1299 -915 -114 -686 221 166 -48 -1304 -236 -1194 618 705 34 -127 1508 176 -1518 1162 774 249 490 -787 571 304 -443 663 753 -445 -438 -135 -677]
[-489 -1040 -743 -533 676 266 364 -354 -369 1540 -531 193 -109 394 522 -304 534 -59 -286 -204 320 -61 -91 -628 -675 1008 186 471 -627 744 -49 1567 -780 -861 -131 -28 718 159 470 -1473 -809 585 238 -1151 -97 605 584 22 1007 78 1203 53 -111 -211 -274 178 -532 109 182 160 189 236 299 -383 757 -656 -710 414 -117 -1007 -382 -338 469 -1207 -1810 81 678 487 -951 331 -1220 899 1086 426 631 -471 732 -467 -250 -230 -755 -825 331 -19 837 138 465 1394 -132 -654 667 439 -416 -104 531 -508 -851 -179 -486 1520 129 -630 437 -1477 -390 1162 1111 37 -1135 484 880]
[-141 -296 -1117 -131 1002 618 191 -451 386 -2078 398 -687 -597 -271 614 474 147 -292 203 353 -1191 79 -57 22 -321 231 -541 -1117 -647 -513 551 -991 162 710 -247 1262 -344 167 123 202 549 324 658 -430 -1107 -314 -9 -490 357 -131 -336 -1022 272 254 584 -316 691 -392 -470 -1230 -901 427 -146 -87 -1339 1361 751 778 272 -173 -1479 669 -64 549 7 -953 640 1026 -1035 -609 326 -99 -329 -1574 420 414 -1425 -182 -1208 841 525 -114 -1146 -189 -142 1156 -169 -598 -240 -1143 -832 -1238 -255 -350 1416 -55 445 683 -759 -702 -100 374 -636 187 -1077 737 -431 -101 171 179 987]
[-36 282 444 33 859 -1598 603 1399 460 -333 -405 -549 -66 -326 78 1810 -40 -770 304 707 -764 88 530 223 -174 -1460 596 -448 225 -990 1025 -495 -311 508 719 -1563 -252 228 -344 948 -230 -135 489 549 -440 -946 -1007 -433 -54 22 359 -85 -204 -47 -589 -217 -702 -46 -867 -606 -645 -774 870 206 210 1069 -1412 -1403 1195 174 -942 647 -860 702 1581 243 -447 332 -1023 -316 98 186 -451 -301 -1097 414 414 -125 266 -210 -777 -36 -130 -433 178 64 235 -887 -23 961 16 -623 -220 148 1335 1967 -145 -811 163 -703 -852 593 -916 368 -394 -1740 -1242 13 1479 855 609]
[1200 -525 22 142 -143 243 -123 66 -1260 1144 881 729 412 -34 -194 -146 -100 -250 321 -212 -177 -56 268 -698 378 208 786 992 -936 294 -781 416 -296 -560 15 1167 566 137 557 -1315 55 598 -638 104 116 187 955 -1521 -92 345 988 143 171 -940 -266 -259 -465 -348 1676 -499 -555 -33 -1604 -719 -47 -511 -3 -575 1085 -98 624 -577 -615 -357 -1601 210 336 798 227 -54 -673 -174 -133 82 -207 -738 795 -495 1474 176 464 716 422 -385 941 -198 -167 243 -102 -85 344 31 -117 182 384 -913 119 628 -78 436 533 -77 -201 313 415 56 294 -455 -394 72 -54]
[-341 623 736 574 -541 -417 -140 806 -302 -199 -347 -69 631 -192 497 -512 193 1010 -630 -886 -635 -1330 392 -375 -287 -525 -732 429 1489 463 673 125 427 133 -323 -161 -852 71 -399 623 314 457 142 683 -156 -351 -577 -354 -1423 591 240 33 620 -336 -506 530 6 -1329 -628 95 493 -304 208 405 -559 411 185 -74 -1246 -710 247 -203 929 921 484 -356 131 -551 -328 -1224 999 217 -366 -291 30 322 -28 -173 328 -340 -937 464 286 -431 -486 514 -340 -194 1442 271 573 -769 337 114 903 -499 -920 242 -176 -57 522 -416 482 -310 22 -427 -607 134 -153 -519 0]
[341 -123 987 -612 1190 -273 669 811 649 -692 897 72 -466 -901 -199 -742 -789 -845 600 -59 -1006 -375 -511 -343 -799 1448 -93 425 438 137 286 303 11 -295 -270 190 -462 339 978 775 -600 278 14 -1368 109 -842 110 -278 7 15 1120 368 514 410 -353 219 -245 -673 -186 433 -651 -875 253 136 -79 -287 -410 -157 353 -209 -1656 370 38 -236 -869 935 17 622 -651 883 -798 384 -728 -245 286 -108 -240 -1109 -632 -594 -426 -919 432 7 818 -119 -304 -351 1051 -666 -276 -1190 -598 -15 -1 -542 320 166 560 -168 -797 -840 -303 -792 -718 1203 21 443 316 -146 -116]
[0 -11 97 689 149 807 326 -163 311 -1145 -478 168 -451 -765 874 -1146 -291 167 40 -227 1094 342 -865 32 -228 737 206 -909 -240 96 90 6 188 -100 -782 1067 -836 -1092 241 794 696 -330 97 726 137 -512 36 78 448 -139 -1423 344 282 402 54 806 1815 68 -789 726 -1364 385 -679 -55 -588 55 584 -363 -924 -922 288 -768 410 295 -545 -550 -90 -811 476 723 -134 -666 -45 547 868 275 -431 696 -190 241 1435 112 126 12 802 221 -669 -37 -332 -1513 -126 170 995 330 -842 -675 -45 -311 73 123 -147 -754 1153 -62 626 1235 309 423 -36 515 -692]
[399 295 713 107 1400 -896 -341 463 540 -717 615 146 358 -1223 339 513 -83 129 76 566 -1268 528 1971 -139 -471 -1007 250 -453 254 475 563 -824 657 -373 1338 -93 -103 -173 6 427 385 -482 -1309 319 -43 753 -1854 -1165 311 -140 -620 -122 -802 -697 55 -274 277 -6 201 -31 -54 -440 -685 -1047 220 936 1147 -906 122 -687 118 103 348 205 296 -51 -118 1140 -488 -218 -467 83 -376 -487 76 26 1127 -1363 2252 -73 -689 1429 -652 -24 -1566 264 136 -107 283 -364 383 -159 1081 1015 107 -608 519 562 133 -984 168 588 -1481 471 1111 -248 608 -148 -253 872 710]
[-6 -309 -574 -784 -810 185 384 294 -306 -222 269 -345 -793 1109 586 1198 -390 -135 664 -799 -387 -180 153 -648 524 231 -1206 -496 -670 -1486 -260 -901 132 583 -176 -23 212 777 -426 117 500 872 -480 -391 137 -545 161 -954 -1546 377 1684 -706 -78 -250 -1295 430 -1092 705 1041 -1593 -721 -1421 629 905 212 -227 -766 -1121 623 -1174 41 534 -1438 630 -566 -443 972 176 -303 -1630 482 -344 -829 -644 -1232 919 100 450 -757 -767 -523 -123 -227 -30 308 610 171 -289 -717 -740 639 -229 -1174 -1192 1587 -811 -220 1435 -174 56 -150 732 851 -775 -1288 636 -821 517 -86 -1472 273]
[109 200 -486 269 434 -178 -155 -163 1097 -646 42 -401 159 621 -707 90 901 202 -923 -98 -429 613 -32 567 -583 -649 -819 -360 -444 185 487 1058 -259 -840 872 -889 459 448 -1129 251 -871 -277 328 -1365 -23 167 -814 582 -572 1136 -632 -737 -33 -553 -361 -411 -325 75 -422 642 1748 -224 393 -210 405 758 -476 2 -878 143 -1041 -236 139 -563 253 -185 -679 -34 -182 2030 -415 337 1049 623 895 468 515 -117 -1879 -34 -925 -548 -64 24 271 1001 359 -845 -633 -176 92 -510 -332 -266 33 251 -449 -442 800 1267 -684 -24 -61 -318 -296 -498 -1118 272 568 1245 1084]
[694 27 375 280 -464 526 -866 -103 -1011 1365 127 1136 643 -359 621 343 -90 175 742 271 683 434 -961 -132 978 283 131 225 57 339 -595 -244 61 684 -39 321 376 -163 274 -340 248 188 -1458 221 644 305 866 144 -280 -1146 1348 160 -118 -147 -542 300 -442 -246 406 -87 -59 -21 177 -103 183 -1632 266 -276 119 847 817 -1192 -317 -7 -1196 646 488 -661 -282 298 -133 -173 -573 -203 327 -161 -93 -502 -48 462 858 539 -465 -112 -1466 -891 631 86 -125 1124 -909 -33 -798 -269 -455 -870 -160 220 30 616 -433 -658 978 -228 -119 1047 -8 113 -401 97 872]
[-29 132 226 -1060 -615 -1310 886 445 -465 -59 -854 149 24 -13 824 407 -60 -628 864 -862 256 -1009 -1368 -341 824 182 -423 375 376 -635 -361 -499 134 428 102 -815 -253 -110 104 -316 -1707 -227 -66 13 305 371 -16 70 300 -186 102 -20 864 248 201 424 -642 -1068 599 -131 -694 291 83 554 -193 -342 32 -35 158 678 125 321 -290 1092 -838 102 282 -845 -107 -853 -13 -696 823 490 39 -293 -901 345 -760 447 276 -583 460 843 -300 775 362 451 1230 -63 -106 146 224 601 -891 1133 -975 -743 -815 1175 -260 -672 590 160 -157 1080 257 382 -24 262 103]
[-265 125 -375 144 -515 -1039 1174 75 -317 782 -220 -1005 -328 114 -664 -102 229 36 -88 -161 159 -193 -1173 686 -604 -424 339 -230 -248 -696 563 1441 -966 -432 200 -874 141 422 -933 975 527 455 761 288 416 -1156 557 1174 714 873 578 641 402 784 -216 476 -183 -1633 -386 -321 108 392 -410 -691 -566 271 -1103 209 -187 10 -623 518 398 -101 705 -117 118 -812 -991 286 574 121 291 450 -636 -258 9 980 -814 1158 -137 -639 734 -2 519 -23 109 158 538 1563 190 99 183 674 997 1020 136 -1431 -331 395 554 -283 -72 294 -37 -1132 -1487 -11 993 -231 -251]
[90 408 -388 -815 619 -1149 275 -43 197 785 451 580 734 72 72 -140 131 125 -62 361 625 -601 457 853 -806 962 20 -252 78 1211 1155 715 -453 -633 -792 62 -295 1309 -456 495 48 -779 114 -374 140 348 -11 -158 -383 173 -237 1003 447 557 -452 20 47 259 407 1046 39 -108 1436 -126 1391 -333 -2093 1182 -896 -230 -1243 -119 -517 -969 1019 -535 -779 -701 -45 1391 -33 20 -484 997 675 415 354 113 717 -145 -925 571 137 -184 722 -931 -357 1404 115 325 -63 121 387 -132 -706 132 670 -1081 57 -358 137 -199 -424 -419 407 -252 -384 1458 1724 -229 -1074]
[-1157 458 174 -541 588 -499 -75 -269 1236 -154 -207 186 116 1168 -4 994 -301 -260 843 -679 196 -133 586 -1215 151 49 -90 -431 411 -713 905 364 514 230 567 -213 241 -203 -389 625 -520 -98 382 389 352 954 -1156 -1186 -29 593 -740 -405 -1478 752 -669 -768 -467 1541 70 -236 -80 -442 -396 115 1335 -1138 -680 -1064 -424 -1417 195 1205 -1133 550 -299 -189 -1317 -134 -670 -11 -73 346 212 -1103 -558 292 229 -210 147 -98 -1276 507 -316 206 186 201 958 682 -733 -1190 -523 383 375 -439 -148 -408 -732 928 679 1032 -203 -304 -32 -1196 -782 972 332 569 -319 633 149]
[255 -158 -294 -970 744 234 98 158 -339 -425 1077 -821 420 -195 -151 -45 454 -876 706 741 -4 981 -1315 31 533 19 -517 261 -110 -105 818 170 91 514 -521 -158 -89 486 43 267 352 478 -449 -507 587 -73 1527 938 845 -1163 460 988 -166 253 -456 -519 -183 -139 -884 -438 331 355 386 -264 -1081 -1479 -87 -331 575 884 -18 3 539 -533 -29 725 634 1032 -301 550 233 571 -963 -589 -256 247 -22 -759 -315 391 -60 -697 -730 -189 340 -1098 -67 -517 -447 122 -206 -326 -719 -160 4 -141 1239 -127 115 -1550 -886 239 -391 -13 -670 -364 12 436 341 696 337]
[-64 1219 477 -395 1109 -582 838 947 112 -340 613 -475 560 -428 563 -948 -661 690 123 34 172 -727 -1557 -227 -344 184 -410 1650 -376 543 910 -1009 698 1385 112 193 -1034 -519 282 52 -816 82 -1 349 456 -399 637 25 4 -770 -147 -91 634 -50 -420 -27 699 -368 -1894 340 252 72 595 -545 -663 -373 964 126 -328 -38 204 -525 955 1149 -263 352 106 248 133 47 456 952 -99 -574 -523 166 392 -1165 347 -131 1486 -91 -381 470 567 -77 -311 332 702 334 248 -1063 -510 51 -715 -902 1209 -836 -364 -990 -183 126 -263 -403 1026 -406 73 376 294 473 267]
[406 96 239 -358 -411 834 -491 208 -302 899 107 314 129 795 -579 274 240 638 767 -273 1705 -64 -1267 -727 588 42 34 807 63 142 101 503 553 -60 -899 -202 -49 -485 -182 -620 -366 -109 43 1093 388 249 -42 -225 -30 278 -509 159 -537 326 61 344 697 -13 789 1239 -92 420 -215 -75 769 -1095 -217 474 -883 262 1043 -1195 172 628 -908 1045 -290 -756 587 10 209 -113 498 1151 957 -381 502 201 807 -58 376 1257 84 218 714 -17 392 1333 133 -977 321 58 216 88 -1699 -1542 -508 -936 -354 888 458 -659 853 -731 1005 951 478 810 -62 -545 -1103]
[737 183 780 447 312 82 -958 790 -92 914 -645 458 1225 325 -1088 206 -248 1193 -933 1016 -68 550 938 1477 -994 442 686 873 -175 -833 -580 650 -242 -38 -407 -379 187 -114 -900 983 -778 -1153 367 -212 -362 291 -266 1290 1352 -1435 287 -956 312 26 -417 -870 229 -260 -1164 -169 388 -365 992 -682 626 -625 -135 476 519 53 -435 164 865 -588 1014 -53 138 1344 -62 880 249 1194 958 -797 -965 546 598 118 -64 474 1729 -519 575 -1319 482 860 333 -163 178 74 212 -117 -560 30 -952 -501 1202 113 -604 -983 247 606 -266 -239 394 -93 658 153 729 700 1211]
[517 405 198 -418 -1326 -955 543 -871 416 771 569 -199 20 -728 240 -271 -272 -391 -312 415 23 114 617 283 -65 101 317 -524 -518 -66 576 22 544 -1203 678 -512 -110 519 2 -166 547 704 -699 -360 829 -390 632 652 116 382 -264 1822 350 -212 540 539 -550 -440 507 -250 1289 2 184 -319 -9 779 87 455 97 -230 398 440 59 -525 1164 -159 -117 -477 119 696 170 -1205 55 1362 689 3 589 703 833 -272 -1092 -721 647 185 -808 -700 -434 628 848 706 1140 -559 -877 186 829 1109 750 -292 -74 561 803 -386 -174 616 540 -230 163 11 68 -205 -337]
[62 -312 865 200 -250 1179 -715 -743 201 1569 261 -84 -419 66 101 -967 -535 483 506 -584 875 338 483 80 577 552 -81 -238 -220 131 -665 -98 -7 -1178 -849 526 523 304 -96 -427 366 10 -95 745 -579 502 -296 -603 -908 169 344 -509 519 -724 813 771 -193 432 231 1204 -1543 -981 -164 644 214 -406 354 -36 -896 -155 1016 -310 -241 -143 -600 -139 838 -881 551 -241 -722 -232 -968 786 -364 108 -238 -344 -178 30 375 198 451 -336 593 -44 -697 1350 202 -776 409 633 771 1155 -667 -906 -1273 1267 -210 -549 1117 653 -42 -291 -402 947 173 -66 -976 182 -171]
[1024 1598 478 -806 593 958 -1099 488 256 25 563 -46 695 79 -130 1158 -307 218 649 186 -306 5 -967 278 -204 -1002 263 535 -534 398 635 -1654 323 1202 -340 331 -120 72 65 -636 -68 58 -939 694 483 -551 366 -446 332 -1116 196 -84 -414 24 731 -195 -145 -1297 -969 -1268 -286 -70 593 261 -343 573 -174 1054 1299 1475 -103 -43 883 876 -196 1074 86 60 -366 -1041 481 -104 -368 -516 306 76 -564 -1210 25 325 738 1063 -282 -573 -534 300 15 283 90 421 -248 -229 -882 -329 919 119 885 253 -887 -809 18 624 -993 -129 188 -744 -170 741 -923 -184 144]
[-286 483 765 166 -976 -13 278 -108 -146 670 -436 645 -423 -972 -98 -171 -765 7 330 50 968 -744 -323 -80 -609 -718 -135 242 459 -160 130 211 237 -72 351 238 -588 -198 976 -1076 227 16 -1061 344 793 -950 388 80 -638 162 1240 348 261 -66 499 960 -701 -1202 28 -545 -226 -468 -78 1433 -1064 808 1173 862 -221 565 783 -373 1298 495 -729 -424 260 -1227 65 -1172 -783 190 -442 -1 579 -757 -442 896 257 -1007 -204 -294 80 207 -1364 -425 -3 624 1292 869 838 -1073 -788 -125 390 -733 -239 404 -862 219 832 -14 719 766 -581 -98 60 -1151 -895 -522 -608]
[-129 635 -707 -1060 -780 -616 -58 567 806 155 -23 -375 -720 -562 -341 561 615 -240 406 330 211 -313 -434 -1055 717 -591 -76 -1032 152 170 1661 749 -345 -224 -32 503 122 -709 -141 -306 998 556 -349 1370 1034 -757 106 339 157 469 334 437 -568 1182 433 364 12 -93 -1226 -1185 257 326 -64 -114 -294 -133 629 313 -552 369 -389 -150 1135 1388 -782 -608 -631 -547 -349 -1094 -23 -178 -960 -467 -164 -158 -615 428 138 129 49 60 -218 -181 320 -550 -643 813 -65 -742 34 -66 -83 -1437 -57 -261 -168 -133 -158 -648 350 714 428 -296 -1754 -1348 -216 528 444 -747 672]
[99 -651 -881 0 -894 47 825 -668 -24 -282 -227 20 476 490 1105 -536 -1664 -428 729 -380 474 -613 -77 64 1299 -602 -162 328 -1163 -531 -1699 389 587 758 481 -686 -653 454 229 -1108 -131 -406 151 -575 -899 933 400 199 1 -806 -185 409 824 -670 457 -188 -141 -302 1342 -775 -701 -87 -658 269 -1621 -1117 -553 -432 56 254 992 492 -799 -341 486 -118 1229 -451 381 140 582 -675 609 854 -955 -278 -417 789 -945 47 497 -1829 192 1096 -229 717 744 -122 346 745 385 -523 -1051 693 592 1130 -83 -518 -268 570 -139 -859 669 908 447 1112 584 -410 -1360 772 -1081]
[-300 -187 10 39 -824 -346 100 -632 -1735 1116 -201 641 727 -368 462 -674 950 899 -1044 -446 21 -551 179 -844 441 879 329 -642 -121 948 -283 818 662 -478 113 646 934 49 -798 0 -133 1048 -391 108 51 539 -34 699 1060 349 -669 906 -533 63 574 740 -34 104 684 352 1296 411 -740 -1080 190 -110 328 662 -74 -777 -49 132 235 -586 -5 66 -794 -125 420 580 887 117 815 -59 546 59 1040 -275 705 960 282 89 651 -907 379 -274 -1556 -600 284 -86 547 807 647 180 283 746 -779 -729 -160 631 412 -128 179 -62 435 -719 1039 535 -273 78 -111]
[619 196 450 -645 1311 674 194 352 -342 -759 438 207 974 511 -1063 788 524 -1 -764 645 466 -253 209 566 -710 475 742 -703 406 89 265 -430 208 4 -1105 441 -375 -613 -628 -201 917 242 -1024 -148 320 18 816 426 836 -1496 -1348 -90 376 645 -627 -503 923 -706 542 -550 -463 801 646 -492 -762 332 338 844 434 112 -109 -61 -212 -1465 198 -163 -370 -62 41 1455 -645 113 -9 -952 567 1188 -397 -485 415 1169 309 513 1283 -922 149 331 -945 -109 -421 1219 -73 638 1150 565 -1372 503 1592 -904 -729 -579 94 1405 -260 302 1195 -461 105 -9 2048 1288 165]
[-188 -575 -320 215 -1750 270 -99 -651 44 244 -587 -386 -273 -22 -34 793 -91 -1213 195 -948 197 -289 865 330 904 -864 513 -264 269 -850 -487 -107 -1114 78 667 -793 -185 70 -125 -249 771 -232 797 650 169 334 241 288 -30 671 37 929 571 -173 625 -785 -98 -901 1102 -695 -705 291 -875 197 -1193 363 -305 -111 841 1139 111 -10 -192 535 197 514 112 314 17 -1208 231 -978 26 905 -291 -839 -520 710 1 -7 -815 -544 621 733 -94 493 637 256 271 -132 -377 499 67 141 548 751 63 889 -722 164 1146 -479 88 250 376 -92 591 -485 -97 -812 -354]
[-151 -395 -14 490 -900 829 84 -959 655 896 854 -713 -440 -40 -1118 -576 -201 255 31 -787 1260 458 -814 38 1462 -560 1180 -18 -290 -184 -1177 -63 -635 155 783 219 191 -1847 933 -357 556 622 -153 1422 738 629 983 516 721 536 -1287 522 -498 -527 907 -139 960 845 597 652 319 1034 128 -121 -839 538 849 222 447 536 529 -1164 -861 -43 517 273 -423 -286 1146 -1157 358 104 187 588 -202 -1143 -293 594 -93 341 1402 -502 1109 779 1306 -1189 -407 -332 -1026 -73 -789 1840 -280 -438 -1833 -142 416 -106 146 -732 -373 -117 492 -143 367 -823 725 -20 -82 -637 -424]
[-478 245 -439 72 -110 -191 465 5 781 -251 630 -87 -357 1537 -131 -1017 -353 302 -47 -552 -638 -191 392 574 -540 625 -808 1478 -483 -937 -497 -441 767 -358 -864 -214 -493 1120 -247 31 -806 -638 1313 -901 -484 610 -836 9 -1412 463 -283 -1268 1063 -220 972 -350 -110 -77 -655 834 1072 246 305 485 273 38 -280 -193 -822 -253 358 1025 -1134 -313 987 766 -18 -767 -233 870 613 -892 1221 1452 383 -184 -45 126 -1422 -327 -166 -176 -524 467 477 1145 353 1371 488 325 742 -731 -383 137 -739 110 -163 -254 1013 -14 -268 -320 307 -344 623 543 96 346 251 -614 -288]
[-70 283 674 -377 336 91 -673 -144 744 -1097 1022 64 298 107 -815 947 -202 -674 -436 995 -1791 745 482 618 -122 50 330 328 111 -137 -244 -530 -247 352 1268 456 237 265 18 -465 -658 187 -437 -1046 489 93 -368 -212 727 -794 -89 -224 -832 -1216 468 -422 -622 -42 711 -498 353 7 669 -580 -235 1168 427 -973 1080 -197 -700 170 -470 -577 -362 -232 355 935 364 -100 -215 477 527 -984 -531 843 539 -1202 764 -564 -533 -310 137 -787 513 -192 14 -812 -911 428 279 -377 185 -547 677 478 980 656 811 -593 -439 1808 -1091 108 22 -148 455 278 108 854 -28]
[-61 -196 -1004 -240 -663 468 414 -435 104 -1277 -535 -255 -660 -757 298 8 -471 -98 186 390 869 1736 504 197 814 -337 292 -78 -976 -750 -1097 -421 -262 48 760 134 1304 -1015 66 1 351 -843 -698 399 720 157 -107 380 541 -308 861 -490 -706 -154 -518 -3 -113 753 421 -292 -472 343 -889 -6 222 -199 334 130 1143 554 -121 -363 186 668 -143 -664 475 -504 -107 -1184 -40 -118 315 -89 -743 -519 402 1248 193 137 662 -43 -429 378 -235 -652 732 1101 -46 -6 358 377 -170 5 -490 -726 26 135 271 -16 204 154 426 296 190 659 102 452 -1106 -441 915]
[-112 1400 75 158 -308 -298 -283 210 253 -199 -1456 923 -797 -773 1525 1075 737 -1077 853 -34 -175 219 90 -618 -431 427 266 -444 252 -828 566 309 493 -457 -227 638 874 562 -768 -197 780 -113 -626 889 781 -85 -976 -89 -581 640 1248 49 -439 101 18 1 -227 260 97 -731 -116 -722 583 565 -148 -147 374 -760 508 398 -281 652 -401 295 87 555 -751 -1309 -463 748 -612 -429 17 -626 43 285 -396 -6 267 -239 -525 90 -64 499 -210 -753 -766 -292 -55 208 344 620 604 421 -354 623 -97 88 32 809 732 1394 -1520 239 -672 -2011 -291 106 447 -213 379]
[1503 -197 -355 54 942 842 -712 -590 469 596 940 39 -31 -263 254 652 113 41 440 257 -193 310 -493 1584 -194 -272 321 414 -103 -724 1049 -309 -565 -522 -591 214 -933 938 203 -1075 213 -427 -230 -1410 -1037 -671 942 -26 462 331 443 -789 1006 4 576 398 -97 -460 1009 -749 -620 188 521 231 -774 264 -1207 309 292 468 -595 90 -536 -299 331 843 894 172 4 1266 -639 -1156 -765 1380 -378 836 95 -416 425 482 858 478 -247 403 901 -247 -391 -460 -917 298 -1255 -412 75 614 961 435 746 -1012 -633 319 403 -206 -1744 427 -267 269 -1175 -79 1151 -536 447]
[-475 -589 -321 768 299 320 581 -848 -1375 822 -872 44 117 93 94 -365 -569 282 -651 -228 825 351 236 -323 -734 815 -444 331 -952 -353 -1037 794 460 474 -14 177 324 929 81 -695 -128 -41 22 -1161 431 -283 607 665 514 266 496 622 -834 224 -323 620 -70 405 268 721 916 -719 23 675 -72 -216 -277 424 -322 53 628 21 -45 -790 241 1120 -558 223 504 1130 -411 1251 1142 33 807 -882 638 82 55 -605 52 -1102 190 268 194 -612 280 -515 225 607 1034 -130 -800 -387 1036 -144 62 -196 -998 438 -375 -454 -297 -4 631 80 1301 -403 -1153 -324 -672]
[200 894 9 208 564 -151 1006 408 -1233 -302 -1428 472 -1132 -368 1622 -586 683 -245 371 -1505 389 -518 -1738 -760 -759 1154 117 893 -616 -169 -412 778 39 -817 -685 923 -237 4 184 -532 -2 -184 -172 444 998 -156 -1131 21 -541 761 443 -172 165 392 -505 427 421 903 -487 896 347 -374 372 533 -66 -112 1469 -18 -895 -280 47 -37 538 19 -1080 833 99 -1067 -1109 58 -1229 249 -515 494 358 -263 365 298 -105 -90 320 497 417 -103 67 -682 -796 1727 13 -539 910 882 1272 47 -1263 -777 -1073 422 -228 715 -316 -48 376 -492 -567 -1055 120 819 -883 -721 -124]
[613 1396 703 2 832 -106 -1554 323 -864 11 -2179 1121 904 603 839 -406 823 1357 -909 288 325 -322 -130 -734 -1262 9 354 204 799 -381 714 -296 309 1281 101 559 -426 -678 -464 -474 -1279 -8 -949 -135 -162 -141 -410 -438 1126 -555 -223 -142 -66 716 -832 142 994 -154 -1211 -528 922 25 501 -196 1121 -360 1007 -235 -460 -350 432 -635 1338 214 -740 360 -290 195 871 774 51 1291 1629 -1722 350 522 417 -91 182 945 1386 975 -363 -144 -513 -100 -253 -566 -961 -132 28 764 108 -272 -46 587 742 -196 -926 331 -330 593 -347 51 514 -737 700 479 479 677 622]
[-398 -797 73 -482 -366 -854 -787 909 698 1801 2 337 -210 -113 -1312 281 -944 20 1107 94 92 -9 763 -197 246 -512 -606 -320 -28 248 -54 334 -919 -9 233 -889 159 -228 -175 -645 -355 -745 -779 684 66 -120 318 -363 -537 1225 424 -224 -825 -882 415 454 -1250 -101 60 101 -1407 -819 -1205 -290 793 -715 -95 -431 -725 -564 448 22 363 96 -1284 -624 462 599 980 49 -230 17 -1102 1381 -1559 -505 811 -435 430 -347 325 -98 199 254 1054 -209 73 396 -140 -875 90 -623 248 -168 100 -1256 -756 -264 920 -246 594 3 -28 241 -861 395 -98 205 -53 -1036 -317]
[-795 -376 186 -196 397 -1741 1744 660 -710 -8 1010 -558 188 476 -5 575 -160 -365 -531 -297 -1751 -538 106 -566 862 206 -1151 290 714 -52 555 -483 893 -493 997 -1087 390 564 -169 912 -727 530 -289 1066 559 -421 -955 -754 356 105 242 1244 103 826 258 556 25 -440 -153 -159 946 -263 -95 -290 259 637 396 169 -190 -611 84 617 -495 -237 529 -259 -651 757 -919 -433 1023 405 -104 -1152 708 -577 385 533 482 -42 -1192 -397 -969 -264 340 439 -575 -161 991 12 -384 -437 -323 -929 -257 394 -591 -750 527 308 -70 -309 -413 178 -86 -767 -475 -224 1229 -718 -413]
[781 -268 280 -434 -750 729 -67 -682 -289 -268 901 -189 -702 -519 -613 717 -285 -1079 224 460 -150 570 -236 -904 423 251 156 -159 -564 65 245 -1017 -311 167 168 274 56 -211 121 -56 53 1325 -571 -381 990 -850 557 -81 -645 118 479 312 -849 290 -840 430 -656 232 508 154 -156 -1056 -528 267 257 145 -345 -786 1407 152 261 -294 -645 136 -229 1183 112 -76 471 -798 -145 -583 -777 743 -456 343 34 -145 1134 -1008 -1299 855 141 -164 -578 -1415 -378 -211 -71 698 422 316 -301 -34 726 -345 591 662 489 -13 -397 995 244 299 -67 788 -174 -525 -670 -577 -282]
[321 -106 244 201 -252 -974 1207 1337 -825 692 -344 202 -88 557 -637 -25 -249 274 369 -944 -388 -1335 -228 300 -71 -219 -101 302 572 544 -208 1206 102 121 -339 -149 -740 466 -164 526 -221 135 330 -181 712 -211 -1554 -213 78 -870 -191 -151 -62 989 -720 349 84 -264 -202 389 623 -34 -398 523 102 -31 -737 -329 -895 -281 210 741 -343 37 659 683 -1880 -269 133 -163 -442 498 316 -222 830 -368 -393 610 -784 292 -135 171 721 -30 994 291 -75 206 735 385 1064 844 709 369 -1534 1051 -1355 -929 -267 -440 -614 -630 1136 -231 -595 -1253 678 686 201 -340 -528]
[-880 -118 -1159 -174 -701 -343 356 -238 441 -183 579 -936 -209 -440 -962 75 -206 545 -1032 -220 -104 -369 -455 348 -11 -291 445 -657 361 2 309 802 -19 -171 675 353 -545 36 -22 892 1422 689 301 472 72 -320 285 32 972 613 -253 800 -847 756 554 -169 1179 -698 19 -3 757 754 -1442 -762 -489 614 -314 516 -511 -682 -812 208 241 423 643 -61 -916 239 -570 -1281 725 -246 -503 -635 773 -484 -456 929 1073 400 -191 323 -400 588 1310 -693 -527 962 341 -443 -1050 293 85 -168 1012 -86 774 -123 -64 105 347 -627 -361 0 -289 498 -371 754 -219 -1091 -555]
[5 -828 -484 -730 -795 302 -715 462 -185 1124 327 590 625 209 -847 -92 -103 874 -578 430 1463 78 855 -356 981 -177 1279 205 -791 229 -2112 381 -414 -103 -511 1286 445 -150 -6 -740 523 -343 15 630 503 1371 828 -269 441 -159 336 -404 -375 -353 -90 -1071 528 1195 1527 -92 -70 685 -643 -1127 1170 -1620 -541 398 396 397 295 -990 -231 -1748 -547 -765 398 -291 652 -325 270 144 -276 -272 -1178 -176 290 328 1298 655 894 478 346 -906 511 -286 -72 1193 -546 -104 -1072 1141 -221 -1488 -1389 -2135 681 -384 361 311 181 593 890 -167 297 414 386 216 -750 -44 450]
[282 1120 995 -764 1796 -217 -1092 1394 108 -98 -353 480 1233 -188 891 729 272 610 -630 -308 184 -4 -1241 179 418 289 -223 -285 728 7 -348 -478 921 1598 -1359 83 -1722 385 148 505 -770 256 -401 932 190 -235 -207 -10 -288 -449 294 96 406 979 -886 602 150 -190 -1992 402 143 -184 1000 395 51 -1255 -1166 -789 -1214 -166 -226 -760 760 19 577 859 773 -1100 -780 -314 428 -75 -1271 759 -63 597 -688 -406 -76 294 169 652 385 -1187 -535 -842 -373 146 -175 482 -303 72 -523 -395 258 -210 147 -834 153 254 -947 -295 802 -492 428 1654 -515 1219 354 818 1489]
[144 -986 -101 670 -274 17 220 -521 -1051 178 1199 1038 696 -636 28 -368 -393 21 -522 -653 -522 -1046 454 -642 -225 2002 -95 67 631 1043 244 948 242 -991 -316 1020 257 267 311 -571 -99 660 -871 -84 371 -728 150 -194 -627 696 818 76 812 782 -208 825 -836 -682 1545 164 92 -188 -558 -311 -43 -591 -387 739 -516 -1884 -536 706 -676 -511 -364 -416 -274 71 -1104 593 -587 -287 264 340 403 70 127 -416 512 542 -903 397 1097 -465 208 86 -541 -430 501 -379 195 -429 896 -816 -206 -1047 -960 -348 203 1966 749 -202 -195 -687 423 734 -296 102 617 -230 618]
[39 -1014 139 199 170 -915 258 119 -540 793 681 359 1425 -446 263 -409 -1502 -605 -395 506 199 -1034 -1236 -546 1576 1060 -410 647 1238 193 376 879 821 220 -7 -1114 -568 98 1805 16 -503 168 -31 447 -29 -446 826 -267 43 -464 1318 979 1279 181 273 1458 -581 70 -653 253 -11 -579 239 169 81 -925 -647 868 -112 -745 335 74 -200 120 26 -670 -276 758 -887 -1102 -232 565 401 81 329 -351 126 837 734 269 -372 -986 -156 90 536 484 -563 -281 1033 -441 445 -1087 -984 -874 -269 -460 -471 -395 489 1067 532 -1121 -76 -572 -3 330 174 -815 913 294 -136]
[-173 -136 -88 244 -507 893 -90 -506 -417 592 -364 748 982 838 802 733 24 -855 -555 -213 1142 -497 1166 -699 544 262 673 314 -224 -616 -616 939 1224 155 48 -234 218 -965 13 -359 -250 331 271 727 843 956 -273 -94 397 178 -253 975 -321 393 -581 62 204 539 958 636 203 88 -357 -942 423 -972 -101 211 -139 541 990 -69 194 213 119 521 -1104 631 49 730 -374 838 1233 148 869 -477 379 1316 339 250 -1229 347 -527 254 -542 351 284 -162 -105 -298 112 426 -620 -828 -231 109 -222 292 -77 1091 631 -493 657 -125 1310 689 1329 -282 488 198 -126]
[-234 712 175 -89 85 210 -479 -106 -82 -421 -434 -582 -275 -360 870 -221 146 -257 818 -739 15 1345 -1524 -412 -333 646 738 1026 -848 -146 978 -955 -52 224 1078 849 -23 -868 543 -463 -667 207 205 -577 -245 796 385 -290 897 -117 -624 1157 -310 -24 388 -854 1065 121 -44 -633 -315 -200 209 464 805 -664 1307 62 312 203 -821 466 231 118 -1133 -242 719 -390 287 1295 19 -577 -786 480 465 -203 -47 -73 -682 256 820 -26 -175 722 380 -327 404 438 -259 -730 -1096 927 687 533 -141 330 -76 -257 120 -68 -224 293 -1540 -455 -972 1089 -471 596 -345 731 -443]
[345 -380 99 119 -1182 602 -404 -718 -951 1423 305 386 -169 24 -604 -2195 441 204 -243 -509 590 -131 725 -327 -569 361 93 887 -607 1137 117 809 -761 -1448 -391 1086 619 495 43 1 -12 153 444 -1098 253 558 334 159 -180 599 -334 268 386 -520 -158 96 88 750 318 667 1273 296 11 224 618 -904 581 653 -259 927 543 -417 242 -434 -621 493 -195 -441 1955 1061 -849 -435 -54 739 1391 -786 7 502 592 -708 452 -520 768 -255 -157 -974 -9 659 563 -7 59 354 170 -292 -772 -1119 23 352 -295 164 -77 -836 357 -244 56 128 772 -48 -286 -705 -600]
[-1064 -867 38 -495 -211 -1164 484 1142 291 869 88 1107 57 14 802 465 -33 -300 318 -442 1137 -297 862 -330 199 -322 -8 -269 -259 -827 -664 614 677 -107 -314 406 699 376 -101 879 482 213 -272 881 635 183 -334 -980 -930 1649 1215 -334 -893 -385 -983 -690 -689 585 -180 347 -739 -310 -607 -362 701 -1119 -905 140 -726 602 -420 -765 -744 652 -412 -1175 -139 -402 -868 -548 67 616 -1181 527 -379 -751 520 428 242 -499 106 602 -482 -265 -28 139 -917 1754 405 211 -791 643 -335 -663 -389 -2094 -1088 130 1441 -165 306 -209 1172 -517 -465 192 -61 1127 864 -808 1000]
[-228 -263 -663 124 -614 263 -207 -672 773 305 -775 38 -188 -36 -87 137 -376 -199 284 -589 1512 924 164 213 -97 -1350 626 -916 404 -270 -805 700 -828 52 509 -605 802 -750 -98 -156 -269 -963 136 1298 1127 -164 686 863 -311 1000 464 79 151 -167 276 -176 -122 -261 -176 -15 -342 646 -1260 424 -704 -274 -598 198 405 536 74 -402 301 -30 -1163 -580 448 -745 167 -216 -77 -1167 408 996 -45 -1436 -544 1236 -422 -81 512 -737 492 1006 607 -23 763 953 231 -42 -183 293 -70 -35 215 102 -655 -96 69 1271 231 -1145 1017 137 158 642 -495 216 -152 -280 176]
[231 643 -82 1060 103 -73 -963 90 -408 -468 -1429 113 395 -372 134 -560 686 1875 -1124 892 -315 214 892 852 -239 170 131 136 446 179 855 -93 375 -827 -854 1011 570 113 -1568 317 715 -1534 670 189 -1177 787 -469 1109 186 -1200 -531 -1432 446 610 -96 -998 1050 425 -1038 289 625 76 -77 325 132 -381 1104 -146 -953 1091 483 -164 92 140 990 112 -1217 117 296 1264 302 -1428 94 -733 77 -116 -309 194 232 707 1264 -21 -760 -128 -398 -36 102 37 40 197 -682 -260 1104 935 -1192 916 329 -62 -164 -168 -220 490 233 270 55 -203 229 -105 -132 563 1216]
[252 469 -1078 -288 -184 556 -743 -785 418 -91 -124 -301 223 -733 -59 1399 -216 -19 -154 240 28 281 -443 1253 -388 -1890 762 -683 -1071 -784 -353 -1350 364 869 922 430 368 -791 186 -500 658 439 -462 1105 27 -30 613 213 1566 -545 -1360 -18 -896 -1228 1735 -721 729 -700 816 -1321 47 1197 -1230 -1099 -1657 1473 1639 501 893 999 -220 586 397 791 -250 -472 -434 824 146 -16 -571 -154 -68 -426 210 -416 100 -216 301 1125 1208 353 -331 1239 -194 -385 99 177 -707 -90 -560 122 283 817 457 -116 1436 424 -1053 -633 1489 1111 -1626 710 828 -690 457 225 109 97 321]
[-146 812 194 -554 362 -89 -1189 416 -1615 -447 198 396 296 -488 -117 1383 479 -361 -944 -482 -88 460 1037 -357 -381 98 -605 -451 354 513 -1232 -369 -258 1192 -1118 793 -264 684 -597 -345 444 344 -383 -420 411 1206 394 -690 -602 -77 45 -586 -1135 -56 -764 -746 -92 -341 1215 292 -237 226 -467 183 -470 -335 -500 -75 -555 96 -131 -868 -214 -452 40 -1 398 -286 415 459 234 903 -1261 0 148 -446 -260 -1644 912 -200 -1169 650 -355 -1198 -1272 -559 540 -668 412 614 -20 791 495 662 405 -661 498 783 -468 234 53 176 124 367 349 1113 147 870 -758 258 16]
[218 -166 -241 1211 -1323 -730 117 293 203 169 -1144 730 948 236 232 -325 410 49 -876 12 -259 397 2462 -270 -436 -40 116 -89 210 102 26 1134 -1 -1162 -496 366 400 -659 -44 1134 716 -272 324 246 1033 -78 -468 332 -466 -79 -199 782 154 -536 -345 -379 397 -507 -776 218 934 -935 -1035 -173 653 954 209 -241 32 -64 -463 -352 834 522 534 -1947 -1020 -752 -116 153 183 312 1323 -193 187 -171 1294 271 397 -382 -752 323 360 -232 -936 1761 226 -342 1398 34 1734 -111 40 -478 -578 -73 -800 396 393 -647 872 -674 1272 22 -59 -1647 656 -565 258 216 398]
[943 -540 1202 68 -145 94 539 -450 -815 1606 1093 206 1040 -796 1065 -713 -1027 -526 396 -624 542 -439 822 206 623 -52 1590 -31 351 545 -1218 127 357 -706 219 154 -32 -299 154 -653 455 780 -871 193 693 569 171 115 259 -1334 -721 559 856 -141 675 586 -373 361 2459 -156 -546 574 -213 -1080 -586 -609 -208 -378 -144 -275 1321 766 -417 -1450 422 -96 -194 -17 88 1464 -599 -160 192 995 -638 -352 904 -1273 420 1121 -780 -86 2284 -520 -647 221 154 586 254 1010 437 776 1984 609 -375 674 -601 -612 -204 54 343 -152 -180 -655 1022 -630 873 827 149 744 196]
[-1060 -976 -395 -137 -37 132 518 -226 716 -768 853 -1238 -223 521 -638 343 153 -938 -829 513 -730 320 -750 -789 754 967 -309 -142 1808 477 209 -238 -472 48 64 -961 -282 463 1172 1122 -466 1541 1203 72 -511 -754 715 318 -337 708 339 340 438 799 540 1074 114 263 -939 615 125 735 887 41 89 -357 -938 -21 -277 -535 -820 348 -577 -732 447 -130 -165 -269 -178 -491 39 -32 -356 -231 458 879 -1404 359 -734 -148 -1465 -681 77 -170 290 -166 -138 -767 280 -307 -1328 217 -452 -1089 -140 -367 -259 -429 1311 654 -737 -339 370 -997 -490 381 -1448 -817 1086 40 -62]
[132 -130 72 347 -319 579 539 -410 -713 330 397 -793 -1216 -728 1158 546 1158 -834 629 -867 418 1329 -1139 -614 1002 104 279 224 -157 -945 371 -797 -297 -513 293 361 1699 -352 438 -378 1389 1619 -715 89 772 170 620 -151 -516 532 1066 -250 -1021 -664 -777 115 106 502 1332 -141 87 -441 981 545 -725 -65 693 -515 688 633 302 -110 -2090 296 -264 455 188 -347 -701 -831 -631 -477 -889 34 126 -707 288 -78 99 111 109 -130 219 355 370 -870 -848 -369 -357 1052 -690 1725 359 444 -235 129 -870 927 -211 528 -420 972 -665 -893 -710 -1063 -1023 35 -12 -852 960]
[-980 530 -98 184 495 589 -166 -341 -515 -181 -55 -100 708 1215 -884 485 1499 1143 -1268 -336 -83 -668 184 736 -612 16 261 220 153 759 -103 471 -176 39 81 595 45 -243 -353 122 -295 -390 1059 890 92 597 1075 362 134 -272 -406 -184 222 -150 106 -1173 607 -666 -159 204 400 1435 276 303 -531 -90 -377 727 106 624 -856 -520 668 34 -322 -410 -126 -606 -129 -648 275 -32 217 -769 531 128 -314 126 -173 50 35 1242 -344 -584 -562 327 637 -236 -374 483 -402 188 -882 -1014 -67 -831 1030 -79 -416 -370 98 43 887 -446 1143 32 315 -599 101 664 -258]
[772 -948 125 36 -870 -923 22 -31 926 -128 -425 412 -181 5 41 373 -160 -1839 412 943 -11 460 813 -199 720 -373 -703 -968 1981 -1323 -218 615 235 -554 -492 -1101 322 122 -157 492 557 -344 -114 -466 438 -415 -272 703 -1556 -354 826 382 870 -374 -267 396 -532 140 600 -191 -190 -1240 209 173 128 -220 146 -964 292 372 68 -176 -652 -120 -74 -62 -928 75 -1 432 -683 -482 148 -276 -8 439 460 821 -348 -810 -1313 -747 -73 477 -803 512 482 -1123 -178 449 1808 281 -227 397 -1095 693 -184 899 480 -438 482 725 1095 525 -243 -871 186 -1274 1858 251 -94]
[338 572 -151 -370 1782 -558 -246 986 254 626 -92 170 280 1068 61 579 -74 667 272 -168 1021 -301 -722 -44 -1636 -329 -920 303 -358 -381 1141 104 596 1126 -375 -260 -780 145 -905 139 -763 -553 -292 -720 178 113 -484 103 116 -95 -491 -828 -776 974 -1300 -439 466 139 -1184 431 1223 -601 624 -407 373 -541 -458 462 -707 -1144 71 268 430 -76 882 918 -653 968 -749 323 395 892 590 -533 926 -67 594 -314 213 -74 117 425 -882 -23 16 211 552 238 -441 -118 631 301 -360 420 203 -935 707 -706 -686 418 -2 78 -208 -474 922 399 556 949 114 30 303]
[-168 -1266 -615 72 141 -357 952 226 216 239 723 -693 -739 786 -1053 1231 -29 -604 220 -65 -824 887 1436 -878 170 194 -422 196 1127 -733 -731 1007 -610 -1274 281 2 798 157 274 -433 -8 61 -447 203 79 254 -458 -579 5 1061 1362 186 -562 -484 312 -10 -453 -204 1295 -248 -423 -321 193 210 149 530 -100 -531 693 -905 -669 438 -549 -1066 -616 -129 -40 357 -821 -208 -734 1196 -23 -528 -689 85 442 -308 -397 -94 -1273 -474 241 -430 1754 586 358 192 244 -1465 884 67 181 -340 -990 -599 -1298 108 328 -7 -450 185 98 -427 -1813 -743 -636 -257 739 -236 372]
[659 390 854 -284 177 749 -255 -440 414 -572 184 232 53 83 524 131 -534 -833 327 192 282 152 -431 -511 183 580 1036 863 -246 -554 82 -848 -459 15 117 -366 -254 -1651 128 -175 -1214 457 343 -82 706 543 -415 -68 47 -546 -953 -122 739 -154 -774 -407 604 616 120 -618 401 174 699 -233 14 -129 1489 -379 1493 -284 -773 86 67 133 -569 -74 -46 -173 -87 -271 -409 80 1055 -358 -705 513 680 -235 -560 44 52 157 510 360 76 1240 211 460 -111 -654 -9 525 593 459 -1930 775 461 939 -115 -319 -17 1191 178 -380 -88 358 -197 454 1530 733 -102]
[117 -579 -369 -142 -899 446 191 -605 339 -97 879 627 47 406 104 748 -1286 -344 348 90 499 16 658 -1089 872 -267 -496 -382 249 -703 -799 -485 -17 338 -136 -484 -537 14 447 -213 559 64 -513 455 1002 -31 45 -103 -959 27 -755 364 -768 -745 509 418 -1560 1010 770 -385 6 286 407 822 -347 45 12 -202 805 -824 651 -43 -842 -41 -236 168 57 -769 -687 -1420 -76 400 -109 35 -457 -343 407 -24 702 -687 -1628 349 -54 -719 -1212 589 1246 466 365 797 785 -1121 -319 -309 430 -126 -787 1371 -58 -571 -1087 -12 1414 273 246 683 307 -541 -827 -542 -360]
[836 389 1105 -177 -463 369 384 -221 477 1477 248 740 -30 -461 -300 -392 1196 -282 103 -90 1084 0 -442 441 -1104 -490 1406 52 -348 -1082 -351 708 -321 -1045 303 -149 160 -766 175 338 469 464 -867 191 450 -700 162 1450 1086 -175 -1014 374 283 186 673 249 365 -632 915 58 384 521 401 -949 -711 1050 1433 519 -396 1265 130 -220 569 -925 612 328 291 -864 -149 1197 -1029 -576 514 517 1261 -1510 232 662 -49 -90 706 -291 1228 -408 -1425 -500 245 207 210 1847 -180 508 78 50 -609 303 1135 -722 -800 -269 655 358 89 190 1009 -605 508 133 1229 -526 271]
[804 -1004 -54 106 892 1009 129 -70 -465 -1260 766 -78 913 -299 889 205 149 -1156 -760 -54 359 437 574 -231 1195 -22 -5 -853 -80 656 -1652 76 66 -363 -1111 -401 954 -662 375 490 470 -156 -334 293 -174 581 858 116 -320 -886 179 -404 1127 -365 -754 -573 165 -255 838 590 -1456 504 -247 -933 -1167 -1247 -974 -356 495 757 937 -1854 -111 -422 -189 -9 332 884 -483 270 -576 134 207 363 -383 249 -393 -1518 -18 315 -203 470 161 -552 -1303 624 -116 -1321 119 114 -79 728 161 23 423 -915 -102 235 368 662 -721 -345 708 -566 1307 411 506 -603 -351 981 1609]
[292 -760 271 889 -1043 1311 -934 -2248 -1398 1079 1019 48 -375 -899 920 -829 751 -165 135 -916 622 609 930 -1069 1004 749 -634 -475 263 662 465 -194 -11 -503 -93 762 650 -75 -26 109 394 902 -1245 -998 322 578 670 -657 311 530 -345 720 -640 -272 216 2164 -13 538 1777 1019 -411 -470 -532 245 24 -502 153 -173 -110 -683 960 -206 -1594 522 -475 325 -247 -82 1619 879 -92 -471 -349 1332 837 51 822 -136 1427 -739 -550 447 -824 249 -75 -679 -831 -1889 -159 -1101 34 1983 901 988 -321 -1015 -322 1386 -759 586 891 -843 226 -24 21 1532 879 383 -139 -537 -1040]
[-750 591 366 349 -188 289 605 200 -838 -634 -309 -240 -125 -282 1147 -39 79 -82 -264 -111 382 -591 -1250 560 625 92 704 -180 -1326 587 -1008 -562 -225 799 302 405 -529 -369 923 54 704 377 881 867 -62 -329 746 -395 409 -1066 -854 1183 1034 -63 -208 -583 482 -39 -510 418 -559 1612 -778 -209 -1655 198 1061 -351 -12 1388 408 -917 468 622 -423 -290 -122 -697 -60 -170 -700 -808 -1168 -188 589 -1252 -870 161 -806 618 1599 -317 -792 51 -1442 -355 106 -283 402 280 -1866 -707 -516 -607 175 595 -94 -201 199 47 -321 -1574 1310 542 448 597 -329 31 -890 731 200]
[907 350 -586 295 -636 -171 982 -484 250 355 642 -648 -896 1457 -862 -444 352 762 -27 -340 -814 293 546 642 -731 -114 -219 1124 -868 -140 -595 976 726 -1122 -674 307 -122 418 -104 288 -462 -335 630 -787 483 195 -472 117 -528 113 -501 -527 7 -30 958 -809 164 -854 -226 337 1482 -197 -1020 -191 1 311 23 53 -552 405 670 732 371 397 486 77 -86 -273 307 817 562 -36 1078 653 44 -251 -50 497 -554 -440 -260 -81 -161 631 722 816 220 884 929 -428 1139 -312 -111 533 -1507 859 133 -357 -128 -458 478 -33 719 852 -347 -353 493 84 -179 -426 -377]
[-57 155 -419 268 694 940 -175 -295 530 -1014 270 182 876 888 -251 868 700 -577 -1232 -332 355 250 94 389 -235 178 -64 -560 -287 998 -226 1618 159 -905 -943 496 1352 -210 -648 -200 386 -30 502 603 1573 74 62 545 -1213 263 -467 -242 20 -557 -755 -1013 -1110 390 725 426 -56 1110 -226 -659 -54 -23 -1419 69 -366 444 -204 -745 8 -473 -931 -1257 -857 -918 -923 1821 -1244 65 263 213 590 44 108 27 -1129 188 -1926 557 823 -916 -128 767 1219 361 -948 237 -9 -803 596 -685 -191 -562 -841 -20 908 1956 579 309 1327 -1104 545 658 -1206 171 459 1114 956]
[-298 319 -3 -888 -267 1012 -572 -663 1093 -1350 -347 -362 -739 252 553 -34 -126 -665 248 -471 276 720 -553 15 -129 -362 302 -1564 81 -261 31 -740 -754 437 292 172 -309 -418 -45 -553 50 528 719 606 542 -71 318 13 888 -408 -1416 481 75 -53 627 -817 91 -304 88 -965 350 1629 141 612 -647 444 928 -445 586 -187 -458 496 84 -480 -1061 -298 445 -492 142 -676 -4 -710 192 -621 511 -155 -968 -116 -1355 -98 -733 -455 -121 77 227 228 719 637 -1043 -381 -684 870 489 167 530 1324 -63 1663 -858 -356 -253 801 314 119 -184 36 -71 428 -735 1298 -291]
[-588 -49 -820 -165 112 97 523 11 -650 -117 30 -451 614 -17 -544 -654 170 523 -892 486 -1103 -261 555 266 -561 819 482 1125 -1259 1149 -565 294 248 -906 87 -32 1254 366 1034 -565 -957 129 -81 -856 -505 -87 568 422 536 109 885 -577 388 -791 1018 -311 -948 -340 -366 -300 220 444 -105 -675 431 -6 -976 1486 1038 845 -637 1080 821 -402 -115 -188 -171 907 -83 779 -7 556 964 685 -419 -250 -19 -369 -906 1064 574 -1052 568 32 1032 -299 -702 52 554 -684 -950 -1072 -1151 -1323 1064 541 -148 -1332 1179 750 -285 -382 -1284 -568 -399 -197 73 203 -254 -517 348]
[-837 -589 -991 -648 232 -266 798 120 848 881 355 -455 184 923 -732 480 -287 -627 234 298 54 266 166 771 -674 -1248 401 -290 -60 584 1067 1116 -1257 -203 1506 -858 243 374 -414 -767 -363 196 683 -351 58 123 -29 679 557 158 255 810 -735 -359 595 -787 -1415 -382 965 -971 652 611 157 -346 -297 244 -1530 230 661 487 -1114 870 610 -978 -522 339 -280 596 -259 362 -491 -456 -306 312 288 -694 856 534 -169 -766 -1396 -787 121 489 1419 -707 760 508 -400 819 -834 -187 -156 -516 1574 2173 -334 -975 294 83 -511 94 -521 -388 -487 -1059 -753 117 394 377 -77]
[-119 326 -118 -763 -122 818 -480 -284 625 558 340 70 215 56 -288 314 -996 71 670 817 13 610 1253 307 38 -1117 674 602 -1643 674 71 -1263 -466 -442 789 -917 760 -764 517 -575 283 -212 -444 -898 -411 808 73 513 -337 -588 -179 -595 -288 -1482 589 504 -400 785 601 221 -603 -508 -182 -673 194 180 143 16 387 139 1231 238 333 -846 30 207 1110 -235 1737 502 -427 -512 -811 1146 -1155 521 1794 -417 666 -585 -109 -295 -53 -521 -1092 -327 810 74 -305 608 684 -1194 -466 -239 1477 -961 82 -24 923 -431 83 503 -484 -442 483 831 204 -548 -1535 -106 -100]
[-744 311 -766 606 616 1312 -487 -347 734 -1420 -1059 -653 633 418 746 898 -317 -1232 -916 -85 337 449 285 401 322 707 747 620 -561 699 419 -604 -694 423 -359 -1059 87 -1593 995 -95 -255 -558 1379 890 -14 515 277 290 -14 399 -366 64 616 -288 640 -428 959 705 -1475 48 -616 931 779 -138 119 -157 -441 1135 455 337 -1107 276 301 458 -77 -363 14 422 -339 575 -317 -122 -50 859 150 303 -73 633 -662 575 -597 -331 -60 -79 368 890 427 20 -770 -1774 -1714 -154 -943 -1550 72 -406 150 132 1144 900 793 -530 -533 -1315 551 158 -921 -121 849 271 248]
[-1247 372 214 -1504 -197 -967 1129 308 -805 -819 -902 29 -444 -531 777 537 -520 -1384 281 -6 -555 -618 -615 -166 201 309 -658 -636 -951 258 261 -326 199 343 -60 -612 -42 1362 -454 -1055 753 843 -797 -596 342 -257 -179 -306 643 -565 764 579 177 -236 -11 767 -954 -60 211 -1488 -992 149 -353 69 -1081 -55 78 -511 91 205 668 359 195 -604 -343 10 823 -1032 222 370 -671 -197 -714 -29 -756 266 -667 -131 -208 374 -949 -1645 670 -130 -987 -616 -188 -55 -31 809 554 -179 -272 905 1407 587 386 -1003 554 640 685 540 -111 503 -45 -156 287 -777 -565 465 -547]
[-435 177 -389 -1143 127 -480 21 487 459 369 -489 -840 -322 -434 591 -10 579 712 -187 -485 628 -894 -1455 915 128 -667 41 -380 262 -88 254 25 -409 -136 -742 -50 73 -250 154 -15 -375 -579 255 247 -496 -72 192 741 268 192 765 -667 1481 -222 578 760 15 117 -773 -621 -256 1221 887 377 -838 454 329 880 -195 944 -1152 -260 963 312 -210 -662 834 -312 -508 -1008 -342 -932 -665 -341 -61 -237 -1281 897 -1198 947 1048 -1498 153 466 907 -639 -400 368 -656 -1094 -1079 -83 -470 -378 -501 20 -201 -940 -572 399 -173 -10 659 63 -1301 -545 -991 794 587 -776 1215]
[-198 18 229 -482 746 -1656 1439 1256 -46 -601 684 466 -117 -187 71 163 -765 -105 -8 395 -426 -343 715 -273 -14 397 -408 -86 -598 -916 -410 99 1073 -562 -284 -542 445 750 -2 442 -136 33 -1210 639 42 29 -18 -584 -624 -406 689 -751 -148 -619 -1005 -620 -845 12 -252 -476 -132 -1097 723 386 -725 -463 -201 -599 -162 -576 281 397 -668 -179 1154 -740 889 307 -676 -511 143 647 -8 -1025 -955 22 116 -18 853 -297 29 -481 143 -769 -158 283 -187 511 1172 347 739 -1108 -691 -181 40 -379 304 -252 134 -201 -893 937 -63 425 -239 -384 -4 15 388 350 732]
[30 -109 -1247 -65 -706 -513 1344 -204 -288 -763 -103 -23 -199 739 -330 9 -157 -521 -770 243 -1123 -284 997 -119 97 601 -296 -138 -494 -9 -471 1037 -910 -1426 1011 -1267 1052 677 -624 747 300 44 834 -182 -28 568 -578 -185 -413 237 -152 239 553 -284 -228 -691 336 -522 613 421 626 282 -507 -459 -332 261 -358 -571 -134 -425 -291 459 -1390 -1055 367 -45 -1069 -774 -1 553 314 -261 1197 -683 550 -245 32 1137 329 -27 -370 -1022 -28 489 746 -34 517 644 1105 289 126 172 215 602 -315 933 360 60 712 792 -19 -360 -285 425 832 -819 -217 -108 683 434 -739]
[46 -126 7 954 -1060 -81 -377 -343 -1290 -23 -26 848 -532 -573 -80 -908 -137 340 -585 -635 -249 -246 390 160 184 -310 502 -761 -708 359 -1233 635 -774 -632 522 299 542 -173 130 293 -143 671 68 179 748 -614 -688 -856 -40 103 -788 -642 -779 -365 -210 729 261 394 42 905 893 -692 -1574 15 552 962 827 -793 -411 -867 56 -119 -334 170 -127 -1200 -381 -451 1008 -263 -389 473 534 69 185 -947 539 232 275 -90 -149 242 345 -453 -526 -305 -266 -940 145 187 630 657 969 -152 29 -413 -1383 611 892 -260 284 170 683 464 209 -294 763 -128 -795 556 -770]
]
