5851.700864 2917.441517 1.02966272 66
[[369 -490 475 200 -126 155 386 -213 -237 -169 256 1436 269 -289 -187 -235 921 -581 -705 865 283 -1146 -936 -112 -92 156 -755 -382 345 437 205 41 938 -907 -231 -411 268 -456 585 -125 -951 107 -493 87 1128 -110 576 -449 22 1303 338 -575 982 69 191 678 570 -238 -589 -145 652 -780 94 994 168 -786 -278 -359 205 916 -257 -357 554 589 301 -428 391 -363 -302 385 51 796 -147 -811 -33 738 53 -372 -289 545 146 -246 -460 253 550 -552 -216 -700 440 -391 457 -306 -845 646 -523 -292 671 199 94 211 -977 -495 -552 312 579 792 223 489 -124 583 63]
[377 1 -8 -240 -151 590 970 24 -196 448 0 674 393 780 501 252 -147 -351 -884 750 559 197 -1290 -998 -552 637 -699 286 1536 -581 -329 -452 948 641 -884 326 -358 -602 659 454 -431 -184 299 -723 1386 -64 -10 -326 -73 206 349 7 212 -302 600 174 -70 114 -642 354 215 216 67 1162 -255 -9 -486 -1271 -220 165 -237 -994 700 675 -89 -129 444 -219 713 -193 -540 -31 302 -262 -102 119 51 708 -26 316 -271 -1439 -827 -502 151 -20 -32 -72 -226 556 111 -579 300 -258 -292 282 644 -362 451 447 237 210 -1146 325 1047 782 -148 317 -538 -187 134]
[200 261 496 910 -82 724 313 -174 -442 -204 491 164 548 245 1367 -616 -530 486 -403 565 479 696 -1108 -329 131 -26 -1028 -641 373 300 250 441 325 -573 -447 609 705 250 499 -195 -309 36 -506 -1351 882 694 -331 -513 180 589 324 -21 -1140 -901 -480 177 -551 -186 874 55 -533 55 -796 -33 -382 -661 -580 -1073 -578 -113 467 -716 132 231 1287 -463 -14 399 826 -125 -385 -80 -394 803 -115 934 -1391 158 -643 293 245 -1367 107 -561 849 360 -256 29 -208 69 700 252 349 -312 128 369 461 -413 -861 993 577 374 -468 -79 1002 786 167 -176 455 -404 -26]
[-1038 331 91 -157 875 482 -64 148 107 -252 212 -1650 115 494 217 212 -366 -254 810 -172 -610 1106 -164 -636 -211 -1436 226 -542 -210 146 -568 1030 -952 -867 -216 -16 -264 307 572 -579 21 263 676 -551 -86 -1067 -346 -327 -830 423 12 1076 -1041 -727 -776 272 -176 -72 1140 364 -669 1007 500 288 19 -172 -11 -767 -499 -822 -290 -205 -153 -311 1493 569 -856 550 681 341 -705 -445 -377 504 242 -607 -614 533 -204 -1264 -713 -767 -21 -569 257 800 -224 -358 -569 -974 -441 610 556 -1320 -6 27 -347 -5 -1017 1248 1083 683 352 -1177 899 159 -136 -621 82 -665 487]
[1360 8 -351 785 -564 -605 294 135 -349 -176 -377 1428 -702 -95 -573 -201 594 -649 262 905 688 -639 -669 -194 859 -180 -492 -347 918 -221 739 -156 546 246 784 322 -173 281 -418 685 240 40 534 166 -63 878 131 -614 -94 607 -1218 -270 165 851 327 -679 875 430 -1065 -309 675 -976 -368 -683 524 -326 -878 550 322 462 -179 -352 -799 839 -239 -84 -486 -641 -568 498 -333 428 -294 79 -438 701 -30 -1492 -604 137 -114 464 -469 418 276 -440 542 333 -363 397 220 705 1 -332 -635 -94 230 -530 692 192 -938 -396 -1064 1225 -193 272 245 336 544 663 -705]
[-1044 912 1041 -69 568 147 210 -470 -240 1044 675 -1314 852 12 51 -540 -289 -168 -366 -1024 218 717 262 298 -553 72 123 -679 -187 -17 -555 947 198 -532 -1067 -329 -583 -187 1032 -360 -208 802 -94 -495 251 -327 -818 127 -291 -148 431 -320 -1620 -747 742 -375 -56 150 17 556 -143 619 836 781 -254 -678 332 -759 -750 224 -125 167 636 46 291 903 639 1102 506 -38 185 -372 1118 -246 369 -435 -281 886 136 -906 302 9 -1069 -142 -691 1188 -136 388 -215 -130 452 188 -243 -156 633 30 -575 323 -525 519 1211 623 505 -620 471 -610 351 -770 -490 -199 -270]
[-510 -665 329 82 -700 868 46 179 -186 130 -60 229 -39 -148 1125 -716 -1399 809 -1727 1568 642 -40 39 -505 -622 1274 -978 289 246 93 -87 -387 329 1151 -260 625 970 -220 -998 -376 218 -343 -1120 -559 995 13 -139 -77 270 -299 1003 -130 602 -772 -1322 628 -406 -81 565 -780 -445 80 -1032 349 -236 -956 344 -1005 149 -456 981 -804 817 -371 -181 -676 650 -322 31 318 -82 344 -330 259 446 114 -589 93 332 1158 -88 -2119 847 26 346 -406 -977 -1002 169 999 1326 -1192 288 -30 164 -582 1117 -451 -1170 166 648 320 -232 54 837 57 347 -2 516 -648 901]
[713 -25 772 705 247 516 906 -208 -378 571 542 1206 111 303 169 604 367 -200 -306 -357 59 -392 -477 -66 -738 -477 -301 -454 916 777 302 -402 205 -906 -532 90 75 -261 1674 596 -756 31 -634 -28 651 1026 310 -8 1034 594 1027 305 269 691 684 850 -760 -224 -149 827 98 133 -477 1597 -1027 604 266 -999 -528 544 -390 -647 407 -254 135 -536 105 581 379 -904 331 145 422 332 -372 1017 -388 1557 49 606 789 -1298 -166 -894 793 -3 77 86 639 -25 255 -975 -451 415 230 -146 -645 -322 180 503 -552 -636 -341 -492 497 338 822 556 690 933 1049]
[-858 0 217 974 658 -691 385 -625 12 94 653 291 -31 85 285 -1118 -32 406 -45 -1083 -169 -154 245 886 38 853 -72 181 -530 898 835 194 -212 -1248 282 -598 125 166 -22 134 569 568 -862 -120 -320 1380 -381 844 949 280 689 129 -1227 -35 -579 229 -703 833 948 545 -244 23 -1362 184 -1692 -169 902 -766 -217 376 608 258 20 -328 81 -562 130 582 247 -885 927 -239 467 -642 -155 658 -1938 258 822 366 1194 -174 18 10 -734 1084 -409 929 622 -150 1042 29 -711 1026 948 97 1 -215 151 844 597 -687 326 -598 279 440 641 11 306 121 -63]
[171 -596 -596 585 401 791 -532 1117 -346 -119 -636 -89 702 -32 505 -517 -622 178 562 1619 835 227 -30 -1121 -277 -588 -125 -363 239 -156 -491 531 -601 1038 275 1810 -724 -346 -379 111 249 -407 660 -197 189 -815 -650 -297 -978 -348 -663 1004 -146 -774 -504 -560 622 -205 22 -349 -712 670 269 -1342 -174 -407 -24 247 -447 -365 -403 -152 45 557 236 -182 -108 -1127 460 646 -1211 268 46 698 -76 -341 1045 -1276 -518 -771 -2010 -1206 -300 -93 123 -46 36 -571 -849 -256 -137 -278 1671 -1711 -372 -419 248 -65 -312 447 449 1445 -400 495 277 -362 -413 -651 -573 -1302 -406]
[-327 217 -954 -211 116 434 341 94 256 97 -447 201 369 619 790 -189 -410 1078 53 -275 253 -200 -434 934 41 780 -209 1319 -956 -450 75 -197 -52 437 17 893 -631 -91 448 262 -188 -1278 -369 16 -144 246 -538 385 157 -722 1328 -127 -658 -1116 686 -391 -317 -740 316 -591 -617 428 -952 -709 -1165 551 540 33 -12 98 45 99 419 41 -563 -972 852 -155 1216 -2127 -187 -759 521 309 -64 -316 -496 595 1247 931 546 -627 -199 -397 -214 1000 624 -5 -427 -17 468 -1172 1178 501 525 248 -416 28 770 -222 574 -517 -519 332 -260 925 -707 104 -926 -777 158]
[363 -687 661 -370 -492 -61 -751 474 598 -147 -133 314 -154 -429 587 726 -174 510 178 346 -597 964 1213 -310 -79 -7 -201 -896 -545 435 80 -505 -1230 -465 534 367 1603 524 -393 -307 -247 372 -889 -347 -324 450 737 311 712 111 223 353 280 -236 -1446 -1082 -951 -560 453 -81 -488 -287 260 -1034 113 555 225 -108 -296 -246 389 300 -476 -1382 354 178 -482 231 -365 90 848 316 -936 1112 328 394 626 773 -453 4 697 -30 2325 -59 1578 -820 -851 -301 202 543 164 892 -581 -589 311 260 11 101 -1507 -576 -152 416 1213 -384 -1288 -170 21 196 921 52 -311]
[1284 -5 -729 1921 -610 513 349 121 -341 94 417 1140 -684 -498 226 -558 -607 718 -76 526 1579 -962 -874 -6 332 178 -683 488 1308 250 615 -1078 323 461 -644 253 318 310 -246 728 385 -755 -196 -360 1019 731 611 -1152 -29 649 -105 442 715 415 -510 1472 -317 449 -708 215 122 -353 -856 68 750 -127 -667 -922 -7 -285 275 -1351 863 -218 -1075 -537 -364 -621 -350 -110 -207 116 -1261 23 201 1490 -1307 -767 -391 1219 -179 -1050 249 -21 -180 -334 -192 94 596 630 132 -668 221 71 -535 -325 649 -490 -104 -500 48 -547 -565 840 426 367 1090 -445 1115 960 447]
[167 668 652 1461 -532 -222 102 -195 563 149 328 903 -651 -519 -161 -895 -1370 932 -849 -213 683 1398 20 -678 647 338 -962 -258 147 39 584 -135 521 615 -387 21 884 397 -1354 -824 696 70 -736 -311 342 371 -437 -576 -18 30 -915 21 -520 -264 -7 -295 -372 1430 -279 247 597 -129 -163 -79 121 -218 -829 -702 -355 -166 478 -832 13 -787 -967 396 -201 -146 -675 414 373 172 -878 517 -159 788 -270 -304 -244 1445 214 276 614 603 -209 810 -1228 400 349 939 479 819 -763 -358 -24 -84 102 -312 -297 -785 730 507 -401 2 284 -516 337 -186 1307 -207 -613]
[580 -103 -239 -423 -494 -28 98 -459 -255 458 222 160 227 -306 196 1168 -36 -226 -262 -464 1274 -683 289 375 -782 -70 785 102 631 60 -332 -915 328 86 -1143 785 400 -67 851 352 -518 -69 -416 -290 -58 707 96 272 377 -949 -174 -980 229 -266 880 1065 -56 -315 499 -683 -236 -572 -641 589 22 546 -3 629 239 75 1040 208 130 101 -883 -421 1388 -133 634 -670 761 -512 172 30 591 255 366 540 -516 125 594 148 -184 -702 540 -852 1359 867 894 1095 -156 -1248 -800 1265 809 649 423 326 513 -829 -930 -199 424 484 -589 22 -67 254 -229 -124 629]
[662 -17 -71 -228 564 -407 287 436 -877 726 -354 -839 753 311 -533 -302 -391 -842 166 360 -235 -405 -610 44 74 107 240 386 1299 133 -720 -293 675 710 -921 -469 -1614 -690 627 1007 327 419 454 391 799 -750 100 13 -364 -106 83 -65 847 1467 445 222 725 331 -538 866 1220 717 924 153 339 23 273 161 -1142 210 -1295 -201 386 1037 -289 672 -622 316 -556 493 -960 -10 675 -1029 -276 -498 581 73 -239 -873 -231 -873 -1300 97 -477 227 310 -29 -27 -896 -445 -279 1089 -992 -91 -494 -248 442 413 973 -716 297 -277 -119 1302 -1154 347 -483 -1074 548 310]
[977 -154 -273 -942 -853 -704 -566 -78 -37 -190 -58 -911 -622 -417 -332 963 -76 -8 -400 -951 -1744 -669 138 1020 450 1146 571 1389 164 -405 -226 -879 568 -434 -329 -96 337 -136 455 116 -825 -983 -768 -52 -276 931 1002 200 1290 -739 797 -680 1213 50 3 243 234 -1433 431 -292 850 385 -416 -310 1334 816 240 1473 281 -68 4 648 -346 -579 -675 206 -715 757 306 -1293 208 99 -946 44 373 -328 615 1039 487 97 774 791 1188 -159 555 -641 253 518 355 58 -876 -486 737 1314 72 244 -454 861 -75 -1001 -889 -860 581 300 -405 281 -14 -184 -396 908 534]
[957 -214 -187 -219 830 -29 -793 776 49 -201 43 -167 1248 -961 -55 -627 570 -434 331 145 -1469 -1061 303 789 65 -862 604 -24 147 920 -803 18 -370 -1606 104 5 -142 -429 1666 329 -1419 160 -51 -19 107 -12 402 -181 -58 1041 496 340 -121 104 -246 463 125 -1057 1214 250 -438 152 13 -615 41 -63 -106 931 -42 617 -469 856 354 901 1249 47 -353 577 144 -219 -236 398 609 -113 107 417 789 -69 -202 -1240 -475 103 -128 113 -480 205 87 -479 334 -2254 -442 245 227 116 -657 -191 624 634 -456 274 -1076 511 191 -479 -40 329 609 -289 -168 431 268]
[620 -474 -625 1146 -120 574 -427 543 365 -517 -948 704 561 -132 786 -887 -917 785 112 1183 1410 437 -755 -1307 207 159 -1229 416 622 6 -232 -266 -408 1166 483 519 1068 -558 -439 368 747 -670 965 -746 872 106 -153 -321 -678 -70 -608 1735 -36 -489 -1187 -135 -11 437 68 -111 -1376 -157 -251 -1538 413 -317 -1327 -532 658 -82 -141 -781 941 529 1174 -292 -191 -566 593 460 -518 410 297 630 -548 733 -389 -791 -449 553 -862 -947 317 324 -9 67 -408 -524 -554 218 778 -276 461 -912 -790 -335 1453 -395 285 35 327 602 -1305 147 346 599 -163 -526 1079 -749 -510]
[1159 -474 -893 452 422 -67 -116 1430 -123 -327 -160 624 157 834 1060 -489 -257 -162 -44 1068 869 -34 -197 -995 -537 363 -121 593 564 6 96 -640 274 742 -114 934 -670 15 -561 272 -267 411 -1176 -509 730 -74 1336 -22 253 516 143 308 -282 -2 -793 -745 -329 1 -638 755 185 -134 28 -522 -1014 -282 306 -1176 -685 -588 -204 -715 733 610 -538 -849 -618 -1015 -3 -120 -648 367 -779 -506 -76 483 386 -58 -686 -1 -1153 -998 836 189 298 -484 -213 -113 503 -293 -114 635 650 -789 -301 179 1194 466 -504 277 -280 437 -205 1225 -157 711 2 497 -613 463 -395]
[282 678 514 503 331 135 754 475 -713 -409 -44 -233 -216 1618 654 121 866 -195 374 -88 123 1489 -218 -231 52 -1452 -192 -965 -613 -46 346 854 -510 -883 665 115 -393 1006 -122 213 -994 922 39 -374 -220 232 609 108 274 -183 -644 -505 -1184 703 -194 -1053 -1220 222 121 -74 746 -542 54 -366 -922 -611 -13 530 -563 -727 -117 -360 -1270 -98 1062 -138 -1205 538 -272 946 -116 -535 -62 718 -558 397 -716 397 -1211 -632 363 -450 710 -699 1516 -515 180 175 536 -134 -582 1554 753 -587 373 533 -791 -415 -452 1111 -415 -60 185 690 246 -501 -282 319 -3 789 -402]
[-88 -1022 130 -46 236 556 -252 109 -239 -633 452 -634 -853 355 130 -952 929 779 842 207 -275 -582 416 -476 -227 -299 248 -21 -376 26 61 193 762 6 -367 -568 -88 487 -906 -459 -248 731 -215 391 136 -1020 622 -152 -488 329 253 77 912 581 -1439 1258 -1056 -336 -438 498 416 362 701 614 677 -1373 231 -1040 488 -1155 3 -134 749 -58 19 -180 -873 106 -253 1227 -526 912 -908 -638 447 227 394 -1041 -329 466 -1493 -520 960 463 -1000 -1430 -832 -1496 725 -651 -1294 -213 147 699 -1352 -333 539 -23 -969 -375 65 -506 601 -100 238 -286 105 71 123 541 483]
[153 121 -255 -877 537 182 300 105 -532 175 345 -1956 275 1418 519 -408 -649 -348 -202 -997 -462 229 155 827 -522 774 898 842 148 -392 -1011 -154 898 -489 -1561 -645 -575 -46 558 8 -683 1127 158 -714 222 370 73 602 -135 -316 239 -402 -178 -215 -771 230 -1542 -225 659 477 784 549 319 96 42 -655 -99 -339 -259 -452 257 -530 1341 701 335 583 -128 1085 470 110 -814 -665 70 -857 245 -927 -98 1278 -337 -764 498 -652 341 51 -880 390 236 669 770 -253 -1349 529 193 740 120 1026 1287 436 425 -470 52 333 331 -119 1055 124 -436 -642 -1686 -252 -358]
[-478 405 -127 -244 95 224 -263 -1168 -630 339 1016 654 1503 -718 750 -171 1579 -51 686 660 567 -1840 -500 1472 48 225 238 -337 -535 103 -31 703 54 -896 46 508 -393 -18 842 -250 -444 -208 73 -563 629 -120 76 -540 -175 1055 554 -1113 -581 -846 1188 83 51 -482 -626 -292 -726 -763 -122 462 55 -33 -235 124 243 1805 1067 662 -144 664 359 -1313 1893 -1321 242 -339 626 -667 435 225 -143 481 -683 -874 27 -670 152 880 -2070 75 -87 111 1182 353 252 -97 755 -598 -176 1332 658 775 602 130 861 -306 -238 98 500 650 -1063 251 -241 107 -1245 362 -806]
[-32 666 -482 534 221 -267 -549 850 572 323 -124 -523 -456 -238 -448 510 383 385 1654 -25 112 -295 609 -499 -527 -2034 472 -272 -537 -411 -375 582 -2428 -1462 1382 521 -43 1596 348 -184 -700 -232 1317 264 -554 -520 708 -1066 -1046 105 301 1211 -1428 -1013 -432 -1221 -252 -209 947 -737 -1310 -491 -40 -568 971 -93 -218 314 289 -337 -255 194 -577 -1592 396 360 -1245 466 13 -203 380 -584 -468 1085 642 -61 -1116 -13 67 -1520 -389 40 894 94 896 276 945 -153 137 -842 436 496 1125 -1020 -435 -224 -466 -510 -1141 103 248 -4 645 354 -1484 344 781 -408 1707 756 263]
[-165 1142 855 401 -482 -283 -632 -837 -168 -771 -449 -106 -362 153 -81 334 194 511 479 -492 -15 6 -912 -118 889 -216 -225 589 -1136 -773 406 1097 236 465 1047 -620 693 335 -1095 -1334 636 -761 245 433 -33 -248 200 -608 160 -685 -627 -33 239 -221 655 -818 571 422 -497 -67 -646 -506 279 -618 947 609 -905 778 524 436 -776 0 -928 -749 -52 -301 -6 -335 -365 -304 587 -95 -882 1007 -717 120 -531 -417 -174 157 -497 2209 -368 24 -99 -93 327 262 -405 704 312 -434 232 272 -405 93 -1126 -518 610 -990 131 -527 -134 446 -400 -444 152 690 532 735 -698]
[149 618 25 254 -779 -493 394 235 302 270 -1184 792 -366 -393 -513 97 -151 -482 -922 -174 1302 -30 -694 64 640 -85 -683 1 -244 -608 363 31 83 520 43 704 132 45 -272 562 -360 -780 635 47 128 126 -439 -946 -73 -868 -1160 -655 -65 -264 1168 -701 1190 -431 -653 -1312 405 -1074 -213 -1264 524 141 -411 2069 -24 -275 181 -368 -1065 54 -1553 264 499 -580 -227 -226 816 -373 -508 -35 824 182 925 -641 66 119 -242 1014 133 -547 437 177 -407 391 -331 1322 542 -398 542 -461 128 -268 -1268 3 -267 -881 868 -292 -758 1151 51 93 -62 -55 -266 -18 -608]
[934 -492 -682 -998 -496 -458 -1276 270 -443 -306 -1576 -1083 159 116 322 -435 -564 836 1451 626 -336 -1248 91 1341 590 353 266 1605 -619 -483 -410 -321 963 1917 212 682 -215 647 -950 -35 1387 103 336 655 -432 -523 54 -75 -680 -1266 252 -75 894 884 6 -420 231 -949 28 -559 -335 248 -477 -2309 1186 165 -199 1399 535 -180 -399 324 370 390 -428 -386 -419 -2 -635 -794 -948 573 212 484 -115 -742 166 -1023 -193 302 -264 993 151 1379 -608 -538 1512 -370 -154 -626 881 -1074 931 -2 -584 -180 -42 624 -106 -1237 -930 -351 79 -24 44 -1068 -61 689 435 325 -264]
[-77 -1173 198 -640 1053 -694 719 -130 -43 1008 -375 222 536 -150 -925 -35 284 -1205 332 -550 -182 -836 -260 -426 470 -7 -167 127 1156 750 -1105 51 108 -1192 -195 -455 -214 -1333 2125 1310 -646 -254 413 700 762 -76 -137 218 -244 -45 512 586 915 426 -163 426 1091 -508 281 176 -30 5 850 -4 -283 363 737 123 -31 22 -1380 239 9 699 41 269 505 524 614 -754 846 -24 600 -1417 516 719 1488 214 771 -1011 25 -479 -1020 -565 -202 -244 -609 -1556 -518 -618 -388 -1470 233 -89 -267 -699 -251 514 16 749 47 -767 -165 -560 658 554 514 -28 -555 -658 504]
[397 -419 -333 54 172 1286 696 766 -242 245 -50 638 606 439 1013 566 699 107 -303 55 1155 -806 -468 614 -1190 432 -137 -404 -467 145 239 -471 -413 427 526 523 -917 662 781 1511 -586 -334 -165 -66 283 -175 632 -118 -271 -155 692 -93 745 224 488 -438 -555 -1094 -1071 -283 -395 -892 -163 -608 -956 181 855 -5 50 -379 -601 -271 500 -219 -1436 -594 876 -238 -167 -891 -204 -199 456 -297 673 605 -464 -244 107 131 244 -396 277 -452 376 -1045 -559 -617 466 -272 225 -906 1132 452 -200 413 -667 62 -1144 -738 979 -1043 392 754 -890 421 282 598 -883 828 67]
[-431 50 1137 -89 214 521 570 -663 -602 566 1187 -436 -133 1080 676 330 346 77 798 -127 -941 -370 -171 734 -637 -49 110 -1424 -450 53 -239 1176 514 -826 -374 148 -850 631 1017 -814 -140 672 134 -13 334 -215 -588 -63 -712 199 1219 52 -272 -743 1137 -1193 -634 -137 -552 571 -176 699 61 766 -188 100 70 -1344 -514 525 -856 -468 -163 -882 124 424 251 922 502 -1019 -939 17 -174 1354 -364 -304 -632 908 521 -638 889 -155 -1461 43 424 378 699 -1027 -644 -238 32 579 -180 -219 -23 790 -780 -45 -225 -199 598 246 377 -787 112 -300 -625 743 -381 61 -370]
[-272 998 -1270 -119 794 -443 209 320 467 -321 -435 27 -825 869 -470 -98 649 154 878 -662 -1608 230 174 -209 1081 -2091 696 1348 -321 -459 316 -453 -621 450 1524 -947 -904 518 -130 753 49 -412 1177 1079 -735 -1497 538 -381 255 17 218 818 -266 1902 873 -92 -754 684 -518 932 -512 -76 -479 464 -387 2094 76 340 298 -613 -274 -1003 -1484 -54 197 -1050 -605 -1039 -1385 -691 9 -1046 -25 919 -1107 11 260 1317 1103 236 -912 775 -263 -288 -815 932 63 -231 -257 -793 -480 526 632 -1230 -185 82 -1198 -657 1178 -266 207 -141 -507 -43 -352 36 -294 972 332 1001 993]
[-111 -444 827 1119 330 9 -325 -292 258 -472 630 54 651 -236 528 -1460 -101 602 421 -1203 -323 210 -502 -559 261 1050 -392 -323 -495 508 903 7 1313 -602 -314 -674 381 -286 -90 56 251 317 -43 -171 -49 613 -690 1168 1098 -249 71 -740 116 309 -80 544 -303 -285 376 1018 490 152 -76 -448 305 -101 139 -180 48 -155 523 225 -1 848 698 50 -479 96 358 444 85 354 6 -238 -645 246 692 -589 -57 1220 -557 168 830 541 -216 261 -615 902 -289 -389 -591 513 542 881 30 666 -356 443 927 -127 68 159 42 73 150 707 -800 -540 -735 -878 -1098]
[-771 -777 -27 -393 23 123 -829 661 48 642 -13 -505 -81 -673 -478 1201 43 -357 -61 721 750 -972 852 -882 -1759 200 386 -614 32 703 -746 -320 -729 9 -383 686 -660 -234 -75 -512 86 -925 -340 182 -86 -1657 13 637 14 31 501 599 1436 -944 -251 766 1400 -544 100 -628 -80 167 1198 328 604 111 1084 -80 -360 502 -128 944 177 -557 -882 638 222 -531 306 358 298 228 -652 451 965 -925 952 -420 417 -257 -1278 -937 31 -226 449 -647 -60 -653 355 -58 -437 -1394 1050 -493 -99 -520 -598 145 -102 -149 -708 33 868 -408 -1324 -665 216 -869 -526 143 786]
[579 -495 -194 142 -799 -1163 218 104 -33 735 -1112 271 -412 424 -92 462 64 341 -634 269 166 1051 -300 -1278 -97 -57 -1399 -190 1120 -428 -466 326 100 453 -797 1470 861 -240 -279 -37 -594 -147 155 -467 1260 -418 140 -551 -166 -1457 -400 352 234 -268 976 -221 189 51 -256 -857 1036 247 517 46 860 -453 -530 242 -442 -400 429 -504 -203 -250 43 -164 -1135 458 145 183 -183 537 -343 -271 140 -31 404 83 -572 214 423 -838 268 172 2149 -446 278 -571 574 606 484 -266 206 -488 -231 -436 -343 670 177 79 -1013 662 -864 413 914 -292 -933 347 832 -507 45]
[394 -642 159 440 297 -467 -1409 212 -793 -22 143 -1348 -179 -457 626 154 333 -523 -135 1054 -211 75 685 56 -744 -685 672 -816 216 1177 -750 332 -393 -800 -465 1081 284 -294 379 -702 -688 856 -930 -565 267 -873 278 -161 23 762 -412 702 -603 -945 -1478 748 534 11 1561 -413 -456 924 -258 -314 251 -1655 -49 -226 -348 380 703 365 400 327 1025 -562 -334 -431 417 110 -480 758 -503 804 602 -257 -287 -170 -587 -1479 -810 -637 251 -303 395 -147 58 328 742 -549 498 -324 -414 -148 134 -279 729 727 -848 130 -1309 956 675 -384 216 -271 687 -414 -318 20 651]
[-150 -500 823 595 -629 -186 -971 -664 -997 -226 1010 -98 1153 -1121 619 -552 -474 880 12 -78 -1276 148 827 249 428 1817 -111 31 -527 -368 12 1025 -76 29 1040 666 1310 -403 -1571 -755 956 -279 -750 -184 21 593 -166 -134 1402 -961 194 -679 76 -172 -544 -289 -324 -416 800 -119 -28 770 -523 126 153 -541 230 932 -30 -369 1063 964 -15 36 468 -1207 -297 -218 -655 729 186 593 -163 161 -566 -169 -380 -1270 -301 -39 250 442 816 957 534 -524 -61 351 -80 -9 165 -318 888 856 408 -196 -5 454 -107 -441 -882 849 1004 444 -222 -629 111 501 -9 -1130 -1390]
[457 345 16 94 -378 -146 -85 338 228 -385 -428 1982 311 269 404 246 -1238 420 293 1636 -1121 115 -870 738 557 930 -124 568 738 29 404 -504 -517 882 1739 471 -67 710 -1314 209 1545 259 -98 419 -9 530 147 -248 227 718 -68 287 626 660 -821 -1186 -290 1049 657 -323 330 -121 -932 -804 -1324 1166 33 -43 -279 -68 -472 46 -922 -108 -1203 -507 -613 -799 -1077 -502 -177 -405 -663 877 -189 -41 -1174 -928 279 595 781 -435 462 642 -41 701 -747 750 -1026 -469 620 453 793 -1044 40 292 311 -1268 391 436 -873 222 -134 -178 -128 -8 598 1773 -110 -312 -462]
[-232 386 112 294 -519 368 74 -828 226 -939 529 -1461 262 -135 417 -937 -1198 1365 -504 47 446 1183 -682 -7 1323 1078 -243 859 -1155 -714 533 -238 972 1586 -179 -1129 647 321 -1519 -531 863 -632 -1079 186 -537 -75 -278 131 269 -55 829 -948 -1112 -802 -221 -121 -76 304 601 -171 -86 340 -713 -186 628 -1243 -317 -1152 40 -583 164 -640 907 47 524 208 175 301 -166 219 -421 -40 -263 -258 -397 -184 -1431 63 254 1477 662 158 510 336 -518 385 637 86 -1160 543 382 478 219 -366 227 -63 -127 -38 -840 403 878 -255 -404 750 659 214 -405 -735 274 -827 -380]
[-1004 -612 1136 -531 -85 791 54 -376 -428 822 749 -141 -422 374 81 -681 130 -887 -334 699 -431 -666 375 225 -221 597 -434 -1248 -3 505 -372 1623 1117 -170 550 478 -331 12 461 -525 -233 398 -65 -647 72 292 -544 -969 -163 1101 1280 115 -354 -267 -342 -1089 -27 -1780 -131 -416 916 25 44 959 -335 -1850 -330 -167 22 -22 223 54 735 540 1434 -188 -202 734 45 1175 -338 663 259 766 -44 -370 62 -192 705 -335 538 -934 -381 403 813 164 -756 -1681 -889 -550 463 -61 1064 161 -111 -695 270 -514 -1220 335 130 -414 -310 -528 339 -30 -102 -303 171 -80 -419]
[370 -45 -284 704 -361 -375 -667 -346 -725 -440 146 12 835 -916 -1031 -367 -1002 721 276 92 -931 -273 488 211 777 -356 255 271 -192 -58 -258 201 153 654 1334 -195 200 -254 -915 -278 1052 -704 633 1300 -799 114 -30 -342 -46 -918 -187 182 -190 578 765 -702 429 648 111 -391 31 305 -694 -470 992 98 269 1760 330 342 -339 -140 -552 -5 168 -193 -333 268 -1436 522 -440 199 458 1339 -1606 116 225 470 248 428 394 715 -172 1485 482 333 531 -199 -491 -807 -111 722 208 -1121 219 -951 -40 534 199 -227 -1011 1095 -402 -293 -36 -1371 -797 384 1158 -56 -475]
[1196 629 474 1240 108 -546 -516 -604 -1086 -789 307 -139 952 -1074 -1104 -71 127 927 491 -1684 23 107 -312 -74 419 26 602 -902 152 395 849 153 308 577 95 54 782 -442 -9 193 842 -66 -380 145 -1228 2055 -672 362 1236 -608 -455 -94 -182 766 1132 -59 210 -42 -389 879 574 666 994 -509 829 217 19 1115 -1163 668 -710 785 -434 395 196 492 -598 1002 264 273 -307 421 646 123 -1237 861 71 -218 -912 847 454 649 560 -130 -9 -228 84 1444 50 -333 -1023 -27 174 642 -221 -462 -1317 309 208 750 -514 -52 -81 -118 -743 -1169 -16 -844 504 761 -343]
[-257 -565 536 -67 399 681 -655 327 57 30 -52 927 1074 -969 -423 -612 611 694 -828 -449 -1396 -413 750 -481 -835 124 16 -1161 -323 1311 393 551 875 -743 -285 229 334 -344 455 -312 -948 357 -982 -143 -160 -348 -780 426 46 -140 -155 -972 805 -581 1006 135 614 34 248 311 -143 -217 -457 140 -461 1034 641 846 -426 952 275 915 1 -169 55 -141 1117 -177 -281 208 370 1013 624 85 -598 256 1647 27 141 152 -405 763 -391 -208 7 -375 -470 27 494 -854 472 -39 -1156 637 167 599 -302 561 -368 -745 -171 1109 425 -936 36 -211 -532 414 -221 -485 -508]
[-67 447 1248 -154 -617 954 43 -643 80 -417 -237 -639 -63 -1102 -361 4 -701 312 -543 -777 -1248 148 449 1029 252 -673 -564 -378 -824 -126 331 1027 -179 -765 1240 -954 294 759 860 99 -181 -715 -195 -219 -674 623 -761 -217 94 -841 234 -911 499 388 -158 458 -167 -890 611 -1030 381 205 -739 -106 564 -651 45 1367 720 553 -603 368 288 -448 1210 619 -531 1947 -577 357 -813 310 1041 930 66 -175 -1414 554 -457 432 1479 111 144 346 503 331 539 245 -246 -577 344 -356 500 85 123 -386 -1391 -414 -1046 312 -689 -251 251 -326 488 -348 666 -495 1047 377 213]
[-655 -957 -491 -74 231 -419 176 -499 -892 273 802 -58 562 -200 -167 -1629 742 798 -1063 4 -847 -937 1066 1080 378 1646 -325 471 -172 296 -246 1 895 -253 -668 371 361 -269 -837 561 -242 -49 -565 -674 -292 -79 -646 811 742 -381 150 -732 376 -86 294 654 -649 -14 -284 -205 329 -79 -1065 227 -846 -157 735 746 335 -56 1672 219 132 531 -334 -747 993 -191 -551 -186 20 750 310 -1713 361 131 -20 -790 216 480 384 -26 -821 58 -1839 -355 113 -835 779 -18 60 -260 -692 816 -273 186 337 585 582 -592 371 294 366 360 760 -450 -705 -5 -1017 -760 -369]
[-1182 161 1147 -732 -264 1098 560 -677 684 -89 -302 -140 -243 -61 -217 -424 456 315 -1619 410 -955 -316 -1182 -1544 -175 263 -262 437 -47 -512 185 144 817 305 -233 -1577 552 -624 -153 -899 -1249 -854 467 -234 1246 -1140 -150 -575 -248 -414 1032 -1030 1561 -671 380 1034 -226 -266 367 -75 -254 52 -207 1441 543 -326 -248 -107 782 453 15 -264 21 -477 205 -257 -98 -31 271 318 223 242 -361 -903 -9 -500 61 946 784 122 -1329 -809 -87 -807 -261 -129 -1104 -1073 -93 298 -89 -1007 437 774 -1128 -718 -21 -1053 -132 -128 771 -488 -678 363 1156 797 -87 -49 -387 141 1155]
[-174 -111 -477 -398 43 -1043 -57 965 964 -1334 -162 563 -1356 198 374 -188 -411 -1308 -476 827 -1209 175 -408 202 1048 -109 -215 154 -1622 709 402 95 91 -1294 816 -221 506 -42 -854 -1472 -656 -877 -1434 257 -594 -93 -154 -214 568 1503 90 -663 -722 -1042 -290 -714 1796 -837 1708 -610 345 -496 -1575 -625 -741 -41 -332 616 -60 -584 620 177 -810 356 898 -886 -1019 62 -208 -592 103 228 -2061 -188 -126 -788 263 -85 329 147 750 546 730 -47 1388 958 -263 -438 -63 -977 418 1750 -525 -182 324 -38 915 619 -466 445 -476 186 -773 -551 502 1909 -1086 606 197 -613 2]
[251 -305 -776 1165 254 -970 158 627 -197 -300 -153 613 -757 19 -842 -199 139 370 322 1159 -207 -316 88 -317 476 -541 514 -232 92 179 737 -764 -1379 -1041 781 -10 -134 695 -524 562 -177 409 486 669 -551 -70 27 -27 342 957 215 1332 -1074 -177 -907 -444 -46 580 1422 -136 -570 159 -836 -252 -810 174 430 246 -718 165 -759 -16 -1289 -248 316 177 -922 -52 -3 -818 100 359 -722 277 443 637 -755 -253 440 -66 -253 -1003 866 -702 -725 264 -57 -115 -732 -589 -14 500 265 -1683 -952 -1162 -620 -1323 -162 1327 -220 -169 -464 -148 81 746 734 -51 159 23 609]
[-416 776 202 -1111 -513 615 737 -89 50 883 -459 3 30 232 90 -102 -537 -1388 -1979 668 -442 -203 -344 -4 -814 1081 5 564 1227 -541 281 -293 81 546 -26 -1180 -346 -154 -793 -4 54 952 1450 -224 1171 602 -229 -855 -974 -639 -1191 -1506 212 205 -225 480 -535 907 1046 -676 107 -419 -917 441 -41 -666 -267 267 893 69 1338 -41 190 830 -768 449 138 -189 -524 1052 12 -365 748 -1621 161 -943 -1043 -746 34 -1189 -633 -311 -668 -44 -1316 -559 346 1288 81 897 592 28 -99 765 -410 46 1401 -1139 176 -424 1033 670 -705 410 1759 895 833 136 -719 -677 -500]
[117 -2058 1443 703 63 -216 -389 98 -849 -675 751 1325 251 -141 70 -1220 848 448 246 1467 -406 -1427 891 -527 -201 537 -164 -980 -1430 433 372 880 -24 -821 750 -335 643 -173 -839 -626 53 847 -618 1043 36 128 -136 -144 308 325 120 327 881 -196 -1232 -676 283 182 -634 41 -401 -523 -453 554 -796 -860 607 -879 -540 190 -442 -41 377 -282 -265 -602 677 -222 -887 1099 78 2119 -727 -1071 95 89 447 -1027 -378 125 -397 88 113 372 -395 -1406 166 -875 317 -202 234 78 -1011 -325 -270 -376 356 160 -743 -143 249 285 692 151 356 -334 79 708 -519 -726 -823]
[-75 254 60 -527 91 942 -831 391 -842 -233 161 -1685 674 1060 1193 -186 -502 720 536 218 -690 961 -570 481 423 -45 -108 907 418 -52 -1964 -320 244 98 -1200 651 741 -151 421 -580 -398 -373 893 -1036 768 -254 277 -320 -330 849 281 899 -101 -318 -1276 1002 -1418 -1145 457 314 -183 948 1096 -761 673 -106 -603 19 -220 -666 396 -4 677 -133 1074 -30 -856 347 447 245 -642 -247 -735 561 336 -142 84 472 -936 -128 -1052 -839 446 -135 -752 165 -758 -201 315 -452 -1700 55 604 -546 -386 330 705 367 -89 -342 610 868 384 -708 963 -946 202 -650 203 -237 -508]
[-383 759 799 597 -125 1117 275 -517 -73 589 478 -759 -1968 392 -168 -936 85 92 694 426 217 559 447 984 726 -212 98 -898 -880 55 573 798 178 -675 979 -421 -727 1774 -45 -665 175 490 95 -347 -1045 -562 -589 -623 -989 1661 -112 137 -1381 128 -597 -664 -550 373 -817 -277 46 -276 -789 307 233 -1530 -419 -1173 756 290 510 -635 36 -562 395 -152 -394 214 -1036 114 -586 132 -237 963 418 -113 -2160 -672 348 -452 459 456 -265 636 -820 984 -542 -135 -186 -762 891 1328 -381 -204 20 -269 -553 -1083 -763 147 822 -964 325 -76 1 -412 1023 -362 1141 750 -217]
[695 -389 -309 -58 -346 649 31 -716 -511 133 729 389 1074 154 813 646 578 19 -1187 214 -223 183 -563 500 315 1217 -481 1499 513 -455 -272 -436 383 -836 -140 870 131 -650 846 -222 -879 -1207 -951 -738 755 -47 940 154 996 474 396 15 -565 -1239 -84 35 -402 -1470 99 -470 -177 173 -338 42 -606 163 604 440 246 682 262 -254 527 176 44 -1197 979 -1032 545 -1792 152 418 -121 -51 153 1109 32 860 -191 132 -228 205 -157 -388 0 -672 164 286 218 140 -47 -1100 343 327 -16 152 -362 1179 -119 -1420 -115 156 -84 239 235 810 -92 264 -985 -200 -636]
[702 484 -253 174 354 -142 -55 366 -94 228 -413 -213 454 -947 -684 -156 31 70 305 818 -251 -928 -151 809 719 -1025 645 -238 -111 614 128 387 -508 -308 -826 -564 207 108 704 -525 -340 -36 -1193 461 364 -648 17 -995 -601 929 39 -700 -80 364 642 643 1331 135 95 84 -115 454 225 -41 156 356 -597 -156 -992 498 -590 527 202 379 740 -113 21 144 -281 635 174 -1 -142 -721 -5 145 274 -613 -609 -995 223 383 -1246 -485 -18 519 446 -340 173 -1048 559 -139 -694 -60 87 -837 -201 -197 -835 1067 -668 424 50 -472 496 -914 749 -194 473 650 1279]
[-265 1039 -46 -18 -285 -353 -575 75 -424 383 -148 -1167 521 -419 197 -35 68 85 -966 -544 1395 -464 -202 699 -498 1126 734 480 -40 -181 -822 146 257 407 -827 -432 660 -308 -334 -797 -334 -155 -272 -552 703 -772 673 -506 518 84 385 -387 -762 -979 762 281 325 -435 -381 -548 275 -454 1172 185 826 -943 -240 85 -280 -234 527 214 1404 505 56 120 754 -318 125 619 1412 -548 -415 -663 662 -345 81 318 179 -20 311 1075 372 -88 -440 2 -627 332 647 546 185 -525 -188 1220 414 -477 716 594 -181 -657 163 197 490 273 -701 -523 -1 -920 -779 704 -856]
[516 156 -196 130 347 -885 -848 -497 994 -165 233 12 -251 -757 241 -669 770 162 1833 456 -115 -49 -145 32 844 -242 -375 -583 124 764 345 312 -970 -322 451 -520 -10 292 -316 74 888 136 568 -445 -311 -488 327 -147 -1028 1472 -697 -64 -741 -46 -1466 -55 -187 1064 466 968 -664 -123 383 -1289 379 -806 -1216 -902 475 29 749 828 -100 501 702 74 -1032 -276 431 639 48 -400 -820 -136 455 334 -1156 -1309 -122 -1202 277 39 -91 607 -788 624 203 -45 49 -705 -333 1494 -493 -276 -765 547 2042 272 -228 410 -270 97 168 -96 -1417 490 -40 -247 -193 107 -462]
[1866 -363 -1075 162 -65 706 -167 -76 -212 -896 -462 -234 616 -544 29 571 446 287 369 409 88 258 216 642 629 -676 835 574 -256 -186 -244 -831 -220 750 -37 168 -139 115 162 695 -738 -350 -441 562 -758 -263 625 153 -602 231 -1168 -424 557 854 631 321 -970 -293 -291 -602 -255 -626 -322 -1042 202 207 -750 674 1163 14 780 218 -35 384 -95 -522 369 -1081 -375 -482 -1125 -162 -75 -96 -264 437 668 -1251 -1276 546 242 1415 288 581 -38 -563 1020 393 748 -471 -1118 236 -529 1023 -563 695 754 746 848 -2018 -799 15 238 525 -715 -209 -979 -118 -354 -418 135]
[323 -580 -1344 -247 350 -18 -802 151 716 -318 703 1308 385 -921 -605 689 708 -750 648 520 664 -1676 24 550 257 -1446 -226 -978 -199 633 -217 146 -709 -332 918 -601 -720 -39 372 580 89 -790 1180 1205 -764 -458 472 -263 -965 2132 -218 968 628 -276 478 84 868 -1012 -827 -287 -475 -1095 1578 -519 450 -179 -661 166 251 1065 -1272 428 1320 388 305 346 350 -99 -647 354 -337 123 -78 -500 -311 -55 518 -706 351 -286 -103 630 -652 768 98 60 492 -1036 -970 -1020 -839 951 -108 -508 -1074 -138 785 216 555 -952 -390 -233 -306 -116 -1742 1188 -200 -388 -185 -91 -187]
[-995 346 -456 -32 186 -901 418 247 -404 675 -17 846 1220 236 -16 -584 91 557 268 -994 -471 429 494 593 96 639 -607 594 -365 -590 -473 318 -913 -235 743 -216 -658 -68 -733 704 407 -143 299 501 -183 352 -206 371 689 -416 137 -231 -850 259 959 -1113 -581 472 -463 488 409 -177 654 289 -1511 1099 1070 855 -907 679 -361 1155 -128 -882 -678 -374 -312 792 -789 -456 851 -821 1097 -1061 -505 -65 -641 478 117 228 946 123 3 741 -399 1182 -525 1150 1047 10 35 222 504 246 1271 192 -766 -202 1176 -21 107 214 563 -240 -758 -771 322 353 -134 159 -1367]
[-932 -514 -261 52 1097 -412 460 -278 324 3 -286 -102 1333 -45 -647 -568 -185 341 1795 -747 160 152 -518 -79 318 -348 -454 258 -267 -683 -1096 33 -705 -2342 -428 276 -355 665 1196 -155 -831 -244 1484 -769 516 -891 -47 -145 -1182 681 2 735 -1307 -2061 229 -374 -609 125 792 -149 -625 468 -149 -514 -300 132 -398 485 213 284 39 195 -113 -458 657 547 17 -19 1378 -936 316 -835 143 -23 727 579 -421 117 33 -36 -31 -26 286 391 -181 1394 -27 310 382 -1003 4 388 110 -318 -208 501 48 800 -268 310 994 374 162 -624 685 1112 -671 -192 -352 -901 -1381]
[-462 204 -465 -359 230 -410 256 -821 393 734 847 1055 492 -335 180 331 -511 1147 735 -926 129 736 250 -242 17 205 -667 463 609 61 -581 -923 175 250 83 224 -8 -355 438 -121 417 -800 535 27 512 271 -548 643 -515 -181 -153 250 -935 -553 964 394 -719 479 281 431 -443 806 744 640 54 1019 -554 -556 547 523 351 1013 146 -100 -249 -249 664 540 1394 -1301 613 -730 1413 968 -538 703 506 375 643 1834 111 -212 -612 84 -1100 257 55 -20 -168 -190 -633 -1145 259 1017 -445 359 337 40 1508 -659 56 73 -458 -1205 -977 331 -295 60 626 -1023 162]
[931 488 60 1315 -473 -277 382 -445 -253 230 -223 213 -737 -701 -726 -187 160 -15 467 -373 1713 -650 -293 319 1082 -715 -336 -845 -304 551 1119 583 35 -361 89 332 455 815 561 254 821 -470 -816 780 -568 1431 -435 -706 -180 756 -625 -1119 -28 477 664 482 1333 31 -802 -127 333 -995 -243 -64 393 -85 -200 344 320 283 300 250 -86 203 163 -319 98 -24 7 123 251 -75 -5 -532 -584 164 -448 -1063 -427 653 841 370 0 354 1398 482 807 694 166 623 1123 -264 -427 893 421 -774 -856 451 192 441 -332 -1254 -490 -15 -506 -176 801 -677 1109 382 367]
[-184 -17 481 -47 -681 129 -583 -63 260 97 -704 -801 -929 236 296 80 -210 1477 435 274 -975 847 532 480 76 492 -896 168 -471 565 140 268 -809 -702 105 -304 628 591 -345 -409 2 179 -1176 -62 146 -502 236 128 -2 785 1097 633 185 -272 -1697 53 -613 -371 -168 -592 333 788 88 -466 988 -420 420 -1331 -391 610 34 20 622 -1752 546 -34 -1264 585 -303 -958 -11 455 -973 1039 658 -692 -1066 855 795 433 921 -606 1407 255 951 433 -750 52 -4 -205 1322 -670 460 -327 244 -168 -1262 -218 -1404 -553 -517 -642 886 -1324 60 -682 947 -237 1128 486 511]
[3 -229 341 183 -125 440 468 -520 -413 -25 579 -252 -627 212 -719 -14 522 -64 322 -293 825 -1018 -11 -301 -873 -976 473 -362 -842 -357 24 32 -273 -733 -519 -781 -1219 -227 1400 181 -1345 -272 402 150 614 -988 643 -620 -854 556 131 -214 317 -411 -258 792 111 -351 -1196 97 -129 -72 79 2080 887 -540 -27 141 -7 611 245 -623 782 -266 -269 -357 149 -161 535 342 -477 -92 -158 -540 711 -808 25 812 -3 -506 -290 -874 -361 -490 209 -86 286 -132 789 -487 -795 -795 31 539 206 -589 -157 844 -89 -294 159 -679 9 -142 -193 145 -101 -532 -857 1034 1536]
[577 819 -197 726 -354 -13 -550 -326 -111 -30 -35 497 291 -858 135 -896 340 1219 271 752 557 -80 238 431 1371 512 -376 786 -578 -278 622 -6 -162 408 778 -289 85 127 -288 429 -4 -21 -100 -225 148 120 402 -783 -538 396 39 -219 -918 471 -513 -1587 -128 -78 -996 -179 -298 -724 176 -1024 302 -444 -572 318 575 886 -101 751 -456 68 105 -457 532 -664 74 -711 125 410 731 489 -531 1318 -117 -1230 410 566 -61 935 -478 492 -711 95 13 -313 -186 26 1473 -156 794 591 -868 -714 387 -305 -34 -1070 263 -618 -154 282 -1341 -219 647 -473 317 937 -226]
[1277 652 170 1606 252 303 10 193 -230 -323 -45 454 -311 279 -32 -310 -43 -534 -856 140 2 -386 -810 -693 45 -851 -462 47 1761 1135 63 305 458 -611 145 185 558 -191 561 -570 -136 -85 -550 -506 834 1057 797 -802 711 588 -306 886 -32 58 -209 1193 -10 130 308 62 21 308 -660 -348 -45 -970 -852 -457 688 -20 11 -1003 177 1079 1488 -143 -1085 -471 368 56 -151 537 -305 1338 -1095 994 -1032 229 -472 341 -923 -521 127 431 351 -203 45 11 168 -207 -42 32 257 253 -1108 -265 507 88 108 189 -685 -72 -1381 20 873 719 814 299 1099 918 200]
[-265 1235 -262 781 191 -518 -59 -69 7 258 778 256 -461 42 -410 -201 734 -253 1327 -423 685 488 40 -652 444 -1463 166 -738 -639 -98 497 1117 177 -1689 178 877 -765 818 1271 569 -1388 519 620 -137 -424 131 -71 -1119 -668 607 -857 -565 -2487 -940 426 -761 952 -527 185 -260 -3 -136 381 494 220 -147 -248 381 -124 -619 139 584 -1444 160 -198 196 -314 253 1211 -156 520 -50 -273 478 859 165 445 -294 -381 -727 -1169 622 -57 -794 121 627 474 737 -1007 -25 -754 710 730 -486 38 59 -1306 233 -181 624 1182 -252 101 233 -851 1307 348 -360 -511 -297 -745]
[433 -316 1143 768 -432 455 -1197 71 -937 -99 518 961 91 -1192 -894 -519 908 -215 354 1440 -246 -161 -134 457 379 -265 -1096 -1359 119 326 862 255 619 -1068 65 744 -517 229 -353 -824 -26 -155 -520 280 -53 -246 -14 -508 113 1656 -387 -587 -931 -664 -195 11 1326 -924 -173 -486 -179 651 -184 -703 -96 -2029 521 568 -991 652 -128 1175 -494 326 253 -80 -703 -83 -47 341 -271 1754 -341 330 79 466 -49 -2117 -711 -245 -1335 -16 232 459 129 -418 -341 238 -968 -623 624 578 194 -759 -882 -1074 -838 -133 -1748 1087 -391 -10 -99 232 262 -48 1015 386 957 439 -466]
[-99 909 828 55 101 640 75 -466 596 60 464 1198 1818 -830 -1253 -15 92 -192 -366 689 510 -544 -728 -710 -774 -89 -104 408 -347 -171 -268 -157 326 459 202 -510 -1135 -654 421 -398 505 -1110 -82 1248 312 -817 -273 -98 -251 455 867 227 445 315 1476 -7 1016 -10 -749 282 -95 -319 1111 1505 246 122 -93 -231 -37 950 -787 287 278 702 -728 284 383 363 -537 741 -45 270 1179 -561 -532 -627 381 -581 -364 783 -364 -298 -1125 1161 -245 1337 -196 -82 -164 -923 -117 -519 698 -151 -684 -949 -389 90 788 575 -289 -185 -1072 -724 -393 -664 -268 68 476 680 871]
[994 -60 559 572 -514 1017 509 341 -958 707 -990 1079 149 79 -420 416 -145 -515 -932 1270 2032 -348 80 303 -1412 327 -233 -845 757 345 368 202 645 -2 164 765 89 -50 584 847 -76 563 -1052 209 93 372 -522 481 320 -165 -983 -727 514 46 -7 -431 673 642 -283 -1132 -84 -923 -537 -177 -830 -1013 152 110 698 946 -280 -556 766 1117 -168 -145 1101 135 160 265 157 492 915 987 41 240 350 -160 -645 242 362 -1147 -348 57 706 134 549 710 -541 1131 1157 -1387 -209 -210 52 -409 512 -1305 658 365 -1941 -82 -861 454 46 -152 1000 566 -397 583 146]
[-418 701 62 -245 -295 192 100 -236 432 550 -16 727 156 191 608 202 785 -542 503 829 -574 338 -937 522 667 -506 -105 -513 1045 -115 284 -567 -245 498 -339 112 -71 -220 315 10 342 192 1159 -542 954 78 204 -1117 -169 951 23 629 -870 624 738 51 -668 625 259 1228 -577 144 -301 571 -1084 1075 -288 -466 -808 518 81 44 -1168 177 180 -637 45 -521 -10 191 667 -591 -70 417 -328 512 -633 305 95 -745 -298 -474 -1592 -762 -425 610 -638 -317 -377 727 159 854 -815 -702 273 -53 360 -1371 277 879 417 725 -591 -514 281 -302 -178 1027 508 643 358]
[-93 942 -374 -167 -61 -438 293 -265 109 -110 83 302 -495 85 123 257 33 596 645 -488 1113 827 87 736 17 355 50 146 -691 -785 562 -324 290 532 -444 1132 314 322 -114 -242 459 378 -272 -805 -730 1366 -371 -59 989 139 762 74 -2773 -379 679 -1034 -1292 -531 -389 452 -724 328 22 222 -873 214 33 -822 -694 -497 536 -1 -223 520 55 -62 636 258 1524 -1695 468 -469 92 799 82 110 -6 1289 574 1089 863 394 950 -391 -456 897 -210 325 -827 538 303 109 -717 -40 257 12 -23 -551 64 519 973 -911 -336 -90 -1174 530 -386 -159 99 77 -115]
[-1071 654 194 -139 613 998 526 -376 271 623 339 -368 225 361 165 392 44 -582 -463 230 -196 1192 -240 -749 157 -254 -299 224 471 271 -552 476 709 -658 -630 510 -536 -362 -284 -267 -183 -582 630 -794 38 -440 -905 401 -359 -351 -592 -221 -114 -1207 597 593 206 347 456 -277 -71 219 -530 243 -198 331 758 -139 -139 -153 266 -380 -466 -677 -456 412 532 -343 143 22 712 -606 -273 302 -21 -249 -257 823 92 -1138 -676 1 -1274 -822 184 -39 -14 233 -294 696 -88 -42 269 -728 726 1157 -98 19 152 -178 1277 666 426 -384 1259 30 -317 -713 8 -806 -1079]
[-977 -730 -388 539 -419 301 252 -56 363 418 18 198 183 -639 403 -354 31 227 -34 380 -824 -509 -141 63 592 308 251 413 625 -433 214 -96 -14 966 -162 905 -148 -644 -724 152 305 133 22 -308 731 139 257 -289 23 -917 1048 503 1308 -378 241 -700 -75 -513 -771 429 252 330 -279 -472 808 1031 537 401 -476 -532 -295 -1025 -706 -1155 -811 -341 -104 -1318 -893 -727 330 23 -545 591 -133 -205 735 178 395 -248 -179 42 348 324 972 -398 -1127 -212 -916 765 726 -17 991 -438 362 -212 -414 171 -409 -852 858 696 765 1059 202 -249 -548 -347 -98 -307 -120]
[261 -707 -460 681 -426 -693 -1059 -1 -535 36 494 663 594 -600 715 -404 263 201 567 321 -152 -794 -227 685 718 1364 -115 -91 864 661 579 104 16 124 283 493 111 -284 -194 709 907 480 262 210 294 1376 939 -241 553 572 135 283 -626 630 -595 -447 -6 133 21 907 153 -692 -453 -654 -561 603 882 487 -1001 455 -33 790 -141 -811 -661 -638 352 -873 -407 -190 647 515 -339 -1459 -601 1092 -225 -570 151 -451 258 372 -101 39 -101 -753 211 570 81 646 555 506 -443 9 1040 102 503 535 -405 134 645 433 645 -111 -126 -434 340 88 -26 -386 -1161]
[-807 488 -27 -545 -182 -200 319 452 471 -480 -384 -1138 667 -774 638 187 -802 -437 75 1121 -1061 0 -497 -130 125 -249 422 1565 668 -775 -926 -780 -919 136 791 -506 -434 28 -493 682 810 -669 1574 -164 288 -756 -305 -112 -299 -330 711 583 -162 362 -839 396 -117 -151 1858 -939 -731 362 -1265 58 457 59 28 -82 163 -1145 301 -238 -1204 -367 59 445 -566 226 522 -299 -460 -732 -38 345 633 -1052 -932 -270 925 -463 -542 -1355 523 -461 -190 1152 -99 -63 -644 -461 359 -810 2545 -1241 -11 -358 190 -805 -198 1104 909 -159 53 -433 599 159 943 -551 577 -165 1252]
[243 1099 1599 535 -240 516 -772 -217 -447 -63 173 -1738 -507 -349 570 -882 -1329 579 -1331 -1159 -202 1077 308 235 -351 312 489 -482 -924 -487 565 395 732 885 -335 -566 681 189 -1425 -1431 111 861 -1272 523 -1036 922 -770 266 638 -1355 -637 -1237 -1088 -106 -248 -194 -428 812 1191 -32 -561 -64 -114 -120 546 -1831 299 -811 143 -907 611 281 261 329 -1057 366 746 1761 -301 387 -237 -21 55 413 96 -315 -65 -202 -193 322 -443 1016 577 506 -1619 -94 -923 805 112 199 -203 679 -645 984 -333 -59 493 -581 -165 -443 849 766 321 375 -146 -461 470 -135 262 -452 602]
[498 5 -657 -1396 -1153 -210 96 73 552 336 -424 -427 -1286 29 -239 642 -1241 214 -99 1317 -847 -274 113 -225 17 1499 990 876 851 -1202 378 -1513 243 1944 115 -124 -1238 672 -362 715 67 -244 45 532 288 -346 7 -112 -428 402 1104 -651 1088 -277 -144 -792 471 210 -707 65 537 268 -455 670 1214 801 191 -943 -254 325 226 -419 -121 -945 -1266 724 -88 -760 -321 -421 -704 -849 -791 131 740 -1489 555 415 1165 250 745 -679 -51 341 415 205 305 714 -745 1050 271 -398 675 -587 244 200 775 -581 -316 -135 -21 414 -236 -80 -186 -37 -328 -233 -589 69 271]
[-384 134 -406 -1235 71 318 -35 -508 50 -634 -162 -324 -378 368 287 -129 -699 38 -737 -14 -1075 69 182 -555 93 18 -131 55 -198 216 -369 553 -187 1 -146 -923 479 -147 -414 -1014 218 2 -238 -496 175 -588 -385 -89 -366 607 -682 491 990 -454 -1607 1401 -550 398 505 578 -348 464 737 214 956 616 -1282 -315 596 -74 381 -128 -99 408 759 314 483 80 285 1137 -221 -914 -807 984 66 127 395 527 -32 248 -602 -763 428 -279 -900 -286 -1712 -756 771 -108 -1268 -376 -134 84 -1056 587 1302 -572 -386 -831 221 578 -237 -1787 936 -189 -107 -95 -674 -404 586]
[-609 -805 -902 116 -126 47 -1027 794 -812 788 -541 -646 -137 435 22 1431 395 377 387 897 526 -668 1113 -230 -1254 257 512 734 -457 -164 -248 -383 -1246 583 411 1260 -580 -355 -545 521 317 -900 491 1281 -860 -196 964 1541 1061 -664 1105 1267 560 505 -25 -613 3 -1218 -912 -85 -565 239 558 10 67 627 1670 551 445 -372 89 673 -171 -970 256 -216 -142 -549 -32 -816 468 61 503 1125 28 -1206 1044 970 1034 202 -442 -659 1229 -78 922 -145 763 258 -452 571 652 -1559 1479 -613 574 -784 -797 443 986 -109 45 -649 703 101 -1150 -845 -64 -627 -66 326 937]
[146 -872 -1098 -626 156 -255 67 -467 799 -583 -364 -150 -1000 184 -93 903 1012 -1020 1316 701 -778 562 655 448 941 -545 543 -201 601 1267 -211 -508 -600 -703 646 -574 -297 375 219 1133 197 900 982 -15 -304 464 593 385 -740 1342 -396 1278 300 523 -1460 74 -664 543 1013 39 -90 -171 -645 -586 -65 302 -630 -46 893 -321 214 344 -1173 -404 832 657 -1244 345 418 121 312 -45 -227 203 -382 287 -505 85 260 -1448 1098 55 579 -447 745 -353 162 77 -198 228 -690 1421 -520 60 111 881 1137 -189 123 185 -526 -782 -10 -1493 235 362 -358 -626 224 430 -153]
[80 1075 -613 687 -40 -379 -1051 -41 -721 722 171 -550 -160 -227 -257 -221 -308 489 1409 -378 -458 -220 225 1527 684 1520 261 -38 504 498 386 351 -795 -335 1099 258 -118 494 -378 553 1219 334 979 183 -867 2301 -91 -100 116 -434 -567 530 -635 1122 -584 -1090 -261 912 301 -27 402 -14 -347 -1142 910 290 10 396 -10 526 342 1030 -523 -505 162 -28 -912 549 -563 69 294 -47 829 359 -695 52 -2031 -1648 407 -625 1059 607 -457 680 -575 -10 209 1379 -70 -644 695 597 795 869 574 -50 -121 -672 956 361 400 -199 685 -508 -302 -675 1003 -626 984 510 -1021]
[-1070 949 268 244 165 -115 -461 -21 998 -110 569 -664 -156 -157 349 -720 471 -433 -387 -1094 -137 863 -159 99 -20 60 361 256 511 -243 282 -951 -695 -114 254 -1225 -69 208 249 896 -274 839 816 -1687 -192 -108 573 734 460 42 -373 -232 -923 73 -1058 35 -621 458 274 852 -589 -330 -147 -161 -192 -364 -71 89 841 -981 588 389 -400 243 310 763 -226 338 765 315 142 -859 977 -449 461 283 -1081 330 329 -613 -390 244 164 -66 -1227 329 -1250 691 -333 321 14 1079 209 197 -148 615 1063 -268 167 588 978 203 410 668 -622 464 285 -793 -367 1196 438]
[-236 1369 -961 1479 134 -30 20 90 588 -502 324 -189 -279 217 190 -685 399 606 737 -289 500 -390 -244 1248 936 -1280 1353 171 -1226 307 683 498 -1686 -9 1216 -605 -249 851 -481 240 -237 -139 776 411 -909 696 199 -577 -393 50 -105 627 -1736 62 53 -379 -604 868 901 20 -500 -1039 -1111 -378 -583 351 -520 843 677 -639 -301 -34 -554 -502 261 -183 -503 -58 117 63 488 -782 -202 463 18 549 -1976 -559 395 -506 579 791 -659 -280 -824 346 1005 166 -308 -346 -39 1087 803 193 262 -324 69 -1073 658 643 595 -679 -266 964 -574 -124 510 -521 300 858 213]
[-988 642 317 -48 983 1003 443 187 -184 -1292 -1392 -1376 996 473 1006 125 -282 -54 195 -1034 676 -417 -403 279 -811 -874 765 -257 -2532 -311 -18 1031 -1437 -282 244 -536 145 -600 660 -1104 -379 -570 -234 -117 87 -1767 -291 149 243 -985 478 -488 -245 -186 476 716 -32 -756 882 -383 -1842 199 232 -231 -293 -52 -51 1130 -44 -330 133 238 -294 795 1490 -985 661 176 1043 315 -309 -1255 446 470 -589 -219 -565 373 -188 -685 -881 -343 112 -791 636 516 -216 -958 375 -1033 -164 -474 378 635 -78 -489 -711 586 189 940 152 535 -338 -642 -142 454 -971 501 -547 373 1321]
[-677 -15 -171 154 -100 540 78 666 -834 -13 388 249 -286 903 -116 210 -184 -282 -2376 389 70 917 120 -1513 -309 390 461 -253 1111 289 -697 69 1305 2763 -240 581 -401 -1160 -980 86 -468 -184 -522 134 289 -635 -1 -485 243 72 -277 53 178 -54 1571 -9 1580 -155 -1204 341 185 -161 653 1043 -915 -83 536 56 -527 -976 -295 -248 -210 190 -337 -246 -157 -1011 -551 1132 40 758 28 -417 -658 -183 1371 -205 37 259 -1545 272 -1063 -416 -276 -942 -1338 -703 -792 471 -598 473 -37 -144 -234 -526 173 -26 -434 -284 893 906 -980 455 176 -871 -371 414 49 -119 352]
[-565 547 591 630 253 -27 -94 -463 -537 -125 -230 342 -847 644 -160 429 536 488 788 461 291 -1067 122 770 -511 -707 159 -637 -1288 470 332 865 -1171 -900 811 -246 702 772 -714 -1574 -193 -243 575 689 -214 -364 218 212 -200 -315 513 382 473 -585 -123 452 -1097 250 604 -845 -532 -560 336 -686 -308 -259 464 278 414 187 -66 -244 -976 -572 175 -355 -193 -460 -360 -220 731 -678 -1358 1171 -18 -138 -1243 -505 132 428 370 -222 738 -241 712 -439 360 -860 439 -73 -415 -107 -231 183 -785 -634 -407 -1198 781 -103 -1077 -106 633 281 -1009 -84 -847 518 -149 -200 268]
[1164 -623 -236 716 -253 -1225 369 -154 50 853 50 1140 -110 -514 -136 -92 234 471 1506 -711 990 -344 113 119 666 -224 121 -1020 1269 505 1530 -1254 179 -573 -923 355 -110 1295 887 1374 895 744 -378 -524 116 1097 -360 289 828 -173 -1023 -889 85 1024 566 675 -207 -125 -637 921 645 -396 -2 -884 117 996 177 -721 -1453 686 259 139 -822 471 -168 140 -373 202 -155 -276 511 -2 -229 -327 205 1069 145 -578 -1242 772 556 -378 483 -211 243 -169 534 1786 467 802 106 19 196 139 288 778 -865 -373 159 435 -247 38 262 430 -498 -105 456 -86 371 378 116]
[-17 -308 -1476 60 895 -116 -952 74 989 -1624 -558 187 1033 -663 -79 -180 225 970 1352 -128 329 -745 -1195 -174 5 -1635 -149 733 -1057 352 -319 478 424 -1017 -755 275 132 -18 656 -827 -792 -721 -1010 -19 535 -1015 809 -1046 -1262 1194 -95 777 -251 -1757 -474 1190 391 -324 1195 177 -1 -46 -24 505 -363 153 -366 -306 345 316 -482 945 1475 564 772 -649 -35 404 1474 -516 -109 543 -586 -715 468 700 66 -737 -616 767 -441 99 21 -201 -219 735 207 -221 809 -2271 -230 -767 -456 521 -442 -16 967 890 -393 468 -1156 -114 -551 -987 516 2076 -754 -101 196 32 436]
[-390 672 431 -1793 -201 751 510 24 140 -315 592 279 642 816 590 723 434 -1192 210 97 -172 -202 -963 -645 -932 49 -174 -716 -27 -553 -171 342 482 -1236 71 -638 -250 312 713 -1372 -877 53 36 -1263 571 -241 454 -321 -88 1110 815 -1388 -833 -1733 475 -769 247 -1401 151 692 -146 344 -7 597 -267 -529 -465 -564 439 660 -301 394 972 296 1695 317 -158 512 1057 -316 -578 -173 152 294 43 -733 -735 1134 -961 -477 566 -118 -750 -116 579 -591 1401 -187 -499 -519 206 802 -195 203 -320 1114 1041 -108 -851 506 -164 289 -52 -25 146 2170 -615 863 -225 -53 -1157]
[345 357 652 -199 -63 54 1145 -935 428 797 220 -383 867 -569 -1001 475 -514 673 449 -756 674 900 -687 -1082 -126 171 398 -342 1245 -624 -475 -761 849 23 -1483 -512 -158 223 36 176 87 -56 876 -549 56 -616 -343 729 -371 -548 -1298 -183 -125 -457 1424 551 -392 749 -355 485 685 589 413 1020 1657 434 -919 149 209 509 -7 -420 10 -96 -401 1678 268 804 379 491 635 -289 895 -16 289 -190 711 149 -392 -10 94 -185 -190 -358 -619 381 -90 521 631 430 -607 -513 413 429 -213 138 -896 201 -52 -80 105 158 -198 -1043 570 -1092 -69 -444 789 -44 297]
[143 190 665 462 594 -423 -877 96 -518 735 1557 -1444 84 622 82 610 -747 -919 816 -1210 696 239 655 420 -379 -407 1309 -642 384 542 -804 -141 35 217 -938 816 -461 379 -58 -812 796 827 -834 1239 -692 1256 333 666 51 91 -236 638 -453 50 -217 -411 118 501 847 909 217 534 778 -578 -369 49 338 -347 -914 -29 -724 423 87 -322 -838 777 317 431 -119 -237 -64 -429 -100 232 -339 -493 998 -254 -633 -1012 -302 402 -429 24 -488 205 282 70 197 748 -1224 -262 110 -97 660 450 -440 333 187 -449 15 482 807 10 -878 -1834 950 -206 52 -577 56]
[-12 -883 700 -170 -202 318 360 -297 183 -370 -120 824 -354 408 1151 -949 51 880 -357 1353 771 695 -354 -245 329 1233 -1456 562 -648 -282 49 -206 90 -183 -47 44 728 -36 -1243 -1642 115 -255 -333 -392 1211 386 616 96 -190 -412 -110 10 -403 -826 -1178 -129 -1020 204 -415 -395 -735 -278 -492 -933 -406 -1444 -578 -1141 1325 -375 426 -23 341 -299 -288 -474 -139 -41 606 5 921 728 -682 -339 190 939 -598 -494 -428 933 -485 79 875 972 -38 -1168 -936 -331 846 890 906 515 -275 1334 -800 20 1845 178 -1116 -533 1426 -666 117 384 858 111 171 362 726 32 -544]
[573 -269 338 1537 -9 -145 27 523 -437 -524 -92 -956 123 -148 327 484 -310 95 1048 -295 584 1059 -241 -697 -19 -2050 271 -919 -336 -563 82 693 -1014 -220 -495 779 -484 623 -169 -539 305 18 582 -86 -242 -655 50 -910 453 -557 -757 1298 -576 -204 124 109 339 -367 192 253 -406 735 -87 -488 378 -417 -525 -676 -1246 -925 -488 -571 -130 -116 304 523 -1262 13 455 792 -704 54 -837 835 111 -728 27 -152 -1197 -723 -1138 -335 824 -328 1287 539 651 842 -244 -183 -170 643 1415 -1535 51 -264 -1627 224 -552 305 -5 230 302 413 724 -738 560 -737 442 109 393]
[631 -349 -475 179 -249 260 762 932 -38 -291 -288 862 535 -119 -31 -810 2166 -556 22 264 1030 -953 468 -621 -492 -443 -152 -962 -404 -336 497 346 356 4 338 -211 -436 -70 33 666 -314 1035 551 231 547 -6 195 174 -1026 -733 -1118 -1302 661 322 791 -378 670 360 -2149 102 -69 -1130 205 -236 68 -978 207 73 461 -369 -184 73 94 1374 -281 211 503 -882 -36 1253 -548 695 1674 -1444 -324 -528 993 -1303 -1059 -529 -946 640 -323 500 -57 -1678 805 -908 46 222 47 827 -760 475 -532 464 483 602 342 -42 -959 -219 -202 1471 -835 167 -767 164 -808 182 -976]
[273 -623 602 -809 219 516 -844 346 1117 -897 17 -804 696 -1238 92 1177 1 -433 137 324 -1089 190 476 489 -120 -6 975 -272 -1337 647 -322 320 -845 -661 -33 992 222 -673 1029 -736 -1043 -787 -1146 273 -400 -754 379 -252 202 1031 626 837 -470 -830 -367 -645 168 -1483 1488 270 -421 386 51 196 -712 -36 -108 866 424 59 276 746 -12 -70 776 -313 669 -297 999 -1070 -358 144 -329 1192 474 -474 2116 320 427 -752 -221 333 586 -494 947 367 73 -1329 -754 -1355 -901 -155 -116 -468 -111 -253 216 1044 -545 -134 -701 506 -71 -800 -885 652 -1142 193 -1098 -869 815]
[45 -82 -251 -223 -290 -991 304 399 651 -122 647 223 -1301 -620 -475 47 -984 -686 -1523 -442 269 -20 1189 641 -254 1371 169 909 -337 -679 267 -1079 555 -404 -397 -679 -197 -290 310 644 421 115 -1267 385 88 1022 -64 383 836 -73 259 -487 172 64 -884 323 406 545 -60 214 87 61 -985 1036 -396 64 827 -817 505 -326 275 -354 331 -138 -1752 759 1015 -202 405 -1098 83 141 144 -12 1219 -447 308 747 1009 943 576 424 578 365 -1202 767 -464 473 -288 869 630 -348 -1469 500 618 164 376 487 -82 -505 518 -1259 269 -61 -512 1047 755 -114 -387 455 838]
[517 157 444 -1042 -49 769 801 -27 -44 -30 -378 252 1107 -341 509 922 -63 -1343 -773 1619 671 -332 -635 -447 -290 671 53 -421 855 -69 -366 -86 221 554 589 -1016 534 -650 -292 -70 72 6 1091 -321 635 162 -428 350 -640 677 -464 -1088 451 -32 174 -290 -37 -337 -125 -410 -59 -652 742 -464 498 -458 -522 -57 954 1323 -532 173 328 1120 1018 353 419 -605 65 1230 -37 -331 541 -651 -538 -30 678 45 -800 -565 90 -403 -742 257 124 -741 692 -388 -720 1042 -299 267 -302 295 -448 127 1698 -546 322 161 -635 682 -518 416 -222 185 81 112 -466 -122 -939]
[368 374 -923 -94 168 -38 618 -117 -218 716 633 799 227 722 645 -261 842 -98 -674 -181 373 -125 495 1453 -94 611 244 612 81 34 -127 -1026 -44 -3 -259 175 40 122 1069 903 -379 871 -1370 -106 182 307 531 265 724 886 1330 -299 -970 -316 537 11 -1103 -220 -956 70 -618 -150 355 39 -1617 -51 750 -2128 132 -415 133 -1163 1217 970 -350 -924 1173 -207 5 -1413 91 -296 773 77 176 862 -829 1125 208 957 924 10 -354 318 -767 45 114 501 -97 403 314 385 -1138 104 39 511 601 -102 229 -321 376 393 56 727 -711 1313 190 416 -1127 506 -713]
[-263 -135 147 274 385 -841 -216 310 637 -797 -1174 -227 -1141 447 -485 -565 -715 -624 852 -107 -196 137 421 -968 352 -441 -193 273 -1519 -860 716 1433 49 -829 768 154 -527 25 -764 -911 45 -1 -131 746 -993 394 -1183 425 -40 -430 -323 140 169 -495 -733 -924 501 -334 84 -433 277 41 420 -430 60 -382 -139 29 -92 -475 -892 -508 -540 318 812 361 -1303 361 680 49 -928 551 -781 -520 67 -1122 400 -815 -228 220 -572 -180 1147 619 338 1015 419 238 -594 74 -89 249 615 -501 -352 -899 -698 22 656 994 -111 -134 -944 -73 495 1120 105 -183 109 -873 -889]
[298 326 -1119 1514 41 334 224 715 204 1105 79 481 -904 -289 -636 216 -787 -397 275 -47 1126 -368 300 -628 -426 -548 83 761 1668 -236 54 -158 -96 994 131 1814 -1410 3 -841 136 296 -1167 1068 144 -1149 1177 -68 -623 73 -480 -643 1749 -1312 -293 1373 -792 -218 295 -511 436 645 113 -1045 178 -536 626 393 94 154 -177 140 -1198 114 -492 -1373 -163 -379 -1042 -351 -806 306 -68 -423 616 -170 -57 788 666 569 90 -770 -168 -157 247 -682 975 677 1085 183 798 -213 -185 935 -1226 240 -593 -375 -569 562 -1152 665 544 -1131 1175 -122 -226 60 -551 941 -151 -393]
[-479 -43 -1403 -1104 -264 -346 -566 -3 1182 -933 -721 -1393 -3 -1088 -392 1107 -876 -125 -589 -834 -650 -445 634 81 -323 260 854 379 -345 -172 -794 -154 -1764 192 591 -583 749 -147 -184 198 1 -1175 200 -823 106 -1011 386 -332 -764 -76 241 1665 600 -1845 -186 716 906 -588 852 -589 -1591 -130 552 90 1554 1110 -206 519 464 -804 -234 593 336 -769 -263 1104 -458 843 945 -932 167 -527 -1085 -408 1629 -204 104 -35 908 -1011 -742 1311 588 -232 -268 535 -458 -492 -1060 -402 -849 -20 56 -596 -773 -156 54 592 -757 -374 153 270 147 -681 -549 1168 -167 -288 -114 -176 486]
[-448 800 -341 235 175 628 351 -699 693 173 1060 -933 445 -197 539 -276 1081 -76 -22 -430 -1345 -710 -1330 1209 -103 -26 -725 352 674 269 445 99 -253 -1131 -1080 -860 -411 139 1503 982 -21 -150 -80 -1062 830 97 979 -603 355 1585 1518 321 -235 267 262 1296 -365 311 -87 1577 -224 283 -612 1382 833 845 180 -1419 237 294 214 -417 238 -652 1023 277 -281 891 518 -477 -101 -538 456 -437 8 836 -1943 676 440 -271 355 -434 -1360 -397 -681 1479 -298 451 -21 -1140 791 163 -683 -54 480 389 -723 161 -98 1156 712 -502 6 -642 771 475 724 -331 729 2022 861]
[-1000 -844 113 -519 671 -1867 -813 -33 525 -35 -88 -157 625 -1449 -875 -5 -20 -1278 218 -565 1530 -1443 428 -375 -1239 1483 451 103 201 366 -716 160 -644 -270 -50 -367 12 -950 386 135 977 227 145 -484 125 -530 464 695 73 426 -285 622 21 -721 -547 231 1463 6 -495 324 -185 -88 1307 416 -12 -522 779 194 299 635 194 1499 674 705 -380 323 408 -238 1167 169 1279 510 38 -2333 1553 -476 721 -828 176 -765 -500 611 46 397 -1332 295 -766 686 819 -741 -17 -692 -938 829 165 -608 974 1149 -524 582 539 -257 1025 -113 -1456 672 -165 -440 -1530 -43 -283]
[713 -282 85 114 316 -1102 -787 198 -650 358 399 -668 -670 -388 -411 -958 -634 -1086 412 -141 -111 -388 1285 235 406 32 680 -725 101 350 325 22 478 595 1418 1004 -788 -212 -137 1213 604 1056 -148 590 -1590 1203 -456 569 565 -321 -642 110 -533 1500 -910 -1276 593 -871 -224 245 675 -71 281 -955 364 -952 1104 1008 643 217 202 84 -889 1351 -66 -237 -116 -71 -355 406 -623 329 937 842 -301 177 1901 -1212 164 -432 -542 233 236 1246 -775 -59 -371 114 -823 -778 29 94 1360 139 45 -635 -155 160 -329 50 -436 6 -261 212 -1517 -477 365 54 -250 -204 142]
[-520 -91 -14 -809 68 -1466 -336 366 62 484 -314 -569 -832 -449 -665 251 -266 -452 -316 101 -719 -495 1691 -61 -320 193 832 957 -139 -388 -268 -495 -1089 150 810 -334 145 -65 -875 139 766 527 267 867 -757 360 -309 648 820 -1461 -57 -148 -644 569 -455 -6 127 264 1345 -497 -854 717 -652 525 -1025 -324 788 909 658 -583 -130 1681 -438 85 -226 125 -266 619 745 -209 690 180 1679 -599 168 -933 -330 -336 923 -735 -1028 -102 448 284 -1558 -839 1102 624 101 320 673 -1011 409 743 -346 -783 -190 -536 374 677 183 -505 341 226 -599 145 1595 244 622 -97 1056]
[-45 413 -457 59 -133 -10 426 866 -82 811 -274 -247 -703 357 87 347 507 -721 -985 -248 291 130 1241 -194 -560 -878 150 -1354 163 -735 -631 383 -1202 225 -230 532 -336 -428 1590 1192 -1118 365 727 -181 -296 -225 -699 -304 69 -112 263 152 -697 -14 66 -534 -88 -481 -833 -271 -391 -371 417 189 23 156 -654 361 -377 -459 595 -378 -192 355 398 449 731 -74 139 867 -270 -978 1002 729 680 -529 1249 450 268 -1429 73 -929 -292 -1035 138 193 -47 77 -487 1037 -63 546 -230 -1025 269 254 -647 -564 -706 -136 473 1187 -385 708 -819 -339 9 -622 -83 -252 720]
[-608 1267 -86 67 322 302 161 671 797 321 149 -803 -756 -347 410 -586 263 60 -1203 -1534 -788 435 1230 734 -554 868 -99 -81 -1011 333 685 198 -202 -355 163 -577 -209 -236 -1 -520 -1011 -97 -425 -362 -649 130 92 119 315 43 -268 -895 -1434 -146 623 236 16 103 -230 433 714 630 -356 -530 -373 -814 478 -43 1018 -83 1199 889 494 258 -63 182 -160 440 -39 85 395 -366 900 230 547 -83 -213 427 625 385 -56 1174 558 13 -1872 641 -380 787 689 -278 64 1115 -317 1366 -134 60 -178 310 -321 -512 1073 264 189 642 -1037 783 -53 -354 -470 212 -691]
[-829 234 -594 -221 -547 -1002 -360 -81 -971 -933 384 -871 1350 104 227 -725 -24 350 -946 402 -269 -576 108 606 -183 425 -142 923 26 46 -512 645 -45 -1043 -50 329 511 -348 -1121 -170 129 96 -327 -785 91 916 545 431 1089 -257 291 267 -842 -1064 -790 467 -98 335 1698 -1246 47 -936 -1343 117 -213 -348 120 1582 -677 705 1429 458 -842 143 766 -254 420 603 344 331 897 -522 61 151 -363 -221 -934 -124 64 -352 38 -423 390 -380 251 178 923 1093 426 696 555 -199 872 521 1251 549 820 -198 -5 1320 -606 96 -43 64 655 -476 -84 -521 -269 67 239]
[-1121 -698 -627 -247 650 322 -746 39 -279 -100 229 -241 -8 -406 -573 -558 -680 471 919 231 -405 -382 564 483 22 155 225 492 -350 165 304 521 -420 -863 -147 902 -744 581 -1840 -865 550 474 381 195 -670 156 -439 -128 -872 289 -1264 583 262 -1017 -1591 335 -904 294 1779 -110 305 707 -1209 17 -449 -113 490 1374 -645 -331 712 670 176 -939 -419 -129 -43 -344 -431 805 -131 266 -950 -825 756 -517 -550 -1579 -338 -925 -198 -380 626 -313 -867 39 290 574 549 -689 -322 -387 144 189 459 319 1083 -303 -602 -5 396 224 1123 -709 1601 188 -314 -754 -955 -1346 -390]
[625 -498 -740 -234 93 -215 -586 389 -288 -239 674 -1268 -476 -1274 51 -5 391 524 1358 364 -659 -118 1286 20 344 -1211 1598 -337 830 -264 123 -954 -323 471 -594 228 -699 293 411 683 188 655 -602 -382 -356 -431 43 -71 -2 -396 219 311 9 675 -991 509 -154 -649 240 1099 -317 1651 508 -193 763 775 241 -414 -1104 -588 -310 384 -578 -554 3 586 -522 -757 491 63 -543 166 -675 173 267 71 1024 -350 -856 -462 -686 -439 161 -565 -550 -707 349 -99 -421 590 -1263 122 304 -417 96 75 -244 197 -1091 39 466 756 1718 -467 -568 -626 35 -1281 -446 627 905]
[85 1321 687 895 2 433 1016 -392 279 141 442 1045 -478 -145 -129 -495 59 -150 -601 -1604 950 276 137 1441 556 -149 476 144 -1395 309 479 39 -253 -954 782 -404 720 272 825 -262 -994 -71 -1020 340 -743 687 -4 -63 697 498 -21 -853 -832 -416 463 -393 -1083 -406 -64 -408 -223 -1536 -131 -237 -912 -481 130 -33 340 70 309 -773 355 444 -510 -690 1171 -341 -692 -1820 808 -447 -68 -938 429 653 -707 514 -9 833 977 1059 414 84 -827 1172 -216 77 44 244 148 41 -1110 542 -253 -225 -416 -155 897 -1232 -130 -762 -142 1342 -864 1233 727 373 -148 -143 -492]
[87 -253 483 -725 209 -594 -696 -33 -589 -589 -360 -1371 -371 428 -40 890 261 720 714 -352 -1981 433 -180 252 -37 -594 394 304 -853 465 -503 -28 330 -165 326 -146 154 613 -430 -608 523 171 -816 967 -99 -365 634 462 577 -276 541 -37 888 1022 229 795 -194 191 107 457 -75 1057 364 73 164 678 1013 -83 -171 600 -640 559 -298 -472 455 -575 -1233 790 -651 -794 -468 360 -219 327 -1247 -923 272 1221 307 -66 -430 634 166 615 815 -151 118 110 367 -1013 -267 -354 -80 52 271 -240 -1187 588 310 319 -689 130 421 -890 393 -1320 283 937 622 600 667]
[68 -509 -625 625 330 195 454 -596 150 -457 318 716 512 -361 167 -676 85 -77 933 639 1221 -554 -760 -263 500 10 107 168 114 489 -622 -269 -132 -203 574 262 470 -314 -101 17 232 -194 159 -427 671 -203 -33 -651 -1013 756 -326 -386 784 -436 -1768 643 83 421 329 -257 -453 -533 -800 -767 196 -778 -887 175 1062 -273 1084 -677 291 839 -118 -1068 146 -1926 -164 491 369 -759 -603 -104 257 355 -784 -1156 -619 -413 168 -446 213 1041 447 -227 -761 -9 657 -398 -178 -181 242 735 324 594 2056 467 17 -443 -582 -459 -12 724 -697 760 502 105 -270 -213 -781]
[526 -788 522 -62 182 -44 6 -217 294 28 14 169 495 -1096 -1075 1010 402 -200 294 -722 -1030 356 -945 -1301 -272 242 -430 -881 744 -495 435 4 284 -207 -692 -514 206 90 223 -202 287 -386 374 -324 953 -1225 66 -957 -577 229 -578 -151 1769 -169 500 -323 1048 -91 -682 1272 656 703 905 54 785 594 -300 -74 -955 -286 -1261 207 72 -214 -547 844 -694 -132 -10 299 -747 577 -1104 -1058 167 -206 598 -629 -151 -340 -155 706 -186 -121 1165 39 -869 18 -452 -585 -106 149 -37 -974 -1282 -101 -535 603 -828 4 -238 -171 21 47 446 612 206 200 -234 347 -726]
[1038 458 -173 1034 -1062 -584 -454 -9 -650 -503 418 801 -1311 -4 642 653 1215 1157 819 -698 842 -225 279 1327 189 -1022 116 -770 -298 77 1498 -339 -1193 -1206 59 -357 795 1004 -38 529 6 680 -58 725 -802 1007 953 -274 239 -181 -637 -562 -1117 569 -540 772 -726 378 -131 -64 -650 -848 -669 -108 315 -465 6 -525 -56 -1287 557 49 -144 -524 -495 -521 -436 1181 260 -379 281 107 -693 213 545 1222 -1722 25 -509 238 1205 -152 1322 -985 500 -1062 1518 909 128 681 28 1296 -1309 178 -45 85 184 -208 -655 27 -639 -388 667 677 -1006 895 521 385 713 893 935]
[-302 502 216 466 -197 1433 118 -333 -926 -426 24 82 1190 -329 1449 -377 897 1127 -530 676 1560 -215 -1101 797 -472 94 -227 -22 -638 230 -70 8 -62 786 -239 736 -1 -358 815 719 -421 -808 -570 -1369 482 -331 -35 -21 288 -254 1195 699 -625 -152 621 1499 229 -1302 -719 -21 -1264 250 54 95 182 -200 -218 -145 302 590 -717 -26 965 69 651 -715 1546 -152 297 -513 30 146 1568 1312 58 705 -1183 215 -724 891 454 -119 -849 -1115 190 -999 76 55 -57 -342 1333 -2073 715 213 324 -120 -873 -464 -451 517 491 -354 555 312 140 -510 415 -1099 -463 459 522]
[316 -293 -725 -864 -370 254 -18 222 -144 936 -262 -1148 -1032 287 -81 1037 -1424 -313 -879 -201 404 254 1211 -1148 -959 1353 862 853 853 -377 -355 -1014 896 1508 -650 589 -332 -188 -229 295 -192 -164 -1736 -620 39 -545 59 381 -261 -1261 -8 -1581 1303 -582 -1228 -363 -219 -446 88 -712 686 207 75 -60 12 85 272 -645 346 -1091 399 346 928 173 -1584 19 484 -672 596 -878 -815 -224 -967 -279 1036 -1139 1309 422 -173 803 405 -595 1122 97 259 -614 -106 230 -18 1262 -1069 -1436 431 689 -11 215 1116 462 468 -1764 -562 338 773 731 -724 617 -82 36 -1021 -1157 34]
[-591 -52 -682 -545 10 299 203 770 490 61 -1157 123 76 -161 20 -337 318 -177 276 -327 741 -47 31 -289 -429 64 -161 -378 -541 -703 157 658 -1349 -1073 658 652 -281 341 744 326 -229 -176 861 -629 -324 -127 -429 353 -590 -575 -11 -66 -684 -809 -58 -502 528 -181 592 -911 -1195 -775 -226 -1538 -172 99 280 737 482 400 -168 665 -254 -359 85 401 668 -641 286 -96 169 -593 746 284 624 -209 -341 -588 199 -1237 -866 627 -1 306 195 -42 630 332 -673 -96 852 683 -201 -679 202 300 -410 -167 -19 333 965 153 424 831 -353 796 66 -437 -417 -1186 -1293]
[7 -600 483 581 -430 206 1022 289 642 -38 704 1962 -1052 -137 -750 581 924 -16 477 1158 281 337 -86 -1499 -713 -912 -684 -1955 966 501 209 -105 -875 -1117 496 -622 603 492 -610 -306 -227 -6 137 -29 -49 -1001 378 -306 -432 1019 -198 314 422 477 -313 -287 -210 425 -300 -800 507 -891 363 1242 502 -489 -656 -1138 396 -735 364 -243 -727 -723 -326 458 -1277 603 -113 990 438 368 -1446 523 453 655 -81 -1079 -2 345 38 -820 531 -85 966 -1093 -1076 -1918 -182 -387 -665 1063 271 -263 -1319 -432 74 -1497 -677 489 -648 -1110 -136 -616 -706 210 22 670 1849 460 863]
[47 -285 797 -873 188 -111 -632 -868 -283 842 46 360 493 -727 -296 -76 -317 67 1271 -380 583 -485 1527 1129 203 -1170 193 -895 -411 1176 -291 726 -84 640 -408 598 727 -613 1504 84 590 860 -37 -140 -790 923 -589 425 -105 -489 332 -132 -145 709 1075 -53 -683 -1093 -844 -78 -635 14 290 158 -824 395 228 627 -413 122 309 1020 -89 247 560 -547 658 1094 406 175 939 548 1185 486 -125 218 1175 1010 -389 -514 1346 464 -583 226 586 184 1026 -491 -363 81 413 -95 -926 393 952 -763 147 583 -575 639 -871 -20 657 -1158 -886 -1690 -402 520 834 -224 692]
]
