5552.303126 2917.707335 1.029444278 64
[[-715 -734 -1522 -457 -128 259 -422 831 -1 -438 40 479 -104 -872 -736 664 -720 -363 -78 603 825 617 -239 -120 425 401 -6 -885 -776 -353 22 521 797 0 483 -1238 31 -349 -258 -518 -258 380 595 -720 461 -140 144 198 406 103 -27 -209 -480 -864 -88 -386 -123 -238 -758 -281 246 -556 663 247 206 -155 -556 29 -245 138 171 -282 -184 -584 -499 873 88 708 278 387 -456 357 -643 246 259 -1114 -435 225 311 -810 250 -174 -979 -394 -401 670 -19 -485 585 791 184 209 102 -181 -383 -281 -194 256 149 668 245 157 277 4 -3 641 -899 863 821 -164 323]
[-496 49 18 1161 -266 344 391 -175 360 225 -684 85 496 182 976 -72 1568 351 363 318 -529 -411 -383 -1175 214 40 216 157 -194 -702 -387 -261 -537 -22 565 -555 1211 -51 -312 431 -792 -508 -965 376 29 185 -82 524 -69 281 -803 629 -191 457 452 115 -1446 538 -141 264 -348 172 1329 -160 73 130 -174 113 -363 -252 -266 -338 -106 -84 144 -435 814 -52 -1426 -8 92 692 555 -314 -103 869 -192 -271 281 56 134 678 514 187 373 85 688 -572 294 -671 605 -71 283 -311 -209 122 370 -105 483 212 -5 -481 381 -665 113 -139 1073 -346 176 163 -588]
[681 -291 -795 -553 37 900 -137 1418 -238 -356 -730 594 -3 -1428 -712 295 577 638 -81 76 339 -243 -256 -1221 1542 -336 1198 -643 -449 -277 -86 -319 -254 657 699 -1036 420 54 -159 2 -649 780 684 -289 313 -233 -7 -190 372 251 443 -166 -156 666 -221 246 -452 163 -1044 566 -1424 131 2155 -485 267 42 -440 365 3 116 -110 -568 -230 -575 265 -432 263 -21 -185 -59 -367 196 545 -283 412 -807 -365 -571 137 -1025 -136 728 379 361 469 160 346 -576 436 -68 14 1193 -171 -198 223 -357 947 448 218 548 190 404 640 365 271 247 -215 -496 -89 222 123]
[660 -279 -588 -127 -504 4 -1089 99 132 259 -198 1627 -676 410 221 26 -140 -107 120 -1113 712 68 -783 61 -452 -326 252 -82 19 153 598 -373 338 -108 -808 -441 -572 -280 -1011 240 600 -4 -603 -745 813 305 426 -39 408 174 547 -298 514 -474 -1226 635 539 -1274 -119 170 210 102 -538 851 -564 -382 219 18 16 36 -5 782 -172 72 -135 148 -1272 -126 972 -19 -326 -559 82 866 47 -813 124 495 469 -362 -230 -677 124 56 62 98 -404 376 681 364 167 -280 -44 -629 754 20 -294 908 -265 328 41 281 -81 317 1138 1161 -32 54 -510 691 963]
[-554 360 -1090 -327 1053 714 1092 -183 -268 -1220 293 -1178 -941 -312 -740 243 261 880 -710 183 -161 188 1222 -901 402 -135 168 -762 -120 -135 261 422 13 -604 958 -259 -448 240 188 -812 -475 667 488 643 -437 815 -579 -195 -343 -461 195 15 -161 -309 383 142 246 974 51 614 556 107 492 280 -695 159 -426 36 -222 -286 1161 -431 -611 -835 -183 -166 -198 -258 -872 787 -78 913 306 293 -23 85 51 -315 706 -335 -301 -249 -1094 -414 -894 153 401 -1092 -315 594 860 762 -4 -58 -306 -381 105 -544 -467 354 63 -292 666 -926 291 -271 -244 365 567 -517 -258]
[-555 -550 -441 197 840 1109 47 -84 924 -270 860 -154 -271 -621 536 124 624 39 34 707 204 -348 456 -825 140 -6 -518 -1160 -944 -680 238 -739 396 -110 -261 -446 -515 72 165 523 -289 526 -348 600 648 1026 110 397 -260 164 402 761 -808 88 500 57 -1361 1331 349 -79 -814 -12 84 899 -545 335 -1016 -99 -348 -286 367 354 476 471 -844 -510 -241 -627 -72 -423 687 126 500 209 -588 198 -823 -102 -245 96 406 1054 602 -139 -199 -28 243 -749 1029 800 800 845 288 -503 -465 -99 250 -107 -154 439 -193 -95 875 -278 -349 -166 333 230 1181 -135 -510]
[1268 584 -270 -196 89 129 -138 -254 -458 155 -854 -222 -502 504 -260 68 784 1344 -680 -1116 -459 -224 -819 365 -205 -75 820 219 505 1 -373 914 -319 -36 -544 765 800 107 -559 -754 917 616 -49 -179 105 869 -826 -230 -861 299 10 88 1262 -2 54 1135 1151 -118 -335 927 579 1040 -31 -1032 -582 121 262 728 -299 42 167 -704 -577 -374 1313 -426 -841 -718 -157 19 -588 -1221 575 -65 143 385 301 -308 148 -531 -306 -840 -28 -389 -685 -249 605 168 -439 -278 -542 582 -69 -368 -157 -330 542 190 -30 -358 -33 -414 -435 -259 1704 -163 -766 -48 -835 -237 752]
[521 169 -225 -707 -436 -1084 -458 667 -537 -427 -346 1458 529 -735 -385 414 -1006 15 -144 -775 -8 25 61 333 -373 -584 -37 459 -657 566 -311 257 -30 1065 -164 -879 106 -852 -403 88 201 -1 216 -525 209 -1010 316 -1096 1537 -685 -47 -707 -354 -10 -1043 682 335 -1241 -294 -968 602 -441 689 95 204 -585 1000 -431 760 -555 -336 607 343 -398 -676 -2 -882 858 1380 -210 534 196 -412 358 388 -1176 303 289 -523 -913 -17 -697 -729 292 922 58 -815 986 -504 325 108 -237 501 -470 499 -432 -442 976 777 554 235 -7 -187 241 460 1007 -506 -573 -777 1162 3]
[1278 127 750 -487 -1073 -405 164 906 -269 -99 -667 110 -189 -481 -372 -366 576 169 -221 102 -821 -64 163 -139 600 262 313 1002 938 1662 105 478 -436 541 -215 681 -480 730 404 238 -790 198 -99 -471 -1139 -409 359 -1288 87 -106 418 -245 1160 88 132 -537 960 -244 -165 -148 -262 -647 -631 141 -10 -973 -13 -43 1008 291 -1035 366 173 -184 -45 -26 418 319 766 -350 1392 545 -616 -152 371 -217 906 -226 -379 789 -222 264 1278 540 725 -353 -1128 762 -166 -638 -159 -303 484 473 649 175 -106 -417 601 -776 -227 1342 -244 377 -265 -659 566 -655 -959 678 226]
[-252 94 -197 -467 290 51 658 -275 -295 -814 514 -358 919 -933 15 381 -576 568 -362 -278 379 107 620 1301 -888 -240 -1529 -125 -534 50 -800 286 125 -110 -382 818 -645 -106 1023 133 1256 685 -161 618 -611 -105 -699 -132 442 -621 -662 -19 -216 -253 399 -69 -503 891 341 -589 298 472 -252 -619 -818 -347 431 908 317 -294 495 -353 245 -58 153 -1119 -862 -951 71 439 -464 -930 210 -347 335 -120 -351 -282 324 -745 979 -254 -681 -501 -362 175 772 -305 267 52 -693 352 84 450 -898 -265 263 105 747 990 -549 -930 -689 -775 395 -515 -483 44 465 -457 -14]
[-620 -10 83 -243 355 -586 125 -1327 605 52 458 -11 80 158 -724 -178 -1299 -1298 317 117 -192 430 475 430 193 -213 -230 -514 386 -205 75 -681 303 123 794 253 -658 -749 61 -420 424 -1463 1148 317 1304 -158 205 -201 -577 67 117 178 -1215 50 -498 -979 -104 -567 111 -509 -140 -753 -288 599 916 925 -459 -1191 -3 -954 1015 -397 255 469 -1011 687 630 528 741 626 -184 238 -192 -235 -572 364 -371 -409 -505 880 -229 -148 -1146 23 -547 -77 -528 171 -334 264 -402 -19 -369 639 511 -284 -582 -85 -564 128 1018 -300 -1670 1111 -536 219 -1153 969 863 -40 -645]
[-874 56 63 30 1318 -297 896 -372 -233 158 1217 -1361 -431 953 -846 252 265 312 640 595 140 197 1170 133 188 -82 418 197 -253 -499 907 -254 -210 -346 79 365 -1005 901 605 57 -199 -421 -165 926 -803 35 195 -108 616 -454 557 -582 -824 -317 167 488 318 1419 685 830 214 598 -36 -199 -445 -89 -260 -1365 -668 -22 583 372 -363 804 -202 107 -293 780 -1148 194 -885 360 244 -123 -741 392 489 931 852 66 -2 -468 -147 376 -25 -222 328 -777 -1193 680 286 224 -186 766 -676 150 851 -490 -757 65 1 -337 996 -196 -1244 -457 519 -920 -279 112 -594]
[0 253 68 -53 117 175 -199 517 -333 -892 -79 98 60 586 364 -200 207 -315 231 -968 222 426 786 -1297 -320 124 -815 675 458 430 113 -395 -10 -329 -151 275 -1365 586 -143 854 1 315 -139 933 -835 -386 -86 733 388 -658 258 -341 -359 -907 -604 459 -732 -99 852 -425 847 801 -678 1003 -1433 -1381 206 730 116 -30 706 1819 -893 46 -298 92 -901 -1332 193 -356 138 -228 403 1056 -31 -117 182 312 502 354 268 809 660 184 484 -513 343 -149 -136 114 340 -559 -280 -364 -217 464 -320 109 -308 58 -331 -133 420 -458 79 -410 972 -151 -406 574 -661]
[399 -443 -339 1011 39 -485 -1234 -1013 121 -81 -40 868 433 263 797 -31 -56 -977 -145 -947 -373 -64 -768 -816 -483 -137 256 -632 68 -409 -413 -553 -151 160 -73 -834 902 -412 -799 309 237 -323 95 215 1653 275 460 806 343 1528 -534 498 -87 408 -177 742 -1146 -794 178 -134 41 -193 1271 767 304 786 -802 -458 -492 -866 82 -313 -27 587 -201 1236 -1098 282 95 -907 -1107 -1184 322 1010 -440 1038 -750 -343 -532 -111 -14 154 17 -148 -240 -603 602 68 245 21 442 86 -120 -1046 -629 14 -423 1179 392 202 198 -395 -554 56 -72 671 -806 800 -160 -13 578]
[670 -196 -1323 -248 -1433 -611 -118 203 -511 -927 -426 382 -200 -661 -565 80 -318 -449 11 -499 -131 1066 521 -766 166 742 331 106 499 1085 561 234 577 -941 661 122 -1181 645 421 146 -206 571 -326 -586 -148 -527 623 294 389 -40 -539 -578 47 -1103 -91 -518 598 -842 -63 611 1622 -468 290 1606 239 -679 -353 -702 358 337 -42 469 -694 -25 -97 849 174 928 -55 -155 -862 794 -410 595 428 -715 -42 571 1498 209 79 -232 -700 509 -455 540 -370 -749 880 666 430 -13 -687 322 -279 102 -459 251 -192 -117 -757 696 -548 -356 -1409 538 -168 -109 86 187 937]
[138 -176 -565 59 860 1201 -857 51 -168 327 -124 -49 -88 555 361 -81 339 -22 -327 -823 269 -520 -580 -1746 -11 304 365 -733 -343 -1120 198 -346 -397 344 -566 -433 595 136 -394 897 78 765 300 278 802 501 -121 1222 378 1054 -731 112 123 705 -59 42 -1543 -142 -372 -533 -425 480 821 352 -782 21 208 992 -805 -131 729 -178 366 -393 981 328 -749 -1500 90 -389 -188 -1720 655 814 376 -18 -1104 -1083 -209 -361 129 23 1192 -133 219 -440 1103 -587 213 -25 72 -213 -170 -715 441 -125 -90 125 -698 499 705 -686 713 -806 898 -94 580 867 30 -397 -161]
[162 1086 1136 105 -92 -358 216 -1111 -369 -330 1176 -1194 103 -409 787 -204 -1171 -171 -1031 485 -543 -65 959 749 -951 585 -247 -375 -482 886 -434 343 54 -933 -8 464 -624 350 1196 -322 -696 1094 -752 -376 -214 218 415 158 -628 1022 206 34 1134 5 830 2 713 355 588 353 924 -376 -866 265 807 413 677 -390 262 579 -168 436 997 -230 472 416 -282 432 -85 -399 585 -237 -679 413 119 -58 375 1312 -41 699 -560 -764 -995 150 -495 -64 -610 -25 235 -222 824 380 -852 176 22 0 -1123 -961 72 -1634 -647 260 629 303 -1241 224 -344 596 166 -540 571]
[-121 118 505 206 -824 569 -366 -1931 978 732 669 243 618 418 1220 -614 -302 -847 443 -502 -337 121 -508 33 -1408 -7 -533 -124 823 -372 222 -1211 39 19 -258 789 -66 -419 433 729 470 -615 -1976 209 1909 1022 675 135 -1086 357 -550 908 -240 782 304 -243 -820 -893 716 327 -364 -220 -670 1066 403 712 -41 -866 -620 -820 -318 -406 1230 538 -346 188 -940 405 332 -165 -348 -897 375 39 -643 775 37 153 -424 395 -337 -362 -214 -51 -571 -446 -128 -260 1567 787 563 524 -403 -182 -67 592 -515 478 347 -78 -562 -916 -889 -521 -491 1411 -524 -5 500 -515 1204]
[1371 275 -208 -195 668 -842 -289 -829 -1041 -40 -867 27 -586 704 -718 76 1208 877 -740 -1542 -573 -117 -225 -766 361 115 695 102 527 630 940 1193 -612 468 -261 425 -1256 930 -576 -131 959 24 32 237 -132 520 -548 -697 448 712 341 -453 1266 -393 -1054 1164 718 -599 571 340 882 747 -130 31 -923 -204 -245 -354 491 -656 235 12 -501 -474 1109 618 -1171 -516 632 103 -969 -1040 8 675 111 839 444 73 653 299 -352 -1038 942 837 -607 -966 -430 461 -1596 -410 -1161 184 613 158 915 -656 7 808 -398 -247 909 296 -1418 486 1701 -885 -499 270 -1629 1806 -331]
[-463 506 -51 369 1808 -838 -473 710 -843 -93 -490 -273 -709 -144 -77 -167 -1334 -503 -293 69 390 -27 237 -383 609 -751 -199 48 -582 94 -178 729 -529 89 700 -1189 134 -738 -735 -655 -99 336 2054 -33 -910 -1028 -247 206 1607 -820 911 -674 -1235 -64 -1447 580 703 -973 181 -677 621 379 1264 -981 57 783 521 -195 678 -111 392 1009 -1083 -1035 -534 133 -215 10 163 -8 88 932 -472 247 -916 -124 96 -323 -533 -1204 -177 585 -897 -440 373 77 -239 -40 -1633 -84 512 -610 -287 -389 395 -19 -714 753 -462 -188 188 608 780 405 -393 93 -201 -314 -363 370 -1022]
[-624 -816 154 -477 310 600 -853 1691 -296 1358 44 176 -99 621 -718 21 -1104 34 352 383 1684 95 -1462 581 -74 -178 992 -185 -30 -1380 1324 1262 -617 321 -677 -98 1102 -182 -315 -873 708 506 1178 -782 750 171 266 659 -7 -421 -40 -641 293 -210 -247 -179 1160 -1766 -121 -128 -673 -107 -768 -315 693 159 5 1027 -728 851 -1294 -541 -142 -707 780 1583 370 111 1084 32 -786 -609 -666 -908 559 -554 -47 -109 -15 -1062 231 -825 80 -307 -734 383 -218 290 -836 654 -1529 242 440 117 681 148 244 363 -1494 -106 254 -61 257 1031 841 466 -1008 -7 120 -457 781]
[-226 -1543 -738 -981 -197 985 131 2077 69 -278 367 86 467 92 -586 885 825 82 551 955 882 982 27 -947 953 -97 656 48 127 -111 545 -97 777 822 -302 -406 -599 2 -39 -60 -410 578 978 435 545 259 490 -512 -235 -1131 793 44 -622 -998 329 741 112 403 -97 -115 -626 670 -413 1594 -311 -1470 -1306 914 -390 251 -679 676 -146 -466 -712 102 318 589 540 -111 -27 64 161 -811 218 -704 -196 -75 152 55 173 673 438 -599 -350 -214 83 -283 638 1333 -250 965 927 -160 -767 -168 1097 664 -733 628 -39 198 682 177 -85 -156 -1091 -692 -3 276 208]
[563 -516 654 1312 819 -1073 -1266 -1373 286 1296 -39 142 -912 1430 1462 -450 1323 -1374 166 347 135 -463 -1343 79 13 -152 -478 -144 267 -232 503 67 -38 321 -1385 -545 970 15 -1373 374 426 -102 -294 14 372 320 400 1163 -120 1486 -310 424 404 523 -14 456 193 -400 681 332 -480 164 -169 -373 154 1411 -317 -101 -789 634 -371 -127 504 879 855 -448 -262 153 -1429 -646 -1042 -769 -471 -173 -862 1596 -238 -588 -1059 163 -342 -140 766 -325 457 -574 336 795 405 -72 249 -868 526 -1058 -118 255 -205 972 -232 -324 119 789 225 -743 -546 -587 653 586 -486 -88 595]
[-577 -395 -919 -1321 346 1602 99 1057 -755 -364 -655 -713 -520 -35 -991 460 -252 -1029 666 444 1147 -37 69 -685 1108 390 48 319 678 -476 877 -511 993 114 897 -52 -675 388 -276 474 -584 792 354 -48 -1186 -786 -213 687 400 -701 -629 -1123 -798 69 530 -717 -509 -73 -767 79 -54 -10 219 -893 -270 -1187 547 1492 -781 748 818 -542 -215 -806 596 -520 22 -732 -277 694 -1199 591 -128 386 887 -1194 478 119 582 -97 -41 -80 179 -61 453 556 365 -925 -553 -67 62 -650 -699 610 -482 445 530 -57 -290 1177 506 73 971 -1045 -465 195 1085 -141 174 -118 -296]
[545 904 720 643 -913 98 -272 -705 -132 1097 -1452 -314 515 964 946 -194 893 -886 516 -818 -845 -160 -1579 -1153 308 461 1223 545 450 -503 -643 -456 -473 138 968 447 1131 250 -513 373 -348 457 -1198 -666 581 -262 182 -28 -15 1123 -824 123 75 885 -17 168 -670 -1845 -242 37 1032 623 1251 -376 885 122 690 -554 -728 -997 -232 -88 1111 -330 641 182 38 809 206 -241 -969 -1442 742 154 -852 592 -273 488 -335 312 -656 37 274 230 -537 -80 -657 -983 -106 -556 -76 -77 -990 220 94 199 -41 1056 35 -773 18 -264 -271 180 -167 1199 -466 -976 -1252 725 -10]
[477 -907 -11 -1070 -495 825 6 1192 -632 -216 510 531 -212 -1348 -575 44 -1126 -260 19 578 1119 -312 13 30 644 567 -729 -23 713 1045 491 -743 892 790 111 -417 -745 249 703 1023 -257 797 294 -497 -925 -880 64 20 148 -226 -10 -251 777 1189 393 -788 55 164 -125 -178 -1182 -1288 145 347 353 -326 -570 349 765 975 -944 -821 -559 6 12 370 -70 -422 255 -385 -5 494 -1327 977 1274 -987 677 -71 -1122 -551 351 845 803 -3 1154 -981 8 594 -245 174 -11 -168 414 -748 -289 987 -254 473 816 548 -687 1374 579 -836 -1413 228 428 -161 -297 -1275 1819]
[-269 1378 898 -404 -406 105 1142 502 104 -93 295 843 921 -493 -115 -62 -391 399 549 -951 418 -228 568 -419 -239 -613 -695 -25 -636 -503 -196 -442 -1160 617 -266 234 -1060 -360 637 694 112 -450 -437 1066 -107 -1101 -219 336 -407 -485 19 -80 -398 742 -389 -492 -1681 163 314 -1025 -937 -475 451 39 -213 -395 1526 -457 69 -592 758 910 591 673 -85 -763 186 -1454 -387 521 146 -296 -326 -193 528 -404 880 18 245 284 495 8 -285 1600 1286 -245 213 308 -397 -117 -171 777 71 -245 685 -44 396 21 -104 2 231 -746 -352 657 -67 72 1084 -157 516 666 -695]
[1055 726 -134 469 -378 -325 -520 153 -36 130 -1122 -230 -1263 -724 620 -891 189 246 -159 -949 -1282 -1029 -210 -1184 -622 -293 294 479 -67 -102 178 372 -150 -5 -881 -133 1390 68 -390 260 -364 264 -771 -77 -534 -41 69 -874 375 -254 -102 -127 -624 752 40 647 -105 -248 114 -320 -187 -847 588 -169 -350 317 460 -182 166 -947 -930 393 823 205 -165 -392 -550 51 425 -1246 1051 190 1135 533 -554 373 -264 -549 -1060 249 107 775 1285 528 48 435 -388 624 -171 499 758 -89 282 -490 705 -315 -224 0 -8 -163 -342 656 438 353 -448 -352 776 -1133 -398 647 -237]
[727 665 65 41 -688 -500 -333 -417 -448 502 -1360 -29 -749 -1073 66 -305 -153 -427 -408 461 -1039 -417 -349 99 -172 13 527 784 -60 626 -1382 452 -527 293 262 -418 1474 64 -26 -319 -732 -233 -108 -412 -352 -297 567 237 -133 970 -951 328 30 76 677 571 264 486 -839 317 159 -1161 1731 -2089 1106 616 -301 308 24 17 -891 -982 69 -502 740 -230 274 633 -522 -804 476 1001 -134 -528 -448 808 280 -91 -679 -127 33 21 -137 -420 371 139 -130 55 -847 -1165 1019 249 -275 202 48 -79 150 -678 912 -208 103 907 194 1117 -36 -507 382 274 400 468 -435]
[66 -646 300 368 567 -455 -627 566 -476 -468 -329 -20 607 -330 142 930 -358 -719 -230 694 445 -96 -790 742 431 252 1222 -238 -579 -838 -796 79 6 301 342 -621 451 -1339 -960 -788 -1242 783 1507 -518 458 -55 376 471 799 1324 306 -523 1185 -354 183 946 392 -32 -946 497 -449 363 1205 -180 776 -210 -116 454 -555 341 -286 -234 -127 -49 245 476 -74 1229 -372 -67 -391 293 -466 125 95 -801 484 464 370 -253 -104 -759 -432 -360 358 488 662 -337 76 -958 393 -346 -496 357 -978 -115 -21 189 1032 -395 33 653 881 321 -471 855 -727 218 -624 138 1001]
[1477 -1226 -181 457 738 -315 -888 601 -445 398 -127 -795 -236 -631 1023 163 -233 -612 -671 574 -179 -608 -316 458 80 -280 -1100 230 -471 814 19 906 263 417 -1895 702 -165 249 924 792 282 1453 539 218 -543 220 462 -41 188 -119 -268 -52 -95 -23 1083 201 82 434 319 -694 -280 -392 -797 40 -378 -224 -598 868 825 602 -380 672 -337 100 623 -548 -688 -1274 406 -1056 347 -1039 -684 -413 479 920 -542 -622 -1031 847 1249 611 1290 -576 30 -152 1057 18 -26 -176 -110 -250 811 -107 -774 -400 -396 1078 -196 263 -340 194 -844 74 -704 -1721 -577 -308 -177 314 265]
[1248 -42 65 -837 923 900 99 -944 -831 -965 1396 -13 1032 -254 283 -467 -379 607 -831 -933 -81 -73 1022 -498 115 -207 -919 -615 190 1104 354 -952 986 553 47 681 -1090 14 1229 831 1269 491 -344 480 819 479 -1127 71 -320 -1155 271 92 36 1256 -85 1009 -214 -22 710 241 490 1128 -589 886 -485 483 599 -9 643 -187 1060 450 6 63 -290 -606 -1802 -875 959 -371 418 -827 318 621 770 198 -488 206 -700 337 -415 -182 126 207 271 -1049 7 370 488 450 -338 914 -287 -1258 -87 -527 -793 1310 -182 -174 -246 -711 -728 -929 410 200 -1044 59 -787 -501 831]
[-496 -648 363 482 250 38 -284 -726 -233 477 -108 -687 515 229 612 -615 222 161 -304 -284 -266 -62 -854 647 -1180 363 -909 705 417 -612 490 1594 -805 227 -612 689 497 -399 -38 201 450 -17 -1381 42 -410 564 -430 230 602 -140 -982 -151 1832 430 544 4 -757 -694 118 -128 -796 135 -1142 -581 -151 -93 152 88 -37 -638 -888 -1136 120 454 733 442 -932 -256 -386 244 -224 -255 -980 -467 52 999 1618 -315 554 74 213 -1097 1251 447 219 408 736 -258 27 -779 -384 -661 1059 -49 -653 348 297 254 1167 -68 -54 -467 -1045 -1051 357 -335 284 370 -361 -37 1335]
[155 -751 499 -809 -294 75 793 239 -789 -392 810 -660 1247 -1009 -551 538 -676 759 -403 209 6 129 415 1057 336 -223 760 -281 -411 187 60 399 -608 223 291 622 -642 513 1478 85 279 529 190 -365 -316 -215 893 -1203 -182 106 146 -318 1366 350 362 -217 430 -47 -56 674 -960 -579 156 106 1051 -753 -172 -340 590 254 -674 -1131 82 53 559 952 22 -242 -196 125 -1673 -870 -806 -999 1607 -15 1175 343 664 -341 68 -212 -540 692 89 -67 285 -542 -235 -692 -983 805 363 1161 -894 -64 1063 411 707 348 -231 -563 -1055 622 -361 -577 -1657 -858 -724 115 1418]
[-283 -218 246 -465 -148 -1110 315 1818 -774 -493 -223 -80 2065 -481 -1727 683 -92 1004 31 -73 24 145 107 -341 461 155 990 178 56 -557 -893 159 -596 879 1168 -685 1211 -116 201 -743 -679 293 1177 154 -342 -1381 -248 -452 2183 415 -709 -1424 -76 264 -30 -741 -811 312 -512 -679 -202 89 2011 139 6 -760 -261 136 -143 -230 -72 -1213 69 -593 252 1218 416 1295 366 -328 -246 -853 140 324 1019 -1007 -1075 -861 -435 -1621 384 66 -147 170 144 -17 943 -328 -1143 80 -1012 -199 -201 707 -332 559 550 -208 1212 403 339 -851 682 -845 -920 221 -363 -754 -416 -1151 -449]
[553 293 -978 -813 -646 853 240 223 -6 -437 -609 -150 -1620 93 -470 -472 900 -436 54 -674 518 325 -298 -1679 10 385 -673 474 741 -292 369 89 136 474 395 981 -235 1038 62 577 185 1291 -707 -61 -218 282 -290 399 -1029 -630 -998 -139 809 -240 462 -595 -369 -772 121 325 90 526 -581 1048 -708 -1015 -1129 664 -668 -609 254 -220 -671 -466 1030 -235 40 -866 -426 1311 -374 -122 736 328 -174 -196 -170 -535 349 115 369 -270 573 -572 -1022 -788 302 -1240 770 1164 -469 501 79 20 341 -129 413 480 -609 834 -206 91 -1031 -1054 1148 -656 26 655 -59 196 621]
[336 288 233 351 -684 312 840 -618 -91 -178 545 -553 113 -618 -421 -750 -1421 -84 -104 -499 -1026 -21 350 -3 829 421 1681 -264 63 612 -322 -808 9 -913 399 603 -5 -18 809 74 -628 -459 253 -36 31 -881 123 -650 -532 621 311 271 126 1281 -18 -293 419 -111 -472 525 -798 -1156 49 383 1440 326 474 -910 -503 -685 318 -916 85 959 -141 711 429 961 -328 145 -182 77 241 -80 118 71 148 865 253 1241 -552 -575 -408 575 243 293 313 131 -126 -629 154 204 -870 -125 339 -347 -382 -948 -815 -780 213 311 -586 1484 -1634 395 -873 242 -293 -655 1419]
[-1329 133 -716 -309 281 -54 1300 -440 820 86 456 289 -146 103 -404 322 -28 183 581 371 442 1049 226 392 516 -532 -49 -281 377 290 -108 -178 -398 -928 911 693 -661 -519 63 -391 684 -314 388 0 -185 -74 826 -112 280 -1194 -262 -357 -770 -878 -269 -1208 802 125 25 -107 497 -853 158 1010 179 -237 -392 -168 -442 -224 1031 -862 -197 -482 -1176 -1126 278 743 -1020 1442 -1096 1043 -1340 -1318 -813 380 386 -646 1291 -866 271 -939 -2516 -1397 -1076 325 -228 -1622 -2 334 825 27 -298 671 -944 660 1053 99 -241 834 -137 -227 -809 -647 -772 133 50 140 1678 -1094 599]
[528 -49 -309 -523 301 537 -641 -1456 350 -385 -1090 -326 138 -416 851 8 619 -138 -560 -1102 -1232 -126 -489 -1371 -111 1649 150 -626 -70 -209 -175 -772 729 -152 147 816 -349 467 -447 1221 872 1808 -614 340 903 750 -333 -297 -404 597 -561 1063 653 253 -520 330 -788 -550 383 -595 696 491 -576 1265 -175 -558 -750 12 356 -1390 204 -86 218 389 42 -690 -546 -836 1406 -663 126 -1124 987 1010 -604 626 -636 302 -174 414 -55 832 644 -166 -754 -317 -357 -734 835 516 -150 119 214 -672 -163 -335 -755 210 -93 161 -647 391 -1067 -339 563 -90 -983 138 -570 411 230]
[-957 1637 1926 227 -276 -886 812 -1366 -577 -315 317 -720 617 751 1252 -1054 731 115 -296 415 -375 209 736 -1170 -451 1030 -161 240 104 -26 318 -104 -159 -789 1230 -21 384 516 122 -144 -944 111 -2025 177 -377 -552 -190 376 -1215 362 -572 -254 1237 614 485 -36 111 -57 1069 1133 706 106 -354 649 741 284 386 -123 -4 -177 -185 -213 375 -181 -155 420 1297 967 -1328 -594 195 530 -227 412 159 1108 500 1018 -149 449 -924 11 -840 741 141 -143 -761 268 -303 -292 137 212 29 -913 571 248 -800 -651 -482 -1402 -418 237 737 -509 -1010 -42 741 3 -733 -1163 908]
[-671 -831 -341 -1049 151 256 -994 805 -401 -288 -330 -595 -513 -426 -890 -32 -1216 -1106 -640 522 -386 211 194 -220 154 961 370 -69 358 539 335 -392 603 210 685 -806 -28 1299 575 122 -839 -424 496 263 -404 -209 244 -652 178 511 -101 -892 -1057 -156 259 -817 5 -293 429 -1145 132 -1980 -396 -211 587 -95 -1193 -208 189 123 340 -1079 141 -565 326 2244 -301 798 1494 -1084 -14 -144 -308 598 93 243 -922 371 -1439 379 -446 672 546 -97 -696 -24 -325 8 -931 56 -256 -789 30 995 -39 883 -531 -914 -162 19 749 261 87 656 -817 -532 -475 648 742 243 -1083]
[-663 390 411 671 1007 -917 961 -835 -537 -635 414 -207 -400 390 -657 -86 292 547 -559 164 -66 -874 72 739 -119 134 281 -532 -588 464 178 584 28 10 883 -285 -334 -210 -544 -1256 -27 -45 -30 75 -934 177 -655 -280 1481 434 -240 -716 591 94 62 431 291 215 978 -522 1845 -514 290 -121 -97 361 -386 -1559 -89 -580 730 -55 -359 283 -68 685 -778 991 -207 717 -57 1124 -1329 502 -318 490 86 974 -53 184 -388 -2159 -750 224 -483 2 -359 -331 -1814 -150 94 -406 624 -131 69 -170 -203 85 159 -955 159 -56 -6 -641 -327 495 -320 561 55 840 -389]
[-560 -331 726 344 -107 -247 -120 -705 -211 80 484 21 1608 55 1089 377 -1043 274 -188 -426 -602 35 686 748 -799 38 -679 -155 -783 147 -1124 116 -68 -319 -499 48 -127 -928 1007 712 680 -163 648 585 -10 -263 -739 183 -326 -371 -202 864 526 139 -785 191 -282 -218 82 -1349 -54 -97 -909 -67 554 -109 1341 399 1169 569 -735 329 773 433 88 -290 22 -867 757 -113 711 -477 -97 59 318 276 232 481 -280 608 109 422 361 30 561 116 -109 911 -477 -1296 -593 -758 401 -204 160 -344 -876 -66 191 -160 37 126 -506 1265 1286 -632 248 625 -527 432 -238]
[-19 99 425 146 1309 -2 95 -521 -162 -334 449 -1186 -1513 -662 -62 -739 120 538 -332 -164 414 -573 303 566 128 -73 -216 -563 214 -218 61 201 -15 -1277 -814 860 -491 382 468 -321 -5 1269 -481 401 -1364 528 -932 -223 450 790 1033 -620 999 772 310 144 809 1285 27 454 -1257 -225 -184 -329 -1034 552 -329 153 93 -32 174 -1014 873 899 138 -554 -1786 -378 55 -674 -823 -1616 429 625 -1156 284 228 -158 54 -488 -55 208 759 -117 -788 952 278 -694 -253 -535 -510 328 -312 205 -320 100 737 -431 -13 119 61 1096 690 92 -941 -450 753 -456 -767 -1093 1148]
[414 -2 -819 -195 -289 98 783 860 -402 -1146 -1813 5 -158 -733 -833 275 100 792 121 -1771 -8 -119 290 -1351 1177 266 397 589 556 -61 918 -478 419 -379 1376 570 -814 379 -43 -184 -224 -442 565 742 -755 -996 -1387 -587 195 -760 -361 -1251 -812 802 -487 -312 -680 -116 -131 152 309 -689 1104 105 -145 -50 484 270 459 -532 1611 -1295 -753 -7 542 -176 704 -583 -386 311 -1268 946 938 623 1143 -849 -351 -184 622 372 348 529 -14 958 -537 1248 387 -460 -1027 -491 -1106 -132 -572 1052 275 -65 356 42 -578 1556 721 -318 -1341 -441 -232 -121 348 -975 -460 902 -1307]
[736 -622 -1214 -501 -460 -153 -677 553 -781 -479 -1615 454 253 -784 -1553 -43 -104 -453 -13 -743 -406 626 -244 -1465 1311 108 1973 -821 478 -1020 1059 754 -653 516 739 -123 888 -674 -405 -424 -440 -63 1609 392 874 -205 91 495 -345 70 -695 114 -743 197 321 -744 175 -1131 -1336 438 50 -506 1552 -38 419 818 338 -771 50 181 -516 -758 -553 240 234 1514 1086 581 899 -339 -728 1046 91 520 915 250 82 -814 707 -228 -248 -30 -387 1181 84 897 -696 316 30 509 -841 389 -21 -97 -19 -640 -525 620 -624 -24 -289 157 -511 47 -24 689 -161 117 -574 529 125]
[92 -21 168 542 -174 -900 -4 -599 -262 74 255 -146 640 1278 96 709 -153 1127 -531 -448 -979 218 342 -366 -492 -7 -323 389 139 745 -810 891 -537 167 105 159 -662 -795 -314 -496 -531 -329 31 -51 -376 214 -47 -670 -929 220 248 125 1305 -109 -26 122 -101 -203 174 238 1222 860 -1244 897 -471 -726 151 -1060 497 -134 39 272 -1076 -419 103 1496 596 -632 -93 376 1234 -18 -364 1637 522 199 918 218 -198 362 -241 -306 369 33 275 -1112 -71 883 -1172 -349 -80 -1045 622 -534 -59 134 -766 -123 96 -789 153 -866 -95 -911 782 -47 511 1153 -904 -8 -226]
[-317 191 300 473 -161 -263 338 274 203 -226 -559 369 -206 1890 704 -16 1746 -359 346 -943 -650 -131 320 -443 -276 -390 723 354 -626 -340 641 -1315 63 -18 -540 -506 18 -244 -1140 -132 -46 -275 -48 867 344 99 -494 168 -150 -268 -102 432 506 690 -666 592 -120 -435 133 -240 276 682 2 603 -436 24 688 -498 246 141 1153 1444 357 668 388 -993 818 -327 -854 -105 228 89 956 -77 -115 19 46 -362 367 1274 -1165 145 134 701 876 1157 239 -458 481 -127 337 -522 236 -502 534 -276 166 553 -1257 59 176 -298 333 -150 1366 -241 1083 -769 -440 1348 -973]
[-342 -246 -710 621 406 -626 -174 441 -982 -208 -120 -196 473 440 16 -389 -691 -1420 -360 244 -355 1106 -791 101 415 -350 6 114 -227 -114 -1345 -316 173 726 719 -697 1280 -1058 -859 -455 -747 -366 732 -342 -597 -687 -337 268 1673 -421 -311 -230 -273 825 129 146 -110 -942 -800 -681 1116 567 913 188 329 679 695 -478 -586 -851 530 -305 -67 -630 -234 1427 -317 1590 60 77 379 137 97 557 -276 192 -609 -373 -722 -64 -605 161 -803 -921 149 284 -42 -212 310 -152 381 -2141 -597 -318 -914 338 -642 1092 856 -18 46 -168 175 -1559 -517 981 -824 41 -491 -315 -152]
[720 218 -60 436 -451 -6 -510 216 611 -923 -1770 568 -73 33 -1 423 856 469 -210 -1076 -548 289 -524 -1225 997 359 1048 -34 1493 452 -395 -71 -856 -83 611 355 -286 -113 -636 -330 -502 881 1497 -591 895 964 -35 -504 -123 1008 447 311 1518 -108 -998 -243 712 -1098 -772 458 81 491 1286 829 -768 -772 -824 -23 516 -198 271 163 -1049 -1034 -602 572 521 -409 318 302 -225 -963 411 519 70 -820 -5 -1371 482 -423 -283 778 -41 -636 338 -180 18 -990 431 -221 478 169 -121 2 117 -252 -544 97 202 -51 -295 373 1 -583 1145 492 -175 -302 -1125 -503 854]
[-591 24 -295 -115 -23 -79 791 -548 -173 -234 -346 -1021 -174 718 -547 -249 -883 -236 -603 569 361 -156 -267 857 -515 544 -549 52 1004 -405 115 497 1773 -554 1865 -582 148 -1018 -1115 -1225 92 -765 472 -95 -358 -282 -1084 58 -728 -674 -145 1 -273 -458 39 -462 -59 69 133 -71 666 248 -1566 -304 665 515 -637 513 860 -366 574 -622 -1988 -620 138 390 736 -423 125 659 253 1654 -680 640 753 -314 110 118 -101 845 -451 52 -854 246 -937 356 1098 128 -776 -479 -331 -782 -127 -19 470 -14 -789 -166 296 -471 680 3 -943 -101 -146 -36 -1073 714 840 -539 -396]
[913 366 460 -231 1537 112 -1030 -942 47 -12 113 -742 -229 -331 -49 73 -394 -339 -373 -674 -124 211 791 -74 166 43 -966 -939 -523 479 -320 -583 -311 -822 -828 839 -1510 876 347 514 900 1523 707 951 -349 178 100 1666 -122 1329 109 193 -121 -279 -369 175 -439 425 964 39 -66 198 -240 150 -608 646 234 816 -818 890 1290 176 496 259 1567 -613 -1021 -1449 144 -42 -995 -1691 755 631 -215 628 -777 -123 20 69 231 374 250 -226 -527 -583 644 41 143 61 -442 -102 -1062 725 63 247 -469 -526 -606 -175 -353 -24 127 199 105 -1105 203 1112 723 -145 -1003]
[-211 -557 1589 114 762 -352 -436 -114 386 452 -28 -738 858 881 556 -101 1212 1106 540 -163 -216 -109 -133 -409 -544 -635 -161 931 -223 -509 124 1036 -637 611 -438 -407 1674 -895 -224 -751 -228 80 -472 851 527 476 265 141 -334 -328 18 83 336 -319 189 1205 -259 -115 210 24 -829 351 137 -369 94 764 541 -446 -506 296 -678 633 482 794 278 -376 -387 674 -703 -404 524 -161 -260 -711 -348 973 978 84 -854 -642 -735 91 464 424 150 732 284 333 -136 393 201 236 948 -588 -393 299 308 376 97 -412 -454 -730 1040 -293 273 -253 -446 -873 -1156 378 -396]
[752 -548 -458 1125 21 63 -399 42 -391 1038 482 -882 -2119 996 -40 -136 393 103 -574 206 -404 323 -345 1032 -736 -489 755 -160 399 757 15 280 86 -376 -1467 596 -80 574 -152 -639 -218 564 252 -143 -838 1780 120 -619 112 845 1044 -110 1111 -8 444 913 1707 757 664 455 665 429 -1148 -55 -1224 580 -753 -710 -530 487 -495 302 274 335 740 206 -1126 967 -591 26 175 -152 755 101 -1330 365 71 -18 -802 883 -412 -1053 885 -992 -1453 -163 -173 -519 261 899 653 125 -120 657 39 534 1 -140 -719 -833 -1008 1395 1523 21 -14 -387 264 149 180 329 972]
[476 -606 525 -1513 654 647 -750 792 -1122 -756 540 125 -6 -821 -242 -79 -648 -172 -696 -303 1056 596 682 -31 -38 -155 -77 235 -273 278 265 -881 164 120 60 547 -1455 983 397 779 638 692 344 -460 -327 31 652 382 1210 -111 858 -1693 1296 -351 -634 551 -122 -316 157 -114 -504 841 -753 229 -431 -699 -178 978 372 44 579 356 796 -88 353 26 -240 -459 710 -200 117 -542 716 -131 301 -1072 -454 299 468 98 163 195 1216 224 302 -281 -1189 -257 658 -349 -673 197 -754 778 299 212 707 -251 -144 407 -37 609 325 488 257 -769 832 537 -52 150 -281]
[239 596 -938 -1625 -818 -813 616 -240 -1470 -799 235 -114 -164 53 -1065 510 -34 628 -292 -1034 -637 1190 1668 -479 -266 376 900 496 -336 648 -423 -652 207 -231 -52 -466 -633 1029 551 -156 342 -529 -710 126 -270 -788 -89 -1055 927 420 -569 -859 828 -574 -580 195 297 390 -628 86 743 -399 1147 844 -695 -1411 752 1 -248 -855 1008 -405 1358 -239 -3 -431 -638 1635 -395 460 -911 -566 931 -373 347 -641 517 -271 1291 -476 -666 -1215 -1296 294 332 150 5 -540 389 -439 289 436 -86 642 226 -243 601 -305 29 479 525 -331 395 133 305 -176 -237 -309 -597 -408 1076]
[956 256 -581 229 209 -1182 -770 -1334 -74 530 -1687 374 -396 -561 -427 17 1072 1295 -878 -111 -1777 -243 -246 -42 1041 677 74 251 35 1253 80 1442 324 -407 585 217 694 -178 -833 -76 800 -695 -730 -1291 777 895 -712 -467 365 211 -15 187 831 67 -193 387 450 170 -500 424 1346 327 1068 -39 -65 1100 -974 -1160 1324 -177 265 -1071 -844 -216 -228 -277 566 630 199 -814 526 777 -815 -228 -397 864 690 -67 -187 -249 -207 221 -443 523 -197 131 -817 90 -610 -705 293 622 537 -991 -238 93 -193 321 1209 -824 330 -203 -1219 -776 -260 -320 -196 -93 -69 -454 -18]
[1163 -63 -724 732 -898 382 -642 -288 320 324 -1277 19 -710 -972 338 783 869 315 -591 570 -752 -354 -850 -921 1361 -15 1207 -927 -298 -259 -1009 774 -529 -543 309 -928 1498 -474 -250 -321 -947 1085 158 -1279 1039 897 142 -402 -1090 1805 -37 351 1562 -25 445 -507 202 -325 -1611 410 -487 -1054 1656 152 979 475 -543 249 -222 334 -381 -734 468 -747 293 -44 940 460 -145 425 -470 -181 228 -20 201 240 217 -800 486 189 -167 346 -398 22 -410 349 -182 -279 500 -1158 826 223 81 -415 -29 -976 -670 -219 198 -668 -321 961 763 853 509 60 -277 206 -237 -562 1179]
[-1329 -86 1130 -7 248 -584 525 -581 187 -153 -713 -357 691 722 -689 246 -508 -893 727 455 -405 714 308 779 -339 136 -301 720 1267 -151 -920 129 -1341 116 897 284 208 -737 306 -517 -402 -1373 1141 857 428 139 551 1253 -218 -75 -1183 -250 -386 -1080 -30 85 88 -243 -130 -612 456 -905 414 -179 583 -28 -200 -843 20 57 621 320 -915 -76 244 777 165 189 -400 341 -262 132 -1610 -1056 -436 1193 907 -171 -10 492 -270 -438 -804 -204 451 259 615 -784 -1450 -860 52 -705 -321 1344 -742 575 129 -305 572 -356 228 -490 -1191 736 229 -353 -292 779 488 273 -804]
[-931 -959 -211 -1128 -448 506 -125 -860 501 155 984 -939 294 354 -679 -40 -125 229 384 740 565 301 495 1168 -491 1377 -659 439 -1085 67 33 577 654 220 -309 1041 -1132 61 945 409 -223 -158 -1144 -921 -349 238 349 -924 -215 -387 -110 -130 339 -894 111 -1230 385 849 -613 -98 372 176 -1753 -865 -235 -499 76 -1133 69 394 233 -226 523 528 -305 601 350 1181 219 -48 1097 146 -1205 -442 -469 -1413 516 639 -66 -234 -118 -970 600 173 808 739 -384 -509 1374 241 -796 -755 414 992 -378 -22 -260 -1131 555 -6 -462 146 392 -987 106 -696 139 921 11 44 747]
[-428 -245 -111 499 -334 -1505 -502 1438 507 517 244 1470 470 1252 -684 205 -585 -1174 1306 -256 823 938 -629 732 -232 -574 -304 656 64 -473 -311 579 299 476 -361 157 825 -1359 -1059 -808 22 -292 1088 -706 744 -957 284 630 329 -1111 230 -580 -558 -1504 -522 -234 1116 -1627 -272 -678 900 397 -990 1050 250 -557 361 -505 -169 -424 122 1557 -831 81 -1435 1281 203 1064 1203 -92 995 -598 -794 197 -852 -608 309 44 -850 -216 660 -451 -1205 -960 50 136 -187 393 -367 845 -886 -898 -65 -545 -445 472 -868 1258 -452 -165 743 -305 -523 726 122 1095 -788 178 -228 217 224]
[21 -188 908 20 68 -956 269 -332 -367 1450 -534 -947 334 1093 449 -373 -494 -63 195 893 -217 421 -323 -944 219 340 196 1196 820 -296 -956 -85 -673 451 667 670 1554 -1031 511 -169 -1092 -969 729 449 -26 -850 187 -45 -1166 -191 -671 -118 37 356 367 -495 356 -250 -277 308 -1064 -226 -125 -41 369 -106 -304 -155 345 -7 -241 -1180 -866 -174 360 -157 1856 661 -1518 517 1088 1410 -83 -644 -79 605 126 -812 -691 579 285 -267 311 -641 248 -327 1062 241 -522 -976 -105 -488 169 265 1126 128 -600 -326 -387 -220 501 292 -642 774 -195 -1103 625 578 -637 -997 630]
[-482 199 159 -139 -224 -1112 -656 -947 535 609 -759 1098 1004 -314 204 73 -420 -17 226 -903 308 497 -424 -244 -2 500 -757 -48 -146 -486 151 876 -559 408 80 -84 -960 -1082 4 79 489 -391 -469 -392 1134 -177 614 212 124 -111 -394 254 -289 -775 -1539 -876 267 -2011 288 -409 468 -894 618 566 -103 381 159 -937 694 445 -233 -588 418 -990 -446 701 366 424 607 576 -239 167 -1787 -210 278 -341 325 -13 566 -1446 694 -744 -1385 -157 794 -145 -322 458 486 156 9 -180 826 -336 794 182 -1580 1040 756 397 168 -1047 -1679 -341 751 848 -140 589 159 51 973]
[277 441 -42 650 678 -818 158 -1442 778 195 933 -154 735 1154 -338 508 -352 506 -248 634 -183 -162 479 1428 -471 -23 -418 -667 -151 -133 -396 -188 -626 -410 -497 894 94 -218 1010 713 607 -212 -49 662 472 584 35 -331 -511 475 -29 171 44 165 518 -605 319 1061 -231 -663 580 287 -611 -150 44 -166 -170 -1601 372 635 947 397 -246 1383 -126 -57 -580 251 450 417 -348 -1287 -456 376 118 372 -453 165 292 326 278 -1603 -752 281 -351 -730 532 226 -594 -74 -275 -123 -11 -226 -402 -1041 -214 -903 -365 -560 184 -1160 -751 -372 -127 268 -171 461 -267 -745 530]
[312 -353 -824 -87 -160 -200 -1183 393 -423 -676 -516 1175 406 -228 -65 -538 -1011 -1465 1037 -475 214 404 37 -620 -226 -406 211 506 172 71 188 175 -757 -187 589 645 496 281 -108 687 212 -213 -369 -471 3 -841 973 71 822 -465 -1050 -1508 -854 -486 -1063 -1066 -798 -2991 90 -199 163 -791 57 524 398 -1203 1108 553 -1318 -891 842 -336 -735 -63 -97 1098 -1485 64 64 1076 -1640 10 673 11 25 -461 457 114 95 -152 201 -536 -687 731 283 -106 372 77 391 -319 -816 -920 -126 807 155 -111 -301 338 685 1381 655 -1036 -1701 -165 396 -109 314 496 -122 1191 383]
[227 812 1141 -1290 -810 992 -439 -242 352 123 307 239 -276 18 -1030 -1061 -336 -801 479 -619 83 415 -154 -45 638 885 626 -365 914 123 -295 -905 806 1017 -377 -307 1370 353 -38 58 -489 -390 427 -446 130 -620 470 520 -947 1183 367 508 680 392 -9 -420 451 -84 -1339 -416 -1243 -869 549 -704 662 651 787 77 -619 737 -132 60 1205 770 338 695 186 552 734 157 235 -1111 -203 277 835 -422 422 -268 -724 639 -1198 86 206 63 529 -359 -864 1491 1188 567 -394 -200 -715 113 1366 -48 -619 -1021 -407 -757 501 1049 676 1438 869 283 -563 810 -648 -387 276]
[-2158 -590 466 -202 2069 1040 972 -26 -94 148 1568 -1289 -963 -61 500 15 -1315 496 73 1094 730 128 994 609 -735 -526 -647 -359 -726 -1093 759 -15 31 -92 -442 -932 590 -757 1097 -468 -136 -1192 -150 1204 -160 1034 -75 60 -371 -1603 716 86 -1884 -601 10 1101 774 907 768 -511 -699 -1003 -522 185 -356 1486 669 -642 -256 -158 90 528 323 -483 -581 128 -396 722 -578 665 1092 1719 -235 -317 -801 1056 -10 772 126 -222 227 208 -727 -691 -305 124 -306 367 -249 992 1085 -471 440 140 -101 -68 -963 -534 -772 326 -613 -281 1101 204 75 95 420 -265 321 -102 -996]
[444 414 -10 707 -1282 -586 -212 1017 -344 633 -877 804 600 89 1254 749 790 -305 739 -417 200 -44 -1334 -393 294 -99 464 578 -430 -427 -798 -190 -825 361 -283 -187 769 506 -196 1020 -214 -309 -550 -156 -215 -1854 1236 -610 453 737 -343 228 -13 -613 421 307 -949 -398 -156 85 -436 6 1620 -633 -35 -1717 292 694 -614 -982 -1032 243 -99 168 307 -521 340 -113 -944 527 -1693 -1261 314 -155 123 515 325 80 517 -869 943 87 -192 -454 91 -671 578 -149 -121 -1064 -132 385 592 163 -1073 333 1347 1580 568 846 -420 -860 -510 793 -313 -191 -340 -820 -1223 519 518]
[170 -468 -1108 -346 -1059 1165 -8 1158 61 441 -1426 1194 285 -6 -424 -177 -339 213 578 -1025 1394 1242 -1241 -638 478 17 82 399 389 -449 -159 1 -683 361 -47 -148 367 -310 -143 -510 711 -639 466 -207 824 126 135 1388 -737 -128 -1138 101 -616 -284 -615 -604 -490 -963 -1391 -153 -99 -333 1533 -875 -294 15 197 1193 -516 120 1040 -429 -866 -331 317 349 220 -689 -982 954 -599 -411 -383 -1626 740 -895 -678 -1407 930 -915 877 -392 -821 132 821 710 1192 -841 997 -374 -309 790 56 -210 573 -851 500 346 -784 963 617 -691 -1093 149 1913 77 -208 437 592 117 481]
[19 -664 -886 -17 886 1046 -152 -100 -54 404 311 830 320 -113 -448 709 213 783 277 -605 154 -397 -314 478 366 423 1191 -863 -1821 -771 635 -399 1070 715 -31 -205 -400 -667 -483 468 732 -245 727 -351 924 697 -716 359 741 -587 335 211 26 1255 -142 1402 -580 1413 -882 -230 -261 215 623 -314 300 812 275 -587 -24 99 -121 -676 542 629 331 -578 -362 290 354 8 -578 436 -367 -104 -28 -726 -107 886 -150 259 -20 -1019 562 604 338 155 -445 9 -1157 141 -535 798 370 -219 -311 -760 1364 989 201 793 786 337 -327 349 1249 -137 555 503 318 1197 -289]
[239 -83 790 387 -659 -158 -277 -22 251 855 -481 -45 -242 669 305 491 -846 -155 252 411 -130 -689 -321 835 -854 33 98 434 -390 78 422 -513 -81 120 -1110 -573 325 -525 -485 211 -399 -667 -218 -385 180 -292 1035 479 96 895 -1085 -32 209 479 182 622 -520 108 98 16 761 -1339 156 -350 676 -8 587 -90 -780 555 157 436 299 590 664 784 -102 -273 -410 -815 544 150 -583 976 1231 -173 550 345 -1232 440 117 -259 503 137 1365 98 553 695 -1285 -338 1281 -1075 241 -374 -94 211 -77 -346 -87 255 -511 -566 1148 -386 -453 721 746 -424 -8 36 -46]
[351 3 -29 -134 -283 65 -624 -330 833 799 -284 78 -75 289 -801 814 329 -559 781 1858 -75 -167 -875 1811 342 -444 -227 -545 141 -115 -1176 188 584 719 -184 -434 592 96 -794 -703 -600 -258 217 -699 765 500 268 -1081 -1210 854 809 764 -545 -517 460 -369 673 586 -514 26 -301 532 -302 -1843 74 -51 -919 -252 -616 106 -46 -226 -175 226 -482 -711 37 456 163 413 144 -400 -341 -293 -975 54 39 60 -1105 0 -388 -220 -370 -503 -68 -404 -325 974 169 213 185 466 417 499 228 -237 121 -534 930 -100 356 669 -40 689 747 81 -1154 591 403 -55 -423]
[-934 669 -839 -293 942 1049 427 259 -134 -392 -84 -1249 170 -1064 260 434 -125 -194 58 719 -262 -57 1382 -913 55 434 -953 -599 -295 -801 17 -264 -117 177 930 16 -1541 384 1335 815 -1063 139 249 536 347 632 -405 27 -181 -1042 542 500 -653 -91 -214 -470 -1199 921 74 164 -274 708 585 -163 -600 -555 325 0 344 -891 442 807 216 -772 -345 -1192 531 -1247 -214 1003 787 878 1031 -437 -381 -450 319 -721 101 453 334 1147 349 -293 315 -303 412 -1598 497 428 753 657 -413 1328 934 -74 -134 -1211 362 790 -25 -57 313 -250 -305 81 354 -177 925 -16 -1720]
[816 -1019 245 130 -1093 1628 -661 348 332 193 -647 273 64 -1666 1316 -914 275 299 -600 -339 -132 320 -789 -1425 -51 581 -259 -195 447 156 617 -516 -229 82 -541 284 -565 128 1103 1229 -76 184 -737 10 441 1558 666 11 147 -210 55 973 -343 194 -755 600 -134 -183 456 482 -1754 -541 479 834 -564 536 -708 1031 348 634 -1344 -229 379 -1086 497 40 -929 61 363 -376 395 11 -73 -627 247 -316 -1162 -333 331 -131 270 913 1569 -466 402 -18 216 -1322 2424 241 552 248 -190 538 593 -88 -842 116 1001 435 -1423 977 -340 -253 394 -557 -37 -937 -114 528 953]
[-242 660 -346 -286 830 -336 -262 174 -256 197 146 -1054 -116 347 -460 -397 4 -229 -285 -412 49 534 -482 -1044 440 303 570 -621 653 -642 465 1335 -106 211 185 -550 697 16 -169 -820 -245 -610 569 533 -65 -182 -493 -686 186 130 376 -524 -657 583 535 -62 -85 216 -65 -84 -234 -305 448 -1305 -333 1123 226 -138 -1158 -619 305 -1629 767 -736 104 1028 -813 1347 -193 165 -1627 -943 -190 419 -133 136 41 -645 -985 -495 -271 -485 -1010 -539 -786 -109 20 558 -755 598 69 187 -62 -486 -681 -30 498 391 24 337 625 -452 431 -542 -560 -475 -520 914 -153 -896 426]
[-929 -277 623 903 130 -90 279 -1308 690 1490 765 -4 662 634 1428 463 611 -409 718 385 140 -412 -597 -298 -421 618 -69 -145 -1122 -906 -143 -1413 447 -46 -393 -827 212 181 -127 1273 -627 182 -2112 -207 247 -104 1029 -308 598 1188 99 892 -370 215 -57 360 -619 535 470 -326 -84 -754 602 588 314 665 727 -1041 -53 -653 -271 -161 1830 365 -553 121 -135 617 -365 -861 -369 -703 -53 1323 -594 512 -270 1776 -560 -145 113 366 -28 -412 -188 -543 -348 23 103 810 876 -634 -100 -550 255 759 -1134 144 349 838 -50 187 1241 -277 -1142 1226 1053 -878 -684 -36 79]
[-494 743 -678 62 -338 -811 -794 626 -371 46 259 -1004 -369 402 -387 354 -702 -422 -24 189 -461 1227 406 9 -173 536 655 152 256 542 -1119 2086 351 -232 -713 398 401 710 79 -1270 -259 284 1295 -460 -212 -300 538 -129 -964 220 1008 292 -747 -1878 238 442 1736 200 18 142 1048 847 -676 -831 117 -1048 -345 186 -537 145 -601 516 113 -501 -329 1396 130 1020 -198 -440 -697 -886 -226 -658 -1418 -109 615 545 -439 -488 -430 -246 -1045 -1386 -982 -343 -294 209 -217 708 -179 1162 -182 -124 -1064 -247 486 -510 -440 -537 374 96 36 1186 -768 -450 -1397 1243 -68 -71 -323]
[-244 -208 2068 466 741 576 -83 222 499 -381 995 -659 1010 -519 584 -369 719 -6 -117 1393 -539 -548 653 -232 1389 -511 20 -389 225 873 -142 7 -941 138 -253 155 1333 320 736 186 -1230 375 360 -122 -161 495 718 230 388 278 994 -261 417 537 614 -222 -169 482 501 124 -1794 -457 -33 67 344 -162 -467 278 -41 1065 -963 853 1169 -56 -450 9 311 495 -608 -563 843 164 -428 -1588 61 892 382 -344 -972 400 -368 454 955 -37 1106 -477 -560 483 327 -796 647 312 39 -80 -133 501 -57 -541 395 -1522 -307 356 1687 554 -1105 -612 558 -398 -2 -725 -88]
[1247 287 1399 -1018 180 -262 53 146 88 -21 218 491 1196 -344 484 -461 -350 646 -976 -316 -120 -752 -7 1028 -1121 -796 656 -36 -367 499 -76 -211 -339 321 -1107 436 -436 -784 476 -264 359 647 -82 455 1276 -346 46 -351 -1174 -143 270 343 -8 544 -239 1272 634 -910 498 89 -383 548 -749 744 797 -170 799 372 111 167 -443 294 605 -128 857 -1049 -720 -581 1088 -933 880 -761 -237 -512 827 -648 -116 244 -221 -191 -554 -975 -393 501 558 -119 735 926 768 279 -163 1100 321 -315 653 -664 196 -196 -93 -1006 73 -1024 -622 233 85 565 -1020 -409 -357 162 849]
[-135 108 -1253 940 5 157 -56 -803 433 125 -740 58 -1160 678 -205 -952 511 -106 970 247 -203 229 486 -1168 215 540 -1008 307 430 150 -385 61 666 -1395 540 -475 847 7 -631 -17 128 -747 -592 -464 -436 13 -471 901 -719 -279 -794 734 -529 -217 -231 -1221 -69 -694 -341 -37 1612 -426 751 951 -158 457 230 -204 -457 31 1018 441 -1243 159 -453 -3 634 -769 -930 676 15 891 457 535 -394 -136 -109 -813 -276 -305 -489 769 -705 -309 110 319 462 -69 379 -51 76 -1352 -205 -1015 1035 -22 -914 -684 -575 477 165 -315 -531 -1737 -424 220 1122 699 340 -1529 123]
[-1019 -252 -574 110 650 315 243 -208 195 -901 -12 -1626 -428 -200 446 178 712 -913 17 1348 -135 125 119 -497 111 920 -1181 -550 208 -211 208 452 1174 -826 263 135 -1246 -255 325 -233 -1014 -72 138 1065 -981 789 -770 -22 -947 -273 1545 517 -213 -1369 517 -196 -188 1084 520 -186 -135 148 -451 421 -1020 -608 -842 -54 453 136 -365 1135 -94 -302 -441 -21 -98 -222 -240 1084 -248 98 204 187 -1066 386 293 -13 220 1562 129 856 727 -49 -851 32 528 -42 577 279 -288 -11 527 911 -206 -468 -510 -526 658 -769 -490 1242 -85 -172 -573 -1063 -256 411 -74 411 -973]
[628 21 -95 1141 -516 9 -435 -180 576 433 -172 278 -905 1514 415 678 795 -129 317 -493 142 433 -746 750 -285 324 12 166 -254 187 -500 -159 513 -890 -529 258 -394 122 -882 304 558 186 -280 -828 -455 428 -41 278 -1005 1263 793 -228 941 -721 195 142 133 30 -186 498 956 1291 -739 46 -375 -89 289 -1398 2 176 863 1632 -816 1110 370 -10 373 -5 -517 -48 -893 -1035 230 723 -839 212 493 523 292 288 -290 -150 704 203 -56 -556 357 -48 857 -473 -422 -443 -683 -10 -935 472 155 173 -926 -1630 -497 -307 548 -306 -433 1010 354 141 -357 63 551]
[547 124 333 402 158 28 467 -1664 -559 17 -759 -555 -527 -725 552 -572 235 368 -688 259 -587 -666 386 -351 155 99 -571 245 -191 296 333 -129 -559 570 -175 -13 40 90 -455 211 -358 -281 -805 561 -1155 -103 -131 -182 248 552 -1475 127 316 1277 246 82 -327 647 100 1138 61 88 704 -1296 152 799 159 1170 372 -56 -110 -1144 -39 -555 1304 -1397 611 -956 -1660 380 -53 1115 429 -255 955 1150 182 -901 522 25 -239 -634 222 78 667 12 223 889 -310 -1004 -248 -669 523 404 1381 -958 -408 -461 -232 929 45 215 -779 -1085 666 -802 744 -140 -544 71 -362]
[-1020 -305 403 600 197 941 -484 610 -70 -578 339 975 90 253 -15 277 -818 -784 326 9 981 217 455 -941 -14 70 -396 -939 90 60 15 -314 -229 -651 320 -778 -786 74 -118 -21 -762 -116 982 454 705 50 -301 1736 -354 1143 72 79 344 -197 93 -15 -1722 119 495 -785 -121 -356 60 907 -466 -1094 -484 454 -454 253 874 638 -475 573 -996 925 -517 -1323 504 -65 -288 463 11 1135 343 -174 817 476 912 255 442 -14 -538 680 781 483 -235 273 -13 -594 513 631 353 -732 26 -91 -557 -744 -715 -143 751 -83 1096 751 329 906 1182 1571 657 58 100]
[1086 383 692 257 -952 670 -611 1253 362 578 -865 922 268 -436 -36 -365 -182 -409 511 -741 -406 -419 -264 229 151 -682 549 1173 1057 659 55 -586 -1614 -64 344 369 -328 790 292 701 -873 -508 -1180 -603 -238 169 903 -208 907 212 337 -197 -147 100 -497 -120 -287 -1344 -186 737 -1019 157 363 -1194 557 -203 296 409 460 140 -695 -16 -859 -767 401 158 -389 -132 1187 139 77 73 939 -301 58 -174 775 195 812 172 249 575 1037 453 1151 -882 131 132 152 -1234 -48 -230 -721 1036 775 621 -268 -17 1168 -228 -316 -375 -242 792 692 1132 666 -1190 -539 1051 -76]
[-377 442 -404 250 184 -88 239 -593 -143 -343 603 -756 -172 907 -629 -436 -1053 -123 346 -949 -75 834 802 -713 -56 20 373 59 -87 -110 149 -24 -268 -200 -25 44 -1012 385 371 -311 -806 -209 169 92 449 -72 340 1028 498 243 412 343 -443 -806 -966 593 388 -6 -103 754 778 127 232 1226 -579 -140 249 -826 -244 -242 734 1208 -932 -195 -683 1887 -947 495 165 -252 103 -158 -229 188 -37 181 330 706 767 122 -58 -357 -206 87 660 -320 983 -723 -141 314 632 -151 -534 170 486 166 -1140 54 -684 -205 72 -149 463 321 300 862 -1487 -282 -706 392 238]
[-702 -173 -680 688 61 315 -944 114 535 -685 -386 -218 -1030 -287 37 -444 90 -1028 667 -477 304 77 -200 -136 -423 401 -328 -694 411 -769 -24 605 268 -436 -131 -632 145 46 -835 -655 227 111 -9 809 231 450 -660 798 -385 1268 28 -116 -403 -1488 -347 -411 -398 -524 449 171 442 -138 143 -650 -1074 -112 29 797 -1671 -88 650 816 -316 972 -285 520 -772 -1020 -439 708 -1330 -949 677 684 -352 -145 -94 -310 -545 -266 -139 487 -75 -402 -280 634 677 -499 397 603 411 -316 -249 -577 -566 230 -126 -631 33 396 -301 -561 800 -269 -174 403 -192 550 158 -477 -10]
[-561 -48 -2 31 1382 551 197 366 -103 1188 -65 -365 103 42 387 -44 201 807 481 642 -77 -771 -113 -990 495 -718 634 -330 -134 -654 363 -924 316 97 121 -813 986 -192 -346 -192 -814 50 -508 469 -534 -156 113 -269 1228 -507 364 -664 -946 1430 -82 476 -904 1676 -713 216 -1028 419 773 -795 -310 289 1179 660 129 -164 -109 367 781 -307 -276 -1751 -785 -308 47 -172 824 137 1061 483 -202 23 94 -12 -346 -646 -456 659 673 302 540 989 -37 -30 -463 -405 488 -62 -53 -3 854 -411 552 -125 -666 747 412 -342 1925 -99 -553 681 1124 -1496 -566 239 -1330]
[417 700 770 -241 -330 889 -211 -881 -445 220 -547 103 1066 -1161 566 -245 -1386 457 108 104 115 -333 -723 785 -531 602 -78 60 361 -81 -474 157 -314 757 -64 1912 -772 -1170 919 78 680 834 -223 -541 1040 524 -804 -66 -470 516 -1018 399 197 1094 650 -186 410 -1211 20 122 412 701 323 -326 685 -128 399 896 414 -314 -901 -836 684 -710 449 -333 -33 -713 1202 -15 567 -474 60 -752 176 -495 -136 -250 242 -155 373 -885 106 -151 -441 -197 -314 -158 -295 -1360 -1223 462 -541 736 643 -587 -362 -28 127 -378 -234 -435 -1979 383 428 1767 -1048 -326 33 -131 1193]
[148 -1037 182 -784 103 -26 55 647 98 -230 309 -471 -295 -408 -898 -824 828 -1107 -115 466 23 281 -294 145 672 135 -697 402 18 185 -1032 -22 81 1408 -831 978 718 479 569 170 166 347 1015 623 -812 -388 -101 251 -14 146 -414 188 415 548 557 -864 -739 871 -410 -679 -718 -176 -168 276 -1098 -237 -1240 586 -788 -324 717 46 311 961 98 66 -150 -572 -24 36 827 -1066 -119 -403 -371 526 -752 -1644 -1869 773 782 800 1716 -1214 558 -275 520 -444 819 637 -954 -305 108 395 -515 -271 790 -242 667 767 -99 705 -555 -415 188 -1652 -518 625 118 -285 81]
[131 930 -409 -530 180 -265 21 -900 111 -655 -575 329 -673 -744 166 -996 -41 -535 172 -328 -845 644 903 -1609 -232 336 -145 515 32 -152 -304 -122 183 378 -345 321 -189 -163 66 339 -82 56 -758 489 188 84 149 -90 -264 -770 -520 358 -925 131 412 521 -374 -260 96 -40 705 215 574 771 -306 -181 -59 -555 28 -1457 821 774 -260 -187 -1128 -269 -342 -338 93 -604 1061 583 556 172 -553 337 91 -248 -50 564 -168 398 -644 -225 572 -75 -273 -356 461 581 1066 71 199 -808 277 -505 -121 -192 -608 436 596 -615 -383 78 -152 -101 -140 -176 288 471 -740]
[-1232 54 -195 1079 31 356 -203 884 253 244 -178 -309 772 686 932 108 115 45 1118 765 -536 -1044 -1098 583 204 295 680 144 -301 -669 -553 -13 90 -42 -724 543 1856 -341 -180 -249 40 -336 651 -145 -363 168 -190 -593 790 -761 -108 44 -740 182 92 -717 350 150 45 -615 -312 -120 286 -1216 -256 -494 172 241 -586 88 -594 285 96 156 -851 129 679 589 -174 74 597 264 349 -966 -568 884 -619 -342 -815 22 593 434 784 -1145 68 684 359 327 -363 -739 106 -1136 349 265 -809 306 78 211 184 118 -705 -46 9 357 67 -452 -147 -1115 233 -22 -210]
[305 43 767 867 1112 -446 -603 313 467 -144 -403 -625 -522 -363 219 -244 446 58 -864 -8 392 114 -395 -445 2 -1075 222 21 486 -882 -538 338 -1107 -345 533 -358 1362 781 -283 -1256 -954 598 398 -111 904 827 -1 668 -601 1259 970 -61 525 -846 -247 744 332 -442 -459 1119 -1215 -314 504 -934 -285 792 -1052 43 -633 -275 467 -479 -212 -417 14 667 -406 -305 -789 -300 -274 -667 670 -69 -397 577 -270 -104 -359 -489 -148 910 -391 -724 -973 407 310 -1203 136 565 1102 987 -872 370 -69 249 -116 -579 407 378 119 252 733 1063 829 -189 -784 143 -346 -655 16]
[-149 476 1140 -271 -1363 -290 554 42 213 83 22 470 1289 -1601 87 -352 21 -443 558 1065 166 -483 -163 494 581 -453 -910 53 39 196 -1135 -239 -55 70 1637 -188 683 -1285 425 21 -162 -21 -1272 -664 -100 -1478 -415 492 -430 -428 -388 -566 192 1360 262 -1849 -1050 -364 -490 729 -1246 374 497 -1146 965 365 512 -244 483 646 34 -844 263 267 637 -1464 1394 -355 -1150 791 33 743 117 -686 51 -605 717 -181 -286 -406 -154 427 -866 972 1010 541 3 -349 857 -874 -166 505 -1124 -732 267 699 20 -59 1470 -461 -321 24 20 -208 -1703 346 1424 2 540 -1193 -132]
[-1266 -854 -347 -559 -800 -162 -243 319 898 364 293 939 -962 -221 74 241 -68 -1160 190 1200 123 311 198 925 -88 -835 322 -813 -284 151 928 -165 -146 113 -531 -790 -1439 -381 -77 -884 -929 -839 -1420 168 728 1268 762 -1528 -117 70 1045 445 -722 -697 32 -386 418 -266 280 -108 -639 -1668 -1509 1165 -387 -385 -929 -1161 435 -306 -239 609 1013 -624 -1378 1368 -674 841 1955 12 810 246 -681 180 -831 -81 208 1033 -181 911 -224 93 145 60 -456 826 -1333 -370 581 333 569 -114 942 527 421 147 187 514 179 446 407 45 118 1382 792 1385 169 -139 916 1942 -372]
[-467 487 163 -346 620 -1068 -189 -526 -303 705 -50 -126 517 -63 -324 56 -774 205 -513 -40 390 -355 -903 1765 -880 218 -930 -156 -1027 -177 -800 373 -148 572 -1104 802 461 -105 -257 -407 684 85 1045 -475 -1020 -1014 -82 534 1794 -217 -482 302 165 -292 -127 114 805 528 -124 -761 677 269 -162 -2107 -226 -152 953 189 77 393 -594 -710 211 30 818 26 139 -398 634 -613 860 -514 -660 -417 302 -244 -472 -596 48 -1221 677 -801 40 -1156 707 482 -146 414 -226 -8 -753 -1595 -15 791 48 325 15 -486 664 -88 -205 8 11 -616 491 177 470 456 166 -291 -928]
[-273 1473 -487 -1104 789 -610 83 1118 -562 -960 1231 -301 -60 -646 -892 -256 -1048 515 -319 -470 472 957 1661 -209 -486 -432 25 -279 -950 440 -928 963 -904 -646 109 156 -727 971 1001 -1181 364 850 720 112 -779 -749 138 54 1158 -894 666 -1194 -1258 -1238 -30 76 379 78 510 140 1266 152 534 -535 -631 -556 751 -194 -965 -613 1154 1117 -71 56 -1192 483 -1389 152 86 87 -413 -413 -113 -368 -751 -1144 -362 268 23 -1470 61 -478 -1625 -472 257 22 -171 -690 -190 1079 331 1279 -284 101 -760 -428 1443 -573 -196 -530 -219 -830 1192 163 -926 -139 -343 -4 756 -779 -275]
[1552 -307 63 -488 -287 -1311 -497 338 244 32 629 1068 -353 -841 -1194 -679 -545 -302 609 -956 21 -391 859 -411 323 -675 216 40 328 745 662 -995 -220 1429 -1458 551 -1485 -701 120 566 351 367 192 814 -36 -946 809 -151 405 125 315 -351 -498 843 -365 -1265 -501 350 -213 -29 -1798 -508 -385 1583 -269 -345 -896 -980 677 -272 -49 723 -721 1315 -190 437 -779 -1121 739 -613 208 -720 -309 830 309 -155 401 -1148 -396 215 -114 672 634 839 1148 -854 731 456 -58 838 -184 226 122 -521 701 158 465 1045 -242 396 235 92 -1265 250 -1362 -355 564 -933 -156 43 500]
[-114 -849 -800 1180 -1672 -760 440 -455 396 -624 371 372 809 -271 -160 934 331 -23 -152 57 -136 403 -289 1107 799 -737 378 -405 -1045 249 -853 -183 466 -647 265 -589 793 426 200 -59 436 -1082 627 -1061 -331 -780 81 -219 684 -34 -304 317 -302 -555 165 -847 -47 77 -1068 62 188 190 704 -496 210 -136 67 -1122 -39 588 -6 408 219 860 -169 -355 1644 1322 -1244 1435 -1290 129 -59 -895 577 -240 -951 444 1608 -15 137 -547 -747 86 -257 332 285 -258 1077 -135 -240 -422 -703 607 -1335 -663 324 766 686 -87 -1148 -410 -774 -344 134 -34 -661 341 -226 -146 316]
[-35 -774 -906 -453 336 -34 -993 -395 698 -1009 -41 473 -52 775 198 -145 98 -1599 -34 375 47 1040 144 -1485 601 1045 206 -788 219 182 537 -490 285 151 41 -303 252 597 -179 123 -378 508 793 349 1710 617 312 1092 -190 572 -581 773 -647 -927 -165 -517 290 -1404 27 -645 798 -300 -421 1603 -284 -59 -542 -161 -120 114 1024 667 356 -121 -1027 1004 -122 595 1030 -383 490 -366 -10 94 -527 -452 -1485 -185 -249 571 -597 -62 -200 -254 -455 12 -135 -215 1273 1005 -112 425 226 -1060 485 -729 -1587 76 -986 158 765 306 -211 -253 389 28 -517 1291 432 209 -19]
[216 -208 -425 -262 1610 -11 63 387 -486 -799 1143 -446 -781 -361 198 -690 -256 -389 -1134 -485 -26 -146 870 -111 -454 -1217 289 -1184 -613 -743 -824 -1413 -307 -81 319 -657 1068 80 129 135 449 949 1215 593 -441 -202 -392 117 963 -1081 851 -284 -119 923 -544 347 387 452 -74 -814 -390 44 81 156 149 962 -20 -150 1047 49 787 18 465 521 159 -987 -1748 -962 695 -779 337 -538 1331 43 -721 372 -855 -1295 -852 -964 -695 949 -524 -609 -515 216 499 -814 368 143 140 -216 -786 -382 -813 -227 655 978 20 556 -644 374 261 398 673 -683 -412 -218 125 -46 -220]
[-363 -124 -279 -1522 -1062 -751 -287 447 -247 -177 -971 740 699 101 -885 -515 749 -829 -102 707 341 1346 -554 -807 773 191 -520 669 898 347 85 684 835 1431 770 -301 696 133 -651 657 -662 -395 -109 -311 -72 -1564 447 -1080 130 -614 -340 -708 -78 -380 1 -2085 -472 -1201 -726 -1397 -200 176 -818 677 -30 -1905 -271 367 524 -116 226 25 -620 -757 3 594 1486 81 261 923 675 259 -817 -345 1340 -1277 -537 -615 -513 116 -353 54 -563 604 417 -338 -416 582 892 482 -796 -1045 815 -450 1189 15 -165 -257 658 572 1088 -569 -1420 -1361 291 -291 -528 508 -457 574 -397]
[342 -797 -882 -812 -182 641 459 177 -376 -741 -206 -678 1102 470 -636 822 536 1274 -969 -233 -1114 -13 -35 523 239 -887 1960 178 19 1346 -924 413 -286 411 340 -370 463 -322 -205 -952 -1094 -380 725 301 -612 570 972 -1444 6 112 -56 433 168 77 962 983 684 1031 -490 297 349 -124 1256 -743 370 -215 -564 436 291 332 -360 -1273 -403 -1422 522 1122 -376 795 -358 -886 365 -158 -420 -470 657 449 208 -602 -24 -292 -737 -442 -239 -237 -122 -244 677 63 -464 -665 128 173 675 559 -734 58 1079 -122 382 26 798 -638 425 -631 941 -646 -89 51 202 523 -682]
[-169 -281 -72 -497 532 -358 -358 1192 -876 -137 323 -577 -389 329 350 -373 -471 -273 -204 92 633 921 521 604 -592 -77 -193 873 -653 -68 657 79 498 -401 -1335 -315 -1478 507 492 5 320 -397 542 786 -646 -317 -149 878 -97 -1713 1129 -49 -973 -1737 97 1191 1272 456 205 -264 603 148 -1407 279 -285 -403 -164 24 354 284 -77 1680 -353 587 -271 202 333 135 406 -918 546 370 -342 -943 -425 248 -325 598 1540 576 565 240 156 -87 372 773 330 -241 -91 371 288 -25 303 7 -437 -40 24 -148 -1704 -675 -179 755 119 1287 -774 -902 438 -453 460 99 -550]
[-913 -777 105 -113 -748 -416 -688 -161 845 469 -104 956 684 1583 608 525 719 -1024 843 588 345 488 -930 -617 764 1140 337 907 -512 -659 -633 -782 -256 792 595 78 116 369 -57 1533 -1059 -1015 -607 -394 550 -825 779 51 -553 658 -116 -389 1154 -613 -653 -799 -600 -1095 -299 221 -13 -297 -427 739 134 -2281 67 -855 -869 529 736 -52 -17 524 102 1058 932 302 -614 1000 -111 277 79 563 395 -978 357 1202 540 286 432 -814 391 -178 996 -515 128 -317 674 -406 -119 -1310 -231 243 101 559 -438 -790 417 410 1097 -307 114 -678 554 362 1732 877 -748 507 12]
[-93 -403 245 1043 1179 509 -946 -36 104 2286 -230 697 -322 728 873 -126 108 -24 316 325 694 -758 -1861 -1142 -70 471 717 -148 -344 -1457 818 19 -1000 -177 -1005 410 1083 338 -395 656 441 -373 -865 65 1099 852 -62 1573 67 480 -715 66 -778 290 -150 972 -622 357 421 -414 -118 541 126 -5 -653 1058 -67 974 -654 -490 143 161 -866 -116 343 -55 -1142 -586 527 -1132 138 -1093 236 574 -913 1189 -662 600 -569 -459 625 -307 805 -181 -538 -554 567 -179 -1209 -65 -563 127 59 -1004 613 284 -522 343 -1133 166 445 -456 185 624 -50 161 437 -276 -91 -546 -176]
[443 278 -47 833 568 170 -717 -460 1063 130 587 227 -101 -287 486 241 355 18 -259 726 -347 -416 -401 915 416 27 -66 -970 157 228 614 843 -74 -705 -416 626 52 866 106 -225 -373 914 -618 -438 678 827 94 -421 -291 488 1005 140 -212 160 913 563 857 254 85 710 164 -223 -1076 -881 43 305 -226 -420 57 131 -706 634 416 683 -1426 -234 -806 620 1652 -1054 589 -290 -325 14 -974 18 -428 777 -536 411 -2 -312 811 266 -1218 690 -1503 595 -360 386 -270 832 -259 311 -144 -429 378 140 -183 -881 -55 839 261 1518 -289 715 -377 -343 499 363 -268]
[-677 169 439 679 347 662 -473 -736 628 -781 599 82 993 188 1594 -330 517 -401 443 637 -21 170 1044 -562 -502 298 -667 -44 1043 1039 242 -851 -70 -497 -29 693 -1411 445 569 607 -165 -471 -1215 1423 92 1076 -15 581 -531 261 424 389 -735 -286 295 590 -897 1109 917 503 -632 828 -1161 -226 -320 -347 -205 820 -61 123 277 697 -863 -2 -253 61 -660 -147 -611 164 -422 269 543 100 -642 583 -199 784 426 1390 -575 243 405 -300 185 -743 462 -70 1117 -556 410 202 -295 224 -378 -217 140 -990 -27 51 -237 -491 -180 -277 -148 11 730 745 514 423 -959]
[-443 -115 -921 -735 491 -878 575 -813 305 -985 -880 -577 -235 -675 -406 531 739 -686 119 459 -292 562 274 -1064 601 386 -1283 -434 -713 -740 -791 -555 1200 -51 924 -328 571 150 -373 61 -521 289 -243 98 -324 -345 182 911 15 -1031 -1113 229 -1397 -1004 316 77 -712 1143 -389 -684 1403 -1101 654 732 -164 292 -924 -338 -185 -518 947 69 210 608 -473 -700 696 508 -264 -219 746 951 -25 -63 -15 554 -1134 -13 -460 435 808 1354 -778 -446 -450 630 -163 -655 482 1387 314 -837 224 242 -504 -486 -57 -249 494 1351 175 910 -310 -322 -154 -1150 25 105 989 153 -1601]
[53 -417 -70 370 -734 88 766 1777 -1216 -397 -318 629 2407 -466 -220 735 991 922 -545 6 -156 617 -265 -1193 517 356 1019 -492 -1306 -166 -924 582 -568 -132 1400 -935 827 8 -56 -616 -491 832 318 167 139 -382 -606 223 452 311 -121 1264 1016 -346 345 940 -1241 27 24 194 -8 1365 1795 247 -109 -627 -468 1023 -124 -143 -1072 -682 -451 -694 -227 815 42 693 111 6 -255 -422 396 562 384 353 -195 1030 612 -1383 419 105 -512 -245 -416 -269 222 -477 376 -180 -930 1821 671 -1421 -880 28 -17 698 1220 -69 -509 -554 601 -241 922 779 -1588 288 -1104 -351 695]
[-1045 -554 -833 488 -847 1085 29 -322 -320 75 716 -360 -811 731 209 -231 -452 -992 521 687 251 -288 179 -505 -86 -160 1010 -336 115 149 99 -432 1159 -600 1180 -1660 1017 -452 -299 121 -1478 -508 -347 -821 -185 -110 951 634 383 766 -449 317 279 584 605 -629 -642 -319 -1484 304 23 -830 1196 815 1226 -90 198 29 -736 360 -824 -807 490 -226 -62 1142 542 445 -846 936 -716 461 -133 825 337 -267 345 -169 195 775 -1026 133 76 -20 -167 548 -88 -678 -51 -343 1235 -268 -473 -147 395 134 607 109 210 619 732 373 997 -327 -756 899 684 832 191 -593 975]
[-100 -520 -293 -867 1121 -207 -736 91 543 896 585 -609 84 705 -1123 -117 -744 -1281 -156 246 262 772 -315 581 1161 -407 702 -897 -895 -507 -187 177 -346 -49 -965 629 -1162 -141 211 -80 19 301 1548 -379 1278 51 256 713 -158 398 986 252 -985 -178 -425 -1135 255 -700 -720 -575 -419 21 -733 216 321 4 -434 -897 -732 315 1435 -525 1091 527 17 994 -521 -480 740 -553 -562 -2027 -833 -934 -894 38 -588 -328 -415 -19 -439 -32 -335 -354 28 283 900 -973 325 245 -141 103 -483 46 -424 131 611 296 -408 -156 1548 -652 -439 908 -569 131 -1243 898 761 -504 789]
[140 346 -726 -941 -263 513 -495 511 -15 351 -854 -120 -697 615 -506 -395 989 1101 -258 -564 -91 46 -467 -697 -992 582 1168 744 -186 -667 364 -291 -109 539 -636 31 270 162 -342 -995 -521 257 -912 700 730 1674 -250 241 -820 -192 137 370 963 -523 -34 999 666 320 -499 538 951 221 206 -8 -795 -117 -318 -175 -72 182 573 526 -511 271 736 552 -753 -333 838 -1003 1365 -71 603 124 -214 -505 463 444 -127 258 -705 -505 480 492 -711 612 548 -1017 214 1179 410 824 126 -591 1012 259 88 -1080 -658 -527 28 -45 913 47 1636 654 -337 -695 111 658 -274]
[341 215 504 -794 -55 542 -293 183 457 -525 90 523 -609 -765 -498 -80 -861 -372 85 33 1173 -330 442 513 947 700 1083 -1081 -194 -731 964 -1186 693 -689 675 -2 -843 -383 -296 -10 -815 -196 343 -726 748 84 514 -822 -438 978 1532 -493 -485 9 -247 -210 752 424 -371 968 -898 -806 413 232 797 321 334 -124 69 525 55 -532 855 654 -713 530 332 397 1218 -884 -286 586 444 805 725 -1841 124 820 -457 -441 -875 361 -636 918 -303 662 -1235 818 569 -38 -222 660 -719 810 1022 204 145 -693 -42 59 287 704 1517 1484 -885 1261 -234 -485 -304 -125 925]
[64 -211 1183 259 1105 -40 1190 -315 235 599 1155 -451 -289 192 240 -23 276 -728 172 1166 843 -60 210 233 1243 -557 -932 -504 -227 648 -82 -1151 -756 12 -160 4 -1427 885 1081 281 17 390 -405 597 -469 381 529 160 51 1121 523 317 606 1384 -61 -1022 -895 869 56 -238 -1515 -89 -264 -6 528 1330 401 -810 269 95 859 326 915 616 351 -932 464 -691 -1139 868 -333 -906 -89 -604 -314 801 -379 176 -366 789 -110 952 290 334 879 -13 -525 -414 371 -925 100 156 -122 156 770 -142 356 303 -1164 713 536 316 -51 277 -861 -284 194 -176 -514 330 -763]
[475 -102 -20 -1683 -579 -387 -244 1841 -497 101 -646 517 1181 -689 -782 205 -130 732 402 423 544 1166 -171 -474 666 472 2 586 -383 1047 250 1122 -99 792 704 408 -1236 -55 306 107 -76 318 91 -684 -1351 -1410 704 -271 565 -1265 273 -748 -851 -1083 -438 -145 507 -390 -203 -284 448 -150 238 -936 250 -1275 578 -216 369 549 -881 -43 88 -531 -563 324 516 881 553 -572 21 1024 -1578 -483 137 -638 421 -19 -247 -914 436 263 437 239 853 28 -1309 -79 -410 154 136 -29 563 568 -816 765 1233 922 919 -230 -446 1049 114 -175 -1097 -17 52 -905 -134 889 61]
[-977 -153 -628 54 911 81 -369 -648 103 159 717 -335 -395 982 300 -227 -403 -524 -19 506 -34 585 585 -433 -319 1004 -239 -11 -409 -623 401 -220 816 -989 -490 463 -660 -9 385 686 -229 -316 519 643 -35 57 567 1016 259 -230 519 -452 -182 -733 -99 -45 -724 964 -242 -798 700 403 -250 1558 -485 -119 -22 -155 -249 159 1159 1103 -49 1209 -461 -232 -433 -286 -375 8 -38 -85 117 425 -982 156 88 525 1223 1224 168 127 244 57 -659 347 600 -737 458 288 344 -631 -647 870 187 -173 165 -1237 -1391 39 471 122 317 -53 -1734 -570 931 307 754 -343 -820]
[901 139 -1717 83 -604 -461 64 734 -643 -415 70 890 -197 548 -739 714 344 316 17 -518 537 -71 -330 -108 432 588 269 175 -217 600 417 191 455 -201 -21 -40 -1133 520 -443 6 -539 425 -237 -537 -575 -1015 -135 523 1328 309 71 -909 1572 -440 -220 -454 -156 200 -891 203 1202 -362 478 1188 -177 -1362 700 -225 169 418 928 342 -668 -180 734 67 -336 -157 -149 434 -1014 431 -823 1445 1406 -1120 905 320 2180 198 248 -1404 -369 445 -130 568 339 -419 252 -391 259 -612 -423 593 291 26 -302 -191 268 241 770 661 -59 -900 -329 628 793 353 -12 118 224]
[-48 708 -78 434 -327 -534 666 484 -200 1034 54 767 -330 413 -138 166 -880 458 454 -557 341 -140 -795 1299 -316 -450 712 358 -883 -293 61 -631 -858 -42 -902 950 -290 300 702 232 -313 -1170 73 -385 37 -430 374 -283 625 -384 456 83 482 428 -393 102 723 128 -55 366 -151 -123 309 -237 17 -227 362 -969 -517 -481 -254 249 -13 -194 372 517 -152 336 -317 237 304 -112 580 152 -60 -548 90 850 1038 -303 779 -1019 -748 -110 52 456 -406 -99 -591 -237 -80 -245 -387 941 864 315 327 -323 -672 417 267 -376 -312 714 376 587 311 -552 -162 146 -306]
[162 -70 -665 -802 574 952 417 -712 -271 -821 639 -886 -902 -370 -605 4 68 -1419 -142 -126 601 -231 313 -1065 683 56 651 -1154 -194 -1147 938 -275 457 278 -572 -64 -1392 -304 -255 -185 -316 456 828 249 1449 502 47 542 49 -103 335 401 -1388 -283 -5 853 146 -153 29 329 711 282 326 1294 -73 66 -210 -64 -815 -1148 962 478 1296 -144 -441 177 -350 90 674 -486 -328 28 6 237 -672 -844 -885 -29 1024 630 -230 -918 -376 96 -315 -55 -491 -339 610 1497 310 971 -516 -286 129 -1238 -424 269 -885 -72 635 673 -4 179 -837 758 -897 282 243 456 -128]
[-644 396 -242 -349 -672 -278 -1239 361 717 467 -895 903 647 -453 -657 353 246 447 394 169 121 461 -827 468 -611 721 -761 275 -663 -430 161 1661 108 700 -543 530 -69 -862 -694 -492 -50 -185 -557 -1187 631 507 -240 -79 298 -209 19 -137 940 -911 -305 -1367 -248 -220 -620 -630 -125 220 -791 395 -891 -639 330 -196 -327 -110 -470 224 432 -868 -582 909 356 469 1204 943 1008 66 -1124 166 -195 -635 1367 -348 -363 -803 268 -714 -60 -144 -128 416 -956 -9 413 667 -886 -336 492 307 399 381 -995 -527 1580 36 -228 -317 -528 -1150 1087 839 -116 589 401 422 -553]
]
