5572.810691 2930.206818 1.029093365 64
[[110 430 325 -35 -79 -375 -159 -586 -241 -229 -145 -837 -115 -606 1092 -33 174 -331 571 473 -92 -25 -261 -750 582 -326 -558 -153 144 -624 -181 -137 -853 1207 -398 -185 -10 1151 541 -56 -885 550 834 -683 -260 -1019 -226 4 -402 -229 314 -44 -602 577 234 136 590 372 -209 16 -774 637 619 292 331 -745 315 89 -573 322 786 -612 446 60 -708 -276 524 -437 -191 113 -650 -5 -652 -156 323 109 -488 -540 -958 -239 443 -1574 495 -711 -293 -140 -343 -380 872 381 188 155 -88 -19 -114 -26 -181 -99 -906 644 -465 -487 135 425 335 -178 -257 -290 125 169 1319]
[-978 138 158 -4 -242 -139 175 650 -144 705 -195 -25 155 478 -257 -340 702 1183 -306 -242 -41 327 -870 642 -1068 485 134 -623 -488 181 132 -522 101 102 193 -141 481 252 -269 -1081 -1008 -1714 65 -182 -21 64 633 -1295 395 -381 -513 112 650 -148 -236 -444 577 -332 778 1388 -254 391 664 -479 45 299 235 -1005 643 635 -749 542 -329 127 909 503 417 5 802 -472 242 -176 -191 32 226 525 -421 1057 197 -113 34 1089 -517 -353 790 458 989 -479 -232 -730 -77 -254 595 -571 493 874 -729 254 533 59 -135 -617 -334 -783 72 -415 -351 741 297 1191 -816]
[478 -415 154 -124 -227 -915 -751 -213 -159 7 -116 -570 637 -190 -57 -323 691 -436 -357 89 -737 -423 -600 -104 1658 -34 -332 55 595 -294 -413 135 -812 722 -296 250 202 -871 232 412 998 1488 897 284 133 607 -80 10 -875 -737 -109 -610 178 324 58 -612 -223 -192 -345 -38 271 62 -565 395 -620 570 -73 942 -165 581 496 -721 814 62 -566 438 -1096 -1149 -517 -766 120 562 -94 -137 -700 209 386 264 57 211 3 -1288 334 425 -710 -285 -552 288 886 449 216 678 -331 683 -63 -257 -3 -130 -610 405 818 -103 624 1016 663 1253 1514 -249 -249 -1300 637]
[-278 -499 -106 -135 -147 -165 1030 1796 457 -872 954 386 -347 377 -428 435 -101 208 -121 -399 -189 -790 -369 -452 -1364 -263 -133 -235 -1306 -623 1401 -1106 -295 -622 212 -59 -445 326 168 -365 -647 -1871 593 -549 811 -158 263 -1043 365 -100 -956 833 848 -406 -525 -140 189 -393 1310 172 -166 -39 -334 -430 -256 415 7 -833 512 -353 -1197 -227 -501 25 418 -279 -22 -372 1219 41 382 456 -368 403 -518 490 627 2 1244 -174 -463 403 -20 617 382 522 182 455 9 -321 -370 248 429 -753 603 -260 -830 251 584 -461 12 108 155 -984 -785 -167 -633 642 123 790 -333]
[-1806 523 284 -167 -193 -544 363 524 45 359 581 -448 -256 534 -23 353 -446 -188 -575 714 -567 -806 -745 373 -487 504 375 -182 -597 -1079 349 -1006 -206 406 701 95 -124 927 765 -346 -239 -365 1231 -1143 -416 -466 1436 -1419 380 172 -1212 445 126 240 -434 -1025 345 -147 753 -9 -719 92 -863 272 -567 -1022 703 -351 -229 949 531 -744 900 463 477 -341 342 -1025 190 -254 50 -29 -448 455 251 1007 -272 -129 1045 -381 -808 -516 287 -322 420 471 -416 255 967 -124 -44 432 -450 271 318 -939 -855 -320 86 764 -291 -1149 78 -155 -293 -206 608 -343 751 -163 413]
[241 -320 -82 -252 290 -14 -297 -885 -356 605 -334 -369 -195 -920 -133 -116 1023 1036 993 198 -557 519 137 5 480 -417 -971 174 -101 -708 112 -155 -90 -149 -1128 -191 276 -172 -421 -424 -340 -651 -1525 1363 722 248 -377 263 361 -169 183 335 -320 -828 -505 -25 76 -122 709 527 -459 873 788 162 830 1005 -416 -45 -264 155 -756 -80 -353 462 296 431 -355 201 -39 -265 -267 -983 -204 -479 166 -80 -705 585 -661 -656 985 -159 -811 -423 335 277 -196 -785 -1005 -680 203 -738 1640 -776 -520 522 -276 -282 -91 1165 -391 -473 224 -93 347 -883 -592 806 -183 989 -511]
[1134 -870 234 434 -198 -651 -1319 -237 -126 565 -356 -569 343 139 -483 -637 193 -345 -23 -164 -260 695 686 -1344 802 -570 -982 -679 1759 920 -1397 906 495 -461 -30 -480 -113 -1353 -668 110 870 528 -711 1681 658 1866 -1124 477 16 -287 -104 20 160 -1170 392 -200 -522 -385 -159 652 -39 773 -288 273 -340 675 894 -154 571 53 -429 560 -547 386 683 602 -1112 -201 -969 -1590 549 127 465 132 -863 -239 -47 1126 28 153 442 903 -295 648 -561 497 -477 522 -247 -158 34 -623 950 243 -224 363 978 474 -341 -512 310 -58 -256 748 595 595 374 384 -893 -516 -872]
[308 -248 -269 734 592 -281 -621 473 -661 -702 -508 470 -58 38 -1227 318 186 344 700 -674 -559 459 268 -545 207 -301 -639 -1317 822 1663 -139 1102 63 -46 273 -840 -40 -459 -413 -82 370 345 -383 554 997 631 133 14 249 -199 -637 526 725 -475 1192 -605 -18 666 -636 833 -344 629 -198 -171 672 632 527 -594 820 -339 -207 114 29 -567 261 431 -898 -21 333 -473 100 366 479 -532 -4 -767 484 365 -61 248 738 417 -44 103 -969 -706 108 -84 -940 -538 328 1114 1140 227 -265 115 109 680 258 -580 479 588 -144 573 375 346 498 1030 -617 -836 274]
[302 -382 691 -507 23 -241 368 -936 -98 996 -345 466 503 -803 730 -431 648 524 -1239 161 -1337 -380 -345 755 1639 -212 -168 1584 35 -523 -957 215 -103 -310 -534 716 798 -697 -209 -551 356 200 -708 1647 205 174 -62 827 -81 -431 677 -1083 -653 199 -877 -6 -199 -616 151 -71 604 -512 -568 139 -343 810 -751 1833 -610 212 556 475 888 409 -382 1053 -1041 381 -32 -231 245 167 136 -280 -426 -363 702 361 -629 413 -52 -326 195 429 519 557 -970 -705 -615 198 -34 -472 -709 -301 396 -186 719 -571 143 1708 534 -569 452 867 1005 374 364 451 -77 344 -1075]
[-494 396 641 -213 -1619 -633 -666 160 167 297 -782 -240 573 540 74 -509 75 646 -1483 374 598 51 -949 -285 -119 250 -421 231 -114 -658 -433 -697 -679 968 1131 -177 284 606 802 -1015 -103 -720 -221 -180 -585 550 546 -827 514 618 -594 -729 363 -445 -379 -1306 496 -403 816 -13 -4 -171 175 -686 -965 -58 573 399 484 1334 1028 372 213 869 842 -232 336 -659 -457 -318 462 -418 147 395 765 858 -34 1188 366 623 -1012 -47 277 -296 591 445 -434 -275 1456 431 249 -710 -545 583 953 -99 -885 60 -97 355 38 -1414 -736 137 273 282 -7 35 48 1094 223]
[289 218 681 -387 -1168 -978 -5 255 471 17 -594 -1436 335 837 209 -420 137 -361 -454 387 306 -857 -798 -234 -572 226 -1678 -761 539 -742 -376 -1107 88 640 207 30 -623 876 -61 791 -827 -813 465 -486 438 409 -701 -1015 14 265 -143 359 579 -874 -1182 -162 538 -869 981 280 -143 558 1257 -579 -988 -450 650 217 1179 1022 -254 -880 -658 -79 246 -107 326 -735 -349 -1295 361 220 -613 666 51 511 117 1145 351 -737 108 -418 270 -274 -201 246 2 1397 967 -101 -595 -598 4 -277 1003 476 -749 527 -572 531 -375 -184 -162 -663 15 622 -537 -142 -867 678 20]
[880 85 -455 -42 -785 -301 -1230 -633 707 -95 -514 -353 315 -1049 -172 -83 930 435 791 -538 314 1316 -21 -480 974 -612 -241 356 -208 -695 1209 427 -876 -250 -170 134 17 -1554 1369 854 175 1153 416 -129 -470 550 -393 486 -1264 51 282 -823 -85 29 560 482 -698 696 -301 -292 700 -947 639 -141 -139 1369 -1201 778 359 -151 -43 -145 -63 338 -1021 583 -501 -389 -78 823 -814 -875 778 -233 -445 -116 336 -131 -173 78 96 -296 -317 744 -128 -1018 320 234 659 139 807 111 -53 -201 -257 264 -412 -954 -315 -739 1310 -164 434 216 -74 1488 544 -101 -205 49 714]
[415 -218 -284 675 378 708 357 995 -222 -891 -314 858 -501 1044 -1294 605 -864 -336 -406 -81 187 -909 -184 -31 -582 343 131 333 -786 828 566 9 195 -462 119 -751 166 380 -227 39 482 429 -1968 427 961 31 -179 283 -259 1538 598 1192 367 56 -179 -643 -212 580 -1612 -1023 586 -125 -499 42 430 245 -421 890 51 -1191 471 104 282 -500 -293 -663 146 209 279 514 669 -274 131 247 382 -694 302 -339 537 312 159 376 497 492 -479 -610 -73 -165 -636 365 -243 1001 175 887 -62 -105 503 -20 1276 354 -990 2081 -927 -183 -405 -71 -872 184 -215 90 563]
[91 -522 367 622 -366 832 63 1236 333 -1632 344 -49 -869 660 199 84 -180 161 379 245 766 35 -315 -2497 -1409 -816 -126 -436 -477 621 731 -331 -512 -592 1046 -634 -436 1163 324 -853 -767 -622 -326 -1110 91 -653 387 -509 85 17 -158 1048 948 79 828 -557 511 926 -411 251 -372 568 174 676 688 -123 -113 -516 439 -239 -55 390 -475 497 792 -1070 698 -203 465 585 450 32 299 527 3 -260 277 -197 709 -162 30 -988 -531 -418 -473 -291 -412 -258 1074 111 936 889 1546 1016 183 176 -13 609 119 -1125 -974 573 -806 -6 19 112 -1211 756 -30 757 927]
[260 -444 -876 864 -363 -1062 -642 1436 98 -323 742 -206 481 323 -332 483 -355 -982 -968 -301 528 575 -242 117 -291 225 257 166 22 429 201 138 -125 492 484 -545 343 -928 300 -371 1286 -218 89 1025 189 1101 -1248 433 -112 206 -580 207 209 -226 510 -1261 -721 -490 -454 -412 332 -603 -937 -174 -1168 316 -13 -571 -357 -182 -32 59 -156 -129 -194 148 -713 -536 -607 -570 815 738 150 512 -958 1178 -507 829 1632 450 322 1719 15 887 -285 708 -419 -168 845 -287 -827 734 170 336 -73 335 548 199 801 -901 263 101 -331 187 -893 -89 -458 133 270 -766 181]
[-179 -1595 638 293 -296 361 -549 -37 161 -898 1255 -920 -154 -538 885 647 -463 -1059 -480 425 1018 -153 -1 -1108 80 -632 577 241 608 -344 -499 -49 199 699 751 330 -383 649 1382 -696 122 374 1326 -666 -321 -231 -366 648 638 353 -1157 -142 54 366 -7 -604 -160 83 -327 53 -761 379 372 496 552 -632 200 -477 -747 586 956 32 53 230 -391 -522 1204 -220 -341 58 -93 357 -266 69 -642 1253 -461 132 1000 257 -619 -655 87 -208 81 461 -742 -641 1567 270 629 621 -267 1080 107 -162 -192 319 -311 -754 -624 -695 114 540 -61 -46 33 -901 357 -303 1059]
[107 -1068 -444 370 611 636 832 93 531 59 274 -213 -785 283 30 588 -853 -282 -325 429 229 -1246 390 -476 -176 -413 501 450 -768 -1698 719 -140 399 -508 -507 -357 -115 -507 696 66 419 497 -1353 -106 295 105 28 259 527 1279 -161 628 -418 827 -966 84 -678 -366 -1 -1395 12 794 -265 -309 130 264 -236 59 95 -585 406 301 276 41 -391 -1161 433 -613 485 -166 -151 -614 -415 5 -95 281 -695 -589 941 100 -1187 661 -121 1045 1031 1129 -335 138 147 520 288 -279 46 244 -650 -618 -247 -538 282 413 -646 154 -203 -305 44 -471 208 -1358 -425 47 538]
[1433 -121 -772 150 838 75 906 -379 140 -837 129 698 662 -606 1205 -213 562 135 1369 723 -76 -878 -282 -250 251 -195 -511 475 -450 -241 -102 334 -1248 142 -1514 -201 -771 -152 -392 506 943 491 -71 -62 -221 -893 -8 545 -452 -759 1248 -832 -278 1150 105 658 -60 -60 -680 -575 478 -487 -42 311 -227 147 -743 248 -1029 -7 -225 -649 331 -566 -495 -372 -522 -374 -515 406 -792 1043 -218 -493 -155 -929 388 -329 -1063 143 1438 -1798 -861 -584 -206 -620 -980 -654 627 402 209 499 459 344 -1106 525 674 335 -584 53 998 460 924 565 639 -684 134 -261 -383 -790 506]
[8 1061 11 -304 -377 -475 466 -645 516 245 -860 -638 -555 487 698 -162 -1109 -302 -398 346 -238 208 594 -1994 870 -1160 -550 144 99 111 -392 -113 -345 -285 254 15 13 40 781 -208 -1293 872 -433 -504 -395 -742 46 -328 -817 -284 242 845 -617 69 389 987 -45 555 -47 -1105 -375 -57 -639 -193 63 -378 478 569 -199 -1642 805 689 -3 56 -46 -563 378 -342 371 -171 -174 -422 -61 289 -107 -625 159 -1428 -1026 280 -483 -687 716 856 -325 563 -176 624 393 605 127 -809 677 -196 941 -817 947 -464 -541 408 -875 -949 -979 245 292 276 -965 -565 -33 974 796]
[291 1301 -37 587 427 -812 -314 862 -96 -612 -204 -777 43 502 -883 124 407 156 -94 -1369 -647 -794 -1102 73 187 195 -789 -1381 -474 -33 1730 -198 -1606 639 -630 -409 1077 62 367 419 -669 1026 1377 -858 1297 -320 64 -649 -1735 -114 875 141 374 1181 154 310 537 1068 165 83 147 598 121 -304 -375 135 -49 486 1132 -53 421 -1301 1112 -93 -627 312 -556 -955 1850 227 -360 -86 -783 -231 636 -506 -112 -517 -622 -77 -407 -924 1098 348 -936 -693 587 795 163 279 95 870 -955 -651 -162 285 -1307 -692 -44 795 128 915 -391 -255 733 1372 1156 455 -588 -199 1059]
[-257 79 -556 -460 135 -1264 -408 426 -2 54 740 -1244 56 262 921 -684 774 -264 765 398 -167 892 966 -1287 -312 -1311 -498 -270 -159 -985 686 -422 -1549 -375 -720 259 -178 -1241 395 57 -302 -1244 506 256 -558 -561 331 -1008 -1038 -1622 -176 478 -137 97 30 800 -14 -111 1237 593 -1110 661 -158 157 -1109 349 278 -1432 -79 -394 -1058 -318 -1111 238 621 -388 -571 -1560 358 -763 11 285 -682 593 -834 1088 -786 -451 225 -1018 -25 -287 -1435 186 -355 1407 317 179 1123 -854 554 -106 1333 -362 163 -177 -35 147 -672 -493 10 -1180 583 -532 263 -121 -218 -191 136 110 -666]
[166 306 -622 -595 -381 -884 345 337 -308 -1087 -768 904 545 -1265 -570 761 -238 313 1103 -204 -591 496 34 -822 96 -570 -1111 423 -210 95 980 634 -428 596 5 -207 -823 1049 574 -690 -824 -92 -845 9 431 -630 -940 360 962 88 -231 212 131 -1195 587 -415 461 72 820 -750 -724 -996 24 -230 461 131 -408 -65 -604 -1594 -266 -213 -347 -332 -662 -354 349 1264 -549 100 9 148 334 31 666 165 509 92 -299 661 1185 -1049 525 -433 -207 -791 -758 -328 -393 -471 -392 190 1120 -1209 30 -539 264 221 276 196 -87 -151 277 632 -1076 -442 -1687 1126 548 477 1130]
[623 -652 -532 93 -130 -304 580 19 -12 -271 -896 64 -190 -94 429 732 -50 216 -190 447 300 -766 -1186 317 850 545 330 708 -395 94 -55 -150 -29 320 -682 23 -209 -70 -411 456 1471 597 -244 704 598 54 483 348 -162 -295 -156 -487 161 80 109 -1174 -371 -362 -1005 -246 1176 336 -220 -375 167 465 -880 886 -431 187 482 550 560 -1149 -108 204 -542 -1130 -201 -339 252 759 763 -416 -630 -1062 1568 313 1075 -428 1113 -389 274 -51 -738 -208 -486 79 529 79 -262 1017 993 641 192 563 514 335 -198 538 487 -30 197 293 39 3 208 94 202 -928 972]
[-588 1035 -551 -488 227 28 -99 -842 77 1195 -1401 -142 53 -133 -417 -164 610 774 609 -810 928 1108 -14 879 -248 1042 303 -511 257 320 838 1247 939 -325 -627 691 463 -645 -1138 384 -352 -272 282 -1015 -178 -25 650 -376 -607 -1044 822 -598 442 -209 -122 1487 712 73 781 267 1024 581 962 -129 -150 107 -396 -756 1446 -406 -508 808 -613 -325 713 695 451 839 699 52 5 -549 278 244 997 -625 -653 148 -1225 -1000 124 1031 -242 -699 361 -220 1550 1418 -447 -430 569 -2010 858 -1526 -337 1091 -338 -350 298 -326 191 494 -68 -480 -188 760 201 78 -518 -54 -1318]
[271 668 600 -212 637 413 -557 -180 -611 -538 210 201 -279 -166 -207 726 -307 -854 -292 -420 -7 -176 1292 806 455 -66 548 1148 7 26 -525 -235 -457 291 -499 -772 735 363 -586 67 764 265 -1465 2134 565 -204 197 1711 476 497 -34 11 -1450 -602 229 -326 -710 419 -119 -653 -388 631 -1034 -270 960 -422 -125 701 -215 -266 385 371 286 -271 197 -122 33 582 -40 969 46 -692 182 -170 945 568 43 -730 196 -258 -602 343 1132 -327 -563 17 -585 -1154 -681 355 -922 -192 -947 31 68 -30 -261 -216 359 1394 -1064 770 -363 92 -232 -1114 -409 245 495 165 -103]
[50 370 464 -612 -520 200 -313 -529 195 440 -319 100 134 51 56 -535 280 1554 -501 391 645 359 -383 935 -449 380 -311 195 -448 691 -11 -1394 -599 -1302 -574 1512 -72 -190 -195 -601 -212 -1170 -1022 1306 -194 -550 300 521 32 -243 1420 -1124 513 -996 -1280 443 -36 254 202 370 625 -764 245 -116 -410 571 -548 22 -462 -108 -247 158 -1098 390 1036 -135 84 184 440 148 206 -175 113 -173 154 -683 495 935 -496 -289 256 -340 -363 -324 87 49 311 -130 -512 -675 515 -916 517 499 548 189 879 179 -107 542 -411 -818 -612 -1331 1055 -571 -681 71 444 1406 -1629]
[908 179 -481 621 52 489 -831 -623 116 438 -203 350 406 817 -780 -937 -105 70 122 -128 959 333 1015 -505 -1244 129 -997 -350 28 938 133 108 190 -990 -229 142 -580 -369 26 543 -268 644 -2333 237 156 28 -822 -371 -513 2080 1562 -474 648 -1058 -980 846 -125 631 -129 -300 129 -269 314 7 -529 -57 500 -270 440 -434 -348 -62 -1463 329 569 -728 192 176 -461 -512 45 -876 -112 717 1067 344 -553 932 -555 501 -106 1341 -473 529 592 -103 187 84 293 -89 99 -1405 -226 248 -468 265 672 174 118 -478 -294 580 -1495 -1197 223 -312 -661 -868 27 896 -1000]
[-70 253 393 -128 420 134 580 425 540 -588 -379 906 -1064 -423 45 666 247 801 1365 -715 -1363 224 741 -216 -444 11 751 -479 -721 -7 324 -570 382 -1729 -666 -307 -570 -70 -780 654 -332 -776 1164 382 521 -214 813 523 718 -536 -193 436 -801 -1045 1130 501 79 418 -301 1208 -52 -105 -662 249 1018 213 -205 -57 200 -424 -1583 -270 -769 700 159 257 -861 848 179 1034 -247 37 804 -658 -709 -1597 1390 -1012 256 -531 227 226 373 341 -318 -698 608 845 -2088 -229 -244 -222 358 -759 -158 -447 425 -756 -292 -87 694 928 577 -796 114 144 -346 1260 -115 62 -550]
[-504 -699 -722 562 146 -17 896 3 -47 1176 -225 974 323 805 -102 -402 171 873 -1604 -264 -803 -1474 -1180 1100 327 1113 1634 116 -1330 -310 107 -522 19 -165 -52 134 444 -412 -123 -12 20 635 44 -632 308 221 1012 -1997 -219 924 -631 -642 176 1108 -690 -392 347 -761 -284 581 976 -206 -143 -448 -710 12 1015 221 374 266 332 774 629 -155 -360 315 544 -996 1051 -1190 861 82 -147 -370 -606 -455 837 334 1088 1160 -495 1396 525 814 819 632 979 94 -330 380 -320 470 -1101 -57 1015 461 8 57 -349 475 1279 -493 -661 -670 787 -34 1354 -717 999 42 -292]
[1479 -1342 -57 -512 -1006 -605 -7 577 204 -467 -69 -970 302 238 568 -511 478 -46 -955 479 538 -104 -1001 -859 180 -692 -281 1218 88 -818 -534 -1163 -395 419 -1030 99 661 -410 461 -853 564 221 -6 701 651 560 -1289 503 45 125 311 -229 40 -505 -573 -756 -371 -527 -403 203 150 -484 254 -325 498 1050 -1691 850 -765 403 61 286 -165 440 -149 95 -26 394 -813 -270 454 -398 -14 265 -791 221 163 931 1064 435 252 -386 -427 247 191 521 274 -326 501 -43 -307 353 162 265 494 301 202 111 55 116 -272 -220 277 73 -186 372 -476 1075 -336 377 426]
[203 -338 -237 50 41 -610 -163 -530 -599 -732 -80 204 -647 10 688 99 658 -2 719 919 860 322 -231 511 -122 404 171 782 -1409 -1240 -154 -608 -1303 273 -1191 -253 233 391 -283 317 6 -620 -254 511 88 -303 436 556 -89 888 738 488 -1206 72 -714 -6 471 108 -854 -54 -14 119 1065 84 43 105 -354 42 -610 480 231 -647 312 251 -25 -319 333 275 143 995 166 -695 -543 -65 177 -613 -601 -97 -904 -582 753 -235 506 -193 508 -480 553 -720 -656 56 886 -222 -84 262 -336 230 -259 -513 12 1249 50 1372 204 -1130 361 -796 -552 -215 -188 636 -312]
[-671 877 197 -392 -485 457 173 394 564 -277 -271 1328 65 1208 -414 121 -733 -54 -908 -605 18 -692 686 644 -817 539 838 1399 -836 -57 -647 -922 -243 34 209 -694 258 701 -656 -268 352 -759 -1048 731 268 148 61 -1004 -325 1077 -639 -7 -524 -373 -371 -173 138 -531 26 -211 681 -641 -1178 -577 -589 -693 672 1082 -334 -183 -78 423 -136 133 449 40 -93 -506 -503 912 143 -956 -78 306 374 435 940 -428 599 1405 -1745 500 494 519 87 345 77 -388 -91 1694 -1532 -739 -1469 -76 1069 -28 -178 -840 856 379 -77 231 -890 -169 -651 -519 -1047 51 584 1322 -128]
[642 -1730 697 -812 -950 -162 -1366 -321 -476 508 275 4 163 -1557 402 -236 -203 41 53 915 538 -418 -156 -132 1066 -378 -472 520 -407 -2063 1195 -249 -393 636 -698 583 -664 -369 1199 -71 1057 -237 578 -21 -85 230 21 -151 -185 167 -60 -1055 636 -1129 -1322 -398 -473 -328 52 -322 -327 44 -161 293 185 1197 -110 220 -1093 556 1187 -269 141 883 -743 -110 -135 -1431 -881 91 -805 116 -310 81 -288 178 245 -269 9 -762 -152 -277 -104 -94 578 330 -378 -142 1463 461 983 -786 8 491 -221 -1173 -586 -504 -583 277 -281 -805 1408 73 -198 557 588 -771 200 -166 163]
[520 -574 -220 125 -582 197 -356 415 494 885 -829 -1056 102 -237 747 -407 -116 719 346 -923 77 457 -657 -2033 -687 -43 489 -1099 -727 -578 1671 -357 -181 -30 -654 -352 205 11 521 -335 -1147 407 1086 -1385 -160 39 -792 -696 -676 -609 449 -505 284 465 772 -167 726 -299 -266 565 -35 623 1345 130 -4 764 118 -521 -132 -402 -751 444 -1081 648 -722 -431 403 -1316 715 -680 -325 -49 -23 203 -430 -170 -499 -238 -324 -164 105 443 -426 599 662 335 974 -54 1190 507 556 -1342 1089 -485 -305 976 51 -42 -1187 -450 -791 -250 -515 -812 466 940 -1029 -638 89 917 1552]
[358 -81 236 -380 -775 -1060 -760 -650 376 540 -959 -1471 -32 -339 382 299 686 23 -433 194 676 962 -1812 984 387 540 -112 104 283 -391 536 0 286 1321 -1268 814 218 -243 56 21 -1111 1511 -168 -270 -160 234 -2228 60 -755 -501 1159 -17 193 65 -417 183 -510 -629 -331 692 515 303 1159 -820 427 495 -1687 454 -378 -622 54 -157 95 -769 -1195 529 460 110 -312 -1327 -174 -111 -330 -321 -755 671 56 584 98 309 522 337 465 392 537 3 1493 307 252 110 -830 421 -258 -737 242 829 -111 -784 -130 59 -281 -18 -174 -798 -368 816 6 -367 544 300 1179]
[-342 413 -1133 21 -290 373 558 311 -491 -386 -282 405 501 1299 -540 -921 -173 -42 -558 -82 816 -343 -1007 838 304 903 436 -247 -165 988 -365 -554 673 1063 1476 145 268 924 -581 118 533 819 -326 -1020 -11 -72 505 -274 890 903 -502 647 311 10 485 -489 431 461 325 -792 45 -797 474 -374 89 -1066 -354 163 131 1016 521 -191 75 -561 395 -470 624 1394 -391 137 1168 -301 276 -423 1151 -475 -214 141 268 365 113 104 731 -163 -587 -1123 392 349 -360 -328 -330 720 -578 1051 477 55 -286 532 -84 -618 -364 117 -491 -118 -496 -605 955 107 943 -1064 267]
[-429 -530 905 1280 806 1541 -15 -266 502 -243 978 -448 -582 -1233 2175 636 980 611 -76 -154 -1078 142 -630 -324 -906 -620 -63 -793 -87 594 370 251 353 98 563 -284 705 749 -277 -902 -1162 -678 -549 -507 446 -1166 -908 696 595 -473 -332 581 -200 912 104 573 360 806 -312 1247 -125 1265 439 859 1448 -486 -449 -911 338 510 210 544 32 293 -902 742 379 405 1439 240 -695 292 -936 -1109 -808 -380 -282 -181 -493 -200 938 417 -437 -511 195 580 -641 -1282 -259 -201 -84 517 736 -270 273 1548 120 57 -287 102 -907 -645 -318 -167 1496 -1111 -1277 968 153 1067 -270]
[532 321 327 254 256 1 531 1443 -485 -303 17 145 58 437 -232 -385 1523 -207 -355 -476 -45 879 -744 2007 -201 1085 764 -447 -750 -523 852 -751 -1107 447 -877 -1006 1152 -631 -1000 -81 -775 -1006 -48 560 -211 -197 -947 27 -375 -1369 591 470 -6 506 127 62 -465 -428 -575 813 374 416 644 -777 -386 1042 -908 -621 1413 -128 -1130 -674 -638 -564 -919 84 82 477 486 -249 1139 375 -677 -577 -431 933 -878 312 193 -721 391 1879 217 264 245 168 1937 110 -97 -224 -872 910 -123 84 118 511 -352 124 559 -126 -185 1977 273 -1074 -493 151 81 151 162 90 -786]
[-404 549 409 470 677 145 -683 -971 -666 681 -151 -879 -905 353 -1082 359 525 37 504 457 -236 797 0 -1068 -152 469 -211 -780 472 605 -353 -269 646 21 -807 -257 147 1225 308 -500 -1256 619 -646 -453 -205 -989 581 -1038 202 301 583 884 337 -1197 397 -24 110 1634 254 1239 -744 1554 -264 1096 1473 -887 1033 -832 324 -43 590 -75 -907 1405 967 -473 710 349 -512 -370 -144 -1343 -445 267 904 545 -1506 331 -493 -1019 387 -519 -501 -1494 109 297 72 -364 -196 -485 330 -223 1193 294 -533 -289 243 83 -283 481 -1067 -482 -1132 -84 -201 -1143 -310 293 119 576 241]
[712 -125 165 239 1197 206 -49 266 356 181 -81 -209 -320 -573 -93 347 201 522 1324 -397 -1201 -500 494 -1150 283 -253 -8 -1258 193 -999 1423 871 -420 -958 -1063 -841 -764 -1278 -173 641 817 1200 508 -65 273 655 258 -490 -106 -522 -224 -40 389 -97 1209 -127 -424 -68 195 826 -513 1250 -783 502 -132 676 194 -379 642 46 -1397 -591 -163 370 902 -498 -461 -247 -426 -1114 282 247 630 -332 34 -72 59 -345 1410 -491 354 266 -1347 -176 -248 164 -646 998 495 -47 105 413 714 -184 -1199 126 -171 -48 -671 -16 260 271 248 171 93 710 1815 103 -380 -831 101]
[-547 -285 299 -876 -774 1127 208 1079 -143 1746 -449 -261 652 -272 121 -692 61 902 -600 -415 -441 922 -1559 711 -419 885 1652 530 92 -483 139 115 -166 838 83 510 1004 -247 -231 -1352 694 -263 913 16 -720 777 -1252 104 149 -725 -257 -1138 -189 1740 -119 -1037 276 -929 -489 986 708 -57 558 -233 -1062 -22 -1161 -171 -388 1187 -353 838 326 255 -161 321 -4 387 -103 -481 436 -55 139 -448 -364 706 -547 937 824 608 -618 426 -546 222 1320 516 585 -185 447 218 -912 481 -1124 15 -224 893 157 37 258 -121 -78 -1130 645 347 -274 -56 1204 153 728 242 198]
[-899 1333 211 653 -509 258 -889 -204 -131 -127 -1025 -864 4 335 307 546 -1009 349 1287 -22 427 803 1157 -661 -440 -938 -266 -307 874 489 -329 273 -33 158 683 -580 -487 1132 368 -375 104 -83 -380 230 -8 -399 555 -13 -180 1342 -399 422 -1131 -168 581 348 -77 1182 -385 80 -1081 610 -172 -332 541 -1425 253 8 -540 168 1153 549 103 124 99 -144 714 -669 -1116 691 -971 -742 488 -164 885 -563 -22 -826 169 -143 -814 -196 -114 -804 -1058 -201 -336 310 406 -197 41 130 1028 466 -117 -154 131 -1169 -307 75 -1430 -1227 -115 372 132 -683 -992 186 844 515 816]
[0 -989 1427 -129 26 180 -260 444 454 19 1119 -201 103 -49 549 -754 -447 -1418 502 236 285 -1402 363 -326 9 -207 178 -651 1195 -1035 -129 181 601 54 34 -163 -1311 558 488 732 -350 390 1243 -1576 -816 -1048 32 -468 303 -233 -385 -527 532 55 -255 1268 -372 9 744 -62 -1155 527 -428 1196 -191 -1085 1297 -1023 856 543 388 -113 -357 -170 -129 -412 949 -583 -469 -227 -310 196 -858 483 197 1181 -512 -905 409 -533 -892 -292 342 -324 72 274 -267 925 1439 443 415 -206 -858 941 -320 -845 247 364 -302 -1375 -507 680 488 431 -928 900 972 -1389 375 -781 -15]
[395 1067 -213 -190 248 -1126 397 1081 718 -232 -485 362 346 -5 366 -356 -427 -38 253 19 -1136 -1145 27 -470 -935 -317 -266 -656 -397 -297 634 266 -838 -302 -491 -885 -580 -208 1241 -135 567 629 1220 -604 266 -376 90 -317 620 -117 392 -695 -618 215 351 690 -236 263 800 176 -229 -670 -2041 -473 -31 -1159 303 -226 274 -368 113 -298 494 1293 176 -212 -324 827 -105 24 -1086 901 373 -132 234 -679 1004 -642 544 221 -474 -64 894 114 78 569 -288 749 397 -73 -1012 -334 -1824 -1099 -285 -500 -243 -1084 -98 212 579 -702 644 -33 1093 -241 1124 526 86 -497 -210]
[133 -624 -586 -217 284 595 1231 584 673 398 -29 -378 293 1406 -265 -548 154 273 926 357 -488 -1291 -449 126 -784 297 -312 -141 -113 -601 -551 -854 297 -1038 -505 -601 -182 -393 -235 19 297 84 -1400 -348 302 479 -581 -1367 651 197 267 1340 125 -458 -853 608 -760 -310 493 -352 525 -444 144 993 -345 -379 -298 -319 876 168 -946 -331 -222 765 670 362 833 1430 -534 -608 388 -709 -153 538 -271 -415 -796 948 881 -325 -191 27 -1479 -67 442 -622 -241 952 -236 352 -215 -432 1093 357 -354 1124 340 -240 184 1084 -970 808 311 -293 465 -935 -43 471 -806 550 -1293]
[-564 -623 135 -430 -101 177 189 -482 501 -981 265 -465 -230 1168 421 99 -319 -636 585 599 -176 -368 763 -807 -737 -325 121 -978 343 -378 -1014 -335 300 205 173 -400 -865 -761 745 1243 220 -283 1503 -522 -638 587 543 -991 -272 462 -1773 940 -283 89 -282 173 -114 -204 106 690 -638 414 924 -874 20 -839 893 -348 414 611 -663 -172 -1147 -490 463 -658 556 -840 -704 -411 -927 -73 -234 -56 -820 429 253 227 540 -316 -404 -911 -610 451 -740 418 451 1234 724 263 128 813 -171 404 1007 -381 -502 51 -601 -586 611 -778 945 -444 256 17 109 -1267 -726 -606 444]
[166 1145 -213 1025 -350 -941 -1414 162 -336 -155 -555 -949 633 915 -100 -588 -377 -75 697 -297 1294 592 -375 -793 761 147 574 -932 224 1390 445 181 -696 462 1012 -705 -19 782 -496 141 -575 1394 536 51 -598 91 578 275 -309 -98 1120 196 -758 -9 1742 231 -199 980 -581 31 -536 -271 331 458 196 -427 397 -70 84 64 514 626 356 435 121 -413 1406 -175 -561 435 142 -680 763 304 265 -727 -776 -524 -204 69 890 -408 847 -467 -904 -1184 605 -77 156 -532 250 541 419 145 -409 1141 515 -649 -935 -753 -711 -99 -709 328 364 222 -23 5 1248 8 926]
[-15 826 -838 -224 296 919 223 -359 -487 892 331 -607 125 624 -36 173 -1053 68 -959 -474 943 1008 189 914 609 286 520 714 -527 297 279 -832 308 -773 -246 785 893 -273 -853 -715 566 145 -1344 1359 -653 63 -490 788 -802 -277 1185 280 -74 -173 521 -549 -972 156 -312 -1197 925 -784 -347 -71 -295 434 -1538 845 -1407 -776 80 257 -474 -161 535 -721 -671 470 -806 552 594 -479 516 129 530 -881 -1089 -287 229 -210 -191 936 -1222 227 -367 96 -439 -124 -205 50 -490 -188 736 777 -892 -134 834 -628 296 1193 -1829 -114 -1023 -502 -681 -1132 -717 -735 682 165 -643]
[376 801 535 59 550 673 -368 -729 267 -766 130 1004 -412 -815 -949 -109 17 523 1345 -674 -88 83 547 -1321 489 -784 -703 -64 186 324 458 347 -474 -335 -108 -640 -269 200 -415 -327 -347 -383 -584 833 772 -526 221 201 9 -407 282 400 -486 -797 924 928 204 1139 614 417 -480 695 276 393 804 -245 689 121 -109 -512 -760 62 -323 -113 631 700 853 -117 677 881 -558 -638 612 -806 502 -475 540 -969 -1008 199 704 -1033 -258 -821 -863 -476 -449 75 -834 213 51 -124 725 -940 183 702 -184 -213 -509 -867 518 -547 -485 439 252 -229 171 1351 124 741 261]
[492 -684 -385 176 -1219 498 451 468 402 1119 -406 337 948 -273 -576 426 135 398 -247 120 -71 -695 -795 886 -92 325 152 851 -346 -1293 464 -345 652 -640 253 59 -320 -209 1091 579 982 47 -214 -605 -318 638 671 51 291 1416 -427 -1190 642 505 -1238 -147 -748 -291 319 -1057 1221 -1532 145 -418 -798 607 -862 546 1162 1266 691 271 348 495 -753 376 -682 -202 551 134 -195 -680 341 7 -304 -385 908 662 1308 -499 -857 1245 121 813 1338 -176 -535 37 510 -253 324 -270 -618 706 -89 144 -335 175 943 -266 657 -226 591 243 -643 689 577 -491 -246 -28 -385]
[468 -730 906 -721 -575 747 -161 369 -426 139 984 -295 -466 -290 -194 753 -1264 -1000 -81 89 -141 -733 -387 -839 -8 -487 465 1035 -607 -1986 537 -847 503 -250 -659 454 -78 226 1272 100 621 277 682 -148 -71 -379 -494 885 -349 1499 412 645 -820 -615 -285 704 -786 699 11 -954 84 -346 -381 747 861 -810 -507 1135 -636 -501 920 468 388 478 -347 21 1221 1013 -234 1392 39 -812 60 477 -166 -505 77 -1400 781 -466 -923 -30 842 691 224 -76 -543 920 -25 798 134 -555 -1346 -37 3 -855 233 -1134 200 482 -1276 575 608 -440 -1100 214 -266 -272 37 380 -260]
[-993 1362 81 324 695 -446 -735 -502 -1168 776 -134 -915 -9 521 -1053 626 190 -258 310 -203 50 637 -492 398 455 1217 -187 -1553 999 893 -72 326 -35 921 -604 -363 452 589 -439 -440 -838 921 557 -331 -359 -96 342 -1404 -1491 -1492 662 34 801 195 833 -375 363 359 207 1204 -52 872 552 245 548 -690 741 -567 -131 -288 -198 -512 437 -897 536 9 -48 -546 -14 -977 -315 -351 -453 -399 511 208 -1248 428 -870 -106 168 -129 -76 -600 -391 189 821 -438 344 89 -79 -16 16 -448 -1153 387 -473 71 357 290 -417 -11 -1035 188 -40 -433 951 -909 142 -760 352]
[199 -372 -396 -849 334 -637 -313 -626 -740 -308 -939 285 1389 327 76 -507 -56 -25 -78 98 85 -248 -316 1044 348 576 -24 -92 -92 351 -395 158 -1000 1294 -424 -161 -237 -679 467 163 -104 951 -8 -485 -330 -315 -500 -46 15 -89 276 -655 -401 361 -184 279 89 56 -1805 385 -145 -1480 1668 -599 339 0 -218 198 -130 -801 482 49 -329 -973 -1112 -569 1367 511 86 -139 -192 -35 -564 -237 321 373 -584 -190 -1301 1186 457 -338 13 107 398 -1501 1586 -792 -70 158 -260 547 -1021 129 728 419 434 110 -290 721 346 952 436 -559 410 -63 398 -1258 -245 -165 467]
[986 93 -44 -280 132 -1105 -515 -499 -68 -557 -1198 1391 778 388 -940 -305 -995 -32 -37 -166 706 -319 608 -641 -51 -91 -696 -569 1071 2084 -1210 606 240 -77 -410 -248 -783 38 -47 -268 867 945 -805 1372 100 570 -297 1136 882 608 1456 -1108 31 -1035 -141 359 -263 -184 465 -113 553 -828 -249 -1217 30 -477 438 618 -677 -1564 -198 578 -585 -32 531 -656 -250 1152 -312 -938 -454 843 614 -276 504 -1304 1365 455 -1763 1439 -30 -292 1426 559 101 294 411 -173 -1058 224 -256 -1397 -1407 -403 -201 10 1014 360 -332 -450 314 33 -579 -220 1258 -321 -93 -481 -599 -167 -244]
[300 1246 -418 495 268 354 971 -51 -536 109 -129 54 -411 242 1076 -368 -157 576 -366 170 476 429 -678 573 -114 -147 173 -524 -49 658 -179 567 -76 580 190 242 1948 -28 -310 186 -229 200 76 125 -261 -444 -444 1483 -737 -343 1613 -490 -483 1142 622 593 775 638 -849 -778 418 -274 632 -45 -147 -268 -614 159 480 361 957 398 525 -818 49 112 484 936 827 845 161 -107 -269 -493 421 -1506 -497 -256 -763 -114 1273 598 339 -222 -940 443 629 27 -818 -548 11 399 -189 68 285 801 651 334 -55 -489 -193 -7 -375 -92 668 507 -730 1065 -732 -13 -461]
[-596 896 -95 -122 -498 326 -55 -211 245 -328 -541 796 -94 -187 -105 274 -716 772 -81 -944 1183 804 337 1057 -643 1183 104 559 -441 1199 840 182 519 -32 579 846 173 907 -703 263 -30 -749 -548 338 -439 -504 42 487 -47 446 1453 -962 664 -365 119 -45 389 -73 1076 -756 1004 -957 464 -374 -711 -191 -810 194 -256 -37 -148 1158 -669 -488 1009 -94 -697 629 -325 1195 -317 -616 569 677 1588 -216 296 891 -157 1 18 -763 47 -661 182 -502 -667 -87 -462 -31 486 -539 -383 -913 -643 265 112 493 468 -265 212 43 -439 296 -1162 -155 -1362 494 415 703 298]
[204 -156 501 1002 -35 -40 -54 -176 1300 -446 980 -937 -1424 304 1530 293 -877 -1311 -103 790 1145 966 985 -1469 -664 -99 1240 354 200 -43 -200 -183 1084 -1058 185 145 -536 43 547 611 -637 800 1524 -452 -662 -517 -163 575 13 -153 1198 152 -789 -365 475 1121 -844 365 -868 -398 84 -91 -1065 829 -17 -1710 205 -357 -874 -647 674 583 -358 681 -554 -159 277 -153 -803 242 -637 527 384 989 -822 378 -163 -739 367 -223 -808 749 -4 163 411 992 -265 478 478 627 483 -174 -600 92 -566 -827 1530 -573 -585 -1593 232 250 -306 -86 -100 400 -346 -777 31 -749 553]
[-1520 -167 220 1174 632 103 42 245 -692 50 420 -195 -570 -1 418 205 838 306 -209 -475 -1560 0 -20 -5 -465 -689 -122 -16 -98 313 75 950 134 53 266 303 1386 -287 1022 -967 -532 68 -1039 543 143 -492 -498 -165 -701 416 483 301 11 972 633 -897 889 953 -109 618 -1096 416 522 1013 226 -431 -77 754 -334 129 383 -796 346 594 -638 597 -569 240 -65 109 377 268 -289 -264 -56 638 -950 580 -11 31 115 -386 -813 72 -614 731 -802 -1162 94 -740 1144 617 622 127 -497 -169 442 -668 436 707 -282 -167 -490 364 1320 106 -669 704 224 -112 247]
[194 835 -555 600 -444 279 -19 1411 -2 -188 -329 408 131 1346 -661 -486 -355 524 423 699 -206 222 -1707 -1030 -1177 71 309 -416 -236 -112 81 463 75 493 568 -1321 -204 -107 461 -468 145 19 -1205 -19 -998 617 193 -1029 648 78 571 1394 73 688 1792 -1563 -795 514 -437 -312 -505 -58 -266 28 -265 -658 320 -18 154 523 421 -268 503 856 823 -1181 303 -74 -1338 -449 55 558 1027 -135 425 127 -980 698 567 383 447 668 -1333 -176 -205 -643 -996 -345 624 332 -452 1288 1059 1087 -792 794 -39 -190 297 -447 -89 166 -490 691 196 -737 109 263 -83 -487 979]
[-429 -341 1417 -966 22 -743 589 -233 455 -217 55 384 638 -113 72 -918 340 833 -411 231 -662 -658 -549 603 -223 -275 -400 606 -299 -1724 -616 -177 -798 -540 -175 -68 332 -227 326 -1039 -592 -768 -71 598 37 600 -15 1 1517 -425 -269 -692 -173 -553 -377 1 -98 -610 1673 648 -686 -837 319 -341 -305 -197 -112 83 1223 873 -264 -282 124 1873 1605 -156 434 1839 -33 -133 434 -408 -30 -364 531 590 -563 1103 39 111 -476 -105 -323 -319 1269 183 -704 -155 -252 -326 443 -563 -347 -470 266 539 -486 -469 224 1405 272 -169 442 -105 753 -84 784 550 -66 1463 -1847]
[999 604 -82 807 -551 -370 -654 -642 307 -315 -661 393 -192 -216 382 -471 -1214 323 -197 -716 683 711 828 -1304 319 -461 -442 -106 689 634 367 896 73 -933 501 -336 -484 515 259 572 -681 -171 -18 581 85 188 -61 93 345 854 1125 -838 -577 -121 608 -162 -76 604 807 211 -342 -851 800 -183 -375 -143 751 387 11 -137 459 345 -301 946 337 -897 52 606 -489 200 182 -277 1112 -61 480 -1772 503 279 -713 -58 71 459 571 -178 -340 -131 -377 171 -333 -380 451 -951 -436 -1034 -607 131 331 177 -849 330 149 -384 -1117 101 925 -103 -586 -181 155 738 148]
[-521 -877 858 -171 389 -19 -583 1576 -446 85 905 541 -35 -286 -531 -757 291 711 587 -557 -763 -270 -1038 590 -317 137 -491 -851 175 611 746 263 -255 692 81 179 -98 -150 236 -749 -116 -2219 1297 457 429 -318 -185 -1143 -89 -832 102 -270 1187 140 -642 -53 181 410 -89 1645 -671 131 696 946 -200 393 431 -456 -97 330 -113 -444 445 132 -267 1093 -674 -467 1232 157 -228 943 -650 151 -510 300 -133 442 -1054 -479 111 -663 -693 242 -43 -551 207 -983 -278 -96 427 687 -324 -337 -247 538 122 414 840 -11 403 -46 990 30 333 370 445 696 -521 207 -224]
[402 -1553 -15 121 -109 350 -494 1002 451 181 1512 -623 -386 -80 766 -471 -1016 -959 346 -128 322 -1389 533 -1321 -429 -1148 1018 -194 6 -710 982 668 213 -703 -311 636 -492 -1236 565 729 584 -167 908 -250 192 458 -590 491 -462 -408 289 -84 45 1270 -18 494 371 -417 1012 -495 -776 230 -157 1473 -618 -587 1349 -816 -860 -728 -274 102 188 640 191 -635 903 -698 -43 157 337 759 -324 304 -1280 -179 -235 -894 954 -615 -472 -822 203 -74 -1119 945 -220 1046 697 -22 724 -620 -36 240 -505 -416 43 -140 -972 -1167 -641 -136 407 20 365 331 269 -439 638 -825 -175]
[-106 905 -176 893 -712 -449 -1412 -24 -207 -1116 465 753 -151 -495 -93 -216 308 187 850 194 363 1372 -215 232 -107 136 -732 -1149 -499 -314 913 -364 -1430 920 1526 -506 -955 512 -693 618 -461 -162 559 -857 -55 515 -83 -544 690 661 -1304 364 312 -656 458 -720 132 596 495 541 -661 -106 -555 -515 -1028 -403 1267 -1271 645 1470 551 -1175 -24 293 37 -588 -929 -1415 -104 264 -228 -394 -301 -181 452 165 526 -268 -206 701 19 666 680 397 300 -1128 -54 772 -53 140 -187 877 313 239 341 -1194 -1319 -169 -1018 -1015 1082 -447 -67 -294 -528 -117 740 15 673 -181 328]
[432 -256 -495 -65 -521 -816 -399 -112 178 663 -1032 -335 811 589 658 -660 377 -142 657 -702 592 209 659 -735 -185 6 -53 -693 -565 502 -27 526 222 358 -604 -929 -796 -279 638 403 -1753 -310 292 -497 -32 -49 -175 -1558 -934 494 419 325 -148 -167 -152 1306 251 -529 -652 609 -332 -47 2113 -722 545 251 503 -445 670 -479 -1235 538 -1362 -104 -579 78 888 156 -49 -570 -1024 -264 -212 422 165 429 -527 -16 -491 -167 614 1578 -79 433 198 285 1240 -214 365 -378 -457 -1179 45 -1319 136 1904 -506 -543 249 6 -160 525 -594 -922 -128 189 -849 -1140 239 1103 -186]
[-902 82 441 -368 -467 1330 -541 -361 136 1289 113 806 667 -695 -257 80 337 1249 125 769 356 -43 -1592 -14 -908 513 1391 844 -1430 -63 508 -283 145 -867 581 1227 -745 1581 -30 -358 -826 108 -212 -1531 -883 -483 1569 -149 870 468 -183 -223 -382 17 -622 -128 588 343 -70 -147 -85 -270 -115 837 367 -130 -661 -596 -679 269 134 251 461 1010 -17 -396 1592 792 246 -40 125 -267 196 62 384 -175 30 153 -708 84 239 -265 457 -841 1688 -1261 -99 -890 -7 -81 888 -694 -4 702 -75 770 -412 11 -84 -45 -426 158 -200 -803 -260 -853 -477 -148 1916 1095 -264]
[-72 405 -833 161 299 501 1028 593 -22 282 -737 938 -75 40 -821 600 -13 44 223 -155 -460 -83 -23 885 -688 -291 -191 -614 -104 1087 346 898 977 -1137 521 171 -362 -669 399 829 391 -222 254 -427 -207 10 77 652 -232 17 309 245 312 760 341 226 175 318 -1770 -299 953 -1205 728 -155 -169 1025 -980 1114 813 -1245 -535 -964 -68 -322 -1337 -109 -844 309 863 9 -83 933 388 -452 -814 -1608 960 -577 -315 47 842 390 -573 633 -323 -864 575 561 -1007 -928 -39 910 -219 391 -62 -74 294 -14 1090 -792 1013 1077 230 -292 -75 1163 -398 -20 -1326 -799 -235]
[-1431 -414 -457 -158 214 146 842 -660 -689 1038 -89 -1041 299 -588 448 110 -148 710 310 390 -1142 305 50 252 193 -440 356 32 159 -200 320 545 173 -448 1062 339 553 273 869 -534 -668 634 -123 -793 -381 -105 704 251 1106 -12 -808 295 -1034 1237 29 67 143 206 -52 -491 -783 -436 646 -99 834 -405 -490 -568 51 153 1024 353 1138 351 -914 188 507 915 750 249 -706 -298 240 -419 482 38 -861 -316 47 -447 -36 -605 -524 -742 403 -153 33 -682 -907 -1242 1130 944 694 -335 -430 -897 -162 -487 -348 754 -383 -1132 1099 604 618 -562 939 17 467 -870 228]
[759 -219 -215 -207 -27 -603 350 235 -759 -1158 419 208 73 284 -880 -207 256 -492 615 530 558 -1088 251 -391 849 -741 -1012 118 -257 66 -379 -409 -1220 749 46 -793 -147 569 191 89 67 -627 -1102 551 619 207 2 -36 -48 -86 -434 492 -176 -1259 -279 -382 130 48 712 -458 -1171 87 444 186 865 908 520 -128 108 -483 163 -408 259 -239 442 -167 432 84 38 508 202 7 -204 475 408 166 -756 46 -340 -152 625 -1421 398 -541 -811 -521 -372 -887 111 -284 497 399 1062 264 233 -191 -777 800 221 822 173 1228 166 64 -570 -803 -716 395 -263 389 664]
[152 -379 8 -703 295 448 -378 -276 -789 -783 202 -726 738 149 -1199 862 -604 248 102 -1171 -233 -518 780 1114 -58 484 -377 89 602 328 617 -308 -110 -274 -43 487 -365 -273 292 1102 1191 -190 415 1178 638 575 310 362 692 812 -467 -159 116 -825 -213 -814 -322 330 1131 697 -497 -822 759 -219 -154 -121 447 841 79 293 74 -723 -957 186 677 -336 412 346 -449 635 537 -116 466 -115 687 772 14 823 947 -490 -406 -1393 -893 -769 -901 -1084 -563 350 -490 -694 -304 514 62 76 409 -301 -622 189 -506 1435 -434 266 665 -81 -6 -283 37 -307 -565 -303 -134]
[-513 -85 -161 -128 343 -115 943 -345 675 1030 -223 -407 -203 -475 940 -121 104 -406 -1294 73 -628 -672 -177 836 1765 882 1048 317 -75 -86 -1341 -841 850 1161 -580 276 360 -638 589 -553 -39 1303 1502 88 -716 -603 -22 -36 7 -371 69 -240 -602 403 438 -288 -645 -319 -1271 -19 54 155 -708 -590 277 -213 -244 206 -769 397 54 -460 14 -244 -1513 -178 -450 -552 -669 -1192 -896 756 -721 -822 -878 865 -607 -151 542 446 -546 146 588 1121 512 711 134 675 457 710 -870 541 -911 327 -34 -114 854 8 -524 165 625 -1628 174 441 -56 -646 1121 -1273 565 -1200 1143]
[-690 -432 -136 -9 22 687 99 -509 343 -496 970 337 954 -574 -19 -308 291 140 -338 -292 -326 -554 179 877 115 560 522 1087 643 -919 -425 -165 -112 -304 3 77 419 448 135 -1174 780 870 -470 55 -472 202 260 392 1265 480 -638 -1501 -646 638 -276 -792 -342 -429 1021 -629 35 -731 -31 192 -31 -741 -94 300 -704 959 240 -250 553 428 -299 -63 585 300 -549 92 -514 -780 267 -273 537 467 -307 1085 105 832 -530 -1268 -542 -848 495 -236 -1066 -594 332 701 10 260 -718 444 -306 -18 -163 172 -332 560 381 -1217 439 1272 563 -1003 611 -498 760 -694 229]
[924 -984 1107 535 -455 1020 -254 -851 -98 -209 -56 624 28 -1160 997 -734 402 -289 -678 -494 414 602 -516 36 901 -383 -217 53 525 767 -537 334 167 431 787 87 686 1072 543 -240 -882 798 -160 -558 176 -578 -1547 1415 -34 355 607 -686 125 890 -97 -198 598 274 -52 -270 728 165 739 296 528 132 -452 737 -326 246 1135 264 398 240 -691 126 -175 1059 -585 886 -102 25 -6 -809 538 -533 79 553 -1593 642 155 -693 1633 -74 -194 -403 -467 -347 567 577 634 -633 -935 834 -638 -235 -391 -378 -579 -1 -320 1325 -471 771 542 469 -564 39 704 110 420]
[786 -319 673 -457 -563 831 116 745 1240 2 1770 -298 -515 -539 -273 347 -411 523 -249 -177 -1067 -626 430 462 -18 -743 -196 -160 -226 -194 647 -827 471 -1578 182 1905 -78 -1233 860 190 -840 -919 370 180 -126 605 -1233 514 -180 -971 698 679 418 88 -846 1079 -1445 -353 948 -562 54 -747 -669 285 308 1274 -670 -470 -393 -863 -854 -408 -745 1481 -212 33 27 1183 583 365 -592 309 -246 -306 -1876 -71 199 -129 304 -705 -357 -772 -321 781 -321 362 -387 636 -1118 -290 -400 -111 56 -621 428 170 -146 304 -157 -327 -563 -429 528 -560 -22 -244 -371 519 110 1098 -935]
[-323 190 803 696 1224 1044 1141 353 1194 -313 570 -129 -1662 -940 407 455 497 554 1417 959 -351 -557 -236 -1392 -870 -1324 -119 -1163 -786 -585 596 -735 -151 -719 609 -581 -334 929 1000 99 -1989 -283 563 -1063 -50 -665 897 140 484 102 -563 324 276 677 113 -96 44 553 -709 492 -670 1809 44 -250 1523 128 42 -1013 383 81 -788 169 938 122 -187 -512 800 -577 2010 309 -1571 -385 -29 -120 -158 -82 -31 -538 -198 -382 519 -207 404 85 857 125 527 -598 -136 -127 -9 1015 370 -509 -372 318 -749 270 -116 -139 -50 -296 -306 -490 -20 -399 -333 419 -308 1244 997]
[118 -390 894 -29 -115 656 715 252 84 -240 1381 51 -314 -683 1129 -1212 629 -775 -401 559 -800 -73 -231 636 137 55 343 404 -414 -171 83 -853 -806 273 540 1247 554 115 -622 198 -358 23 1603 -386 -568 -404 -1017 583 -746 -307 670 -692 187 849 -668 403 -37 -32 -832 116 217 -383 -968 843 -285 3 -330 151 -409 388 -46 -123 501 421 -1267 152 40 41 191 503 400 578 -761 394 -1265 234 65 -171 -507 284 161 -1121 883 732 181 -187 648 178 239 383 -388 911 -1432 -97 209 -668 797 403 -58 -368 516 368 1137 -186 -230 515 -269 -47 708 156 -352]
[593 -749 160 61 -15 729 116 391 -1 1030 409 532 375 -687 -292 216 728 -373 426 -181 -1167 20 -116 476 737 -144 161 316 -29 -521 57 379 631 13 -352 -351 -688 -1303 184 1117 1078 -1563 333 1149 233 1130 -337 90 -298 757 -748 347 -514 157 -863 -807 -534 -417 519 770 -169 224 -29 -405 -168 1086 -544 301 -689 838 -1006 -296 190 55 -295 459 -1261 -264 -848 281 -308 419 242 -493 -844 504 10 577 469 -715 792 1028 -7 870 375 131 -529 362 116 -535 -1052 332 -640 -376 -453 -332 -501 -501 475 517 981 22 1176 0 -1251 -311 272 160 543 -134 -401]
[-266 -292 1434 -539 -961 670 -1885 -490 -327 1046 198 -127 755 -468 -17 -1031 523 143 -259 129 -124 606 13 -1111 222 -547 390 431 -484 -689 61 -340 -250 -261 549 356 4 567 1014 -310 -1899 -602 -528 236 -539 47 490 -737 -300 -105 -232 -691 192 -618 -309 82 182 568 665 564 -806 -284 651 136 444 -105 1296 175 617 462 610 696 -463 1357 216 -350 836 -154 -160 499 -491 -1562 -53 339 447 402 -114 582 -349 -457 -440 429 663 -22 726 -45 -564 -1231 778 -1 652 -868 -596 -267 569 272 -880 -531 -442 781 -556 -993 -146 287 445 -9 -567 -829 1211 1646 -723]
[270 -108 385 608 821 -1267 -25 499 -406 -832 1040 -843 804 -164 953 -9 819 -559 299 -379 -399 -385 357 -579 530 -1003 -1011 -81 701 113 -285 414 -153 242 211 324 92 -158 -203 140 -291 58 1798 883 1150 277 -255 460 -604 -970 -193 -622 156 -836 383 496 73 -171 1105 909 -1187 184 296 -201 -101 -416 -645 398 85 572 -650 -407 -57 -416 209 538 -417 842 -322 -629 476 701 -253 452 -214 1016 2 260 290 -72 414 376 67 20 -546 470 -540 -370 676 -890 -197 357 -52 -1243 306 603 302 410 -69 -216 -329 366 476 550 -239 827 -83 770 452 -442 -975]
[-15 295 107 110 334 882 359 1223 603 43 1522 249 381 798 -795 39 -38 -585 -98 389 180 -1021 -329 1102 -970 822 194 -5 -971 314 169 -1060 10 -317 231 160 138 -574 70 199 804 -1312 207 188 -557 380 122 86 -361 -355 311 920 268 78 -735 695 -728 -430 -288 -477 449 -507 -424 241 -84 87 -463 -712 -376 -166 -870 -514 -296 -503 194 492 511 240 296 1048 -679 142 -617 48 -436 599 -359 -60 354 -459 756 -38 -972 -207 64 217 260 -524 -123 126 -771 332 -926 507 281 1104 -775 539 1063 -1038 -490 330 69 -690 -769 -387 -496 119 -208 403 -1014]
[375 -256 327 -207 1166 -269 1419 27 -161 -1130 926 581 -202 -1076 718 1187 -1071 -871 112 989 -289 -1053 128 -843 330 -942 -520 206 22 -1359 -305 -138 -515 787 -105 -449 -620 606 -79 -885 1041 128 246 63 43 -11 -50 1167 1813 -13 -1169 785 -757 -508 87 -153 -848 70 521 -1026 -977 149 -1467 -1213 700 -125 -376 -301 -662 148 540 -748 941 -288 -232 -824 75 978 117 481 -364 682 -217 -1079 -247 0 305 -1214 19 602 169 41 698 919 1006 413 -1366 -624 -146 351 -555 -141 -109 -278 -504 -1018 -203 281 96 274 -219 -682 1049 368 -383 -1401 374 -260 -542 -470 407]
[-156 396 763 827 -711 109 -523 428 -173 -23 -9 326 -343 212 -172 -410 -613 171 -881 1059 688 -122 -1089 -624 -580 -329 -581 -486 716 1141 -637 427 758 368 1359 719 -708 783 -125 -671 94 239 -300 -360 -340 330 1066 -31 555 1353 194 -26 848 35 -282 -1641 19 941 -757 -201 -1163 259 -429 178 -123 -649 620 -339 -30 1077 1420 12 510 69 344 -796 489 -497 -539 -1012 364 1286 437 368 669 -118 298 670 133 185 570 268 444 -456 23 -306 -792 267 697 -890 460 1177 591 1485 105 -144 900 1346 -76 -427 -322 -493 -735 193 181 363 -82 126 387 -576 1221]
[-554 619 74 -888 183 -1074 -443 280 81 333 243 -891 -89 54 -268 182 -664 -321 279 -45 220 373 87 -1269 351 -232 -369 -549 -388 -804 729 -416 -1707 -269 -488 -606 -475 -1213 999 147 549 194 1260 600 -373 1013 391 -737 -593 -698 -1049 71 -398 95 184 -185 -612 -713 1335 -344 -247 29 -199 -891 -1545 658 963 -164 53 -531 -1145 -114 142 -611 1256 -380 -243 -1489 -216 -365 -614 -885 -33 434 -119 921 -62 57 285 -2 -310 -1251 -553 841 144 910 -672 790 1397 182 721 -660 219 -662 -616 -602 -548 -391 -353 33 207 -1671 433 478 -632 -38 612 -1093 213 27 381]
[266 455 862 389 -460 -684 203 1303 -294 -1002 -63 657 356 -552 1261 98 -47 20 -398 -685 -379 660 334 -1059 -472 -775 -285 -655 1062 464 250 1194 -1126 213 489 -130 -278 336 -534 -890 -552 -1118 -361 565 -233 -1029 -593 379 189 -2528 808 -960 420 360 1466 -98 169 -146 446 664 -135 724 -327 -243 -891 -454 731 -932 1507 -1058 453 257 -640 -585 -36 -653 -545 -599 331 -814 551 1969 196 -517 -532 -82 763 472 527 568 -87 654 96 -209 -1048 1109 -659 -74 1138 -256 -208 514 561 -517 230 298 472 891 -126 -1049 1103 109 -173 674 814 233 -692 819 -164 -683 -313]
[196 -123 -531 -308 -581 374 -361 216 6 203 -783 371 -832 587 -848 163 -1769 -764 311 100 1078 -151 1252 -763 41 -457 235 -401 573 848 -130 612 1223 -407 910 -801 -817 -423 508 791 718 160 -410 -858 -720 555 417 -411 -540 -16 -202 667 332 -128 1193 251 -367 210 -1247 -1494 230 -447 -421 7 142 198 1437 -344 909 -1564 911 977 -547 -413 796 -919 407 -589 300 367 -163 14 805 948 412 -675 177 -1420 857 -1009 -583 195 -117 -347 -777 -650 336 1136 452 443 439 -76 911 949 461 -420 391 697 -96 -1391 -148 632 -45 669 -1060 634 -108 -577 -832 -929 1072]
[409 943 -418 541 220 752 1535 -221 264 292 1254 325 555 762 1061 -2 -85 -397 -479 309 226 -260 275 409 -623 -266 554 682 -1538 -209 581 -189 -716 140 20 -253 39 -427 700 351 66 -829 -882 -707 -1148 -1242 281 -311 -718 -149 383 85 -1047 1176 -39 1029 -794 787 827 184 215 -1069 -445 -131 -357 -833 -184 -291 -664 -286 217 763 -171 -313 96 31 874 -466 452 945 -283 478 -372 -341 -465 449 -296 -1065 -273 66 -16 1064 -1110 -112 489 1003 -407 -836 900 -401 -809 261 -645 41 505 414 442 -88 -368 -281 491 -822 -349 -1306 -189 -1987 -20 -741 1290 1073 -348]
[51 1135 -1219 178 324 -1416 239 -352 830 -773 -75 210 365 -52 208 294 -636 514 -985 172 493 -1250 -299 893 611 208 -162 325 -453 -925 197 -1234 -1237 739 -245 218 -87 -385 -91 284 1707 58 421 385 289 -519 632 449 336 488 -149 -489 -568 527 -444 -246 -500 -20 742 -1858 589 -712 -1412 -994 -1311 42 -131 55 -426 920 1067 -512 -2 -278 -137 -1045 -662 -1543 -572 553 -149 332 -770 -402 690 211 -625 -518 317 490 -413 -1051 386 42 -345 381 -892 478 333 140 -471 -78 -347 -14 -283 -1156 -255 -132 -669 -58 1205 -766 444 390 -171 -867 569 -480 -496 -1206 1142]
[-465 996 117 555 671 -616 576 -56 54 1522 543 314 -244 522 -141 -535 418 -262 -860 656 -1722 4 297 1080 -109 289 -358 717 -24 263 -1013 397 104 -991 -84 -587 689 -1271 67 536 279 683 395 785 -649 171 1031 -254 -795 738 -16 42 -884 458 -394 -505 -818 432 -1467 547 -483 -460 -1838 -53 -545 295 -565 1012 189 383 103 -849 1554 541 -166 824 -1675 -121 -397 -456 -182 -179 -20 453 -657 728 323 422 -80 -506 22 929 491 1093 717 147 -324 -47 461 -849 -682 1038 -1322 -449 -315 -804 828 -477 1136 938 1217 -184 339 129 80 277 753 516 204 -938 -874]
[-672 248 335 -272 72 -441 107 18 631 -698 149 617 -247 381 1882 207 -693 -47 -423 102 797 -381 110 114 177 -424 641 784 -541 -256 271 285 -589 -372 463 -97 -245 434 61 836 -302 -689 -130 391 -911 -792 535 -439 -1074 -487 654 -220 -814 1055 120 762 -433 -254 -313 -147 504 -1016 666 -133 -906 -67 -590 756 -300 -17 538 556 144 -362 273 -632 58 -587 339 854 -883 -344 101 272 -741 -773 687 -597 820 -260 359 130 -573 239 -258 569 -417 -689 263 664 -213 1158 -1061 -183 941 1205 626 -567 252 144 543 -291 -29 378 194 -270 -673 -275 80 595 13]
[-470 -211 89 -833 -591 -10 504 1133 300 -246 -197 798 1325 297 335 -54 95 -117 -699 -169 725 -1212 -211 1214 -292 124 213 1247 -478 49 578 303 -198 94 1639 1016 -873 99 -215 361 441 -1700 -13 -62 258 289 769 -77 197 -505 -218 -528 817 77 -893 -726 582 -721 874 64 537 -1254 466 -540 -1008 -790 -886 291 406 59 149 501 386 -634 200 150 856 749 216 371 1046 690 491 168 133 83 1525 763 1376 -395 -107 93 505 -609 -457 -1021 -34 361 622 -420 -656 371 -1746 -316 1761 617 -777 487 627 345 376 -45 534 -136 -723 168 185 887 641 -222 -1369]
[-1417 604 -218 -76 602 -610 -76 -335 -657 -94 204 184 -131 -398 287 -435 1095 380 315 -192 -1111 1290 351 -413 306 -580 -19 546 -737 -980 -256 359 -1021 3 -189 -684 992 280 -186 -762 -1085 -534 342 510 448 -1068 674 -159 -631 -130 -685 153 -1359 430 222 565 1242 204 402 522 -541 586 -113 360 3 -696 592 -185 -692 -185 65 243 466 -620 -329 353 -284 -184 1158 383 210 -734 -1064 -128 516 344 -1083 -722 -1571 25 -121 335 707 644 46 996 240 -648 -983 47 311 -485 382 -789 -22 -428 509 -797 683 651 -95 625 -190 -204 -19 -302 -694 300 658 464 -778]
[-250 668 -523 475 476 527 548 497 833 -67 -304 767 -836 -79 1021 -393 -380 -438 1189 597 1340 1330 1309 502 -926 393 335 677 178 -435 163 460 -359 -462 499 -503 -1078 -542 -357 688 805 -155 -535 112 -1381 -969 233 536 601 483 386 -945 -3 -4 227 304 -848 465 -282 -272 158 -427 -281 -586 -1737 -831 -826 -961 103 885 -544 573 -806 -762 377 -769 -216 -110 -1155 568 -512 -798 678 114 688 792 -231 86 950 -24 -265 1349 -893 52 1392 376 102 581 933 -436 -378 304 -832 402 -912 -339 1061 495 172 -1334 778 -907 -138 -245 -948 -1072 759 -650 498 -242 -542]
[-685 355 137 554 -700 102 -2167 145 -179 331 -331 -390 502 -13 -894 -4 404 318 411 398 628 16 -1108 -81 90 1397 23 -440 772 -92 -467 -583 -692 576 236 -63 -143 349 -92 -1004 1223 -183 617 421 437 866 28 -410 -174 296 -349 -509 222 -785 -228 -1155 241 285 -1043 399 408 737 669 702 -578 -421 1087 74 -232 1354 578 -459 431 676 -279 377 972 -985 -779 -332 419 -1035 -152 488 211 -101 -1106 1131 -321 144 322 -522 164 -780 -256 -591 78 315 1219 498 647 -685 804 723 -174 926 -231 -167 161 87 -92 -297 -392 660 10 -170 103 -211 -40 -378 -48]
[-1847 543 315 -1207 -379 -397 1355 155 -1204 162 -314 810 461 1266 -209 -949 -70 240 -586 382 106 -326 -420 1547 147 440 565 240 -146 -115 -1479 -485 -292 1780 673 24 948 882 -403 -1010 -585 -1301 336 -41 -1317 -584 884 -552 478 -802 -607 50 -578 621 -282 -29 788 -827 786 107 -790 -293 794 -1392 -492 -539 335 385 109 245 404 376 540 -1007 476 91 -181 -632 605 183 -104 -57 -820 -57 418 738 -300 -145 -1473 570 -1230 -1012 783 401 616 287 1191 -795 -126 393 -177 366 -1105 470 1394 -1140 -767 304 490 -24 250 -831 995 76 -457 -387 -37 -468 128 181 297]
[248 -659 393 765 496 -529 -483 -697 653 -981 983 -325 193 199 -596 311 232 -703 1216 192 205 -774 502 -741 728 -1176 -405 -417 485 -511 -509 -139 -250 -1234 -174 -386 -1453 -986 890 467 9 520 1023 -133 120 344 599 -607 -620 -586 -735 754 108 -26 -466 761 -1260 712 -65 530 -330 -168 -186 608 445 510 342 33 246 -282 -500 -824 -317 65 187 -602 53 -1385 466 -137 -502 -326 -468 -278 -1559 217 189 -474 -130 -553 -446 -202 -565 1289 263 1 170 264 273 -210 564 -365 1623 124 -504 340 -306 -688 -138 -103 647 828 288 -307 440 383 369 -1230 -584 85 145]
[-54 164 492 317 -46 518 -598 -685 300 -191 -617 -636 -39 -187 -142 -170 237 -993 1243 933 -185 1360 630 -1732 -415 -423 -884 8 523 -213 -233 709 77 -55 746 -691 -751 617 158 68 -263 815 -37 -610 39 400 -317 220 -373 1399 -87 826 -210 -471 -1113 -250 676 598 -456 -232 -421 61 -261 1265 79 -1146 -29 710 -673 14 -43 -188 -345 641 0 -162 686 835 -1271 -261 283 -650 206 771 536 628 -704 642 -1127 -611 702 -390 -26 -63 368 -584 -1289 -197 928 151 57 -1240 522 146 -709 328 373 -162 612 857 -1264 816 -60 68 142 38 -1471 -311 -109 987 13]
[-46 424 38 102 89 -531 465 582 430 -438 -131 -462 -631 -234 326 -145 -305 -663 371 395 -663 -122 652 -1064 -485 -266 607 476 -742 -1479 -234 -1006 -1419 -545 -190 -1790 -87 737 1315 -57 -718 -1049 554 791 258 -898 -432 428 234 -458 -661 -474 -1830 524 785 -1305 -239 -5 -1163 413 -766 261 -442 431 -85 -271 967 -411 -206 -325 329 -437 -434 860 -1153 -1189 -156 -1517 -386 614 -807 -16 -146 310 -642 535 -585 -720 911 -572 -287 129 313 127 81 681 -74 -603 835 119 -720 757 -249 317 -389 -599 287 -245 -722 759 85 41 506 239 272 -710 -759 -158 95 670 1254]
[-189 340 -185 707 1063 411 1065 -165 -749 -653 784 509 -456 -277 1434 1251 -80 -604 128 517 382 413 655 -149 -491 431 1120 21 -1518 -477 831 153 -465 479 -141 244 -165 592 -972 344 278 -821 -34 -64 -1102 -737 924 472 305 -479 388 -223 -340 309 634 -460 210 -95 525 -224 -56 429 -485 -173 -91 -253 -156 -872 -1118 316 -91 -203 -108 -338 251 -1248 -234 -691 -518 660 168 785 -184 -285 -65 -38 -23 -566 222 -704 187 581 -177 -590 652 1166 -162 -1102 566 62 93 -57 158 30 -963 -656 -251 463 -454 -141 125 -532 311 -563 -335 -1622 -845 -159 580 -304 -50]
[-1068 958 346 313 865 208 846 251 -120 -719 648 1105 -644 -328 437 714 322 -688 -527 -217 -1264 -319 -120 684 -382 529 -438 658 -1690 -679 943 -290 -758 256 509 581 658 949 -753 571 -561 -1459 -745 -306 513 -1410 586 -42 1 -376 765 1285 -157 502 -80 -266 848 425 696 -331 4 455 -107 444 -494 -794 -328 -97 205 185 20 -1352 -244 -200 -793 488 -831 -46 1495 1052 218 666 -710 -50 22 244 602 -962 -573 -629 690 239 272 26 -287 -322 -1152 -379 -571 221 -508 105 -740 -479 920 -27 -612 265 312 731 -229 589 -341 -713 88 -310 -1163 793 104 313 -758]
[267 948 -1651 -136 384 -387 -59 -306 311 203 1816 -3 773 571 -8 481 -794 -515 591 178 535 -452 1632 292 -496 -280 246 614 -1042 -272 357 -842 20 -1597 -33 605 -880 -719 686 1570 408 265 1009 56 -899 -90 818 -321 -733 611 460 -50 -190 -493 381 868 -558 60 330 -1350 53 -2207 -339 504 -960 -669 521 3 -575 -96 -877 -918 -1045 343 428 -597 6 348 -612 701 116 -189 282 1536 -328 -178 272 -820 886 -418 -92 441 -904 173 -655 -591 -455 5 -48 -679 -233 -387 -1120 -445 -296 -710 737 -285 -147 -472 376 212 -13 -1095 -579 -309 -345 -777 158 -722 -1064]
[346 -410 -614 -246 679 -636 961 141 233 -1131 552 482 -789 -688 722 -41 1008 -570 230 -85 350 -495 -406 -760 676 -215 525 991 -925 -336 541 485 -940 253 -1002 1014 175 316 -28 -547 -563 712 142 320 283 -1176 -386 772 -489 -1289 1184 -330 -264 932 11 959 388 -259 1327 -979 375 623 -884 86 -589 -80 -486 -204 -845 -1106 61 -235 -171 -528 -787 -562 -739 -85 1350 167 -336 1624 -798 -501 -677 46 224 -728 -790 382 -385 -1795 819 776 13 1139 -146 -563 -249 984 343 163 -405 24 -280 -271 733 30 -290 -936 903 284 254 124 913 -335 359 -571 437 -623 792]
[237 -545 477 -417 76 -277 107 -281 -77 -113 412 -737 -411 8 614 -665 898 -390 -846 447 -308 -1764 -153 772 862 -425 -427 203 -477 -1923 508 -803 -1080 874 -1294 -247 1386 -616 348 213 -413 118 -895 47 -76 -443 166 -619 -469 -117 356 -21 215 183 -1484 -167 65 -82 717 -1075 -751 701 603 157 256 1192 -177 396 616 457 43 -903 -50 115 -487 130 418 -429 1375 -373 187 -169 -1533 283 316 1253 -747 -69 -246 -936 -181 -490 529 12 300 716 511 -478 610 129 304 -456 144 -351 852 68 -1253 201 -215 1841 -569 863 -340 -909 939 600 -130 -397 -806 513 556]
[-1016 -540 -695 640 826 -18 715 -188 -218 161 876 13 -469 -4 887 414 1145 135 -449 117 -477 961 124 88 -523 155 711 285 -698 -237 600 460 -251 -787 -187 446 1112 -196 793 -577 -466 -698 162 -215 263 -428 662 -329 -317 573 -592 -688 -568 773 -939 -545 1094 -187 -712 1125 -379 247 180 271 117 414 -119 -890 -440 73 -5 131 602 -3 -76 119 17 -145 838 539 -188 -912 -431 2 -321 70 -735 508 388 754 621 1003 -389 -1 707 1303 1173 -536 147 -557 111 990 -883 -24 -338 -152 -143 -264 748 622 882 -1075 -259 -387 528 140 -348 -37 749 201 -890]
[-303 626 309 444 148 157 -81 400 -64 -118 119 -43 -725 -481 1196 -367 -169 822 -515 -196 169 42 309 682 210 -427 823 57 17 664 662 965 -436 -169 652 582 -47 -64 166 -267 -509 -263 411 206 -760 -993 728 -32 332 -794 787 -1145 92 1421 899 -491 -225 462 255 407 -1125 -71 277 -53 245 -149 -291 -34 -115 503 819 1091 276 -24 -178 70 317 418 379 628 175 1271 1050 6 409 -185 408 -128 715 -855 186 -500 -735 -1295 -660 90 -338 -1338 44 -846 548 1559 -921 -145 101 -7 -141 535 -309 -232 519 -785 96 246 573 209 590 587 511 -383 811]
[-736 -33 19 -63 -135 -745 -1084 143 351 -968 -172 -192 1 -672 -725 843 -315 377 505 -605 -494 850 -142 -677 -541 -506 -1415 -737 943 -1144 1528 373 -102 709 169 -795 -462 -42 314 232 18 -1132 188 -110 283 -321 -909 -1026 945 -714 -1512 752 563 -1470 330 -758 -133 -231 1438 738 -972 169 638 -445 -625 739 -165 -333 872 410 -178 -1715 -1185 -113 -417 346 -694 -521 -291 -225 24 -63 -158 -491 -171 876 -340 434 275 -1124 425 -285 -1220 -285 -151 435 -370 384 801 -368 360 -103 1355 -692 107 -211 -809 30 -248 -568 97 -675 336 105 -139 542 -908 961 -1036 -83 1016]
[-1120 -351 394 -26 719 -52 1033 805 -420 -281 803 557 50 551 -1301 1186 -214 633 131 -308 -1112 -1183 -902 1335 -51 269 438 -812 -1194 -87 608 -831 232 -381 216 229 -223 492 128 -983 -563 195 -373 187 366 220 369 -438 1377 221 -484 1021 1351 -590 -281 -755 -599 -394 925 -542 -336 -858 -762 459 314 881 -352 438 -69 -788 -550 -963 1128 387 92 276 -78 1086 1044 -91 412 221 -199 35 -26 2 -257 517 777 368 -412 -41 -83 611 1068 -332 -620 -893 -1222 -556 330 725 472 -8 -317 -431 -570 -623 939 2171 -728 132 99 -584 427 -414 242 138 303 785 -122]
[111 515 -82 922 -5 -93 110 -94 1281 814 636 -1031 -1019 -703 957 328 -735 -759 -459 830 587 362 -556 233 -986 639 -7 -317 -77 -1186 1320 -715 714 -877 416 -965 77 457 116 823 -692 -97 1185 -926 -844 269 -1421 581 -47 262 -39 579 -361 579 248 32 -894 -905 -1347 -226 551 -254 202 296 -345 -344 595 -40 405 161 418 -920 472 852 -1272 -470 -100 -372 -216 618 -379 -506 -204 671 -764 -155 -1204 -758 -144 -1456 724 1310 -274 98 725 365 99 616 924 396 -383 -518 -161 -348 -754 -354 837 -584 133 -183 -675 595 -662 -134 -1261 114 -1309 -1260 -864 -542 21]
[-1388 -1 -241 854 897 -91 -714 -143 755 555 -829 -567 -626 68 -901 -221 -766 -198 -602 -26 -198 -445 925 714 43 91 290 -1095 1288 370 -902 994 1200 -705 1122 678 329 -781 667 477 342 1321 950 -418 450 986 -427 193 233 1144 -301 -153 401 368 -314 345 148 61 -1311 5 205 595 -750 399 -1088 -1011 865 -104 1453 -519 1170 -219 153 306 -334 -6 297 682 2 -1043 715 -193 104 797 162 -121 -1024 574 894 147 -1486 612 738 495 -460 59 465 2086 -474 203 594 -262 -721 270 -124 -33 629 -124 787 -251 -23 672 -703 376 880 1618 679 -540 -1130 -1192 -387]
[-524 310 -407 -337 -603 -26 -563 916 -87 -937 -405 927 -43 508 -853 100 -563 385 247 -623 -320 422 185 -644 -1535 -464 502 449 -941 74 1477 379 -645 -905 946 -405 -22 70 -354 420 391 -547 -442 -482 -552 104 555 -224 -72 -406 -630 220 384 385 1339 -134 -134 53 -143 82 797 -1183 -925 -573 -207 -144 -59 59 1051 -673 302 878 80 247 223 -147 -485 -349 785 1279 224 -164 771 -55 -258 -1550 2163 -1072 899 49 -639 212 11 146 -198 -789 188 -257 -645 344 -12 849 -416 -268 575 -214 -407 285 279 -1001 554 811 174 -33 66 1027 -505 884 -481 273 -3]
[-565 665 -361 -380 222 -621 -798 504 -170 544 -325 -444 1040 1555 -723 -841 -1082 -1309 -492 -1069 -157 -631 -190 1076 142 872 745 -993 971 1304 -523 704 973 907 -596 428 131 -1233 -889 861 1979 1938 311 406 -407 717 -174 226 149 -919 981 -178 168 -314 761 -790 -956 495 -106 -41 -132 -386 -1225 232 -275 -2049 -981 90 392 -517 -57 32 -207 -382 742 -139 -581 350 -922 -1150 173 386 180 263 493 108 214 63 962 -367 -397 291 320 -213 -1532 -345 206 1773 -106 -159 -1572 318 -701 264 -453 540 300 20 26 232 -458 242 -61 52 -189 485 1193 188 394 -2607 25]
[735 6 -909 816 -238 684 695 328 -5 -740 801 31 -375 -1155 1585 948 189 -205 566 159 -144 -97 -42 -1070 342 126 664 221 -722 -1035 860 -824 -432 185 -1038 198 79 197 -719 506 1263 -583 683 -447 279 -490 -9 992 -165 -1236 627 -487 -759 281 632 231 423 -271 -182 -988 561 368 -383 1059 217 315 -52 -633 -1406 253 -659 -687 -306 509 -1206 -553 -690 -858 -959 524 92 976 -563 -866 -892 -1255 -436 -1100 -691 -100 874 -390 4 -496 -593 994 -644 422 189 209 217 -1229 1804 -91 -1632 -349 390 235 -1280 -689 -138 486 94 -38 -162 -750 -1151 -107 82 -766 355]
[661 -174 896 -196 -1062 -807 130 -584 155 1247 -711 -1173 586 -76 520 706 219 -492 -600 987 -212 -351 -1065 375 1222 -89 -109 1161 101 -243 -327 -972 164 661 -365 581 -226 201 1630 1194 201 677 1023 487 -384 -539 85 -56 -803 1082 366 -28 -619 -665 -1031 -200 -702 399 -937 358 814 -540 -324 -277 331 181 -280 1735 -961 274 1158 -255 791 828 -1470 715 76 -1647 -891 -303 -799 132 -336 -411 -1147 95 964 59 232 -741 956 -602 685 -276 -299 -244 -101 -15 741 -303 -1001 1166 -1107 862 849 -439 686 -1007 -520 1002 -173 -1415 499 57 -778 287 -572 -179 680 732 276]
[-438 -250 914 -102 468 1076 -114 -123 -1297 761 23 723 384 -1071 -171 676 407 486 -60 -473 -1277 -293 -573 1852 728 1365 1057 -433 164 761 -362 -191 -130 826 90 418 225 814 -652 -172 308 116 818 467 431 -594 361 537 630 -50 -602 -1703 -163 630 -499 -521 778 12 -981 782 216 358 772 345 356 -360 736 162 -179 690 284 -264 580 -669 -1298 646 575 -497 624 47 392 320 -520 -1243 -267 115 1073 -100 -292 245 -361 -938 1040 -732 -645 -534 172 -541 -264 164 -356 582 -1055 462 198 -498 272 668 -720 744 347 -1019 707 -145 203 -485 713 168 1585 -903 -50]
[-816 652 110 186 -847 -1320 -1362 -659 535 -182 494 -919 -250 -1112 1019 -535 498 164 -813 -36 -169 666 707 907 937 -659 -1180 78 196 -875 -402 -1540 -1029 -209 870 275 258 337 587 -319 -987 -270 471 762 594 -475 -250 -394 458 326 -1560 -161 -555 -1057 -684 -69 -68 195 1373 182 -1500 -287 -402 -104 -754 156 571 -655 -521 1678 514 -1216 -147 432 -376 306 -784 -831 -428 -643 -274 -630 -540 -213 -168 1304 -440 544 899 338 -876 129 755 181 -230 236 -753 135 206 -646 170 -58 3 82 531 -1058 -728 -366 -757 476 249 -1840 -87 266 333 -634 644 303 1163 497 25]
[-277 414 -787 -227 198 -501 -120 -347 -49 1049 -1133 -316 -37 765 964 -779 -151 -524 162 247 -603 1296 313 -594 -921 -357 412 -266 516 -175 -224 986 713 -441 -371 -187 -239 -25 156 112 -900 395 -566 -567 -1130 -668 -476 88 413 976 1128 554 -1089 1332 647 857 963 -24 -231 634 -1250 33 1034 -261 -150 -834 29 -320 -399 -684 374 596 -284 270 -278 -469 -139 599 321 -508 -17 -491 337 381 468 -294 -983 -1167 -712 382 301 345 -535 190 673 176 954 63 -1134 -281 236 300 -1115 257 47 -456 941 -307 383 -355 -61 -303 -321 -75 71 343 -418 -116 189 -66 171]
[-896 1174 -1181 776 342 -171 -373 732 -104 -451 -593 199 -612 671 -1301 779 -1753 50 147 -834 337 1467 776 -684 -492 199 350 262 -106 -76 1489 1069 -300 -572 1417 -1397 562 -334 659 -57 558 513 -731 1115 565 161 631 305 215 1315 -460 689 -770 89 1416 -727 -519 276 431 -1164 -84 90 -721 -558 -1509 -812 828 -6 228 -682 662 825 958 -194 204 396 79 -371 181 850 452 -719 1447 300 674 -92 -513 112 913 233 -1171 1525 89 738 -463 -123 -476 314 94 360 685 606 -289 -88 -257 -882 351 -1216 1184 -346 -81 -295 -774 318 -83 -3 159 359 8 -346 389]
[861 622 -677 457 89 -1403 -290 88 1722 -583 1001 302 -405 -413 465 749 -612 -855 369 367 985 412 10 -581 172 -107 -790 -72 -89 892 402 -322 -152 -1295 -166 361 -1444 -751 -9 992 723 98 812 133 532 840 -483 87 -515 -983 90 388 486 -959 -152 1711 -1343 273 204 -921 694 -1212 -972 -6 -1184 -173 27 -1110 -31 -359 -476 -759 -362 -307 718 295 -1035 4 466 -587 -265 745 352 732 -1133 -321 1750 -251 1094 -614 351 737 348 694 -285 40 -867 1760 295 -508 -304 -476 941 -1115 255 493 1038 165 -500 -1152 1297 -652 98 172 -338 -145 592 297 -251 -922 -715]
[1077 63 -133 100 -479 -453 -674 161 190 1344 -563 434 1246 203 -761 -1111 153 -358 -129 -240 -842 -620 -759 -730 477 -3 70 220 -101 -1028 -134 143 -855 -696 -816 -968 229 -265 279 62 152 421 -492 604 -141 995 -683 88 -793 48 1321 -983 -341 504 -150 312 84 -344 277 -209 839 -318 -425 293 -1232 -309 1154 570 210 -459 304 944 275 665 -291 362 -146 -1062 -49 -520 -55 -859 200 254 -737 -1598 672 267 -219 88 -216 -75 870 225 -548 210 -243 373 -11 1054 -669 -615 -1111 52 107 -144 495 -177 89 229 552 85 -80 647 336 596 -122 305 114 623 -762]
[-541 737 -347 -177 584 -286 731 -471 -284 542 -64 1143 198 718 -53 163 -923 -112 -1782 290 -1476 -659 65 1479 462 1672 548 529 -279 -175 146 -145 412 -261 -167 490 826 -55 -705 1012 1315 1139 -1250 -398 396 -149 313 -421 -133 337 744 -326 -528 235 -284 -35 -206 -535 -216 -839 960 -996 -1358 711 -902 -322 -339 834 -187 -495 570 -129 512 245 -174 219 -450 232 -175 -511 1199 -207 -315 197 -12 -41 525 -614 254 234 -18 497 696 199 431 545 -106 584 -402 85 -779 -77 -912 -326 642 -685 913 -143 -118 1076 392 42 89 -139 -237 237 302 252 259 -790 -365]
[-34 -227 1167 -545 -1014 -692 -1923 -1029 676 404 214 -510 617 -1850 861 233 -257 -621 885 562 -672 535 655 -591 1499 -816 -573 530 1090 -1013 -969 197 -859 487 167 -384 -552 -1401 835 -456 848 -285 944 1008 -354 839 -807 1097 -248 -1235 -1524 -613 -1286 -293 -377 -135 -519 -523 82 32 -428 -21 123 290 -611 -202 1016 -998 -661 129 -115 191 -63 9 -676 1022 137 -1341 24 -497 -1047 322 -243 -219 -1315 817 311 -733 -865 -462 59 -317 622 7 -30 346 -554 51 1343 414 237 -888 381 59 814 579 205 182 -1104 -48 104 -1740 1088 531 641 154 330 -652 598 273 140]
[293 625 -260 1876 273 -1221 212 976 849 -3 -370 -355 348 385 402 132 274 275 42 -577 -1322 261 -61 -167 -630 159 304 -1095 -248 369 356 335 -1223 -842 12 -1606 766 -1182 660 -556 -398 1154 534 -316 126 249 134 -239 73 -376 -201 -106 -533 346 1652 -166 -712 133 -1011 458 -299 -524 -963 193 -425 550 296 -586 940 68 -430 163 705 637 -585 1266 -155 -7 1038 -447 171 478 685 -392 -614 -223 -604 262 126 145 366 1581 -114 500 549 -234 192 -739 158 -449 350 183 685 148 -277 510 548 -43 130 456 803 447 -465 -650 945 413 683 707 -209 616 265]
]
