5664.925948 2930.400112 1.029375107 66
[[-244 -447 197 -389 423 283 -368 -174 -1063 765 -15 314 -445 802 -740 747 201 -551 749 256 559 61 537 125 40 -818 96 -10 -620 259 -7 529 -358 266 -200 79 -90 -936 -538 40 533 372 85 -1383 99 -254 -366 -148 444 -358 -279 -131 -1111 479 807 -924 -476 -230 637 716 255 -307 221 -90 22 -545 273 884 -342 382 511 327 -625 1078 122 254 555 -59 -1086 45 -187 554 -396 481 -114 592 121 -175 27 -635 -223 546 268 -1202 -38 880 -873 181 799 1343 -37 -125 556 19 -369 256 306 -293 782 171 231 1058 -49 -425 -169 13 84 -74 720 -209 145]
[-201 -844 -114 -211 -14 424 -357 62 -786 -592 -529 5 817 66 238 -335 770 -178 351 -204 -338 -23 -520 644 20 -1177 514 45 422 474 -397 -243 -578 590 348 -529 -372 -829 -742 810 -367 140 1819 44 60 -205 -10 -232 341 -60 204 462 -75 25 -45 -1527 -368 -849 -177 46 -106 -132 -474 -210 383 788 253 100 415 50 -150 -363 557 214 -334 837 -328 -528 506 517 461 171 142 -785 -165 -97 834 -517 -614 -72 -315 -133 -41 -1199 528 24 288 243 -492 1256 162 -427 370 116 -1459 194 429 -41 649 -860 -162 -286 -29 -495 -566 302 309 400 585 -19 -983]
[1109 -4 110 251 489 -590 -83 -15 401 983 -396 202 -339 -176 -1388 556 434 -587 595 171 94 666 334 -703 657 -333 -634 -635 -77 -900 696 534 193 -818 -1057 -313 -226 -844 860 -47 703 -329 -811 -932 -334 -669 -263 115 -300 136 -268 91 208 -49 95 70 113 300 1337 602 -554 -521 232 6 -546 187 31 -195 -867 566 -69 33 349 803 -1058 395 731 503 -867 -806 35 -684 323 -344 -202 851 107 -899 525 -14 515 1457 308 -1463 -649 684 246 1061 482 81 425 242 208 -408 162 -320 -401 -651 826 1091 648 1006 667 -608 6 -114 -562 -216 264 20 -38]
[1274 907 -88 391 -344 803 528 -330 13 265 185 -102 -638 -1128 -568 165 -754 762 -338 589 7 350 -825 -748 150 241 -1263 -679 -216 -1407 133 789 -163 -963 -374 -843 314 883 294 643 770 -269 -647 698 305 179 -376 912 29 503 -734 -45 694 -57 -1193 -126 1516 770 63 -503 176 553 539 585 132 401 -9 -338 72 -604 340 56 282 318 521 -605 266 151 -151 -1189 -724 -285 -219 -651 -370 -134 -503 -46 289 384 876 926 153 -113 -819 -705 -564 747 -623 -941 707 1143 -76 431 253 -517 -928 462 -1055 975 308 1021 513 129 411 -585 -716 -26 -488 152 848]
[11 -1154 1174 69 261 -464 -283 793 445 630 134 -544 -33 -740 -30 -1323 388 -192 1145 -42 691 895 376 -476 235 -92 650 420 -100 626 176 -251 254 258 -61 -673 -1074 -387 549 539 -290 34 950 743 -331 -602 -1083 -326 -172 335 -209 119 354 402 306 -394 -543 338 636 -331 -499 -662 -327 -352 54 -25 332 710 315 -871 190 -62 193 -431 11 52 45 -689 721 474 458 -749 843 -161 -94 1147 -58 -1384 -85 -623 329 504 -730 -646 443 246 630 -200 -472 532 118 785 437 95 -767 -345 108 -585 1379 574 -2 982 849 -728 -909 -203 971 218 -183 -37 -307]
[-121 -99 1293 723 158 -1427 336 1020 930 955 982 -108 -524 -160 -368 -1075 152 -859 432 499 1353 313 886 -259 -30 969 -186 -359 108 -334 432 618 427 -77 -640 -75 -30 957 1108 -996 -778 796 -798 474 -1642 -387 -484 -26 -927 -599 69 -160 82 305 -403 1333 -321 1189 239 410 -531 -607 -331 -123 -424 385 -420 -812 -925 545 301 556 -655 -1151 125 720 358 -88 204 741 85 -377 -29 820 159 1140 -564 411 -249 -445 -535 -125 -883 156 -49 1246 397 -554 -479 -409 449 163 2 -240 812 147 -461 -674 290 736 -327 -489 152 -35 -104 99 613 538 -734 1038 718]
[-312 -653 36 684 922 261 -636 1276 521 -169 197 -352 140 245 778 66 -373 -313 -132 -532 -332 1174 -301 -719 810 -215 682 272 -907 922 -415 -1259 -69 365 147 65 -846 -261 931 -487 -1020 -442 288 392 -269 519 -607 -310 -352 300 7 -228 -386 -979 375 423 -607 13 777 586 -624 -1175 -542 -355 647 -513 247 350 -708 -132 53 -786 704 -219 85 -142 -291 437 625 -11 458 -606 292 206 352 -208 617 -1804 533 -162 411 358 -75 653 532 68 657 -149 315 -292 -728 -83 -666 -23 363 -511 706 -419 1155 -773 -651 78 613 -171 -746 -572 1123 0 -275 -19 -954]
[226 671 -130 202 135 1038 -510 3 214 -728 -89 -62 -47 1043 899 606 -1501 542 -704 753 62 476 -8 -1252 -122 195 28 341 -38 579 -890 -277 387 421 108 -122 -184 -91 -354 -549 -46 -601 -598 215 458 1147 -530 -407 819 664 167 -691 -939 -284 23 769 535 173 -202 -959 1095 111 -10 935 1104 -1731 -4 58 -159 -287 209 -317 -570 455 1759 -1699 -214 -171 -561 -298 -1161 -128 -1116 343 -168 -70 -726 -425 -412 439 319 292 169 1482 -824 -316 -830 -153 -26 -507 -101 533 795 186 487 -525 1016 188 -802 -453 299 634 -233 867 -184 -415 281 -1155 -702 -333 800]
[-69 443 730 381 534 189 554 949 213 -532 730 -394 -532 -437 547 -982 -196 -988 340 1019 891 692 255 -565 -346 473 -636 -121 35 -353 107 320 97 -460 -456 118 49 1635 859 -1115 -56 -1041 275 1359 -406 778 70 -152 -259 626 140 -164 -350 -5 -310 305 -223 1001 -221 -416 11 -36 -27 290 1000 -507 585 -696 -897 -127 356 -245 -1296 -644 1749 -1053 -1256 -301 315 -113 351 222 250 -78 169 631 -630 241 -934 836 344 -208 -494 1363 -99 157 -8 -994 -92 -1055 0 -152 393 -421 676 -1163 36 -173 -508 486 -994 -612 -511 151 -99 -537 286 522 -693 280 1066]
[-820 -250 133 270 -795 -488 67 -12 -195 703 791 197 436 379 -269 -542 140 -244 766 875 641 -714 -160 571 -261 199 366 -110 -54 1114 -25 851 6 274 707 1081 -556 -602 11 115 -222 1058 -1039 252 -9 -630 15 -132 411 -643 -721 1246 -37 409 332 -512 -744 477 -38 917 442 -418 432 -365 -750 727 -686 -281 -121 555 587 880 -214 346 249 559 551 105 -321 31 442 786 -313 -35 330 338 -96 108 250 356 -915 -268 186 -807 260 893 -556 -869 -243 858 580 9 -1852 1057 -98 985 -109 718 317 384 -602 239 289 -107 -379 390 215 60 322 393 67]
[-48 -456 1129 -364 -166 -875 -162 485 636 843 113 -135 -604 50 123 190 148 -333 1480 127 607 -634 1190 266 196 -111 378 -28 -366 -732 -266 -344 621 856 -18 473 154 -172 376 -226 45 1665 90 -930 -930 -715 -854 4 64 -629 461 -958 92 888 322 -98 -514 -1024 471 554 -955 444 -330 -922 -134 50 -448 1457 187 -204 -885 477 -435 -353 -546 682 177 -589 -510 310 33 -209 527 1835 151 586 142 258 -550 -1546 258 225 -590 -148 265 501 88 291 950 1103 -201 294 915 -746 457 1282 309 -1574 585 273 756 -113 436 -743 346 22 223 -323 -158 740 678]
[975 913 644 -19 -44 628 543 545 -695 572 227 -366 -1085 -22 85 293 -264 -534 393 362 -305 -43 124 614 918 -174 -226 -1139 -131 -1969 -82 545 -808 -203 -583 -85 419 873 60 215 1121 597 365 -1048 -219 160 185 167 -240 301 526 -512 -317 -855 -17 -437 201 498 132 844 -576 653 -21 -397 209 1165 136 468 -701 84 155 39 -245 2 -333 721 -373 -337 -727 -440 -515 532 2 550 -394 1114 -203 -52 -416 -232 -93 520 -193 -255 -373 279 288 581 -243 204 480 -44 457 21 438 -93 -264 -612 -1344 246 651 -480 718 -344 794 47 -1292 620 -484 714 1825]
[-552 -766 522 -151 230 322 645 -184 -1133 -246 -368 -157 579 351 -1434 -257 840 -502 209 -350 839 -63 211 113 -622 -143 -463 491 371 -1098 294 984 -716 99 18 -1198 150 -735 -216 459 -442 775 1116 149 -762 -1325 -1064 826 18 -1007 430 -522 50 1249 -336 -1063 559 -596 -404 274 -730 -111 -291 126 -160 456 606 -407 690 302 123 74 -580 35 -147 331 -34 -579 659 715 -490 468 -206 -104 -226 -146 158 1567 -813 -960 -492 -89 377 -1319 -66 -297 -1164 615 -452 1263 295 -36 734 -489 -1149 -206 199 -370 107 -128 399 32 -475 547 -410 64 706 -66 707 108 532]
[549 1184 941 -35 -1513 -394 -100 -607 -90 1010 181 59 38 900 -1207 -648 -535 334 1024 646 937 89 919 -765 -525 443 465 -410 1116 220 -650 563 895 263 -72 -316 -187 -330 86 397 437 536 -1088 -408 -388 295 -1079 247 256 -25 -308 215 -236 280 551 784 -568 605 -272 113 178 -512 539 -30 -317 -11 -613 577 408 -228 627 488 -297 -611 389 -453 1028 67 -1235 150 -328 -566 -481 186 -883 2208 -422 -964 -813 -197 -621 911 -869 -644 -597 1652 -156 -412 -156 -83 890 960 379 317 160 808 -96 -569 -128 1051 1229 1216 1680 -906 456 263 -611 -900 -286 33 1265]
[36 -108 -576 254 698 -638 90 743 1215 -414 614 193 -562 -211 -88 590 250 -537 32 827 -739 -554 -394 361 -439 -417 34 -134 -959 346 461 -127 -69 -216 -1263 1679 296 219 927 -1074 -530 -708 -1416 460 127 68 835 -511 -293 221 -264 -119 744 287 742 254 -257 89 290 -392 358 5 500 -60 290 -437 -85 -1246 -1800 717 -360 -50 -153 356 -56 337 -855 823 -73 -815 650 -256 267 -343 623 -6 149 393 562 1396 763 -325 997 -38 438 674 -245 -330 459 -699 120 -532 -374 -348 938 -660 262 295 960 -233 -939 -1341 -835 435 30 225 -318 -545 -92 285 -273]
[-674 -898 -466 240 -542 -112 -67 368 561 -791 -587 -187 792 -126 808 -712 -162 -142 -111 -82 1047 262 77 234 -47 249 257 1569 709 1154 -59 21 476 517 -45 -643 -662 -1184 -843 557 -149 -122 722 538 455 -765 -370 -470 886 -212 -193 130 -450 -416 -522 -295 527 -609 366 -372 -40 557 -438 153 -344 -326 623 45 420 -844 -193 -497 -278 67 520 -1397 -56 -665 529 412 -1054 -561 -172 253 -232 -735 137 258 484 -103 41 -844 372 1519 -426 -664 -397 -130 -475 1262 -351 -104 146 288 -216 -551 879 352 484 -175 461 417 -1052 976 -700 234 947 234 497 -693 -792]
[-939 -1172 393 -437 529 -1080 237 623 -150 -381 371 115 -1094 -279 -15 526 540 -217 -125 -606 798 -73 -642 1226 -60 -883 291 780 -1248 913 581 277 -907 238 -870 -421 201 331 -28 82 -831 378 980 -233 -4 -251 626 -98 -1006 -420 -940 -892 135 62 -88 -438 29 -215 -192 -423 -136 292 -496 -393 979 -178 357 450 -89 69 262 -769 -178 -187 -524 448 620 704 24 1023 106 -451 -42 533 -65 -801 633 1091 662 -1195 150 -1727 80 -573 920 701 -395 -43 -92 482 -708 -584 -100 74 39 -971 963 -13 735 -663 -845 -826 -756 334 -423 860 1320 797 1167 365 -1447]
[-449 615 400 228 -331 -361 647 -394 -117 -856 -107 -204 -57 -134 -406 -36 111 45 336 311 299 271 -1275 341 -85 -674 -547 372 383 137 -537 561 282 -103 284 -135 478 76 433 194 -233 600 503 1298 -80 302 93 754 976 306 -544 335 1118 666 -229 -1210 407 -1105 -268 -461 -48 77 390 212 1146 190 -253 449 255 -363 -174 -832 -711 -11 682 -660 -571 371 -882 -524 -69 -21 492 -520 163 -228 247 133 -632 656 1036 547 -895 -1079 299 -348 -366 -122 289 -108 149 -292 -323 -440 287 111 193 -441 -230 235 141 56 101 -518 -280 -110 451 -764 1009 650 643]
[177 217 595 -478 -1591 276 -164 -859 -938 -125 -516 -508 -749 757 -143 203 -507 306 261 -7 332 118 -775 644 376 -879 -4 978 712 -43 -616 -699 39 489 -552 -674 591 -549 -1171 1034 1132 703 1913 -1159 345 395 19 589 1269 -50 -78 -472 201 136 592 -1380 885 -1511 -450 -679 387 727 259 120 919 545 247 1314 486 -706 -404 -296 -833 -42 216 -1084 -50 -530 -1361 -152 -392 -231 49 785 -778 351 497 127 -1017 -687 -256 -387 -498 -18 -356 -263 -738 -75 140 311 -205 20 1348 170 -16 557 506 -437 -649 -70 1136 785 1082 -410 219 436 -186 -374 763 -41 754]
[115 -288 700 540 -256 969 51 491 782 -45 382 -897 58 92 655 -336 -642 -409 703 1898 -139 58 310 -810 166 1237 -274 135 81 -184 672 -593 346 -361 885 -103 -899 -398 -23 596 535 261 198 1198 -678 41 -780 -236 570 358 259 -737 329 669 -410 -247 109 699 -916 -36 154 48 -26 129 -25 260 -150 -722 -106 -755 -324 1053 70 -595 817 -857 -1146 -894 874 -938 152 270 593 376 109 923 -155 -1156 -607 213 309 -52 386 1529 -970 -839 -237 -433 -747 -277 -255 972 -770 644 120 -80 -61 309 -829 166 -488 552 816 891 -358 -277 67 -199 -1544 79 1379]
[-530 720 -346 -414 -768 -828 153 -45 -41 162 304 137 -125 1096 331 665 -416 -97 478 274 -223 -1213 -122 531 536 -224 1416 400 -145 369 -661 -107 -214 1085 -926 1311 -13 -1588 -11 -214 218 1340 -1031 -591 1038 -722 220 324 532 -971 585 425 278 -346 1220 429 174 -720 802 790 248 96 -142 -392 -990 459 -427 -11 -1129 112 -111 393 -397 383 -141 -63 -611 -214 -1629 156 -295 221 -597 785 -54 -36 160 421 489 -157 -407 -679 -107 548 171 1238 -690 -748 667 432 548 -546 -408 100 731 1384 749 -206 741 -571 743 -416 720 -44 -183 156 -262 -525 569 364 1009]
[-392 -394 87 1057 441 13 262 484 818 51 618 -386 -439 -82 -129 -983 174 115 -1980 -318 -3 965 -29 -230 -350 638 121 137 644 1103 -145 -334 838 216 1281 -673 432 723 -299 -669 -1150 988 31 1082 -1428 854 -191 -148 144 -309 -565 -375 284 -247 257 1109 -220 778 -1197 415 691 -739 -17 457 275 64 -791 -367 347 126 738 313 236 -1556 -403 775 353 191 749 870 -417 -93 -831 732 -539 289 -351 -250 666 229 -497 -225 -708 710 169 -149 413 -261 -636 -779 -510 -358 -348 133 7 862 -821 481 -26 -365 -632 1 -170 608 -481 627 195 854 -704 377 -705]
[587 1365 -376 -88 878 523 422 -29 182 -501 -812 -44 201 1009 158 785 -487 -2 -1070 -310 -1380 224 -19 -1580 108 730 -72 -18 397 -642 -508 -503 705 -322 226 76 1142 138 -78 -355 387 -290 -639 96 -409 1127 -455 76 -26 73 1403 -915 180 -817 473 1267 150 573 -544 548 140 -946 -578 909 141 -202 -512 -312 -339 481 -137 -672 518 -489 -1030 -1190 -378 254 -673 -134 79 377 -122 -258 -273 -54 377 -407 292 326 416 529 -891 777 154 -93 14 619 725 -1660 -690 -47 133 -377 1071 824 -196 -393 -408 -925 -89 -242 167 180 -91 -706 -437 -594 -762 16 363]
[266 -34 -161 -759 667 265 -95 -266 -1340 -482 -504 -450 -700 993 321 1070 -310 -574 -444 -26 -1174 361 -234 -175 -12 -825 7 138 -1092 -30 -413 -1084 -310 -311 257 460 539 155 -500 -95 583 -334 1328 -1664 170 1215 460 -194 -502 -152 333 -754 -654 -878 734 -587 -908 -408 -1012 1271 -654 -218 -325 -1072 646 390 -5 901 -300 773 -730 -679 475 289 -1267 -164 -491 -185 -605 -42 1085 303 533 -270 -209 -155 1155 -633 -998 -871 -297 -1298 -347 330 625 187 989 -303 1116 -33 -1638 -950 -321 234 568 477 627 -390 -270 -910 -1011 -1110 844 -723 878 125 -536 1219 -144 305 -815]
[-283 -974 -1357 751 -177 1007 -220 1050 -235 86 573 -146 -126 219 -332 910 851 -34 -331 536 -279 -297 -634 810 95 -911 -268 -122 135 481 -21 -1302 -56 557 432 111 270 216 -684 -575 -402 234 504 -598 -1135 -367 277 -54 1014 -612 -1126 -715 -461 287 181 -748 670 -1304 369 1297 -181 10 82 -374 639 355 526 -804 -1062 673 243 493 375 337 -699 1100 -838 321 479 -629 -114 -240 -249 1197 449 -1287 801 84 841 506 -202 -170 1872 331 -378 -405 -827 215 97 593 -152 -588 -283 -197 -3 949 -23 936 520 -1118 -957 -521 -663 677 108 264 -405 470 99 -247 -1122]
[737 458 642 -861 -98 -935 1049 -161 95 269 16 -801 -1036 -525 145 -400 -431 1652 -904 -1383 -298 225 -1652 526 82 524 960 805 -359 -326 -375 -427 498 960 -243 -407 457 817 164 910 5 677 -502 151 494 207 -25 131 -1053 -57 -318 -164 1360 -941 369 552 258 308 -263 -431 -689 104 120 -202 -519 220 112 1353 688 -1444 313 -1030 242 -510 -730 -210 133 121 -551 691 74 -642 178 -75 -322 5 -352 -261 663 -444 391 -472 -1087 267 815 431 815 -262 -647 -1023 -35 818 486 568 937 165 422 -180 280 -710 839 -411 989 -1158 618 220 -216 -21 -79 269 8]
[-301 -131 -293 859 -20 1219 -1140 -726 -1044 11 -360 86 800 930 252 548 -362 17 -177 863 -734 -75 -529 -113 -275 -1506 -147 -728 -880 653 -897 -113 -904 2 826 -594 -132 -922 -179 826 -741 325 114 417 -167 1551 -425 102 945 -30 -10 21 -258 324 -1061 -610 460 -1018 -805 -591 926 -186 139 218 1002 -296 -728 -251 579 -449 24 98 160 -398 1381 304 78 373 354 -445 -369 -73 -703 -513 564 69 399 -1385 -988 30 -134 701 -262 -944 -376 -28 -454 453 -467 106 -55 -441 -342 -360 -1034 50 -287 465 -502 -303 -412 578 -95 38 -120 62 691 -167 226 406 39]
[-659 850 -887 57 -185 1352 475 -106 -583 -801 334 48 220 -530 866 150 -617 -268 313 649 -573 -599 -879 284 -137 -1199 42 -272 -373 -385 -806 1082 -684 177 -265 1314 397 -233 363 -506 59 -217 -1177 1466 1743 878 129 334 1165 362 -62 798 107 188 166 -170 -63 -920 776 -80 760 907 671 556 507 -680 -239 -489 -631 -752 397 -108 -252 327 2007 -739 -731 69 -426 -1411 -161 772 -674 107 520 -673 33 -251 384 1621 814 735 497 564 -438 -373 -1102 720 928 -135 67 -517 -673 -1113 -146 463 -366 321 -196 289 -182 417 -641 241 111 -610 -1078 -376 371 351 799]
[104 -490 265 -86 335 453 -14 133 -16 -1322 113 -245 331 -423 1265 -312 -839 880 -919 504 -691 1123 -2867 -374 -26 -1285 -718 168 -464 214 -517 564 -763 701 -613 -102 72 350 -342 113 -1739 -506 436 1424 938 706 76 -303 -485 441 568 282 1041 303 -636 -1216 467 279 241 -1595 687 192 -443 1115 863 -60 171 -789 -601 60 -184 -1144 404 546 1658 -348 -710 -988 649 94 66 549 437 -1496 674 -298 -466 -104 -580 282 517 -518 -351 -691 594 -763 764 -513 -883 -230 253 496 699 757 -17 -502 598 470 196 -1157 -728 -540 -232 -3 -983 -523 727 -425 -511 364 -429]
[497 -218 -763 -125 530 120 -102 -118 277 1017 -105 902 -62 117 -1214 797 853 38 -101 -648 -347 -530 2033 -89 -142 48 -406 -953 -583 -889 973 459 -186 -302 197 1314 727 552 -468 -571 -241 593 -1521 -1291 -1 -1106 86 520 -464 -690 808 -1188 -2 1092 925 341 -173 620 3 1163 616 321 301 144 -648 -385 36 359 180 1106 -325 949 276 130 -1480 1550 891 1022 544 387 -792 1055 -143 756 -527 41 -834 1857 1430 -1150 -754 224 1392 -665 577 -269 -363 750 644 246 -48 -379 -138 290 -357 -58 -124 -118 35 114 245 192 -434 810 224 -187 -810 -809 -438 -492 468]
[-725 -95 -1184 427 333 419 313 768 728 -1613 -53 69 270 357 606 -11 -77 -558 -1320 -439 -1270 36 -280 64 -866 -600 464 -179 -328 -120 -390 -686 -482 561 1086 81 -8 -188 193 -665 -1223 -492 791 19 -295 917 189 59 -911 166 402 -279 87 -1654 35 -70 -811 -828 -1300 982 -352 302 50 -1524 215 1160 -537 -697 28 600 -385 126 611 -526 -583 528 -879 227 1439 113 -222 -121 -148 81 -153 86 795 915 -412 -297 -128 -1700 1039 1246 309 -278 1012 -506 98 502 -114 -1157 -607 -433 -94 -461 215 283 -77 -1213 -62 -2143 -280 646 358 1014 -230 517 96 -477 -891]
[-334 -321 373 -1118 194 -951 1106 -455 158 515 79 -809 -260 -833 -169 -323 44 981 -117 -262 506 615 -382 -525 64 275 327 567 -681 727 651 412 4 -367 822 10 129 497 763 -62 -531 -149 -1077 1467 758 -500 135 -31 -114 -14 -549 -345 957 816 451 1016 552 820 484 -319 -273 751 -852 223 -205 -1347 342 250 1072 -914 403 -205 226 -1053 -115 -580 173 -81 576 838 -69 161 572 74 89 -906 -775 209 1097 -1408 480 -573 -552 534 348 -1044 413 -347 -734 -1103 -993 810 -1050 186 283 540 218 719 -51 229 -933 439 69 500 -703 -716 675 283 101 227 -670]
[-826 159 -402 609 -802 387 -331 263 -1096 509 -293 731 1268 -54 598 -703 540 -297 1336 -1238 670 -1121 1071 19 450 249 786 241 673 719 208 218 -447 -200 -303 314 95 498 -411 1414 -410 -236 548 214 446 231 -256 275 -276 -415 527 301 -755 -410 -570 753 -875 134 -157 482 -394 -229 -553 90 -811 317 131 262 279 -428 172 -754 1078 -1534 -300 62 441 12 945 1121 911 49 68 -223 43 -328 523 -181 96 -100 -1456 -738 -743 582 931 544 171 -116 -245 -41 -172 -566 -646 79 -128 202 278 -201 134 449 -639 82 -95 -274 4 -143 278 705 659 -446 -558]
[-335 -1031 584 -489 964 -512 4 -28 -928 -805 -124 -116 279 -544 -32 -544 581 -945 131 -883 -461 480 -927 596 218 -670 10 1167 -746 -587 862 -435 -1254 -452 -1094 -351 -615 -471 19 8 164 -411 1091 92 970 -589 525 338 -1143 102 820 85 441 401 -161 -467 124 -368 181 -1327 63 -322 -75 -273 290 54 585 -295 139 -168 407 -58 -453 822 491 0 86 96 21 -47 258 -109 536 -149 549 -167 195 5 -349 -744 -42 -1043 633 -175 -263 -486 306 138 224 -145 -296 -622 624 -669 -1148 -1862 -62 -422 43 -132 143 469 336 352 -359 -197 913 -18 755 113 -39]
[-297 -596 -174 -469 -879 -1202 128 -142 525 596 93 -57 514 -1109 118 -1329 992 69 424 -17 40 -558 632 91 -80 -455 -186 45 243 -32 -305 -602 42 -205 -67 545 -468 89 934 -1147 256 -310 -312 -503 49 -606 173 25 -432 -80 -26 1033 314 170 418 761 -74 -527 1638 77 -71 526 -609 -885 -897 510 149 -258 528 -174 -613 776 186 -428 -415 726 635 -482 950 320 836 -373 972 817 690 608 -145 -155 523 -805 -503 -330 129 535 -123 -448 1398 -81 379 -390 -309 177 -202 -860 -1217 1319 -970 209 946 933 -48 367 604 -467 27 95 -78 535 -136 12 -1397]
[-933 29 -40 -446 1289 -1345 344 -628 987 -589 -538 849 -516 110 -1277 254 1064 -1229 1409 -245 301 -283 1284 -406 -149 100 525 246 -68 923 1566 496 89 -732 240 -344 -224 -1184 307 396 373 148 150 708 159 -762 354 -89 112 373 -480 164 449 982 892 -715 -596 142 169 123 117 -192 701 61 -435 -216 -274 400 -390 -462 -250 279 -385 -170 -484 506 -655 191 32 48 419 98 657 -755 -397 519 474 620 532 369 959 -463 -229 -1037 719 59 6 -219 696 694 271 -561 -100 -509 -436 -1292 57 -491 1379 450 349 537 -269 -257 -1108 -25 245 -385 1527 113 14]
[-1124 -520 393 -364 -198 708 777 234 497 -275 174 -288 211 -456 491 -981 552 -552 804 -168 1099 -727 122 491 204 70 384 351 88 532 -206 1159 -497 -412 -436 -528 -705 -578 374 594 -274 626 991 863 420 -767 -816 -34 18 22 -532 73 -599 -43 889 -842 13 670 65 -158 84 515 38 404 -108 198 477 983 753 -758 682 -333 -568 -531 680 -739 -227 -739 911 473 25 1233 -50 458 -129 186 -134 399 264 -119 -222 -968 -78 539 721 -536 -1108 151 -142 648 -318 601 -342 599 -466 -325 518 434 -164 499 -516 829 -16 741 -1556 95 804 544 660 180 -526]
[424 -18 -132 210 804 -38 -454 691 -55 -225 -508 519 -323 -116 913 -386 483 -254 -709 -137 -94 -656 341 314 -28 -1182 238 -167 168 -863 -69 207 -832 144 -1575 -1152 355 32 -344 -466 188 774 331 -141 -103 702 -321 -304 -451 213 126 -730 -88 -403 -674 232 965 245 -366 -811 1783 300 -632 676 564 1010 -536 -507 -262 -175 129 417 436 77 -153 668 898 -235 57 569 -632 -376 -1213 653 -199 753 -199 428 28 72 -653 -446 -38 52 -254 363 -590 1457 -666 -180 684 415 1701 -396 -1146 -490 -210 256 -44 58 620 303 -17 518 -873 744 -275 674 72 943 152]
[-490 -740 -48 -1191 -377 -1162 -295 -388 -663 495 -981 28 670 -113 -152 5 -304 -122 1140 -251 311 621 650 -286 -83 -485 941 26 -340 1199 726 36 158 577 250 -180 -596 -1616 150 959 587 27 -291 197 1155 -729 -78 -534 -56 140 -694 173 669 188 445 73 -152 267 1009 800 176 -727 -181 -522 -308 -217 107 358 813 -709 32 -30 1309 -584 -1036 -1171 1308 222 290 441 307 -1043 704 -429 -121 25 778 -948 1106 -1450 81 -687 73 -566 -127 387 424 367 102 775 -478 112 -1551 173 -547 -42 -49 380 1004 299 -98 986 1064 -111 -494 29 -430 828 294 -650 -804]
[328 -471 -393 549 115 -436 239 -398 156 352 -320 378 70 547 -726 -210 377 -1212 12 -439 600 -21 1453 212 242 89 -165 206 473 -907 618 639 530 -1 -515 447 -51 -1296 335 -456 349 135 312 -1854 -339 -882 39 237 345 -572 192 504 -971 -193 537 599 -697 -423 702 1366 -309 -188 892 -517 -1435 -177 137 -799 -490 1195 -734 453 -729 466 -191 532 733 -177 361 175 -60 -113 -543 428 -357 624 -109 1024 -523 -112 -1302 -99 999 36 -960 960 -272 246 -178 942 38 -1005 642 -511 -327 -121 501 -825 435 401 232 -212 -54 164 971 1161 -681 27 -185 -1038 519]
[49 -275 -114 -1 351 515 -58 -190 -1036 342 547 -376 -1304 141 537 1221 -661 426 -1234 -429 405 -249 224 1083 832 95 109 -41 -407 -411 -242 -128 163 1165 -788 1393 905 713 -506 -712 178 645 -235 -854 252 623 1073 174 -148 -235 -254 -660 -216 88 781 -109 -434 -580 -463 681 810 606 882 67 31 -781 651 883 -684 -240 -413 -316 -933 434 -153 604 -696 -127 -962 338 -140 610 -111 1520 61 127 -741 130 -314 -127 -209 -513 171 1243 49 -477 113 -322 1100 -76 -1101 -1205 214 -193 1274 623 864 48 -552 -153 424 -670 -217 41 1362 427 -1117 710 -482 -161 1256]
[-214 518 457 -201 -2146 -255 475 -277 -1282 743 204 157 -553 883 -749 144 -673 488 -36 1112 1109 -121 254 -121 -341 -1608 155 -308 665 56 -1320 359 -131 1090 -508 224 699 1119 -228 -364 557 280 51 -1658 -490 430 -145 58 546 -72 -465 -631 -281 -176 187 35 490 -945 92 640 747 1333 -9 -411 1533 117 -100 679 -66 33 -258 -57 -881 -310 180 -85 548 -568 -1255 402 -1354 -498 -539 1911 -541 1422 -375 1117 -1031 -1355 -977 -1019 56 86 -1012 827 -43 -35 174 666 258 -469 552 -212 -42 594 733 -375 -1567 553 1264 -172 307 -87 1600 1147 -1143 -239 212 312 941]
[-157 309 -747 938 -151 1655 794 609 -771 -969 -91 130 -262 -567 -263 554 -275 672 -647 -861 -977 -880 -699 -580 -171 97 -797 -303 375 -1141 -144 151 -436 486 561 43 904 1180 568 201 38 -330 46 737 302 333 -110 805 500 477 -589 -112 325 -377 -284 -310 655 -799 464 370 -405 487 1122 140 554 684 319 42 112 -719 2 -1282 425 -343 -469 117 -835 437 1207 -321 -78 -515 374 -216 290 -836 283 164 849 1319 573 381 1031 217 327 -1954 -289 971 302 -591 -131 -308 -543 -803 167 -16 -449 706 72 -153 -48 -86 -423 532 931 -295 -1394 199 -595 -230 -186]
[331 -74 -761 -64 177 353 240 -132 506 -470 -433 809 50 655 -95 760 472 140 -132 1299 -329 -843 244 -1266 -917 -1256 56 -102 186 -950 287 223 235 764 -466 1484 324 -815 675 -1320 85 -537 -1651 5 213 668 -476 586 -139 -778 578 -353 714 845 -121 541 -1051 -747 -247 138 1305 298 366 456 -10 -259 -1058 -1141 -561 19 -1001 642 104 954 670 -180 -678 658 -447 -376 979 471 -964 638 62 450 35 434 -85 648 -265 314 898 381 -699 877 -1204 576 987 -1088 -313 122 306 -915 -398 381 644 -638 929 119 -233 397 239 -377 455 532 -797 -1008 -303 135 239]
[1092 38 -91 92 -297 540 -324 1233 -526 467 327 -40 4 -1802 -429 -1361 265 357 365 -875 -814 -274 1110 -389 9 -74 1400 -670 340 -213 -341 -640 -351 -18 -643 -117 -129 730 270 1092 1189 -1122 887 1000 734 -283 -127 498 -780 371 -433 22 937 -984 50 1259 -177 1233 475 -902 -225 -815 32 -635 -338 99 843 -443 506 -1081 878 -624 1068 -1345 -761 -4 -433 80 1111 381 1081 -1462 662 -1177 -670 3 419 -1441 1097 577 612 459 -385 -9 490 365 189 -116 -752 -1075 -169 -219 155 -406 -808 -823 -1625 89 696 354 -946 137 895 -178 337 -219 -477 1858 -982 -1094 -299]
[53 -14 736 56 -683 -630 -680 480 -830 724 877 79 -521 830 -555 527 -1232 -512 -562 184 1118 1886 833 332 -434 191 -400 52 -629 610 -333 -708 -55 660 -351 -283 -280 785 -1002 -466 -750 739 -143 -1544 -901 825 -87 -116 -915 -678 -270 -1199 -1132 -144 -249 718 -296 516 -506 415 -456 -385 -780 -717 234 -1239 1168 751 -414 423 77 -125 -479 -954 1021 13 1401 846 -1172 809 -1104 -617 -188 1236 -156 796 -179 -662 -301 -1694 -344 -318 262 1466 -716 1763 315 -1430 164 811 -652 -141 818 799 1619 -528 532 -399 -363 -410 737 -84 85 -121 843 -7 558 664 -343 2 521]
[415 164 915 280 218 -336 247 409 1198 436 668 -797 -1373 -1076 203 207 -1210 470 -187 -339 -1040 1269 -442 -98 1208 390 -845 -716 -1445 -887 -128 -48 -314 -339 665 837 -233 1235 320 -145 -411 1019 230 73 75 -136 589 554 -511 909 27 -544 1356 -10 593 17 691 -310 500 -115 -704 378 288 -329 430 20 136 898 156 120 -907 148 340 -391 -568 402 664 262 951 -683 -407 -740 904 135 359 -47 -1113 182 887 -855 1295 344 422 -29 73 -1512 1363 355 -491 -826 104 415 -826 556 636 -496 -358 -224 -979 180 310 -371 1356 187 302 -376 -250 -643 -1400 513 1258]
[880 490 -432 197 -1165 246 138 -1033 811 -14 172 195 -1062 -951 -213 396 -371 279 -537 520 -303 -37 334 -407 -153 -911 -511 -149 139 -663 637 -593 243 -376 -873 242 1076 -109 282 -199 764 -58 -13 286 848 10 591 966 945 -506 -183 -450 1012 632 -324 334 930 -775 -49 -898 343 2014 592 1098 239 -519 -379 -383 -658 -847 -840 620 -57 -628 439 -122 -943 -91 -189 -1101 -97 -341 -260 414 -1096 -1318 -45 579 491 779 423 573 -323 630 -399 33 -377 283 593 -501 -260 -253 1264 -900 237 362 -960 -448 401 827 -180 560 -581 81 694 -37 -1521 271 -138 -171 -268]
[159 -167 -180 388 -717 -439 18 378 876 -189 206 -108 538 -297 130 -415 -134 -50 86 1558 721 576 276 -1726 -268 -228 -475 76 103 1168 -1033 816 902 -517 609 -88 -685 595 -295 -312 -658 532 -725 839 -270 327 -257 -398 271 -404 -564 -279 214 -105 -1005 713 121 19 -15 50 -543 843 -915 170 829 -489 -746 176 323 -203 -525 -558 84 -967 97 -72 624 -277 -39 11 -500 -665 209 264 -264 -630 -99 -596 551 -10 456 -1047 -144 1270 -841 -421 658 264 104 -208 -1304 -247 -1506 167 108 362 361 -219 -754 449 -757 125 -102 678 -144 0 591 291 -559 1350 -807]
[-686 48 1482 -381 -412 86 -240 -402 190 181 1006 -746 -686 -537 -497 -305 -1424 667 -552 105 238 680 -194 268 -126 293 1006 -453 -38 1238 -1312 -72 -128 -38 104 -205 12 380 16 82 -728 910 379 686 -116 -67 -438 111 -20 386 -928 -435 342 612 1394 824 8 258 -899 -822 553 -152 12 458 924 -1178 -429 578 565 495 1261 512 353 -397 324 146 715 -828 -143 385 -534 -26 -1377 538 -472 -51 -395 -277 -589 -1040 -161 -312 -746 -774 629 115 7 -291 -685 -197 638 1016 256 558 34 995 -379 81 -708 382 -258 298 1306 744 -389 -96 138 -9 -530 196 -136]
[-284 68 27 240 -367 -1135 -239 -452 852 -13 -289 486 873 -541 151 -731 386 200 83 -627 246 586 -564 612 885 1431 -725 377 811 1136 907 -42 460 -584 488 112 51 399 -576 426 951 -214 -384 441 -198 -521 1318 -364 -300 887 -160 903 938 -138 -311 -257 -136 578 463 -389 285 -997 262 865 -512 208 -86 -476 328 -538 -320 337 348 -397 -742 311 1010 256 835 -191 897 -247 1412 -161 632 236 -162 -249 1397 766 7 -225 -269 -748 -110 -1640 1937 80 -547 -898 121 -175 -1417 470 -97 -556 -1112 463 -200 378 280 526 79 341 -194 -149 393 -435 79 -439 -96]
[92 -578 37 291 302 -607 -478 598 839 -45 667 -667 225 -305 2130 -1138 73 -66 365 -1013 -112 -337 292 -296 998 714 1889 309 -266 1262 -111 -645 173 1012 951 594 -783 37 111 191 -1206 1381 283 822 133 -569 -6 -1028 -134 -805 845 649 -287 -469 250 319 -351 470 -440 688 31 -35 -414 -150 -419 884 -862 -136 54 -123 33 286 801 -767 -194 931 55 -700 1521 968 589 29 -364 -33 2 -1064 -193 31 468 395 -725 -870 -766 1029 787 517 194 -162 -1507 168 276 15 -1083 932 -314 815 664 622 339 -1198 -1144 -946 -289 -399 -896 -80 911 876 -581 690 -537]
[-14 -785 421 1102 -1490 272 -193 790 489 -509 131 -167 489 241 662 -602 -32 68 439 -70 486 -524 -96 -551 128 -992 -308 673 -154 862 -1814 -192 -266 1131 556 912 133 -1109 516 -128 -264 1294 67 135 -242 -165 -1448 774 573 -490 144 -555 263 141 691 -754 -271 -595 4 -166 379 -691 223 -370 1250 100 -529 1124 1838 -366 -203 -615 -85 -238 640 -1293 931 760 408 169 195 -379 -362 968 -311 257 -258 327 170 -840 -235 638 23 -506 701 -558 -1186 -91 593 156 -258 65 -707 -30 -603 416 661 -157 638 -116 -283 724 728 118 -824 81 1810 -360 208 -420 -247]
[-872 -716 -724 315 -217 -122 74 352 418 195 -253 187 -90 -708 -59 -170 423 814 -1309 -861 -1395 -128 502 -30 -170 -990 995 335 -242 178 345 -598 -1372 -171 477 1379 -39 96 262 -651 -400 -1173 -4 -381 304 -261 713 -314 -519 321 -99 143 371 -669 579 756 -678 -113 422 -69 326 891 -687 -22 -439 111 250 -823 402 524 -300 490 1319 406 -1055 858 143 637 1566 -157 406 83 -54 -118 9 -655 -520 1034 1421 -20 -325 390 1061 -204 648 -604 735 339 -150 -357 -362 28 -829 -191 -1004 -353 -339 793 542 -152 -312 -845 -447 691 -297 887 -593 -71 343 -1141 -1303]
[706 -297 785 532 -975 740 -888 -1245 373 247 318 -719 454 -564 9 -484 -1089 926 -206 -283 -194 532 -396 166 417 193 -466 -30 -202 -604 153 -490 -225 172 486 -146 190 195 340 325 -654 29 411 868 -107 -48 -663 554 153 -129 336 -492 654 1050 -1275 98 274 -495 -1202 -907 -378 758 -5 30 237 -392 -650 -311 868 -478 -1022 527 979 -671 1214 353 90 -1122 1285 -591 217 -358 468 257 -191 -340 150 -650 -1417 -1107 290 379 -443 -262 -674 -1015 373 145 -1204 235 -279 862 490 303 -497 492 -270 -361 -1218 446 -174 236 666 -116 1026 -444 448 -305 -863 2 372]
[508 526 -539 1301 -193 -368 944 -287 994 -288 -1353 -44 653 -53 -1356 -399 662 -391 -1077 -459 -619 314 302 -516 -1276 421 -602 155 1235 -1011 79 -214 519 -644 -41 -164 248 86 649 -172 -821 -558 -561 686 -711 399 -798 716 644 80 849 111 1089 -145 -644 783 237 -1256 -1362 38 -723 95 343 325 -172 333 -371 -734 680 445 -804 -206 -231 -463 -71 30 -480 1315 288 -638 -762 -863 -257 -787 -419 49 -416 371 -716 977 -64 853 723 495 -340 -114 -23 521 -197 -1032 376 -70 474 -1079 25 -329 -106 -416 183 145 869 -497 -715 287 585 194 -373 -1248 -209 -230 284]
[-1089 467 -1807 -137 220 1340 -623 -605 -1317 200 8 640 1288 938 -980 578 271 -380 23 -155 543 171 1032 161 -566 -159 57 225 289 990 -82 -1005 -364 -969 -65 420 444 583 -1184 -1295 342 -2152 -240 97 -244 1026 384 422 499 350 -401 -117 -1593 451 -78 348 -387 -657 -930 572 714 -511 397 617 1177 -1593 452 -818 -722 1008 1142 1510 -313 1023 581 -784 -254 1264 -264 -1072 -224 889 -490 327 94 -706 686 -79 -386 -23 -766 257 1507 579 -370 196 -1234 -549 791 -401 -457 116 -546 -421 -303 -1001 2 478 -301 -446 -461 192 -572 738 480 -997 374 -1183 633 -1086 189]
[1390 197 56 -111 161 -445 824 538 481 -238 -195 418 -243 -908 -156 -381 256 -237 -4 1292 1019 1520 -36 -48 -8 205 -1035 -967 649 -748 1717 607 756 -454 -44 -856 -9 605 138 87 563 -266 -326 -3 -637 -181 377 -78 -1040 307 -1013 -135 129 -167 -844 -183 320 2244 -176 619 1040 -454 -371 419 147 920 349 -683 -37 137 832 -273 297 562 -478 -686 1272 1308 -908 -27 -225 367 -254 -577 -625 730 -127 -554 1231 -407 -236 760 231 -125 -357 1218 -32 245 -986 -373 547 645 -189 1242 658 -627 250 209 -425 472 -470 1242 526 -218 -374 465 -637 931 -464 -855 40]
[-316 18 225 -1226 626 -513 842 32 -108 -128 -358 47 -1019 260 -1006 605 -29 172 465 -39 380 -139 448 561 -689 352 -267 487 -182 -775 -107 -356 813 777 -140 1322 774 637 109 -1161 661 -600 -579 -891 -1032 -583 -483 -95 241 104 322 -462 -130 1427 1804 -755 420 -1332 827 -74 443 -172 124 229 -37 -268 1052 -59 -390 758 -572 388 -1258 1122 -57 -373 -176 -165 -490 -94 179 228 176 989 661 830 -143 1607 -317 -111 630 1027 469 -435 79 42 -960 390 1261 -94 192 449 1399 -1103 474 1364 55 -408 740 -186 946 -320 -846 -269 373 43 -680 -1904 258 -126 656]
[451 489 -865 82 -369 255 -136 -612 225 -39 -288 113 334 -121 640 545 -1537 632 -265 211 -500 181 -1308 609 -46 413 -713 177 -928 -311 -319 -223 860 -55 674 235 -452 109 -651 89 137 -627 -719 -106 866 123 501 373 1248 651 -465 1359 -609 -1013 -549 108 994 -644 1285 -430 -320 630 553 -341 -708 -468 37 -224 -197 -88 304 224 -450 833 1230 -871 72 155 -594 -660 -1138 79 -262 11 571 -964 -390 -342 -54 -96 492 -265 607 1327 -993 -990 606 -103 -73 521 -105 299 73 630 659 623 -29 381 -663 -181 333 700 522 417 582 -336 -735 -1122 -28 -308 -435]
[-480 -408 112 -191 1441 -1452 355 -426 1288 -44 -37 258 -596 -247 606 892 177 -192 -853 -679 -967 -108 405 -99 -67 1272 -11 -414 -1123 376 321 -523 179 -900 492 -368 29 1065 799 -675 -234 587 -5 124 -1049 -433 373 -129 -694 263 191 -424 507 -58 367 1884 320 306 -201 18 24 -766 -156 35 64 -330 -820 -154 234 128 -87 300 401 -1001 -1090 754 -193 832 432 550 -286 -639 183 815 974 -524 -309 3 995 -891 669 -759 -348 449 279 -390 921 571 410 -877 101 70 -443 -264 405 291 -720 -87 -243 -456 50 -738 180 623 47 44 282 92 -621 557 -547]
[1043 -752 -93 650 1657 25 -422 -132 -504 87 -477 -194 482 -555 -189 156 -17 180 -542 336 270 1365 -361 -2590 23 -379 -386 -1 -654 83 -1044 -804 737 108 856 -549 -56 498 654 120 305 603 152 513 -493 495 -1068 35 64 328 -560 -257 833 -80 -759 39 950 -298 129 -48 665 -934 -251 358 797 -745 -200 650 201 -664 -392 -525 456 289 164 -34 -212 -588 -470 135 240 -319 -91 -674 513 -774 -302 -1443 -82 -53 767 470 -811 141 -70 -663 438 509 4 -181 296 461 801 -305 -73 609 31 -495 293 745 -99 1337 796 -875 -748 -840 728 528 256 606 -258]
[267 730 593 -72 -1093 -516 943 -279 -198 -861 -49 -260 -458 -314 353 457 -845 404 -594 -142 263 -63 -588 1307 -291 841 -696 -197 261 -1610 484 1227 -423 -24 79 -328 885 8 -21 577 483 1265 -456 892 431 -306 254 756 -14 -843 -164 -137 535 -669 -2153 -224 221 404 -836 408 -1602 535 -617 -377 -643 1490 -956 7 975 -630 -826 -392 694 -292 104 -711 426 231 -1275 130 -226 338 -180 -131 -974 -1371 674 633 17 -435 412 -192 -1168 424 -201 22 -174 220 21 520 -930 123 -1200 320 941 636 -406 -888 -942 151 169 -659 248 -238 1170 262 -658 1069 -21 1050 496]
[-189 207 60 -416 -504 -105 -479 144 497 -550 -419 132 -148 682 111 297 -519 -230 -1093 -887 -748 -75 299 830 426 -423 732 -814 294 311 -435 -747 -919 211 -878 -58 99 183 -46 -1048 140 -1465 59 -1079 264 470 928 -1083 -866 853 389 -39 -1021 -1480 568 1166 -284 -290 35 -540 -468 321 -639 198 845 -425 -35 3 263 590 -325 -188 250 -663 -481 404 654 296 -62 252 38 -581 -1217 729 -860 -579 212 -99 436 43 -574 -533 533 603 -319 188 731 735 518 -377 -452 -991 627 -858 -1100 -958 -102 -37 -866 -560 562 -1177 -243 323 423 879 -727 178 469 47 -1217]
[992 -728 159 320 1077 629 304 428 -60 -6 321 1061 -1198 -469 -830 779 -782 -175 -1672 -284 -692 732 -1201 -792 561 -708 -719 -207 -614 -321 370 246 -503 609 -1266 780 1674 346 -299 -626 -659 -85 -922 -697 35 337 167 -706 -158 -516 -265 -329 -311 212 37 -488 123 742 203 -106 902 645 138 809 144 -672 162 350 -748 1152 -523 -717 -31 755 85 902 1356 -250 -399 274 -86 770 -685 258 -261 -276 288 674 677 -20 126 20 698 314 67 238 -985 104 304 -863 -649 136 1822 711 944 111 205 180 610 -436 -663 -109 -1183 185 120 57 -600 107 -301 315 -979]
[-1251 -15 9 -196 92 -17 127 -497 -1840 1824 306 -503 268 652 -859 417 -300 347 681 -140 1300 -99 760 -378 531 934 719 255 -1207 906 -358 -91 -301 -462 1256 -852 -1308 -621 125 1165 -219 612 -453 184 -956 -151 -531 1264 163 -785 -1590 1014 -799 155 3 54 401 15 288 1451 -613 -1121 -23 -240 -1073 -692 885 547 506 -595 1118 908 -249 -122 521 -281 540 336 254 966 -50 436 -743 -150 521 -260 -231 -49 69 -1308 -1074 -354 34 361 -96 204 -667 -1133 -945 -173 162 401 -1552 1083 -368 -318 506 890 322 451 -301 956 1413 -466 -449 -631 896 419 985 -13 424]
[-22 666 -111 -156 -1059 -312 978 -373 -655 -71 -85 393 679 -496 631 -694 83 829 -448 -652 206 -785 -1541 597 52 -6 551 274 857 -1119 -36 1123 -27 994 252 105 719 559 -570 429 -348 953 24 1260 153 760 534 909 -450 -656 -94 1259 892 -988 -1394 197 315 -300 -829 144 280 582 -367 276 -669 1966 -897 -211 776 -661 425 -177 124 -586 -785 -613 695 688 -223 443 264 635 -642 -370 241 -714 527 1266 282 311 -567 -783 -1361 553 -58 1 -317 685 -873 -895 540 521 -880 421 110 1598 -65 342 -1404 60 -30 -198 646 -543 -213 871 -378 411 646 593 317]
[606 896 -148 -180 166 -887 -272 190 1507 239 87 84 -247 -573 -151 942 -64 219 470 -497 -711 104 1126 -1070 210 -250 711 -796 -689 -724 -458 -777 844 -592 -727 173 53 94 1623 -713 -805 -327 -1024 123 -35 -336 -456 884 -879 -615 613 -912 836 97 -264 1565 184 -1100 584 -235 -1448 342 -252 -491 75 -642 -620 243 -212 341 -356 -153 407 -987 -331 47 -161 1202 -540 170 -32 -1353 379 371 130 -834 168 -519 703 -776 1129 953 -439 129 -37 1081 336 309 994 -1472 -736 109 274 -1326 1061 -136 -364 -1383 873 114 -317 -723 878 -537 519 -658 137 -481 -183 674 -204]
[312 457 -227 419 -678 -623 -476 632 1326 -1266 585 886 -121 -378 -109 -467 -597 -549 1273 311 542 391 233 -950 139 -188 280 769 -267 635 496 -4 128 -1016 -1820 403 -521 -133 1333 -908 93 -1463 -581 969 372 431 -459 423 -1240 874 -1030 200 281 -261 -77 390 -600 357 153 -1011 -174 -166 303 -622 -297 61 23 -894 -1037 -484 -330 -190 410 -301 547 -1312 454 575 407 -1293 1203 -1601 867 -311 485 649 971 -844 161 1096 1055 -519 250 1102 -840 268 138 -509 745 -1278 -171 643 -759 -40 904 -1263 -295 -236 916 1502 -228 535 1243 332 -135 -355 629 -459 263 -117 -228]
[-506 371 843 -286 -44 -142 1197 336 -335 419 547 -643 -987 -470 694 27 -399 -302 1460 734 476 -744 58 198 58 727 281 952 -927 529 648 1504 341 -1171 479 385 -619 140 675 979 914 469 -517 -16 658 -292 -822 -301 326 -124 -144 -579 -39 233 205 330 -1076 762 -1028 905 -569 702 561 -1053 -503 -438 -665 891 794 -650 766 68 146 -259 316 -1448 629 -248 -647 -923 -337 259 167 987 303 417 -487 -261 95 57 309 -298 -380 182 -23 1091 -1342 124 397 550 -258 853 -1579 502 922 277 158 355 -532 1307 -104 409 -338 -200 200 626 436 153 213 60 960]
[-1429 -76 463 -398 -771 -1211 -426 -860 -178 317 -116 -10 639 167 -186 -690 -340 138 493 -499 706 104 209 613 -873 173 87 329 -45 1871 -1187 204 941 -183 468 -244 206 -30 -538 399 -544 1383 694 -156 -232 -617 -572 -265 1055 -750 -464 591 147 304 428 -260 -283 -149 157 564 -189 -1218 -53 -154 -387 176 -288 943 975 487 -162 -230 128 -1051 531 -433 1084 -442 27 864 266 -174 944 149 172 -527 215 425 -271 -672 100 -783 -1284 -1036 1085 355 364 -736 893 981 -627 -307 -540 675 298 1353 -1166 -188 1155 -180 -350 -31 -96 -326 -860 -93 831 248 278 388 -1306]
[-226 383 566 319 48 -635 236 158 72 54 -376 -339 -476 1044 -1011 -327 -342 -1084 595 352 238 933 1024 19 -600 -352 -474 -234 51 -758 669 -413 181 455 -451 -629 225 -187 172 -696 -492 68 181 -253 -834 148 -247 -343 -97 -284 622 -750 -360 74 146 -429 -566 -294 321 1159 -1255 -33 1 -785 -253 469 651 -266 -1416 -183 -663 -257 135 -1231 -358 64 69 -47 1201 171 -106 -1184 1100 235 -245 1947 485 -514 -237 -728 297 28 380 -30 -433 992 1022 -173 -221 984 -130 333 949 -263 33 -1383 -25 -429 1579 -693 943 -690 612 -656 298 209 -767 -69 -541 214 225]
[-761 657 -946 511 56 62 383 567 289 -623 1169 -361 442 -1157 272 142 -213 1331 -812 -520 -386 -227 -253 1227 435 984 1008 152 -164 356 153 -821 -122 575 316 216 -351 83 653 -843 -624 126 -1018 1773 477 -1149 375 640 -45 -154 -722 48 543 -559 -32 933 1170 186 -184 305 207 -211 4 -549 -133 290 576 -128 324 -1228 730 116 229 119 -400 -697 -748 930 260 -232 -994 -427 -362 315 -276 -1438 -439 617 1853 573 1027 218 28 1064 785 -540 -412 -337 46 -163 133 -328 -1600 32 204 115 28 1040 -110 -506 4 -235 -852 645 -555 -159 128 280 188 -948 298]
[205 -424 -1129 -946 57 859 -135 -1023 76 -401 -49 122 818 -1283 -192 434 812 1009 851 333 -889 -1473 481 616 482 -509 445 -616 -518 -55 -941 -79 -548 -105 1084 134 -121 -719 -796 630 228 253 257 1027 964 -1492 -152 884 307 -541 -171 -103 195 1550 -25 -865 722 -1577 348 -934 -39 944 89 -132 -537 -197 6 988 1605 -1069 -442 800 475 602 413 808 -1119 -544 505 64 -509 397 554 -199 -405 -1088 257 -247 374 -1122 1298 403 477 -448 -109 -1906 -176 390 280 334 68 -142 20 -233 -1733 968 -818 -232 -246 -251 429 538 -287 109 -261 -1268 503 -15 183 585 -525]
[-475 108 253 983 -1013 930 211 1173 825 678 1129 141 -303 597 -962 -291 -282 467 228 1590 1241 663 1047 -709 -695 -37 -521 640 719 1292 28 -78 790 369 35 439 227 101 -24 -765 -826 560 -956 780 -1010 289 -1728 516 1119 -286 -794 -1105 441 1380 437 320 -83 462 -128 -69 412 47 -230 868 1030 -930 -271 -81 -869 319 340 393 179 -527 446 -116 82 104 238 -31 -861 -183 -797 545 -437 755 -745 224 507 628 -236 1301 106 -223 -451 333 -947 -1153 93 317 -202 879 80 309 441 293 275 -563 913 807 -640 601 100 982 -468 68 73 -1138 -987 54 853]
[-151 -968 -518 -404 194 -92 119 -847 -158 186 -706 489 600 -400 -853 268 913 867 -227 112 -429 -917 -55 -179 -529 398 -329 606 713 546 732 887 133 -347 -124 -772 -248 -419 -1196 742 265 -920 115 -633 -354 -301 -1024 -1012 -259 150 -637 346 82 565 -437 -106 -383 240 -353 -137 -305 -216 171 -167 -431 -338 -264 -559 658 -81 -698 -289 1331 711 -1783 171 937 -296 127 -182 500 -243 255 -1321 227 263 351 -57 331 855 246 -73 110 -1939 -13 -428 47 1451 -225 806 -10 1312 -25 804 -1306 -141 727 119 233 207 470 202 -380 -239 377 835 4 -3 -36 107 -1193]
[-403 1056 125 222 578 264 -158 -250 -1122 86 675 260 -197 1510 -358 235 21 -1144 -236 -229 -563 702 -115 1092 356 46 -35 -814 -7 -248 717 -959 -759 367 974 1025 233 203 -126 -1537 497 592 -302 368 235 791 1168 268 498 -237 376 331 -1042 -183 826 -441 -243 467 -135 903 832 -1056 13 201 -203 338 89 -433 -1317 1003 990 669 -1016 133 1539 644 -437 871 -1143 64 404 1534 -392 576 354 -55 110 -230 150 925 -649 329 -79 336 -253 430 -385 -1348 5 -303 -288 -378 -364 600 354 379 -657 319 -803 -1239 -895 653 388 -114 -445 -778 -119 386 11 498 943]
[411 -134 923 -838 470 771 437 294 -376 25 -654 -480 -304 71 -377 456 54 -281 1595 1384 885 -597 108 444 853 567 -875 -258 799 -1557 394 660 421 412 549 -32 199 266 -1423 921 1468 527 749 -779 -1210 -233 -200 -575 311 680 706 -1232 -336 830 -450 -1380 355 -295 300 297 460 626 -546 799 -469 400 855 -332 -474 730 -268 919 -869 714 -73 121 -142 -1512 -348 -238 -58 1187 361 694 143 1116 -155 335 -941 -752 368 598 643 -870 -601 -130 -291 950 -1063 1773 679 420 1416 115 -378 620 -23 -170 -317 -290 876 288 -798 218 13 -525 -65 -400 -527 121 1383]
[191 891 -167 9 -844 -235 32 -1098 368 488 -202 291 479 276 406 375 -33 364 -535 1221 -457 366 -387 -104 368 160 -880 -949 1031 -598 1182 493 -268 -1065 -708 -1042 -82 -430 -310 -241 361 -881 -327 -277 -80 1076 227 41 -712 907 901 778 244 156 -750 880 3 1210 27 -443 622 -21 -483 983 -628 604 -113 -2011 -548 125 -6 864 556 -534 268 -210 408 612 -446 -420 681 327 -65 -710 -432 1446 -655 -1124 190 371 -332 1284 -464 -537 -956 615 900 312 -670 -1664 -139 843 -443 348 -298 -205 -623 655 -498 -84 159 636 495 -290 -28 101 -611 -181 -907 -106 428]
[-101 228 744 -684 -198 362 -771 940 -158 576 471 308 621 -474 -178 295 -92 -54 1389 -491 -674 -51 402 322 -280 146 697 -1145 -1090 547 -470 -494 -269 -311 243 326 -387 113 982 257 -308 -214 352 -23 -350 -137 -342 -261 -335 568 -271 310 252 313 272 -366 -969 635 -96 -136 -918 -1518 -864 -1340 931 -630 105 994 1061 1176 171 -564 1264 -435 -820 -130 1557 729 190 -31 1158 25 392 -698 182 -73 1295 -696 -3 -718 555 1134 -170 -1772 921 1111 -408 237 -52 162 113 595 -705 399 -110 -119 -57 -325 133 29 -895 -496 195 -838 -304 -376 890 -167 256 -387 -896]
[-1248 -661 55 -690 465 -674 -186 -113 -338 -148 -156 -256 -67 890 19 787 275 -35 447 -327 -166 -1138 857 1320 -836 48 -185 166 -1227 800 247 -56 -765 -404 -520 670 445 -304 -779 -485 -453 -17 -275 -1218 -495 -38 410 -1012 -500 -559 -429 -954 -1047 716 785 -320 -499 43 -718 -9 -359 -224 393 -815 99 -354 96 628 239 802 -320 277 346 652 -1031 -370 603 120 377 179 556 493 324 70 524 -78 366 909 -192 -987 -449 -1173 408 -493 1184 -480 227 321 456 932 -1586 -190 -553 -315 127 167 461 242 202 -366 -965 -689 -911 311 123 586 399 135 324 123 -1060]
[-549 -1216 1055 -510 -690 228 -485 50 1173 930 -239 -619 710 -323 292 -558 -84 -42 815 -550 -517 -604 -556 638 996 1607 724 -67 -181 -133 796 -811 166 -118 80 849 -1758 -1365 726 1132 837 303 3 61 202 -1435 534 -623 -758 301 803 1083 658 -416 166 119 -214 811 632 -995 -1010 -699 272 -353 -1699 764 11 283 1080 160 -301 1155 804 186 -561 -249 56 -24 869 -693 1223 371 181 150 373 -183 273 -1219 85 -83 -46 281 585 593 -502 -389 421 546 -222 -623 -468 772 -1944 764 -434 -705 -979 -70 -386 561 205 804 1113 307 -326 -213 430 -589 -725 379 -571]
[-632 -9 241 -408 -736 556 822 196 -1083 -758 -522 81 -637 469 -946 1120 -298 854 1095 -1288 140 -252 -1152 486 649 -356 356 721 139 -573 -537 -478 -653 1024 -602 -540 101 150 -634 1462 282 719 1428 -580 186 -313 -885 1505 231 -77 -706 -138 241 -87 684 -1302 322 -1943 884 17 -679 -486 1290 -124 232 600 478 1528 433 -1325 48 -964 -168 417 -491 -497 135 907 -325 -430 -160 -532 4 383 37 -889 789 -278 333 -1 562 143 519 -676 148 -643 -763 1276 154 597 -2 429 -78 -263 -541 261 563 -1166 597 -1181 1494 1266 1498 -782 607 -200 212 -1433 758 -138 547]
[251 -494 -145 1343 -142 355 -1171 -302 -95 462 -974 -123 519 807 53 -299 -1221 -356 -1148 -685 -238 587 467 -617 -88 432 -918 1214 -397 -593 197 -43 589 -528 -1519 -197 583 -612 -523 -645 -162 425 -1195 -626 -185 -453 -900 -517 906 -944 964 -309 -712 -94 -1107 583 1432 -827 129 -679 -201 598 -277 988 -443 -91 -522 -3 -394 -33 -839 -588 -289 469 -434 -582 1156 -865 292 -913 -1807 -1065 -286 672 477 -1036 -145 123 583 207 -877 401 -326 1108 -660 -1167 -440 1196 1017 412 -848 230 943 -185 716 54 -366 -266 -374 864 1134 785 -786 1500 298 -316 -170 -570 -390 248 238]
[-25 -689 -128 152 1315 -465 551 -407 892 -77 144 -652 -128 621 -558 1042 -310 718 -1292 209 -483 1061 -675 -229 -122 797 474 1324 -1073 759 1063 206 1061 237 1538 801 -286 -866 329 150 -707 167 -2511 349 259 600 285 -767 -211 635 110 -1046 1241 424 1362 198 -493 76 -882 -326 420 221 1126 389 -600 -1142 -688 859 797 -119 410 569 -30 184 -172 -378 -208 972 198 239 -1138 410 -513 202 175 807 -1277 552 940 8 182 -2 730 -115 -225 -1214 1006 -491 -479 -703 -393 77 -1111 183 575 -1090 390 469 -466 632 645 -19 -302 1228 -400 844 -295 -1255 144 -300 556]
[-929 -939 1150 -441 1387 -727 -64 136 50 -329 77 75 694 170 -154 -106 777 47 301 -800 604 499 123 321 122 93 -208 230 25 -34 367 682 463 165 1075 -242 -596 -1169 1193 -445 -769 1356 158 478 -432 -1193 -440 -100 -970 -257 -288 -820 34 1003 399 -571 -860 558 314 236 -660 -1080 -243 118 -34 -49 -9 915 970 548 21 -475 -58 122 -442 353 1036 -37 -186 1157 890 471 1343 -225 94 -146 311 -336 -78 -690 422 599 -336 -2254 926 674 34 -349 896 1311 -1378 -201 -758 -420 -106 72 252 -712 1327 -484 -653 35 -254 -161 -1237 100 1428 -428 30 363 -359]
[826 592 773 65 -522 254 0 30 45 -151 -1136 -490 359 -874 -263 -1378 407 -504 760 -117 -84 943 315 -324 295 -1304 248 -858 1292 -651 -706 -927 -185 -58 -355 -1520 -161 -1006 983 642 1481 229 1818 657 -435 -924 -942 -14 665 389 -257 -504 272 -102 442 -301 913 -647 654 -668 -840 115 -253 21 938 685 509 531 1281 -1204 138 -450 313 -858 333 -692 -698 -788 162 39 71 -1367 122 276 -908 415 -183 -901 -1397 133 849 1385 -634 -551 -651 262 299 514 -66 -170 101 346 1699 -1283 -772 -694 -636 -1111 -752 756 1070 561 1181 -103 -358 253 -1038 830 589 -65 486]
[92 929 -784 623 -367 334 14 -710 -61 119 -490 214 -931 224 -294 666 -167 142 -997 -7 431 608 -1266 1059 767 374 -1657 -671 200 -247 1082 87 -423 -673 -280 -1081 350 -147 -749 105 731 203 24 -340 522 586 998 994 -550 -387 -1128 -95 10 -841 -671 72 627 757 81 552 -120 -64 533 843 -531 1011 -110 -105 -1143 -626 440 -466 1027 314 -569 -66 -69 718 -830 -1070 383 2 -796 -480 -755 -1810 449 -623 1660 867 -230 114 -227 -49 -413 -295 314 420 192 -272 -123 -495 -988 612 591 -78 -1269 343 -255 363 113 1043 459 -143 -209 26 -813 1736 784 -37 -806]
[1047 86 654 418 491 -228 -948 -1404 220 131 -166 -65 -38 -195 -915 202 118 1392 -494 -128 -409 -49 1297 -692 -941 -42 -379 -135 58 -6 -954 -470 681 -27 288 86 141 705 -465 200 -50 180 -559 -3 -170 54 146 35 658 -189 13 375 296 1500 -1034 360 416 -1576 -297 -1503 272 703 777 217 280 -1589 -136 1056 924 -885 -1033 -191 -1111 915 370 574 -162 92 -337 -41 -556 -1123 498 -735 911 -367 -1257 -1251 -729 668 1082 1750 -659 -525 -47 19 417 329 -135 -248 -321 173 1382 -803 -181 -242 -39 -679 256 178 1100 743 -702 -1146 1984 -256 532 -1131 -1006 -246 415]
[-372 -541 316 1342 815 -819 -599 814 -164 2008 427 112 -622 394 -445 -1153 -288 -904 -253 -323 -171 210 811 -308 760 328 -245 825 -1036 776 8 88 -78 -646 -853 388 -433 -205 -66 -283 336 934 -1085 -1146 -465 -689 -51 -283 9 -1304 -415 487 -1176 -1437 -180 1349 101 943 1766 1463 -288 -924 -55 -46 -1222 500 121 169 -1805 264 715 493 -747 287 -865 545 822 53 -30 -53 -393 -623 271 613 490 257 -331 -1178 2026 -243 -820 -252 -586 662 380 1412 432 19 582 287 -720 -642 -509 540 390 -188 -588 220 1762 610 -560 1104 475 -288 170 -263 -40 833 -746 610 -538]
[-65 -1201 636 678 48 209 -1184 1123 1346 -844 612 502 449 -207 957 -811 420 -550 539 669 875 251 -117 570 -27 -641 496 188 -121 722 855 -550 -179 -108 -1270 570 -851 206 763 -685 -1537 -971 543 1160 -564 369 -106 -1058 -601 432 -211 -130 154 808 -217 -837 -955 -119 -767 -1308 -253 178 -680 -47 1546 -269 -43 -1245 -1034 576 -503 109 482 -234 899 398 -283 -168 643 -358 1666 58 -170 370 75 249 354 -71 -1235 484 -281 -526 583 156 249 220 81 127 -312 -77 -56 72 147 -130 -161 -1421 1645 -823 12 302 -820 -817 -42 775 -870 461 920 -652 387 1191 -855]
[-444 -337 158 -414 55 -713 -23 1024 255 -68 -328 -581 627 -19 1007 -1099 -198 -95 60 -660 347 -99 -302 1343 90 102 2023 479 159 -42 -650 574 172 1634 487 -117 -989 77 119 79 -956 1238 3 123 10 -933 -187 -1040 -501 126 -238 327 250 -962 -224 163 -312 -553 163 621 -798 537 -728 -22 -444 783 285 -411 91 -244 -67 220 120 -339 -86 1357 -55 -576 1521 1111 31 -788 -583 319 899 -599 -149 684 544 378 -792 -913 595 -24 -126 652 666 782 -1697 1243 1290 -204 -239 588 -102 -375 559 613 -22 -844 418 -1683 -79 406 -88 362 -420 570 -43 826 370]
[41 -689 -238 100 397 1390 295 333 -794 326 -438 124 378 503 -648 -266 1468 -423 450 -255 814 1298 -408 184 768 -788 820 -541 807 739 232 -445 -148 318 -268 -1170 -711 -970 866 1264 880 -218 779 -408 150 -216 -428 -491 -360 -23 -571 -152 -308 -835 1278 -1254 -448 449 407 1313 -215 -1613 448 -89 -151 382 942 1060 189 -730 929 -286 446 -539 -73 19 -873 -540 129 209 1040 267 224 390 -467 1043 391 -1975 365 296 -690 -83 -96 -535 -73 806 56 -382 107 -279 98 -417 -187 -494 -568 -473 46 -259 930 65 -312 869 1055 -788 -850 592 -218 923 1064 -933 -437]
[368 -84 796 119 109 -657 -719 -709 -830 598 -168 -182 842 143 -618 -1813 6 894 -1280 -562 19 -143 792 -159 -1508 130 760 -14 545 799 -749 334 434 801 294 -898 489 625 -291 39 -467 722 238 619 -124 -240 -1022 -514 565 -977 -97 618 288 818 84 187 239 253 -1027 -149 848 -1126 234 195 -301 -174 -569 11 1178 -433 -129 -3 -215 -586 274 616 308 -874 291 1511 19 -273 -132 -1142 -429 101 -758 313 -495 661 -1062 63 -1999 -1397 1208 -109 -403 -303 -1039 -267 298 32 1030 383 -1094 860 -458 356 -193 192 -87 345 -307 -689 180 122 505 909 -423 546 511]
[-932 -312 -635 -25 527 -77 113 -559 -371 -334 -348 544 -230 168 -474 325 551 -797 -453 -760 -345 -1332 588 1545 -493 379 551 342 -41 756 398 322 -449 -297 -349 341 725 -1029 50 117 435 1045 -897 -595 -2 -4 180 -944 872 -241 -508 167 -364 350 1353 -617 -262 -119 -537 -61 592 -144 456 -161 -389 -473 -596 664 546 532 -8 -644 -894 -147 214 759 833 -14 -629 -374 -335 1323 -680 761 323 491 453 1328 433 714 -475 -635 630 -633 537 -97 -1851 -128 473 940 -135 -632 492 -632 -298 156 142 346 -225 317 421 -650 -1121 734 -295 1138 -342 -52 1760 -70 805]
[-837 215 124 422 -32 1392 343 735 -967 -727 932 -1202 52 -322 -1 -476 217 188 47 448 -1025 -363 -770 451 -790 -215 431 1025 -775 130 -806 111 -1004 -340 1340 87 -780 1012 -405 243 -188 902 558 1377 -230 -43 -395 182 401 278 -597 -767 209 106 417 -836 -600 -360 -1434 394 -601 -217 -264 -629 1238 53 203 61 171 -1193 631 148 832 25 749 228 -380 -131 976 -1067 376 -88 459 85 302 26 268 -297 185 1251 766 -353 1154 -56 166 -793 -697 381 -493 339 -14 -117 -1449 497 -1150 -616 15 881 -317 -482 -742 -300 298 647 23 -56 -75 -270 -137 175 707]
[204 1 88 -434 353 -333 -125 370 1035 27 681 447 -449 914 81 371 465 -895 514 1089 -349 -366 252 -628 149 -264 -440 -1734 717 -475 677 -4 242 451 565 803 589 -502 47 -1668 560 -159 -1748 -224 -218 180 962 -793 -793 140 -284 -280 -426 714 280 595 -781 385 766 809 482 112 440 306 -630 -86 -258 -1443 -1119 1112 424 1822 -573 428 -244 615 -205 29 -1246 -953 1288 276 327 910 85 274 -277 -755 533 462 71 2 1012 217 -983 660 509 -323 1671 -493 3 -899 -113 -853 542 1246 -834 384 1136 -759 -249 -525 -121 -249 168 -43 -1375 82 -1009 632 -359]
[-309 -163 -400 985 -938 1161 505 20 -253 -152 613 -309 551 -267 -609 -1166 -255 -239 -380 -300 57 317 -328 790 111 415 -184 80 578 120 -421 617 -420 -332 81 -511 81 -673 -362 383 601 -385 -293 412 439 85 -948 53 880 1114 -365 188 -609 -589 506 -302 519 710 164 689 507 -805 819 -411 -513 343 514 -308 493 -462 769 255 -236 -412 592 -924 580 -77 497 -774 -1214 -315 209 288 -582 2304 -204 -886 552 -208 -130 395 971 391 -833 -395 -191 -210 -493 -219 488 105 -1034 129 -790 -491 -1098 884 -291 462 878 920 401 1278 387 21 79 -206 -751 -1285 1020]
[-224 99 881 313 607 -169 327 848 -483 -562 -584 -720 -395 -279 -2046 -906 1317 -203 126 -1170 139 659 54 104 -795 312 -34 1920 461 544 604 -463 114 -346 -97 -542 341 330 807 470 1156 -500 976 -354 492 -1019 -496 -270 493 364 -547 -752 123 -439 1375 -854 -415 471 34 996 -1178 -943 59 -602 221 217 1215 1728 437 -900 712 -1484 -126 -159 -744 -1220 -230 140 -88 505 234 -678 1162 -138 -317 710 -110 191 903 666 202 13 -136 -925 1355 -579 41 -232 462 -51 -592 -118 313 92 209 -1297 292 -23 1096 1004 80 1051 478 -288 -325 88 201 255 1073 -749 -251]
[-395 728 439 -272 578 1417 217 -317 -1515 212 522 -80 -800 113 619 939 -287 -28 146 152 360 -754 -466 -234 171 44 -693 47 -1286 -1464 -547 116 -754 -81 506 -570 502 559 18 -411 601 1044 -201 -379 433 986 -392 738 468 -436 248 -383 -1654 13 -378 472 594 -80 630 128 -152 92 -565 572 832 -609 1 952 375 -267 1019 -170 -1187 105 1735 52 307 410 -1508 -119 -128 1267 -1103 1195 -171 -851 5 110 -282 -977 294 733 -453 307 15 2 -1265 422 1051 -572 -311 -292 695 -908 -322 432 273 -546 -486 -627 -83 662 -1 -37 -128 -765 714 -247 239 767 1078]
[350 399 -323 -911 260 81 64 28 1279 -222 -127 -92 -17 594 -474 381 -543 627 -268 -20 -306 664 763 -239 2 -886 690 -70 -10 452 291 354 338 -370 199 497 -571 -934 79 -174 -326 -519 -1509 -327 770 -377 -745 46 -312 349 -277 -812 -435 -44 1012 796 -1004 629 -1 713 99 827 -353 -97 -170 -1053 -236 576 -43 83 -266 -144 1336 293 -309 71 454 -103 85 -232 -595 -187 -323 222 -1052 310 -236 -637 501 -42 487 -53 450 221 -219 565 322 -64 292 251 -680 325 -132 839 -301 -631 1159 -143 -166 -56 372 -70 942 214 -28 653 -802 -1202 -216 -182 -519]
[-164 -992 19 -149 911 -68 -41 -455 -36 1108 664 705 -1646 -904 -581 809 -776 -340 -396 -1812 -396 -108 317 -291 383 -20 578 202 -1511 49 826 -1419 -1242 340 -1222 922 731 70 78 -116 193 180 -832 -319 835 371 396 -49 -434 -472 -258 150 -196 610 987 774 261 -99 1071 -248 374 71 191 595 -794 -1032 433 740 -910 -463 159 214 628 134 -26 763 1081 387 -111 120 692 -335 -619 693 437 -709 118 -130 1149 -841 239 148 947 1198 528 -45 -590 -139 623 -1072 127 639 1110 -632 612 434 -771 233 1642 -42 145 962 -455 -137 42 -893 -495 39 337 -237 -836]
[320 -899 -496 48 1221 -487 -403 851 -156 -404 -954 783 1340 920 648 244 825 -612 -623 62 428 -134 159 -313 -263 -626 724 131 633 726 -293 -8 432 810 766 -16 -410 -756 147 -643 689 -79 105 -1379 -42 -795 274 -1900 254 -29 -12 143 -983 -1116 -268 130 -395 -221 558 740 811 -691 -726 -202 387 -458 -370 -479 -54 1274 197 -192 -78 1468 -591 -212 749 121 -734 972 -131 293 -657 506 629 -665 -262 365 15 241 -1312 -58 644 -811 -60 638 -364 429 -11 601 379 -586 23 76 195 -385 1137 -51 -9 -493 -166 -312 -1140 964 -469 997 523 144 544 -514 -1261]
[-44 -248 -89 363 1474 244 1293 203 -894 -285 -839 -457 323 -296 -760 -532 780 -154 -692 -467 -872 72 -1107 231 140 -971 62 506 34 -417 221 892 -340 -144 -149 -126 -542 -1011 533 -260 264 -132 257 647 1084 -191 -239 -79 -81 919 -738 516 480 -1143 522 -50 -250 -152 698 687 -88 -862 374 -568 -351 -175 378 108 31 148 505 -840 559 1229 -687 -919 81 -479 -782 20 -192 290 -166 -1276 630 528 -794 -712 407 754 54 58 381 -709 -345 -157 494 473 -293 413 616 -387 425 11 -937 -881 480 126 223 1055 653 799 660 -345 -251 616 -1042 177 839 -234 146]
[-646 559 -192 267 -353 990 -5 -490 -1258 -281 217 -64 1411 132 102 -532 -595 -373 -512 -415 -748 615 113 -475 376 309 882 554 571 150 -84 -506 -463 -292 300 308 -275 -458 102 -672 255 -1126 78 1339 561 652 110 260 290 740 776 996 -1067 265 697 848 -245 236 -301 -346 247 -957 429 478 302 -818 -51 -561 736 -336 670 844 -390 254 1041 -1655 5 274 160 -235 -67 281 -394 39 299 129 -138 -539 -906 452 -606 585 -339 1004 -1198 -852 -482 -375 364 -1437 -421 -103 -602 -535 -773 -561 -413 442 -1499 255 125 724 639 683 -266 -328 47 -504 -104 -722 871]
[544 -190 1364 -337 1247 -1879 492 323 1285 -502 -459 -722 -1075 -192 -293 -1556 474 -407 -892 -1016 -449 1238 311 -288 460 1310 349 238 1938 355 661 -434 971 -562 720 -943 -129 -146 -339 -239 658 -307 1028 160 -386 -827 1074 -802 -502 337 399 -228 659 -1305 -341 1458 -633 910 -894 -1153 -434 111 30 -146 -264 350 -612 305 862 -59 243 -456 -896 -63 -1684 296 320 -570 -45 798 -421 -1058 165 123 -750 707 -644 113 91 -197 394 -479 -1236 289 -79 -424 1732 -525 -282 -632 -618 -573 1041 -57 519 -1283 -594 -597 -533 70 650 -542 -132 35 -117 716 515 729 -740 390 -23]
[496 -298 -201 -280 908 -544 -640 33 -999 738 -287 538 228 -243 130 383 512 428 -134 -284 -709 -109 465 1381 536 -459 1114 -403 -749 -64 153 -54 -498 418 -759 -359 177 95 -834 826 58 843 873 -794 70 -1171 731 -814 480 -277 487 290 -389 -147 -543 -410 1521 -101 1037 -19 384 -278 -957 444 -442 693 648 499 -484 144 -447 108 481 318 -721 1542 326 -22 -543 1367 -1041 -336 -220 -689 -515 -233 180 -374 1127 -835 73 702 -595 -1385 587 1287 -55 669 -645 719 388 -748 838 486 -1081 54 -558 -415 1074 -701 433 -314 -1142 -316 -159 -45 -252 435 308 475 -344]
[968 16 -78 -759 -572 26 707 41 40 -217 123 -13 -425 -1512 -193 -543 845 18 243 210 916 95 -600 555 -1651 -485 -1369 -5 -174 -654 -326 268 585 342 -797 411 431 776 -289 120 220 947 334 149 115 -68 -380 717 -823 -760 -996 -142 617 293 -408 -1143 52 338 -315 333 -613 -146 7 63 513 535 151 411 424 304 -30 -259 815 427 -574 26 801 -52 -38 65 995 -211 3 -787 -413 -8 -23 408 -270 76 338 -463 -55 -353 553 616 94 544 559 722 132 674 385 201 39 1068 -52 -79 844 374 -798 -292 163 -920 141 293 -851 1212 -216 102 -762]
[597 700 872 122 -241 -342 752 -32 304 714 532 -400 272 633 -130 -403 -306 221 352 1221 -283 -393 -382 -1027 -390 1410 -573 348 -482 -990 151 359 675 -612 1225 126 -407 815 202 -194 749 517 -864 -13 -830 -88 -57 -130 -198 -477 250 -515 -53 -171 -477 995 503 830 -975 -69 -612 71 -32 -544 -116 594 -768 -510 630 260 -4 688 -569 27 -522 -64 689 20 -384 -270 344 -602 367 231 151 320 -544 207 -159 -516 -8 -861 -48 558 -884 151 -315 92 -819 -902 -154 596 -1195 352 98 392 168 245 -1955 -70 -340 -292 850 352 422 534 783 -693 -969 666 1313]
[-945 992 -305 589 -1470 1782 -86 513 -722 -547 738 141 611 939 349 1112 -726 509 -239 956 -392 -640 -1294 -240 -396 -561 686 -348 -258 -192 -420 -71 -1198 502 -137 154 -274 -229 663 222 -856 335 -811 616 46 663 -306 860 -279 -417 -446 -945 -19 192 -314 -657 517 -357 -1165 131 660 21 252 -22 1087 889 -771 -445 -162 -378 668 856 809 321 581 -547 -317 962 617 -620 -417 280 -456 1298 550 660 646 -137 -266 -161 -295 -695 1179 727 -1041 -89 -1115 432 -512 -727 205 476 -2067 487 -33 -72 365 895 -1701 -151 -170 388 1053 1630 181 520 -664 -854 2 85 783]
[673 303 565 -594 47 -596 -126 -203 -287 25 -567 -458 -443 82 -1051 -596 407 301 -25 907 674 1617 153 -1858 -1248 -131 -680 -273 401 -253 505 109 539 -928 -106 -1139 -140 908 1 -910 26 -1044 -518 -686 -381 1100 -434 -132 -1055 39 134 -349 165 426 -34 946 -109 765 -906 -603 -7 -775 -923 203 207 -903 -153 -387 1023 249 71 39 -146 -241 -232 -503 1846 -345 -315 194 477 -609 -330 -18 -482 1283 -973 -238 -626 -640 -675 -274 -276 -364 -656 262 1136 462 -178 -1627 81 498 1290 -554 -460 -23 -242 -181 -94 903 -11 811 237 -598 14 422 75 -7 -372 -148 -286]
[-536 513 -394 -45 -181 -507 180 -640 474 -704 -139 405 123 642 -483 872 -314 -365 690 1853 690 -1493 1128 -80 -332 831 -1376 -375 624 228 18 1187 659 34 23 821 199 86 -300 -665 -688 538 -1608 -467 -382 -148 620 257 190 -332 159 70 -520 1859 -453 452 213 168 -258 -152 617 1477 777 505 -717 -1164 -436 -720 -587 638 -1018 117 -815 111 543 808 -175 -928 351 -299 -769 331 -849 -237 664 185 -705 1279 -762 515 -179 -989 733 520 -1225 -233 -176 -232 -71 424 259 -591 74 -175 -64 168 697 764 -750 211 -222 -893 -1128 396 484 165 -186 -506 -1054 442 1259]
[-170 -26 1185 -53 674 -1134 139 -124 524 -304 -628 463 905 487 -592 274 -355 -211 612 -520 1080 -27 500 -1078 745 647 -225 191 560 -194 511 864 -9 58 -321 -135 -1246 -313 1247 -820 409 -193 -653 -311 -437 -1257 -764 23 -1096 417 91 779 -339 310 -506 1011 303 172 1017 -150 48 -718 -219 842 -86 -94 -432 -586 -91 1227 10 330 186 1394 220 -313 871 -246 -137 547 493 -170 -262 335 1084 408 -850 -308 -442 -112 -685 71 114 -1280 -631 -66 147 929 9 213 863 780 61 -190 -61 -498 685 -581 -105 1012 644 1420 686 162 -292 103 800 -797 204 891 -258]
[-85 -954 714 1025 -112 -212 -919 1225 581 493 626 870 -218 526 -1052 488 385 -596 1477 296 48 -251 146 -634 341 -42 726 -567 616 188 712 -879 -59 938 -1039 -1097 -745 -857 -330 644 -703 456 593 -873 -1321 -581 -318 -410 -673 -680 -142 -665 -366 128 -326 -224 -35 -12 840 65 -357 -858 -169 -172 -795 1004 -74 -373 -1795 421 254 -110 229 -140 -818 1727 160 -854 274 612 253 -1505 552 761 234 1621 846 -826 117 -788 -180 -1250 807 -128 -411 1515 389 -426 -427 687 614 -71 1683 -44 -147 -347 164 -659 1813 -876 110 303 496 -76 -478 597 358 -695 -440 -639 -702]
[-494 -132 98 -44 282 64 -956 -1140 163 905 1134 -2 -433 -926 582 -373 -843 626 -355 -699 76 327 -287 910 209 985 387 -147 -1306 1290 -374 -832 791 -658 1169 489 -539 710 -9 339 407 719 -992 -253 174 -388 1164 -252 758 64 -581 1348 -43 -142 366 -290 356 102 84 -732 1144 113 1151 -90 -331 -656 -508 1088 925 -678 897 703 -993 954 1274 1071 798 -189 -286 -240 -595 820 -345 489 647 -1328 -759 301 557 172 -85 -220 -332 495 259 -720 34 -739 407 -312 -156 -100 -838 642 63 133 -1124 598 -781 217 136 731 -728 85 161 -361 613 -242 227 -351 -85]
[387 -730 -620 -155 899 -57 -444 704 924 -454 -1142 -584 1222 1043 881 -1050 991 -111 -116 -168 -234 1316 -441 -1456 262 138 1189 1127 970 785 -163 -1394 1157 -241 372 -1116 -959 -1076 588 -182 -178 -638 -53 -289 -112 -487 -830 -636 113 75 644 -88 -254 -904 486 482 -390 877 802 398 -208 -1746 -857 -30 162 13 -185 -551 -151 132 216 -328 521 562 -1360 -210 -378 -152 458 410 -66 -220 -197 -431 -338 -34 437 -1387 846 149 -1059 -155 -8 135 -103 -292 894 422 -780 -565 14 295 -356 678 -718 -719 994 -284 929 -1212 -205 516 1326 329 -1131 -420 946 -232 -544 -76 -806]
[-765 -460 936 206 496 -935 104 -562 -832 852 -256 -540 104 1494 -2145 -215 13 -452 93 927 750 910 394 468 -602 -156 17 -3 212 916 557 -321 -259 37 -598 -9 -293 175 926 -453 -53 -472 -1255 -292 -1546 558 -162 -1168 -13 109 -821 -268 -17 530 718 426 -643 535 449 662 -286 -1165 245 407 -1 -480 404 -920 -1083 173 -50 -320 -85 -530 -54 157 -205 98 550 320 989 -40 695 -344 659 2154 158 -1324 -841 -43 -669 -158 415 -1426 -217 1117 858 -893 -583 -13 -737 413 -447 -362 142 -695 33 192 981 -47 -165 -544 640 -558 219 700 -263 -12 -496 919 -270]
[565 -374 -57 110 358 -354 -262 -91 -821 492 -281 613 264 367 444 725 -31 -205 329 43 -192 78 -913 319 1537 -1932 243 -1179 -53 198 -445 595 -179 452 21 189 -12 -1023 -155 235 -313 -56 -557 -820 -218 -147 2 16 461 -214 175 336 414 -18 -448 -302 -90 -1317 287 1025 342 -344 18 -278 968 8 -1175 -256 -279 1056 127 79 694 1266 -1053 1348 625 71 -1139 -429 -454 174 -1005 867 275 -379 10 -362 -25 -785 -950 643 -27 -1968 19 -351 639 1480 417 791 792 -939 -452 -564 -119 646 841 -590 -863 -158 296 227 19 -317 45 277 107 -153 596 610 -288]
[539 95 283 -110 524 40 525 -611 -838 -105 741 648 -735 160 -1190 1135 -617 -518 -324 197 -117 1109 -348 -2001 -167 -318 -615 415 -599 -459 336 108 -15 -83 170 614 1009 197 584 -752 -370 418 -225 -58 191 482 -47 1469 223 -511 353 -648 195 1185 1362 327 -725 357 160 709 283 -174 570 254 -36 -1303 -166 136 -654 230 118 205 -803 -155 691 255 -488 178 -907 -178 539 323 253 354 -301 -320 175 312 -721 -925 70 -70 89 305 139 337 -412 -1277 1332 -1026 -304 -377 676 -405 948 806 -179 -523 1133 -76 -851 712 893 97 504 -1220 -223 -246 -136 -420 556]
[876 1031 -793 561 -313 23 -74 -175 -725 1130 583 419 -89 -797 -513 486 -181 -661 565 1297 589 -82 288 -60 1142 -150 -520 -421 -766 -421 -93 1351 -161 -1231 -1439 827 347 -57 7 611 1700 -399 -780 -768 1097 -554 756 82 811 -542 278 825 -584 -1111 -235 -568 977 672 1325 902 240 589 -26 123 -677 621 405 -294 -1675 573 129 239 -585 1199 -138 5 -187 -556 -1120 -536 -121 493 235 -577 -589 116 507 -56 698 250 34 457 -659 -571 315 722 -581 -43 -335 -8 591 -398 -792 863 781 251 -316 416 -349 1353 -493 164 -371 173 409 -435 -223 879 352 -96 248]
[151 902 -321 -252 -1174 -666 129 104 191 -552 396 560 552 27 1130 -512 -395 468 1169 298 -11 -1916 -1064 729 -72 -226 934 -419 123 416 -782 159 143 845 486 520 85 0 -840 937 -140 370 -177 104 706 -521 216 317 233 -782 397 1112 -508 -829 -1101 -527 224 -119 -231 -401 -33 574 -393 -669 -540 1570 -1211 -488 453 -247 519 -99 -620 986 -51 328 -88 -350 -558 107 292 436 -407 -309 105 -1157 195 347 -269 2 -578 -913 -669 -179 934 386 -155 -422 -293 312 704 -8 -486 892 598 1276 370 568 -304 -902 -482 -576 -5 -194 558 121 525 75 142 197 -485]
]
