5403.423637 2916.459617 1.027730927 65
[[-488 -502 366 655 -855 -85 -111 199 -421 485 -89 -242 826 753 -743 -256 369 -790 239 -604 -531 242 344 -662 673 -566 -587 -52 377 -817 -235 -382 -454 -687 -424 683 -629 -266 116 -1130 -47 78 -334 180 136 -103 495 921 -718 391 658 266 -235 169 -547 787 307 923 911 -443 365 366 129 -206 867 849 -773 349 -489 -477 434 -524 287 504 171 156 -127 -148 857 -779 -69 270 334 494 -66 -415 -804 713 -147 -122 -493 -456 300 481 226 -231 269 63 331 -672 432 -6 426 -312 -745 294 -409 52 -11 454 182 390 46 -786 -1042 127 -178 449 230 73 284]
[409 -227 -129 -702 250 64 206 -119 104 -28 -572 343 216 -415 453 -1249 331 -430 -801 135 -830 -343 -184 737 113 1000 177 483 188 -761 -319 -483 956 488 -949 -399 434 505 -214 -14 -1347 178 -161 -352 422 -331 279 -7 309 281 -45 398 17 781 -331 -963 279 540 964 322 301 60 962 61 230 468 -297 -119 167 65 -155 -543 -694 -266 835 -70 -335 -73 306 -460 -22 406 788 -15 761 -967 -567 -297 -38 -213 -62 438 720 -547 224 -127 297 -570 725 -549 691 598 -765 262 -1123 197 600 294 -473 757 227 232 -347 -1205 -68 -396 1009 9 -352 11 -394]
[342 -57 838 -638 123 -353 1362 24 620 -133 244 -294 -428 -475 1532 499 -126 584 916 456 1399 59 -190 -274 -357 -387 228 341 -166 898 1101 384 -229 -698 732 475 -207 27 -475 426 487 -151 591 50 -253 275 -426 -341 -267 -99 -240 -650 -549 -1222 453 357 193 -1746 -907 -520 -163 201 -88 178 64 -442 510 -507 -656 -404 841 1221 512 328 -382 159 451 113 165 970 -1057 -1113 -152 -228 -1018 101 918 -1 -391 59 59 232 265 1098 -155 422 484 721 -290 651 818 442 750 -743 465 169 -672 -431 59 -218 -106 -390 46 556 65 41 -85 -525 -179 453 -459]
[602 312 2 1205 396 37 -216 -371 494 -711 -142 -241 388 383 -2013 274 -170 -46 319 424 152 -374 817 -707 -245 516 -547 -10 -387 385 -792 -13 -870 230 -271 -12 -280 -721 250 -374 140 233 -246 -483 204 55 73 -15 -47 486 301 613 1115 867 -211 175 269 611 -731 -362 -316 -424 -837 -468 -89 -2 -439 6 394 -188 -1126 -129 1076 455 -885 -605 518 -944 254 -117 126 259 193 -254 -161 535 1120 820 75 -277 -196 -65 265 -679 183 184 630 -143 -390 170 -161 6 275 -55 198 286 -92 662 -494 818 859 3 -1026 641 -395 -319 -497 1179 923 -1132 -128]
[-1 -634 -343 81 386 13 1318 -242 247 581 -1265 750 -486 285 -348 -702 -637 425 -750 354 504 -894 -533 394 -443 662 -528 114 600 -456 0 315 74 147 -175 -749 -508 159 143 167 -340 -122 -462 269 312 15 -28 -816 32 1255 111 280 -430 1088 634 -349 172 749 383 95 -1079 -1258 389 -95 -218 452 -1054 -461 567 739 -559 72 8 -436 514 -409 -79 57 74 -777 -198 217 356 -371 17 69 149 -406 89 -542 519 561 41 213 -287 -440 751 97 362 41 156 1079 -439 46 -5 -277 -215 -719 -564 1335 675 909 -403 -827 -36 72 -369 345 595 -1165 -747]
[-658 110 -551 -107 -1081 169 -241 -635 -532 1103 -1114 -204 -458 216 -112 -304 -310 -389 -371 -504 -583 310 -575 -123 509 621 322 -378 -253 -1015 948 -196 382 626 -994 -993 -305 294 -836 295 -993 -135 -712 -403 950 721 77 80 -27 889 796 613 49 212 -94 -585 203 213 992 611 -453 -221 1101 841 396 834 -808 -502 -79 1053 959 -1624 -265 -597 751 310 -755 -141 304 -217 675 1392 180 -440 301 -300 -164 -432 89 835 -233 -812 -54 -147 439 1 -714 -630 1005 -711 -1057 -790 -238 117 -499 -677 -6 -477 -436 -208 319 852 928 -686 -225 -362 116 36 -216 -658 309]
[-60 -150 -133 -259 675 89 -536 -70 266 -843 791 202 707 -204 -295 -276 565 -417 -232 756 -1448 -395 115 -365 230 -647 231 -280 584 -895 -1327 97 662 -227 216 202 987 -205 509 38 -226 -328 -668 308 -6 -446 919 435 -139 -947 -287 -305 191 273 -460 -91 207 474 321 519 1701 1028 661 355 117 348 -355 812 -531 -426 -663 -508 256 260 -15 -930 -1070 585 4 -302 -4 677 464 1406 764 -681 -851 -127 -110 -1167 -172 241 -175 424 144 -425 -1081 -140 -110 -4 1017 178 -437 993 -310 1241 -288 1228 614 591 -151 -104 447 19 -537 704 -303 275 225 901 -803]
[1077 394 16 284 433 -438 -1102 -200 412 -162 -320 -729 96 -16 -897 612 -343 -378 58 165 180 -538 -124 -595 143 344 -660 -941 -1259 386 487 402 -757 531 -1454 -322 308 -1 -661 -209 -60 363 469 -439 307 845 -1006 311 349 107 308 412 1237 351 -33 608 -555 -857 -1074 -183 -208 1083 -829 -185 -601 -626 643 -669 780 180 13 -154 357 75 -463 516 1067 -448 -230 962 -43 -72 209 -605 251 481 -219 942 -534 679 -313 -807 587 -1219 -162 907 425 -927 -378 372 -497 -207 270 -481 -217 -267 1302 185 -556 137 -123 272 -393 857 176 -1488 991 297 267 -828 623]
[251 1317 367 -193 48 61 492 -619 514 -947 -347 -834 -32 238 17 61 186 361 432 975 15 -579 180 -569 -627 -770 919 -147 -1129 116 77 293 32 -408 -239 779 571 -867 -122 910 945 -141 151 585 418 -123 -620 -319 1071 -777 139 -1025 471 -238 -162 523 519 -349 -1199 -286 578 812 -988 508 -23 -352 297 -246 677 180 -1219 -142 850 821 -662 -153 -782 -56 -405 248 81 -797 231 -388 528 -195 1121 509 -749 309 -391 -618 -207 -100 -591 543 -232 788 434 281 651 -494 389 136 432 1091 170 482 108 570 568 -415 -578 1240 -943 -26 -292 956 208 353 56]
[655 -272 -264 414 124 -928 -593 -1026 -186 1410 964 -590 -363 10 -534 746 -200 -515 -209 -313 -34 -205 -430 -401 291 -92 -531 195 44 1367 -131 836 -395 848 -812 -253 499 520 -166 172 -121 490 -45 -708 5 305 302 343 -834 569 549 711 354 637 845 -396 -609 34 157 273 -1840 152 736 -77 783 -614 549 -303 68 665 227 541 3 102 -80 -165 209 -170 456 765 696 965 124 -168 -324 376 690 56 476 377 811 603 136 -573 284 1177 -61 -1022 -520 -310 -771 -403 70 -474 374 -236 625 366 -51 -105 25 199 -606 -311 279 -670 531 409 -227 -568 -79]
[607 -118 -316 168 679 -17 -17 151 -34 -687 -612 413 647 -1049 -157 -221 272 -481 402 191 -635 656 107 -1031 488 568 245 672 245 -432 111 231 216 -1079 -818 169 104 -250 -841 -222 -903 -183 -502 -292 313 -330 -69 333 806 -92 313 184 -243 -132 -788 -668 439 -708 -589 1145 1038 189 -521 -282 -453 603 244 -937 -2 -505 895 -323 336 -2 -343 131 -22 -516 23 471 -467 401 -105 -122 20 187 -934 -127 -830 -444 -302 -234 1193 356 1223 -680 -194 -332 273 457 944 459 -162 -222 -465 218 -428 669 -1040 -807 -203 288 960 396 24 601 721 -491 322 373 -861]
[183 -340 290 -35 2 -41 -332 79 -467 1271 785 -494 807 264 562 -536 1277 -1127 145 -1305 -411 86 -323 -788 423 -1575 -308 349 0 286 -1397 32 -901 -855 -1584 2259 949 -61 -308 -161 996 3 608 601 -233 -894 276 893 808 -158 409 -601 -844 346 -677 870 -510 505 -372 -185 492 1013 -1586 -808 335 -212 -45 268 596 -522 383 969 78 344 694 950 -1115 -17 -37 -103 26 -1457 29 -385 798 223 -1280 754 -670 1459 873 -452 -618 -341 -407 442 359 241 84 -317 1099 -340 -493 -1181 -503 238 1040 -134 261 -291 -1074 -570 -274 -590 48 -377 548 -12 -240 1142 477]
[59 130 736 -761 -269 -127 123 459 -712 -917 -1099 -257 -311 124 -447 -38 -222 -199 214 1202 211 -360 331 -61 -504 -1372 701 -911 -1285 -304 1310 -152 -72 -922 680 19 132 -245 -187 84 1074 -365 -141 727 471 257 -1343 252 -36 -1690 -182 -651 -626 -1250 -260 668 70 -267 -330 -1080 927 724 285 166 13 -356 88 -130 368 272 603 742 305 526 -184 997 -580 1170 -754 113 -628 257 -697 479 37 -123 -1398 207 -372 -344 -654 -1015 -481 477 -571 256 -276 628 -50 -281 -37 -680 101 181 704 254 -221 -129 715 -302 -761 582 425 753 27 647 -766 -686 -661 695 685]
[83 236 -52 141 454 685 -747 498 668 -827 32 34 37 151 -1333 185 526 -380 113 -282 592 378 1287 -1079 248 -323 443 -489 -1061 80 -885 -387 -474 59 700 -250 -147 -179 -36 1148 486 -529 -566 -547 243 98 41 -336 510 -816 -205 897 200 112 -653 -288 42 -256 -1127 411 934 -497 -221 -336 -1060 242 -844 527 607 -48 157 -57 57 -351 179 267 -633 599 -1048 183 179 91 -1158 228 -232 693 312 -90 1064 157 -548 -953 -1573 428 459 -586 -1322 319 -280 464 -951 -570 -1020 264 1622 -188 -159 272 42 -551 -341 -1210 830 611 758 593 -1321 -666 -804 -427 127]
[-224 -320 -81 877 -152 -739 -437 1142 -749 316 -292 -321 159 -351 -1069 -433 190 -81 -107 -271 105 63 -211 -392 5 -864 -554 -50 128 534 -538 471 -174 -1621 46 607 -643 341 970 188 1324 340 -1054 488 21 -860 -1016 258 774 -1094 98 405 -761 609 458 307 -339 763 -882 3 -196 -1062 -420 -618 -197 -297 574 17 980 420 -1205 572 -122 -21 -372 715 754 -41 -473 -716 74 -600 -471 -57 -422 868 -1617 349 -403 59 99 -770 456 683 190 -25 283 454 -546 -192 -520 79 223 -733 517 629 712 227 -578 -133 -25 -217 -784 159 -447 404 131 -350 -1462 -140 138]
[818 643 -465 -869 1505 299 -690 -1029 128 -199 1609 529 425 -445 1403 25 436 575 177 142 -1261 109 1 52 -529 -614 1073 1313 201 1296 -1035 224 385 672 119 922 1475 161 222 451 -684 -228 -55 191 -223 -901 1017 -134 310 -618 -227 -390 232 -34 200 -941 -1231 479 -126 1344 604 148 -580 -628 137 56 294 -207 64 21 -58 -618 -9 -181 -666 -901 -1268 309 -77 206 514 641 -67 636 645 744 192 -1148 127 -746 749 741 -134 -1731 -168 -107 -697 -487 -335 -344 1179 -110 -525 668 -591 -93 458 1131 615 -721 -228 89 -27 1221 664 570 691 74 277 514 -1012]
[-1095 1143 840 -586 -1799 269 546 1751 -481 233 70 303 -87 670 610 103 730 -379 -426 -1297 387 917 1040 612 513 -294 208 -15 -152 -868 774 -776 1351 -264 361 -11 -796 407 -237 14 943 594 1279 -368 -440 -245 72 119 198 362 -22 -154 -14 -161 -480 378 826 -33 977 43 288 666 998 514 241 581 636 721 257 -572 89 -15 -1672 856 855 946 316 343 663 -162 142 46 -290 -708 181 -1066 443 -149 -286 -216 -934 196 -175 673 -400 -568 -225 104 1070 -351 -212 -307 -25 581 -559 109 118 -134 -44 289 10 -132 128 -1609 -905 12 732 38 -710 592 784]
[810 33 947 -684 910 -455 -237 606 261 454 1079 -73 -775 -928 314 -159 758 -287 -575 323 237 -529 -759 -384 -610 -498 200 -309 -264 883 -755 457 956 391 -475 -533 889 526 -952 1477 -388 915 -330 -881 -359 219 -211 54 360 -138 -472 980 265 1005 120 -204 -1103 -25 -532 341 700 576 1670 -232 -151 585 -167 -122 456 761 460 -171 -337 -41 672 -350 -64 477 -33 888 -314 513 292 18 190 360 -932 148 -316 -145 139 289 -362 -622 112 475 -772 -1137 -912 -15 301 -407 -284 92 -138 526 1169 184 -19 -257 -104 -166 65 -751 535 -321 713 -573 -594 295 -1146]
[709 -451 443 691 -338 -969 400 -1105 517 493 -434 -1197 757 1208 -542 626 -195 49 588 395 -323 -308 884 -1463 784 -1492 -99 115 -956 1177 334 387 -973 -103 -677 1014 -360 -1246 -321 -940 -189 -1009 -248 608 863 -280 -726 802 -70 80 1220 -959 -291 -1113 378 575 286 71 -547 -254 -941 578 -1223 73 1305 -132 -377 -150 -53 369 231 18 1244 564 -361 -507 -306 214 -7 -253 137 -53 -432 350 -683 435 1001 756 543 -557 -136 -723 812 413 114 1084 241 827 129 15 708 69 462 -331 -106 694 -373 102 334 446 420 299 -1221 1031 -1905 -522 36 558 67 -407 -496]
[-922 867 156 360 575 -94 454 -69 -335 555 1298 57 -950 973 589 471 415 56 -488 -804 1582 -32 -605 180 -893 -782 779 32 1017 219 -311 444 -573 265 384 614 80 731 -17 1511 986 413 1461 -120 -1107 -584 368 -576 246 -714 -12 -99 -184 39 192 863 -642 -395 -240 82 -265 618 -597 157 -564 31 355 480 605 244 -722 251 -554 234 771 -8 -205 170 -916 1072 854 -1231 -179 -689 13 -258 1093 -333 -184 300 540 -39 -1500 489 -442 -656 -1119 1090 -390 367 -823 -270 105 -574 1362 -446 135 -997 666 -886 -316 -1344 990 -592 336 765 -873 -710 452 268 459]
[123 -485 -126 1425 516 -954 -621 28 -1220 -365 123 -287 108 199 -1254 -432 98 -947 112 958 -425 -456 -309 51 -462 413 -315 631 1071 111 -1484 56 -224 -1036 9 706 -184 -519 1021 -696 201 409 -494 -26 -194 -647 416 1015 -696 -213 526 695 115 619 612 281 11 1088 697 -689 127 -226 146 -47 962 7 254 325 877 -671 -2145 497 -101 573 -663 -717 961 -791 -286 -204 556 575 332 -221 415 -246 -1144 307 -1272 -507 285 553 905 -26 621 -409 443 268 -1071 -779 -851 -21 416 -347 36 612 -279 660 -920 193 540 -162 -1238 -438 -387 873 -715 236 198 256 806]
[-54 596 874 -509 1087 -246 130 275 82 468 1444 10 296 624 1106 1676 87 392 818 353 460 -25 305 397 10 -492 10 493 308 1003 -255 -339 -220 -130 2039 336 -382 -80 110 -798 528 79 1616 -274 -1015 45 1047 266 -1441 88 -440 172 418 -377 515 923 -356 -263 523 -491 182 892 -3 -232 343 573 -142 329 470 -747 -258 739 -528 732 -1135 -235 718 883 448 265 504 93 -61 492 -280 845 439 -47 -43 -619 -127 655 -413 -227 -1352 -124 322 903 -738 9 476 426 209 115 -242 -317 -452 601 746 967 -41 173 -303 517 -122 -55 -406 671 780 458 411]
[-522 946 -116 1014 -920 1074 -718 513 -233 -261 813 63 -542 -331 -904 39 -642 383 499 -269 -182 1141 623 -555 -346 424 -426 -227 -53 -631 -625 -546 -94 -309 205 -386 -96 -1181 85 -73 839 263 -892 -63 -185 265 -246 -89 874 327 -33 -470 681 792 -381 46 341 983 -425 -374 1477 -1293 -645 -77 158 -150 813 533 -10 -838 -932 -572 839 122 -694 -802 962 -1681 55 -368 -113 51 524 -1149 230 687 429 195 -1032 1050 226 77 -108 -1018 284 -101 121 -455 -696 -168 -1006 -1058 984 1143 84 751 -449 380 -624 -486 726 -649 -576 432 156 267 -925 541 483 17 595]
[394 -483 -1021 651 457 -783 258 -112 -1403 276 -699 662 565 682 -1467 -140 -298 -1376 -729 348 -1031 -57 -285 478 222 -79 -569 460 1055 -467 5 -390 219 -359 -464 -502 532 713 392 -650 542 108 54 -1237 168 -833 1052 377 -992 -219 1041 1260 30 970 664 -699 464 1240 562 548 -1193 14 1284 180 408 805 -504 128 507 435 -953 543 -581 -30 -102 203 -497 428 893 -1005 1036 2149 283 439 326 414 -623 -237 184 -667 1022 419 143 125 -152 -55 -360 -216 61 -184 -198 150 -499 -748 -42 -551 -570 412 -264 760 -115 1357 -304 -1004 36 434 -370 422 313 -175 -297]
[463 349 582 -428 -1335 -118 -412 553 -235 949 382 -528 -718 1831 -116 -419 -425 258 -321 -337 321 -609 93 -529 -1134 -1106 484 -702 -1070 -63 545 492 9 146 126 761 317 -144 -288 -12 1689 189 553 329 -148 1000 -449 397 -281 578 793 -160 394 264 1110 1215 -950 797 369 -521 -286 303 529 353 422 -153 104 408 1556 904 -13 306 -444 139 19 544 -121 1039 -256 101 -122 375 12 -556 478 340 -364 370 -6 429 37 -620 -1068 -594 -980 483 -514 -195 -565 -1145 -1584 -1057 399 474 800 -9 111 83 480 -291 468 472 -675 115 546 -73 -490 307 -21 -333 970]
[-434 160 -672 -277 347 214 111 599 -546 -823 -1917 838 426 737 591 -258 -11 -461 -1024 -54 -989 90 774 542 523 150 -479 405 146 -378 594 -521 633 -391 -547 -838 -721 318 251 155 -425 -541 -270 129 485 -859 -208 -360 1103 493 761 -334 -823 -722 -226 -628 350 99 299 991 -1149 -391 -529 248 -701 583 -562 98 254 599 -82 -1209 -906 -813 270 35 83 308 -357 -1799 460 87 -527 208 195 34 -412 -307 23 -796 -552 -795 854 -1001 -335 -884 -306 113 1432 319 388 410 -648 250 -724 -501 531 -1014 -329 -184 0 978 282 368 -865 406 596 -307 -315 -292 -137]
[476 227 -45 460 -355 11 -975 -985 650 163 451 -604 584 453 -356 164 -291 -1099 -69 -435 549 -26 1826 -809 519 -186 133 140 -568 186 221 90 -809 1818 -743 -106 -36 156 -328 -418 -981 -303 -326 -993 422 202 115 716 -1202 -267 -364 139 1206 -72 -341 153 -574 -211 475 -229 1150 848 -18 157 630 -433 -111 490 -216 -1086 588 -547 -57 13 864 -459 338 231 314 847 -587 1345 -51 1 -402 -475 1383 -782 641 -1289 -487 260 447 81 100 -379 82 -531 -186 -570 -387 341 -347 681 -706 -5 80 1396 198 1030 -213 -222 -103 -497 -178 -696 319 -402 238 -1790 346]
[19 1005 954 -1341 400 -140 1328 16 -196 -748 -199 468 261 -74 1594 -1105 369 -169 -1012 49 777 -192 53 948 -798 -959 666 780 170 172 1254 -282 926 28 310 -8 -109 888 159 1430 35 432 440 89 -270 -1231 -318 -1015 543 -1405 -522 -1175 -606 80 359 -247 49 86 433 154 -197 -100 494 -585 -229 534 543 284 115 -515 -22 -146 -1000 31 1315 59 -359 1128 -558 -602 -62 -816 537 630 -164 -1656 343 -679 -298 -1355 171 -175 -111 -8 -793 -421 256 753 681 -10 1284 1377 -313 768 376 384 828 -192 191 1055 282 -466 312 -682 -244 902 -314 -995 -672 149 -674]
[-215 -815 -1067 835 99 137 -194 873 -1360 81 558 833 551 1205 -331 171 -171 -748 -476 -705 -583 727 587 -165 -507 -842 -722 623 937 -11 -229 142 -294 -674 320 389 476 -707 158 -988 510 320 -715 811 -782 57 426 743 -656 387 603 405 -951 -113 369 638 -1248 1752 1177 -166 -344 126 -459 -1012 25 142 5 -478 1085 -421 119 59 -276 104 -21 -155 134 390 360 -1184 -403 974 -504 35 243 365 -1524 -36 -172 -291 75 1055 508 -1516 266 -1057 -851 -424 -133 -588 212 -515 461 346 126 -686 -326 -591 50 -1505 -296 567 -100 -71 731 1953 -271 -123 379 118 342]
[-172 -1596 1041 -594 341 -55 -608 558 250 -311 -336 352 -501 -304 -102 490 -205 221 -122 1343 -236 -545 -86 -241 264 376 -230 -1216 258 -1119 242 807 232 -204 1161 -1051 -558 -543 90 -1678 56 -983 668 1212 -942 1561 -53 -202 -722 402 -1109 -1205 -891 -997 114 830 138 -259 731 -826 655 970 486 745 428 -450 -240 518 -555 -377 882 1130 -848 -266 -189 -450 783 1400 -1373 118 -812 -793 192 1402 521 -442 -1846 955 -168 -796 -912 -70 -840 730 -330 -109 324 436 -900 289 -619 1076 46 1551 488 534 -737 -191 487 37 -732 522 818 -34 898 556 -1085 -654 597 1452 365]
[-1641 -556 27 -344 446 91 -204 -46 338 1764 1266 547 -56 242 -366 899 992 499 -710 -1562 752 -601 -749 534 736 297 -1446 -281 446 -157 -542 435 -405 366 650 -270 -115 708 798 -526 -11 730 649 217 -807 1067 1041 -715 -995 1259 -620 1480 64 1479 -176 837 -1468 1070 827 33 -314 635 756 -624 -163 631 -1072 -531 -216 776 -29 -359 173 583 549 271 -477 171 743 -528 201 -82 510 7 -53 344 -387 689 659 496 -246 48 -1257 -367 275 14 184 -289 167 -503 416 333 -383 -367 -1105 -990 1098 -1177 381 705 -535 656 343 -1298 375 -653 953 1065 12 -667 -272]
[7 108 -848 115 -360 -492 -1418 -915 151 985 -427 -1281 -702 871 503 -457 -184 -337 -230 262 -1077 -563 -1213 -32 812 -60 362 -384 44 -59 -509 804 -90 -444 -536 468 736 -667 792 325 139 -375 259 -69 607 -79 218 982 399 495 895 333 -180 12 261 -157 -38 -4 -262 136 -660 542 254 1412 131 -399 202 573 344 1285 -578 -237 -209 -467 -404 88 -364 319 -73 -962 615 -320 283 -107 398 772 -294 617 4 1028 198 -1008 -596 191 105 674 -756 441 318 -459 -814 -837 -400 -660 356 423 -123 -265 492 -906 522 -497 -28 469 327 -413 584 730 -623 217 730]
[360 239 1399 56 419 -363 1032 -594 333 1299 1293 -193 -3 154 -373 980 360 350 724 -162 1145 206 531 -1261 -98 -1206 -315 20 -889 1246 959 7 -447 501 411 125 -234 -1125 -1028 -467 -266 -217 512 44 -146 1049 -260 -930 -488 1286 280 -454 553 -39 647 458 -635 -877 -991 -109 -222 538 -250 -376 971 152 -20 -787 -204 -422 628 538 1341 1141 -412 -642 487 -745 -353 1280 25 -166 197 -371 -961 650 1542 279 -431 -152 903 265 -376 271 354 1011 573 -193 -727 -94 464 -50 488 463 -441 218 248 -739 0 424 264 65 -642 562 -208 -619 -256 -29 775 269 -812]
[894 -223 -314 -418 1246 -804 143 171 1295 -1172 -594 -188 -193 -87 307 -996 60 -263 -281 1207 -116 -128 -95 97 696 827 43 -616 -117 -1089 563 -40 1023 -327 -771 -471 489 -399 202 221 -1179 -439 549 -192 16 683 -386 -830 53 -418 -409 458 400 329 99 -437 91 -1443 -827 673 1761 972 814 1047 -230 283 678 -439 -75 -902 -96 -34 -1085 187 114 -862 857 638 -882 636 -758 -813 985 446 312 -675 -325 160 -813 27 -402 580 450 1431 808 -453 58 -329 418 1079 888 1222 -96 295 351 510 -205 -723 -1006 -414 26 -687 99 -248 108 -530 569 -603 -285 1065 118]
[1348 1395 1370 -695 638 388 234 -711 -196 -716 743 -154 -138 90 196 -66 983 -841 894 221 779 -281 563 -11 -807 6 652 1097 -405 1667 -325 -1127 -208 -91 -39 529 12 604 -396 949 116 728 1124 -1751 -176 -1032 495 -292 519 -333 -11 691 130 38 -649 -286 409 -136 -1168 -1127 -101 176 498 -693 354 504 -544 486 -73 -194 -148 -1 -43 517 -155 8 -470 -419 779 -6 451 -419 495 -274 -160 277 1849 -90 -791 -92 -116 -785 -692 -1790 -1124 1361 163 215 -385 -702 284 -434 184 -1092 -166 321 752 734 233 330 724 -418 -269 -108 547 -73 -357 480 -518 -465 168]
[1103 505 -73 -1279 354 516 -1386 -36 -1107 527 447 449 -239 451 51 -126 897 -1031 61 -496 -577 -156 721 -530 230 -1176 519 295 -769 331 -514 -476 142 236 -1310 1095 642 1108 234 707 216 -369 48 55 916 -807 -89 78 644 -467 958 -190 -480 217 -35 -571 -588 -87 -407 -4 416 582 226 -340 1068 -335 492 134 599 -48 181 -304 -1082 754 144 628 -900 -339 -971 432 874 691 -455 -258 966 -182 -473 -1432 -712 -233 696 -265 -379 -1027 -233 772 -872 -892 -432 -1336 -894 -357 -1017 -164 -284 -87 1289 267 -124 242 -1002 151 45 -427 -1 636 461 -1590 -1391 93 954]
[61 164 458 -138 -730 3 614 832 -803 652 225 306 -281 1835 -1016 -387 -416 384 -140 -482 394 172 831 -132 267 -983 -710 -352 264 -366 363 709 -472 -1882 628 690 -571 -923 482 -231 1446 264 90 1376 -673 -474 -878 586 693 419 808 -64 -1351 426 -36 954 26 1427 998 416 -531 -555 -343 -1418 157 -94 823 -87 1113 828 435 820 346 931 -287 -166 -428 1075 115 -493 -511 315 -598 -221 412 31 -1707 147 -587 -635 -66 -94 -159 -634 -238 -347 -58 53 618 -470 99 -391 434 474 1219 72 -275 -274 155 -910 146 795 76 42 -188 1298 -492 929 -114 -273 400]
[-133 -574 381 202 424 97 334 664 98 -639 -212 432 160 257 -674 -448 532 -176 -1774 -491 738 228 1275 492 -476 -676 -390 261 -315 -385 281 -178 -94 1245 172 -567 -17 -169 -5 -574 -241 834 464 -554 -560 55 90 -606 -742 -343 -868 -281 -72 1218 -136 -116 -961 1860 178 -999 259 -504 552 -1243 -12 702 -758 377 157 -814 441 20 -892 445 1535 171 105 265 36 -1106 -580 -174 313 375 -65 -720 -45 496 1265 -682 334 420 -547 52 350 -388 699 -62 -72 -639 856 1105 -711 1106 105 -17 709 -618 -12 1094 -576 -229 -503 -1925 427 167 -204 -944 -210 -179 -336]
[-251 72 -702 879 86 450 513 959 -335 -810 -843 838 -369 500 -1385 470 -263 -914 -311 231 -77 93 973 52 -253 63 -1149 368 657 -444 -229 -440 980 -1160 559 -1524 -452 -982 -254 -16 -187 720 -770 -329 -543 504 -52 -741 -30 1523 -126 731 -223 1058 -24 -128 339 165 6 578 -637 -1074 493 -402 -722 1195 -617 -265 1259 -551 -859 -215 -714 923 -513 -520 805 -339 193 -765 623 969 -487 -316 273 167 -356 -132 -761 256 -331 1116 -82 -144 148 -1416 -653 -351 806 231 -496 -105 -224 461 933 176 -65 -25 -1107 -116 607 771 98 -526 -230 995 -831 467 485 124 442]
[1036 888 761 -895 791 -27 632 -193 1259 -643 849 -271 -167 -133 1062 967 388 106 528 648 626 -233 514 -828 407 -1000 174 35 -1214 1242 -691 -541 134 -13 390 100 149 -862 -83 1101 -190 -478 -61 -327 167 -434 -166 313 198 -252 105 80 -91 -567 -118 190 173 -711 -705 153 1578 387 496 -423 326 382 525 357 -190 -318 302 -10 -132 -290 -105 -1298 -7 1524 345 230 -507 -464 -851 251 -464 881 702 -633 -78 -985 -503 609 -269 -189 -352 113 -73 30 -96 1100 1494 -286 337 41 410 335 -228 -50 53 -54 156 -946 315 498 188 48 -290 523 -594 -30 -445]
[221 336 -616 -311 339 1228 -2003 -684 661 -164 -401 395 217 -297 -213 -265 -149 -510 29 -507 -1099 847 305 -354 1623 1600 561 920 -756 -467 -992 461 -610 -162 -214 112 271 285 234 103 -1019 153 -154 -678 575 188 977 568 -115 -112 154 1087 45 881 -1305 -822 263 -44 761 624 641 -152 -129 -183 -214 660 -69 -180 511 -493 1732 -16 -656 -320 -359 1453 -208 155 365 -277 198 828 -156 -140 -283 693 209 -318 1702 1118 -1096 -420 -788 181 930 -691 -212 229 380 -131 -153 172 -814 -537 833 -818 -893 1081 -166 -710 -62 -465 1042 -61 984 298 812 -191 42 -190 212]
[322 707 157 -2156 263 -56 578 544 823 805 1087 -11 -396 1616 2315 155 171 315 186 -700 222 -276 643 58 -106 -1244 713 -16 229 -38 366 -627 390 264 355 859 1112 1463 -433 255 701 -1555 2244 -835 -261 -154 278 -288 350 28 295 -833 -724 -607 -193 -27 -280 -692 -531 423 787 1393 -22 1355 -99 5 -154 786 -155 109 -118 23 -857 679 478 -459 -1131 1308 -442 -56 -167 -706 174 -28 223 871 1042 -512 228 369 297 111 -1042 -156 -1465 464 -1101 1073 469 407 326 552 -699 2 79 447 -194 -175 1514 -198 -380 -488 212 -227 -175 -369 56 -77 -443 50 -224]
[279 888 246 -159 132 22 -19 -421 1075 -665 -140 -164 379 -1253 581 -432 151 132 692 -469 496 237 -654 -53 -596 1189 -452 -117 -74 -164 293 -929 -956 186 -918 5 -457 1532 171 155 -107 -254 617 -554 603 -43 427 -134 -318 -738 73 893 1831 -143 -306 -92 435 -446 -874 -322 1204 -529 -298 72 44 570 -15 49 -1737 -858 219 -1072 782 -472 -51 522 217 -1323 1312 273 -425 -752 1113 173 -800 94 476 784 -834 459 -190 -954 550 -328 14 289 1703 -512 -134 565 953 198 598 -784 -1837 -628 -142 -46 -796 261 -2 -278 -177 444 58 -1664 756 492 42 -158 247]
[606 434 -342 -1287 24 550 623 -502 634 -1375 -1092 918 -965 -139 176 -985 -1289 1536 211 1510 -102 -87 390 1352 -259 325 1270 -755 -549 -364 1184 -936 568 912 324 -192 498 632 621 758 -436 -459 -137 309 687 -346 -399 -295 -165 -692 -1018 93 365 -198 -96 -1317 449 226 495 57 172 -1063 149 123 -354 -109 -251 37 -1033 281 10 -505 -138 -31 -826 -860 -471 812 105 -7 -703 1259 335 581 851 -474 528 -668 477 -429 -184 754 -365 -718 -533 -460 362 -56 555 122 211 467 -410 790 749 -642 -1021 303 -46 563 569 352 -632 382 173 385 -601 -214 299 -983 -589]
[339 -73 617 -1805 778 804 387 529 449 -618 535 757 260 100 1027 -116 457 624 863 602 -733 -120 475 1321 33 497 421 576 -371 390 94 -1784 1195 96 1803 -124 359 -627 56 -436 -612 115 808 -33 451 -441 209 -581 -173 -601 -587 -729 -317 -746 -47 -350 173 -12 441 -970 449 614 733 -277 -162 447 -80 595 135 -1446 -308 698 171 692 -197 -167 28 -222 182 -1139 -159 -331 -109 240 179 -689 554 -417 60 -791 -797 570 472 -879 -221 286 18 725 -170 -547 1077 644 -644 1086 -753 853 -348 126 986 721 620 -268 -656 509 166 344 -3 126 -714 1043 -526]
[908 -140 -328 104 535 -59 -147 -1248 -381 1178 -150 -304 748 889 -60 -405 -407 185 -663 572 -128 -754 -608 179 -14 207 -32 495 279 -985 787 598 -235 141 -447 -119 12 -731 -714 -1248 -881 24 363 -157 -450 620 159 -292 -549 207 643 -288 404 1222 925 640 -767 1102 794 42 448 228 410 373 1186 978 -678 -891 1246 1139 651 -910 -318 -162 350 -524 -860 866 -95 -325 562 762 1369 541 186 324 -677 -224 23 -606 610 -602 15 136 -514 448 37 136 -191 -270 148 1338 -70 829 -823 -406 -229 159 128 1346 127 1937 117 -1014 -368 -417 103 106 1321 -502 151]
[900 -1407 -553 214 -45 193 161 459 -1051 323 -1135 443 -231 386 -497 -578 -662 -91 -18 542 -213 581 -420 -111 621 922 -1160 -132 445 -969 1401 56 -740 -637 -781 -485 -681 184 -633 -474 -283 460 -1095 -215 592 412 -572 897 -311 -255 869 759 -884 -15 303 84 421 416 839 -1055 -921 -326 892 -248 467 141 -179 -1307 -120 738 1103 -499 265 -581 -10 300 672 -876 1607 -655 -1116 1374 725 -553 -5 -11 -1466 -159 -218 -1 -782 -145 1858 -1002 495 435 149 -962 -34 -205 -498 34 849 -995 -804 -763 -739 -986 -618 225 241 1435 -208 -588 -87 420 304 -772 26 -735 -132]
[608 897 -73 99 451 1092 851 -1242 1460 331 262 76 -801 134 567 731 -434 1250 313 194 1250 -1502 145 -1189 -667 -813 725 -76 -750 283 129 1578 -544 -515 451 250 -210 -123 -1254 1704 520 558 -559 386 -464 856 -59 -1233 562 640 -18 253 382 545 717 1078 -162 -1048 -772 1213 -523 -261 -826 -157 -1151 697 -909 -762 1041 1671 213 -608 444 -44 -822 138 -900 770 1025 1393 -176 -318 -197 -282 -116 799 1279 -161 361 -11 -757 -541 -1290 716 -844 -330 -1270 405 817 962 -288 -500 -138 -699 1092 21 -195 541 -3 527 751 674 1023 822 509 -10 -395 1482 1382 -1004 -887]
[437 1404 -52 -900 -472 919 282 -697 49 812 978 -176 -743 116 2 -205 493 29 155 -851 213 24 1725 560 -302 -105 809 -164 -1194 34 178 -1028 394 489 131 -495 78 97 -913 1201 -71 596 109 311 680 -169 149 -178 887 1045 354 1019 263 190 -502 -677 95 -12 702 -88 -716 -469 385 -243 -110 -316 -489 167 700 823 76 -668 -330 555 33 715 -976 -255 827 149 414 -199 -363 -711 618 -826 778 -187 -47 969 -405 -367 -430 -1395 -125 579 -788 -394 1367 -1545 -272 -1443 -983 1064 -694 152 1131 -52 69 -447 471 -386 -320 -244 605 -147 804 1131 -1152 -281 949]
[486 169 1256 -107 -1224 -399 1366 -47 -224 52 609 -833 84 165 -316 -38 887 -524 85 -207 492 540 271 11 180 521 -379 175 -397 551 -392 -162 355 -539 119 -274 -778 -934 -927 -127 221 977 579 -349 -499 574 70 920 178 1133 226 171 -238 -268 166 239 1327 -190 85 -1392 -1170 -210 879 -64 727 339 -393 401 110 -7 159 804 -51 189 219 538 -59 -27 1147 -720 353 -318 579 -159 -379 -975 848 1409 -54 1498 -248 -823 75 60 -36 1344 483 983 308 -368 502 -250 796 -331 -148 725 -140 77 -602 369 732 -332 -1388 -1060 -721 -637 288 795 -907 447 -29]
[-1096 -355 -552 871 214 1017 -242 365 -441 -176 -333 1147 414 -765 -1017 21 919 650 -440 -429 231 240 -45 41 -306 2577 -378 921 -172 375 2 -25 605 77 877 -458 -928 -435 19 58 205 812 -228 -971 -793 509 411 -899 696 1229 -965 751 777 1025 -252 -595 203 591 -242 771 -815 -2100 -269 -270 -1192 68 -590 -433 205 363 -74 297 83 -942 -409 -507 773 -1101 17 -261 34 -81 -206 -1268 -172 703 843 52 446 392 -406 -388 -338 -588 497 -850 962 -558 -287 134 -1137 -455 -156 99 19 -1110 141 375 -1132 14 579 525 -83 354 1022 -328 -90 846 1140 -556 -467]
[228 112 -588 -463 145 302 600 -472 444 599 11 119 -416 -784 713 -91 -189 89 -464 -213 -111 470 -73 -115 -26 585 -528 709 399 216 734 644 284 -483 208 -852 -123 484 553 462 -860 -91 -1237 772 136 -200 -989 -268 709 290 193 268 -227 396 683 -430 -93 -238 100 1094 -380 -1165 -245 -401 363 -33 892 -946 -194 -208 -288 -208 32 -577 -958 -650 1216 -509 673 -230 -362 -277 19 -405 -440 -353 -272 -1210 -889 571 -86 550 1240 -487 322 -825 404 95 467 154 570 254 1138 -172 -200 41 406 617 -1454 -205 604 -220 -518 219 219 157 1256 -160 -781 -400 -693]
[69 -144 -395 248 56 -946 553 609 -1060 418 594 -181 482 350 134 115 758 270 -465 -578 -1253 432 -622 228 -1 -680 -461 388 1042 669 -320 691 468 -491 237 800 219 308 254 59 680 990 -177 296 -444 -1180 271 328 208 -65 -46 -628 -862 494 347 190 -401 1529 558 104 -1930 -630 -544 -938 -291 765 -628 248 28 374 -83 -496 -300 -581 118 -214 -683 647 766 -1470 720 -292 -89 513 -102 -6 -543 -71 192 457 1125 -4 265 -515 -244 615 -47 408 313 -53 1131 -176 611 -333 289 467 696 394 394 -1056 415 65 169 -108 -188 646 -395 867 94 220 -710]
[-594 756 -398 604 -285 440 166 470 -748 -573 -608 -298 -90 -161 964 -575 -16 -319 -743 -212 -364 6 586 326 622 32 -416 707 -240 -444 1299 -750 866 -1589 -713 -43 245 -166 -348 -293 14 862 -93 22 -562 -603 -1666 -97 1263 -217 -580 -525 -374 -425 -1246 117 162 -140 -244 107 1101 -406 -868 183 -314 -102 1200 -264 -39 551 303 -910 -663 210 147 -153 1329 44 -248 -344 -105 -1312 754 -795 152 249 -941 286 -1146 996 -115 -824 927 -284 -279 -31 134 -488 1327 90 287 -798 712 -249 -793 892 876 -218 -216 -1409 -144 -97 379 15 -327 -260 1277 169 -328 1057 1537]
[-1142 107 438 983 -1058 772 -612 1788 -364 -765 646 -255 -376 -88 -486 -582 426 536 100 -359 -7 1360 92 237 -192 -977 90 -807 377 -606 -1544 -13 -299 -160 -67 1193 323 -111 558 66 1491 326 288 -650 -458 -1317 200 388 431 -1604 -933 -748 -108 -485 -1214 79 191 637 -1064 -1009 1368 -403 -8 482 26 -688 41 1139 -1231 -315 217 716 353 -371 106 288 -786 -545 216 -83 -253 28 -824 -83 -37 626 387 -795 347 342 401 -326 -1335 1066 -182 -175 -181 214 -709 273 -411 -1141 180 -538 -140 114 -863 114 1459 -838 -818 -297 146 -577 -338 91 -76 -1162 -558 812 363]
[-125 448 502 -55 -147 782 20 189 -257 978 -480 505 -175 500 -755 477 -100 -128 -74 350 104 -150 60 -697 199 -151 506 -237 -178 194 824 -757 628 961 1826 -1298 -1187 -562 -585 -17 -651 -327 -513 -5 699 497 -445 355 -972 739 223 91 306 -8 486 -336 442 -78 920 -286 -171 -724 1126 83 -214 840 -667 87 258 -22 997 -363 177 -96 157 -295 624 211 -485 -176 411 2045 -559 -136 -877 335 611 -844 915 -1388 -293 395 -456 45 -671 -439 -26 -702 -267 -25 -945 -179 -288 1518 348 224 -909 259 593 1073 1023 224 580 603 75 636 -1507 -3 581 -529 -320]
[272 264 1437 -4 -1112 95 524 -5 452 -973 -223 -433 -477 210 -476 -833 568 -145 -33 559 -482 -259 1022 159 -481 -320 34 488 -385 -51 -861 -918 192 131 -406 524 742 -1034 311 -48 -204 -102 53 -312 301 125 45 -588 104 18 46 150 918 -139 -1068 -628 1108 584 70 -673 654 105 386 314 1365 484 26 709 -526 111 -600 -7 814 1742 22 -183 -483 -1332 32 210 21 -432 707 -73 289 -964 554 1663 -69 -99 157 1075 -406 -154 510 664 375 -280 459 -256 644 -1416 211 -9 -58 832 -159 -405 515 -126 279 -768 -1598 -348 -1152 -901 -390 271 170 1736 632]
[-10 -795 -134 243 1453 122 -227 -570 -1072 -206 1279 369 -446 -1133 -867 1169 32 87 -351 741 -464 -2 206 740 45 423 -507 314 784 445 -1017 369 -210 -496 1666 -748 835 -438 70 -153 -240 496 -98 422 -838 -248 462 -520 -425 -1387 -631 -206 -749 177 66 -876 389 396 773 -725 -334 138 797 -742 415 -1072 575 -189 -266 -7 -108 1410 488 679 -97 -301 -568 -266 -523 933 462 891 32 421 81 -666 -98 -497 679 -407 763 1175 -65 -788 467 1181 -339 -375 -823 239 -68 -558 -19 773 718 597 -41 572 567 -536 -994 316 -173 -380 1022 929 -1097 917 -241 962 82]
[540 16 -861 -823 1377 -805 -51 1569 -327 667 1071 44 102 107 930 2101 -109 39 186 -522 147 566 492 -304 336 -896 -1146 819 118 1629 -874 14 -127 -310 1027 265 -236 294 516 265 1168 116 -31 144 -207 -282 297 235 -757 -290 -232 -95 -635 -53 924 -309 -591 -619 -432 -73 -700 -715 -43 -1107 -637 -550 848 -200 1251 -619 133 1154 -971 -348 -1072 859 794 525 630 49 355 -239 -1169 506 -873 1210 -470 -867 289 87 971 1245 1028 -113 -616 -347 395 -636 -583 331 531 12 -448 -130 112 -981 635 -140 -218 -42 -1472 629 -448 700 -168 -302 527 59 -1026 115 721]
[-625 82 -915 1171 671 -553 347 -133 327 -379 -716 -685 -238 -83 -751 1744 -821 221 284 574 460 -497 -583 -827 353 331 -379 -52 185 480 95 1260 -189 -667 -224 -1086 -106 -358 -567 1012 -18 1157 -1062 -480 244 912 -395 -659 -870 -378 -39 591 236 1102 122 1036 -181 -822 -1198 957 -127 649 205 -68 -697 533 311 -1189 508 412 67 -835 688 726 -386 -268 929 231 -29 645 170 621 222 -91 -893 574 869 -212 172 158 -800 167 1162 1476 852 -381 -775 -69 143 1198 -65 474 1027 -1074 1696 701 -888 263 -774 672 -20 684 1634 545 -849 90 -119 653 550 -856 -727]
[-13 -325 943 -420 1340 705 -234 630 73 -676 -103 363 840 -1585 11 3 1041 -690 323 386 -156 -1029 -275 92 377 699 -1235 -60 153 -249 -1030 608 -69 -642 643 -642 -150 -307 786 -459 -181 356 -680 -486 -627 306 281 229 -283 330 -1380 370 396 654 -938 381 -162 -410 -757 121 1665 665 555 -712 -719 -190 -997 104 -1184 -518 -276 -218 1301 62 -652 -71 238 -307 800 -33 -956 694 377 897 -151 772 -1389 -460 -411 -1169 -68 49 485 92 -374 74 1306 -750 -365 729 1522 308 -55 -251 -2259 1218 591 769 135 1424 -387 882 598 416 310 -753 1046 1258 135 270 -1535]
[-247 -260 -58 727 -557 241 -460 -170 -73 1027 213 177 461 670 -994 216 -512 -459 345 -435 62 -431 407 -1138 600 -1932 -261 -418 -338 -579 -87 211 -31 -987 -138 817 77 -641 491 -177 1494 -488 -394 1520 -98 -748 -414 244 344 -460 464 -513 -258 247 485 598 168 362 -43 537 102 254 -490 -237 170 -1254 900 292 1147 432 -697 1224 593 346 -580 6 -105 716 -473 506 300 -80 -774 61 818 15 -699 635 406 -1063 428 -142 -608 638 -575 -364 -533 -297 -192 -558 -265 -55 -71 620 851 471 314 1280 294 314 -268 -196 -204 89 -771 392 -595 580 -707 186 784]
[217 272 -265 -307 -1259 89 126 -1136 67 -901 -571 -265 706 186 -1630 -938 801 193 169 75 -486 -129 22 -911 -415 895 978 1000 -443 -131 -874 -637 -591 -99 -954 1630 15 -516 -71 -556 -527 -548 221 -297 623 -470 576 522 455 302 426 -626 249 -41 -757 -390 1016 340 37 -72 962 -641 -612 -120 1280 446 -748 1034 -41 -278 -223 -492 623 148 369 -190 -1538 -916 173 346 591 210 287 -652 558 -1034 941 -738 -226 794 190 -947 37 33 895 419 895 301 -23 -1137 -446 -391 -557 -468 -203 240 -322 1251 -1022 -361 -188 454 15 -125 -547 194 -705 213 666 -239 50]
[465 321 190 -667 1246 -75 944 -213 1078 -251 333 -166 -298 -33 -162 777 507 879 884 374 1435 -509 393 -113 -497 298 -931 -60 -925 793 300 -403 -896 75 839 -493 -669 -1003 -334 102 -31 -507 808 -499 -109 822 -797 -562 45 498 -865 291 161 -307 -368 -376 70 -950 -1349 -896 289 -1047 -277 -842 -753 -822 12 -606 246 95 248 853 764 534 -711 -196 -236 -229 -261 192 -295 -966 -430 -609 -588 819 614 278 361 955 366 174 -632 -288 -626 839 1520 499 243 584 622 -52 -378 -219 243 -85 422 -1035 372 -423 -446 -555 -201 1310 290 -934 -129 700 -515 235 1086]
[325 -624 77 -597 1223 29 -416 1066 -122 -1339 57 190 490 -1599 93 -811 1060 -767 79 1161 -1003 -411 -297 518 -272 997 407 302 -286 136 -1822 -187 892 71 498 -45 472 477 657 27 -783 105 -1456 740 47 249 508 -25 54 -168 -602 981 -539 -107 -52 -460 263 -164 404 -171 589 501 898 -742 172 -705 -80 -86 623 113 -572 618 -603 -989 -73 209 20 374 -680 249 -228 -728 203 1332 532 -583 -1362 49 342 -323 13 918 112 -562 177 -149 -462 -858 -360 -890 -38 -389 -724 -327 135 247 1136 707 131 -137 -464 -1129 84 296 1421 543 -379 -784 -1395 1003 134]
[942 314 480 76 247 -65 1123 -73 1051 -126 -104 83 -417 206 372 -393 109 1066 268 667 763 148 132 240 -662 -539 63 331 -31 1114 266 389 142 105 217 345 -294 -422 238 1161 521 168 455 40 -54 -67 -27 -973 -202 324 627 148 612 465 900 -661 -103 -816 -1566 709 -1078 -1249 391 37 -666 137 62 -699 32 298 -20 1066 738 570 -1005 138 -505 -450 571 86 -71 -232 -567 -25 -703 556 1724 -273 401 -285 576 999 -563 1147 -325 -137 284 108 162 931 1400 400 257 69 1086 -10 -669 -1014 -107 411 847 -52 -1420 672 -626 -896 492 398 -185 451 -712]
[311 -234 516 -764 430 -703 -251 -638 2827 761 338 -1175 -1495 -55 1617 636 -730 1037 16 749 208 -951 -1079 -1149 -336 -743 539 -1177 -869 44 -256 210 118 439 -350 -148 357 467 -797 1600 -1106 -796 -242 520 535 809 -418 494 -14 260 608 -615 112 -353 246 -205 -196 -1401 -70 623 320 -185 1090 1085 206 -20 -361 -246 -682 998 213 -744 383 -318 300 -744 -33 691 -558 1477 252 -489 23 123 7 338 22 -37 432 1413 -369 -158 -433 264 -134 691 -768 -428 -179 468 -20 -97 286 727 849 858 412 273 -222 -334 750 -1218 -271 501 -847 -1011 91 502 -523 595 52]
[76 -751 293 -1450 1300 -207 13 305 547 -400 151 -86 -450 361 -48 483 -354 1134 -374 1476 -3 -567 1057 330 363 502 -466 -866 -373 -276 200 322 -287 20 1577 -865 -47 974 298 284 286 -503 -263 561 241 761 -1063 -109 -168 -1111 -903 -567 -558 -442 -380 319 -118 -276 41 -344 887 62 330 -3 -713 -762 -689 280 -750 1011 56 376 987 -300 -414 -558 -317 1157 -59 -624 -761 179 180 641 115 690 -943 37 1164 148 -507 -868 93 -343 -226 606 -176 1084 -113 -393 53 220 -164 326 662 674 -30 430 788 371 -950 158 -2 1284 -106 -390 -521 154 -270 -310 -451]
[3 -449 -1088 45 828 -991 -671 -1055 80 -140 -437 -819 -10 -818 1254 818 639 -909 304 1200 -753 -442 -1641 -109 598 639 -322 480 1038 -52 -79 593 470 -143 -400 -180 91 -101 439 701 -571 170 -526 -839 494 451 727 1056 -886 -112 363 391 9 -184 172 -141 592 -1031 -94 -311 -761 1333 985 1105 -306 -349 704 -705 -482 -107 -1321 -321 263 228 -119 -459 360 -884 679 -522 347 409 517 230 363 -832 -60 391 -917 464 -639 397 1081 157 875 409 -339 93 301 109 564 309 166 -1054 -326 722 221 622 -639 914 214 -580 257 65 -458 -586 636 510 -652 156 517]
[1542 -375 428 182 -801 42 205 -620 627 -1248 -322 8 354 -317 126 -621 716 -1347 613 361 339 366 45 -414 -19 972 716 1016 353 34 -567 55 -251 315 -1008 793 524 -358 -184 -123 -1505 -232 306 -1357 -294 185 417 653 -670 266 -384 796 454 -716 -731 -4 847 -1118 -318 75 264 1237 -159 659 408 -626 634 -320 -953 -1120 -17 779 -18 -32 411 -958 224 -713 628 1332 -725 381 -317 -29 -32 -166 514 -89 -525 -492 -592 1146 272 47 1192 -209 482 219 101 757 580 398 796 -1131 -40 -191 -748 1250 -672 -527 173 -938 52 -1014 737 34 508 -403 548 -249 -204]
[530 -636 -202 -426 1462 -894 321 116 145 -910 -1455 -9 185 991 441 -609 -5 -254 35 754 -813 -812 -631 53 -17 6 165 -81 -21 -70 -605 -120 -495 578 -1063 735 359 936 557 48 96 -775 450 231 857 -1306 364 193 -189 -156 794 -378 -447 -270 358 219 -590 616 -32 99 -139 660 -905 103 -18 477 -1412 443 151 114 -577 -192 -216 -619 459 -472 -407 640 -444 -282 -292 -676 -92 203 1012 -273 -663 184 95 -238 246 -349 658 -570 -592 -396 440 -292 -178 402 1040 983 -270 -298 -394 58 253 -369 -227 -59 -574 241 -162 1 -379 -31 -616 -282 344 280 -732]
[-152 256 12 -68 -1328 157 799 -195 -652 483 256 -173 24 384 2037 -130 103 -621 -177 -1078 -200 307 -901 38 -1388 -689 696 1568 1021 88 99 326 273 -378 -379 989 741 356 -1180 1044 107 907 -338 -308 -21 -1000 443 917 293 -200 634 -1063 -761 -468 200 623 -237 300 708 97 -1020 -332 -138 275 295 1097 -741 212 60 229 637 -696 671 -280 1148 491 -1010 -761 1358 71 604 -189 60 -240 -326 -733 132 -46 -344 890 572 -627 618 -371 -351 -346 -1275 245 346 -517 660 -545 504 -294 -456 197 38 503 572 -941 437 246 242 -829 -631 548 163 -81 297 718 -852]
[-355 -567 -609 710 44 248 395 -626 113 -1107 -47 308 242 -674 439 -237 -297 466 622 226 374 -357 -1226 1194 154 1851 -490 74 599 -214 -731 -844 -276 -43 783 -645 -477 -453 659 131 135 587 -270 -12 -68 233 470 108 -737 -541 -1391 510 398 536 -96 290 369 324 -293 -1385 691 -1339 88 -210 -990 88 -691 360 -241 -897 -938 -432 69 -119 591 -285 305 -426 60 -866 71 -866 690 -111 76 -264 -129 79 -155 666 -89 186 42 236 -208 259 865 646 -578 651 488 440 784 -158 129 -22 -708 -707 -150 1006 661 -1049 184 -207 242 -411 -555 748 10 16 953]
[-417 62 206 1113 -389 -446 421 -467 -606 475 18 -242 64 -599 -96 1188 -138 -371 622 -111 -766 1589 545 -1081 254 -1271 117 172 713 401 152 1656 80 -87 -395 -97 195 -569 -218 167 396 87 -712 141 248 -200 196 -267 -20 9 184 -903 -166 -670 41 6 192 -514 -1153 218 -553 842 -19 808 1327 -63 -15 -524 -799 -163 243 -192 583 670 -381 -296 -49 -794 346 485 650 943 23 111 -555 659 1188 -323 -267 -512 568 894 829 1230 312 916 -446 4 -315 290 873 -267 1460 111 -399 1005 -530 523 146 282 -118 -4 -1 350 -1609 299 550 -310 -96 1030 -975]
[620 -990 -1082 -346 768 -588 -19 548 1316 920 672 541 -93 -32 1682 -111 -230 1066 -724 -517 34 -722 -293 60 333 890 -339 841 633 411 -1468 182 140 -132 752 1191 193 681 324 268 -758 -652 -258 485 145 -956 74 497 342 761 728 603 -809 721 1331 -945 380 397 1126 317 -1313 -1384 -223 -301 -591 -520 82 -408 654 404 -1043 60 -1025 -902 545 -352 642 66 -218 -438 -131 -1212 290 -422 -504 369 -74 -355 1006 9 817 1196 713 -284 419 530 389 235 -235 350 -10 1113 -390 -143 91 -320 314 -257 -993 314 523 -1530 -1354 -464 180 330 678 105 -1147 -984 87]
[-143 -206 -1251 -870 623 555 -71 780 490 -96 341 775 -817 -37 -313 488 -754 1139 -109 102 -621 -394 -750 226 137 -586 -1351 -1942 545 -776 -770 195 -426 427 -151 -1454 749 547 14 50 450 -792 69 142 306 175 294 -117 301 -560 -338 -456 -207 483 22 -576 -161 266 -1167 -63 74 -455 12 672 -1001 -730 -250 322 137 -143 -770 -32 336 -402 145 -14 -351 -498 437 -385 -802 540 -457 -161 348 1002 -1027 -835 -285 -440 612 110 48 -225 -982 -23 -604 -595 -552 762 216 335 -561 1084 -626 -62 72 -50 886 906 -773 822 302 369 -416 -552 -126 -55 -542 -577 -543]
[883 -692 -118 -328 493 -255 1660 -589 -360 565 112 227 270 -729 202 -1137 713 142 -220 725 677 -805 -341 -506 -1144 -239 276 540 -694 -150 -57 583 284 -90 -656 979 713 39 -539 941 1054 197 -857 106 77 190 523 -192 -464 905 471 631 -332 1454 1157 -297 -487 994 228 64 -101 -786 495 -383 972 178 -573 -987 297 73 -467 592 56 894 249 -585 -1063 296 40 193 -575 591 308 -354 1012 -523 -662 -281 -633 503 1143 546 78 653 1083 582 892 77 -116 -376 667 199 -434 -3 470 568 -311 -185 -1778 1546 9 122 -562 -729 130 1163 -745 65 -271 236 -1100]
[-109 -139 -665 317 -297 -379 696 463 -516 329 593 114 -75 -497 787 -672 401 190 -308 -564 289 222 -415 35 -946 137 745 846 1172 27 -1526 932 227 69 -474 1512 854 794 0 464 1012 60 -472 -205 108 -1603 382 578 1275 -986 -542 -432 -1181 214 -130 -1135 366 1373 -604 -423 305 -1092 -409 -68 -958 -725 -211 -122 334 -332 -544 547 219 -412 738 688 -1022 -556 473 -250 -950 -393 -317 -1294 433 -185 562 -1027 -505 -431 1297 786 548 -210 -160 -20 286 332 5 -868 753 -50 -569 -517 12 653 275 764 -46 -113 -182 -515 -454 -589 120 567 253 -273 -1079 -509 -592]
[563 235 53 1785 -406 452 -683 -1005 -358 -643 -447 -507 -36 498 -1371 730 268 -839 1081 312 -319 127 1038 -1073 155 -1190 554 28 -657 994 -578 -286 -935 -75 -1292 539 -418 -1572 -483 -333 -846 270 -765 390 353 -160 -261 748 108 349 296 386 806 -545 -1001 559 -230 -319 -1060 -675 596 325 -1488 -626 564 145 -906 -123 -119 40 325 -929 732 798 -916 388 303 -924 8 390 189 596 -546 -27 104 651 887 118 43 415 -235 -492 -44 23 169 158 -307 281 -183 -994 97 -1217 544 -788 9 5 -588 98 -441 -847 -288 18 -563 869 -945 141 -232 -343 996 99 541]
[-655 666 905 2 30 -280 943 399 311 710 -1073 -379 -381 185 896 -183 -1287 302 309 806 426 -752 92 -801 -622 -64 74 -927 450 -1777 1180 295 -324 -586 845 -414 -1182 1011 -804 955 1192 -117 -329 -191 485 430 -33 -335 -1042 565 186 -367 784 437 335 685 819 -923 725 -284 976 -22 486 1223 -502 512 -1160 608 -110 243 598 -443 639 137 -514 662 720 200 909 937 -598 -264 1370 -59 -228 -574 0 480 -809 -136 344 -788 398 1885 -1595 -136 594 114 582 -52 137 46 774 445 51 1206 -505 1088 -261 1472 457 589 749 370 -1085 -1116 -967 937 1327 38 881]
[216 -484 -934 -766 1286 574 8 1306 -853 -894 -564 884 -499 -604 520 -1087 -528 637 -1012 326 -517 -275 -1075 1083 -1249 855 -264 -518 1349 -42 -640 644 166 -1113 717 -402 854 390 203 111 321 180 -75 418 -546 -254 -131 -121 858 -622 -449 389 -1017 36 648 -683 -814 1001 -247 159 642 -1321 297 -784 -1263 710 -771 72 713 617 483 175 -212 -1308 -537 670 -454 1096 139 -1369 -668 258 -343 257 520 708 -2075 -882 -635 -117 1187 -466 -335 -1083 -844 -694 -572 382 -263 123 322 -49 -447 -345 557 -584 -459 102 -62 -1450 -437 799 627 690 2275 1102 -416 -445 -674 -113 -443]
[803 539 -163 1004 -628 -732 -72 -930 -236 654 -315 -1101 335 -64 -795 89 -476 147 -492 -757 -61 1067 177 -324 -251 455 854 444 -12 381 39 797 287 708 -1018 -595 -442 -62 -1156 -41 -580 276 577 353 -253 -32 -246 -424 653 164 152 277 194 898 365 -665 125 723 -165 771 -1080 -48 -177 -149 416 -201 837 -508 1580 793 343 -142 -981 200 565 95 -381 303 -962 440 1350 -467 -272 -577 685 -475 717 -15 802 557 44 457 -4 -472 -96 469 0 -529 306 129 -476 505 296 988 935 234 774 585 -401 -523 537 -200 -329 -664 143 -382 606 461 -61 174 608]
[-441 581 -47 -820 833 587 -1309 985 27 -720 664 172 399 322 1146 649 904 -614 40 -275 -100 -56 1437 -200 12 -260 -253 -355 -367 -481 79 263 -354 -374 1523 45 -139 45 93 -1451 13 -312 1335 -359 -398 1264 677 273 -1210 -66 -1199 -514 -430 -431 -691 768 -554 -499 655 -945 1224 859 302 312 73 -541 -228 525 46 -1756 847 150 -1045 440 -793 884 641 868 22 -438 -915 -162 -490 1120 -420 385 -501 -396 -196 -702 -1003 -663 -632 267 -635 -709 153 911 255 -574 -4 283 -726 558 -216 -85 -131 980 1197 37 -847 -63 1179 436 1308 551 -20 133 -823 282 751]
[735 -1062 737 -514 -196 -432 595 -191 598 836 674 257 -1341 109 -588 1269 -373 157 -380 -570 874 -361 396 332 66 -1365 -1638 -147 56 821 379 205 -477 733 10 -725 382 -487 182 -1106 440 1013 484 227 82 79 -924 927 -1054 672 -581 -528 -621 -239 1 542 -1118 962 534 -1119 -1021 -28 755 -1640 337 -231 667 -28 -318 -486 769 1111 21 842 579 -144 1179 897 832 -689 -385 616 -346 -69 -183 -79 -821 241 126 -915 -287 1749 448 -1608 -55 240 1412 -1242 -452 -151 586 333 478 593 -271 419 245 -412 771 382 -112 1014 -724 -775 755 -522 935 209 -536 -400 -10]
[-85 -498 -110 -122 -318 -436 1092 -496 138 977 -444 -128 -559 -134 -1020 -1168 343 624 -872 -57 439 -545 -1244 -317 -413 810 -105 -327 -84 -456 464 686 -6 438 -609 -391 134 344 242 636 -413 385 -489 186 482 644 -62 -472 182 1183 326 934 167 945 1015 -224 -750 -562 -65 502 -603 347 896 425 282 245 -110 -972 7 1405 -687 -485 134 -931 -229 -274 344 -338 61 -113 49 -567 1018 -872 333 -539 55 -84 -128 645 -31 -254 398 671 863 -68 -16 -28 213 -280 -574 397 580 -729 -592 233 111 -891 -620 329 928 205 -375 -264 644 393 868 -325 -45 -922 -1009]
[-30 103 1330 -1081 438 107 -158 1204 -82 -839 445 290 -400 -739 1111 -947 262 462 73 588 -88 -294 174 1196 -1412 749 331 -382 77 -127 -360 -264 188 105 1244 163 230 558 -244 424 312 263 711 188 -824 472 11 -837 200 -790 -1085 -246 235 -587 244 -232 -300 -342 457 -1121 296 79 -276 243 42 -1117 811 319 564 -520 -880 1203 -310 -136 -24 607 872 -892 -796 1452 -403 -1695 516 -114 853 -679 -1338 1144 -934 596 296 112 252 -477 -290 382 700 121 -501 -718 -526 -437 -170 1129 -239 47 1100 545 74 -495 -870 -837 -912 393 342 -812 88 -566 -1156 1854 1287]
[1323 265 -321 -448 804 126 -833 144 35 -1567 -2132 253 66 775 1234 -207 -433 -437 -144 778 -125 -244 793 240 82 233 522 785 -1274 -307 1692 620 81 -669 1 408 -316 57 505 -186 -54 171 -113 873 550 647 -380 -955 308 92 781 -543 -554 -800 242 -103 -826 27 -264 -232 20 669 -344 2 -843 113 449 -1705 1032 -208 505 -376 -717 416 -615 1218 -3 294 -392 -961 -712 -372 -420 -384 608 48 -776 420 -646 -784 -1108 -105 471 -919 28 -106 -175 -656 825 -452 411 699 -202 -5 302 -418 765 -913 -487 -457 370 330 -96 921 1143 1168 642 -329 83 109 1039]
[348 -1065 39 280 -771 11 -262 563 -1144 301 -447 481 16 802 -1142 327 749 -1219 -332 223 -920 -66 42 -122 -15 -334 -20 400 -402 580 448 205 338 70 329 -58 297 -1138 -347 -269 -813 569 -336 -618 87 688 -78 599 -997 1389 150 -460 -738 -78 -240 -156 312 622 1399 -977 -1874 142 1584 607 841 -711 403 512 -189 28 798 873 -488 577 564 -629 438 126 466 -671 -117 677 -504 163 -755 307 -343 212 715 -720 -142 1232 -151 388 727 682 111 -611 -350 -770 -581 -216 49 753 756 613 -305 93 526 -516 687 237 -122 -1443 549 892 -345 227 185 613 -80]
[26 -93 -329 956 -328 633 -417 -837 574 -245 -282 342 706 -360 -139 806 -790 369 612 334 -369 -611 151 -309 380 21 -855 -373 396 -364 859 1187 -768 -75 -157 -493 -11 -150 -254 -1677 -1045 -326 165 -129 67 785 543 465 -811 1103 67 147 811 -90 -371 58 355 -370 -148 262 188 449 -290 621 160 181 -36 -204 -1350 108 759 -1240 643 962 -883 -59 886 -257 1269 194 -569 948 489 745 -758 251 375 32 210 -1162 -419 161 364 628 -357 310 430 -373 286 406 441 573 432 -473 -828 462 -1002 964 311 905 422 1416 667 654 -180 -794 942 747 1375 -438 -978]
[-45 1235 -510 643 -551 809 -288 399 607 -314 528 -381 778 1012 -160 -3 774 132 169 -960 226 372 339 -753 -971 -164 -108 551 -343 -91 -555 -998 -796 -334 495 1065 -515 73 -103 823 1080 798 75 -499 445 -67 1115 -125 336 227 1188 522 1015 47 48 651 71 -90 -580 -789 -737 -1262 -821 -38 -550 862 -597 536 661 175 -661 -1163 616 -692 -221 796 83 -1076 287 -809 515 -1097 71 -581 -765 636 1318 1129 753 1056 -102 -1291 -458 -416 -318 -19 -97 330 -25 -456 -102 -665 373 -883 135 -794 245 317 -98 262 679 -993 -650 1107 -539 15 -1140 420 265 -623 560]
[247 -130 488 356 -1345 -244 -114 -370 -231 2042 462 -661 229 916 -179 1153 299 -156 -765 -863 138 -829 182 -1477 454 -1420 -245 113 -103 -138 378 847 -435 -312 -651 492 -325 -643 -834 -347 792 420 -8 -331 -373 144 240 466 61 1597 956 -227 300 780 -251 1079 -273 569 -88 586 -1007 574 -269 -97 311 305 -384 67 303 1894 693 -474 323 -158 -332 450 -390 982 366 253 80 377 -165 -241 -43 466 123 152 255 -570 174 -982 -693 451 -455 137 -508 -18 213 -301 -194 -386 14 -253 -122 7 597 -19 -30 360 -296 1510 667 -836 -345 -469 617 943 1551 -950 -96]
[64 -446 -217 -273 -177 -214 1079 -285 366 -1088 -843 251 -304 -825 266 193 -355 159 -36 776 -19 -1242 -479 -35 71 -243 123 -13 -614 -1176 -7 -277 499 -709 92 -135 484 -795 -183 -173 265 -353 -586 179 878 231 -634 260 359 -334 -115 -990 94 -140 535 468 758 -858 -337 242 1308 -348 -192 277 -485 911 -413 29 -51 -353 -743 -228 -10 -444 -94 148 -148 866 -522 302 -257 428 106 -207 536 -507 -755 163 -440 60 -354 -606 -307 1100 364 -1058 150 1270 145 823 -76 76 -39 -529 -13 304 -714 -66 -878 1118 -101 619 404 -189 56 43 -586 5 434 2 -292]
[-689 -82 -47 180 -1676 921 -645 -207 -76 -977 -700 199 757 -616 -508 372 951 -826 -427 270 -1052 -294 806 -323 -78 130 -105 404 -385 -1009 72 680 809 -616 -228 284 471 -892 -130 -133 -208 440 -1230 658 -415 700 -375 255 -65 -304 -693 -106 525 -559 -1040 1213 409 235 1299 318 1226 1332 -237 307 891 -22 631 -79 -119 -158 -433 -48 70 797 316 -305 -824 324 355 101 -293 366 -331 125 742 -1251 -883 557 -97 -876 -1615 481 100 71 876 -642 -669 -58 1232 267 425 -855 143 1010 -448 694 276 1155 -332 -544 -190 192 60 -713 -448 801 348 1091 712 1011 600]
[-1288 571 -804 -592 -98 -62 -254 -385 -1130 920 233 -41 77 35 -904 972 -185 260 -769 -296 -1325 544 -469 -15 346 680 609 -510 -34 -1524 209 652 627 333 14 -464 608 55 -232 -425 -290 158 115 251 -99 590 464 -122 470 -41 554 -503 -46 143 -376 -534 302 -448 195 959 785 1638 726 856 213 -430 1234 -136 295 1365 -512 -82 363 -56 -359 305 -404 -214 -409 443 1595 988 547 138 1269 -163 252 -726 347 -8 285 -924 405 -26 433 471 -1254 4 561 -1283 -501 -656 190 885 82 801 184 972 217 432 -530 371 772 216 -241 271 213 618 -162 431 -117]
[-663 -490 -456 1279 299 -859 -658 -121 19 563 604 -106 -197 1196 246 87 -593 251 228 -356 368 -939 207 -221 -196 -403 -1262 1179 663 999 -703 1112 -742 -679 818 711 -1233 311 1521 -803 581 46 -209 266 -297 -32 207 424 -1435 892 167 -56 -51 807 1196 748 -1124 305 112 320 -769 -1760 -491 -437 -361 -279 612 657 341 -303 -1118 692 -2 34 -436 -531 1354 -29 -276 -207 545 45 -425 -44 -1053 1468 -70 20 645 -506 405 399 91 888 -657 -1025 1381 64 -373 -632 -585 1129 241 -624 581 485 -5 202 244 493 348 413 -1121 509 -604 -558 -51 723 12 -437 499]
[-452 -695 500 -50 -352 169 222 -69 408 43 1393 12 267 1495 732 283 -468 914 36 -1028 874 -149 643 851 68 -1039 -742 -249 115 503 -348 -72 -998 -4 1186 769 -455 -984 352 -1751 -311 -436 880 981 -1064 402 234 251 -470 607 58 -1028 -1063 -575 39 1179 -1091 917 609 -903 -99 -500 -985 -740 771 -480 -350 291 -202 -601 317 342 418 678 780 -536 360 359 30 -669 -712 -1109 -266 -31 -698 -26 -232 30 599 364 190 116 -267 195 103 397 420 880 -353 -478 350 207 615 354 -115 -451 -117 -1068 829 -444 48 -298 -378 -458 -182 -147 100 -338 164 587 321]
[962 53 -200 590 -767 -584 -219 109 488 -1078 -376 -745 427 -923 -764 -417 270 -87 -99 460 26 -710 0 134 -528 -284 -368 -329 -867 882 21 238 -138 286 -1036 748 980 -418 858 -797 1203 153 -75 356 -80 -97 -1553 -379 177 -953 -155 -475 702 -928 1095 17 38 423 -1226 -1111 -583 143 -1028 85 70 -1659 1836 86 226 -462 -1287 1722 403 -98 -668 719 63 -27 -142 -6 -463 -1249 -269 346 -73 -177 -103 1913 -485 349 472 147 348 -606 -169 825 1251 -199 -334 1017 365 -216 160 -93 -188 267 891 10 -474 -238 -725 -608 -2066 1102 855 -587 585 757 -1360 404 731]
[639 -316 -151 666 566 -291 -854 -266 -95 396 -716 502 -833 269 -625 72 -734 21 -1045 144 -736 338 634 -318 179 -264 -713 218 181 -12 900 -181 -304 650 -765 -1678 -101 305 -716 -87 -1334 -89 -803 -689 566 200 -847 -800 -218 -254 594 731 387 587 612 -399 -896 699 177 773 -690 -604 353 21 318 913 -324 -667 419 675 433 -1586 -383 -50 718 -340 736 -746 24 93 127 1620 319 -637 -478 877 -772 -375 -102 -511 -253 150 778 -1511 526 431 -373 -825 4 -26 -642 -237 -19 802 -770 -462 889 -791 -572 -755 241 976 -294 -354 -175 -571 978 -473 -205 -384 178]
[-619 395 342 -147 -67 363 -404 1576 -982 -284 723 -183 419 253 -338 303 500 -470 919 -378 570 839 2696 849 319 1062 -592 688 129 741 289 -725 -674 -815 1449 202 -684 -278 271 -951 1098 -320 894 -1064 -237 -64 26 167 -452 -412 66 686 94 -1269 -262 181 247 -106 571 -411 330 -53 -446 -14 519 -504 416 584 387 -941 122 1328 -182 1226 -260 137 866 -711 -159 9 -901 197 -624 -616 -1086 -72 -8 247 -284 -266 -574 378 863 -8 423 -537 461 790 -348 -140 -810 -469 -105 383 -515 -163 -951 20 102 -247 -1003 -95 -497 506 55 -96 40 -628 -582 130 1136]
[257 -421 56 848 66 -376 233 -908 233 2042 -74 -400 -907 781 -246 -78 -428 -58 276 -296 460 442 -186 -733 348 -290 640 887 352 -6 107 187 -165 -126 -1043 101 -224 478 -715 131 -390 205 -111 -113 10 -520 -292 -519 -131 -65 869 586 -943 915 -399 -101 -228 1283 382 845 -1160 -760 -182 -74 624 385 -382 -1087 590 925 1252 74 -219 114 89 245 48 359 -12 376 80 -729 -234 -352 -235 618 440 240 583 489 -197 676 -595 494 519 -336 -28 327 246 -366 63 10 620 -824 1473 -153 -250 -454 -204 -1231 472 -649 424 -834 -273 497 -74 -121 -49 80 -93]
[-1607 -293 63 99 -293 -63 -786 156 -601 1357 848 9 -84 1408 956 238 -812 460 -37 -960 389 -1197 -363 942 -1195 -1069 -639 208 985 769 426 737 -257 -680 1077 949 -399 770 796 -1057 1325 677 741 1559 -1491 341 194 44 -997 55 277 -739 -498 -585 636 2131 -1676 1208 1313 -724 -621 107 -424 268 484 -420 -187 131 998 -108 280 517 -803 908 191 654 368 1359 -226 -217 -220 -519 -246 31 -59 445 -412 101 -556 -583 -862 507 -293 -671 -1895 -573 285 716 -126 -717 -853 -61 533 505 -118 -348 175 -516 1355 -339 -2 1359 -385 13 -409 242 -13 627 603 -66 2044]
[1205 12 -114 432 -398 -677 -905 -424 -1545 31 -419 226 639 340 -1487 -120 922 -550 -350 -346 -1140 1212 280 -249 1974 872 -77 1100 -239 1029 380 300 -502 496 -914 1001 -240 -110 786 -1406 -403 448 1063 -1198 325 -592 255 884 -889 34 936 1033 778 524 624 -481 208 1076 804 499 -1028 568 -118 -527 1475 174 1359 -236 248 -464 148 188 -1183 324 -509 -63 781 -222 702 -142 532 1187 223 -26 431 -151 -164 24 -192 -1153 -12 242 640 -221 1508 147 789 -161 -322 33 -582 184 9 -250 -302 -893 -543 595 -1326 -233 -295 227 -768 -1025 530 147 988 82 -190 -298 -250]
[-317 940 108 -365 -471 -70 301 607 -586 680 281 -123 156 -943 683 -601 175 1044 618 -315 -34 861 -2221 1675 -683 1580 905 -314 382 -523 1800 -457 1678 637 -247 -601 -674 959 -1048 106 -535 1300 1449 -338 -580 227 -235 -614 983 -461 -760 81 685 48 -63 20 196 -768 160 701 -401 74 736 460 -144 352 929 -1212 21 488 807 -816 -1620 -330 387 671 272 221 -95 1118 496 -187 618 -561 502 -966 -131 -568 -663 886 -716 -371 713 -930 -928 -194 444 -642 108 516 -618 -50 1098 -212 -1347 -775 556 -149 -4 -542 285 1519 1084 -350 214 -562 1180 -54 674 582 238]
[-28 -328 -139 13 840 -244 -508 192 663 -1457 5 -12 -402 -592 -65 618 -1488 840 105 488 -169 -48 -903 124 340 1196 -874 -631 492 -486 37 507 -590 -721 291 -402 395 137 814 -996 572 -443 903 -479 22 -277 -254 -40 649 -198 572 -784 84 -613 366 -237 169 -864 -1450 -68 640 -48 -627 602 -1361 -809 894 430 -212 -803 -897 780 886 -430 -634 -138 1678 -699 -834 7 -445 -760 170 -656 -234 485 93 -343 -724 78 513 -1049 662 -167 -138 622 249 742 -1365 722 -689 617 719 -52 516 525 -511 57 -323 -436 421 -478 47 1794 1007 121 -101 282 81 -699 -228]
[-1515 -441 -1068 -189 824 -37 -1043 -934 -433 -166 246 678 -334 -467 1053 1805 133 480 -300 -130 -380 -560 -998 654 -135 559 173 -142 72 -193 -518 205 -168 502 715 -257 179 667 652 442 670 -878 96 1169 -48 316 548 -664 321 -317 -140 -842 -264 -866 449 163 -532 -25 14 75 -20 702 -1102 246 -943 -1160 246 11 -397 -7 -1674 -293 -383 -319 168 -232 -771 -227 -1326 -95 820 -722 -576 -595 1403 -373 -136 -102 -266 323 104 -27 -825 -271 171 -32 -1149 762 -158 -262 -1007 -212 -478 504 774 -429 545 -587 -156 -358 -891 -836 1037 316 54 351 -480 186 -43 450 982]
[981 -251 966 -436 697 -211 -1340 -674 586 185 -145 -263 -77 1865 -1495 505 -33 -589 76 -235 398 -1233 1106 137 192 -1064 -1254 -525 -1402 1038 -1124 300 -707 152 -124 1136 202 -448 1149 -98 95 336 979 89 721 -239 34 809 -227 -24 57 311 588 1407 -238 883 -590 746 -331 -885 -631 461 238 -1251 359 470 -1104 268 798 -704 -266 470 -221 1676 228 303 -388 -69 506 -276 785 611 -594 -318 280 91 -223 -32 424 -220 -167 299 -1263 -564 -835 773 727 -268 -419 -786 -345 21 -621 -985 259 -486 1125 28 471 1954 181 556 -1321 -595 -528 -1068 450 452 254 -782 867]
[-419 238 273 310 419 -247 334 -128 -297 -646 127 68 978 333 41 -990 806 -844 -301 -695 -1194 -137 -292 540 -573 640 404 1683 1099 -686 -103 -611 434 -418 255 658 -379 388 392 -824 -1254 749 -119 -299 163 -830 393 -88 245 -891 604 45 -187 221 -1094 130 487 790 802 -89 -50 184 -365 -365 -269 1150 404 -278 -139 -895 -1026 -560 -15 -26 -276 437 498 -1226 918 -761 493 -1470 573 371 -479 -978 114 685 546 -156 -834 -464 937 -9 441 -1325 144 777 1213 -921 871 122 535 -1397 -819 472 442 174 518 -599 553 -758 475 -495 -119 189 524 744 875 997 -249]
[-445 -505 -802 -56 -68 -439 -730 -539 -207 1723 358 484 -338 684 -559 2024 -569 -41 4 246 -607 -237 53 -1345 337 -1414 -337 -292 681 -182 347 798 -698 283 -15 -261 98 87 269 -503 502 -930 -1018 1242 -175 -209 -6 237 -1104 -336 29 -888 -500 -651 440 682 -938 744 940 196 -392 1133 -473 379 1429 -568 232 -55 -551 567 289 -235 478 -191 -676 -1128 -525 637 75 -52 552 660 -375 993 125 654 -488 -471 123 -1279 -5 907 54 -59 -119 -363 -786 -272 -724 60 -117 279 216 833 -652 -190 -631 -78 1073 -688 -1083 1098 989 271 -504 1420 -187 163 1108 66 53]
[-206 1020 372 507 -176 -933 -477 -51 -38 124 49 -948 489 792 -510 1416 1134 -1228 1257 -238 90 740 403 -2376 74 -906 430 150 -399 266 -199 498 -613 -611 -333 792 -943 -478 211 552 866 -572 -419 -548 869 582 1069 350 -894 -225 727 526 807 -225 -274 326 578 -172 -967 -59 476 878 148 368 416 476 83 -1052 205 -1051 136 -329 364 736 -1400 593 -604 -198 594 446 478 869 -296 60 -612 161 903 323 -1337 -62 -577 -525 172 624 106 -137 -82 -11 447 -305 454 -168 494 5 237 103 -203 960 -941 257 125 -269 519 779 -1143 351 -284 608 -409 35 1222]
[478 -243 -592 276 -166 -470 -445 830 -215 -490 315 -337 754 136 29 463 643 -650 949 -813 364 871 529 -1223 -555 -625 -1016 386 827 323 -283 403 -1431 -868 -410 458 -478 989 -147 53 1096 -25 -391 -1295 47 52 625 585 -283 -564 349 818 -241 354 -104 491 -656 120 -1284 -337 307 -317 -354 -302 -598 378 -692 -121 359 -785 -311 -668 -637 -575 -284 194 -253 -600 1062 -359 -612 -275 -294 239 -488 956 -765 1 -1066 393 -814 -727 776 -721 -698 5 -559 -170 -373 196 327 252 824 -1302 -47 -257 605 201 -543 334 -651 262 99 143 -164 318 -337 -248 -678 -1300 323]
[-1028 517 -784 -405 -905 -110 823 416 -1131 528 -464 508 -303 -1934 989 -911 -898 523 -119 -435 364 986 -895 1766 -147 1845 149 927 1539 -297 1345 366 545 -33 -78 -997 -397 2146 -47 -111 -401 164 334 -313 -172 -605 43 -868 97 -675 -1080 -57 -603 68 -120 -1349 870 -491 311 708 -261 -1835 263 1159 643 10 1539 -596 -568 226 685 581 -1359 -129 133 1110 927 -952 434 673 -486 -692 251 -276 -979 -614 132 -1189 -631 -121 392 491 1276 1225 271 -682 1273 204 727 -181 -339 743 -194 -186 -661 -959 -545 294 -299 -429 -831 503 923 -1035 3 -39 845 -1404 -783 266 351]
[-1174 1118 391 58 424 -38 387 -1502 -291 877 966 -627 81 -297 -158 -228 162 265 249 -206 -117 678 -243 528 -524 -216 1666 637 -300 340 1699 -554 195 957 282 -191 401 -197 -1066 -10 -842 798 633 -849 -137 67 93 -949 129 -1085 -248 -267 292 -356 -416 -712 -547 466 727 111 -426 595 44 577 486 385 -48 -1027 188 -32 470 -453 234 972 -108 -233 -633 -475 513 556 722 374 402 -705 -82 -423 1757 53 -237 362 -666 -68 -177 -893 286 169 -653 516 976 -604 93 -937 359 592 -346 29 406 377 738 -585 943 -81 246 169 -262 -170 112 240 412 784 -156]
[168 -118 573 -156 -792 59 259 326 1077 353 -163 -1411 251 -218 1414 481 232 239 10 13 830 218 -593 544 197 396 -348 643 -596 1370 838 -245 52 204 1193 -571 -832 -1272 -393 -97 -1282 578 -509 -1388 -581 783 -767 558 92 490 161 426 192 -216 141 -14 192 -147 -542 -1070 -886 -564 1079 -20 415 445 -432 -648 -328 823 464 -1153 211 -1063 345 313 1142 -133 1479 -865 -622 -866 196 406 -1992 1172 981 191 1303 328 -892 -338 598 53 2 823 266 311 -342 165 56 -389 840 -672 -596 -520 183 -709 140 290 892 -629 -522 -307 -503 -1419 945 229 -1223 -1136 -255]
[1032 -1299 317 -1226 -469 -782 262 -324 1404 671 380 -374 588 1063 667 1040 -26 -328 238 265 25 -609 582 -1949 331 -2070 35 -264 -1034 336 592 -374 -296 -1 216 1033 692 686 -778 -1020 229 -1896 212 893 727 1195 -71 1006 -1035 471 1307 -530 -912 -1018 906 665 -41 -257 -222 -476 247 1443 570 532 940 33 -969 -33 -696 21 1930 456 150 215 255 -111 -357 1669 364 189 -255 -274 23 891 -593 423 101 548 1245 304 117 188 -591 -141 -922 1273 -655 -191 -165 -531 448 64 116 -370 807 181 -283 134 489 848 -785 80 -230 185 -130 -440 -386 -284 -847 264 -290]
[-510 165 718 986 347 -824 -1440 -210 326 -658 679 -753 778 819 -1881 -67 297 -313 -116 581 -772 -880 -211 -666 35 -156 -859 -837 -793 -223 -1194 -181 -942 -452 -716 1288 385 -283 457 -221 901 -192 295 -242 700 -746 -454 771 868 -1769 1440 -1012 539 361 239 1192 486 633 -251 107 686 793 -463 580 266 -466 -113 1105 -438 35 -632 711 2132 93 237 -463 -828 -948 -285 -171 732 -287 441 -150 -287 -25 235 1174 170 354 113 -1887 -20 -441 -147 1144 74 214 -899 645 -499 -610 402 -15 199 819 336 144 850 154 396 110 -984 613 -1418 -1338 -310 1012 646 352 -287]
[-356 1561 284 -1003 11 332 147 514 40 -951 -356 -297 -78 -855 154 304 1107 -707 62 557 -172 172 163 663 98 224 308 169 -999 1047 -460 -1348 650 -249 301 -73 1175 253 14 1456 978 669 723 -561 294 -295 634 -578 115 -464 -365 842 273 -498 -851 -723 854 -161 -830 -1108 -220 878 560 711 134 -248 322 281 609 -193 -622 836 -1135 75 298 865 -259 633 -20 -676 344 -1385 5 20 -38 -250 884 741 -410 630 -263 3 -1116 -573 -470 831 -235 677 336 157 231 -874 -507 204 664 340 586 185 -184 170 -239 -1444 -10 -56 740 466 -248 373 -1528 793 1515]
[124 45 -49 97 301 1248 -550 680 -707 -304 -309 708 508 635 -1152 -850 -28 -605 -85 -76 -558 22 1263 -113 -75 815 286 239 653 -73 -433 -11 274 -446 190 -292 -636 883 84 355 -1076 726 -1542 401 -115 71 -409 106 -520 -214 -440 1706 75 112 -1002 -20 -407 551 284 430 358 -430 -206 -839 -204 995 -622 310 288 364 763 -1037 615 439 -651 90 460 -128 -194 -384 474 1269 -191 1095 -673 -165 -974 -203 698 -1269 -679 -35 704 107 630 -1289 -908 -296 25 -755 -246 -125 -262 -136 199 188 -662 913 214 -361 187 -258 858 356 -797 805 707 -741 -102 -227 -268]
[529 -1208 -290 397 -598 -126 126 -357 908 -1194 -808 -124 354 1039 -1099 726 -819 -124 182 490 -46 -85 1468 -694 521 1424 -102 158 -172 -823 338 -860 -506 325 209 -873 -199 -229 -461 -1631 -1251 -1378 -337 -998 270 528 77 366 -801 -279 112 762 609 -1133 -88 -667 1110 90 466 -447 418 385 -59 473 656 511 -576 521 218 -435 -268 -485 205 117 85 -878 690 187 -522 68 385 1239 2 224 -213 -640 753 -335 609 -992 -1029 -253 1135 -89 340 -122 -1222 536 -237 244 -1011 767 -220 580 757 183 -1069 992 -348 471 558 139 -536 33 -757 306 -1027 -522 265 -1460 192]
[109 -1083 -329 -106 -713 -159 -418 -62 -250 55 -213 -98 -142 152 -49 857 262 325 336 -362 -119 -420 -1688 -960 365 2 -309 -384 -973 1213 981 273 257 16 -341 -19 270 -664 87 6 956 -640 -1084 176 73 547 -910 267 641 134 383 -736 -19 -1033 1177 88 -486 40 -1603 1100 -1032 -518 -325 -170 -686 -292 359 -590 -872 1233 667 -441 660 -1673 -89 -3 -305 251 -592 236 62 -70 -365 151 179 519 -825 697 -513 568 552 -1620 -272 -451 588 690 -851 -995 -633 535 -1471 -1232 713 -636 285 -708 221 -1035 -684 -990 -481 1049 395 1678 598 -66 173 -416 -391 121 -579]
[1357 -353 464 812 930 -333 52 444 -1082 -156 -632 738 -94 -979 -739 -277 138 -337 -498 471 436 -795 -2 397 -1099 192 75 959 247 1858 -1455 854 -144 1350 -1085 -476 -442 1240 -70 240 1128 19 -132 25 -17 -988 -428 -317 626 415 466 -201 -312 588 841 -454 -643 1221 -233 602 -1508 -1151 -708 -1411 40 -530 26 -4 692 682 -705 1184 -659 -924 664 -94 -545 229 -757 -70 51 726 -1193 -572 253 1282 51 -347 499 -1172 820 968 -12 -1028 -369 -49 952 -445 -1046 718 -762 425 -795 -255 41 -262 254 -23 -165 -71 -669 994 -663 -218 1011 610 -485 -232 465 -799 -1081]
[388 90 -938 601 599 -196 164 -2500 -681 919 -523 -270 -1221 1058 -1005 584 -1662 -156 58 1703 481 -603 -691 161 14 1214 335 258 359 98 660 1547 -719 634 786 -1272 532 -823 550 -196 -562 9 -15 89 243 162 -436 -431 -707 251 288 -160 210 203 394 -410 267 97 356 -883 -1461 93 -54 560 391 -883 283 -404 1191 513 -676 1478 1113 150 -453 -594 89 -559 -659 672 671 854 12 -604 92 -433 1093 -1027 -426 -555 664 508 -332 254 -486 376 -398 484 -841 -761 -1218 -257 190 287 1086 3 -611 596 783 687 236 253 60 598 498 500 -1157 -51 824 -870 653]
]
