5817.820898 2932.237936 1.029958708 64
[[644 -51 289 270 -215 -611 88 -190 494 850 -898 855 -1121 127 10 -322 -310 202 320 63 777 679 380 -104 -812 36 -35 -612 170 -1040 114 -333 -905 244 62 568 -628 221 461 1010 1192 -267 666 774 843 -148 -210 148 -171 527 301 -275 -188 74 428 -77 18 59 -69 267 -228 -746 268 71 -662 20 110 549 225 -68 1404 -124 520 -704 -47 799 53 -166 -114 252 -244 1214 475 -456 193 -756 -281 612 -266 183 -13 -544 151 136 -99 -553 -1039 -799 -154 -27 -1328 -336 -396 567 -167 -537 48 -749 -795 226 -256 165 -32 -341 -802 -721 -539 -172 990 -803 -664]
[-151 -507 -596 -1266 252 224 367 168 601 -464 -30 -204 455 192 -1071 -361 -127 666 -307 184 -323 399 -1319 -352 401 477 -549 1270 990 -88 313 -884 202 63 -958 -153 316 51 -804 -313 -1134 -402 -274 -601 -359 112 -196 -844 230 516 -366 648 740 -399 238 646 573 54 -415 30 46 33 499 -267 825 66 -204 -986 -961 -151 -460 167 -525 111 -186 144 127 -1376 19 169 -203 -1314 -858 1510 88 223 567 166 151 255 -35 168 -3 -219 -1112 1088 173 -800 94 -226 -227 -445 919 214 -556 83 -127 168 618 -308 -280 -27 -30 288 223 855 693 -377 -218 862 904]
[280 -537 849 1476 -761 400 -347 -494 -1275 487 -377 89 -316 -276 559 1269 749 -319 -800 264 -464 -680 166 -871 161 163 655 -889 -265 642 566 481 460 -785 1027 -591 53 -116 945 -419 508 208 -796 778 303 -104 228 1075 83 -165 807 -91 49 751 -531 -563 -394 -777 469 -606 -467 -625 150 648 -857 -326 147 76 -478 34 -296 -454 27 -679 -828 93 80 -427 -85 589 -328 75 1085 -17 736 -458 -958 -794 -734 -124 87 -362 103 -209 1205 -578 -269 663 445 810 247 -154 -152 522 -240 332 88 -201 27 451 -436 -122 331 -40 1038 179 -1288 283 195 -652 -38]
[-325 218 -1102 -1197 459 130 84 -574 590 -184 -665 400 870 1292 -442 -885 233 -662 61 -154 -446 460 -677 463 695 808 -1213 -183 -279 346 -443 75 -33 -88 -837 -43 153 -192 -436 314 -694 -704 -785 -917 618 21 -404 88 -414 536 328 -181 -300 -710 -418 718 -469 -141 268 -452 206 150 -336 -82 711 63 -1341 154 -42 -181 -333 312 -531 32 723 514 51 16 435 -31 639 -35 -888 565 -508 1243 223 -248 720 9 -638 550 112 209 -808 1322 95 -184 294 137 -891 748 -23 1342 82 -388 -155 -581 1017 250 350 -193 398 774 -365 1119 762 -75 -125 449 -73]
[-323 -504 -687 228 -465 -143 274 -441 47 -230 -206 737 337 362 -92 -74 -200 -315 -343 9 -609 812 -177 -438 143 352 -773 -416 576 13 74 -605 -608 -39 -696 -275 369 694 821 191 735 -832 -319 871 796 -408 -1042 235 -885 1103 420 -16 491 -65 -645 416 -366 -699 855 132 134 -869 -177 -76 -372 2 -242 267 -1202 -317 525 -61 -743 -882 -575 598 460 394 340 201 96 60 570 1269 303 -569 -607 -628 -1535 125 -69 -188 584 -781 874 649 266 -661 271 792 475 -43 -522 841 -587 -258 290 -899 26 1093 -583 -327 422 1453 451 782 154 -181 7 160 -389]
[440 -1050 -449 1210 -221 -901 510 -1041 -1547 265 923 -672 254 269 471 -95 268 -183 -447 -412 340 -1166 176 -1070 71 -978 230 767 258 886 591 -197 347 84 139 -831 209 549 1402 497 255 -704 -204 322 -448 -116 45 -641 -236 -109 -462 -248 248 800 372 -33 -19 -50 64 160 687 27 32 -243 -223 469 716 -827 -148 -342 -1004 119 -596 -280 -789 -1022 -148 466 -581 -431 -285 -377 502 206 446 -1219 -721 -137 -964 -206 841 -384 265 -771 1687 88 795 -48 121 108 435 -830 230 262 297 295 54 -429 -258 45 -888 -150 178 -103 237 383 -523 109 -270 -431 402]
[-199 292 -841 -732 390 -283 147 -867 -60 379 842 -431 87 216 -205 -498 -143 -246 924 -373 1232 294 356 609 -743 -550 2 -676 312 391 -349 365 -413 -171 -429 586 -498 246 1174 1568 390 -512 269 335 279 -714 -654 417 -360 185 -426 -608 -132 268 130 -1164 93 1114 943 392 -26 995 116 -295 604 -907 284 -107 560 272 334 711 149 163 -104 -294 451 929 -726 -389 307 8 -452 -151 -218 -114 -22 515 458 225 -1043 152 -394 -1350 26 12 -91 -452 239 67 276 -61 -66 1040 -123 -1063 325 444 338 -63 370 263 -338 518 -1140 -23 912 -371 -255 85 -1081]
[1114 -708 -151 731 364 -423 -76 -246 1527 -375 386 416 11 57 -925 -798 -697 706 -719 -467 -194 -184 -67 -697 -804 -563 -1064 -28 590 -566 293 -1418 310 184 76 -711 394 591 -743 -625 -466 800 240 159 -107 308 829 -1416 262 664 -130 529 590 354 569 1026 702 280 115 632 299 721 158 -532 -206 381 339 -614 -794 -27 -271 68 -603 -431 -527 -231 117 -502 793 -250 -583 128 284 718 -69 -268 561 -378 -168 767 1039 -747 -96 372 155 -417 632 -659 -797 109 -644 -415 166 -1069 -765 251 291 -161 -999 145 -1161 570 -258 -765 506 352 141 -401 -187 -60 1072]
[722 322 38 -411 369 350 -1380 -82 1703 -236 -577 699 -450 37 -385 -868 -240 802 119 -519 1368 338 706 706 -1151 -129 76 -859 -517 -871 290 519 580 -524 -272 829 -58 448 301 601 -311 359 387 297 -48 182 443 48 433 70 -361 -331 -192 417 879 -752 515 442 191 1137 -863 830 -11 680 1271 86 788 201 330 634 219 -220 185 82 402 -165 565 143 7 247 -331 2121 -151 -704 -372 -116 526 795 982 314 -90 -567 -519 287 -396 -358 -356 144 307 -138 -317 361 -1194 -812 -1063 59 560 780 -119 -16 -104 639 -81 -321 -647 -1582 230 -175 -41 363 -325]
[366 32 209 301 237 -737 -343 -627 -610 -131 -63 -146 -292 168 690 -1203 -148 -349 75 -259 709 -169 1039 -1020 27 -812 643 -547 -518 1504 42 -79 248 211 937 -363 -432 -81 692 420 901 -3 381 -780 -517 -531 481 -174 -95 -109 708 -1035 153 20 259 -448 633 445 1329 88 -219 1443 -153 -122 -20 -588 675 -33 1230 84 -32 564 -175 216 19 -131 329 929 -66 -1074 342 75 363 -519 79 -570 -666 -81 601 687 562 358 -233 366 644 126 692 -376 402 920 -36 -460 717 584 503 -418 131 992 -525 212 -19 416 205 -740 52 317 -774 -259 -159 -50 -1131]
[256 -77 611 571 711 -211 -936 -52 865 -332 295 252 -733 -213 -145 -679 176 331 -52 -293 -139 -324 1513 315 -72 -555 -578 -1156 -478 -61 190 835 329 157 700 894 -432 -669 489 345 351 299 976 -556 138 151 -106 653 638 325 112 -749 -614 1018 372 -686 792 134 581 390 -951 1179 -539 643 262 206 977 553 -452 680 -175 257 139 -81 -24 -84 806 -20 341 -221 -832 1314 -333 158 498 -167 58 -158 453 659 -441 -349 -280 -27 320 705 56 -274 -704 998 -223 801 -338 -279 -258 -35 348 726 183 641 -488 22 1155 -213 501 -380 -1124 -420 36 468 -1242]
[-337 361 -710 -414 -179 319 152 -242 -1059 1040 -1970 -627 -111 1195 776 131 167 -889 409 495 556 -607 -17 221 597 829 535 -84 -1004 -180 -258 468 -13 -718 -645 -446 603 -232 465 -331 -404 311 -956 88 -990 344 237 -46 -184 -106 976 -709 -868 -498 -382 1018 -1184 -808 -571 158 175 256 -473 1017 -277 82 -1226 838 731 -68 104 42 256 -122 907 -357 -942 282 121 410 345 928 461 -1790 -404 226 -351 1683 402 -855 -334 -199 -598 349 117 365 -410 1508 245 22 -748 364 -1408 542 740 58 -524 6 297 119 357 -508 -36 -578 170 -536 -214 67 -526 -575 218]
[395 -103 1195 112 -308 1196 -1062 83 -410 444 64 -132 13 -796 124 1212 1342 194 -843 135 -207 -260 -750 -166 192 589 862 571 135 315 963 695 720 -1017 -114 5 261 -540 532 -934 -132 -520 -402 193 -191 -317 300 1547 1086 -1220 -1103 200 -122 1354 225 -1321 807 -610 157 -1006 133 -314 662 503 257 114 326 -311 -299 -514 -419 -304 475 -313 -283 66 -669 -1271 76 -58 -945 330 -951 -140 169 -381 704 -1518 852 483 -273 512 188 21 -101 -351 -839 660 518 -168 752 668 1261 -744 -261 673 267 197 359 -889 337 345 447 365 572 -133 -365 72 39 748 6]
[-168 479 430 -545 -84 1085 -802 -755 327 424 -631 417 -323 213 317 -79 -570 -157 520 -108 553 762 334 -176 -634 761 -351 -655 11 72 -751 -734 -240 -855 285 -499 -232 -354 -429 -847 101 238 -261 307 -441 -532 123 724 -728 296 1424 -758 841 -165 -557 292 440 -495 1588 642 681 1103 290 295 -202 -1168 -1323 1133 -352 -352 1098 211 -265 -941 265 484 -847 -323 374 -13 51 1092 828 -1327 -636 112 -302 -128 -749 1088 -150 493 -262 315 -170 -88 -866 43 980 794 89 153 -290 815 -288 -1005 384 258 -444 343 537 934 293 -390 238 486 -552 -71 -601 43 -627]
[1110 -438 506 -436 796 -27 -303 -517 411 751 220 52 31 545 -100 -890 589 192 705 -1042 1142 -521 83 333 -276 -543 -421 678 100 -188 -629 429 93 162 -1197 641 -1014 -726 168 1315 -166 -1082 303 -835 -722 -801 -471 642 213 -18 -2089 -28 265 362 659 -880 819 744 -367 -344 695 1436 474 -415 877 325 -289 -205 584 42 -171 765 -185 -210 678 -727 -201 -272 -401 -149 49 337 -2408 104 191 165 701 616 1007 635 -583 -267 -489 -736 -787 1159 -718 -119 405 -597 -951 737 1256 239 1 -807 281 -357 517 -974 -378 -522 947 -713 -730 392 -67 -1021 486 792 176]
[1103 -513 -236 586 -578 417 194 396 823 12 367 521 -436 -216 -967 -150 -790 621 235 -784 281 301 352 -443 -1362 -678 -1230 -1263 780 -201 -161 -1027 -143 -547 607 153 -712 1197 769 1506 85 -112 378 622 727 268 -122 722 -521 1515 148 170 1012 -82 485 -212 754 867 468 658 -404 288 73 -352 348 488 252 -171 -865 70 -215 91 -832 -71 -913 259 974 -409 285 951 -624 492 -52 1100 1649 -146 -777 105 -1144 -165 -915 -1137 -297 -1458 -173 -20 188 -1008 205 -40 -892 -705 -420 1911 -761 -981 924 -566 275 555 -554 -31 448 685 -640 -16 163 -24 531 535 -538]
[-299 716 49 -1299 -60 1011 -715 351 922 154 -453 -625 -69 305 123 -280 -445 -803 1394 -142 -364 754 -79 506 909 399 396 -278 -202 979 -830 396 33 -637 -327 431 223 -721 -1290 -447 -64 772 -647 -936 -1410 251 379 888 87 -928 673 -667 449 606 23 100 566 -213 1382 -72 87 1627 -343 -219 711 -358 -1436 931 830 599 -192 34 -129 995 1845 -107 -735 849 587 -342 -84 42 -1332 -835 167 1349 284 -421 829 -169 -1520 127 -550 218 -777 570 362 881 1023 201 472 905 420 80 89 63 -194 988 249 -785 1145 189 457 -432 841 518 -40 -130 -198 987 -449]
[50 971 -232 -1283 -152 1624 -1142 -97 1027 341 -1062 -115 -215 -121 -29 563 552 -383 -492 1037 -504 578 -902 -547 751 439 1070 -117 117 1247 398 -444 902 -1930 1081 -16 198 -96 135 -596 -328 -122 -1153 -876 -666 919 174 683 -182 -417 819 5 -81 773 477 -777 264 -588 1277 26 -493 136 297 399 764 -244 -197 -502 -4 -252 -788 -416 -670 -682 191 643 -217 -1113 -133 -52 -572 336 -250 -353 729 402 -295 -1241 355 159 -947 216 376 557 -778 121 -299 -313 1255 -282 -101 -320 863 1667 -1207 635 -91 168 747 -1 880 1436 639 425 99 544 -563 179 -190 341 -152]
[620 366 307 14 509 -1047 -534 -446 851 -64 -438 -635 93 344 -74 -309 -339 -297 497 39 1143 -381 1028 534 252 -395 692 -636 -1255 202 -932 104 618 700 -239 1140 -315 -406 -408 1396 754 1200 -66 -297 -696 272 152 -928 -727 -198 -474 -279 -304 412 478 354 -722 -806 -94 61 -570 1183 -335 -353 -133 335 201 138 1444 1522 -723 -245 96 -110 1018 -851 -93 1268 -521 -265 892 956 -25 -862 -591 594 -345 895 403 -368 342 -1084 -310 712 698 661 -278 223 -103 -752 -495 24 -475 -348 -369 -4 -560 -9 15 -504 -587 66 -86 -1533 -551 -751 -297 -409 487 -597 966]
[-566 -333 -1600 -774 1232 16 836 -1141 -602 1137 255 -727 -503 626 195 -302 647 -1023 67 776 638 -759 40 675 -67 56 -477 233 668 -408 -323 -23 -598 -138 -461 -183 734 -111 1718 626 -978 -1173 -15 232 -110 -50 -928 348 3 -255 -622 -100 -1774 535 -147 -654 -757 341 22 175 663 -406 -539 -204 -364 -415 -610 -346 -473 -423 216 932 270 -1076 -328 403 -201 -85 -870 344 -502 -892 -541 -138 -707 -555 835 283 494 409 -944 526 -409 -804 198 228 -240 -773 -1262 719 68 -502 -188 1005 73 168 -956 -350 457 590 564 -458 -394 74 -379 40 269 -569 -900 -477 -269]
[-219 403 -59 -342 -802 -331 1378 1506 -583 -201 -1066 -262 150 -1239 -471 410 -494 345 103 128 936 1457 -283 21 -76 -154 246 564 760 -297 146 -632 -1169 696 -1881 421 -576 905 -547 -297 716 -191 953 189 161 -1090 -113 -84 106 1044 -390 643 938 -985 -465 175 575 316 -1042 111 -162 495 588 -165 -353 -587 728 262 373 -57 1192 -59 398 1322 476 255 633 -335 -6 307 526 -764 193 293 544 -767 12 1017 -220 -430 -494 -202 -640 -966 -934 243 -842 -892 425 -416 61 -127 678 9 639 -771 1011 773 162 -82 -133 -247 -664 1109 -387 -316 2530 -1009 -142 838 -533]
[907 -1772 714 542 263 -1014 -519 -202 -222 -259 -339 55 -267 134 367 -1116 175 105 -234 -959 764 201 135 -1218 -38 168 278 281 362 -68 13 -724 237 981 -99 -623 290 103 837 1132 3 -63 -465 304 220 -1018 -770 159 -753 228 -223 -343 1187 126 -316 178 636 -386 1225 102 691 335 328 -84 382 -166 -476 -124 208 -104 202 719 -205 -1261 -502 445 -396 446 514 15 -413 -427 467 1342 -266 -1352 -639 -1026 -448 798 443 68 228 213 1687 183 568 -950 565 901 378 -642 988 -276 -366 133 13 -689 -468 -98 -571 365 -167 -273 221 553 -693 -799 353 109 345]
[-249 -570 47 360 -494 306 213 -959 -140 253 -1011 575 -301 -372 1291 -399 -630 113 587 -1301 1149 75 1057 647 -758 -132 129 -337 226 -1099 -46 945 -490 222 -728 -849 10 645 706 23 13 259 132 1414 -230 -480 -441 106 -53 176 -212 -31 1035 -199 -168 -574 -101 246 431 1387 554 394 271 763 1034 -1000 -645 588 808 -231 764 125 -445 -397 361 -111 436 891 162 359 277 1036 409 -106 -18 -1187 -121 1534 1 -633 -112 -941 -758 -226 348 51 146 217 1109 355 688 120 -1207 -1094 -62 -505 895 104 -129 -327 -35 -348 -721 167 -172 -884 216 -416 -448 -777 -320]
[62 377 87 757 195 602 432 801 -186 204 -250 480 -625 -216 468 -17 392 -1077 -45 328 -468 -410 164 -716 654 -701 581 213 -612 1212 -715 160 -185 -967 -247 -94 647 -36 -107 -567 898 -1087 -262 -1727 -523 357 295 680 -138 -993 -18 273 -1686 1155 319 -474 -408 -808 -156 -1200 131 72 -1517 -532 -657 1486 290 246 679 249 -344 -156 -212 681 1322 -131 -168 1346 592 -97 121 -241 -914 -437 682 307 -470 -785 81 -473 -827 -367 -173 -396 -421 506 467 354 -193 -41 -540 447 1161 122 729 977 -1262 -224 -91 176 117 -802 1265 187 543 458 -442 -184 495 1010 -560]
[223 -283 72 -174 -173 -228 115 33 -149 65 -1185 -416 -346 -303 603 -433 -996 -36 771 -859 947 -66 960 796 -609 -691 509 -501 89 -470 410 -177 -487 831 -683 342 -404 749 301 168 592 934 617 1243 -748 -40 -331 -350 31 147 805 -883 1038 422 -611 -237 730 827 1047 1337 -619 1182 286 387 145 -1153 79 1625 809 731 276 106 84 729 920 775 488 1505 -283 203 -104 644 926 -534 37 -751 7 741 482 66 -639 -623 -782 278 990 -308 -78 345 1226 308 552 198 -935 -918 -456 260 974 1168 -691 271 -419 491 -718 -1073 273 -956 461 -378 -342 -842 -361]
[637 147 174 -186 -1774 519 143 567 720 165 -456 431 78 -250 -1 118 -1239 597 388 -50 -79 805 424 231 -67 349 -818 548 223 -898 598 -929 -877 615 -569 270 138 1162 -907 -231 1028 -268 970 1232 45 0 -280 149 -667 -243 700 -603 1121 230 22 1044 789 -706 385 972 198 -649 251 -234 64 437 -343 854 -495 -791 200 -920 -377 -58 768 1213 -924 -100 197 245 43 1819 911 -199 14 -971 451 277 -731 -317 -303 -332 -212 692 28 -5 -502 -657 1049 -1081 -203 17 -1292 -199 361 92 1037 -454 -1080 -384 140 657 -433 1174 -754 -528 -234 857 -75 102 -66]
[-981 700 -536 -595 824 -409 398 -479 -830 596 819 -404 -236 -569 -260 -304 -226 295 248 471 1056 -520 -705 804 -891 -199 671 95 510 -1014 855 403 -430 -893 -1378 604 145 -286 1693 710 152 -899 618 1029 392 200 -1147 -909 558 712 -633 -848 -1022 369 740 -402 -175 203 -95 -50 -170 10 -879 512 -66 340 1428 -220 -1021 -221 153 1125 1030 106 -1085 -625 -481 -35 -89 -133 -859 302 -114 -272 -131 -785 -286 1903 397 -343 -210 -351 14 -768 -179 641 -714 661 -1098 -164 357 -213 -523 384 -147 -435 -188 91 306 272 -448 -778 -184 325 -956 -1219 408 -87 20 -113 -673]
[229 120 -116 43 429 -625 639 68 119 193 626 171 649 -239 901 -283 41 -480 234 449 -682 -503 305 525 1790 -1083 -599 910 63 -199 473 1256 567 1122 -273 777 -269 -43 -43 434 192 -1119 986 -870 -383 540 -932 -102 577 -545 -1451 -364 -277 -1054 -131 -696 -254 1164 -158 -206 9 -722 -368 -164 254 125 974 -491 114 -76 -526 687 373 297 447 200 821 1087 -674 -357 406 -235 -1556 265 234 -219 930 32 1447 -523 98 199 -79 374 -119 563 -9 -89 235 -266 266 520 380 -552 421 581 594 -708 39 234 -273 -730 18 743 -357 23 -298 41 65 -46 -485]
[-364 -459 -334 -695 455 -2 -274 -229 452 -576 1325 1119 895 1128 -428 -475 243 554 129 -931 -49 -290 487 819 -1510 364 -821 -68 -520 -599 -595 -224 366 935 -563 497 301 147 -121 953 -653 -537 221 364 762 -197 -498 -666 -419 422 -614 145 -814 -69 657 740 -37 -449 -1156 -87 -24 364 -353 -215 854 1010 275 255 -350 485 269 -290 -280 -702 41 325 -211 186 124 -595 777 1158 -350 -153 -1547 699 63 -103 -433 506 551 912 888 -3 255 307 36 -8 -875 -765 -711 495 -1094 338 222 -899 -658 -784 -104 92 -409 152 274 313 -1849 -146 -5 755 220 701 447]
[-902 1206 40 -223 522 1282 506 43 409 -640 -537 -346 63 -1047 45 82 -143 -235 -588 828 -370 991 -433 215 1161 408 -96 1073 289 274 -373 -138 718 -399 582 95 -240 -280 -1197 -1616 -558 -308 250 -2123 -423 1253 308 20 -40 -606 -410 677 107 -722 285 -174 584 -894 -411 148 1062 -971 -639 -265 68 293 153 -199 378 -904 -382 -539 -571 303 189 -74 186 -835 -240 230 105 -34 -826 -311 380 194 360 -306 -229 -474 629 51 -70 678 -1898 1045 -19 -294 612 -353 703 -693 1036 136 846 276 -291 286 387 -145 1199 -85 774 35 637 282 108 712 211 1127 -846]
[514 1528 866 211 583 75 -378 1312 -373 -809 1050 -325 488 -659 -756 -432 165 498 196 -1109 -560 -421 -306 1058 -299 -329 -741 -504 -1085 108 -873 334 -572 331 133 339 -1281 -1079 -1937 641 -936 330 457 -941 1068 -390 485 694 -5 654 -24 211 512 -827 -1139 92 74 1540 -386 -757 -528 1014 53 -754 -87 600 -205 869 -445 489 -667 645 224 2262 574 -530 349 99 504 566 286 -320 -382 -100 408 2207 209 -452 365 233 -227 69 -29 474 -1280 565 -177 722 -198 -965 -587 1371 277 -185 132 122 684 312 758 -366 -799 -429 251 -320 -697 563 1457 253 186 -178 728]
[463 -494 1199 -37 -1152 954 -148 -156 -408 569 -826 888 -304 -15 107 122 -274 370 -571 63 -520 361 -578 -1616 242 1543 169 -17 609 -1314 334 -163 285 -464 -202 -513 -54 -329 -857 -1365 -567 -19 -1026 245 -467 -420 -167 197 2 698 639 -156 911 -1602 -63 1103 843 -47 173 -229 478 -151 383 293 -219 -1250 -635 -442 -391 -948 1129 607 69 -1640 -872 600 -614 -1872 1040 584 160 390 -150 -160 76 -784 583 376 385 379 932 248 -575 633 -645 33 -216 737 770 603 -184 -735 104 379 1180 -562 536 -286 -1500 -136 -82 -189 -608 241 394 324 -1278 -171 194 34 227]
[161 -205 363 65 -425 7 185 486 -1161 -91 -1288 -22 320 -653 145 118 1717 527 -1536 -582 -533 808 -681 -872 -331 401 1825 602 672 -197 903 -971 255 53 -78 -530 37 792 803 -191 319 369 -241 569 -27 -733 -471 -24 569 -175 -727 941 206 295 206 -674 537 -762 21 -73 -593 -427 1349 590 432 267 1219 -5 1227 -314 1056 -836 160 -866 -506 926 434 -409 13 -321 -20 137 -216 592 557 -1746 -299 -976 -196 432 393 -77 902 151 663 -473 548 145 356 -339 856 -130 973 -417 -494 145 31 -169 392 -197 -742 1065 -182 182 -134 -99 907 -99 704 529 -44]
[-817 -559 -689 -1193 310 -1189 31 -222 -441 -936 -454 -395 149 965 -2275 211 960 885 -334 -858 69 -310 -532 806 993 1237 -1013 936 -2 -296 518 -25 -342 283 -1335 1245 -944 -190 -451 384 38 -678 -705 -202 379 271 -932 -422 -70 553 808 -825 -863 812 -617 727 -500 -965 -998 189 -493 -494 444 905 666 -35 -733 644 -1091 335 -594 -617 246 453 664 304 95 -1017 -1091 477 -609 -129 173 1088 -697 -414 445 382 133 -210 -784 435 281 -920 513 2154 -347 -250 142 410 105 1040 -692 375 199 372 357 364 1777 -169 -218 314 1110 425 297 175 1095 -36 -217 121 620]
[601 720 -352 423 -440 -702 284 554 -241 386 -1175 -1321 -122 889 92 -520 245 -732 736 279 358 642 -273 922 931 131 1384 650 -631 -271 809 -212 -755 809 -414 251 120 611 98 204 1025 615 -82 650 -291 240 610 -612 751 -308 395 -782 -165 700 -180 1013 35 -671 -873 254 676 89 -138 -40 -1213 758 199 435 576 -458 192 -521 266 657 822 -723 -872 21 -147 -865 -710 625 1018 -910 459 -658 182 618 303 -392 638 -367 867 663 229 -379 -8 78 181 -567 -58 -115 -566 -793 1080 1046 221 151 -1380 -1180 -42 -219 33 -600 35 -94 707 433 173 -673 -179]
[-173 115 -78 -691 -286 333 -597 581 -759 -227 1441 -782 791 -828 222 1859 135 145 310 1189 -12 -831 165 833 -16 -630 678 602 -490 281 -302 1033 542 -407 -748 1237 44 -382 791 -161 -603 -784 381 628 -1232 -449 -615 778 -991 -234 -1208 102 317 334 -430 -787 -175 638 -110 748 -493 362 254 -13 143 -549 298 -515 -868 543 -614 -291 -62 68 -13 -1579 -234 835 -1629 733 -110 118 9 -1198 -24 104 312 334 -1265 95 -268 -57 -548 -583 659 154 -443 988 544 -646 2233 -22 -609 38 -982 449 706 881 15 393 246 84 -390 512 -99 -1144 -163 -349 -1120 104 1015]
[191 160 366 203 -950 -279 109 1524 -1239 -844 1163 459 624 -52 460 38 111 89 216 -1122 -840 95 136 108 934 -904 -726 1492 -380 278 181 28 216 761 566 -570 -668 369 -1474 -557 -643 -427 379 -710 -174 -38 550 -294 138 80 189 172 648 -1532 -348 880 -23 1075 -767 329 376 385 370 -540 212 823 -23 -505 -236 -386 -31 -341 358 1891 1102 -620 -445 -29 -652 -623 45 -786 425 -592 297 198 -313 -284 -791 62 1085 1525 546 1097 104 -727 707 142 749 31 805 -229 435 146 1570 325 697 453 -499 -473 181 291 235 346 -563 -11 889 976 -329 212 426]
[126 344 -172 -1046 38 463 -341 136 -764 -193 69 -356 1151 1017 843 -613 183 -483 491 1017 -685 -407 57 484 218 362 1393 357 -786 1356 2 897 536 550 69 -171 170 -94 378 -352 -418 -12 -626 -314 -373 -617 648 -286 781 -577 130 -814 457 21 -13 -319 657 203 313 -687 -449 867 144 -46 719 -824 -308 -626 1089 -361 -774 -205 -550 117 -1 -8 -676 -14 -473 -1008 718 -1017 -645 -131 -176 1037 197 581 1356 573 281 1002 446 943 -331 -566 594 716 581 -95 -50 -60 132 618 154 184 -1 863 -114 -860 892 -236 -963 -844 188 936 -764 -19 -123 370 -612]
[302 -278 -337 -404 -452 932 -868 95 145 513 -1385 -186 416 753 -126 1677 527 -342 -763 495 -971 -512 383 473 680 1222 -410 -518 -353 -782 186 226 217 -442 -105 241 430 139 827 -1109 -669 -131 -797 932 259 945 -276 1309 -1022 504 586 305 -118 755 -66 1050 -166 -1497 -346 -120 -118 -519 252 754 37 153 -1342 476 -384 -873 -503 -877 -465 -1202 356 576 -848 -1224 -157 913 -522 1409 283 -297 -571 26 141 -475 -559 -144 -273 212 156 985 247 231 -965 283 102 27 -35 -178 -1125 949 641 389 365 -555 -67 276 683 104 -61 178 537 -591 -556 133 -351 -498 315]
[-335 -857 17 734 -276 -464 1482 677 -810 636 -482 -641 822 -380 -285 2154 -84 50 -104 1246 -70 639 162 419 797 522 195 272 274 -304 228 139 7 732 -587 -270 1322 759 433 -1025 703 1097 -275 1488 146 -534 -284 -229 582 66 -361 -151 -599 -275 -956 635 -255 -1682 -1549 -228 370 -271 70 565 -1252 -233 567 -114 -465 -440 1272 -394 776 -891 -1126 -400 -746 -279 201 -785 270 -111 710 -52 -386 -1366 490 436 -254 -1162 401 -530 -363 -1058 944 -456 -27 82 -1019 -87 96 160 -616 -1170 990 -577 -221 -317 -112 -834 -385 -279 -518 945 45 250 504 123 -383 610 -339]
[14 -13 -349 38 230 347 103 -208 -572 -463 -65 -56 -284 65 -711 111 -110 -641 -52 655 -433 46 1172 419 12 915 -476 -1195 -35 216 -1212 -672 -927 833 -844 259 -874 -610 425 478 1689 -516 965 -2 321 -696 -716 1390 -844 869 351 -599 516 455 -1142 -414 -10 -599 694 -305 182 -445 83 -790 -1198 -507 -1072 1204 -264 -441 596 -149 -765 -758 172 641 705 319 -666 30 794 307 -411 603 154 -619 131 3 -421 852 -203 214 -171 -438 -93 2283 -414 -851 -160 1018 241 -324 -34 1112 530 -821 357 203 -380 -133 151 -685 627 -49 1059 1052 -461 31 138 400 -1056]
[249 573 95 486 1402 -710 739 -869 -571 131 -310 29 -580 -369 636 -1596 55 -236 -334 -564 597 -149 1293 695 -583 -743 -947 -1067 -581 -665 457 539 -281 807 1021 792 -517 -125 -484 14 -397 126 1171 -215 833 -140 63 216 396 -549 -40 -917 -964 -246 -383 -811 794 1331 192 437 -701 566 -719 224 -569 -1124 1008 1044 213 -58 663 502 492 137 31 622 661 436 -37 557 -738 448 157 -1410 -307 -159 1382 -206 1029 738 52 -399 -1024 913 131 -358 163 -467 -671 1130 -351 137 -1045 -179 390 345 482 514 -501 1438 -665 -143 -441 -1126 -636 -1060 91 160 44 -815 -1346]
[-651 -231 459 697 212 225 132 -729 -563 16 1360 -1126 828 -880 640 421 245 -117 556 -214 499 -420 -19 109 -428 12 101 303 435 -62 -481 302 -543 -972 1092 -816 430 378 1268 -888 -1119 3 -237 280 -289 91 380 594 667 -212 -472 455 167 -108 102 -514 745 153 266 -19 1518 39 40 191 320 -33 -954 -485 -402 -1114 -969 674 -232 -344 -1306 -750 -1183 -382 509 140 -442 -916 299 159 -54 123 -632 -1103 -635 -139 321 290 639 -322 -211 -888 563 156 -826 172 1657 -586 588 -792 535 -394 -491 -644 894 -351 1459 -194 -601 179 96 179 -332 61 -935 -419 -263]
[899 879 -409 -106 593 0 182 127 -108 763 -259 -702 -595 -528 -131 -151 282 -262 -544 -104 660 -491 1398 520 -1228 -393 152 -1194 401 -873 -1193 -278 -917 134 43 717 -743 -81 512 -106 -660 520 605 319 -519 -398 252 544 377 1323 -934 1159 -204 521 720 -535 696 1120 -748 -4 -242 920 700 -253 -388 -300 -3 358 374 428 464 334 -432 -331 362 -26 976 -616 -328 504 28 -155 -823 -1313 475 136 814 -274 298 815 -355 -326 -231 -459 -591 -147 -696 -828 -1435 -54 -784 -511 115 -69 -115 -492 353 -187 6 201 -263 84 -734 -1242 -81 -763 513 -1324 2 -597 613]
[918 -550 301 281 -127 -829 -449 -1037 1241 -455 284 1243 934 1349 -1230 200 136 665 -1035 -229 -1777 63 -526 553 -410 667 -1973 388 292 -340 -503 -778 -133 623 68 397 -1200 -204 444 267 883 -943 -365 828 1028 -290 -670 -646 -1092 1440 -348 -39 965 544 669 1222 35 -1458 189 -472 365 -1150 791 -257 -104 817 -792 249 -1197 95 -563 -740 -1400 -1454 -855 200 -78 -533 -12 66 57 1533 -1014 1362 129 461 323 -831 -1358 955 775 -696 1305 -20 590 697 -214 215 142 -348 -844 915 -281 314 -1621 -701 691 -2027 133 290 -1063 302 1471 -164 660 820 -1017 -585 1148 -97 906]
[127 -772 137 -193 -505 129 -465 -637 389 973 -1623 1307 -809 30 520 99 261 -78 47 354 730 97 -1127 -533 125 -144 865 -704 225 142 1650 773 209 -643 -1858 89 -325 -219 686 -78 1311 -565 180 477 -524 -560 -319 653 1330 6 -472 -274 85 760 -78 -1173 -66 31 78 -331 -871 -126 -2 562 -147 -453 283 102 -308 -166 1289 -626 930 160 177 190 157 -103 -360 -517 -640 370 -813 -179 719 -1067 19 571 1440 78 -238 -677 -653 -314 221 419 -573 358 677 1156 -279 483 -133 474 -1012 -495 519 659 -109 -183 -360 -954 391 -262 444 -436 -593 -153 326 -42 -176]
[-394 792 -1296 -372 292 344 -307 134 222 -108 -67 -361 551 681 337 -1585 -311 -491 -346 558 320 202 292 -278 400 -236 126 180 -1019 515 -96 465 578 -119 -1465 -308 1384 -226 -87 561 -417 -273 130 -1398 -476 368 299 -985 -163 97 -189 -530 -684 312 941 1020 -536 -353 -161 263 324 179 -1144 -297 765 1494 480 -381 1001 -216 -1059 -463 -461 712 727 -254 -699 735 212 -493 915 764 -296 -83 -238 322 -696 1323 -257 -888 -178 -136 -542 325 -49 987 580 581 4 -693 -444 -184 -736 861 1069 157 -533 1011 540 196 291 -443 44 294 -47 -181 53 800 502 1293 -184]
[-857 1667 549 471 670 665 -593 465 -35 -494 1048 180 224 -1430 344 -216 -882 798 -138 -586 -890 -883 80 -106 59 -71 941 -481 450 -91 -666 -34 539 -546 971 -768 -19 -335 -499 -1481 -526 1001 -800 -180 32 585 -804 -747 -616 84 1317 274 526 -1059 -905 189 -380 545 1359 312 21 480 -735 348 765 -1285 827 183 -202 308 380 1156 -169 -232 -918 181 406 1373 577 344 470 -902 950 -125 -1098 -116 -174 135 624 351 553 505 114 -117 178 -638 966 1136 -126 -100 834 902 -37 -1442 89 198 221 214 -1047 753 -501 180 -921 202 515 904 -40 121 -507 -642 346]
[475 -224 159 734 -424 -807 257 -375 222 1221 631 -723 -491 -190 -312 963 -313 29 488 858 -893 -742 403 439 312 -128 -634 -46 220 -20 -39 518 -1000 456 -398 -54 567 -1087 -374 -237 1664 985 1315 698 2 -222 719 110 -296 -1000 -1174 -5 -115 592 -334 -20 -801 -360 130 -111 171 -399 111 -295 -1682 -105 -7 50 89 43 595 -11 803 -93 -2 -698 -698 989 -194 -87 29 271 -104 15 -201 64 558 957 -191 -336 -33 -508 -393 -182 304 -125 -259 -77 -1225 -111 -184 571 110 -1626 58 -15 -661 460 -1176 -596 123 -420 -355 -269 271 158 -603 -492 64 -824 19]
[-541 -304 -1464 -42 82 634 221 -453 -1215 231 136 -1088 416 1404 475 1124 909 -362 -260 1026 -1949 -597 -483 64 1105 98 -707 624 -76 93 204 902 1258 -298 872 -509 128 -600 1528 -109 -1620 -6 -499 -130 -52 938 -469 624 -246 340 736 177 -611 -780 -515 554 -954 -57 -515 381 -219 -939 -80 895 134 482 -368 -166 -1225 -110 -619 279 -291 294 -560 -1108 955 -336 -563 536 -384 467 -86 128 718 462 -153 144 -503 -603 -174 462 -256 -225 -332 367 177 1322 -374 189 -10 141 -695 752 319 502 -331 59 837 1208 -120 -7 724 1046 461 231 -487 816 -752 -120 30]
[668 -714 465 444 -85 -978 -3 -659 3 612 219 172 -638 503 -729 83 201 135 414 -1600 1183 -616 141 -266 -739 -655 -330 -1162 -140 -472 158 85 -677 323 -556 195 -360 184 134 308 532 394 211 251 1050 -497 250 255 153 481 -343 -205 -1442 530 224 257 630 226 -64 -228 628 1654 -252 -430 -336 69 321 124 1055 -263 696 632 1102 78 275 -236 -750 220 893 -487 -161 609 543 -373 -490 -501 -161 -276 1001 -183 317 139 -395 -46 170 -158 22 -744 -806 83 -1428 208 639 537 1585 -796 -248 63 -995 -708 184 586 106 -30 -2002 -136 734 -200 202 -552 -622]
[326 678 630 346 40 -15 -310 768 -32 -151 -87 -18 -764 -691 774 -47 -958 432 176 152 -330 -542 648 -354 531 -1 457 -279 -770 -918 -220 335 -626 -150 -49 -984 245 -915 -18 -1445 816 1268 153 300 264 -714 -523 -219 236 567 354 -278 -762 -728 -1306 368 -149 159 435 389 -184 827 -277 260 -643 -22 301 101 -419 -640 328 951 353 68 -481 -552 -664 233 920 -881 -36 53 1285 -69 -92 -621 -75 873 714 490 421 -169 -255 815 69 -153 413 236 -1379 130 -706 446 -32 -2008 529 288 -347 631 -1320 -779 -699 151 -508 91 185 418 -739 -601 -548 -1158 155]
[-250 436 -630 -321 208 -883 -29 576 947 -655 -875 -444 657 180 642 -755 -208 44 -320 120 14 -119 -270 9 -35 -240 1225 1251 -711 -653 590 -844 -455 898 -134 0 18 1071 964 -189 973 -370 11 216 -596 74 -246 -1719 -639 302 -1127 519 -26 330 751 841 368 332 -541 500 389 -64 563 -470 -50 -205 -15 -265 1213 -1172 297 10 -697 -957 331 -536 -390 1161 134 -2056 -101 569 -264 -285 -188 -695 663 -328 533 1033 976 -88 1087 1107 768 -715 1233 -403 85 -666 901 -730 75 -1963 168 1043 39 55 -1221 -996 149 640 -848 -659 -406 -710 378 -399 153 -720 214]
[1740 -497 787 784 -612 -860 -566 317 916 87 -1966 460 -661 718 -618 134 471 201 -401 396 912 911 -825 -668 802 -123 -15 -878 -60 392 -73 640 344 626 898 409 -730 95 -246 1450 318 855 -1126 227 1134 -1295 421 1036 -47 1227 759 255 962 -1241 -1034 -426 -542 653 4 -472 -1300 247 712 310 -611 -1055 2 -495 -582 1273 1369 649 819 169 -273 -24 1728 -415 -401 579 415 284 895 405 579 150 239 -768 784 494 284 -226 -579 -61 52 -598 -562 -1107 1065 788 -1458 190 173 242 -1716 -185 718 -164 96 -25 -763 672 76 119 -762 808 192 -1058 295 -654 487]
[-427 -554 676 38 -516 96 -140 990 577 -621 -341 565 -388 -783 365 -300 -232 195 66 -306 285 611 1160 1112 -679 682 -32 146 -641 -81 -474 1215 -343 1126 -380 694 779 253 -73 -428 -979 261 300 -77 878 -395 715 222 282 -233 -132 848 -277 634 223 141 831 -573 -1006 279 -14 498 -1302 891 775 461 -775 4 507 643 304 -721 44 507 657 66 -356 477 914 275 -401 1099 287 -436 -777 300 644 -260 436 -452 -97 -183 -339 581 -140 151 405 -662 -554 -456 388 1003 -858 -1109 761 256 585 348 -186 -561 1122 -250 -935 753 -998 -1008 61 -490 -413 562 48]
[507 -814 -284 3 780 -175 192 -1149 -69 -260 -1551 -553 874 852 -330 -684 613 -130 -764 -420 -248 -1113 -714 -216 572 1193 -177 -338 497 -33 339 -609 1340 621 -417 -796 409 780 -211 -508 -1142 1045 -1355 332 17 486 257 -470 1023 594 -847 944 1119 -464 -502 289 43 -1017 21 -427 501 -89 367 619 541 -852 -624 -533 -208 -78 -1088 210 -915 -830 -219 948 780 -207 357 966 74 -1496 -542 1268 -745 204 389 -635 1151 419 511 210 395 266 255 631 587 -613 378 1325 154 34 444 -570 -717 626 291 -479 691 -224 -222 -506 -618 -1356 1120 1170 548 -271 227 43 808]
[1018 -677 232 956 -567 -956 314 797 -850 -437 -330 -156 305 253 -754 -109 288 103 -940 -354 42 -757 6 -1337 344 -386 -803 -141 -176 333 -2 -843 -299 208 -715 -712 -605 682 311 1436 472 -169 -578 -191 194 -657 132 421 5 793 -567 -137 -66 -271 -361 438 -423 22 335 -683 366 -283 36 -855 -764 756 -660 -608 -169 -779 -1144 358 -171 -99 -898 216 -406 -519 375 271 -696 -1106 -125 1906 959 -647 -58 -689 215 -416 -45 -399 -458 -757 695 808 862 -524 -556 471 330 -193 -38 1386 258 -3 1044 -500 1349 82 -346 -859 -172 883 -335 431 585 -683 -129 -342 685]
[1119 -569 -304 726 251 -341 463 -918 96 -32 1020 -733 1918 430 -421 -162 459 -776 -131 120 -35 -317 -413 -319 460 -374 -550 128 -366 493 -730 -444 850 -41 -257 -539 70 431 -682 119 -1107 -94 -543 -985 -581 174 245 -57 -1028 536 -63 -202 1183 -674 -746 764 -661 -250 -409 -251 620 1473 182 -362 224 161 -195 -761 -706 421 -2149 -51 -958 176 -13 -690 199 126 -616 1095 1066 30 532 239 -521 754 -646 -570 -1146 -30 459 -344 -297 -354 121 418 -159 476 922 -641 -12 -534 -202 527 126 -405 475 -925 594 491 -605 -12 -618 213 -111 1307 416 274 -794 -357 1561]
[-198 -963 125 878 -949 -212 1714 456 238 -155 -83 -260 481 -682 -261 1728 198 487 -182 930 -1425 -317 -848 460 606 -740 60 -131 966 53 1027 102 -196 1285 -103 839 272 318 -1027 -918 533 1138 249 628 121 -363 -1358 -56 550 88 -959 1565 640 996 -1075 -107 516 -31 -1233 -198 -718 -926 123 -668 -945 -495 703 -120 -1114 138 -173 -899 -351 -173 -632 -278 765 -400 -266 -26 512 -1451 387 1726 1019 -580 847 -706 -733 -764 -358 -1244 -159 -930 374 365 619 -525 -729 -744 498 383 318 -918 -803 309 833 -753 -55 -40 -1053 -254 201 584 688 1157 23 -241 -137 207 1274]
[900 -2 762 -304 243 -369 611 460 577 446 -1074 104 -1282 -797 -27 -9 -356 193 -224 1055 -493 -210 102 268 647 -635 59 280 664 -1450 431 123 -193 600 639 638 -488 -385 -568 -82 595 398 285 -435 330 186 -811 -96 272 -712 353 266 -111 654 442 -578 269 479 1082 216 -1375 589 1313 11 241 -1503 44 -829 234 840 430 731 648 -993 1231 809 805 -208 -731 190 -891 -667 -713 207 680 -1104 1356 102 1391 1576 -980 -251 -933 876 -825 -531 -573 -1577 51 466 -830 -160 1652 -735 -1109 1034 270 -477 -409 -259 -950 1157 -608 -999 181 -325 -113 -1540 377 -941 -296]
[-330 790 -15 -137 -802 330 350 -651 -140 -188 -799 -826 -84 -789 -421 504 -253 518 -773 316 231 1094 491 712 -151 757 -305 -1003 -366 -471 30 172 -266 -154 455 287 977 26 766 -874 556 1640 458 1239 345 -17 522 -163 1389 676 564 -313 -424 -183 247 783 367 -883 183 916 -1093 421 783 918 160 -412 945 208 115 862 724 -619 589 -374 -667 344 165 -252 86 -274 -306 1759 172 -897 459 -890 188 548 171 271 361 -852 -89 67 -78 -42 -23 -207 -922 383 -110 -207 -1275 -391 -417 -800 185 900 -125 -120 -1096 649 -304 -20 519 -1158 431 -252 -135 -266 -1038]
[-640 -347 -533 -859 -316 303 -562 680 -729 -1164 -357 -206 358 -46 173 -261 470 16 24 72 376 -203 451 252 550 1261 -468 512 -110 370 -848 -9 -199 742 -659 -338 71 -399 -524 -586 -936 -152 184 132 -896 -927 -226 1057 183 350 62 -321 546 -984 -634 400 -242 -1539 -1292 93 -50 262 -86 288 764 179 -988 531 -1320 -173 138 -202 -737 294 297 555 258 -1054 -436 892 289 -504 -264 396 -98 -142 -3 346 -977 37 214 1069 486 -507 164 1768 -115 -683 -691 1049 786 244 -1039 802 -264 -238 127 383 1536 763 321 -1133 920 792 945 281 354 -640 -1276 1465 504]
[750 407 792 -392 -1028 -286 -475 522 -435 436 -731 470 -560 1251 -257 -661 12 -135 23 -205 -203 7 -54 138 382 835 -463 -289 -728 190 578 -662 -830 709 1419 339 -1190 -284 -389 1217 530 -618 189 -439 686 -99 250 -345 -579 402 1320 -315 101 -1750 281 1217 -20 389 -398 -952 -638 -747 231 -43 -757 150 7 -233 191 -56 145 794 -87 320 279 1077 165 -1612 62 31 1070 291 485 -128 85 903 -302 127 723 267 1057 1509 1101 1184 -785 382 -657 -1215 92 -384 -1793 -231 524 1665 1655 -367 364 -357 -807 338 40 -400 1002 181 -1057 182 -194 364 452 -931 11]
[-8 99 -678 -1161 -395 -396 -738 -631 1357 700 -648 1409 -450 336 -474 -1129 -1299 306 290 -245 -296 1594 266 -581 400 934 -810 -53 1635 -919 409 -894 -581 -411 -798 -551 120 528 -399 -932 551 463 -431 864 -645 -360 -300 -956 606 806 1053 -296 389 -1023 410 966 99 388 2089 539 192 -90 409 228 244 -1167 -610 -109 -537 -259 2118 549 596 -688 307 932 -651 -58 415 -954 -140 -260 -84 362 -899 -447 920 397 961 899 267 619 533 -20 60 -659 292 -12 -386 1555 438 -168 -252 -212 -293 -801 622 97 -962 -192 221 846 -1073 504 186 695 -243 -748 -250 267 -165]
[-767 -293 820 978 -16 15 295 -380 270 -782 845 -24 -243 -155 -216 1449 -661 562 -379 262 -1060 -608 929 612 -446 -413 -1152 -339 -795 8 -342 -600 -619 -227 1640 -433 215 -62 419 -463 774 586 570 217 155 426 259 -796 30 314 38 648 -583 139 -168 817 -221 -645 -238 120 116 -702 484 -455 -1124 15 70 -288 -612 -76 -788 -291 -301 -317 -949 -918 70 -678 316 -1087 -589 -101 716 671 426 652 -95 -337 -664 279 699 -322 733 1 173 -150 211 -617 -1213 251 574 -415 -128 -1299 70 -79 -513 227 32 -275 -524 -237 534 23 870 -448 -638 -80 -745 -1152 84]
[-219 736 -144 82 146 185 -553 -356 1305 -39 363 -412 951 -583 3 350 -652 497 264 -656 -768 1088 474 -135 422 49 -545 -862 289 1065 418 326 313 -70 970 341 -42 0 -1101 -266 568 773 621 -62 179 655 1165 678 124 -188 -372 218 1454 -418 -52 -560 649 827 963 63 -399 543 445 -115 231 -655 434 531 183 -98 92 -767 -194 934 -20 143 740 447 89 -1238 -130 410 -514 -450 -58 1081 343 -1451 236 -121 -530 -117 463 -210 -207 -17 114 -415 801 121 375 419 -312 -49 -320 -1037 498 797 70 -707 556 675 -237 267 -112 772 180 783 -84 140 -975]
[1101 -843 157 775 -153 242 -177 -1168 276 545 332 1321 615 1713 321 299 -846 139 -254 -742 78 -443 1010 -275 -877 15 -1639 -539 -280 -1017 79 -104 -21 30 -106 -416 989 410 358 -655 782 -340 -111 1102 -302 -284 -91 -400 -612 -241 -474 -471 -457 -178 712 585 179 180 161 -130 1111 -307 726 -627 -225 695 -142 -68 349 -463 115 70 -365 -1223 -226 -142 -6 -33 763 -727 1062 1655 -316 -556 -787 -488 1298 -194 497 257 1425 -144 -248 -100 101 -136 -184 292 154 -256 -1210 238 -663 -815 933 -864 -108 -1372 -1779 -26 -504 -174 779 135 -32 -255 -641 185 295 -56 166]
[703 475 629 1041 -827 56 -146 -355 655 -278 -80 219 347 -407 53 -710 -616 -268 144 343 612 -315 608 763 -603 285 -85 -845 -742 -1205 -268 -879 275 -172 162 -553 -530 441 -205 81 750 547 507 516 1 -25 55 -19 213 -440 958 -775 346 292 128 901 255 -1722 1318 372 362 260 -627 -166 -374 604 -1067 536 17 -177 -813 -373 -30 -239 480 28 -621 1214 689 471 48 1622 723 -403 208 -674 -850 196 539 291 245 -580 -697 1006 -28 135 -9 455 -10 154 253 69 -596 -1000 -208 -353 375 -559 -531 -154 211 314 -454 -168 282 -1115 -979 687 -271 -242 -145]
[-476 149 -1250 -813 1660 458 -780 -554 540 305 -1266 477 -102 1421 823 -801 -46 -546 -112 154 711 -658 230 12 -280 -154 100 -596 -419 422 138 -349 369 -648 246 -1181 461 -50 876 -980 133 18 -532 -659 -829 -103 -59 -431 213 17 134 -745 -1081 -356 -186 -535 20 331 860 -324 717 180 73 230 380 -207 -889 636 974 -1118 127 543 -220 -518 175 269 -40 1307 490 -1466 514 -574 143 -646 -1261 275 527 -630 1673 723 306 995 -318 298 -41 78 665 232 -28 1030 -690 287 416 -541 -408 -21 -768 580 617 -47 991 841 620 -1092 213 215 -412 554 -513 539 -388]
[98 284 -306 -1102 -858 651 41 -729 389 -805 928 -655 203 -957 197 637 -1096 -13 356 -61 1309 -222 305 322 341 -13 155 500 309 474 -26 -416 -169 -373 -214 1017 -136 403 -729 -363 87 -627 -116 897 -1017 397 5 -322 -9 -392 -313 -447 464 139 102 -452 526 -135 -587 405 709 -964 -190 -1144 595 111 -820 -721 -394 -701 -1669 -762 -1158 617 -35 229 -149 -705 -1103 381 153 -906 358 -418 83 -245 594 -134 -257 -1234 -103 -15 -279 409 156 698 -342 -1066 881 -825 938 -1119 -443 475 -190 679 -183 326 423 -775 913 -195 -225 -14 -718 -1205 274 1010 -355 -199 1721]
[-453 -24 -368 -846 260 -830 668 -1206 -330 162 -503 77 -1011 807 -887 -34 43 471 -217 84 581 822 -332 -701 -1222 1237 -585 534 437 -1008 106 -1152 -844 407 -238 -362 -803 -370 -316 -1 -294 33 182 459 313 -352 381 -616 937 341 701 -95 -652 203 -204 487 109 43 -940 492 203 -611 934 -188 -1063 -401 -996 702 -808 -548 962 -131 482 -472 -992 231 -187 -2217 93 -380 -941 889 824 -789 -771 -460 760 342 -729 824 793 163 -170 238 -208 11 -877 -116 -1125 507 -291 175 -494 128 105 -736 -189 -287 -80 -216 -185 545 -122 -1003 -20 -175 372 -163 -541 -1487 429]
[205 519 -8 -1067 -77 -246 -412 468 -264 653 247 -518 295 -149 1113 90 -597 -914 770 -365 -170 403 204 357 528 104 40 236 -548 1398 -784 15 -489 25 1066 -21 -480 -44 1044 781 187 -627 9 -894 -392 367 -313 278 -668 -249 -307 -918 382 -1087 -169 -300 59 499 790 -331 552 58 282 -563 1178 163 -726 473 1834 -435 -757 928 -320 541 393 714 -684 1435 -102 -1476 378 575 -1304 -877 -83 896 -296 -1045 329 -151 -101 1087 1116 516 652 -523 420 105 857 -995 68 252 962 696 638 -186 -55 -893 489 -886 756 423 96 313 -672 149 -35 -211 -274 -202 -605]
[852 -447 480 89 -334 224 -327 561 339 -990 -438 -23 386 -439 -178 340 -235 180 -246 562 175 -983 -86 -924 988 115 269 -305 -792 407 352 579 818 27 -456 389 366 264 1105 -1 380 -106 7 -178 -166 -64 -422 607 206 301 -174 -138 363 -29 -950 -1284 72 -15 109 -291 -940 9 304 1304 610 517 397 -834 -311 341 -1383 -93 -692 -426 -767 321 755 -341 188 459 292 -718 33 1667 1092 -329 -715 361 683 -133 -383 -574 -137 -201 453 1263 16 -806 786 127 -193 123 63 -15 -1237 555 705 -353 704 -54 -608 -726 183 117 421 135 -670 -580 440 23 565]
[-1649 -267 -99 -29 150 660 69 1048 343 -469 507 -605 -614 -346 684 906 -538 -42 752 110 -783 383 220 -324 944 380 305 -808 289 132 -363 132 511 -109 1078 -225 206 -258 508 387 -78 1049 -355 -357 -12 707 -310 626 -864 -555 612 594 234 -1489 -572 -49 -869 15 505 470 -331 -445 -399 557 316 -733 -204 195 445 549 379 -119 579 40 -554 3 303 473 -3 -133 186 -1767 10 636 352 -61 -1057 -115 12 -796 -1111 196 190 -819 604 -1213 691 485 -578 735 1088 -304 -583 -126 452 -823 -387 12 -96 33 736 -301 -477 785 1178 120 164 274 -190 366 -757]
[83 -481 -34 -1049 597 -972 -351 -1532 252 905 -342 939 -557 1077 1063 185 841 -934 1208 -557 658 304 893 582 -381 -404 1138 -828 325 177 -1171 578 -512 543 1219 380 -1291 -902 349 1054 308 -445 -494 204 357 -244 -499 885 -626 -471 -77 -292 -54 -567 197 -1976 -89 562 -877 57 -51 -84 979 -163 984 -1722 -1034 689 2259 -23 970 -100 -314 -628 622 -17 143 360 -1187 443 840 -521 -540 -599 -391 421 -92 220 260 -465 -275 727 21 505 366 -780 -179 112 462 57 -971 -456 477 680 89 -971 -644 -602 -675 -127 1254 359 -130 -1195 -961 -295 -1113 68 882 -1211 -613]
[-721 -424 666 566 -583 1398 -31 -76 -887 35 345 -735 189 -1497 865 1372 -105 -268 -90 -264 -279 -949 244 654 -477 -95 1400 546 226 -834 -409 898 519 -463 -507 -245 521 -76 1296 -1254 -348 761 -803 820 -691 -74 -762 223 609 -210 -367 1009 -270 88 -551 -1039 -469 -29 99 -80 -566 950 316 698 212 -666 446 -380 -445 1488 120 1196 -28 18 -159 -810 1300 555 266 177 150 -120 90 -113 379 130 199 644 503 302 -686 159 -766 -1288 26 -140 102 1345 -22 25 969 64 221 -2305 -394 542 -937 1132 -180 46 -470 -367 -630 716 565 -590 143 -777 -758 -696 828]
[-690 1018 -922 -791 319 301 259 -162 569 -245 103 465 1335 695 -219 -4 478 -809 -37 946 -1125 1080 -872 860 -83 197 497 -659 969 -57 -651 -1172 -928 75 -1530 304 -63 150 -697 41 575 66 -274 444 953 -1305 -548 -215 -278 224 -1073 1005 273 -342 -283 74 -134 316 36 -756 66 -649 399 -1514 -500 -1098 -16 506 456 -562 1473 -479 -311 -594 -90 -41 -47 730 -124 -113 1374 -350 -1369 561 -862 1088 1235 -740 13 577 -212 385 950 -24 -341 -646 28 768 -733 -608 610 831 -86 -87 -987 -287 176 -763 -562 526 -93 142 -626 829 77 738 1696 -133 -46 941 -310]
[-911 -105 1214 -526 607 -62 632 509 -316 508 -381 -854 -1306 -517 275 -8 -226 379 935 472 328 -3 -619 -625 328 -388 1216 889 866 -183 -343 -131 -815 662 69 308 -21 -1093 -947 -623 121 760 973 -182 -826 -611 -123 508 1054 -849 1044 -72 385 481 -439 116 1086 -194 -48 -207 331 506 -148 286 -428 -323 -173 1171 209 -178 1407 677 1123 614 100 72 -582 -208 434 29 -851 -588 284 -412 -131 -208 -73 635 -304 -126 -248 -127 -673 116 -532 536 -587 -11 -229 -278 18 238 884 -673 -140 -240 -260 731 -370 -425 274 -165 255 -1422 629 248 -969 -160 -141 203 -236]
[304 43 -593 201 1099 -245 333 -494 717 732 -478 829 386 1136 159 -416 -66 -168 -672 190 -1089 342 -964 -1298 656 626 -1169 596 379 -1597 222 -2 144 -1052 -885 -708 604 -201 -349 -718 -1039 -1043 -1102 194 386 -380 -770 -462 -872 331 25 540 -178 -419 -506 1166 -839 -250 874 -233 1491 -746 51 154 -604 210 -1213 -438 -321 -1307 1099 730 -247 -1711 -833 151 -956 -514 1177 6 -728 -8 -184 431 -460 -5 -356 -53 -954 341 106 -343 396 481 192 -592 -474 355 -127 400 -34 538 93 241 -237 -65 12 -1912 -287 1120 -796 -98 -388 281 374 1031 17 -986 193 -635 330]
[230 -1021 287 -693 365 -781 214 -619 -809 1303 -338 -873 -385 80 337 568 -154 1046 729 1190 -359 -29 148 -1388 309 75 696 854 887 389 904 127 -107 565 854 338 -123 -68 405 -262 -38 459 811 235 -1209 609 357 -483 340 37 658 -895 1076 494 704 118 1340 53 181 783 -42 -212 1598 398 246 -990 329 -297 214 -739 1162 102 282 -1426 -1261 598 -908 -933 -313 -474 -301 -232 298 -388 156 -1423 -400 915 -201 -185 761 -328 -27 859 -588 -578 -280 -669 95 -147 -875 -1450 458 601 229 -187 -345 98 -678 -215 -177 909 -834 -896 203 517 -1981 236 178 -579 -479]
[-902 -430 -39 -88 -145 -522 815 686 217 14 -702 526 -392 -134 907 -800 -923 265 703 -571 482 1087 1173 642 -200 -1090 -401 360 940 -279 455 -119 -823 727 -653 350 166 -19 262 55 541 -448 1307 83 -54 -39 -212 -737 353 574 -801 581 670 -445 707 -73 858 653 -632 632 133 218 50 -84 870 714 708 614 840 125 593 6 -405 823 739 -187 881 488 296 -394 -131 182 -615 419 567 -204 -107 1369 -1144 -448 -547 -230 -67 -517 283 634 84 -358 123 105 -110 733 370 -718 95 -969 -6 132 92 9 -61 -935 957 -93 281 -967 477 -450 379 1409 -1369]
[160 -287 -1086 -526 94 462 59 -5 -12 -121 587 279 -159 -503 957 -1007 -832 715 -528 -1645 1636 684 391 -470 -1135 -349 -1380 1700 472 -178 957 -394 195 478 -207 -634 888 1210 605 394 -1280 -1230 968 326 3 -337 -142 -267 -1047 -1136 -894 396 983 204 850 -358 846 1180 4 1021 1071 -453 534 -90 1236 1057 342 -201 537 -748 629 420 -171 211 -492 249 236 522 393 -812 -416 1124 187 -702 -1106 -1084 574 -552 -82 373 708 467 -225 95 -272 -786 -7 -1435 817 -989 93 -517 139 -1017 -130 62 309 -368 -502 324 -129 742 -575 1007 -1736 -1181 634 622 -670 158 247]
[289 -331 880 910 -793 444 -1000 208 414 -1044 -279 280 687 514 358 138 -35 -40 -391 -676 306 48 -91 383 -308 -198 -24 -463 -924 61 168 -538 123 -508 -31 -504 993 811 400 -338 174 657 -703 1088 -208 -334 497 36 -100 -326 262 844 319 98 -542 167 9 -825 1136 -105 -188 -431 195 215 -500 1093 -237 498 -256 857 -994 -741 -352 694 360 149 -491 1003 316 14 434 -353 1465 623 -879 777 -504 -1909 -551 973 990 443 546 558 1339 -1261 482 1167 730 166 1878 370 -456 -2569 -1243 852 -63 492 317 213 -274 320 10 -866 1320 -576 234 773 -105 -111 899]
[-280 795 -722 -629 -453 428 125 -587 1883 -394 884 773 1490 111 474 1025 69 -657 416 -482 -998 956 52 896 620 156 -763 181 -135 -578 -593 163 315 77 -1169 1093 482 160 -1668 -1113 60 -754 149 52 -324 268 -450 -449 -836 -197 -1044 217 359 97 485 1118 -953 -574 390 -115 1051 201 -184 -375 368 14 -897 656 195 45 -509 -650 -818 -938 1775 -332 -416 869 1031 -477 1195 1490 -820 -1125 -947 751 372 -766 -785 -675 -323 22 287 402 -161 380 -799 585 597 -1030 671 1052 -274 -590 -302 -202 798 -1677 -105 694 208 972 226 1781 175 -629 843 -152 -317 218 828]
[-20 -1408 53 577 844 -721 190 -52 365 -165 1799 -294 -1206 -279 -1367 554 -554 61 317 -277 155 -424 1089 -684 -1468 -689 -94 -1498 166 -194 -1508 -162 -1066 138 350 -348 -275 -399 -189 665 -115 794 938 230 42 -493 921 172 -351 344 309 165 -322 77 677 -266 34 752 102 -388 -46 889 91 -646 -553 -323 -327 -128 621 895 599 324 228 462 -488 -688 592 923 605 660 -275 -503 -521 684 426 439 -225 146 -524 -477 261 -1206 -1002 -1223 -518 108 763 -127 -1859 661 -104 -959 48 191 249 -992 -268 740 16 -166 -343 -276 -220 -1109 93 -228 -344 -354 -111 -112 -273]
[267 -1001 390 -256 -441 -557 518 -1012 -842 831 -27 50 -979 -510 -559 514 133 282 -234 153 1670 499 -1642 -1105 -737 861 346 666 467 490 310 -506 -655 277 -368 -116 235 -198 719 988 774 -968 -116 978 597 -935 564 726 -132 -120 -1562 49 100 30 354 -256 -147 -530 -641 -1211 746 -1450 783 -453 -597 -381 -61 -580 -266 -553 782 578 594 -855 -995 -150 -597 -1086 21 261 -307 10 -368 -183 -45 -489 184 -211 -456 -159 1132 -388 145 -1096 -17 104 -1009 -1186 -132 -640 -527 -1027 826 951 -194 -864 38 -929 280 -1754 -219 -288 -287 -175 -1610 253 95 50 1100 -565 456]
[1311 -734 -784 -418 -438 -668 1038 -286 1211 -180 620 1083 837 1680 -1127 -170 -1184 24 1738 -630 -66 68 429 1007 -1460 -631 -1371 -1184 145 381 -1016 -1051 -471 570 -421 548 -157 1572 297 2382 956 139 -20 1799 61 36 18 -669 -568 459 -936 -15 180 -325 222 305 -816 1361 974 367 -290 -421 380 -1864 -875 -35 -964 -447 621 906 166 -281 -376 -354 -186 487 638 1597 -373 -436 613 -72 -847 303 49 920 416 360 137 -86 -57 -563 342 -629 239 -346 367 -601 -7 -723 -100 106 -278 995 -1267 -970 99 -969 -234 -153 2 -412 -560 -402 -1015 284 831 -344 908 -908 169]
[-67 440 -327 -1100 1546 -696 1 -1252 1384 369 535 -1020 -1011 454 -689 -790 -1034 90 1047 -199 633 -292 -836 159 229 -736 186 601 525 106 322 -285 -48 -220 311 -4 -328 -578 -629 406 -212 30 97 -930 -1133 977 132 -1351 42 76 350 -1133 224 278 773 -138 676 1116 956 706 1566 1593 459 429 447 -717 479 -921 358 -102 -271 1113 -47 -85 -219 -555 -303 -774 509 -1366 -1644 -69 -525 -872 -221 -127 736 555 1403 622 32 -283 -225 -541 -949 767 119 -1001 430 -197 -660 -21 1017 48 -201 -522 413 536 -18 -418 182 585 443 -1226 -621 577 43 -294 -628 -1420 -460]
[59 713 343 -137 -15 -111 -544 -886 -474 44 1243 -135 35 -647 535 -1112 789 -431 -283 168 -50 -455 4 -907 982 -457 567 486 53 1755 -972 -151 170 -895 865 -414 -284 -413 -261 543 107 -1177 -68 -1307 -1015 -905 -606 660 -464 -778 -402 -639 446 -440 851 -578 73 -336 1714 -391 1056 -301 -44 -701 377 -111 548 -989 441 -456 -1146 824 -831 -64 -320 225 47 -221 -170 92 856 -944 -704 60 -239 -327 391 -399 154 195 132 232 -371 -254 -619 783 457 304 420 -436 980 -398 1038 574 3 44 300 87 955 171 822 56 212 907 590 981 -1359 228 124 574 95]
[-74 -857 -290 -187 589 -992 194 237 -823 827 839 -580 476 690 -468 1076 -16 -434 290 260 -410 -760 178 -718 1622 -109 -1072 748 421 791 -76 -476 185 624 -986 278 -147 23 306 346 -373 -734 -281 -846 104 274 -724 -28 -576 -56 705 -586 -752 350 -524 517 -9 -908 -746 -608 429 1208 -72 -293 181 837 -203 49 -530 148 -555 863 257 345 -181 69 -829 -77 -273 -712 -49 -217 -513 382 -940 -293 -139 -376 -23 -247 -239 718 -435 -638 890 656 -484 -178 -569 -257 -1063 814 334 1141 1478 102 -323 -990 425 441 -688 155 582 980 -22 1082 500 -183 -969 880 141]
[-364 -1295 733 -398 -401 1233 -301 266 353 -662 -1089 126 -1416 -500 -553 160 -13 622 -158 -114 772 887 -923 -1247 -630 825 1856 517 800 240 -156 -147 576 -113 181 -738 169 -418 226 -483 -802 167 -821 -616 -1038 257 1194 442 503 -1024 268 972 508 -42 542 -554 1226 -226 -324 379 113 -334 389 463 420 -1188 -88 -808 1028 787 663 -107 -496 -164 -672 -46 785 -1529 368 1328 -968 -1412 -46 742 411 -278 36 10 741 256 549 211 -461 -1006 -1457 -55 83 -57 1085 252 833 -1014 1417 -501 -328 144 -191 1992 -446 -443 515 -318 -158 -858 1279 78 -478 -319 234 538 22]
[-723 -212 379 729 -726 406 514 -55 -1 84 1331 654 -877 -102 999 1133 -658 -335 212 812 -148 758 -301 268 -236 -218 -248 1757 742 -706 -538 -587 -1089 390 -64 336 146 295 661 -1030 1434 -783 542 1354 629 79 -388 -22 -347 -873 36 608 -118 923 -403 -518 -326 -189 -3 -51 1126 -3106 316 -473 -1325 204 -66 918 -620 -116 970 -992 814 287 -6 653 -862 496 -1118 -255 -194 -5 259 -526 -648 -295 384 -1090 -1180 638 290 997 700 278 703 -1972 -1217 -123 141 -449 473 -807 0 -2003 -5 744 -434 -569 -1506 -72 847 293 -548 -98 1139 -500 -1345 889 718 -986 -635]
[-677 -84 1190 -238 -200 806 -104 966 -429 -616 451 260 -803 -1215 15 1194 -20 1281 -267 -787 802 454 736 -143 -248 585 249 1287 -168 173 -326 253 433 136 -408 430 -832 -1123 -650 -299 -131 -133 -208 -261 -95 -634 -352 -27 -398 269 -100 566 151 -135 -928 -396 -114 -77 -822 151 -299 -37 459 826 710 -707 493 511 -915 1433 -195 123 -99 393 -83 193 652 -1108 -803 666 55 -548 636 16 -92 -89 -694 -325 -648 414 -240 704 -242 -1190 -102 541 -1465 -472 1019 -352 176 477 496 -1232 254 33 -193 1222 694 -532 -732 341 291 572 26 -334 20 -376 128 -501 1101]
[18 -1314 78 214 35 -737 359 -1734 -1283 -431 -350 969 997 716 -825 -84 260 498 -610 -102 35 -337 119 -313 645 886 -1281 70 -742 573 1038 332 690 -678 -483 -470 415 111 523 190 529 -1342 -722 -64 782 -669 -503 -372 -82 12 1082 -1124 -582 -199 110 577 -615 -1497 -105 -520 -652 -92 255 830 595 -162 464 -1088 -882 313 -537 -629 -228 -281 -606 217 7 -207 -880 -392 268 282 216 722 -386 -913 -419 656 -139 558 14 -241 -33 -493 470 1693 448 -165 340 1356 -286 -377 -233 1045 289 -747 -676 421 440 515 -1109 -292 803 833 84 206 -704 126 226 462 71]
[570 -747 154 -761 670 -640 -221 878 683 422 -236 -1074 -198 299 -1420 -534 -1208 205 1262 -462 956 1009 -349 643 -1392 527 -1129 -924 710 -278 -24 -1762 -532 699 107 590 1 -109 -291 1861 -545 441 525 834 632 454 42 507 -119 775 832 -1260 880 177 -384 908 1202 712 872 617 57 1238 344 -501 -59 -326 -573 884 -1055 677 899 944 409 -44 -20 876 88 -161 957 241 -1723 254 -110 -81 400 603 147 -617 -386 681 -1196 182 19 -927 190 313 -536 -1505 -89 413 -948 476 132 1369 -546 -793 301 -95 -156 625 -523 -212 287 -526 -745 116 1327 -584 5 415 -1022]
[-602 978 -1296 -588 -436 -114 -6 493 -517 292 1125 -762 549 -147 261 -582 116 -425 20 646 417 -172 43 -668 794 317 -111 1231 -110 1337 -417 -316 -690 -17 -560 -1027 593 -371 -386 -58 435 -465 481 3 -210 -797 -47 7 -806 -267 -896 -125 271 -308 49 547 -367 -812 -702 67 1044 412 5 -763 -491 796 -564 -22 -732 -1118 -134 286 -220 477 473 -107 -856 253 -278 -1214 804 -273 34 -722 -935 -567 310 -312 -758 -144 -95 1540 533 -329 187 531 -131 -764 -507 -726 382 236 151 -190 1007 101 -271 89 701 -1384 600 522 2 1212 -501 1442 709 393 -1089 1082 664]
[-470 338 63 -47 83 -158 141 1057 1103 -1443 1563 -156 720 -1387 -66 -53 -701 -490 438 57 -956 -73 484 308 1010 -749 -304 -118 552 -21 -810 420 -28 1269 -532 1182 -455 -570 -1417 -1084 572 486 500 -1031 277 -30 -1015 145 -1030 -108 -1191 186 241 -932 -529 -16 350 453 -45 -518 242 781 -1028 -990 41 -864 822 -136 315 0 -371 296 -238 194 -71 -190 132 1354 362 571 473 -1686 -780 1155 67 674 675 -528 148 -372 -539 270 -387 -415 -102 794 732 -380 -229 -146 932 161 676 -689 493 -41 336 390 -822 129 475 -522 -192 1030 68 321 226 -434 243 1002 -185]
[318 -482 -158 453 -619 47 -128 -693 -668 544 946 -389 664 234 109 349 722 -1258 -291 -292 922 803 -255 -695 -221 71 409 -32 151 525 -534 -396 -159 -758 -1001 205 -92 -269 635 543 343 -363 -1714 747 435 -1223 -715 182 -893 451 -423 198 58 765 -513 -15 120 -197 56 -885 467 909 297 -939 -582 -705 -344 -584 -264 -157 -748 123 -279 -852 -547 -430 -872 -846 -314 -56 136 -1600 242 732 122 187 -1116 -965 -1573 288 -252 117 59 -1000 1339 -694 -654 -500 296 356 342 -836 787 1483 428 -365 -106 -470 5 21 -823 -425 -227 273 247 641 557 -575 25 -552 703]
[601 -614 -409 515 -607 134 162 -714 -704 -432 1183 504 94 -109 -976 -105 -376 626 -1333 -438 134 467 -44 -1628 -1004 378 -755 -485 365 433 347 -2142 148 -74 603 -920 143 821 -334 508 698 -273 -282 232 640 -780 419 -366 -835 490 636 -410 357 52 942 726 326 227 337 53 -312 -389 437 -1310 -469 20 303 -589 -798 -653 532 -504 -327 -1237 -1510 204 -713 -488 -597 -495 518 575 543 -346 -472 -1399 12 -1418 -1056 1058 1754 -196 -202 -319 606 -448 1089 -748 -256 427 -79 -2384 -612 1745 424 -571 100 -64 -1208 -346 -1167 1204 18 -472 -334 232 -240 1532 197 -7 357]
[-39 -326 679 70 -233 936 135 100 -964 221 -1212 333 -568 -104 742 -199 145 334 -645 862 -594 28 182 -949 182 1277 486 1370 -69 452 390 -914 947 -45 454 -770 582 259 -1007 -1119 -1002 266 -556 -835 -533 -388 1070 -463 162 -416 247 358 202 -486 26 169 511 -1881 -295 -347 -833 278 -34 513 257 239 474 -292 -921 199 -24 -764 -69 227 22 523 33 -1091 131 834 187 -360 89 -357 -103 583 -645 258 -530 270 417 -154 -281 546 -333 -163 -152 54 382 1019 -615 -379 19 89 -272 602 -1182 724 603 306 -52 -160 -126 -666 367 245 -610 123 9 1375 163]
[1232 -909 279 -278 -577 391 -255 792 609 492 -461 51 -559 1112 -291 -587 -610 226 37 92 -1032 -267 819 223 -1068 -158 92 -710 257 -502 1094 -517 -261 -20 10 408 98 140 32 -482 656 1162 913 971 -738 149 374 52 719 -757 -260 -1023 840 917 783 -251 1929 -83 253 -94 -1105 560 -61 415 40 729 404 1203 393 -428 -352 -374 -432 -128 419 263 9 -146 689 -397 -973 1341 -1224 523 1181 -112 1242 237 1146 -333 -618 -909 -599 405 98 99 676 996 -493 -18 -881 494 -865 -1169 -182 -10 484 278 -925 -499 -112 -248 70 -745 729 -503 -1381 37 151 994 -840]
[-1113 926 360 -1003 23 1429 -631 -1594 315 -64 -258 1386 175 -425 154 -476 989 -427 -943 -465 -634 580 -862 193 -385 128 792 109 709 1147 381 -339 -48 -1496 -398 -653 -332 -645 -436 -633 -101 -1584 -1129 -461 271 -567 -474 -127 -250 -9 944 496 58 1034 -52 -486 12 600 1944 -474 164 76 -314 -507 686 -1507 -485 -353 -25 -231 262 -307 -444 -468 239 396 250 -392 10 -434 348 165 -110 158 51 211 111 -1231 279 924 -721 622 265 554 -410 984 -199 527 1527 84 1296 866 1463 1293 -758 -250 226 602 256 303 564 647 643 654 -196 1093 334 -250 -410 144 218]
[205 -3 -52 -2205 -662 463 -221 -710 435 306 787 -1021 1319 1103 -608 284 145 205 1155 -211 818 423 -639 -76 -130 687 328 840 186 -28 -27 -247 -439 -307 -1515 245 -282 -255 -339 -508 362 587 -369 1064 -1193 -915 238 85 480 -939 -528 -590 383 316 -329 -61 491 292 79 -854 -565 1016 1602 -298 -176 -937 -622 -761 558 -285 -294 36 654 522 -303 -696 -573 -1412 -265 -1132 902 -1260 -674 950 -903 793 1334 1410 1619 700 11 526 -669 -153 -998 -291 -1179 1215 260 -1338 374 313 658 -1783 -226 -696 -89 1599 268 -1360 322 -334 -1135 -496 638 -81 738 -356 -395 35 301]
[-482 -1041 517 300 -267 -408 -312 -228 -1272 -748 2005 558 407 586 386 763 1773 446 145 -127 -805 -356 468 -667 28 -571 286 700 -288 629 -323 1976 740 -449 1032 693 -465 -415 -613 -541 -216 -886 -673 -271 -201 -1074 -116 832 412 -211 -519 371 -114 706 543 -1595 483 -29 -1186 -318 -1264 -263 718 101 919 -240 583 -769 -742 447 -944 -899 -534 56 2 -1133 340 -368 -2029 440 422 -1074 -516 885 86 -23 -268 -339 -1825 556 275 238 31 -358 -104 -388 811 1081 -106 1083 1495 -774 115 -410 194 402 -422 911 599 174 -284 -145 558 -626 1239 -41 -1758 227 558 792 80]
[280 682 666 -152 947 199 -448 -888 429 472 383 208 235 -127 290 872 -72 75 71 1124 1008 -115 -172 212 -1224 -199 717 -985 -161 -692 332 -331 1016 229 511 -90 -606 -200 -180 220 132 606 846 806 -179 -104 739 -420 124 48 -117 -175 1024 -482 457 -321 -593 -48 660 -645 -66 1170 1009 384 130 -1406 982 -411 -63 467 117 107 738 -996 -249 -157 -107 -912 -16 -225 487 195 343 -1393 -865 139 -191 207 324 651 906 260 -522 770 -150 -1103 -1560 -182 151 293 -299 -468 -187 539 -1001 -1381 949 -508 -13 341 -355 360 -818 -1015 -763 -1148 645 -167 -677 -701 116]
[372 508 600 -725 -957 722 -432 414 668 831 -864 -961 -157 138 -543 404 103 -646 -186 -9 272 619 -772 359 913 599 -693 -151 507 -66 -725 -805 -561 34 225 252 -278 -501 147 1132 -192 81 -573 404 550 -740 -745 1338 -1110 112 -315 724 361 -658 -267 207 188 -335 1069 -779 40 -494 784 -704 -361 386 -1245 -12 690 473 506 885 289 -862 240 860 -102 -84 219 630 254 79 -1429 618 409 1026 960 -709 515 240 -1446 -70 -329 -4 -399 150 -789 -215 388 -812 -330 270 625 913 -608 -161 -277 -608 502 -498 467 76 111 346 -242 474 443 -764 652 582 20]
[79 -1123 164 1237 410 -816 -500 -1463 367 198 210 332 378 123 -56 1238 282 114 -28 -669 537 -197 846 -330 -668 -133 -514 -318 336 34 -155 87 -507 195 -45 -1012 72 -316 231 393 1006 59 -526 1027 1242 -258 -41 532 -835 224 -127 -188 358 1467 -72 -505 -772 -1234 117 -754 1313 329 934 -103 177 -193 -684 647 -146 -538 -124 296 -506 -1123 -294 -222 -311 373 702 -482 228 666 549 1065 -868 -405 -519 -1541 -1362 -391 -315 -103 30 -1019 1231 905 -202 -516 -25 132 -104 643 566 -317 -159 -648 9 -1107 909 -486 -432 557 920 468 -364 561 79 -22 -141 -438 -110]
[-915 -341 -596 -481 910 476 -89 1098 786 -494 344 -123 -233 581 -615 1301 820 1087 -77 855 -874 -181 -1240 -705 175 275 1131 621 337 -607 593 847 1448 69 -406 269 249 -379 -404 -540 -1438 470 -873 -1081 227 1236 -326 90 223 579 84 261 279 532 -129 -97 -528 -376 -1967 115 272 -774 315 1349 1443 74 849 -44 -621 -303 270 -410 453 -446 -515 -380 859 -548 71 443 -866 -126 114 505 -245 -61 -758 99 -782 -816 -97 553 803 -1232 -705 -277 -246 523 230 -137 -189 39 57 -620 -538 308 454 -487 720 -110 54 262 392 229 -18 449 -619 825 267 914 -23]
[288 -41 -148 250 -1 -524 13 -284 -1656 328 -1019 271 566 1035 944 -124 1970 -1465 -1626 -121 -351 -442 -652 266 398 -765 406 705 -378 884 437 -617 63 -675 77 -767 -491 495 1485 -245 93 -1682 -787 -370 451 -924 -519 -3 351 -241 -1021 782 -947 131 -606 -1071 -446 -322 -160 -420 563 -1417 514 16 -126 349 215 -405 986 -857 -802 -267 -746 -858 309 299 124 -228 -731 569 64 -965 213 63 419 -162 -32 -694 -74 474 -36 984 1020 385 997 -1068 -2 131 1111 174 -55 986 1010 553 -635 880 -413 -653 597 844 36 -33 860 292 578 179 759 -186 25 -530 279]
[291 -251 714 -581 711 -471 -533 -409 747 -244 -41 -1094 321 501 -261 -1333 276 437 549 128 -114 386 -37 -276 64 348 1185 -491 389 -256 153 124 799 -474 -740 306 1188 -540 -709 47 103 1749 -414 -302 -1568 -213 456 -509 1664 -93 -934 -747 523 303 1254 -125 698 -802 1338 -485 -97 2291 256 430 1314 -52 654 -378 537 925 -611 696 610 484 608 -672 -135 209 1619 -675 -533 -70 -1724 581 -121 112 277 -68 1805 91 -109 -326 -328 -154 -331 687 793 684 -532 842 563 85 774 -1858 -797 -432 -211 531 575 -733 -3 21 -419 -386 747 -201 -24 -1049 -284 1358 -857]
[-574 382 -28 385 389 824 -270 -61 591 -319 1649 861 473 -645 -336 674 207 -143 1046 223 -400 149 864 1915 -489 -1448 356 -423 312 161 -983 811 216 -928 165 674 -146 401 -1070 -625 -403 574 -234 156 177 -456 11 689 -240 -492 -308 1103 -603 1050 -138 -1671 -298 138 320 526 -611 512 -558 -718 196 -132 204 -58 -404 725 428 -796 146 1107 908 -1421 286 905 -1611 563 1026 -557 655 54 -232 1056 -169 78 -1362 -556 -583 -221 -80 -723 -405 -842 446 609 -129 -114 1543 6 -297 -136 -940 244 -338 923 506 124 1354 476 165 311 -613 58 499 535 -73 896 278]
[356 -234 359 727 311 -601 1172 1814 -891 -379 -785 342 745 -1097 -910 57 -379 676 -651 646 -1189 889 -1475 -1283 301 -255 1133 825 1258 -137 697 -754 -337 362 -73 -1000 421 618 -1339 -811 -55 -124 555 -316 101 433 918 -391 857 -156 995 234 1620 -1485 -749 1039 495 937 -329 -639 -44 -1295 681 -858 -690 123 509 246 562 -622 1277 -238 206 1264 -529 785 784 647 77 303 -265 -893 -30 653 390 -677 -265 -6 -1240 -129 1420 82 293 97 -626 -557 474 1062 552 -315 787 -298 964 -444 104 139 151 21 -702 -115 -952 -399 -746 -1015 728 716 1005 502 647 587 99]
[-167 1084 801 447 55 -673 494 -320 345 369 -1212 -348 375 -768 196 1050 198 -806 493 325 247 -136 984 938 769 58 1759 -785 -545 -164 -265 422 -521 493 261 451 -210 -599 -884 -578 1036 930 -434 547 -211 487 -104 -443 218 -183 1601 -13 -324 592 -582 456 -313 -791 -922 -902 60 813 -79 293 -1052 -1423 -385 1055 1033 695 810 302 188 -873 1013 -76 -130 497 578 -599 301 527 892 -1006 112 73 -51 -205 953 -731 -113 -223 300 1156 -60 512 -757 198 -48 -231 -477 309 758 -843 942 456 -533 -525 -1116 -380 -442 -30 -378 -708 -643 -31 -503 -357 171 -1877 185]
[-194 865 -973 539 -706 -388 215 821 -259 967 -425 656 250 222 358 133 189 -944 223 31 -862 275 -21 526 361 -261 -392 -1026 335 -506 -382 -993 -1094 25 -76 -676 -805 720 122 853 289 -256 -235 601 125 230 -837 -122 -1380 1655 1214 541 -139 -433 212 1181 -1263 231 -304 736 346 -521 6 -413 -844 630 -1154 612 -773 146 281 -611 -566 -16 748 188 -812 421 -406 1296 136 -310 820 -264 785 -126 -1289 -132 -1176 -655 -614 -655 740 -154 252 -190 -107 5 341 -188 -583 -110 -1149 2169 429 -267 763 -1317 -279 1031 79 -106 60 1004 -122 288 421 531 322 -697 876]
[-287 918 211 275 26 1326 -777 1019 79 750 740 -1058 -340 -322 742 1092 -84 -853 703 -20 150 802 -293 50 474 190 954 -978 -45 499 -74 920 817 -874 1010 -276 52 -929 -114 122 -791 871 -798 -183 15 398 -172 1618 -436 -1004 646 325 675 163 -236 -856 -688 345 857 -239 79 730 -622 540 -29 -123 -129 65 43 922 -399 402 945 889 440 -570 -449 320 646 386 -391 -663 162 -755 610 1010 -612 -928 696 -330 -1695 240 -490 -310 -572 -1795 -422 988 1110 -71 352 140 448 56 65 -246 26 132 -747 -650 914 591 -233 762 519 148 -90 66 -139 180 88]
[-637 -377 -400 -1377 3 -656 1088 -828 -1869 613 -380 -644 -115 -659 -674 -39 187 7 52 770 1088 -394 -1262 -19 124 -78 -275 1204 776 1353 671 -325 -85 -696 -946 -441 403 -245 -199 -632 -628 -727 -117 -954 -980 -8 347 -446 624 -328 464 -584 -74 806 -175 55 445 40 463 124 465 461 -40 -142 -99 -497 -4 -216 -969 779 -461 497 745 1252 472 101 -761 -154 -745 341 -826 -1677 381 -564 -574 -192 92 613 463 431 -858 845 -667 -607 -573 556 -142 131 486 693 109 -654 1562 544 -634 -79 -860 1024 344 29 694 326 -252 -336 303 624 181 -755 -1005 332 505]
[-921 86 -421 -223 -758 -18 523 732 -1139 -602 1393 157 905 -1356 195 744 -409 -596 160 -705 -749 841 -257 736 -47 146 -96 -74 -153 552 -190 246 -332 -590 632 -362 526 173 -1098 -1115 -1548 171 -385 242 1225 308 315 430 140 -554 747 279 259 -80 -688 -305 81 845 -119 8 -239 -294 161 -168 845 536 -808 172 -368 12 -687 -1062 61 1869 297 -126 215 -193 125 120 21 -450 511 -647 122 1288 248 -702 -1108 -852 -777 500 359 427 135 -898 489 1034 296 -746 751 129 -485 257 -202 475 550 -410 707 -274 517 419 -839 867 630 -514 936 1024 -679 149 696]
[-553 -322 -530 -551 -780 361 -653 478 -984 1443 -383 -965 195 -1 257 304 505 804 265 365 457 99 -1182 -1881 -660 206 987 925 471 -287 875 -873 653 -1444 -898 -1016 272 245 1198 972 -502 -242 -362 25 -1409 -433 -249 93 -470 297 -728 583 667 276 868 -388 -404 193 -705 1312 -77 267 1521 1107 1083 624 -138 -1087 -464 -164 530 -314 -131 -1462 -816 -1029 -929 -937 -489 -40 -1169 635 367 -832 828 -1178 -1028 1102 -1109 299 -859 -395 -137 -1470 642 -108 -164 118 448 -1058 35 -37 -155 1214 -509 -868 17 -64 1146 -82 -306 729 -265 879 -850 -384 133 366 -573 37 1189]
[669 276 -1670 -883 -950 -254 424 -1792 -430 257 890 -362 -527 209 -1123 121 -1555 -463 59 -499 717 111 54 -266 -791 378 -1325 -1028 1102 -429 -122 -795 -556 -736 -340 -157 -325 1018 184 904 -166 -389 -118 1215 1600 352 890 -99 -404 376 171 371 612 300 257 36 -89 943 1927 360 -233 -789 487 -1184 221 186 -735 -1130 -679 552 -896 -47 -383 489 144 -61 1099 485 -659 1009 -291 -672 719 69 96 698 -328 -7 -1127 293 -161 -129 -289 -391 218 -25 -233 -1088 358 231 -255 -1219 -294 1668 -1086 -32 165 -699 -243 -284 -482 428 -1231 -307 -624 -311 1583 402 186 -1073 208]
[805 679 -956 -815 272 -171 -615 -593 -84 1212 -548 468 -353 2009 123 -1268 124 139 611 134 1425 -579 531 878 -403 -63 100 -660 -1101 -69 187 334 -319 -486 -960 -168 1184 240 1465 1057 -898 -456 -240 825 359 -857 -401 -59 -211 725 -832 -474 -1445 290 143 633 -459 -396 131 -40 -30 544 -989 -505 -40 1311 639 -269 -55 -134 426 351 210 -98 -174 -1028 -740 -15 297 -679 110 844 521 -603 -615 -112 106 2213 1091 102 521 97 -203 196 -3 301 -399 238 -950 -615 -1809 327 -1151 218 1 199 -377 -317 -504 -411 -820 -713 -95 110 -847 -652 151 -229 -461 -6 239]
[17 838 830 -312 -90 1166 700 999 -1129 429 476 -406 803 -1078 499 -72 38 23 772 -263 325 -751 927 829 -782 -1523 1099 374 -481 97 -1421 -177 -790 -24 1082 -792 -405 727 584 222 9 -692 1295 43 -1320 -300 -510 741 -425 -990 -590 816 -336 -751 -226 -1130 423 868 154 238 -7 972 -144 -1010 -47 204 549 -391 1764 -648 713 471 -297 -64 216 738 -329 1054 -1314 -384 853 -313 -872 -457 230 -374 -214 882 22 210 -275 445 -4 489 -965 -104 787 -304 122 -741 1071 -553 904 789 784 -730 -886 861 -141 -399 856 -722 -294 -861 -1931 -135 137 97 -439 -470 -924]
]
