5416.913328 2928.199856 1.0287656 66
[[604 -271 712 -91 645 -547 28 79 843 -256 40 -101 166 -523 990 370 -724 -936 107 61 123 354 376 480 427 -233 -945 228 779 1 -470 -674 -603 663 -441 28 277 -137 -370 -398 382 644 -484 -1284 374 1138 -754 638 759 61 -858 778 266 411 -386 -299 -523 -78 31 44 611 -265 604 19 696 -909 155 157 -844 513 -573 211 326 -708 -488 84 37 -678 89 -50 40 -414 -181 -755 57 -168 -380 -522 -274 -868 4 294 63 45 -872 542 175 388 79 -352 -627 -672 -191 312 189 -633 119 20 -383 -204 -428 188 932 354 347 15 -535 677 125 -115 -263]
[124 -401 -415 -694 -263 -37 -798 -54 691 -284 -616 46 329 477 47 264 -872 222 64 -54 -626 -274 320 1102 -445 -430 184 -222 945 -301 -87 -281 95 401 -113 -140 -175 -448 -830 237 -467 -472 545 -1218 1 874 116 651 517 -17 -539 108 249 330 -461 -787 -807 -154 -144 468 142 347 906 246 261 -690 140 14 -970 280 487 -1486 196 820 -16 -59 396 604 -651 757 -212 168 -57 -278 1031 -915 -274 -1018 -210 -675 111 491 544 1078 -815 426 -4 635 430 -535 113 428 411 338 -360 543 -1303 -355 -44 -651 -103 -573 739 -687 -40 -204 264 760 -258 -601 -758]
[470 496 -653 -1100 -1493 -1261 -401 467 3 -28 -535 -155 482 517 396 -159 230 240 838 -7 621 -663 -624 690 -698 -372 509 -526 164 286 -48 397 404 507 323 131 -377 -304 -51 783 210 -999 1160 -625 -423 102 443 489 -713 690 15 261 -144 -491 -299 546 -622 330 -961 119 122 352 -428 -46 -196 180 373 13 -325 -23 272 -724 396 1083 232 -639 -376 316 408 359 2 -212 186 793 408 -20 534 29 -860 -129 631 -157 -385 744 -421 419 164 -30 453 759 252 439 -336 861 -87 708 -274 -476 667 -622 186 -488 -97 -337 -919 -419 -302 -35 -677 127 -1003]
[104 410 202 218 -662 -192 -159 -180 -18 -197 -552 -743 643 -254 479 574 -315 -374 912 -79 325 445 118 896 -263 416 464 -1239 124 -649 -931 706 406 -280 1202 8 -315 172 -94 743 666 -1489 47 213 -604 337 -302 12 -132 -143 446 -256 633 -687 236 -432 179 655 -1370 -623 -42 -420 -412 -478 477 -223 -12 -79 28 -301 -2 -718 635 723 9 -215 -710 -76 -538 186 -134 -41 -119 354 379 1355 603 -160 283 -337 377 -485 562 268 268 207 -557 546 274 -694 1129 -415 879 -582 297 354 -414 378 15 384 359 -100 -48 -214 482 -270 1097 -236 -118 -378 237]
[465 926 -327 -917 228 -406 10 534 675 687 -485 201 161 348 607 -737 321 41 -860 -619 628 140 394 -388 347 -689 626 875 -37 34 -91 -823 -601 48 -979 391 590 508 557 170 435 338 -269 -378 219 -113 657 159 -453 685 -68 298 -83 -684 -365 306 -131 4 643 -44 70 501 112 -384 -1243 624 -220 -716 -801 -405 244 154 -225 642 307 1106 -52 722 1033 259 18 -932 -138 -571 483 404 -161 23 -172 -53 -246 263 -367 -311 -129 -195 -187 -479 -1182 796 -544 1061 -810 399 28 144 -205 -194 155 -41 300 220 1434 214 -775 -816 -1083 -387 -854 228 -62]
[-302 -807 366 196 420 254 114 -96 -1282 44 -172 4 -548 555 355 -165 702 -152 157 20 -104 -489 -602 226 575 -5 -513 529 -122 231 369 373 680 -114 -996 471 -883 422 70 -877 1016 -353 -530 2 301 642 418 518 -260 456 -657 384 -373 481 238 805 258 746 -95 300 711 74 -22 982 622 236 -399 1139 606 -260 526 522 -1412 -565 -212 157 107 46 -440 -567 42 276 791 925 -560 -239 -428 621 -1064 608 -543 -559 -83 -642 -55 187 1125 -734 1019 -306 -94 -360 -491 419 -294 423 459 620 63 330 168 -287 -1104 -40 -356 221 -403 417 390 -38 -625]
[-828 -867 534 317 541 405 115 -46 313 663 -487 384 -371 736 126 -134 575 -47 -447 -439 -435 431 -114 197 -250 156 -855 759 338 -151 30 -1212 722 -454 -771 671 -169 -27 -211 -811 -237 -293 -1062 280 405 369 -64 580 378 681 -222 -12 -387 1106 86 162 -151 -639 1054 1086 336 1223 -170 553 -317 409 -1002 322 251 -727 728 737 -995 779 792 1014 -167 709 -160 -576 -227 -858 -451 440 93 -273 -162 138 -399 -187 -602 411 -570 -1295 121 -41 637 329 516 -634 -104 -154 -420 53 -530 476 67 216 -92 95 -410 -329 26 1138 284 701 -96 303 665 219 984]
[-538 558 275 -467 -493 -93 224 -608 515 381 -843 -795 211 379 1050 -248 127 -51 112 23 -330 99 468 738 -684 577 658 -620 -597 -228 -245 -150 -136 121 -1297 -3 -311 85 364 668 182 -623 229 -62 -256 302 892 1465 225 408 -434 60 -410 -160 -660 -533 -485 -193 -144 738 -127 -64 95 602 -683 -557 -160 -1288 164 -1278 114 -652 -73 1655 14 231 -111 672 483 -100 281 -329 -30 92 1493 679 307 -732 -131 301 -172 771 -43 -709 -464 -420 -45 319 499 -684 1437 1104 905 73 -288 698 241 -369 750 -32 -147 -464 544 -407 -474 -395 557 -428 -54 -317 228]
[-1470 482 -211 301 -683 -117 46 -319 -100 193 -526 -149 -23 270 17 190 250 765 763 118 713 -395 -897 568 -2299 412 455 363 358 360 286 -459 247 -1120 -293 -274 -555 -193 -269 -707 -480 -516 264 607 -82 -211 98 316 -677 476 -50 -469 -719 235 152 1477 -726 66 428 498 -131 753 -358 419 -360 652 615 -448 140 -316 -297 108 134 1302 291 333 -768 -345 102 -965 -387 -477 -147 455 337 -985 569 4 -653 -74 -452 -361 -445 138 413 204 687 -146 539 616 -444 1277 -849 1577 -43 655 606 -147 1165 -267 34 -829 -852 479 34 -25 -508 522 168 103 -836]
[321 61 -670 734 -245 294 -59 -464 436 -640 241 -272 -647 343 -311 940 248 423 -593 -344 185 -40 638 872 -571 -139 1150 -482 769 -1410 -697 -119 465 -774 925 26 -401 2 1 15 -811 -804 -595 621 -280 -113 -528 -851 -853 211 263 -686 14 50 1203 -325 -643 600 -162 -89 -774 119 244 -871 -66 516 -312 -468 475 -298 104 -1385 -14 1322 262 -263 -164 669 -654 253 -923 -802 -23 -326 371 -191 317 65 1443 -348 600 -417 138 603 80 48 -669 -177 164 -114 336 397 483 159 963 603 -1277 996 281 817 1402 -322 681 423 753 -709 369 -483 154 -315 -613]
[201 -911 96 624 -70 1047 193 -550 -435 -130 -855 164 -92 622 -541 573 -429 797 -403 -364 124 -178 765 335 -109 -387 882 315 594 -1332 -155 958 -210 -232 244 592 -916 346 335 553 637 -367 -1305 313 527 372 -438 247 -367 -422 648 -516 719 -140 1169 -480 -412 1349 569 -1009 -475 50 -247 -28 132 -107 -419 594 164 234 489 -877 -439 94 -1013 320 416 658 -1129 297 -756 -16 139 -849 500 1100 -515 688 958 399 -67 -1225 531 30 203 537 -493 -454 37 -382 538 -57 140 -177 511 -572 -1130 1489 540 960 1494 235 69 254 558 -378 623 92 418 -341 -512]
[203 545 -316 -981 72 -408 -185 734 212 -479 715 -570 -204 -1044 388 648 32 -760 -99 573 237 -708 -345 -3 113 706 61 -623 -1159 747 -1 293 -285 753 -698 -163 451 -957 301 -150 -455 1195 698 -546 -61 -1083 919 872 171 -214 -400 576 -714 -134 -599 -9 30 29 -674 477 347 -695 714 517 -283 -59 290 -672 517 814 -642 -503 -1 -256 7 -303 607 77 664 -47 1005 1146 -57 4 -219 -1444 960 -830 13 -145 981 386 -252 14 -164 14 92 628 -240 174 -127 -31 -733 -62 78 28 333 -1090 -1237 146 -826 -313 283 -63 -286 337 -286 212 -972 109 -1137]
[987 -9 -524 -335 361 315 -1082 1194 -201 -130 333 412 -1146 412 -315 476 627 191 -1598 -1093 -98 -763 790 -442 466 128 1342 7 -194 -387 115 297 387 -197 265 786 148 -327 857 -454 -23 251 -23 848 -545 -1024 1031 -306 -362 387 255 -600 147 149 907 -1386 568 548 -689 281 -183 -493 47 -613 -77 1515 -550 352 367 313 1198 -1146 -485 428 284 -225 969 1127 -45 728 -396 -613 945 339 241 225 -118 59 80 503 258 -22 356 -43 821 -65 -456 -782 -28 482 326 16 -614 -516 544 982 -850 190 -1839 456 403 -451 1111 -660 -368 -356 -525 -818 -1010 -311 -273]
[-246 -1516 -745 -186 75 432 229 56 -237 570 -849 537 -141 -550 -392 -44 742 891 -147 -494 96 721 -295 -544 415 -681 -1062 948 -119 -640 -14 135 507 88 -899 783 -676 -683 -133 -124 444 -727 -1236 -603 1147 -110 412 318 -270 197 381 110 545 309 300 789 227 252 645 401 412 1181 -572 875 -781 1260 -767 774 177 722 669 -19 -1127 484 41 1056 535 706 -242 -88 -106 902 -820 -295 -72 -76 522 506 -561 2 539 -564 -265 227 -707 63 900 -31 -147 -408 -164 -455 -232 215 -946 -386 -353 708 -405 281 -532 -231 -706 1152 -567 1226 -416 469 70 1524 -347]
[-1762 283 -217 248 -561 562 330 1087 345 633 264 320 654 522 -713 17 -379 215 437 -205 94 135 -583 -297 -1526 -238 1036 -474 683 344 427 -89 148 -783 1438 -319 647 101 -218 175 -751 375 738 732 589 -1395 -416 -319 170 -571 1362 -1007 -455 -249 -502 185 303 -840 791 -470 126 702 37 -69 -5 -451 -90 -478 150 -207 371 -105 198 737 917 959 -554 225 -141 -313 -269 181 -996 558 -71 -124 1046 69 208 -1316 -346 587 568 -844 1397 -168 -301 1188 -945 -217 -126 238 -343 -544 -621 -97 -561 -377 -807 -743 477 509 -310 897 922 795 543 701 -700 -738 359]
[-572 -49 174 -623 -822 -382 -25 -75 -236 814 -159 141 425 620 1148 -1047 457 -433 508 -962 -1037 10 -1128 600 -348 219 -38 -436 1165 142 33 274 238 177 104 554 -146 -37 489 -476 1094 -978 988 -107 266 1192 395 120 424 1429 -132 -513 572 487 -776 -167 265 -1148 -835 620 693 134 -470 275 -71 -71 -451 361 103 -457 597 76 181 1062 934 -675 -351 -259 -68 220 -710 -872 373 1190 422 1156 29 -198 -2035 -9 -692 1541 -442 -244 -298 56 810 128 907 387 1230 -249 866 -311 -848 1516 154 -334 -346 -1281 51 -466 208 -639 -754 728 -178 -358 -819 -570 -289]
[20 -749 -287 449 -287 -144 648 -369 -232 -565 13 -424 -70 -922 1566 -341 345 -262 127 -357 801 870 -858 611 686 80 -395 -373 -393 -1089 -662 1337 503 98 1006 62 -753 244 8 -551 781 -1006 -1102 242 184 851 -812 -524 -409 731 91 -300 293 3 1139 1260 -121 1015 -480 -591 30 -456 -806 -45 502 -218 -269 813 449 19 -828 4 -1035 -649 241 -450 -445 -450 -719 -278 -342 409 73 315 -1438 705 778 741 293 130 621 -590 -991 400 -6 514 752 -13 191 675 759 -1262 -94 99 442 308 272 1775 443 1171 804 -643 -638 1504 -345 -38 -453 -308 -675 340 -777]
[867 312 298 -361 924 16 -456 -621 -284 272 254 479 -290 -409 657 -837 443 -490 324 -549 -359 -318 161 -1393 683 -220 -942 303 -294 752 289 -874 -1054 -383 -2313 465 369 834 700 -345 955 1285 -417 -225 -425 476 1286 125 -260 -151 -345 39 220 -442 -760 372 711 -182 -435 377 682 -749 -541 744 -1075 1240 748 -168 -440 423 -85 746 16 46 -335 650 1169 -290 487 105 -97 -345 866 -167 310 1123 -827 -36 -1115 1234 -602 1122 -238 -125 -588 -349 672 -1163 21 104 -505 286 181 -471 -53 -119 1327 -504 -825 -98 -1032 -383 50 -836 -987 -487 -581 -1230 -330 375 242]
[-816 -125 254 138 -51 -208 158 1092 -751 814 -1000 8 -112 321 886 129 336 -203 -53 328 -309 70 -936 709 -194 458 -124 -232 49 750 -528 1375 228 -181 241 -81 -161 -6 153 -1248 1103 -996 596 -395 364 929 -360 195 -81 986 -831 267 301 57 -104 773 516 -156 -691 150 574 302 4 116 467 80 -550 842 238 -620 -183 558 421 182 459 37 -913 -952 190 -478 -383 144 90 757 142 458 -375 -57 -1611 -868 -687 153 -208 397 -840 271 321 597 791 -15 770 -299 258 -93 -919 517 1138 698 91 -777 192 81 -860 -215 -609 701 -787 -629 -400 89 -286]
[-259 -117 -180 836 344 -174 1224 -1164 570 -614 512 338 -193 -735 1 -387 284 -166 -157 -418 320 513 1312 53 -66 -266 -817 725 566 -1049 -289 -1599 -860 -132 -473 -272 -112 62 -547 163 -485 147 -249 -157 388 430 -1214 -1058 1085 -157 -591 331 419 250 61 574 -566 140 1084 -448 -913 325 180 -4 92 -703 228 -1050 -528 -186 -428 75 221 54 -1244 83 -309 -223 842 65 88 -899 -38 -1346 499 -674 807 336 702 -68 84 249 130 -38 -391 -296 82 -919 390 -600 101 433 1032 358 -58 -480 91 60 170 318 -297 243 457 651 353 29 -193 437 1454 286 257]
[324 -61 -122 -483 -326 -1127 -264 963 1015 220 -73 -108 454 50 207 -208 -359 -689 299 -585 374 426 211 -166 -674 -447 -723 -1020 597 367 377 -1433 124 -336 1178 341 497 -155 -678 643 -357 -842 929 -813 -121 352 -610 34 792 461 -460 -72 458 459 -255 -466 -763 -905 -1222 361 1176 -61 -951 168 1321 -327 531 71 -1220 325 1154 -364 527 732 266 -288 -141 -447 -51 51 -88 -227 -608 86 785 310 1156 -589 -985 -1121 1139 152 934 75 -446 -167 612 -282 768 -248 -601 -983 186 779 -60 -207 -637 -976 -1085 -1003 -1241 141 443 118 33 485 651 1479 242 -42 1164]
[-1232 -770 647 794 115 903 1316 -767 -509 715 177 45 -62 -574 298 -411 -67 -52 -431 72 -705 -40 -515 568 -85 455 -830 -589 -698 153 202 268 -61 -599 -170 427 -1029 -28 638 -750 511 -233 306 75 292 162 240 -416 119 1035 -572 -467 2 333 287 863 165 -254 -136 595 -225 387 -703 1536 370 -88 -561 -670 719 -59 391 743 -128 381 118 -244 -143 -470 483 -598 470 542 -321 153 431 -65 627 -290 -982 242 960 -364 -312 -432 -193 -572 1337 -180 1058 -181 1619 -576 768 -147 -723 505 612 -250 -134 -144 -243 223 -963 147 -337 1647 128 -183 408 211 316]
[-201 -1293 773 816 273 16 603 -103 -17 97 1368 947 -484 60 -1214 739 761 -51 -441 -1132 -317 -123 -482 -405 -553 300 859 652 1013 -259 254 -350 -62 478 109 899 321 -818 880 -764 -738 1107 -1453 281 1730 -881 -244 487 796 60 449 -11 296 1630 397 -965 -761 -515 1640 420 502 572 -187 -648 -583 493 -780 925 794 516 180 -104 -337 -498 -51 232 593 174 -537 -281 -1269 -1253 -429 -119 -851 22 103 439 82 -52 -601 149 -369 -1049 60 717 100 -599 -5 -173 -1408 -209 -992 385 280 50 -1046 959 -1362 16 345 -32 761 1048 1306 438 -320 694 57 -312 -1042]
[-1045 396 -651 130 396 715 -496 -390 -581 -69 24 301 -325 -255 -506 545 -114 -114 384 1375 -817 -675 -160 -1327 -939 948 -878 -195 -717 583 1015 352 -995 -863 -1177 -426 411 -479 -492 195 -925 1419 483 1103 567 -617 168 169 -32 -718 69 -118 -743 -430 -8 1505 428 204 -88 -372 -253 -376 159 1008 -1260 310 823 -665 682 973 -1239 451 484 -332 -556 388 785 -243 72 -780 317 1890 342 -664 528 -1432 -234 -101 655 945 430 -793 -131 898 97 -564 329 -177 181 541 -527 431 432 -645 -276 -1164 1417 -1302 371 404 -971 597 -1081 -701 59 40 823 -140 502 214 -22]
[-724 233 -175 115 -41 570 1274 478 429 293 -362 -671 32 998 -597 -457 713 1067 -653 656 223 873 340 -179 -1359 -154 -8 114 -194 -48 311 -120 -232 -93 -314 -1195 777 507 276 91 -167 -425 -155 309 -312 -210 -355 565 -139 -308 -6 -546 -338 -441 -349 172 -578 -909 855 -200 -287 -71 -314 -173 -237 -1177 -354 -954 264 -1422 -285 791 12 342 463 -62 -1079 -1071 54 -790 -423 -427 -758 -358 227 935 250 605 815 -451 -1096 752 313 -1196 149 -429 -135 892 -141 -208 1510 -32 754 -578 -266 -744 1066 582 1289 -220 556 763 -231 858 482 315 691 -225 457 153 1539]
[826 736 58 765 -725 -204 780 -1124 -245 636 480 78 193 471 278 -239 999 43 768 -43 -377 -237 222 -301 -7 -675 529 -933 -138 -1373 138 994 45 37 -1570 166 -650 690 1455 96 1299 -348 -402 59 -183 119 1127 -429 -1311 234 563 -138 -155 -1184 198 1076 -78 662 -158 -154 -493 -758 -418 -118 -1450 245 -145 -1272 465 -597 -934 84 665 532 133 -92 -332 -701 1056 -330 -1128 -1067 953 247 594 2548 -514 639 -194 738 496 67 -865 133 -436 349 441 -385 268 142 679 175 1099 -213 222 290 398 707 688 -115 983 566 323 -855 445 -628 -97 -2306 -328 -310 -671]
[-591 1001 921 1696 -220 361 1238 -629 473 725 745 -189 -153 -820 -280 854 -607 -129 -201 1214 -451 -28 -170 946 -409 464 564 81 350 -106 -598 243 -128 55 391 387 27 -96 782 -1118 -703 750 -159 -194 245 -683 -584 -987 -825 -38 -59 28 -454 38 862 62 -411 -609 565 -167 -711 -240 500 -705 -176 -677 -369 -1231 990 -931 -909 592 1081 -136 435 -158 -866 -679 1024 105 -579 -766 -1126 -543 -363 398 653 -80 716 -1169 291 379 -490 -616 25 -97 -889 325 -887 -766 87 -92 -97 224 813 -710 310 503 263 119 709 844 88 384 1284 221 48 -1042 1086 -325 -70]
[970 190 941 -561 -42 113 1092 -751 254 428 1210 -765 501 -279 -250 -829 -178 -272 41 1058 -221 -349 -749 412 731 -1095 87 -13 520 -36 206 -163 -538 1139 -4 748 -50 49 823 581 351 1525 -108 -676 478 -509 376 -302 -591 144 288 -382 -179 -192 -257 -858 -1099 -529 -475 -447 164 -788 -67 244 452 -950 367 -438 198 -274 -773 174 294 -1174 511 -1060 328 -571 222 668 148 368 -239 -730 -581 560 472 -224 869 -670 412 783 -113 -863 -84 -393 -72 -307 -888 753 369 -302 310 -402 927 -1393 132 -340 110 16 962 191 426 88 276 623 123 -364 -313 -359 -792]
[-41 164 -9 358 835 282 -471 261 -23 246 -424 -69 386 -498 -539 685 154 -758 17 -296 265 557 572 273 -654 73 -399 812 816 -744 -960 -1055 -359 -906 372 471 540 -92 -1060 -644 142 -494 -442 307 -546 242 -147 -179 666 -338 127 63 1248 -866 -13 557 233 810 -100 -1047 -220 271 162 -307 78 701 -54 -211 -1175 99 -278 -543 820 -193 298 1503 -711 -559 337 -221 252 -94 -322 -1197 1476 91 -403 -761 1026 -1108 -316 -1116 1325 585 786 539 -569 141 -192 -40 280 208 353 -991 -329 -120 -261 -690 -419 504 -178 413 1124 -464 1155 259 868 88 25 -312 539]
[-455 487 -111 -150 46 352 -134 -311 225 -729 -130 308 263 382 -1898 802 -599 857 226 1045 -540 -479 -461 244 -1260 19 -358 -67 400 1161 1044 -454 -599 -189 -151 -1052 1206 -23 -766 399 -1027 -464 830 -544 -310 -362 -269 -35 -526 -524 -87 111 -138 -336 -268 492 -438 -937 350 -722 1028 -69 125 -426 -530 -732 488 -123 -370 259 -38 114 716 -490 -245 -15 -293 -369 -839 -329 -433 179 -670 -408 -501 -1118 420 -440 -777 -249 -262 -554 483 1022 -554 85 62 364 -313 -442 -687 623 48 764 11 -521 -597 -673 828 -685 -539 615 -1358 -125 378 -1060 1056 1350 776 -618 -158]
[-93 -286 531 165 -262 -727 -556 548 356 -24 574 522 -530 991 -365 305 585 -234 -616 246 -456 -283 -493 -381 913 1336 106 -574 -766 1245 990 324 1253 350 563 17 374 -954 -202 120 -1280 -522 888 663 157 -681 -315 852 16 457 -222 -1 -699 1490 -296 -83 106 -1379 226 1050 521 394 405 -767 307 288 -945 786 860 -904 -457 -35 136 -39 652 -708 -523 406 326 -1071 406 -527 249 1325 -919 -1199 -233 -725 -726 270 717 108 -791 110 -90 -182 178 523 617 411 -1589 475 -888 955 -53 673 459 -695 408 -571 -1220 -64 -575 -107 12 -15 -378 596 259 265 275]
[598 469 216 -209 328 -57 371 293 246 114 223 -356 -1029 -209 -158 614 1068 529 159 661 390 -120 565 -338 -1051 44 -674 739 -217 -624 709 -470 -262 -104 -1730 -150 -496 -1284 1041 -158 317 849 -402 55 239 -653 603 390 -897 589 20 325 -718 380 780 -752 -1149 225 210 416 -407 -821 -480 119 -446 1091 626 -873 746 136 -813 1173 507 -230 -653 -1452 -30 -1220 1138 -754 -996 -61 406 -154 331 -127 443 410 -663 484 -84 -380 -584 -499 -653 47 396 -428 -99 373 -641 274 -562 1172 601 -739 1094 17 643 -377 -129 165 428 110 24 978 -1274 -47 406 1081 -480]
[-626 -31 -326 -340 168 992 -193 -48 -409 362 -488 375 -104 -616 -1532 122 -238 467 405 582 -620 -157 -126 -959 -461 159 926 604 -448 204 593 1235 -667 403 -1070 148 289 -1275 289 -91 -46 748 -7 -275 664 -1639 818 -42 -399 -1137 505 -129 589 83 -295 -1153 314 -493 1151 286 443 -174 280 104 -1147 999 -24 -78 252 385 -660 -235 64 -669 -38 343 1120 -172 -112 219 -472 1515 192 -368 -260 -487 601 -838 -316 -482 -864 930 -68 437 -879 590 -353 757 -1155 -1044 -121 1332 336 -457 -1029 -828 -402 76 -362 -199 67 -120 -1039 -426 -74 1185 -586 -237 -667 -14 -1326]
[314 670 441 -818 1217 188 393 1091 554 11 -561 -522 -586 7 835 35 -144 -494 -994 45 307 -410 77 147 114 489 -238 69 -624 -192 -736 -434 -1098 -123 -377 -43 569 -421 553 -689 705 1655 102 -268 650 -34 -373 240 1798 591 -491 -257 -282 328 -100 -431 -163 -508 -121 308 -150 -770 356 600 241 -907 -135 458 -300 376 -332 717 -293 -368 85 47 390 -186 -721 -178 350 136 259 -861 79 -689 -37 -1 -85 -287 -262 1990 -526 -1063 184 -576 -49 728 -16 630 534 -606 -537 -729 290 63 1133 -290 -1977 -126 -352 -893 1157 826 23 450 -425 164 -1008 -694 -22]
[-240 764 1021 -399 612 -153 37 663 -510 -10 533 -258 -292 -639 773 611 227 -920 554 605 -211 248 50 253 1366 555 -118 313 -210 985 -547 375 -22 938 -1316 -275 14 255 215 51 838 856 -936 -259 1238 224 808 889 45 -270 -700 1511 -824 43 -713 -1585 891 622 -397 -69 1084 20 1402 -104 520 -582 -14 340 1241 -180 435 919 -900 -603 -948 -371 -374 573 644 97 734 713 -98 1085 -855 94 271 960 -880 272 -651 -450 415 -1688 -29 -331 -678 -268 -1139 -1263 -837 -208 -479 165 -15 -89 379 267 -694 309 134 599 320 232 -405 -306 -239 502 916 503 485]
[-86 -1580 495 538 -487 -253 -316 222 -343 -121 -144 -205 282 1536 -287 -55 240 886 160 -1240 204 -166 598 -258 -429 -850 714 611 1158 -312 668 88 1259 341 -264 234 -719 166 -603 -104 -263 -626 -601 -970 -189 932 -270 1335 307 -794 -253 -165 107 1484 -938 -1002 -933 -444 1247 587 244 549 382 -371 1075 -31 -428 494 -665 -813 1168 -839 -441 178 -474 637 -322 149 -287 189 -965 -1263 -204 412 639 604 -872 181 -332 173 -1605 242 618 -646 -475 1096 193 -155 727 -484 -1664 805 -830 1226 -555 438 -1300 694 890 -591 282 -64 728 -224 594 -163 -130 1196 533 164 -57]
[-299 764 121 589 -102 -231 687 -1172 389 781 1322 139 437 445 -1483 -1063 271 312 -359 -5 203 324 -717 -86 -1232 -207 672 -299 1082 710 555 -1000 -121 -19 51 278 332 593 495 -434 -967 68 -579 513 265 -509 78 -736 -554 114 -219 -487 -488 599 435 -1307 -1055 -758 64 614 393 1034 -266 -610 -1 -730 250 -99 455 107 269 426 266 654 677 -757 159 -493 -720 443 -997 -1100 -388 150 -791 38 491 807 551 138 -350 430 103 -1315 320 -211 263 -1222 -332 237 -75 -559 256 593 757 -532 -370 888 454 119 956 199 -270 709 779 76 212 123 798 164 842]
[-409 -130 704 528 -70 610 484 416 -351 -112 568 713 -757 400 383 -279 -500 -162 -21 315 88 -495 -124 95 -1075 472 -289 603 141 576 127 -63 -327 -392 722 549 -54 82 186 -885 -1244 2168 -333 930 -267 -16 -522 -417 -258 307 221 -870 -517 478 699 881 -1296 332 765 55 -660 181 -567 579 347 203 443 -231 -92 -333 -95 1073 -206 22 153 26 -160 -513 -277 -285 -291 -365 -119 300 -33 -447 120 1060 438 -484 60 -117 -859 -976 788 249 543 -621 -135 640 59 70 -968 117 692 267 1208 -65 -131 422 483 -124 444 824 22 844 -217 -814 815 -71 683]
[-172 438 149 -957 161 714 -816 60 300 785 -1097 1096 165 1747 -817 -866 130 391 -925 -674 -542 -336 -169 -224 597 358 -502 1482 439 72 1301 -1157 514 -522 -356 1507 393 -28 -194 80 -801 -571 172 199 101 464 455 401 251 283 1068 64 265 713 386 195 -185 -713 921 15 262 1098 -85 66 -975 45 -679 1204 -1006 -677 933 264 -201 98 361 1307 -182 2060 -944 105 -178 -165 -313 383 446 94 -363 61 -909 574 17 214 87 -324 1057 -279 26 -218 -932 237 -1218 444 -1002 376 -159 781 -909 -977 209 -866 -572 -75 637 -355 457 -50 1168 1042 639 -434 568]
[-114 -287 -750 1072 209 -313 -213 99 -59 -91 -1139 -1039 -261 -922 129 -597 -374 -219 466 890 211 965 613 107 15 433 -1446 400 -364 -813 -984 -805 660 -546 1153 -110 -441 -918 -1468 -541 -410 -732 560 -475 -353 967 -1935 -505 1143 -573 -920 -322 1043 722 762 101 -219 -1228 334 -275 -668 -759 -104 215 1519 -126 -123 316 -459 -893 -688 7 344 -647 -128 -512 -777 -966 338 31 -400 628 -405 -822 259 -317 587 -184 786 -676 -491 1232 -218 256 -1238 -366 -355 449 345 -884 -656 -560 -283 144 -511 -852 814 -317 1044 388 -1386 -463 -477 123 424 1213 503 498 1110 632 1393]
[23 558 433 -252 -1072 -211 928 -399 255 -283 -186 230 1158 -607 -233 -759 -820 573 969 478 1337 -122 141 996 -377 392 749 -874 -1234 393 -334 82 228 902 953 -908 -118 817 740 851 -359 -236 377 12 -1105 -548 761 476 -488 -556 -180 91 -62 -1370 -150 580 -839 605 63 -888 -558 641 -794 365 -109 -1093 925 -1144 -312 -643 -160 -670 168 922 -790 -261 -687 24 563 140 736 -492 -459 302 -469 1141 1510 1001 517 332 832 -851 263 -474 1067 9 481 -314 -372 -206 906 208 -1195 302 723 638 604 -75 685 834 -266 -260 9 228 147 -996 584 123 161 -271 970]
[-73 72 789 206 -332 77 1883 -275 -1466 -80 1168 -1754 215 -423 520 217 837 -202 484 872 -258 -716 -1476 236 1397 307 490 -1461 -846 -30 -813 1995 599 691 -226 2 -1665 -261 1482 993 1791 340 124 -50 1123 -622 492 573 -617 469 450 311 -492 -102 -399 -449 464 513 -989 -536 565 -671 817 506 441 -307 -584 -723 2521 435 -354 369 -484 -97 -1008 -1492 -348 -246 534 -313 235 553 -40 432 -901 551 438 583 -714 944 994 -727 -714 -1686 -871 -215 206 93 -67 -13 101 -454 195 512 641 192 -154 66 412 295 1375 186 -396 508 136 1082 133 142 -31 1060 -1317]
[-458 -35 -343 48 -317 -662 696 -393 -1343 -590 -118 -761 -493 -211 236 513 1293 31 1671 514 755 97 -853 765 -447 442 63 -35 -422 -457 -1435 277 846 -422 1381 -316 -1493 -305 -212 1033 166 -1363 -20 1278 210 -358 -240 158 277 179 352 519 279 116 374 952 -399 1301 -518 -313 -412 675 -196 283 399 1031 -207 610 764 -480 -409 -167 -1022 1572 -367 -749 -930 -40 -382 -506 510 315 -88 607 233 -403 756 1012 467 -418 507 -1073 -299 -647 -74 -190 -19 -517 552 -455 830 347 268 129 -29 885 429 378 528 687 672 -902 -459 1062 -234 806 691 245 937 832 -331]
[-607 1179 375 527 -230 -337 829 -31 -830 571 69 -190 408 193 -76 -341 207 -571 500 527 62 275 -172 554 -356 227 144 -139 -547 216 -645 -40 -364 -150 -703 92 592 526 -390 -786 384 381 82 -542 771 226 173 -208 695 874 283 791 -716 -1266 -271 1216 105 917 473 -860 -12 663 217 54 -1011 -673 -474 -411 -505 -776 -393 947 407 -493 5 1862 -1211 264 93 -247 257 -246 -356 68 206 -124 -117 724 -318 486 -1218 -375 -740 -323 39 -720 -50 -596 -272 -234 -103 321 272 -159 -568 579 450 302 58 -94 65 807 -121 -176 140 -387 671 -1172 -127 -743 -155]
[901 97 -1198 -586 290 -749 -1368 106 -374 -299 -796 124 11 566 353 -388 256 -528 377 -487 -496 191 516 -259 1109 -526 -890 46 113 -234 411 -368 206 -294 -715 632 194 693 -711 625 -353 -937 381 -580 -361 1247 -107 -519 -408 239 163 798 62 -479 601 281 881 1191 -590 -460 1124 -131 272 210 -351 453 381 818 -614 164 1051 -344 -577 -172 -554 364 499 1411 -280 1103 26 564 415 453 383 99 -487 -62 -422 913 -81 -458 185 1287 -1254 -345 -542 -1345 -197 -877 -946 -265 699 572 -392 49 -1755 382 606 -108 -522 342 -826 -1218 -1404 -667 869 3 348 182 464]
[674 880 -22 -264 -794 -847 -20 -58 -30 -487 944 -198 -599 43 -307 -125 -36 618 1133 1693 454 -1776 -516 608 169 -528 -109 167 62 82 64 10 846 330 93 -201 -728 -509 -779 -151 -1255 1144 1288 -87 -951 -725 102 -1139 -506 -113 350 -1057 -1136 22 333 1184 -442 -228 -101 356 -931 -474 1191 354 1228 66 918 -496 -407 -67 -615 -571 222 498 359 -1093 -510 367 1054 714 1179 -486 537 643 -130 -1519 425 533 540 140 606 937 -1511 195 755 -326 -147 -242 40 1128 -725 663 -1310 764 684 326 339 -1362 208 -48 -500 -1013 -506 2 -445 181 -106 -695 441 -200 -975]
[-519 -226 379 573 40 -508 663 252 -569 56 367 -489 498 -1054 883 -594 452 -574 1426 2 648 681 -778 -904 639 -715 35 -593 -358 -927 -95 947 909 -1010 1028 -326 -833 465 -977 187 195 -1002 -360 15 39 163 -526 -840 153 -254 220 -30 -218 -360 437 721 -162 1022 -698 -492 123 -858 -675 -77 905 74 1337 300 -785 -247 -420 -374 -115 -1181 13 1181 -229 -1312 -168 -299 -611 1102 423 247 -548 1336 746 59 -225 -350 106 -1779 950 667 14 455 900 -1158 399 200 -1808 41 654 1027 414 -418 -323 197 -87 429 68 -306 -426 -263 443 -548 -186 935 -601 -44 -227]
[-1011 72 -26 5 -310 -597 -1025 138 -666 -718 -221 -95 436 530 597 251 -908 -363 1063 -477 -206 -498 -765 676 -534 -804 726 82 827 244 209 110 -9 63 635 -114 -264 614 -816 -727 506 -163 759 -1319 -455 490 83 9 436 -41 -894 393 -77 140 -495 965 648 109 -156 447 907 -517 529 -333 -278 -658 -231 151 -1318 225 349 -70 -864 -696 258 566 -237 -293 -67 -20 207 -548 857 721 -330 -62 -24 -943 -1520 -704 -210 656 -306 315 155 730 72 268 534 -122 17 155 80 495 -828 1608 -1166 -655 -417 -999 683 -376 51 -544 84 -656 -12 800 -885 -1738 -1322]
[811 302 167 -667 -390 250 -30 -230 126 -1045 159 554 -837 294 -450 -102 -115 -456 820 845 -598 -622 148 -709 -81 221 -336 758 775 19 14 -175 -1693 646 -606 -85 926 -603 -545 153 -410 1777 372 -49 376 935 -862 -652 198 -229 764 -94 38 167 -672 -148 -555 -486 1152 -519 -405 41 408 -43 75 -191 482 793 -439 548 -1161 68 984 -982 -527 -482 155 -193 -407 258 118 107 455 -563 23 -653 -766 160 368 161 -702 938 -957 868 -694 401 -919 54 -416 937 -865 1196 536 -61 -138 -677 179 -910 896 -746 549 23 163 -338 -49 -607 -55 -326 264 -1088 -1016]
[1440 114 -1252 -560 -403 44 -45 -277 -331 -994 357 -492 -88 779 -2089 -258 179 1286 -397 278 -738 -859 988 39 3 -790 14 -729 -17 -1083 -220 -594 805 -562 1148 -571 -453 -151 97 1391 -713 -438 825 275 -429 -290 -288 -1489 19 -365 260 -590 209 -204 798 -606 -714 170 275 120 -1661 -311 -450 -164 -474 154 675 -311 126 45 900 -274 870 307 -42 -1159 -57 263 -884 625 -975 -215 393 -283 69 -691 -452 292 1124 881 -55 255 94 1214 -347 -548 -995 -160 681 77 -373 280 686 -132 694 374 -1242 -312 451 -122 159 -215 168 -763 -13 -34 676 -391 -41 248 538]
[814 176 294 736 279 160 -814 -233 -740 -846 787 -592 -223 -321 437 992 267 -1085 920 -536 -446 -171 715 -620 751 665 515 -942 -516 -1377 -165 1073 225 264 -785 101 34 -3 397 -79 948 -128 -211 1051 -607 81 547 -50 -224 -711 622 -426 -21 -258 -582 -766 1947 -18 -715 104 598 -1493 752 247 1027 311 -266 -287 1259 664 -37 -1197 -590 -612 -325 -182 420 476 177 -541 934 482 1042 779 491 1043 -427 -102 201 597 216 101 479 -617 450 78 193 350 312 -798 -3 138 507 -971 -188 369 -825 -398 -782 676 478 123 -51 -1048 669 -472 708 -815 -154 -1221 -171]
[-839 -6 231 751 -197 706 -1074 -67 -674 245 -958 216 334 1096 -130 -551 509 -194 359 -56 552 1170 659 -366 -874 994 -407 235 -395 -229 197 184 401 -756 -498 40 170 343 -1237 -290 11 -1002 -1103 996 -1173 528 -15 860 -47 -625 166 -562 -178 -366 -498 -588 529 470 46 -101 -494 897 -787 -491 -449 562 -490 157 -37 -1603 -502 -97 -233 557 208 1301 -1272 -356 -534 -200 -151 -113 346 845 564 732 -2 643 705 765 -1100 -21 550 -543 1471 414 -66 348 483 -738 560 716 621 -1045 -565 -103 1557 809 1203 973 148 -555 -604 51 256 257 -93 -775 648 443 2213]
[-595 124 395 886 -169 465 -635 -1018 -348 778 -476 24 220 -112 -402 365 -1211 731 -266 918 -1441 -421 181 102 -658 80 1400 575 -424 285 -201 292 -827 272 -251 690 -461 -603 -755 -238 -676 1377 94 -228 456 -477 770 284 281 -19 283 279 -1093 -112 76 -1012 -288 565 1354 51 -1236 608 737 426 -1047 -31 -740 -581 -286 -387 109 -514 33 -4 78 1540 520 1038 -158 1220 -74 -91 -772 -513 1056 -756 -1539 -808 831 436 -475 -423 -172 689 -233 -77 -1267 -241 -1217 200 868 1370 479 2 -698 312 -849 -543 802 -175 468 220 604 -890 -114 -877 118 -750 -213 -482 -153]
[-735 -523 541 -283 171 18 126 -134 -1682 260 -358 553 -637 62 370 -574 1464 -127 743 -374 371 -430 -1563 -273 184 1301 -882 1558 -710 481 377 -78 384 -644 341 357 -423 -159 103 -577 66 131 239 884 -336 425 56 -139 363 470 859 -199 -109 654 -514 737 549 -799 618 133 -235 151 -1427 439 -196 1622 -182 993 344 -592 -317 766 -528 -191 476 246 -297 -382 -5 -388 913 477 443 989 -402 -104 -178 693 -894 891 -864 608 -1231 -754 1284 243 402 -22 477 1001 -207 1118 -852 -421 -887 738 1532 -912 436 -303 -417 -1007 -736 657 -671 902 -780 -83 -285 58 -69]
[338 -652 1235 514 51 -438 -194 252 -49 -60 842 136 893 504 -370 -533 -309 -885 -34 25 -301 462 -1990 354 -72 -278 -1081 -947 -716 1253 -391 -659 -482 5 814 -61 484 476 -194 -951 -443 961 -590 -1034 -50 775 -445 171 216 651 326 -315 -614 307 -282 1021 195 -1200 312 573 1313 442 -311 772 305 -899 -197 1442 -232 543 -583 1020 55 -1352 1207 438 -799 -465 -614 -704 708 -83 -993 849 -956 178 -943 -257 -782 -579 547 586 -1245 -56 -432 10 602 471 -49 1277 -890 -1468 -593 -33 -32 506 16 -411 -114 -1011 567 -273 -551 992 576 453 727 -518 -422 -487 500]
[-229 115 -390 205 -274 578 -628 493 355 -494 418 297 -251 125 131 828 149 298 283 498 -702 160 -615 -426 -743 571 -583 385 -334 -367 595 926 668 208 214 -748 252 -502 831 -339 -818 749 -361 869 -563 -760 54 662 -811 -880 1346 -238 -1180 74 649 805 25 -486 323 -76 -525 -841 -188 -228 -1130 -416 297 53 1411 459 -885 400 -422 76 505 -329 537 -490 -762 -257 -728 318 -543 223 -1168 684 395 889 684 218 -103 590 -1035 -793 1066 201 398 570 -484 -87 -188 -1623 -833 -899 1000 -520 1034 332 -713 535 162 -119 6 824 688 467 522 -524 90 645 751]
[-923 656 229 771 331 283 -331 1037 414 852 -1066 311 -651 1493 321 348 147 -158 -235 142 -71 -2 268 -303 -54 538 832 146 632 479 83 -303 -540 -626 394 153 603 402 397 -348 561 951 525 628 1106 135 -975 -123 -865 430 -199 -122 -598 35 -105 263 556 -831 272 -762 308 650 363 -231 34 25 -36 -124 1063 -783 -43 564 -101 578 -196 248 -271 -383 124 -910 -591 -501 -248 270 223 398 -619 -118 -519 -99 -236 781 482 -303 119 -1072 -956 194 -336 138 -447 195 -111 333 118 411 716 362 396 -936 344 651 26 -251 249 -362 -320 699 188 122 779]
[-769 180 -1087 -321 904 1046 -183 49 -44 7 -470 471 -403 -85 -1800 174 617 1603 -1131 -350 327 883 -708 -319 -332 69 -644 992 168 -392 68 -295 -416 -1330 77 -1201 500 -773 -653 -449 -1657 -134 -234 1129 256 -413 -363 -964 389 347 694 -1070 219 -455 689 287 373 -115 431 -615 -381 776 270 -478 -1421 883 79 430 181 634 -602 631 16 88 28 -624 -456 -810 -981 -518 -535 965 -231 -1381 -130 -1456 -261 655 777 765 251 -770 -59 1029 180 -315 -332 -85 -1159 1777 -367 477 399 907 308 -267 583 323 1289 120 -185 -251 -253 371 -168 702 -306 634 -63 790 1010]
[-917 523 522 332 258 115 -654 -1040 98 39 -944 -1091 40 -297 1657 998 -1016 -72 -412 -188 -670 351 574 755 -554 700 250 -340 1082 40 -856 -876 -400 -696 431 295 184 681 357 -114 242 -1018 -268 -227 -378 1520 -530 -158 214 809 -1886 22 1094 1091 -23 -1065 -11 -1094 -1274 1034 153 36 18 -467 5 752 -474 -574 -369 -264 262 109 988 1658 -605 -269 -719 -155 -182 433 -704 -1174 -622 -1091 1274 535 -196 -802 1 -382 393 298 364 495 -850 -376 -618 -118 548 -109 -86 832 237 557 588 544 356 -214 646 -187 -324 -473 1198 -662 503 -931 44 326 1201 -249 438]
[748 -875 -712 -691 -323 -608 -527 825 -358 -553 255 147 -685 -12 202 -474 333 597 -426 464 520 -140 306 -841 1156 -1309 474 -144 -964 -367 411 -32 1421 459 479 866 -1466 -828 170 322 300 -494 521 3 441 -985 696 353 -938 371 -113 794 -979 568 1103 -246 306 948 -350 962 -713 1276 -521 932 433 1168 -435 806 277 250 579 -1032 -1057 393 42 -579 623 1201 279 356 357 408 203 1111 -199 -543 617 418 96 501 1635 -858 -173 17 -240 -500 1247 -881 402 643 -179 -733 -844 329 -235 -143 -139 -57 146 162 777 -255 -33 43 -1144 860 -1707 126 -1034 912 -1069]
[-296 221 -401 -354 -1183 301 -195 514 588 333 -1215 490 191 1316 125 -477 -336 -339 -359 -471 515 -221 -48 -175 -705 153 594 -960 -1099 -101 180 540 -234 -650 -485 71 -71 666 -242 936 -429 190 511 8 -444 -471 89 163 -259 224 1293 -509 -611 -1178 252 1070 -314 495 79 -551 -163 629 -260 899 -26 -532 -28 -487 218 -177 816 -205 -215 1453 258 514 237 1090 -128 -209 198 943 -287 454 1451 -214 -44 90 229 414 718 20 -232 -335 92 173 -127 521 -87 142 769 8 197 -307 -307 193 -9 -48 774 -56 466 325 -459 408 -793 267 814 -434 -126 23 821]
[618 855 99 87 -232 -817 378 -451 430 571 303 -925 69 -310 86 -28 479 -655 -286 -217 672 372 1072 -18 581 56 55 -107 -314 203 -480 -1389 -93 158 105 481 81 -154 656 423 405 -660 -163 537 -876 168 -103 25 -1243 362 -686 268 204 -357 168 -577 -405 -455 -528 41 -649 7 -674 -484 -28 481 -248 -1719 789 -689 662 949 339 621 -85 -1001 -470 -601 1752 -953 75 -711 -175 -179 401 571 316 252 448 488 533 -830 -231 -1143 -540 -91 -564 -434 -200 486 294 -310 185 1013 844 153 420 -814 1272 932 129 1264 1091 124 393 266 21 -157 849 1658 1361]
[-1394 411 -649 74 50 501 -194 502 406 616 -587 -88 1090 -260 -514 328 306 920 297 477 -609 814 152 517 -1471 276 705 -242 -268 -572 -46 -550 562 48 -343 -316 234 -753 -159 588 26 -270 445 151 970 -1206 1027 459 997 -616 125 192 285 -467 -501 246 -190 111 668 94 -925 535 124 207 -948 -275 213 -911 -216 -834 -498 -571 1251 977 -117 921 -852 307 502 145 -23 45 -294 -137 552 50 1020 -789 646 -724 -410 756 672 432 767 -495 -468 601 -234 -1273 134 1230 486 -108 -567 413 582 -386 -673 -762 -1153 -866 193 -1046 959 380 -160 171 -355 -125 270]
[402 -301 -236 -128 -884 -1028 -507 559 1362 675 -697 361 286 -404 -436 -58 38 1575 -250 155 670 694 1223 -227 -896 261 372 -365 -1055 -424 317 230 165 1426 -58 -647 -560 -1226 176 633 -336 -462 -134 -172 -226 -829 876 942 127 269 -167 -155 -263 -78 666 -234 -708 210 553 1071 -1629 648 6 -463 -754 76 -51 -1125 -710 809 -44 -698 856 1350 -288 -430 -55 70 1598 104 787 -1849 -95 -253 817 655 56 -387 -290 954 479 -777 -1157 663 227 -311 -307 -233 213 810 684 -335 -615 1069 292 546 -169 -41 351 -151 -1278 122 1306 -40 -755 -382 -862 76 -585 1396 865]
[354 210 84 566 1136 -251 124 22 -83 -256 818 -123 -279 -1710 99 399 342 -1378 -1190 -896 106 535 249 -298 1338 527 -999 920 685 213 -992 -240 -55 -1054 -467 -110 -45 -208 -205 -1091 557 69 -284 374 241 117 -352 -812 326 724 -58 378 721 -664 174 593 2004 1304 -767 -554 637 56 1263 -564 811 839 -458 -306 106 1586 271 268 275 -702 -475 204 -127 -226 741 -119 1140 -585 87 -1294 295 -849 -664 -785 -29 408 364 -1511 613 370 204 -248 -194 -1037 -55 375 -617 -683 192 -394 425 -434 -643 -540 -866 844 -270 885 543 29 -463 354 -368 326 63 714 334]
[1000 498 622 -643 2 -466 -641 464 -247 669 -1716 -633 923 754 30 154 -1648 -652 348 1778 182 -686 -304 781 720 -697 -258 106 142 147 -667 -245 171 700 393 430 -1030 -718 -527 930 1604 -56 256 -1373 333 284 -701 994 -133 234 -32 1308 -529 -177 236 -885 -409 161 78 -344 81 727 489 335 634 -497 -464 638 -216 242 259 597 -129 -174 -135 237 39 293 -252 416 482 555 187 -204 -205 -1093 -644 -176 -7 -509 72 -1046 -211 -588 -912 574 -80 611 -34 -502 -875 -519 -757 348 -80 -1260 -379 -754 1433 415 802 380 46 -324 363 653 -626 1120 309 183 -131]
[293 931 -302 998 -158 174 -609 356 214 26 64 -374 -894 64 636 503 170 -625 263 -667 770 104 767 -136 -614 677 791 12 440 17 -323 -1046 517 -792 -161 951 -307 1152 125 -749 524 -455 -1173 357 -527 -374 459 -122 -1222 -84 -559 -289 -872 -16 642 -261 119 1086 -274 807 -41 -610 -196 -447 515 1021 -385 298 847 -123 925 334 -556 1239 1060 318 -230 -68 -327 -125 -147 -906 824 386 -840 -348 360 105 58 191 -620 217 192 -1128 1260 127 -543 -836 242 -875 -1453 149 -1320 937 663 83 487 762 -652 887 406 -194 33 299 148 -1160 -829 640 -109 -245 109]
[-693 285 120 -630 -706 243 -6 694 1764 -741 -37 162 2 386 915 -97 -925 -243 446 73 182 676 883 156 -1614 -378 53 143 1455 -379 -480 -1138 -1082 -319 494 -161 699 -159 -1494 689 -688 256 -553 569 102 -12 -1124 1408 643 128 890 -232 -117 -459 289 -604 -956 116 938 -321 -44 -612 -580 -304 -217 -628 700 -697 -1018 52 -694 -145 -260 358 -146 776 245 688 -66 -602 -557 -265 430 -109 270 753 562 -507 940 -981 -1119 95 243 -583 492 436 -452 697 -257 -74 187 371 681 -502 6 -735 -391 -561 701 71 736 -156 143 1337 860 -422 1000 -83 -329 -1154 266]
[-361 -1501 -783 -542 -755 612 -514 -260 -792 218 -778 408 461 933 -1119 -637 470 862 702 -259 -256 -104 -888 37 -250 -1113 -369 390 778 -216 182 266 827 596 -795 731 -308 -248 -184 370 56 -537 -279 -1228 281 148 -173 -582 -216 -70 186 -58 199 327 -318 -156 74 -272 -268 917 -282 1777 -138 507 -808 204 -1059 1200 177 297 1351 151 -365 -42 765 398 508 1031 -1755 1280 -1370 757 -665 500 -358 -387 649 727 -246 -65 -343 976 443 1 -1008 -92 483 768 111 -1129 956 -913 844 -1154 -1343 -153 -1025 1110 -524 -252 307 -546 -1450 9 -297 823 113 373 120 696 -478]
[389 -909 668 538 600 -266 373 167 363 -627 -12 413 147 -532 -77 -616 -336 693 507 -354 568 1253 -178 -436 -212 -497 -1269 -448 -4 390 209 -1085 -534 -142 1070 -99 188 21 -242 -252 -612 616 53 -73 306 697 -1164 -366 343 247 491 -664 -211 411 64 -229 137 -608 -259 304 410 333 -1351 449 909 -378 460 551 -637 380 -606 654 1091 -319 94 -347 -323 -863 -883 -1200 -126 257 -538 532 -22 -16 -160 506 -800 -699 603 402 39 -239 -608 -932 734 649 -479 498 334 -585 414 242 -450 -628 1574 453 158 -1130 -384 -110 -905 1487 -121 1425 -782 0 -684 622 975]
[-938 -444 742 306 -440 618 -423 208 364 -35 -815 482 366 378 404 1219 -1095 -79 -135 -26 309 -618 694 1183 -1080 -89 1103 -645 47 -356 273 808 -30 428 -165 -218 -640 3 -667 -53 278 -416 -158 394 114 10 -240 667 888 -677 580 357 -531 20 761 -458 -1031 2030 -95 -850 -625 117 956 480 1426 -1751 -316 497 -323 -213 -325 -957 -5 -490 -658 537 -29 548 -370 127 -644 40 838 221 292 54 376 -252 -269 -1514 -485 -1273 318 -238 950 1291 -465 890 72 -1206 861 -221 87 634 82 -637 -550 1239 -1160 163 296 -253 -346 534 923 -392 -199 253 345 -1403 -878]
[-446 102 950 548 882 612 -888 275 49 513 -1426 153 210 497 -1470 493 -473 783 -361 629 452 704 -73 -384 -991 581 -201 85 44 275 -176 146 42 -797 -112 -1012 395 -650 -1306 -1062 69 -549 -900 -138 -784 -29 -276 -60 600 -515 389 -599 738 196 329 -765 -585 -617 446 -218 149 600 338 -1001 -141 466 -63 654 -1797 -226 -774 -38 836 157 75 1448 -503 -1405 -1520 246 -909 -780 25 -698 74 266 -564 -693 -271 -526 -972 -391 190 518 61 774 86 877 -106 -418 -472 191 414 42 -246 66 94 482 -32 -43 -796 -713 253 -93 1160 109 -314 400 450 146 1207]
[116 -466 816 7 533 400 833 -17 464 328 762 309 1133 -745 9 -892 -401 -855 -242 6 179 1248 -588 -433 299 209 -692 -137 -178 -37 -740 -1397 -772 19 1343 1299 896 359 180 435 -351 62 -983 202 63 -527 54 -759 397 303 147 -70 1487 -417 -95 163 -451 117 1 -285 113 904 -1248 98 -845 1488 -119 -374 -1051 -20 -131 1067 168 464 1002 285 -481 65 15 1165 251 -628 -1324 -668 -612 772 696 -314 1368 -321 735 -384 -667 -79 360 399 633 -605 -616 -190 -174 -377 -224 -1230 512 -334 -527 -401 -616 674 -213 33 1212 179 259 777 134 -391 90 296 1019]
[-117 6 1140 168 43 320 1031 -579 311 39 -167 -531 512 -225 -505 190 -868 209 17 -276 656 393 668 -151 730 -899 1080 379 186 -1187 140 153 -73 -457 784 136 -180 369 57 235 793 -299 -111 140 1065 -457 -764 -1366 -497 267 676 -377 -40 -193 -19 -146 -20 582 674 -957 129 7 -148 341 1121 -590 410 -246 -356 -168 -175 325 -147 -1020 -115 203 -409 -241 -666 -1041 252 741 -104 -811 -262 -319 -268 -306 192 -869 93 -905 918 474 377 -458 91 77 -734 907 -872 753 352 36 2 -885 -679 342 128 70 1013 1084 -199 602 470 -293 -555 689 -499 -956 -926]
[621 675 506 483 -150 189 715 124 -506 431 -190 57 531 -277 -570 374 -810 486 -147 -1002 629 -111 -309 26 829 -22 708 442 445 273 158 1059 -472 -333 399 889 -672 206 1395 187 1624 -393 -353 -674 795 -239 136 -67 -692 72 716 -996 844 -40 7 233 659 640 125 -635 1056 -593 -77 -52 968 499 -396 702 523 805 912 588 -515 46 -315 254 -529 -874 -795 -667 -51 121 -576 -90 -517 519 114 215 -1785 92 795 -1349 913 120 282 -183 125 -893 -883 -187 -925 297 -791 1329 570 -104 -739 604 -901 -242 50 766 -690 -373 -577 898 -465 1560 218 520 -872]
[535 732 589 536 43 -306 350 493 -854 257 -946 -467 -60 -545 1178 -963 -503 -292 520 -179 457 92 -30 -279 -136 -68 -1041 652 432 -33 -735 263 -1463 -68 -259 1330 -470 632 203 48 2772 -121 140 -585 -202 1468 -401 86 7 368 -546 -400 1475 -707 500 147 -14 605 -1270 -1297 422 -1521 -835 119 1077 -335 34 299 -1035 893 882 1509 599 -587 -1129 -555 -235 -753 572 68 -606 -77 383 -390 395 1973 -45 1028 -1808 1009 -32 -111 99 -1190 -666 523 709 -725 367 -51 1243 -995 -571 208 -147 -468 886 -12 325 -76 62 466 53 -112 -706 -852 -344 -74 272 -165 355]
[246 1174 437 -786 370 -198 -812 -63 227 639 -270 -986 -101 -274 -470 1131 -187 -971 176 616 225 -487 -864 540 -729 412 -886 1561 1151 -33 -832 -1014 753 -266 -777 71 456 -842 -450 -1629 979 -269 -279 -170 -995 -447 353 682 421 382 -21 927 -266 495 -152 -509 365 -731 107 540 97 548 368 -7 -60 249 -530 1177 381 -11 -129 938 -402 138 1020 808 -299 -184 -451 338 -3 -1019 -671 -471 -435 -995 -357 -332 -231 -204 -1535 584 -164 -1315 1311 572 57 609 -62 31 -473 -657 -1758 -539 722 -179 470 -710 -534 413 31 -309 528 341 873 388 -190 582 226 -708 -61]
[-22 -1044 52 6 302 302 -286 221 -613 134 139 209 -1565 712 412 -77 1404 -1138 -1445 -5 -379 -582 -456 -465 916 1416 -572 -523 -1547 280 222 -482 134 -810 -48 907 -48 249 66 76 -797 176 -571 919 -416 -179 -237 370 -33 742 -467 -262 -822 693 552 227 414 -446 -573 531 435 -802 -1329 786 -552 682 -741 621 2233 -1615 -47 -388 -1463 481 878 108 977 977 211 -449 388 154 756 609 -657 -85 -28 -204 333 1121 400 1013 -783 -790 416 -482 -294 -573 1331 106 269 359 94 -715 846 -140 1331 200 337 1426 66 -622 -1001 888 -1006 -266 -10 -1227 -405 -299 656]
[543 -1051 460 34 137 451 -160 -2 -248 -497 -735 477 -375 250 -215 -224 -475 1270 -557 -364 -333 326 1318 -1000 -592 -41 572 -949 -1275 -27 397 22 -232 -553 16 42 -428 451 395 1632 422 -712 395 587 -814 -565 772 1483 -350 178 -211 -238 441 -35 -114 -456 -696 94 -195 61 -293 96 -1508 778 -378 1321 14 -169 -600 -434 429 -967 63 696 -753 189 540 52 181 -261 -440 -803 -161 102 1048 1226 -436 -708 -760 640 1035 -1343 546 357 -511 -132 1218 -426 338 286 1306 1119 132 90 -188 11 267 -288 1150 -202 -39 -187 268 -414 -1014 -1004 -306 -200 -514 131 902]
[-1196 -1211 -420 552 121 795 398 -200 -753 -617 -383 -166 76 -661 -383 417 596 2 -1065 -372 421 -277 -853 582 -556 153 391 -123 44 -228 -754 1303 -179 -7 128 78 -707 -356 -247 -1347 -2 -195 -1112 270 1190 -25 -379 217 944 -1270 -149 -287 607 481 342 959 197 1087 382 -1188 -237 160 751 -1 185 -862 -221 1137 759 314 -1250 -1613 142 -766 -704 678 236 -530 -812 -330 -547 816 318 -1091 186 -294 55 -173 566 -1194 -483 -413 570 629 -246 1058 -427 368 681 456 190 35 373 -26 214 10 386 1157 -775 849 668 -835 -519 645 514 865 -141 344 -161 502 -2014]
[854 -113 989 -179 347 -1137 415 -269 283 -368 1529 1398 -248 260 351 713 -116 85 782 692 -149 -753 -460 -106 -707 -744 -165 -168 1032 691 58 -70 -261 487 -64 -606 -73 -40 39 -234 244 696 163 -53 500 5 260 505 -497 581 -1285 1038 -510 273 74 432 -906 264 -175 1289 -267 953 -683 34 228 136 726 642 -429 87 -335 821 222 208 326 -662 -286 -721 317 -950 -543 -868 900 1696 -310 -259 -791 354 -639 -627 229 -528 281 489 -428 563 1344 -281 1133 204 162 -139 34 -390 -380 175 1259 -180 -81 -966 340 -154 120 295 -110 -248 -1541 -687 -50 53 -206]
[-567 -803 236 74 -42 282 149 -757 607 -731 33 190 -173 -1162 -390 -235 -518 488 -568 46 -67 -17 870 -841 -390 704 -381 210 -723 -685 1021 603 -502 211 -683 481 -469 -1642 -345 -353 -1416 831 270 354 370 -651 -626 -453 528 -141 39 -759 -304 1565 1037 -738 -354 -690 1267 633 -531 -671 -201 383 -131 -623 473 -669 104 626 -682 -250 365 -493 -1567 90 1399 357 223 -149 313 585 123 -998 386 -360 1348 -614 39 712 667 21 -441 -381 -405 114 207 208 465 268 33 -276 618 1410 133 -195 -278 -714 -313 299 -1093 -32 -761 794 295 1346 -27 476 577 383 -129]
[802 -489 -608 -338 -713 -857 -1105 793 -581 47 -634 669 393 273 493 -187 -688 -88 -633 -936 76 -660 977 -608 332 -511 333 551 -7 127 659 379 -188 744 -581 1224 -412 -530 -544 415 1397 206 303 -600 523 287 285 649 509 -519 -757 906 395 -4 -208 102 36 412 -139 916 84 27 -408 1225 502 -369 -35 508 -779 1015 1408 -416 -211 -780 -695 115 678 1119 247 772 336 50 415 569 542 -243 -650 137 -1132 450 653 142 -324 753 76 961 775 -452 575 228 369 -375 -773 135 -851 -170 -312 -806 -798 -480 -315 -170 485 -798 -1155 -339 -976 -72 -167 462 -454]
[-102 -728 1015 1253 498 -273 -116 -567 -752 -706 -196 -443 -760 -285 -847 494 67 449 -658 116 -318 -236 476 274 -50 1096 693 107 -1281 -159 314 44 -13 -577 -142 1048 -310 124 -405 -585 -685 -372 400 637 -331 -365 48 -592 649 174 -561 -562 -402 618 1140 -107 -424 797 -103 232 -305 -804 -570 427 1339 -236 300 150 58 -794 836 -682 -252 -1074 -546 -297 357 175 -70 -397 879 -32 281 -198 881 -1017 -653 -947 188 873 -225 -697 117 289 114 -116 170 -1313 1249 -83 375 873 326 1381 -68 256 -87 72 395 367 -505 -64 -895 -681 -389 -421 580 -9 900 -586 530]
[-851 383 -817 1334 -368 -196 537 -238 -68 106 -17 -1514 -274 -305 1056 656 -159 -454 101 -46 -23 867 491 708 -869 282 -69 -293 554 -1820 -492 61 1088 -588 35 -195 -346 -334 -538 -689 -41 -950 -92 370 96 -351 -422 -566 261 805 90 -674 -162 -257 927 614 504 263 -501 1061 344 -1336 897 638 1032 -255 -58 -1049 563 -34 155 -487 -1074 224 417 539 -268 169 -374 -661 -168 -13 -56 197 522 -812 100 -226 413 -1525 711 -737 555 372 219 -731 1086 202 542 -817 879 -342 803 456 406 587 -595 192 -385 215 -142 -33 -63 -426 576 640 471 424 856 -523 -605]
[233 1251 -1651 -538 -921 -1136 -522 643 662 -207 -877 -98 204 -544 -209 546 -206 -9 1499 89 670 -58 44 -62 -1351 -82 308 -1571 -1020 28 -421 39 476 -402 802 -1292 -52 -664 -20 357 -866 -808 626 279 -702 -1093 671 -456 -653 -431 165 356 -639 -554 -285 1349 241 -26 -522 932 -365 756 -588 389 -872 1105 462 -794 302 -101 419 -235 -388 2312 912 213 8 221 53 -419 572 848 -474 986 546 -555 797 -85 267 -1161 1150 91 -323 686 -454 -340 -108 706 -359 -631 233 -9 80 423 -94 1198 62 -516 -258 112 -334 -317 89 232 -96 183 292 -276 -299 466 987]
[-313 1300 471 756 1604 1601 396 -997 -540 10 409 -179 -309 -977 -655 -750 34 1080 993 417 445 360 -830 -94 1208 202 -615 490 -140 -214 17 185 659 -1344 -355 -258 -824 295 -403 -768 522 -516 -189 755 -1408 -309 942 -1681 -1044 -518 846 -1328 83 -805 27 449 736 217 -620 -1034 35 -380 540 11 294 1233 252 -330 -547 511 -854 533 -7 -171 178 66 -539 -806 -686 -23 256 522 140 -377 -781 -48 -146 157 -659 914 -582 -387 98 289 1093 -760 973 -688 -1400 225 -895 507 -392 315 245 447 717 -300 456 398 -549 -554 -409 -495 261 376 215 153 55 637 417]
[814 -235 1271 847 593 -52 1334 -168 1410 -184 199 -45 -565 -471 -227 -405 149 -200 -694 -662 546 1754 1922 -552 214 -159 207 389 -491 -1437 -156 -465 -105 -24 884 -830 300 -309 854 -35 213 245 -598 886 -84 -1018 -782 -688 1499 339 792 112 968 131 644 -1236 -336 -340 1309 -584 -81 -473 -439 -1402 1068 -699 -101 -982 -1603 -584 -796 599 1127 -1144 -435 253 -597 -844 737 -675 -153 -1893 -61 -908 754 1739 76 125 564 -1099 -135 -65 207 -1004 594 -486 171 109 -366 -312 780 -241 727 -765 64 -382 -199 340 -779 -678 87 786 1643 808 1061 515 340 -73 250 -622 962]
[-142 716 933 -685 1792 1076 -149 -535 585 675 -495 -301 -447 34 323 -85 -455 750 -1418 735 -265 -80 459 -178 304 141 454 387 -479 251 853 -929 -760 -1208 -758 61 -55 282 205 716 504 168 -142 546 68 -317 869 -161 -221 699 -625 167 -505 178 407 -1539 512 218 -309 -166 -34 -469 -66 -118 -215 359 680 -611 -460 -549 50 538 571 -643 -280 792 622 654 374 -51 464 167 208 -912 750 -312 -1020 -882 -233 971 -660 -1506 1299 143 1052 -1025 -146 -947 -275 783 181 1016 309 220 414 -382 375 -929 681 -91 13 596 253 -1061 -462 -1258 -212 716 -325 -607 -204]
[370 195 -1328 936 -733 214 -283 -511 -236 -174 258 -815 -474 -254 -1322 1026 128 746 612 801 -899 247 446 27 -1310 -496 -488 -998 487 -268 -838 499 583 20 -254 -78 -182 -634 -970 178 -1230 -47 370 -500 -608 46 -108 -580 -763 -1474 322 -962 -288 -64 57 -397 -245 -517 -779 1021 -241 -489 469 268 214 -910 473 -786 982 -358 411 -721 530 1107 1091 -430 239 -1056 -745 161 -34 472 -536 154 695 -437 331 -35 811 -1265 1020 1583 792 370 -1049 11 -770 927 276 -1709 1688 -135 2771 -131 9 -437 70 -66 -272 -294 253 85 -608 -508 384 758 1316 -1355 1207 461 1057]
[-465 378 139 288 -1183 -42 638 -991 -526 317 -558 537 427 -376 161 -1686 -406 695 -191 -725 203 -662 -283 50 -728 -259 1451 368 -743 -88 797 752 -314 594 -101 542 -1102 -689 906 -581 332 -219 1046 390 224 -281 490 -871 -185 601 -370 -58 -188 253 537 924 -558 -175 703 284 -665 -23 -1043 1668 831 -877 493 92 163 -539 -389 -233 -195 -973 -584 -759 432 -128 300 -29 18 202 732 101 281 600 1218 391 -926 98 -48 531 -296 143 -85 -605 1435 -1878 189 1181 726 949 -107 1536 -351 341 614 -162 584 -543 462 -428 -732 -1107 -828 333 -1055 -260 -160 -849 -1145]
[1114 -219 -395 -700 -369 -325 -17 -256 645 -974 703 -398 -860 -350 535 259 652 -1280 -1030 -797 1082 -212 981 83 1923 19 -587 6 -1282 -339 -405 204 417 834 -510 -551 -351 -95 167 222 222 -577 -648 -797 -1477 127 597 599 -154 -50 -1060 867 324 -66 -277 190 208 425 -475 823 -47 -586 347 -273 1 110 -465 -360 15 -204 -318 -456 -783 -542 -59 -664 -203 -432 1488 -479 819 107 736 -21 -453 -120 532 -292 134 -44 1988 -469 -20 -49 -25 1012 494 249 501 300 421 -469 -53 268 153 562 -108 -268 -273 675 123 139 1192 93 -35 -87 -473 -141 179 138 -118]
[258 -517 637 610 436 643 -59 -13 -291 -180 314 1100 -229 722 -1270 224 397 175 117 -348 -417 -457 276 -1166 397 734 -759 155 -232 55 829 236 -119 -168 -187 831 473 -331 308 310 237 512 -370 562 329 -367 -372 -382 383 -691 533 -526 613 469 -127 -685 609 -873 668 -420 842 -445 -1238 -996 -552 372 -349 225 315 315 535 709 -6 -233 -611 -194 537 -107 -43 41 157 -738 457 -49 -717 1998 72 813 -428 1201 -529 1009 -1005 -1282 315 389 -558 -193 274 -711 -930 -695 210 -567 77 -191 -233 -360 -753 -66 -547 292 -342 723 535 443 1080 -593 767 343 2032]
[-5 -297 -963 -243 -1235 -1021 -410 -726 482 -502 1153 890 233 -670 566 -709 385 -66 977 -201 2 297 -604 -96 -586 -244 917 -1175 -712 240 805 864 -276 807 692 -477 -484 -725 18 1326 -1191 339 284 370 693 -1127 757 225 -445 -332 541 672 -1009 110 -73 -587 -1045 -76 -555 133 -353 438 -971 -500 -849 -538 523 -358 738 -272 -692 -1152 -182 663 180 -1148 1120 904 159 199 -99 2019 18 1421 -52 -399 1436 22 197 -323 1065 130 -474 415 -898 -486 223 -156 -412 239 946 172 1055 -37 -452 306 169 485 208 -315 797 -638 -545 524 -934 -140 -246 -941 -753 991 -700]
[122 -238 330 -514 -441 -139 -349 -468 -489 -83 -1049 -803 -565 -673 188 308 -947 547 354 815 -628 51 344 -1039 221 -42 -335 1184 48 329 -321 769 -664 276 -1509 121 -121 -631 -191 150 939 156 -177 -519 591 315 280 1349 95 -242 -914 667 371 505 -365 -655 717 -538 195 1138 -301 -348 355 302 -585 448 155 640 -102 317 114 1106 142 -1014 -650 434 680 201 331 -246 -438 439 -20 -203 416 147 -1129 -397 -975 810 -1412 -722 -35 395 -1245 -450 -116 48 478 -160 100 487 351 4 -489 -1216 446 -719 979 -339 -601 695 -581 -1149 -1048 -599 33 -73 747 166 -996]
[936 545 -1425 -1376 -676 -630 -137 988 555 -1313 481 -481 264 280 -138 -360 -296 -478 -567 -843 864 -475 -174 -138 232 382 256 -760 382 298 -99 -23 -257 604 1155 865 714 -266 168 1274 202 -675 1433 294 -542 -198 -627 1109 -770 -270 288 -96 562 -941 -111 -106 217 567 -512 -1471 399 7 -440 -259 -143 -615 95 -507 468 700 147 -1230 139 -176 -146 -810 143 885 622 290 131 62 -175 128 -346 -233 1526 -403 344 -140 980 -133 465 -63 319 98 -434 26 -247 52 306 -719 -552 -453 -96 -485 -1534 -830 222 604 414 848 205 288 -840 585 410 854 -1187 384 -179]
[-379 892 994 1139 -108 158 -56 -809 24 -806 1658 -458 -72 -1125 -232 1861 -297 -1536 717 -1161 88 253 435 271 -680 1804 765 -297 629 -211 4 539 -335 -337 177 600 210 -456 498 -1601 -695 480 -310 107 -740 -436 -191 106 -213 -374 340 -168 -16 550 -101 -734 -158 195 17 -298 333 -1207 376 -1155 -153 -273 -703 -673 804 122 -1449 262 947 -120 117 -63 -771 -1278 349 -1156 -388 -325 146 253 27 -268 315 -1042 -135 -693 7 -12 43 -381 853 939 -837 974 -548 -507 18 -86 130 -254 203 932 -83 23 -994 -293 381 1210 510 434 1715 925 492 -371 -140 -790 -1004]
[-1098 1067 -337 111 470 505 -1198 156 460 413 -431 -328 879 357 -1636 -107 -611 154 -660 772 -748 744 65 -366 -1049 1121 1176 -217 -997 186 669 304 551 -742 320 355 985 -387 -236 577 -824 -437 -115 811 354 -1572 765 1047 155 -312 -182 -890 124 191 536 -455 -249 -285 951 164 485 -173 67 -1007 -1245 -249 -466 130 -408 -1049 -204 -264 -19 320 912 656 -555 494 -513 -303 -131 131 -319 -164 -195 -193 363 -1094 697 375 142 319 7 99 733 -203 -305 67 -1155 -334 -601 758 -974 -125 525 710 -647 -96 37 865 -509 -220 72 -606 832 -343 1609 328 -218 -565 1374]
[40 -793 357 219 443 647 490 -230 1226 370 611 1652 604 -169 520 304 -602 -426 -207 -1102 -382 459 607 317 560 -40 -569 -280 -437 -350 579 457 -1258 942 -1216 229 83 -239 252 105 -350 1108 -751 -880 662 655 165 769 1172 -297 1206 -174 -195 204 -944 123 5 -297 1594 -139 -354 412 686 316 -1133 -696 -979 -319 -663 571 -462 -918 296 1102 -447 1162 280 746 1033 691 1075 -64 -676 -308 988 561 174 -554 -509 -48 628 1042 -1205 -708 -377 557 -230 1227 -1054 -910 257 172 110 -313 -839 183 -1109 766 -1286 -578 -431 160 948 1030 -345 1222 -457 -598 -614 286 235]
[-610 333 -215 900 -82 151 1067 -1364 -763 420 218 -177 528 -685 379 -279 67 -707 763 -540 985 -855 -859 34 147 -33 730 -528 -568 -265 -651 654 -337 -781 519 -505 -935 948 1616 -209 -145 729 -665 89 -122 13 1 -772 -680 -492 -11 -859 -254 -793 724 2336 445 515 688 -511 -942 -410 -65 511 -597 333 255 -617 686 530 -776 -225 -353 503 158 678 150 -31 731 -194 361 453 227 -495 -482 717 556 677 1132 861 490 -303 -1123 5 236 -383 -46 -658 54 955 -830 119 -1475 -99 678 527 -459 370 -104 1231 234 155 -299 -22 496 -1020 359 -92 -778 -780 -1307]
[-529 378 497 80 -883 -529 85 516 299 792 299 39 112 -623 1776 259 -456 -1387 371 -7 -708 141 -582 1533 -529 683 -711 -1281 632 32 -793 13 320 -150 1024 332 167 -342 -86 -592 -621 -949 475 -529 -330 1272 -274 -99 875 1653 129 25 -25 421 -63 -991 -1034 -331 -1200 42 225 667 68 -249 186 -546 -8 -251 -162 25 352 -807 1182 1428 503 -198 -82 -117 86 993 -979 -84 -786 -4 773 -134 317 20 -650 -696 965 -857 -278 455 -624 502 603 -3 357 233 229 -410 -14 135 -23 633 -484 42 -464 -25 -160 -2 1478 -290 191 -363 138 -193 -278 -621 455]
[230 -344 1091 -35 802 -86 -1232 282 149 -475 -301 -227 531 -511 351 725 -516 -1151 -176 -4 -283 -705 825 441 725 904 -681 -1050 326 238 -682 -618 781 172 438 739 -484 -207 -1036 377 -322 657 -335 193 11 -111 -547 -137 1446 -1152 -889 501 -78 958 99 -1075 -29 930 -1467 -66 62 -269 1097 792 1228 5 727 553 163 612 -84 -433 554 -611 -623 36 463 499 -510 1101 -75 -50 696 74 -474 -539 397 -880 249 -215 -366 -150 803 -94 434 178 -406 -282 935 -741 -819 -817 -355 -984 565 -207 74 -304 -1929 992 -1835 -615 63 -586 550 -192 625 937 566 160 798]
[-297 -893 -476 430 82 321 -859 168 279 -275 -243 429 -1105 -602 -296 1091 -1251 720 347 596 -838 844 197 262 -381 24 -134 444 567 398 183 306 535 474 323 -615 171 -570 -719 -796 -895 73 366 -917 635 438 -310 102 657 -206 -430 110 -157 1406 -208 -1366 -78 -1444 231 787 888 -251 641 -593 877 -398 -212 698 -143 346 74 -1057 47 865 -269 -416 173 -598 -712 -38 100 156 -325 -357 -32 -607 38 -605 -1044 -1486 -53 1046 464 89 -879 -257 -194 783 195 -1477 -740 -24 25 1127 -308 -856 350 845 -634 -1159 -1110 -772 -644 441 -219 139 -960 238 899 -440 351]
[-381 -223 -418 273 1068 -269 406 64 -34 374 1333 960 -21 761 -153 -1290 482 166 -63 -194 -1456 300 48 -798 155 19 374 24 -105 679 1533 -155 -253 -553 -615 98 145 742 158 536 -468 490 114 668 1276 -489 871 172 55 125 -807 -36 -376 71 -53 580 -572 857 -73 -155 837 -276 329 554 -76 -442 219 278 30 -491 686 870 -1359 310 187 -625 498 217 -470 213 -340 94 675 640 -655 -941 -60 433 -67 1280 -743 556 369 -219 -83 -812 1269 -1891 229 -515 -397 90 533 221 -31 -13 124 1099 -364 -227 202 448 -341 -414 -1249 -621 -238 281 -187 -147 284]
[-521 -618 408 -182 463 148 496 166 769 -277 328 -91 434 1009 -1075 753 -416 535 -752 -729 262 -509 -529 1068 -515 -824 816 -114 122 -416 -182 -382 -188 -73 1437 -228 192 -65 160 307 -481 343 -56 -679 457 -1125 -472 66 597 642 389 -120 -90 651 -23 -921 -321 -278 950 -236 430 1178 190 -542 -418 -331 -927 567 -335 353 871 -62 -768 -110 433 97 72 787 -544 -42 -122 143 -1161 -891 -243 -940 121 -464 357 -164 313 -164 -416 -503 -129 -24 -450 652 -506 707 -138 -289 -608 58 130 933 -2118 83 -656 -273 1306 -273 951 1189 570 613 1265 967 -456 25 -220]
[8 -157 109 1375 295 533 113 -21 1104 275 191 74 -507 -297 -1132 828 240 822 -739 -199 -259 -80 -535 444 -1014 -140 81 520 67 -905 -297 -577 -245 -690 -331 491 -110 -1053 -604 -1847 -1750 969 -464 -272 -236 -289 17 -983 271 488 91 -585 -922 461 450 493 -243 -625 947 1427 -845 136 285 -256 -656 614 -211 -803 -89 11 -496 -61 1075 186 1108 663 -190 701 555 -188 162 -541 -931 -940 822 -706 -815 -850 746 -309 193 1073 -1266 260 13 -280 -540 355 8 273 -123 218 336 554 -98 320 -138 149 -614 -336 -44 -598 478 516 1022 157 50 -1803 -102 -183 171]
[-574 37 805 -627 446 -362 -864 204 432 -458 -999 -322 285 267 1444 6 -648 -2059 -466 197 -1342 930 53 496 814 361 -888 -759 -411 -84 -793 -117 -519 274 429 125 736 692 -402 178 306 -1050 -634 -302 -200 1422 -1000 729 683 579 -1057 1042 -170 602 -407 -654 122 -514 -600 181 677 657 -9 -698 -734 -1021 -785 282 -512 -908 -243 233 -251 776 550 1186 -184 578 -64 237 674 -22 -428 87 293 140 111 -883 510 -550 -434 359 -637 -585 -550 349 -666 731 658 -994 884 -724 1278 -1679 -68 356 -43 130 137 824 376 372 893 747 -317 -347 437 -663 -21 -688 1319]
[125 54 -304 70 114 671 -482 858 239 -196 313 180 -1152 542 -811 801 -446 93 -463 1045 -1184 -1124 1315 -332 8 -328 309 -771 67 -281 631 606 368 -335 -450 65 -113 -990 -194 84 -929 963 1176 89 -48 -583 -104 -71 110 -708 762 -498 -514 300 692 -677 -18 82 -105 -314 -556 -514 1156 868 1313 -1396 197 181 98 394 -26 -781 740 -336 -674 -124 741 763 -784 363 -217 1408 499 -51 439 -1343 71 104 422 2 700 1099 832 459 440 -381 -351 571 131 -590 -619 -184 415 -290 73 -488 209 -493 -897 -533 149 521 -160 -495 657 425 697 245 11 -952 -1044]
[662 -1227 -36 -94 -819 -1050 -462 -46 -539 -1133 933 280 -723 -84 539 1464 -4 35 1238 -56 590 7 -551 1595 -209 -199 -258 -1 1564 251 -757 -226 1313 1040 451 -338 -388 -212 -77 -930 -198 85 -437 -1355 631 834 128 1584 113 660 -149 1240 -83 686 -102 612 -819 -503 -68 1155 101 617 465 -157 218 574 -211 779 -103 863 134 -721 12 509 -2 -172 -145 -435 -1077 -764 -436 -742 -495 1337 99 -745 -391 191 -765 -502 229 -541 38 229 -351 340 1075 638 826 -248 -763 -748 -1361 780 -70 1443 -230 771 -233 -960 -150 -312 679 142 324 164 -134 972 -436 24 -2338]
[832 -378 -591 -782 336 -701 -695 -200 -153 59 -905 -405 -199 670 -386 -91 92 -314 -292 45 1297 -715 672 -649 139 -12 -223 -12 9 673 -57 -1180 -301 -262 -480 656 -83 670 545 37 757 154 54 -240 -94 101 -3 812 -666 -176 -927 233 342 -52 350 -304 11 1051 -828 -257 1009 779 89 494 26 694 -131 191 205 810 536 -77 -1049 1131 -958 -716 1075 290 75 31 188 -1225 916 -549 -342 80 -81 575 248 615 268 -107 -72 -750 -248 102 151 -1204 779 11 -309 -1012 -661 366 424 -897 -193 260 -236 980 -479 202 -201 736 -205 6 21 380 781 705 581]
[-964 538 -817 529 -576 405 1116 115 -1253 134 1488 -453 205 -354 -708 301 1125 450 28 617 -214 224 -1800 -1194 87 869 776 -688 -1074 559 600 2367 289 123 -387 -306 408 -469 -235 -888 -295 -124 863 -129 784 -963 1070 -204 -214 4 557 -206 -27 -106 -943 886 812 -777 -305 -24 645 -496 438 -145 -432 198 -64 -102 1311 157 -954 -813 -893 -358 311 14 -362 -899 62 -653 494 1700 -601 141 -448 -239 345 90 -556 338 723 -343 168 561 139 -179 763 156 -506 807 -505 134 808 564 -496 669 491 -323 -103 -524 -353 492 -1017 -377 469 470 924 -237 105 495 -1338]
[-1307 -52 34 -1234 -968 -623 -776 1047 436 566 -312 54 444 497 742 -260 -266 -388 1109 1006 -1057 -335 -565 513 -1069 145 -13 -236 175 382 570 344 -193 955 -388 551 -360 -820 -715 1516 -654 1200 966 -173 1005 -16 79 1407 1111 291 64 -359 -771 206 -448 -668 -998 -648 597 -30 -302 -66 38 617 39 -1149 494 -349 144 -110 50 -625 394 777 -263 -526 124 920 1030 741 272 569 -448 620 966 -409 992 141 422 -28 370 477 -998 -878 470 329 -734 523 -394 951 292 44 -510 -116 -436 -305 327 -1550 328 -349 -657 98 558 357 -616 1002 395 598 -200 48 444]
[-346 301 23 -957 -73 1262 4 -679 155 -136 -653 177 -523 553 -824 334 1050 -430 86 987 -1076 -199 46 1931 790 1255 -200 175 -374 -983 -479 -15 513 -544 -1503 -241 -82 -622 613 -32 -461 -900 -625 -214 -135 328 869 -705 -374 314 -663 -426 -27 -678 77 -240 80 624 -452 458 -895 404 1089 80 -1119 132 -1046 -26 955 -1515 -655 -625 307 630 538 -571 -1026 790 -28 651 -111 508 691 540 -234 -497 898 -145 1344 3 -208 786 -9 1079 -93 -98 -973 858 321 -973 1406 913 1274 -1780 -234 1224 -126 -310 231 614 339 -651 -232 -1023 438 -213 1035 -574 424 -970 -369]
[-26 251 130 616 -171 204 -554 -526 775 33 -689 226 192 -400 -638 -902 -814 514 394 -620 127 35 697 -680 -1395 622 -146 -254 -436 206 651 -1960 -45 -1055 1034 -129 -78 529 -655 -429 -1215 593 -9 981 157 529 -496 -597 1487 -857 570 -446 111 747 305 -748 -837 -332 587 154 -500 305 -1225 220 1335 -705 1055 772 -987 436 85 -276 596 -167 -343 -370 118 390 -799 -472 159 -468 302 -100 185 95 -497 35 556 -120 -188 919 415 15 1177 -278 -674 -61 -194 520 -919 -162 -682 573 159 -164 347 -357 -3 -469 -838 -1250 -132 832 1370 -720 1173 109 728 -1006 1633]
[393 -613 445 88 -873 -804 593 -688 247 -1060 1531 741 155 -652 824 -127 576 -364 1173 -259 -433 130 -440 496 -95 77 -149 -781 -279 -502 -1109 479 -663 489 912 492 -333 -911 -409 1331 -645 -713 532 284 -14 -263 -400 -120 1034 936 492 431 673 311 -649 -417 -403 64 -240 10 -1032 200 -1038 -796 -469 385 171 -37 -55 64 -398 -515 121 179 -34 -1076 -199 342 335 447 10 33 -301 411 359 -285 481 -97 328 234 1225 367 -465 675 -728 747 385 271 244 527 1402 201 1159 -806 -418 1066 -270 -409 -154 -308 349 -720 449 768 -432 -5 346 -801 -461 857 -307]
[-149 647 -969 -6 -1462 -625 -54 -142 -886 -197 570 -478 528 1003 -701 -380 -121 298 -198 -498 1311 -681 151 -183 -825 -580 1509 -205 356 281 738 476 -135 52 1097 -51 -405 -88 -510 1048 3 -105 1277 34 149 -443 -339 86 210 -56 410 309 78 -148 403 -861 154 -332 373 -519 -791 211 -255 -1479 -291 91 381 -251 214 244 560 -198 242 -663 -742 -1095 -42 566 465 659 -152 -601 490 295 110 -493 -248 657 330 1192 -714 -676 -305 -19 278 -11 -835 -646 109 1096 -564 149 -475 640 376 -21 -1031 195 1757 -283 983 652 38 -737 -751 -167 -431 57 -101 -245 -1195]
[-593 -379 562 -158 932 519 -704 357 144 664 414 317 432 319 617 -596 -615 -365 5 504 125 814 64 1058 1537 -724 102 200 1121 521 493 -824 175 -57 -191 -1319 -123 768 -553 -449 1079 562 -626 -205 1108 709 53 -435 -176 780 -721 -618 -591 125 -167 -558 441 -178 -46 -362 972 462 1952 189 1941 -668 281 532 -358 197 -366 177 -776 -995 251 -173 -224 -267 458 -115 864 116 591 544 -1264 -1090 -564 -41 -57 -383 -270 -941 909 174 1126 -964 743 -5 -619 894 -1069 -456 -734 487 229 349 -246 -269 -75 88 -5 459 519 -412 507 15 -975 1721 -559 -740 -816]
[353 982 -341 -787 -30 -344 515 552 177 -489 843 591 408 -82 -40 -1307 -557 -1144 -286 -77 -573 -89 -1087 -323 1019 -64 -439 994 1171 1868 -287 -1342 -616 -165 425 -552 796 584 3 -318 6 1163 773 -738 581 1075 -406 -710 187 4 -741 788 250 -164 -841 517 591 -930 539 145 870 628 642 -190 435 -703 -214 468 -124 32 509 1333 -152 -140 520 -522 -565 13 -30 649 50 -692 -497 685 -1234 -638 144 236 -779 -640 -206 979 -569 -485 -460 -142 -502 -204 -935 15 -827 -445 -495 -398 -788 -5 -508 -968 -620 -877 579 465 101 174 -652 204 -344 715 338 -362 573]
[-1448 -128 246 -54 84 805 350 149 789 370 -1517 -529 81 11 1153 -208 -300 937 -320 101 -68 180 478 1094 -422 519 424 982 -448 -768 56 47 956 -652 -1155 -1206 -476 -286 156 -767 173 -685 -510 -1386 -36 868 294 1212 945 97 -1091 478 -750 653 26 -420 -723 -139 1121 1548 -682 -123 843 422 -308 -668 -658 -1027 -479 -1362 853 483 -1019 256 499 516 -976 -146 -375 208 -869 -304 -705 161 101 -154 677 -395 -361 58 -1082 996 272 -73 -94 542 260 1112 -85 -1197 26 364 -331 217 -511 833 -396 247 58 -177 -106 -1017 1026 -17 760 -512 -359 1878 114 -294 201]
[-156 -122 111 199 -151 201 596 25 528 310 -1526 627 1089 -153 -940 -296 -143 435 871 -78 338 952 34 586 -310 -490 -226 1417 714 -967 -338 -1495 638 -388 -61 -334 -2 258 -466 341 842 -1763 -665 -1662 290 729 8 -591 381 -258 575 1364 1276 -635 -281 620 51 586 781 -626 -410 1034 -508 -1005 -364 630 175 -481 -1876 -170 288 -204 1017 430 -692 719 -1424 -48 793 404 64 -790 -659 -704 611 733 -147 -475 -503 -299 -553 -1148 857 577 720 838 -95 346 -50 -694 -960 619 -97 545 -513 55 -616 -144 806 -754 42 -254 565 -226 1144 135 -131 1150 1230 601 9]
[289 -552 1300 906 494 -229 -321 -245 1064 -290 -918 -637 -269 -759 947 2174 -1335 626 665 -393 945 741 850 -374 -181 532 -167 -476 -465 -235 -1109 170 -19 -521 740 -690 -453 -766 218 -240 9 307 -1438 515 -7 -126 -1137 567 361 -136 250 -325 -33 708 385 -856 -76 516 -286 -286 -214 -571 -493 -615 611 567 207 -303 243 375 -484 491 -82 572 -860 129 -62 -881 -658 -1080 -606 -918 -698 -703 63 470 -1054 68 509 -476 -145 -682 77 -253 -311 234 -435 1085 -212 -542 -392 -623 -395 673 1017 -322 914 1386 -627 788 -840 -43 381 1284 788 -40 -492 -139 462 814 546]
]
