5396.135654 2920.968886 1.028943335 66
[[-778 41 -41 487 -909 96 -565 183 -538 586 681 -517 210 255 172 162 -298 332 -586 285 600 -957 -580 -122 -438 322 -648 -1222 -468 618 1232 -72 648 378 707 110 377 632 -326 101 836 -691 -324 612 467 -179 572 504 239 726 -472 123 -54 -589 441 -181 -865 549 -124 62 -450 334 -387 279 177 910 -390 162 239 -122 -620 1333 229 612 481 -202 -344 -236 59 468 346 -198 -267 236 104 1 735 -252 684 -16 451 -144 763 -979 -251 397 -453 -230 -305 717 44 523 -265 113 276 260 -620 258 84 -251 -250 142 -922 212 93 -552 514 -757 47 51 3]
[-149 -875 1114 769 574 306 672 304 -314 -547 -315 256 -884 239 829 -1047 -181 390 -68 317 -535 -79 -508 -122 62 -361 -328 444 20 -699 -183 828 -376 -321 -230 -794 -371 -101 83 -50 -192 296 -899 -13 -362 -460 714 378 -150 -188 218 -112 -70 -425 -800 256 -309 -203 251 -185 470 -790 544 -476 538 -569 -111 -88 340 -226 -157 -18 850 -439 -921 -312 -898 -1030 535 -270 996 -835 707 391 342 627 -175 -242 50 -111 -450 509 197 28 -63 -382 84 324 -233 910 -84 326 723 -405 1103 -603 937 -393 92 -599 -945 -97 -91 -24 914 -370 -690 -596 694 -506 313]
[-743 91 75 996 573 224 -179 597 -418 -20 380 -317 -57 -161 1337 -216 319 553 41 -154 253 463 384 -69 -262 144 -348 -56 520 -1180 46 986 16 141 638 -1546 700 250 342 662 57 -397 -457 583 431 166 275 5 -310 49 566 644 -191 542 -449 326 578 73 451 -1107 -162 73 -217 -145 288 -80 -1299 878 -984 -220 60 1261 -497 326 156 432 -1011 -678 86 -817 -182 -439 -474 324 -426 790 119 486 -345 76 -420 658 -430 269 220 415 -260 -609 473 1158 159 86 1506 -287 340 465 145 -25 455 -738 -10 -326 -578 133 171 -540 -132 -98 237 -14 -11]
[-350 393 -451 726 -65 -381 -378 655 -8 -655 -303 -536 50 556 700 175 215 424 471 -212 183 702 697 -48 -360 195 -516 -335 1077 -980 595 343 180 -374 648 -39 -337 352 907 -288 -551 -1014 -822 412 49 -637 -1804 -294 -307 95 822 -152 -564 352 -669 -782 539 53 196 700 155 -230 170 -192 519 536 88 686 -463 -229 -336 1098 -426 141 476 -60 -465 -390 40 617 633 -290 25 779 -896 486 -50 112 -220 532 982 183 -533 262 163 -66 -630 -712 350 1070 -676 -14 30 171 -148 477 244 388 697 -702 480 206 -352 -262 10 424 -349 8 -335 313 71]
[-105 -108 -171 -546 -312 -811 -96 -241 -674 -71 -120 402 -413 52 -339 191 -431 -402 -634 220 -187 -7 -464 -92 186 -782 261 -482 -1108 16 104 -375 -176 5 -1876 313 -670 386 42 -682 815 -207 640 -403 -556 1429 1060 -100 -278 287 -734 -240 384 -199 250 921 -938 95 304 373 -382 -548 952 391 213 -111 230 -917 812 44 325 -959 71 -254 -340 811 706 47 184 -446 546 133 313 -256 -161 -198 666 -911 25 -702 -943 -304 1267 -165 -409 -445 256 1032 293 201 201 266 -86 322 325 -254 348 -530 433 587 -560 -422 665 -195 -766 -176 493 -513 426 343 -519]
[189 -181 618 1170 443 1416 -12 816 -396 295 -192 393 8 383 172 -269 178 364 -737 226 135 -412 -611 -337 73 458 -302 -403 -380 783 773 -169 -233 367 193 -410 1003 97 -1264 1287 450 270 10 467 469 -424 603 420 -924 298 717 1227 450 86 -17 -524 827 738 -756 -925 -101 182 336 557 -755 27 -871 -131 359 -220 112 865 -826 -32 235 508 -778 397 420 -122 135 -470 190 -190 622 -587 757 1265 884 -493 -204 -362 -496 -428 263 -95 -540 -907 -1033 533 -98 799 -288 -452 229 -681 -599 598 -154 -893 -345 48 -1715 80 -534 -283 333 -683 -145 -576 -414]
[521 212 285 -240 -377 -58 1130 189 -159 -235 134 -586 -793 1286 -448 -549 255 268 -211 331 -239 280 -1505 -46 -10 276 -969 -294 -386 -262 832 -728 29 569 -927 52 -180 -229 -376 252 64 -624 9 -623 -325 -55 -457 373 -1187 -95 617 -12 159 -1130 -43 -252 65 421 -1204 1974 -610 -285 1132 -552 139 -756 -174 -768 1417 758 346 -139 -95 -1173 -726 -491 120 879 63 453 1338 -663 833 318 -79 86 -318 295 668 -893 649 -525 632 -299 224 -410 428 -38 -490 977 -1130 -86 -736 -478 629 -750 -42 -638 1167 -663 -903 600 230 -985 -744 150 -564 -866 -21 182 -237]
[312 -347 517 -334 381 -130 -124 56 13 -411 -243 858 -974 -476 588 252 -1047 276 -205 -451 -357 122 205 445 -39 -260 403 353 34 -8 -6 195 -56 678 -1181 -522 -599 -33 218 -777 -852 153 -453 500 -899 83 461 -411 484 807 -458 -991 -495 616 -969 272 -1036 -1044 784 -570 483 -791 957 -129 -19 78 851 -1132 356 -970 -141 -481 418 1030 -12 564 52 -616 -342 -801 -757 286 876 66 -143 -683 31 -581 -362 -552 -680 31 309 779 -1007 -294 -457 -127 2 -254 167 -151 722 -111 -49 -886 680 -775 71 813 -712 -809 -440 378 27 69 -317 446 -465 -606 462]
[-311 -165 244 542 -76 694 145 1154 201 -143 -311 -105 399 -305 446 -9 -667 706 -553 -594 451 -695 -169 -244 -671 377 -254 -424 190 856 594 -901 32 177 -154 363 296 288 -996 34 -553 -606 -286 974 184 -1160 -54 -624 373 997 -375 198 45 869 319 -567 -147 366 633 -792 -109 -268 63 506 -115 701 -392 -927 -140 -251 -1495 -318 -787 1359 350 925 -694 199 -544 -1049 185 339 1277 888 -183 -77 351 143 900 -343 -167 170 -249 -979 -465 -689 -1082 -1093 -943 48 48 -102 -9 282 12 -161 -411 827 332 -559 -146 9 -641 366 -149 -174 -11 -53 -445 -962 -644]
[-70 760 -604 149 254 -703 -736 -277 -275 -103 135 -402 -495 243 -327 445 414 191 1070 271 466 310 1882 401 -85 260 405 -971 78 -1337 -397 266 436 -1001 887 970 -609 354 350 -278 734 280 11 -113 589 459 -224 478 -550 -222 26 -355 -455 515 88 -95 -716 -475 -21 -561 -562 448 704 646 48 354 124 970 -250 -367 9 1302 703 -192 1181 954 794 -263 -65 736 -340 -310 -1199 -22 -1004 -543 452 -102 -345 820 -228 -51 8 113 -187 661 -866 194 712 -340 777 466 47 23 -792 975 -253 528 -316 -93 782 26 -187 -692 405 755 73 105 -31 304 -161]
[919 -413 342 42 629 217 589 889 677 -1436 -515 -320 451 326 1294 -590 259 26 57 -401 541 388 -1024 -351 -275 -755 -515 2108 919 -113 -343 -427 -408 -600 39 263 -635 -475 794 -298 -1302 -112 -592 622 83 -357 -759 -905 -337 -302 386 -212 352 -306 -408 79 916 -42 -45 293 -240 -575 -1224 170 112 -536 84 515 -60 817 332 -345 20 -840 -217 -588 -812 129 678 -399 1116 -512 1342 518 -357 1066 -996 317 272 427 104 1082 -752 -199 505 -590 46 133 284 486 -875 -1014 -260 401 355 475 812 677 418 -293 61 -452 518 -248 -36 805 -490 629 -20 -90 323]
[-54 371 -111 423 -138 -167 -377 -45 -1915 896 -29 -513 -499 880 1339 225 -657 949 -696 456 -489 -283 -1275 -32 -296 -162 -993 -352 -141 -453 1403 1135 19 1294 -908 -1866 283 -460 770 876 -113 -1184 -386 -161 -591 681 -199 -153 -168 152 601 238 -768 -999 -959 -81 274 597 -912 478 872 -471 1234 -721 36 -70 -344 -910 -279 209 -401 678 105 -652 228 -608 -759 -570 508 158 567 -772 -359 833 -284 98 774 -100 -798 -284 365 -549 478 145 -408 911 -344 -491 -155 1996 -538 -112 -204 -56 671 -438 511 -291 324 -426 -603 401 -790 -321 -7 -485 -106 -714 266 506 599]
[-291 -815 741 -146 31 232 -634 582 978 -777 139 840 766 -268 85 50 -167 -208 268 -392 -469 489 -486 -912 -434 -136 -209 710 107 1786 83 788 38 -559 -756 461 -119 -328 55 -92 -134 101 -650 658 364 -677 -257 -455 1106 409 -117 -488 540 107 329 -468 -284 378 114 -5 771 50 -985 323 -610 69 66 -413 962 -251 76 -1179 -201 -516 -708 -404 -706 -406 544 398 263 -424 1366 840 549 371 -1020 -669 380 -488 322 -63 685 1 -483 -1511 -247 -585 -385 -490 -601 699 -150 526 6 -589 -70 191 19 23 -41 -769 -116 363 56 -261 -4 285 117 -474 321]
[-921 151 -643 -503 -447 -684 -1466 -1030 324 -426 864 254 1387 -999 -375 1296 479 -769 348 179 229 257 93 -666 -172 -11 598 -61 450 675 -39 1264 -723 1165 -268 -443 424 39 1189 121 1002 -595 428 -173 97 1090 556 -270 286 75 69 -383 -63 574 53 849 -335 -199 505 -93 428 -332 -1059 166 -858 359 186 -239 264 -784 1141 24 164 234 320 -475 190 -335 -53 135 -1234 550 -734 -369 208 555 323 -786 -354 -83 35 81 451 1077 127 639 790 726 1295 -554 299 383 1078 291 -244 676 225 -643 573 745 523 -1508 384 -245 -82 362 939 -372 82 479 -500]
[53 -295 -188 -344 1044 206 137 334 211 -553 -263 -258 402 -590 352 459 950 590 -103 -288 241 -229 939 -401 -253 180 832 551 -308 242 -1214 655 -1430 -361 63 484 623 -449 -142 500 325 433 921 -164 496 532 724 -498 600 -522 495 961 235 326 836 710 533 386 783 -1594 -359 416 -422 923 -1865 -452 -890 644 408 473 -732 -896 682 -378 364 402 145 69 322 -927 -676 -48 -405 699 85 630 499 81 -267 -171 -1138 416 -428 -517 515 -259 -557 -708 1044 -645 535 -1059 850 -249 -192 462 272 678 -162 -459 7 -255 976 -191 964 -22 423 647 716 -336 -833]
[-263 -193 68 629 -175 -19 102 320 183 513 725 -246 657 -975 6 -265 284 6 -859 99 606 -1001 230 187 262 -610 465 -229 -820 106 -517 -571 14 -87 2447 435 1249 1228 -207 69 194 1302 -5 -265 1159 -529 613 -140 787 502 -600 858 388 -165 142 803 207 411 1082 -982 -663 -16 -1909 1142 -146 960 -1225 2395 -370 203 -115 1177 595 1127 -247 -547 -329 -253 98 -40 -385 518 -463 -1240 359 1233 510 159 561 921 -70 484 -339 -1489 400 18 -239 -205 232 -346 177 -947 1092 -227 195 760 51 -41 -906 123 72 156 16 998 750 -777 649 165 1079 -471 166]
[-7 735 -535 -518 -940 -264 -1120 -508 6 610 1870 -270 973 -367 92 378 -291 527 -567 -212 1167 -247 -1317 -483 -867 -16 -320 -338 316 1025 -260 101 673 1824 -527 -295 619 -650 -138 959 -334 -459 195 427 324 205 844 -1248 -568 395 -479 -129 -363 38 -255 461 -466 9 -341 -502 -172 -172 -1929 431 -176 -191 -144 -640 -104 389 153 -176 -249 -14 448 -14 -153 370 -930 -132 -743 380 255 -229 -352 -87 78 -934 1060 230 -98 269 508 -237 -431 867 -171 674 720 -370 -74 -996 600 172 -127 77 -795 16 536 1083 441 -1214 -157 -705 -660 119 426 -203 -332 256 748]
[-789 -807 -241 1505 -241 -279 51 266 254 -1147 -486 -120 67 235 318 -150 327 83 -487 104 775 -295 379 -277 337 432 281 -579 161 -455 145 -315 -367 -1088 454 751 -874 1174 -332 -630 204 -1129 -707 287 -10 -1119 480 319 -110 258 123 -253 137 677 103 -108 -499 -459 1366 361 -775 -686 476 -401 -29 685 268 183 1426 -19 -697 954 222 610 1599 490 -80 88 458 776 1737 405 107 583 253 308 1612 -309 -37 5 20 614 -304 -981 566 -324 -903 -113 203 1507 206 744 136 -370 446 812 -38 596 983 -1171 -278 181 474 -273 429 505 424 -1271 667 -565 -1552]
[766 -117 617 -871 -658 1224 327 -173 -1062 616 -141 81 0 -205 -578 202 -335 -197 -660 -63 97 -1206 -289 367 478 113 -175 397 -291 972 1800 -958 -32 867 -201 -174 178 386 -831 -109 1029 -392 536 312 -78 779 162 606 540 497 -785 100 496 -387 630 307 -407 105 -244 272 528 720 -705 122 173 869 174 -892 -755 -32 -19 -498 -33 1047 -385 71 390 244 660 -551 -380 771 -226 -1397 1029 -402 319 258 773 -448 478 -751 -160 -1142 330 -275 718 528 -1463 -1091 -195 244 -1339 72 803 -642 213 15 -362 644 -737 921 -803 839 -240 -783 115 192 -1086 15 252]
[298 320 -1035 -40 -515 -1001 -505 -1171 447 951 7 749 587 53 -1099 307 -405 -919 720 727 -502 232 -26 6 183 -689 237 -816 91 327 -1051 -415 330 -426 1097 667 52 -102 186 -1207 -943 1025 631 -1164 -535 -450 -151 248 -23 -799 -422 -360 204 72 -1239 -458 991 -321 278 1114 451 -692 -500 -1066 858 -223 1542 686 105 506 262 -1084 -279 66 93 -528 1176 139 -1107 1286 504 876 -949 -943 515 -1138 -492 -630 -481 1148 833 -792 186 1122 -19 107 701 1359 225 -438 -147 262 -273 281 -591 347 -411 -307 -1051 582 770 213 878 239 -568 420 481 -214 -369 624 127]
[-763 -557 142 -1020 -410 -490 67 290 -446 -799 -798 -58 -554 710 -133 39 727 -698 -218 -419 -511 758 1426 181 96 420 243 -838 160 -380 -282 300 -381 -742 -307 436 -849 887 428 -1942 -16 -19 597 -605 -1197 544 -442 -83 353 -136 259 289 632 -663 -590 -208 781 -446 1076 1918 148 351 -431 -1004 1429 350 1393 955 -233 306 -513 -1015 -528 546 -755 468 993 -806 -468 635 775 1046 17 -493 637 -260 78 -1478 464 -186 139 1 -235 -162 527 -692 626 1230 398 8 -467 -371 -403 -582 -14 -1125 399 -172 235 304 -588 588 977 780 -119 -817 221 50 -1197 555 345]
[109 246 -23 99 97 553 1106 -1199 927 1107 77 160 -1407 -215 162 -666 157 52 -234 205 -615 -446 -743 -87 985 540 -400 771 417 -476 -303 446 203 906 -614 -1271 100 -1351 -118 898 -1519 -394 -204 -24 -548 -741 204 -142 -116 -1081 -202 -198 -522 -240 -275 151 116 -905 651 -207 839 741 88 -1601 -660 -1244 -404 -944 -511 143 -162 -110 679 -213 110 -1416 42 359 95 93 -306 -136 -422 -496 751 281 -70 70 -578 -794 -198 328 -964 1159 609 386 1078 -227 -342 235 -26 -800 606 -1166 771 -726 -3 -935 156 58 -623 159 717 -88 708 172 -1532 159 157 524 122]
[-205 -839 256 646 333 465 -194 -26 257 -705 -536 15 206 -63 394 137 678 417 1394 -882 607 580 1998 -148 -360 1148 634 -350 1372 79 -1499 646 62 -1133 943 141 47 -458 -641 113 -625 -187 -224 -138 71 -1434 -659 384 384 -90 887 595 -406 1254 -259 -249 740 -457 818 -448 -96 410 -464 -996 -83 -499 537 49 -345 124 -953 -1148 -1147 1078 -36 1124 -131 -907 -1052 80 -436 867 -526 664 -402 -867 -669 179 -246 629 126 253 -860 -561 -61 -66 -1186 -597 373 -512 826 64 461 -725 -405 514 -310 947 -630 -1222 764 571 852 -41 421 -239 -633 882 -331 -713 -445]
[-445 -923 -53 386 -483 322 -1253 -789 -669 -75 991 311 690 285 -304 128 530 -480 154 -600 107 229 878 -219 466 472 -418 -319 -76 780 92 1657 89 -632 1113 -541 288 91 -164 332 974 517 -90 313 766 530 47 1272 1498 -265 238 836 -265 -625 124 -176 341 -40 353 -244 330 1807 -1671 -621 560 732 764 1795 -150 -282 57 -313 -560 -67 -17 -341 -400 -746 522 1013 434 622 -1658 -228 693 -596 444 -161 -59 527 745 28 95 -958 417 -31 370 -164 1185 -367 47 548 -409 -292 -24 266 -944 416 -83 10 114 1041 -400 1062 837 -1475 652 582 -399 381 1540]
[320 -1080 146 887 1055 827 -427 -79 766 -349 66 1142 627 700 -1262 -818 -405 -525 492 -396 -1178 780 -652 -952 292 122 -434 -98 527 758 -494 1059 -210 -452 -197 537 11 -214 -1047 230 -481 850 -338 233 -6 -1596 459 816 -444 -1275 313 -537 121 884 -416 -793 74 -982 212 -471 770 -733 -16 -385 306 -401 1559 101 829 -591 419 -1421 -165 -363 -87 -182 -584 62 237 607 934 534 296 614 1021 -886 -458 172 279 -11 288 -303 -16 1463 -56 -1081 509 448 240 -197 -396 1723 -175 -134 513 -682 -204 179 295 222 130 -761 -540 139 152 713 165 46 71 -36 -371]
[362 -378 229 545 349 82 -533 364 -1374 866 522 -160 229 343 337 -40 -195 295 -161 -269 -430 490 -470 -62 171 647 52 -675 -104 190 28 1622 327 399 776 -808 1213 39 -965 842 2 -171 621 -1043 304 44 65 -63 479 -144 450 1241 235 -549 -552 -110 587 -123 -590 135 -53 558 -1172 -845 -636 -638 -200 1324 -332 1282 -206 465 -506 -148 464 21 -100 -414 553 934 -465 348 -843 -474 1215 -454 104 91 -788 -599 712 -1252 -255 -717 -328 476 -512 -335 -251 872 -329 635 219 -824 -104 -927 16 -243 -749 -412 171 555 14 -85 253 -923 477 174 670 401 890]
[394 65 173 845 -839 133 95 -667 -881 243 -270 196 1082 -633 -51 -71 757 -362 -993 428 43 -308 -526 -415 292 -488 1120 1137 -163 -97 196 -1507 -546 829 -973 -772 471 -255 -305 1614 -83 -590 316 -954 278 37 134 -720 -537 84 -237 847 439 630 657 1446 694 982 94 163 550 -30 -13 482 -925 -125 -1245 -1332 -822 803 675 -796 -1397 -45 250 -7 74 1010 329 -106 114 642 -63 -705 13 823 1153 427 221 6 -57 183 -461 -823 1588 375 238 -71 -867 -306 189 -911 53 -431 994 -173 128 129 -138 -54 -468 103 909 204 -1190 -359 -120 -447 800 -128 -1128]
[428 549 -501 227 -478 -232 255 487 -1185 555 -268 -720 -520 869 -586 -971 -664 393 -335 379 76 -91 -69 635 -788 374 -468 -322 198 -1494 567 -479 957 -269 -105 172 -1055 461 -975 -480 146 -1128 -41 -126 -516 -179 -517 221 -1403 -853 -556 -1029 -29 -228 331 -666 -863 -577 -207 725 -688 437 -433 59 1055 -246 317 562 -1304 1068 -1468 194 1193 -518 55 -629 1067 38 130 633 1091 -595 99 244 -598 -62 197 -868 503 507 528 -577 509 -598 800 216 -206 1029 354 434 -738 -164 -736 172 871 -222 510 440 608 541 -331 698 79 -618 347 -51 -1113 -86 -280 937 762]
[838 609 -427 461 -285 193 17 188 549 216 478 63 8 -181 -229 83 -183 -367 115 84 598 -536 -776 -209 -639 338 -824 42 -603 -164 280 -931 -484 798 133 1003 -238 -845 -1035 -289 -755 459 538 -158 224 263 529 -179 -432 -591 -903 -47 205 195 6 -178 -430 -176 718 -664 -564 0 -811 455 -797 -544 295 74 195 409 -622 -1032 1040 -212 540 -34 911 1002 -173 -173 708 -304 549 171 361 -433 304 -648 1272 -218 175 -336 529 -269 1183 93 -33 600 274 -1095 55 -942 -82 318 -265 395 -422 828 1288 215 -501 -512 412 -898 450 360 -302 47 -1140 331 270]
[-411 145 -349 -331 -612 333 901 -60 -397 -229 -626 -808 -1031 154 -293 90 269 761 -439 364 -244 -1138 139 -32 163 163 147 -168 -318 58 920 -656 -524 302 -462 587 95 -52 536 187 861 -516 286 94 -108 147 156 117 60 143 88 288 -547 58 1263 198 -744 631 -366 -150 437 316 1898 1099 181 472 333 -875 547 -839 -945 -133 886 -334 460 247 401 526 11 -790 506 -498 -203 403 -405 92 804 579 721 -36 97 276 547 32 -273 -50 321 -296 -482 -316 -97 -1204 -899 -101 1392 -567 29 139 -188 -3 -681 811 -320 -223 493 374 -346 -642 -227 -31 -222]
[515 -7 -383 -139 -120 -175 -24 -213 -364 -230 -445 725 -635 -183 226 1236 -311 -921 77 391 498 -224 119 -312 608 -589 -194 -302 -10 590 883 -38 -29 1154 -303 458 -428 349 1097 -463 -482 531 236 -200 -80 1230 -687 -987 9 1162 -245 -497 19 160 -1531 314 92 -413 610 741 452 -934 276 239 318 1119 879 -334 1541 -650 1064 222 2 650 830 115 318 -9 193 -408 -443 350 167 -1638 254 -704 605 -825 218 40 305 -591 318 836 -1174 -209 392 872 -381 -69 -105 -308 -122 -22 375 -123 364 -251 -204 344 133 -802 -239 -257 -1182 1218 485 -503 -769 120 120]
[110 -354 -93 -589 -807 216 317 439 331 -524 380 192 12 -708 -282 976 17 -466 49 -460 325 -461 -1170 501 396 276 -106 -20 -247 541 985 -75 -170 756 684 -189 -103 999 -736 -1476 1156 -1276 655 260 -734 168 598 1009 703 136 71 -182 73 -211 348 -155 -1435 233 342 674 -388 -806 -78 -821 -138 -235 961 201 1327 -416 537 -117 457 807 73 367 549 507 144 -249 141 304 -517 1 1080 -453 -450 865 -145 -726 784 -347 914 1034 292 -303 664 653 -354 654 -163 553 -11 549 149 133 367 -937 999 630 -781 2 405 69 -142 124 671 -242 -173 606 -293]
[1346 -636 940 377 1079 35 28 -349 -123 -905 14 808 -653 541 857 -74 -308 -1049 905 523 -626 703 -17 -171 182 -1185 374 561 -648 -634 -142 -464 -440 -241 -114 333 -387 -353 887 -547 -439 2284 -285 145 -80 1153 1265 195 225 913 -589 -335 -117 219 -628 1029 -799 -1136 -315 -272 -736 -459 1435 451 365 -342 512 -440 1289 -513 1707 -497 266 -25 -511 935 -92 -271 -438 -662 -654 -54 863 -822 -145 -1223 -477 -354 -42 -173 -1301 -426 673 642 -914 15 244 852 -475 -595 794 832 888 -727 -193 -462 203 -804 -979 -72 -668 -1004 -757 118 -1462 362 451 396 -551 -795 76]
[-115 -102 397 -3 261 236 818 83 -988 573 -622 -514 -388 -45 -1069 -864 273 -709 -996 -189 -921 64 -510 575 635 468 -706 757 -266 -567 -286 809 -534 634 -166 -1251 517 -2 -918 867 144 332 779 -1560 48 509 -408 -353 -574 -1392 421 867 122 -809 -242 -984 866 -83 36 393 664 355 -225 -578 1003 -10 -398 536 -1325 177 -140 -1191 -577 -524 -723 -638 321 -200 417 -602 808 327 179 -618 854 436 141 150 541 -370 223 -121 -532 153 911 135 1712 553 -694 -335 -279 -962 -670 -398 675 -1013 339 -128 606 313 -876 1117 859 192 974 -153 -1300 -61 110 696 1010]
[-975 391 -257 691 -115 -867 -107 156 213 -565 -111 -342 447 -624 -370 108 -570 -316 593 1124 -409 223 -124 -339 -881 1 -808 46 338 -839 794 316 -643 148 637 -198 76 -179 976 -632 439 -703 -86 -871 211 235 -1141 298 769 -100 110 -1017 -271 603 48 -762 -932 647 1110 615 560 -341 244 -389 916 -31 -1186 -471 -104 -924 -777 -1560 594 76 -1168 -872 -42 -248 48 -456 1111 -1306 568 920 -25 1251 -1003 -993 238 316 1351 -506 1478 181 61 -847 1566 -39 -182 -153 -527 466 1289 716 668 749 630 -357 1609 -1104 -245 237 775 -187 971 -396 -995 -903 -273 352 2]
[-1031 -1189 400 267 -548 683 57 -138 762 -569 1342 342 -419 -848 -148 500 464 572 372 -187 292 -831 -253 -648 283 263 -566 -354 386 1572 1130 1270 -449 548 1028 -870 1189 209 611 24 878 -262 -1013 704 -558 -517 680 2250 1313 127 556 -28 -247 -562 -237 195 -65 942 85 222 551 -160 -493 -355 -177 326 1135 341 1482 -1934 244 200 567 333 -1420 -903 -863 -1256 -528 -263 -212 -575 -642 314 234 92 -362 832 443 -293 785 342 738 320 -87 -427 767 -466 425 376 -565 529 868 397 865 372 250 -1228 44 -84 -616 357 -631 473 1182 -715 285 -431 -91 -187 589]
[-508 1116 -855 -19 378 -462 -1273 278 320 523 428 -44 187 -252 -55 578 -1027 -173 -96 -118 -304 1365 53 -79 41 690 475 -702 252 -961 -603 640 908 -15 -1690 545 -708 640 815 -42 -514 -213 -589 -846 -778 -264 -525 -1408 208 755 320 -816 -318 952 -344 -816 -183 -515 -391 184 182 -507 296 31 -26 -533 463 -297 -302 -349 217 333 -82 -688 446 1156 232 331 -543 1261 -792 -161 425 -350 -476 -92 108 -1193 -856 -38 -458 -885 -90 -214 -978 467 -352 536 286 103 152 503 418 870 -1397 237 328 -190 640 1253 1486 -910 271 -734 -213 666 887 -206 55 339 484]
[115 -1080 816 -303 1093 1038 319 997 233 -424 -653 -37 -1221 1081 294 -601 239 -314 -294 -228 -80 169 -998 -720 340 918 -892 -485 -19 1207 976 817 -478 363 221 452 1004 -366 378 -374 -219 12 309 -634 -911 132 -93 859 479 -232 1191 99 586 -1181 -750 333 687 -91 -644 1139 107 218 -146 -589 -142 -75 1544 245 1540 -535 861 54 408 390 -723 -523 5 -458 359 298 -28 420 612 -588 1734 -770 -287 555 748 -1354 745 -1090 210 -136 -83 -326 1188 -23 43 -165 -1128 380 -324 -767 627 -1207 777 -274 71 -304 -878 -140 -700 128 386 125 30 -250 -1258 552 347]
[-1105 48 -1302 216 -1661 747 36 -1221 992 1079 759 34 -112 -589 -83 -45 -106 -2 -1235 372 873 -247 -224 -421 606 343 466 -479 -207 372 313 -1394 689 685 192 732 55 387 390 -315 -164 -1001 29 446 -517 -1070 398 182 -129 213 21 435 139 -79 986 -152 3 239 538 829 -377 650 -662 -662 1492 114 653 -370 634 141 -367 67 -816 686 465 -4 203 869 -614 724 139 495 -1168 -823 989 106 644 -408 201 -145 1412 38 -12 -429 780 8 1528 366 -222 485 23 -494 -406 65 398 443 -1303 31 425 490 789 -91 335 62 -650 -830 845 -692 -842 719 3]
[1005 -262 -618 -406 754 165 251 161 -281 365 -681 985 -426 -165 -210 395 -1716 177 -985 122 30 -572 -397 -165 535 -1044 1029 662 -585 570 156 108 352 -219 -1302 179 -814 353 -551 -353 -32 -360 15 641 -508 522 330 -273 -287 550 -149 -754 513 243 -143 409 -479 -573 -821 -728 -349 -484 832 835 -1199 785 1020 -139 1792 808 -252 128 723 -225 1128 -270 612 450 222 -302 -693 232 646 -569 113 -953 890 -110 -1170 -801 -642 -1212 553 36 -466 -589 -817 -100 539 300 149 505 -574 805 -203 56 592 -224 -1013 945 367 -472 -479 -448 -885 688 932 359 343 -209 192]
[-614 -214 761 -513 37 298 41 -488 664 -577 428 212 1173 -1107 -761 -1007 326 -228 914 30 -440 200 107 -98 148 285 829 749 403 526 -1104 88 -773 -648 510 154 19 -215 -297 -459 914 641 -238 -1169 439 -1071 799 -112 1158 -2 169 -1040 -248 797 969 -12 -1289 -462 -89 -250 793 -595 103 -888 1002 297 216 -968 341 -468 -287 -1861 728 -13 -431 384 -537 -269 -129 -136 496 1170 513 373 753 580 -420 -167 -487 588 -37 378 -263 -602 -417 -22 321 423 -1169 -1483 440 156 -226 -610 140 -24 -178 402 -39 -309 149 160 497 -141 1530 286 -647 -858 -190 -1840 -207]
[-957 -156 430 1016 -194 584 429 -583 -355 -789 672 -762 -300 -421 -235 -488 538 -88 238 526 75 -519 -119 -814 291 291 -239 -971 289 -1528 289 597 -659 21 20 -23 -304 93 158 210 460 -247 276 -735 148 419 -202 1014 -725 -265 447 1359 3 -1083 -191 1098 -235 98 362 -98 438 1051 51 124 640 -188 -229 636 -548 -612 -172 818 -212 267 -920 46 -524 -419 -324 243 134 -132 -70 -394 653 1009 833 316 1474 -1057 187 644 -54 -151 1028 5 1507 515 816 293 572 180 1585 -736 879 -97 470 -513 971 -456 -841 159 599 -719 850 -623 -542 -976 95 1005 -39]
[670 -321 -380 -272 -63 763 469 -237 345 -921 229 891 603 -743 -1614 492 831 -663 203 -71 -116 708 409 -143 -82 -42 460 425 131 588 -48 -527 -1160 -279 -308 143 103 -253 -972 218 581 70 1159 -355 -217 774 -1294 749 191 -404 949 435 202 -181 1057 -589 -94 1120 414 1007 -326 1524 179 -199 -753 -418 -564 -336 1472 216 37 -2335 -1338 -351 -961 376 419 792 -368 -275 -524 351 -328 237 86 -821 -126 564 -6 -1284 958 -536 -79 96 972 -1013 1247 -928 133 -919 -16 208 645 -558 -86 14 -409 -113 792 -904 -326 715 1098 -691 -863 124 -137 438 -273 182 -428]
[249 -708 -91 1378 166 -406 2057 731 671 58 -829 534 -497 -398 -697 -468 -319 -204 -569 365 343 -773 -123 284 992 -244 831 45 -585 141 -468 -938 -369 -609 476 409 110 244 -1449 -116 -146 300 566 -1518 -144 -843 195 678 -905 -632 536 355 368 108 466 -521 62 711 598 -184 -1074 -902 800 -369 -184 -859 -424 735 948 476 -860 -496 493 -328 284 -472 390 788 279 -38 1272 -716 220 -111 323 -101 -200 882 31 383 -164 -143 -18 -314 531 -548 -244 -260 -563 1373 61 -828 -521 -38 -64 -158 -35 434 -171 -1191 -63 857 1304 141 523 316 -860 -534 1347 -327 -167]
[476 -241 952 -738 -654 -508 491 -496 -294 -222 1359 49 -231 -557 -450 -86 -155 288 567 -468 298 285 930 790 -298 72 -63 115 73 -318 -187 -456 147 -29 142 -1559 221 220 -1027 -60 -332 965 33 -356 54 1045 34 513 406 426 -798 -661 -94 -827 -333 -44 361 -437 32 431 -185 1033 -87 -1020 524 149 116 49 -324 134 491 -17 -423 425 -118 288 328 -368 -1501 -623 -918 680 -210 -382 -401 -716 -308 273 505 117 -305 654 -308 34 -270 213 540 -52 -416 -510 370 -484 805 -475 -268 -489 -412 -700 200 160 -1142 907 679 728 -272 -419 -690 484 -425 -582 1088]
[-475 -764 367 -11 141 -438 -206 577 -1469 -1103 -437 -611 -991 1071 1211 466 -509 484 114 -984 100 136 257 107 136 98 -778 450 309 -460 59 1872 785 -625 -202 -757 -1111 185 426 664 539 -1139 -1442 1383 419 565 -412 -479 1244 549 -362 -678 -594 -373 -817 -56 -1541 -504 124 -42 -234 -347 506 -29 279 1206 349 -87 256 18 -402 629 -48 -13 805 565 -332 -1124 1042 -512 716 -382 473 978 -1235 -313 372 -734 -902 -390 -311 40 760 -1186 -1066 225 -1498 -732 470 1062 693 708 -654 185 -235 679 337 379 -41 -287 -210 534 69 -434 737 294 -228 616 1036 -310 348]
[70 83 86 576 1033 390 530 152 -643 1141 -590 7 -801 570 88 -15 -906 470 -988 1000 -495 503 327 772 -146 -325 -528 398 -4 -1654 1177 698 -481 819 -1086 -933 121 466 267 154 -246 -362 -116 -1124 -775 886 -386 723 -1204 -688 992 5 185 84 -322 -256 888 45 127 48 812 -94 1362 -612 -27 11 -1281 -117 -161 249 -83 629 423 74 84 -358 133 -326 874 -80 -306 -909 -670 378 578 240 202 -251 -1106 -315 972 -464 295 816 580 409 632 -154 -160 739 18 -153 369 21 954 -134 445 -61 802 -230 -668 229 -64 -71 175 -106 -434 -356 79 378 -212]
[74 605 -331 35 -47 965 -97 456 668 580 212 562 -150 37 -222 579 -736 23 198 268 -252 -267 379 -634 64 598 -236 -676 -562 536 -106 778 -331 91 -116 -325 785 61 -892 1153 -235 725 -29 -304 296 -168 -498 -1087 738 708 137 607 380 421 -440 -943 571 -60 -464 -937 1180 784 -497 542 -1155 748 -542 276 338 -258 95 653 263 -143 588 86 275 663 -628 624 -1089 167 712 -1410 945 -532 300 -488 910 -681 133 -839 -479 -119 30 -41 -257 -360 -579 -918 207 -54 929 -700 -478 -1000 -766 347 85 -354 77 271 -545 -784 295 -176 125 -559 -526 -661 839]
[-989 746 -436 38 -722 -185 -647 -219 -40 -433 716 162 1828 -1466 -908 950 -394 -360 469 963 82 -163 179 -413 -226 156 474 -431 679 791 809 -30 103 173 -675 140 -143 763 358 -421 2028 -1034 445 126 965 668 403 -227 544 730 -959 -836 146 1378 1026 -323 -1200 45 798 -579 -239 899 -565 377 79 474 -1002 -689 -428 -358 -976 32 -133 64 315 868 148 503 203 -214 -570 -161 -11 -175 26 599 286 -612 -132 45 -495 -787 684 -751 -554 -519 97 -406 -231 -599 312 1031 173 813 -365 793 -112 367 518 -75 555 -157 -266 390 65 139 686 -1328 273 -222 -820]
[-79 695 -937 -479 -147 -589 273 -386 879 926 1149 92 1857 -1395 -1302 -118 -291 110 1517 109 -734 -345 -1150 121 -548 -284 438 460 -455 389 -994 -136 -319 -447 443 -1937 812 -220 -925 657 891 -215 817 -1493 -75 -119 -206 -22 580 -471 -99 -587 87 -388 836 -497 595 461 -1138 -54 70 26 -70 -870 -2 -336 -816 -226 -445 776 94 -371 73 -1187 -254 -963 28 427 -871 -175 -247 319 -310 191 -72 489 -902 852 -1378 -198 -56 -566 -107 202 -240 697 579 -181 -181 101 105 767 821 783 -1052 833 -511 -623 -12 -453 1191 702 977 -1054 443 302 -704 -411 1127 -631 45]
[-571 68 -378 1138 202 -749 -193 838 -1273 188 715 -1555 99 576 797 -218 928 404 497 295 -93 575 430 467 -658 728 -737 -380 529 -1842 536 1548 689 -447 924 -1008 -398 602 115 -617 561 -455 -143 -121 48 468 201 187 -234 -633 507 630 -297 -13 -383 -579 -75 -413 121 398 -679 388 -630 -1030 1662 -321 -445 1834 -384 968 -1706 765 290 -783 44 -44 260 -1193 210 208 932 -831 -454 1328 -327 146 11 -713 -414 310 87 427 740 267 -163 571 -918 705 -55 1456 290 -4 568 -256 812 313 -261 167 187 -450 -388 734 51 -425 422 -416 -564 -399 -145 411 911]
[616 -653 -283 383 1054 130 53 348 -593 -47 -1739 472 306 1330 454 -858 -435 294 -1303 192 -130 10 -105 -355 678 -883 713 473 -793 -164 -404 1 -462 -1117 -253 -2 -247 633 36 401 80 -250 -524 822 -875 -651 223 -336 -138 -446 698 657 -108 -349 -492 193 917 321 -372 -48 94 -930 780 272 490 829 377 482 835 540 322 817 -580 -147 216 189 -594 163 1427 -289 869 15 -72 931 313 -105 1429 433 -1301 269 -793 -83 -197 -356 278 -684 -274 -58 95 1136 -115 1120 -568 845 10 -117 276 156 -757 644 303 374 -648 816 -553 -250 1153 88 1223 -342 -905]
[391 -540 1026 860 626 610 109 -97 0 -1107 164 616 -375 330 4 -234 714 7 -76 577 -392 376 -105 -831 -176 267 -209 209 674 218 -297 752 -206 72 -780 -130 -423 -286 -1241 855 -842 132 -149 -423 -290 -763 -232 0 -255 65 876 195 794 -316 -805 -384 504 532 215 323 345 384 -460 -552 -1869 -1375 -412 -473 1097 565 -364 -750 -364 -1338 100 -401 -293 18 -73 1336 449 -1048 969 9 935 -200 591 -229 267 -1077 46 267 -839 -735 698 -1072 -266 -341 -369 214 -386 584 1271 -896 666 -1024 -41 -308 474 -811 -1067 -201 688 -471 89 -81 -323 -71 190 -330 237]
[-1366 808 -537 -775 411 -448 -421 -1439 -297 -21 -359 14 252 -645 245 352 230 -679 262 412 -315 448 840 -292 988 25 781 628 1331 -966 -139 624 -232 491 -39 -1375 44 74 1250 159 350 -735 770 -404 -125 1504 -165 -728 213 -200 190 -1322 -250 725 309 321 373 -381 615 -507 1044 -76 617 -952 671 -39 260 -880 -1708 -952 1342 195 -252 217 1215 30 16 215 229 -826 -540 422 -1231 -951 -128 147 551 422 -1866 995 -546 163 -1418 1118 -122 1111 1682 388 65 -93 334 -170 76 -184 -126 45 75 -126 215 1010 539 -480 626 540 10 1108 -427 3 -539 472 85]
[-1456 155 -174 1131 713 -37 -722 437 435 -168 3 -293 448 231 168 -1164 156 -361 15 19 -107 267 -398 -519 -11 192 -624 -1122 140 -536 372 639 -454 25 668 -247 449 217 428 242 597 -364 -892 1307 301 -366 499 160 -126 -434 -96 -831 -319 1001 -224 -600 -169 -444 662 -556 -265 -558 1130 -214 575 682 -184 -534 -337 -1008 -402 963 -75 546 -565 253 -1142 -786 288 -515 742 66 454 924 -784 488 780 224 -604 -356 -414 24 -675 -145 150 213 -417 -1242 -357 565 190 1698 854 -97 -342 967 -292 25 1282 -1044 23 -804 -1106 -57 487 326 -370 -1199 60 -514 -1148]
[779 137 -342 906 922 738 75 332 -940 1008 -1174 820 -384 -659 755 276 -641 -336 873 330 -178 108 401 -59 20 -1529 591 28 -399 -982 -433 -695 -994 -104 -280 -473 593 -195 -110 551 236 1175 868 -774 514 1285 429 -30 -1224 -86 450 1386 662 189 -1458 1133 895 829 -167 -1259 491 -1063 432 756 -159 -463 -542 186 -747 -6 1018 -127 -278 -42 -52 1100 -397 -432 308 -1606 -270 -200 -762 -1943 -582 -312 232 988 -386 417 -1025 -717 -529 -27 485 -30 53 456 196 -210 1288 288 782 272 137 923 879 1191 -788 -788 733 -1139 144 -682 -475 665 310 -75 -63 -5 -311]
[-489 101 -598 -454 -977 4 -301 81 328 -383 146 -1047 968 107 668 676 -720 -32 -106 -705 619 -243 293 246 -120 382 -212 546 679 567 1009 -469 107 -46 778 735 -258 475 1359 -433 -216 -539 -979 1340 287 -274 -257 -357 1636 627 -274 -147 -187 365 648 -699 -247 -234 -56 511 469 55 -1309 297 663 1712 864 329 -552 -631 -203 875 239 651 585 84 -156 43 -16 -106 -124 528 131 606 -786 89 338 -164 157 803 574 781 186 -1181 -220 135 -294 -250 581 -650 26 -136 -981 1499 -638 1091 -352 910 209 1040 311 445 -829 781 608 -166 1154 751 -938 -406 196]
[759 -21 425 901 741 284 169 734 -113 789 -489 289 -651 874 699 -988 -194 -337 222 -96 -167 713 -808 -87 -318 -628 -898 -81 -858 -46 19 -31 789 -137 -51 -464 901 -235 -243 820 47 691 -373 542 1278 695 527 276 -623 53 -574 -370 614 -77 -588 934 257 42 172 -874 -1240 556 250 100 -928 -508 -1310 481 263 1073 613 1045 192 -269 -98 -190 -532 -344 1191 -120 50 -630 -311 -499 -264 5 -550 702 -400 -596 -417 -1013 -3 -170 150 -267 -328 -1404 -5 489 539 923 152 -393 148 1057 224 340 -407 -1439 -420 -1074 -345 285 -1088 284 96 458 799 553 -777]
[688 313 464 -240 -1076 84 303 180 76 594 762 -36 -582 517 -103 -1017 -1449 1430 -463 -271 839 -420 -650 671 -937 -596 -586 525 -93 -510 697 -1468 601 -142 -674 236 -513 -501 -1046 98 -525 -1077 -1213 879 -625 -684 -330 -120 -937 18 -1170 -1449 -161 -479 -219 338 -1138 -116 -917 152 324 -632 -508 231 249 452 138 -1185 -921 685 -967 207 798 324 -47 -82 814 513 -266 111 773 -455 1327 1172 -540 14 -47 -804 1125 -99 925 410 1087 -1107 358 171 -1166 429 -367 -266 -397 -133 -1133 717 236 -230 -25 161 560 682 -585 751 -522 -780 290 -66 -1199 463 -375 -446 510]
[105 77 502 -57 309 -158 803 1144 531 -876 241 43 -858 286 -553 -711 13 -448 118 279 -235 -244 623 336 -560 -116 -204 165 233 -1104 236 -499 820 -648 -362 661 -1780 417 -1022 -1321 74 -125 -766 250 -25 -21 -37 559 -517 109 -900 -1596 227 -390 180 -987 -1859 -94 -20 711 -1124 -89 405 422 1197 -37 50 591 -262 22 -537 159 1225 -353 -332 -118 161 -651 -463 -253 462 -1459 1403 118 -678 386 -626 -1040 521 212 -571 667 231 170 -316 -282 719 1373 -925 548 -355 1115 -150 511 -313 -624 1134 -551 263 11 -495 -542 45 428 88 176 -628 167 76 -42 548]
[103 -815 748 163 1495 558 118 204 107 -1022 -1463 171 409 534 -517 -623 175 -199 441 -218 -709 3 82 89 -190 346 270 520 773 -388 -865 69 -1030 -405 294 -201 61 -493 -296 517 43 851 662 281 -83 -455 219 56 -952 -885 424 -122 -323 600 -1086 -680 261 -1367 352 -742 480 -497 830 -231 540 -477 432 -722 -1072 -738 -306 224 -288 1 298 910 -636 202 687 -962 343 -76 754 506 392 -749 87 832 44 21 -1150 889 -1189 -70 -781 60 358 -210 -345 -825 636 912 -228 -99 -601 -613 400 1299 -425 -935 669 -41 -857 90 1277 1288 -185 -67 80 -996 -220]
[340 -78 523 330 926 768 532 1305 352 -706 -362 484 -800 -150 305 -644 -46 -605 -310 352 -116 -601 -1398 -65 901 -778 -374 180 -257 -22 271 -429 -216 -254 -434 702 -731 501 212 -1085 315 539 -486 630 -855 -118 1042 671 171 -658 -481 -421 -181 7 -376 692 -238 416 23 -551 -315 -832 733 127 250 -486 1028 261 688 -1153 86 -537 732 -248 -626 550 -499 192 504 -1043 1279 -1008 239 429 12 55 151 939 3 595 -1110 212 471 528 72 -624 -5 734 -474 236 -171 -84 6 1100 794 456 570 -298 366 780 -433 -252 -148 793 41 691 538 -1010 -75 -228 -544]
[722 318 299 20 -828 340 151 -348 721 238 569 259 516 -1120 525 132 -500 96 527 -470 801 -376 -117 877 267 -772 122 1060 974 -1 1226 -980 919 324 1365 599 -474 499 308 -1346 -402 -267 -753 1923 574 -938 79 238 905 845 -947 -1300 -120 916 16 -167 -1259 -464 727 -55 551 -302 -1136 -384 729 929 185 270 -291 434 18 1007 823 1190 767 141 -473 593 38 163 44 988 99 -1002 363 230 -749 -94 -139 1124 776 -241 -540 -325 665 -498 -665 -464 -384 -517 110 151 -139 593 -78 1061 -145 170 -80 803 43 154 -1040 688 -118 493 545 548 -788 -276 298]
[1548 583 739 -155 461 530 -111 -34 -23 685 -41 108 -1122 1102 227 93 134 -233 45 326 -953 -256 -1057 522 -269 -51 -868 421 -1371 270 1222 -854 527 722 551 512 345 -416 -337 716 -534 652 22 -35 904 -263 -308 315 -414 -90 -35 60 -386 -1175 387 -392 -722 -575 -1180 165 -61 977 975 1031 -1462 -62 -1121 -41 346 -364 1035 1035 641 -406 -388 -1044 -64 616 1065 967 -42 -739 616 199 -77 -648 -263 1081 86 -571 214 -992 738 -334 211 -497 -1015 -1594 -711 -282 -1380 -498 -607 -334 -299 -903 -426 -524 -57 616 -1434 332 -1502 34 -294 -257 -1041 694 -275 257 334]
[68 1112 -647 555 73 195 388 186 69 988 287 -1144 -430 -71 793 240 -889 152 1128 -225 871 264 844 781 336 1094 140 -272 639 -868 473 -240 464 -140 1160 -609 549 38 -204 -95 -563 -1316 -88 -514 150 -437 -907 560 1080 388 343 -281 -654 1023 -541 -483 238 -979 -58 -305 -443 955 -3 -2027 414 626 45 584 -1244 -10 -944 505 -736 1311 1050 948 626 59 -1415 -110 -655 203 -592 -558 -891 -611 -48 782 -1069 -185 437 -986 -1145 -1388 115 192 -42 -1120 -662 -103 162 -388 43 9 -1536 1224 -505 425 40 -961 195 1488 320 380 434 -191 -578 534 -1680 -136 558]
[548 -285 -103 203 324 -825 65 83 877 -901 540 -273 52 -297 20 -314 1259 -545 1066 -144 499 742 -408 -64 946 477 -125 807 331 -355 -326 449 379 -936 1039 467 -338 -43 60 -213 111 -394 384 -811 374 166 215 875 495 -1524 -431 15 -62 624 51 822 -364 -864 446 60 -388 -10 -1016 73 -24 -644 209 889 575 -386 1970 471 -104 -308 134 626 267 251 902 15 3 156 -217 261 797 528 -589 834 -688 304 39 574 329 629 6 -54 355 454 763 -381 -473 593 624 664 87 938 201 -366 329 546 75 338 662 -336 799 591 -133 -120 628 577 -436]
[126 297 -996 294 -783 -208 -594 -983 293 232 451 629 1131 -549 -990 1251 194 -1125 -1083 1080 291 -1472 -908 -164 1144 -1198 -193 -323 -11 869 416 -471 106 36 1001 263 -343 1199 471 -803 629 48 -119 265 346 108 -439 -28 -213 274 -859 -511 -50 -720 -156 367 -373 -162 1082 685 -807 -373 -2047 -20 -202 1649 -749 1084 880 -39 499 614 703 1034 571 -1599 417 264 706 1083 275 739 -772 -1265 499 492 1343 -480 341 469 355 -452 171 233 585 472 605 598 576 368 -274 -13 -352 -459 85 1246 354 -288 -417 604 408 253 142 416 -507 955 827 -586 1076 193 -1135]
[129 777 -260 24 44 16 947 842 123 426 -43 -193 -336 152 -197 -536 -367 710 1046 -7 -754 1228 397 -429 -392 102 -390 -936 694 214 838 -1171 1023 458 485 945 1386 -194 -166 381 -670 -189 457 23 -119 -931 -1186 -34 -98 154 -454 -523 77 1254 93 -50 99 853 -248 355 -182 180 756 650 768 -329 -323 -239 -945 41 -304 -130 -1033 510 -574 581 70 948 -1160 -885 -652 -229 519 151 -1067 -248 -1086 328 26 138 560 -1185 281 539 -1034 -735 -179 -1158 -456 -145 -1535 94 271 -416 406 -822 -222 -456 -454 -68 -11 630 -830 609 -856 -16 -189 379 -353 -205 -344]
[-772 -296 -1049 -22 499 -77 616 259 -181 1255 609 -571 85 -86 93 -221 407 1291 440 -109 307 -482 892 -765 -679 -2 -79 -673 311 -432 -583 937 553 -845 911 -579 1128 -456 76 691 -1026 -665 224 -981 474 -608 -308 427 152 -445 629 152 158 201 564 50 675 615 63 -485 382 938 223 -130 266 359 -919 937 -52 632 -1445 -177 59 -131 583 -184 -340 -914 -1069 -473 -179 121 -888 1242 -470 508 -670 -143 -610 272 410 493 201 172 -559 203 274 -584 583 968 93 -647 581 25 494 510 -431 420 -1255 -1566 960 486 767 -730 796 -434 -411 429 561 330 -138]
[-563 299 -1605 -369 -517 364 -352 -350 -398 367 218 -210 624 -47 -332 1588 364 274 -133 36 443 -833 534 -592 -330 -260 -33 -915 429 228 1127 -257 -310 1104 -721 120 292 479 502 -3 563 -2262 895 705 384 169 -1038 -478 -215 641 17 -86 -722 921 590 -256 105 550 653 662 26 990 38 230 351 1422 -923 -685 -314 -244 -1362 -523 -988 733 289 -167 -165 168 -761 -347 -236 577 -281 311 -780 666 413 -1306 760 -147 605 -497 187 -409 164 -309 108 -359 342 693 -626 -704 270 152 364 592 -653 -301 701 -965 646 456 -162 -315 -1109 115 605 -471 -428 777 -1252]
[-548 332 229 -866 401 -333 -993 818 370 -1689 -279 -308 313 312 1081 137 407 -420 621 -519 -125 1276 187 -922 -619 -778 69 -518 989 -283 -488 657 -238 -329 -612 159 -625 314 1222 -564 -410 -480 -522 568 -135 -354 -620 -1109 -580 505 410 -465 -758 560 -361 667 -1381 -361 130 -395 256 -1038 -298 545 140 395 -284 -368 -958 -1343 368 117 -432 316 -891 997 -1559 -842 -286 -217 -763 20 1391 1662 -1198 1365 -831 -265 -72 244 -934 1591 -121 1821 -1062 -92 -630 386 433 474 260 -324 1158 -333 -2 -282 643 193 685 97 663 -1616 21 -113 -2 862 -252 628 77 -314 -408]
[-1094 -54 -796 -172 68 36 -223 -1266 442 1120 126 138 672 -746 -565 189 -36 -578 426 57 -326 377 1074 399 6 703 359 -472 -736 -294 -1247 408 -127 -420 781 -261 961 765 -36 581 725 621 635 -166 599 183 -88 440 393 -106 -8 -162 101 107 614 46 931 -441 797 -188 -551 -20 -837 -240 301 288 -639 626 -143 -231 604 -332 -209 515 -327 -633 132 -251 -408 -768 -1088 513 -1296 -503 -142 643 106 -8 -672 121 -277 -136 -69 -320 386 -109 791 -572 1587 -1017 100 -96 508 233 -391 1412 -92 44 90 20 934 179 532 13 616 -609 466 442 580 -193 59]
[-196 -172 -642 -325 536 680 395 423 1016 -570 114 3 722 145 -540 799 431 -9 -834 -286 416 -33 -651 -342 -221 15 -51 -98 148 871 -121 -1022 -682 280 -494 1417 -49 185 -574 -280 313 -194 1393 264 481 364 -142 -92 -1500 -522 431 1014 794 -290 807 440 1268 105 408 -127 -1233 -204 -1131 699 -453 -649 -274 293 732 310 196 -886 -682 -54 -226 30 325 1283 784 -451 44 -223 -243 244 40 160 -112 818 694 -205 210 26 50 -39 395 -681 106 -167 1564 247 -608 -1023 -461 -146 -204 395 -592 1011 1457 135 242 -314 754 -484 -770 382 436 172 -10 582 -1370]
[592 -7 -309 -263 -176 123 430 -597 119 -155 -508 635 -125 -74 -878 -66 303 272 444 657 663 -197 1560 163 645 253 418 -677 146 -460 -393 -735 -257 -422 1085 538 -491 268 -806 -1035 1107 863 134 299 810 272 361 667 -573 -203 -161 -419 26 993 -113 176 632 -11 1079 222 -567 -529 -580 -348 758 -45 197 304 597 464 -58 -149 1013 178 -129 273 601 -133 656 -312 78 67 -1381 -1177 440 468 257 115 272 1232 -50 195 -423 -535 -189 -891 451 1024 63 -965 165 418 -139 404 721 864 770 384 -93 -491 430 357 137 465 438 70 339 -489 70 -269 -817]
[-386 -1217 727 -920 1055 588 1052 -580 667 -841 647 -376 833 262 170 -817 571 -513 541 -648 126 -91 -927 -104 -346 116 -889 425 320 795 -1018 1951 -964 287 505 -170 583 -908 379 454 171 859 427 139 -157 785 787 481 815 -335 824 163 -47 -1386 507 -32 -541 -480 -1252 -76 -342 329 -628 -676 157 -961 -427 381 766 128 902 395 1126 -877 -710 -999 -1558 -231 29 -268 -623 215 567 665 1670 507 -1022 36 -340 -972 -103 903 -297 515 -373 1085 1525 552 926 224 468 795 1071 -544 54 -360 -118 -736 327 -641 -319 -749 63 -809 1187 -359 140 -85 461 62 381]
[-41 -30 1513 514 973 1221 -123 1219 -665 -984 -553 494 -1330 692 415 -1189 555 -77 -518 -298 711 -124 -19 642 362 417 -717 54 687 -387 102 162 805 -680 624 -689 -582 445 -59 97 831 -293 -792 1396 633 -285 456 1225 -1010 292 472 115 281 -366 -1296 -40 190 -31 -85 -829 -46 254 -480 -113 803 -167 55 675 -1272 -1181 686 1517 -646 44 -508 768 -632 -484 922 15 652 -840 -116 -1246 -299 -89 -125 1453 1167 257 -953 570 -1105 -456 146 -155 112 214 -165 328 51 1073 -413 -298 141 -175 900 545 299 -546 -466 -136 -2024 910 132 238 -176 12 -220 599 475]
[741 569 -695 633 -577 -1083 457 364 521 -864 712 -185 1162 489 19 69 -81 -275 385 -316 705 1427 -173 -260 -187 -1068 -1188 -127 981 107 529 -723 -721 343 25 65 649 328 840 -244 88 -993 -393 399 837 511 -640 -985 252 296 -280 585 -478 -150 -958 518 391 -41 412 1056 -1046 -534 -1680 -278 953 728 -579 733 28 546 753 731 -933 170 360 307 -557 720 645 -520 607 477 193 -453 -179 1179 -135 -176 50 242 472 -710 -108 -607 540 -98 471 79 515 740 -756 314 283 69 -593 620 -351 -191 2113 -497 232 76 -21 122 -845 332 473 -267 55 550 -473]
[442 -922 -333 1951 -201 201 310 413 -279 -202 612 203 1217 -1253 179 111 -127 -219 -679 -80 348 -183 -1183 219 -378 -429 670 938 -386 -396 -151 -632 22 630 396 -869 -234 581 -1195 554 173 -743 102 1033 555 -330 1036 -221 128 575 -120 267 96 1209 124 -331 -787 162 700 -700 -265 -517 -171 508 916 -255 -829 239 508 561 -2 365 -984 5 258 333 -894 667 -116 -1009 11 -59 614 -277 -77 343 239 243 -49 -284 -82 429 425 -99 103 17 0 4 -758 824 540 724 1584 349 621 -78 190 -581 556 -478 -102 -785 -638 219 -894 14 270 -772 1318 -280 384]
[1416 -365 -120 -119 440 1054 655 -450 -921 955 17 261 -600 480 -973 68 408 -472 -743 516 -372 -1090 -315 537 825 169 -377 459 -1592 478 188 -592 -47 -77 884 -550 96 -227 -1520 801 449 1112 350 -70 260 588 472 1257 285 -804 -442 -240 333 -574 64 -208 753 338 -979 202 -524 899 799 -994 -729 161 449 605 1144 958 286 -1209 345 -1278 443 -1157 621 1263 312 443 402 251 -1515 -613 467 -1487 884 880 -694 -165 232 -842 -136 -99 1002 -66 218 65 -965 91 -313 139 -1398 -715 138 265 -503 -580 -479 -671 -585 1726 145 524 -1025 -509 626 -465 -86 114 -192]
[177 271 757 -290 -369 -661 -39 382 -584 -65 -461 -396 -734 175 417 -238 -1053 1369 -352 289 570 -815 -986 525 -975 -293 -812 55 68 269 292 269 352 -242 -685 486 -257 -593 -321 -655 131 -1355 291 608 -268 -18 -777 -996 -214 205 -432 -643 127 -95 -386 82 -907 -66 -227 -560 581 -252 -639 357 -1001 -721 -235 -1143 -514 593 -1427 -123 838 -249 164 -229 854 64 445 237 480 -944 1641 713 476 108 -21 -613 932 -629 665 170 820 -666 -610 -816 -1676 -399 -137 -277 -940 -442 -426 59 780 -952 393 429 -37 -263 -1036 -20 -320 -737 520 87 -1288 22 -255 133 770]
[-367 -73 -1178 -442 88 -357 -64 -566 800 1110 -872 693 -707 -376 -158 10 -238 -1088 -858 339 -185 -102 946 175 1040 -883 817 208 -829 307 -825 -329 552 -751 -735 472 -358 249 802 -218 -965 388 -91 171 -930 488 -481 -1210 -66 -132 -370 -489 -26 72 245 -414 728 -1349 -27 320 170 825 507 140 715 828 926 -393 372 -746 193 -10 -146 -150 10 -1027 1157 -540 -459 -157 -951 576 -340 -1513 -964 -1094 845 -529 -1189 -12 -1094 -30 -551 706 -326 145 231 80 76 -532 481 -1238 -343 -295 -355 91 -747 -59 -1121 656 460 289 435 161 -642 377 -514 -90 -144 41 500]
[-368 -751 98 1011 -37 -39 607 1625 -309 94 -1043 -192 656 -121 189 -498 -1184 -324 -105 -515 -164 -347 444 656 -979 -79 -575 -580 -136 -296 427 -182 122 -237 937 -23 131 1274 -428 -1006 -208 195 -664 176 -377 -675 -771 45 303 234 -552 -371 179 738 -744 -501 902 -299 534 -355 105 -1602 -467 175 1360 367 1510 1316 -1152 -478 -629 919 372 1070 -197 -471 -267 -402 35 -476 483 4 611 307 139 618 -540 63 385 1178 763 49 -36 475 -288 -546 41 544 205 165 -271 265 -523 1026 304 -251 1048 666 128 -370 299 -142 -604 1342 425 -818 889 183 -162 185 664]
[-719 800 -1121 117 -690 -713 -702 -165 -228 1630 813 -363 696 154 163 -437 -1304 61 -659 162 324 822 -510 394 242 527 -338 -499 927 -535 384 309 1764 698 -55 -524 60 -133 -15 286 -530 -962 38 747 1041 -119 -729 -224 474 429 -1161 -508 -137 -108 -553 -865 -305 -136 -296 632 -380 962 -1047 -585 494 -100 -689 989 -1335 967 -708 1776 -309 351 790 -951 -342 744 288 358 -363 -325 -1006 -571 -750 596 -398 -342 -1579 1111 892 226 292 -86 -1035 956 -115 -986 612 1046 -320 621 128 192 30 214 -761 48 215 175 1158 -180 -234 556 133 -573 -41 56 747 595 809]
[1139 -495 91 859 1194 157 -522 393 -79 -498 157 -461 527 787 190 -372 -730 699 96 70 633 78 -772 -194 -717 -197 -424 631 958 598 935 741 73 473 751 -113 284 -501 126 274 -813 -732 -81 715 87 -596 -1056 274 -648 -154 661 64 -798 -18 -853 -191 -16 -815 -372 -409 -215 637 -1238 -305 249 295 -526 654 -240 347 -408 447 -269 701 -723 -1381 -948 -272 -76 -311 -828 -253 916 208 69 -224 -798 -196 283 425 374 -692 193 129 -373 23 -176 -401 1325 695 -751 336 892 -499 354 -266 94 141 266 -576 383 292 -1427 -313 -289 -248 -318 639 -320 362 681]
[-295 -174 338 699 -912 150 -610 876 331 -1036 7 871 -453 687 969 -509 -603 789 -352 15 0 426 -121 -387 -529 -657 -551 -313 735 615 733 182 -201 -986 -1433 354 -884 351 73 -1428 -323 -1095 -1113 1454 -326 -173 30 -930 899 404 -402 -170 -781 -207 -729 144 -923 286 1099 -57 668 8 -790 -933 658 615 1010 -60 565 -233 -807 -1 397 -206 576 894 -485 -371 1044 533 1468 -19 600 628 398 0 580 -682 337 -114 219 194 -105 -444 423 -1491 -646 134 -102 405 -126 -95 -74 56 775 -394 -442 918 1001 -12 -788 -203 -58 415 -242 -162 56 -582 -481 528 81]
[-297 98 -1207 189 -69 1008 -379 -755 375 1539 -884 924 650 -920 -423 291 -547 -1041 585 72 -522 -43 -204 -460 691 429 -673 330 -183 1066 461 257 160 -1194 -649 433 430 -753 -134 -154 381 89 524 65 -543 457 235 44 1673 -232 -745 376 397 1153 660 -492 51 465 570 -537 1081 985 -1151 -370 253 -950 28 -967 -928 -611 -240 -1637 -186 -442 -382 -6 532 491 1030 -28 554 -214 -408 -811 1043 -450 -190 -597 -1041 -562 7 -997 -133 -432 -584 -159 1160 1132 -774 -1281 460 1156 -571 846 500 436 59 378 -914 153 337 935 603 486 780 -274 -143 47 -368 515 534]
[-321 -17 -550 -490 200 658 506 514 651 -181 205 321 -964 -527 1191 -597 571 577 -614 -565 15 171 282 561 86 -807 447 741 -224 -946 -1155 120 -473 -324 124 -678 -84 447 899 -1371 279 -145 -427 1441 -994 -11 1367 -288 -20 -216 450 224 -293 757 -834 951 -570 90 1982 -1197 -557 -888 -700 -267 1104 -800 93 675 278 181 -810 -1458 498 214 -1149 1529 489 -612 -259 -1475 435 2 -562 77 -173 628 -651 -540 -270 -262 -1166 980 150 662 606 -947 582 886 1070 194 464 -948 837 103 644 536 920 -499 56 310 -164 -834 226 -108 236 -821 487 1142 -494 522 302]
[-559 -71 -25 -99 70 28 -353 -417 -1102 320 404 612 683 -791 575 648 312 -978 1602 -589 -283 533 706 169 438 -1390 341 -31 490 -202 -319 1359 122 -770 -510 -271 -168 398 1470 39 748 282 818 -183 686 1201 -743 33 606 109 -487 502 140 493 -269 866 202 -112 280 -549 1190 39 -706 81 784 -108 -254 630 -1507 -494 999 -336 -1059 -635 -430 1339 -824 -1306 642 -255 -85 38 -1092 -692 -1060 530 -772 -131 -775 33 -324 483 -129 442 -921 -399 172 497 123 104 -105 183 433 758 284 263 606 -6 -777 96 1155 -686 91 -332 -47 -49 286 837 612 632 759]
[-1022 -65 356 749 997 920 -231 219 866 598 714 1022 327 17 -251 -56 89 -634 296 -7 -120 501 143 -520 445 179 -698 -544 417 -160 281 641 530 -50 191 125 176 37 -301 270 -769 768 -1156 682 336 -1807 -58 283 408 -192 442 -576 -74 1168 -391 -644 -471 155 568 -1133 888 -42 910 -295 -226 654 -32 132 269 -1042 -432 264 -907 382 152 554 -778 539 -686 475 -463 199 337 1546 722 -297 -131 209 9 -646 293 434 53 1270 205 -674 -264 -879 -551 128 486 987 477 -283 -977 262 -1006 97 256 -304 41 -695 -1064 631 72 195 352 -102 -353 -178 -1023]
[-248 -659 56 -55 -625 -396 -710 771 306 -1134 -437 750 -229 144 513 -55 696 413 -1096 -444 164 695 1310 -624 125 -359 827 61 625 192 552 -435 -375 -873 -449 -394 78 264 454 -1246 841 -743 -561 583 -1256 6 -133 249 173 -129 723 95 -197 697 -229 151 -616 1220 126 478 686 -574 221 428 922 319 985 -25 437 -1054 371 -413 -65 328 -878 1248 305 -704 356 892 346 755 210 -301 248 -203 -499 -87 760 463 443 442 -56 228 1016 -207 108 824 -561 289 -197 56 443 347 438 -615 950 49 48 -48 -500 81 -357 750 -191 -541 743 -364 -504 519 858]
[-646 92 -551 -154 86 43 -1451 -455 -185 -87 -534 399 1471 -464 466 934 16 -407 1278 -964 -265 377 388 -419 -645 875 -719 149 1111 1161 -615 1569 -726 251 1011 -1076 996 -816 146 -37 9 -381 127 -68 273 -206 -1189 -581 1120 -509 178 -72 -368 625 -538 -989 1035 -227 430 -468 698 2 -884 -985 -315 598 380 -214 -1364 -323 -411 -650 -693 799 654 -337 -337 -692 -185 75 -634 1637 -555 874 1016 -50 -139 148 -936 252 803 -401 -803 721 -49 1260 -252 -912 1098 -425 325 191 -49 37 -656 984 -43 1159 -359 -911 934 -24 -31 -487 1371 141 400 646 -579 202 -389]
[169 234 709 -421 433 -155 208 -982 -191 104 -551 -526 202 12 -895 -689 -54 -654 254 1046 -777 -552 -1464 -600 294 111 -306 713 604 548 -285 375 -558 1500 -656 -213 1002 -1348 293 552 -454 247 591 -1871 172 324 412 82 -31 -370 -8 576 517 -321 -524 399 508 532 -1231 583 903 221 19 -586 126 -764 342 -739 -823 -68 34 -1310 -325 -410 -935 -806 196 39 81 -666 236 -345 527 -1011 1143 500 -658 747 242 -738 706 -341 -180 -303 -273 -82 2291 864 -1619 -1736 -405 -118 -246 81 723 -524 265 -1016 -792 278 -206 -312 1042 -27 593 223 -993 -532 -502 425 -195]
[43 9 69 1219 556 -82 605 1246 -913 634 -1127 -486 -1227 965 701 -716 320 269 -522 -535 480 -247 162 -709 490 1174 -666 -124 114 -738 706 -227 984 -730 408 -754 589 9 -709 1047 -504 -1147 17 -969 -146 -996 -1094 285 -451 -641 304 748 377 347 150 -106 1043 177 -69 366 -429 -191 633 -915 -103 -304 -1066 481 -591 818 3 82 -482 460 203 -81 -9 302 439 349 844 458 -374 69 392 33 277 967 564 -63 478 -535 -402 -527 703 -153 -425 -595 -886 1504 -486 -197 -91 -500 1080 -141 783 479 340 -1202 333 1590 541 -322 6 -979 -801 -210 365 554 -712]
[-1239 307 105 1114 425 -746 721 681 784 36 -6 -129 479 -1293 687 -665 -506 116 1362 -202 -985 164 -65 -461 -477 20 404 254 460 -1848 -957 921 391 -557 -622 -559 -256 -919 776 66 -465 340 -436 295 50 132 100 -952 101 193 -884 -570 452 1606 263 384 -276 -523 371 -1050 286 -256 870 691 680 -644 -865 -112 -1449 17 -485 663 847 -983 -5 307 -430 -619 159 -784 -156 -1115 796 669 -986 836 -873 -536 -417 -710 -812 699 228 992 -580 774 -398 -347 140 -7 890 181 1290 156 -362 82 257 21 -600 -636 341 -1052 476 -924 858 143 -1187 -632 822 -611 106]
[411 245 -289 -668 122 384 708 -69 883 501 90 300 -559 157 -1298 -118 646 286 -762 -263 -642 536 -211 -35 834 1031 472 -34 -446 380 -754 -199 -1316 1354 707 -1309 2003 -285 -629 1031 -73 629 414 -697 -206 -558 208 -107 -484 -377 1026 1135 604 496 -940 250 2417 5 15 -147 18 -510 -259 -249 -779 235 -179 941 675 469 1021 -721 -1068 567 -267 -414 558 1411 -800 -761 -846 1582 -730 -1638 1226 143 -256 876 141 -630 221 -439 -553 1475 952 -272 1221 -358 122 -533 -1119 -433 503 -1302 447 -1269 -170 -1604 -67 286 75 -12 -15 415 -744 -428 10 122 -432 -636 -561]
[-67 295 -469 1235 746 -721 -118 307 -56 860 -528 1366 -722 -494 362 383 -1299 44 -1232 246 -319 221 -54 -220 657 -499 566 -517 131 46 196 15 308 -81 -1438 -471 -248 -260 69 -681 -775 452 335 -118 -769 1257 669 -53 -357 -46 83 925 13 767 -1684 492 349 -71 391 -872 802 -362 195 -338 664 -264 63 -9 -506 -907 -124 331 -419 173 506 959 -81 -232 853 35 378 -137 -100 -1114 675 -988 790 -403 -317 -160 -1097 -176 98 769 -914 95 -145 892 -11 1134 333 351 862 54 -29 -640 -128 -135 -290 493 245 -176 -459 526 -477 -495 536 -1120 -627 667 547]
[-695 -131 198 -237 -680 96 524 -39 -491 -744 720 -395 850 -759 364 -1254 440 -528 -545 -228 386 902 604 92 144 538 858 331 319 -988 -885 109 508 -361 1132 -752 -621 816 -172 -392 573 561 -283 754 374 321 1005 -84 856 527 -395 -31 307 254 1239 1116 -1420 -835 466 64 -1039 1382 -799 48 1345 523 -230 1294 -396 898 -878 683 -85 40 94 500 -806 488 189 -342 -236 796 -233 90 643 811 360 -416 -580 237 -287 895 91 -531 408 162 350 355 412 304 271 119 755 -860 365 19 -910 -112 -100 301 -162 138 46 684 -142 -1455 819 -335 -341 -604 698]
[388 -1340 -32 753 1295 289 -129 1482 -1057 688 100 962 -1129 2 826 -598 -46 -316 -1030 -415 310 734 986 644 905 -446 -47 -577 -579 -717 1219 878 -185 -325 -233 -457 -206 1096 -298 -841 176 126 -752 1291 -610 1040 1196 85 461 -235 -512 -275 589 195 -862 24 224 -915 761 -267 -572 -317 -214 -769 146 611 490 872 527 283 -65 1252 879 249 665 952 137 -921 1265 -818 -412 145 -443 -552 730 -8 1349 -529 -1301 -764 -1043 -523 -485 132 113 -114 -913 142 -348 1316 99 1701 134 -461 596 -240 537 -47 641 -71 -444 -640 -1168 521 114 -668 856 -206 -285 406 -27]
[-287 -1038 514 -770 537 -217 62 531 -501 -25 -491 -393 -1537 92 1086 250 50 -584 -28 399 210 -780 646 -37 -70 -587 -537 373 -1385 -359 674 663 393 -1315 606 520 -1213 571 146 -1772 1182 687 -131 438 -366 1341 861 407 -74 -236 -1079 -297 679 -1473 675 195 -1349 -671 182 -408 -1035 -116 84 550 629 561 351 783 1557 444 -29 192 2353 319 -606 -29 1025 -1382 861 -563 -30 -284 -81 422 538 -215 -46 -989 -209 -254 -671 -87 1701 667 -700 -345 -584 1426 -360 630 881 615 -641 415 909 740 1043 153 -681 537 -785 -134 417 -295 703 -271 -153 399 228 581 -311]
[-536 -723 86 920 579 619 339 714 -818 75 212 -606 -73 488 453 -508 263 -1073 230 426 -212 229 -692 509 -496 3 -959 -254 -988 -482 466 474 568 -927 322 -21 -422 973 -300 32 1194 1224 73 -254 -88 955 1662 1878 -237 -155 -460 -465 1007 -141 552 -587 -428 -44 -86 -203 -1126 -346 1041 211 952 -591 -341 647 494 -319 179 251 683 -894 -395 523 142 -388 169 101 1286 -1232 -455 894 -305 -540 -297 63 -415 115 -466 -46 1006 400 -370 241 -130 559 46 1364 704 1484 -213 -87 435 1087 92 621 432 -724 -1034 386 -145 363 74 -221 452 -386 822 -100 -437]
[-533 394 -317 1201 -275 40 551 -127 833 1090 743 402 342 -519 -95 7 -378 -110 1091 162 -119 102 -24 -853 -65 -620 -1134 -532 942 -48 410 523 768 -1082 427 -452 559 -630 -824 -71 -591 -171 -134 616 404 -295 -459 415 241 -526 -504 600 -156 -315 142 -764 690 717 280 -454 438 1717 -310 -775 170 -283 -1050 822 -415 609 -906 18 -662 -404 387 574 -875 -57 -960 -180 914 -805 -751 672 132 -93 -167 344 -501 -43 -102 -84 -204 344 -196 -593 710 -798 -644 1291 -47 906 776 588 -151 467 -538 20 -118 -681 43 1092 435 573 480 -9 -501 -100 266 452 277]
[-1013 -286 276 6 -743 -238 470 -170 -268 189 -691 -578 -718 -156 452 260 -103 456 -65 751 -310 -1161 705 73 -565 53 425 -1121 148 57 -251 236 -178 1370 389 27 700 -285 888 83 -628 -16 -305 -625 -337 -151 1088 176 659 466 -374 163 -523 -197 -1145 1429 140 457 54 469 477 -172 757 372 97 1140 1266 -468 -191 -725 -953 699 383 1196 -81 -689 372 -1115 -1657 -662 -976 343 -172 -248 -582 107 974 -402 -97 269 -145 362 555 -238 -392 975 129 234 220 -966 685 -1129 746 379 93 116 468 -844 -1561 208 -784 -172 284 825 636 -255 211 -842 -27 -136 -488]
[-1106 386 238 81 756 -354 839 572 -666 308 -722 613 -1408 319 211 -141 168 158 -435 767 -934 401 660 524 -302 -432 114 204 -613 -1021 -267 -106 296 -436 -782 -1019 -598 -525 176 320 515 746 197 -114 -206 580 295 -359 -1467 -566 531 -309 593 -338 -506 -635 137 497 -278 -519 -61 -566 2513 260 523 -426 -1418 -910 52 -117 -584 -195 82 -1219 413 -84 438 -6 491 -440 1209 -1827 476 586 -597 -445 23 -602 -427 -388 -971 -89 543 911 -534 -161 -497 -220 -950 1273 117 494 -552 -87 -363 -820 -301 152 -444 -822 -416 -446 -519 51 -348 144 -785 -750 14 -427 153]
[-996 300 46 -428 -68 -290 -449 378 1139 -417 87 672 -236 -1604 1297 -189 -563 160 663 403 -200 555 485 -490 -289 -939 -263 284 18 242 -620 508 -1289 680 -493 -143 467 -71 353 -1389 629 -523 457 -513 -541 908 908 -1407 245 89 -568 -35 146 -83 -786 912 -245 301 1357 -1309 481 -936 -736 -124 517 -183 -273 -183 -900 -396 -196 -911 285 831 -741 946 44 -585 -337 -1956 -1 81 577 -488 1001 1322 -275 -1128 -195 -471 -896 -226 197 713 405 -764 649 918 -208 -540 181 -223 1350 75 33 -108 437 -395 1180 483 -206 -1301 793 81 964 -527 -403 -521 -590 -110 -53]
[442 253 28 541 841 511 591 23 361 -305 -462 16 -123 -412 511 -737 316 -142 -147 804 276 569 -604 -47 236 145 -150 1659 536 -838 329 -357 60 883 -605 -827 -331 -540 -136 515 170 -698 967 -5 -73 1136 79 -11 -1671 -610 10 -648 450 113 -104 185 351 -866 -477 -587 -577 525 194 -49 775 -899 -623 -1084 -891 -135 192 1253 -35 -844 210 -547 -144 924 937 -754 -469 -1095 591 -66 385 102 147 827 -912 -645 -684 543 -566 1228 297 1248 683 -176 -168 909 -22 153 201 -566 213 -149 -362 -24 690 73 -176 -630 -522 -948 -87 1060 -1511 -606 -322 448 -40]
[-18 -1010 665 -256 -455 -946 173 1 -189 -599 -671 14 -419 -230 -314 -258 -277 -1075 -1375 -236 -73 1063 -612 1000 153 -416 436 657 -299 -336 -828 -109 230 -244 -616 -312 -33 802 368 -479 -1260 384 -124 -821 -879 159 -101 60 -56 -187 -208 -427 442 -258 -332 375 138 -800 426 1778 -127 -364 -62 -581 540 51 447 289 13 82 413 -426 -1185 274 -956 -80 144 -234 -294 226 -350 633 553 573 265 3 -138 -108 -70 -425 678 680 604 1012 -18 146 1034 -68 399 446 279 -628 -70 -322 -76 -381 338 -1043 99 352 -429 588 1364 443 -731 -302 424 497 672 291 56]
[447 -359 593 400 -317 466 1303 835 421 -1523 -370 -142 -61 560 396 -622 -817 854 -101 -167 757 403 67 578 -933 984 -498 1476 399 -862 38 -577 -172 521 929 -153 -665 230 -491 66 -654 128 -1323 361 -1299 -507 -804 -461 26 156 -17 -875 -314 218 350 -469 -347 -418 78 111 -844 -624 -240 -21 870 -618 475 109 -7 85 -682 167 1138 -46 -598 -919 93 706 551 -661 -94 -1383 904 812 54 -17 -606 -188 726 70 1080 1162 -212 -188 93 36 212 567 -34 162 -538 -770 244 -36 1150 -74 35 167 981 -27 -723 278 -190 -486 831 -379 -955 17 -854 -739 901]
[220 586 701 -248 -124 35 247 -631 274 44 -232 466 163 -571 -701 1279 56 536 424 -262 -321 -105 1370 484 -401 313 614 717 1506 138 -470 134 -15 206 -81 -159 -195 -439 -193 -528 -452 -496 -372 689 -150 -224 41 893 -503 -378 -231 -16 -204 1026 -606 102 359 -747 477 -398 1247 -598 4 -375 -263 660 -123 -478 -866 -651 358 -535 -824 1520 614 496 609 -801 -594 -104 -723 501 -920 -501 -481 -350 -584 340 154 -33 -510 36 -908 2035 689 -247 511 114 -236 -920 270 322 186 259 -113 -158 680 -390 -1097 541 -475 -358 -233 1001 -466 517 -421 607 -367 565 -1258]
[-312 492 520 -309 -267 -118 437 -933 524 285 816 -950 -498 -77 965 -169 303 576 -86 10 526 -476 -738 604 -1283 271 40 198 -9 19 -668 230 835 631 55 -249 120 -909 235 593 -992 -848 -499 106 132 -644 1114 -276 -392 823 53 -685 -444 -291 765 59 -1049 -544 -496 -240 -1169 689 192 -283 -1331 -1271 -688 -1432 747 638 -486 391 583 -673 834 -116 95 -295 -1342 675 -79 -913 490 1252 -872 -26 -531 -775 -723 -471 -575 261 496 -658 -55 1072 -385 -551 382 -113 480 -937 517 -275 -512 107 -550 -838 45 -538 -778 -549 647 -704 -161 345 -1142 646 168 -198 588]
[-515 -1111 825 -731 -453 -603 -397 -79 273 -789 -332 254 504 -770 411 584 -304 -942 -566 834 385 -913 -193 -407 946 -567 719 1414 -695 325 205 719 -102 -762 23 -359 -1021 577 627 -943 1350 -252 -82 -11 -402 1016 529 123 432 270 -731 21 610 -603 1320 121 -936 -40 47 151 53 244 -846 322 715 221 -145 492 415 -397 1514 170 968 138 -1252 -740 305 -617 836 40 -382 -458 607 -1010 1197 956 -901 -1368 383 144 -530 562 763 703 -205 -244 1477 2087 -316 46 185 647 216 106 153 -561 612 -840 -724 638 490 -102 417 429 222 -941 403 -592 709 61 775]
[332 230 -1114 556 -760 -256 -1039 -486 -262 346 -582 1282 979 -825 825 866 -536 -55 -1136 -529 1390 613 501 -350 156 -1285 659 425 -38 687 -209 0 -182 622 -697 -812 225 227 662 587 -90 -407 -139 -101 -313 772 -1042 -962 -1327 445 813 628 -547 1707 -903 1218 1236 97 377 -1218 589 -874 -793 554 -704 800 41 -125 209 -69 650 -210 -644 418 362 527 -374 223 359 107 -744 1137 -789 -535 -955 -336 1643 232 -820 979 494 71 -116 -319 264 549 -1650 -210 1277 389 14 -1384 108 549 38 1408 121 1090 271 496 912 -395 -132 -436 -1142 -158 676 115 -246 -459 453]
[698 741 -123 -1390 450 -497 44 -968 54 -615 1334 -468 562 -1018 -4 -204 -11 858 1203 -1 -71 1445 -381 466 -649 -763 -592 1087 -68 -437 -1635 -661 -393 -283 -419 305 561 -352 314 79 583 429 1232 -350 1442 1680 23 -768 274 198 -275 342 135 -562 -153 1161 299 -210 -577 -479 -844 680 -86 249 -219 -803 -1456 120 80 1426 493 -676 -743 -1156 389 1285 -246 1292 -158 -1253 -384 507 26 -491 24 814 -64 719 -943 -681 -556 -156 364 -1427 -469 -539 267 -976 1257 -1106 59 -402 815 -28 -767 1376 -581 -300 930 -139 359 375 1103 -1384 81 60 607 29 533 -292 -434]
[641 395 -1144 415 102 131 462 385 907 533 -99 93 -274 -426 797 562 338 461 359 -435 1027 398 268 161 67 516 -809 -127 96 17 -294 -1218 521 623 365 -277 378 -756 -578 -225 -1656 -149 140 -33 507 -546 -1194 -168 -283 68 617 -9 -603 1058 249 -110 1177 -8 836 -297 -1279 345 236 -355 -106 -440 -554 -128 305 345 78 -383 -916 791 1362 -228 -376 629 -1006 -755 -171 606 -524 -221 -306 100 -282 1146 -702 491 358 387 -371 1201 -148 179 -151 -1176 347 666 -637 -2205 364 -504 -39 452 -384 632 944 -910 1 -652 814 231 -637 206 -1180 632 -421 -95 -531]
[-173 -203 225 161 438 460 980 60 266 1022 -863 686 -1258 -100 113 -504 -401 619 -713 1013 -245 -419 -422 363 671 -514 774 -351 -153 -145 -1818 -656 295 -471 -194 -1351 657 231 -465 -174 -769 859 439 -1390 -173 -887 1246 -246 -314 762 756 -133 502 709 -1274 195 833 -209 455 -1171 -33 -589 988 -901 -216 -1031 -664 -381 1107 451 -547 -646 518 105 -398 203 215 441 -1222 -94 -65 -482 358 -1080 618 -705 -307 777 -393 355 -978 -582 181 -324 -425 -326 -27 -490 -275 -110 566 -798 617 -1160 330 -452 -166 -161 -1180 -522 -349 -65 396 838 -458 317 -1021 -805 45 -1189 -537]
[226 -273 -398 -751 -217 102 -152 10 865 -143 -162 549 -551 -165 -471 533 827 -317 -623 -363 369 -854 824 247 793 10 456 -37 91 970 429 -208 -60 336 248 938 -636 -6 -113 -895 -454 -124 143 -48 -941 -841 -480 548 429 -708 87 -612 142 -120 -1056 466 -868 -60 1090 551 478 -604 -1411 -13 -120 201 1262 284 638 -716 -253 -737 720 1539 31 -1377 685 -130 393 846 146 869 -436 -924 1176 -267 -127 -677 229 654 846 142 -685 713 572 -481 138 990 104 -27 -575 -824 -461 -520 401 -446 718 -477 -46 1187 348 -147 526 657 437 123 -204 247 -1037 356 247]
[473 -437 -716 -901 -127 -226 4 -160 455 11 96 114 -870 623 -355 331 806 -284 904 -790 57 798 1380 -153 277 -239 -310 -825 -677 -89 -302 78 -58 -1257 -978 766 -759 516 -382 -773 543 222 228 33 363 955 -463 -83 -608 113 68 -61 -102 -322 520 562 -215 -625 763 838 -871 645 -77 -32 354 277 408 1034 1065 449 339 -786 291 -291 545 955 596 -523 622 236 876 651 -1384 -358 -646 -187 -8 -905 157 -312 -179 257 127 -258 -326 -1086 -327 827 778 -94 48 -28 -785 -802 -42 271 -2 84 483 -534 291 273 909 -403 -564 657 -378 682 -373 182 -212]
[-371 188 -585 617 27 -954 757 515 443 293 -833 309 196 23 -182 319 -430 -927 788 -261 212 252 782 239 282 -98 392 -753 376 -487 -670 -601 -637 -833 332 -131 -214 284 -164 -518 -989 891 447 -1264 11 -416 -882 -642 -713 356 338 890 280 842 -686 -927 1458 -614 535 297 272 -1247 79 -757 -180 -148 -312 1149 -434 136 -338 -388 -669 -42 -131 525 235 609 -675 -16 1094 -111 631 -24 -760 -195 -51 -281 0 899 -252 425 -421 -200 71 -138 -1000 414 -225 307 121 -811 -366 135 -1016 340 -18 1298 156 -667 717 607 849 -362 -62 362 -317 -394 -232 -898 63]
[490 743 -79 -501 -11 -180 -552 -827 -252 396 -349 639 989 215 -880 187 575 -269 -854 -154 -355 -61 129 129 831 498 597 395 -276 808 -826 -110 -258 -121 -1480 11 -280 -927 -183 966 179 735 580 311 656 282 -662 -880 978 -4 78 465 366 -314 -602 177 645 525 -493 75 2002 568 -710 386 172 542 -201 -623 -253 -195 586 -797 -1232 -390 477 160 236 1246 1143 349 174 754 -302 -339 872 -419 563 276 563 147 25 -128 -359 -26 501 -156 327 -380 16 -1349 170 195 -978 -10 -731 -1157 -435 349 -114 1203 5 344 -76 598 -474 -553 509 -80 -54 64 529]
[-1218 -844 974 356 -308 -428 1041 -178 360 -232 221 -523 -346 571 82 -1171 -676 -342 -84 434 74 -243 226 -29 -651 -150 159 -790 96 -579 566 -442 39 -652 206 693 -440 -507 320 -51 -238 564 -838 653 -511 -107 405 -16 318 199 -720 -931 -513 -307 257 -108 -1092 27 -263 560 412 163 1646 -5 1083 628 583 -1434 1104 -728 -610 458 303 241 -263 233 107 -239 -1421 -386 244 -293 1390 1363 -271 -570 -124 -1165 1310 -498 -474 362 1073 -99 -273 286 559 138 -734 -374 994 592 876 160 271 -746 -469 -437 98 -451 -1009 57 -249 257 101 -60 -130 -977 -140 -740 237]
[-585 -463 -6 -448 105 327 581 -148 69 -381 -1081 124 -1241 533 -1358 -759 603 -1 -1055 30 -468 -975 1802 0 230 503 2 -356 -496 243 -1014 226 413 -563 170 862 -999 205 -262 207 -293 986 -81 -898 391 -899 -607 -648 -499 -319 410 165 104 -159 -323 -1767 172 -844 1087 -631 1335 523 884 386 1212 1402 381 97 -58 -429 -1855 -409 490 -201 66 -16 295 -463 289 398 727 77 158 -313 787 -399 824 -816 956 399 -228 820 -747 -463 -345 -734 -65 76 -933 -711 618 -910 -1507 -321 362 -492 -269 1410 -640 -406 141 935 35 360 1238 -242 -778 -33 -90 -585 599]
[504 540 156 -730 438 299 281 523 74 62 386 430 -1045 -64 256 -102 186 224 -264 -808 1039 884 1191 666 1017 220 994 -88 658 -1771 -680 498 407 674 155 -398 -231 439 137 -54 -383 28 -635 -409 -842 27 -1 -542 -407 464 703 -795 -509 633 -1232 357 -247 -1060 910 -400 -116 -255 -70 -723 239 -314 546 947 -371 13 264 664 412 672 248 1545 197 205 -205 87 -1188 391 -515 -1276 13 -570 81 -362 -520 18 -303 -257 -1569 -456 586 -97 -256 67 505 -128 468 -689 496 -202 -1241 271 704 -626 350 1122 8 5 276 217 43 466 57 439 -497 176 616]
]
