5760.65439 2930.444003 1.028488794 65
[[61 -636 722 75 -603 642 -115 -946 -485 -386 321 -735 690 -401 671 357 -265 -76 -274 -251 1063 772 1118 441 675 -787 -721 -704 -1048 -365 -319 -321 1018 166 195 806 270 408 705 -371 398 -107 961 -453 235 -692 277 348 -267 -205 -743 610 -266 -97 -74 206 -702 202 462 -793 131 55 -644 319 -861 -472 86 266 -860 -568 19 304 421 -546 92 -227 153 453 -216 -27 -54 -635 -36 242 -543 471 116 536 308 31 446 -562 406 -673 -333 -337 180 -682 174 -599 123 268 -697 127 -351 -502 1425 -73 -206 -51 756 494 522 -160 -814 192 277 398 518 758 1054]
[-253 1352 162 249 -130 -275 583 107 -539 1021 -932 -97 504 -393 -767 -1464 -137 -171 59 51 -549 -745 581 199 -439 -808 501 4 84 -183 1176 92 -153 977 -171 754 1040 -307 276 33 -742 363 -769 112 -104 91 958 69 336 542 -99 -210 176 -194 98 644 717 -25 127 593 -550 -331 1062 517 -183 161 534 395 -56 671 -309 327 72 505 -78 1053 31 -1473 -75 -197 146 -393 573 -456 339 -619 5 152 1006 269 -255 363 164 -530 720 201 11 101 354 197 505 833 1045 -181 611 77 -570 557 164 513 623 -501 -201 -786 697 -777 -130 -655 427 -206 -626]
[-95 239 -230 -122 463 -1173 -465 751 -202 182 -1334 147 8 -172 -226 -684 -61 141 -171 255 -635 240 611 -673 235 121 -32 95 313 -413 -66 -471 -804 -42 -742 746 150 1909 493 6 -549 -187 -183 -31 1030 587 72 -238 20 -12 -377 235 353 382 -398 110 -888 78 860 -152 -1290 365 75 168 -568 427 506 -360 -24 386 -780 -488 332 511 -704 -831 758 350 -273 338 -264 -275 987 -1673 -863 -682 784 448 878 -177 439 -203 -325 -190 815 -205 693 -34 -481 -559 -798 313 388 402 59 -611 43 126 580 616 12 248 -197 -258 912 903 311 -178 -53 99 -907]
[-888 -498 398 -695 286 -257 -876 14 -75 318 -460 279 142 -403 772 749 -434 672 -828 1230 704 441 578 43 107 392 -660 -540 -443 91 -16 -204 76 -266 -716 667 1327 865 750 -22 453 323 881 -217 -176 167 311 -47 712 -347 -605 -214 -108 424 -827 123 -696 -351 -148 -925 -499 -117 -948 -456 -567 1202 882 -327 246 728 -456 -227 743 -509 164 -865 1177 896 320 273 -768 -733 378 -550 310 -1150 220 -221 398 -492 216 -926 -187 790 -303 -275 671 -468 -514 473 164 489 -409 -8 -293 -937 1204 -457 739 44 243 894 -497 411 -248 -49 980 -54 -212 56 -109]
[-15 400 172 -33 -819 1000 573 -201 -182 -497 1379 713 -321 -105 -310 743 806 201 125 -277 652 700 -156 797 409 965 354 -99 -338 109 -780 -707 320 -680 502 -1280 324 -198 -813 14 570 321 -195 -508 -258 -1240 -948 -186 779 -739 174 106 777 -512 237 -27 -231 296 251 846 379 156 740 -635 513 -1299 -347 580 431 -840 1160 169 -127 -307 708 528 39 484 186 1587 615 -527 -63 1171 132 850 647 9 -1117 -793 -59 -169 304 -521 -819 373 -241 -283 142 23 113 -651 -954 -274 -213 601 379 -262 152 -880 462 515 959 -511 -498 -64 307 291 541 78 569]
[976 -994 385 587 904 -387 -187 -162 -1521 -613 -616 -138 -317 -336 252 887 -209 -683 -917 127 -208 234 85 -302 865 -784 -896 352 -635 -372 -1077 -312 -335 345 -137 1695 -467 478 452 -257 546 -691 1371 -612 236 429 -1106 154 -1261 -110 -106 278 222 749 -1204 -215 -1269 -508 256 -518 -546 609 -995 344 -637 279 -129 -1089 -45 -173 -109 132 -85 -601 -408 -880 19 1133 -151 -128 -1498 11 -38 -143 -501 -216 89 -366 1052 -35 1206 13 86 87 67 462 159 217 623 -595 -1209 -125 -1422 661 -287 -1123 199 -188 -350 -254 44 1006 -55 562 68 171 433 12 -209 451 78]
[896 -532 178 442 -16 400 15 -1021 775 232 -86 -1457 445 174 581 -246 -80 -61 512 -347 733 -413 -45 -380 453 -511 1517 -672 1582 -529 -331 824 301 198 -485 -885 -132 -810 949 -374 -160 60 438 310 220 233 731 145 -171 379 -287 -139 -346 -214 274 48 814 329 -54 39 -257 154 546 467 329 -1334 320 202 -902 -161 -576 359 -432 -877 -700 258 -553 -758 -649 -1324 -239 -310 -916 878 319 147 -963 948 57 66 305 454 292 474 -260 -1017 -393 -555 569 -312 685 311 684 20 208 28 -169 -212 -431 78 -219 -250 237 108 30 -386 -432 777 601 -1121 423]
[564 -277 1787 156 -320 -309 -1501 90 -241 644 -179 -2 897 207 1176 103 -1028 437 -4 406 1280 -487 -17 -57 863 35 -562 -855 645 -253 -161 930 -127 -277 -669 -88 730 653 1642 -206 -519 -389 1007 -1017 368 -10 840 185 -64 -268 -512 13 -893 815 207 -407 -141 136 -291 -1005 -1388 494 -1132 -255 -511 -67 1064 -323 -358 -378 -576 180 -107 -336 -161 -1346 1029 578 -149 -1495 -245 238 84 -898 -257 -1247 21 284 756 464 36 -496 -98 621 -379 -1875 250 -369 720 371 474 737 150 -552 2 -174 1352 -20 -423 675 -115 -210 -10 -96 378 512 690 35 568 -355 -247]
[273 -1406 -1851 702 515 808 -339 -1131 1161 -622 962 -1327 -504 435 362 115 582 522 146 231 19 136 704 -776 -9 -268 -834 -1121 -434 -428 -313 378 1063 -196 -68 -814 -1109 228 404 248 556 97 -156 519 697 135 390 -352 490 190 -113 795 -892 -293 -79 -623 -58 162 -406 -894 1014 31 -392 294 -731 -437 -758 893 93 -212 -662 146 324 341 -224 90 -1077 149 -725 -641 577 8 -362 719 -129 850 -5 638 -986 183 211 224 908 120 101 14 -570 -1272 -409 -221 -721 356 430 1041 -309 -358 612 -57 -49 -590 -225 -13 225 1154 -773 442 -418 817 255 470 942]
[-675 -1249 -337 -1236 193 576 -452 231 1420 -228 -67 -74 260 -230 860 783 -531 1586 251 -20 237 1028 -755 -65 -131 599 203 254 -130 181 -306 -436 883 270 -416 -162 215 -1044 -688 -101 627 420 571 64 -764 422 477 959 -404 -268 -17 684 -1214 -705 556 -347 99 483 -235 -968 1547 40 -330 -1040 526 346 -921 388 -754 -60 197 -449 592 489 194 -673 -181 237 1003 -1 638 718 -626 -127 -131 440 -972 -36 -675 1471 -464 -202 -1128 817 -37 343 147 -370 11 274 934 -1381 -112 65 -1419 860 125 -62 -348 83 -939 -735 -226 -25 -1016 -232 -457 305 -926 229 316]
[217 148 383 430 438 366 -582 -228 -405 758 -252 409 423 -1231 311 -526 -910 1313 -148 706 84 -1501 -1055 -97 319 -520 -1363 519 -563 -33 -32 894 147 446 -178 -370 1110 -488 -100 -63 298 293 361 -889 -284 150 1459 874 500 206 247 -146 -146 -141 -362 -327 620 391 280 -553 -605 1115 -325 -177 -352 845 439 418 -43 722 -239 -46 -206 617 394 -13 178 -803 -16 -974 -579 139 -8 -103 459 -580 -325 -1109 301 1172 -329 806 249 340 763 -461 -587 -678 -49 1180 793 767 882 -254 -801 -520 427 285 -50 -298 100 -989 -42 181 1647 -677 1192 -1 1088 -15 -512]
[-387 -406 -369 -1421 -896 296 184 -281 352 -34 181 147 -480 559 -202 337 281 -257 1 -235 -580 1493 -263 447 -307 667 479 -8 -758 212 -37 -567 116 -984 -418 -296 -646 352 43 470 -408 319 -395 244 -978 141 -245 -360 -48 -94 -791 643 -165 -298 1077 110 -827 448 -64 42 982 -314 -779 -900 113 650 -213 240 351 -441 117 -243 1210 484 573 -412 102 404 526 1274 760 624 324 -329 -965 358 217 191 279 -199 -612 -1752 -537 278 -813 371 -178 645 33 77 -228 -1314 -1143 -230 144 702 1312 -41 113 1315 -672 -134 278 155 -1029 280 73 42 -826 14 381]
[514 1247 403 1404 -51 -1031 -207 833 -258 302 -722 524 -77 882 -702 -1352 285 -260 399 77 -940 0 54 -264 -785 -708 -164 -428 425 -508 1795 67 -391 533 -275 9 -437 1331 -38 537 -1202 -591 -1010 -1040 344 263 -722 -764 -387 336 269 1223 -232 1075 -108 -1312 9 196 -845 405 -323 -246 576 126 -1179 -164 -540 236 23 -695 178 628 276 1608 -142 -517 178 28 -541 -124 410 1075 672 -1455 -1646 42 838 470 1097 496 -36 -37 -582 -627 788 -940 82 212 904 259 -651 78 26 208 363 495 -271 528 -675 505 -172 -74 -619 -547 80 88 -2 -251 -691 1508 -985]
[-221 -797 -361 -153 -393 669 -37 -1945 574 -713 76 -1139 386 -385 787 402 668 1408 977 -956 369 942 -868 -853 40 -434 1530 -248 15 -423 80 215 214 -801 -105 -1113 -652 446 92 107 -160 424 -130 955 131 219 572 453 -458 -121 -7 231 -140 41 759 127 95 1537 -382 -215 624 99 143 -425 -460 -978 -619 136 -1106 -11 28 218 73 -600 -280 -576 -29 -316 -417 384 115 827 -878 422 -1167 1216 -541 437 639 -96 704 29 -370 -348 11 -1930 -229 -308 -456 -409 191 208 254 -95 -358 -818 955 37 360 -45 -463 313 226 293 230 31 106 1405 545 -638 416]
[-234 -196 425 -1046 -237 18 -126 -34 266 739 -1574 -2149 1068 -413 608 -353 -830 -762 74 -332 -110 -63 791 137 -564 -967 195 313 1050 705 -429 551 -194 139 -531 -37 -90 -156 248 -416 308 114 729 493 -834 101 2368 1005 -162 797 -1515 -383 61 -1005 175 863 206 826 1434 -345 317 292 -398 1505 573 961 1212 270 -941 314 -1280 132 115 -117 -158 738 615 -775 -515 -470 217 -1624 -367 -97 60 176 -639 633 319 266 -21 -581 264 236 -442 -664 -449 -218 -159 -269 629 915 437 -143 511 194 832 588 -260 1151 166 -1551 -753 133 131 235 -191 338 558 -648 218]
[530 -281 757 -637 -1308 1178 1169 -289 -761 476 917 309 722 -196 -751 -651 285 573 298 -1303 413 552 176 532 1147 -220 1535 232 -1686 22 -374 -353 563 25 309 1469 335 -696 130 -1150 -873 479 -309 -149 -105 -15 817 1262 -403 -215 98 94 -409 -1011 1200 1078 -120 804 432 36 250 744 788 -550 88 -1612 -279 749 -1017 -319 1013 378 -117 -182 96 678 -476 -744 137 738 -295 621 -1165 386 -27 813 -798 210 1466 936 -344 196 208 -577 -78 -235 -387 -210 949 -651 919 -339 341 -1182 -287 609 332 444 39 547 291 75 1281 -642 733 -443 604 -966 1128 -800 811]
[335 87 -106 -140 -640 -353 118 -266 -825 969 -888 859 -201 -1327 -343 -654 -569 206 -1187 32 -58 -573 -683 -41 506 -662 -721 845 -28 -615 -643 71 -480 608 -69 1358 -215 -209 182 238 -1012 -286 -275 124 1109 1294 1122 344 -950 -139 164 -145 58 206 -450 251 -1004 -262 1380 -76 -1258 857 255 -78 -257 741 -248 54 -198 757 -742 -178 -590 577 -329 -904 -210 -154 207 373 -1012 1224 134 -1158 -98 -703 -382 -401 929 1249 90 693 -352 -81 1876 652 371 -142 908 -175 -296 444 1122 240 -489 -159 -292 -64 -63 341 65 0 684 -65 1661 -286 637 -472 195 -309 -737]
[248 -653 -320 779 -472 211 -101 -533 -596 -436 -354 -803 -357 -1064 715 1117 785 -270 -12 -977 836 -340 -78 2 -723 -266 -1767 185 399 7 -1152 357 -261 -848 1144 244 -1666 199 -963 -31 337 -467 681 817 787 -427 -285 548 -1044 -656 -63 -731 596 -203 -989 392 -36 669 550 -214 454 -502 -528 638 95 142 -816 -796 -556 -528 423 14 -2103 -1071 398 -99 245 806 -451 84 259 333 -545 638 22 866 492 -697 -461 -745 688 801 -82 -765 -35 63 144 -662 -154 -654 -270 910 -550 880 -176 -540 281 -351 -169 -1809 -4 32 -184 1266 49 950 -760 876 578 -162 1360]
[-115 -339 123 150 -304 236 16 917 -2 30 594 130 -671 179 88 997 786 0 -1107 -250 1161 341 598 1185 -354 957 -749 -341 -245 34 -1305 -793 -455 -270 -271 702 -47 -112 -602 -308 387 435 633 -527 -222 -202 -699 269 212 -483 -403 279 227 -238 -188 33 -822 -258 -89 408 -297 -126 95 285 408 242 284 57 927 -123 1373 -84 -42 -523 561 110 1197 1723 -78 1034 -52 -267 -354 383 1265 -238 1290 65 -921 -625 653 486 423 137 -1485 679 -71 -721 890 20 -664 38 -1491 404 -350 1195 -564 -249 268 -1073 -116 497 186 1217 -865 528 -104 -585 -427 -102 625]
[116 -377 -255 57 -300 466 -90 -86 -200 1120 -995 672 261 -253 -283 -282 -392 632 -221 423 -106 -1304 -20 -683 18 -382 460 -515 -293 -362 568 917 -88 144 356 1160 690 -1319 986 -166 -524 698 -1055 1049 346 134 909 -28 538 249 217 -994 -737 -247 -682 493 1219 116 -1114 -613 255 -1096 26 -799 -70 511 -212 -301 -83 674 -51 40 -671 364 -1 75 125 -982 182 -943 128 1545 -358 83 1130 -770 -260 -723 1176 625 157 1311 -397 1121 753 1292 136 -368 1003 281 666 -99 1249 -302 88 214 103 206 170 -134 -534 284 -201 -228 1067 -589 -783 -1001 -121 -1187 -818]
[940 -1549 -1435 374 -135 -109 319 -320 1184 156 1242 10 -943 1146 -431 -801 1014 65 -538 297 -352 901 -16 99 -1361 698 -194 -174 -179 -1068 164 56 387 62 286 -412 -1631 -497 -190 -432 -1103 -580 -169 180 553 924 -647 -453 417 -50 -333 1199 -494 -1114 279 -634 -153 279 -24 -371 946 -180 583 -186 -638 -695 -631 552 -28 -671 482 -191 627 730 -345 -254 -1334 192 -710 421 137 332 -66 963 -608 690 -141 423 -520 -265 -945 -427 -288 648 -582 448 -649 -574 -528 346 -444 -1030 -643 -38 269 1353 -77 -539 -34 536 -1086 10 655 1249 -1075 248 -311 -114 -999 544 2111]
[194 87 -140 97 -211 -108 289 810 477 414 353 -327 122 966 416 -425 464 384 18 -17 232 508 1021 362 -426 46 100 -527 535 -556 492 -44 738 699 142 814 -54 -75 -306 -699 -624 -211 441 -709 58 487 -379 286 -557 42 207 1646 -909 -55 679 -1100 273 381 -301 -647 82 563 308 471 -886 -1142 -318 -124 165 167 265 -667 -47 703 145 -36 -718 -401 -561 -664 -428 -801 -50 -442 -602 375 -377 668 -276 1020 -607 -19 78 -665 -561 102 293 -532 -174 -328 484 -387 -475 -38 -299 510 -334 -58 -570 371 -632 -112 745 -285 -1291 12 -712 -614 -520 949 434]
[139 -829 208 -73 -298 264 -276 185 -90 935 -1287 -359 1430 -236 -300 -884 103 -290 1004 96 -271 -795 272 -793 -233 150 1064 -58 -204 320 356 720 -488 221 170 -88 267 19 627 -383 -425 98 -678 673 144 -366 1053 973 960 -187 -659 -178 415 -164 258 947 360 664 59 -308 156 -1497 251 377 197 -10 890 -130 -679 -639 -335 -278 -18 187 12 361 509 -994 -321 88 698 230 222 396 -594 -514 974 -195 376 -850 -27 -381 -408 -137 187 -474 -79 -256 -468 88 -137 392 1020 -1032 927 10 493 543 -39 158 734 -622 -602 -434 921 743 -350 -216 1091 -584 23]
[75 -1189 -524 -214 202 -183 -230 -120 712 -164 -581 -446 -433 -405 311 39 -31 -267 -1138 846 -849 1331 1 238 -620 841 -157 -145 251 56 -168 -458 -617 660 -339 -708 -242 -29 -234 447 -229 -361 118 275 218 370 -192 224 434 -855 -1034 816 173 -318 -963 -676 -1273 -824 984 -88 651 173 597 -414 503 -127 -663 362 -87 -839 -570 144 1000 657 228 -466 -338 506 88 1769 332 -316 42 243 -1103 -58 607 -100 -571 -871 289 -2043 -464 380 283 904 237 -345 -209 -573 -1614 -1252 -762 1169 -195 -184 898 -466 -285 294 427 -20 -132 576 -313 -114 130 513 -523 533 768]
[-60 441 1362 315 -201 349 -140 509 -641 724 -266 29 -155 -503 74 -417 -834 317 -229 363 -64 -1121 -437 420 -528 -594 -879 17 -1077 898 686 508 -521 507 -758 211 556 -42 -1036 317 -55 707 260 -997 -2057 52 751 1282 -749 437 -201 365 17 1196 -116 -389 291 -473 -397 -45 -237 525 -526 -39 -4 825 492 199 665 567 75 -107 477 -393 1454 1088 723 -243 -10 -20 -1189 1023 -1042 549 -343 -748 490 -580 442 486 -189 -41 355 -296 -678 -1333 -433 -486 634 813 -460 1445 -240 -234 -270 -903 279 475 -234 -134 -126 -767 -1186 1089 803 -1035 1437 -359 731 812 -772]
[1662 514 779 556 -674 -695 -244 478 -1046 199 -893 531 -389 -344 -464 -238 54 -1718 -150 -502 612 -283 -389 -280 -633 -231 -1019 576 354 -558 -699 -258 -570 -337 -119 398 -1505 614 172 446 -278 -739 229 -716 509 -36 -513 -151 -1307 -70 -618 334 1114 -273 -565 664 -1203 -282 1187 142 -935 -793 -178 1037 -239 383 207 -540 -892 -836 143 -554 -860 -524 71 334 578 730 -1240 425 -596 1173 -43 199 -1068 -259 1293 -71 -287 -114 788 661 -610 -761 213 62 141 -112 447 -270 -598 -50 -363 -166 166 686 -159 361 -971 -170 -202 743 -93 319 695 961 329 -89 -354 758 -366]
[585 841 278 -608 413 -290 13 538 -128 -880 244 798 -111 81 -292 804 -956 479 -18 -522 -301 -413 -1443 156 217 551 -689 826 -727 331 -165 -665 -1089 -512 328 178 -156 -693 -425 445 439 320 -22 72 17 47 65 637 -701 -249 1068 -878 -352 -75 36 151 227 406 -79 -630 -39 1214 -313 -542 363 572 -413 -488 142 117 619 -544 -510 -252 679 -596 630 -50 986 -484 -491 1237 -1087 5 591 299 -72 -1339 4 1505 814 1567 8 -414 148 622 -237 547 -153 -805 248 -1103 60 44 -891 428 -165 313 -177 -247 -1004 23 -35 -233 1433 262 428 -884 -467 -497 -1304]
[-381 1280 289 -462 -852 -645 278 1253 495 5 -87 -286 74 -56 386 188 -37 -261 18 -1204 966 -65 1373 259 -148 684 -239 -629 1820 247 24 159 -1083 -487 -463 -254 -160 745 94 674 -1190 -35 112 716 321 -106 412 454 -596 -653 -31 -399 -826 1819 523 196 337 25 506 335 -1309 1004 265 61 657 -235 9 -543 907 97 -1094 -604 -586 -765 408 -656 769 569 628 268 645 363 -222 -1645 -162 -243 230 937 -47 91 -10 380 -96 -363 -610 -1240 973 189 428 -722 -234 1430 767 823 685 45 -164 -113 57 178 -589 -1289 326 -46 37 665 -735 -195 81 -711 -1005]
[905 -337 801 -195 415 -707 -374 879 210 -594 1119 1104 241 1276 -667 -132 -928 -454 -26 -518 -353 -557 -647 106 382 374 -1046 1067 -401 353 -624 -46 -470 -154 727 659 -738 -483 -154 -765 -113 -1091 581 -256 348 55 -90 -646 -245 498 1108 -627 -433 -1159 547 16 -56 -10 400 -353 -208 185 -403 1029 304 -405 554 -434 -825 -289 423 -1242 -210 -325 -890 -346 111 -79 251 -1508 -740 233 -530 800 544 -318 -310 240 -1022 851 -839 1282 138 134 428 -467 -874 361 -979 -58 330 -160 452 -1034 -37 928 -1306 -13 60 69 -782 553 -208 -591 874 1047 381 -745 -587 236 263]
[-374 -257 -43 -290 41 -264 -409 -594 1506 -1264 1283 -696 122 -61 0 595 956 178 557 -1310 -144 518 -934 -142 -350 -664 1377 480 893 443 18 108 -238 -520 433 -602 -1650 -352 -1191 -407 338 -764 100 824 59 600 234 -469 -1161 858 796 -569 -79 -434 380 309 101 841 -245 815 611 -185 393 1416 820 -1240 -495 52 -1230 315 995 286 -793 -1495 -987 -453 -339 497 -176 -259 -727 503 -1604 357 926 1658 -1590 833 -652 340 459 1562 -277 520 165 -2004 -660 165 173 -548 571 875 717 -135 -708 504 -2124 -183 303 -694 -193 572 -1194 665 237 83 -25 953 -459 6 1010]
[-1467 857 -190 82 283 46 534 811 -754 -149 -416 900 -639 -23 -39 430 268 581 -701 118 -966 -423 642 298 316 464 -1177 -125 -102 431 553 64 -78 -182 676 12 1492 290 -290 494 256 117 -813 387 16 -496 -891 -1049 311 30 1446 -980 -383 946 -4 -497 220 -1393 -761 406 -526 -211 406 -846 603 221 3 -316 1422 1090 -404 -146 -113 585 -46 567 -252 -246 1166 -44 627 -74 1052 -993 350 -1510 -66 -217 -109 -491 -1025 -769 643 177 1311 794 1093 1150 -197 47 -728 -116 539 538 299 -617 -258 77 829 -325 54 470 440 -1004 -197 -486 -722 -416 -246 -317 -733]
[56 -19 -474 -469 -1010 371 259 1050 805 1231 -43 -208 -1159 736 -702 -211 129 211 448 405 -188 18 757 -194 329 1286 2055 -1068 1582 1029 -1336 -275 231 -932 -268 -651 -757 638 -546 -193 -681 381 -642 789 -166 348 334 -151 -256 -1012 -174 -123 -63 -240 478 -392 303 -397 152 843 224 451 510 -1226 1012 -1043 -648 582 1130 -488 -895 55 -1247 397 17 699 126 -85 184 508 716 -653 14 123 430 -32 372 1385 -528 -779 -1401 -745 344 -109 -384 870 -311 -774 786 -749 -211 310 568 -204 217 -42 -231 -117 304 -102 -200 -488 480 -70 -488 330 -1273 30 693 -1130 -60]
[673 -990 -242 430 92 376 -1400 680 737 -406 -644 -848 91 984 49 -407 -92 -193 636 -186 -391 -604 -331 417 800 1341 -1508 -193 -488 -194 -1102 -419 -105 -491 -786 -431 -667 586 30 -61 494 372 235 -1452 15 -228 -495 778 -273 -531 -459 1538 -420 -198 897 -375 -705 333 187 -1009 202 479 -840 -642 168 44 102 1310 -537 -1415 836 323 418 844 397 264 204 884 358 -848 1186 500 53 -277 -851 -301 749 -66 -493 507 359 -1260 798 -712 -592 145 121 -388 213 -692 -364 -2079 -653 1066 -701 935 1033 317 -1249 -209 -518 -1025 155 722 -369 1729 337 130 693 302 1014]
[154 -106 -434 514 911 259 -67 719 -467 -65 151 390 -253 -699 -601 -1159 -361 673 -82 -680 -801 -1455 787 -21 -70 -655 -744 36 -1487 593 -316 467 -537 -374 946 1393 81 -588 -53 -400 -143 870 -168 361 -309 -259 195 574 -167 116 707 -542 -632 -824 -402 305 1122 55 -372 -71 -189 811 -591 221 -78 217 -635 54 -488 619 311 -343 -968 337 26 1385 4 -666 -62 -779 107 842 -66 402 739 71 -21 -219 435 229 185 1604 832 462 54 615 -1030 233 -584 -1 -173 195 588 625 -529 -989 -673 858 677 -785 -363 -484 356 539 1374 -398 -376 -483 219 -114 178]
[-728 -999 -648 -870 1761 -504 457 759 -237 -74 105 -68 -509 1264 167 229 235 242 -593 -137 -886 672 1 -237 1 -311 408 143 -387 532 -988 -230 -561 -859 -345 1419 -322 835 -177 -840 -306 463 -248 652 -51 1243 -743 -395 121 860 217 -751 -44 -342 164 -554 -784 -29 -349 -22 293 195 -649 -158 -304 1350 859 -696 1287 1634 1 263 391 617 -744 -274 277 827 344 296 -757 -774 219 -341 514 -142 -184 249 1128 -356 -332 -405 -97 1003 -260 335 -135 540 -1178 292 -974 21 -889 -348 282 78 -568 -27 1477 1458 -1125 125 -378 1039 -988 -40 111 -540 -1139 -129 -381]
[348 -1184 917 -38 -653 -99 -150 300 -293 -538 -16 331 933 -23 1240 -268 -286 -186 -20 -1058 128 -171 -1072 287 601 115 -1091 818 -422 -245 -550 141 20 -510 1021 802 -548 295 -279 -1064 -86 -771 384 -804 673 204 -95 564 -219 114 345 871 -84 -455 1319 -399 -963 190 416 -1080 -691 133 -1091 -122 -318 326 462 -928 74 123 812 -590 304 863 -242 -827 132 324 -73 -509 -394 179 579 -934 -857 -10 -390 -483 136 528 -325 -838 -301 -543 526 58 1125 651 -649 -497 23 -1471 -269 -582 -655 -111 503 56 -430 1478 -160 22 873 -254 640 1093 177 -174 -3 210 127]
[-1147 66 982 163 -1406 224 -275 -45 -344 -976 104 469 128 -567 750 446 -851 -564 64 -881 1181 -60 409 92 -248 -885 -716 687 -1160 1003 57 -227 637 -823 1574 375 -186 758 -267 -54 489 -81 228 519 -549 -1175 628 208 -174 -256 -351 -233 581 -324 278 335 514 155 -97 8 506 -869 -1459 -227 -354 1368 -332 -389 -461 518 643 298 -275 -161 543 11 1473 -59 -589 -187 161 -167 482 -122 501 869 -316 -417 -422 -393 99 -175 21 -1143 -541 194 543 676 -747 354 1329 411 -314 -583 -131 -889 575 133 271 -137 470 491 59 -680 -381 585 -604 508 79 30 275]
[-150 -4 -187 -294 -466 840 333 303 -255 -339 1195 -143 -353 810 -57 48 57 -599 -48 -1179 -1493 745 -479 1430 620 398 995 931 -696 1116 -475 -917 -444 -214 318 633 -754 -1166 -1339 -274 167 404 -1295 125 -260 -229 -299 -166 156 -139 202 436 -68 -1321 829 140 -899 122 -609 1320 1491 777 101 -113 1364 -119 -1642 643 312 -662 1093 904 435 989 -22 884 -111 599 117 1392 1265 179 -629 292 576 1178 -77 -76 -548 199 404 -349 641 134 -175 845 -819 1018 1280 -528 -958 -598 -787 72 172 533 -665 518 -658 126 809 1 -143 156 700 277 -228 -873 -75 -676 7]
[-305 291 279 -300 181 141 -541 -588 814 -853 -940 -1605 531 -1024 1607 1268 -7 111 -523 -918 825 718 897 -83 -542 -183 -230 -996 1135 -416 123 -446 153 -226 -483 356 695 415 914 876 -425 209 963 857 -322 842 721 306 -596 -290 -653 636 -1513 830 -221 -28 -172 1177 -435 -354 -169 426 -515 8 -519 -36 -476 -723 -155 881 -556 7 -154 -1346 171 -938 1170 118 482 186 -374 -922 -537 -1269 209 -110 -226 456 975 588 1286 -412 -338 -372 -159 -756 978 -682 -126 -497 994 502 84 1510 -719 -1544 1179 -534 -462 -443 -228 509 -817 432 -122 240 -528 897 -133 -272 -174]
[-132 1100 870 -166 -939 -786 -457 355 -308 417 643 892 -631 -406 -827 354 275 -535 -617 38 244 338 -266 1230 80 767 -843 259 -659 777 121 -183 76 -258 -259 706 -332 -184 -359 -300 -239 -587 880 -929 -983 -9 -603 431 -206 -747 -631 -416 456 603 158 400 262 -149 82 507 96 565 -918 -146 583 942 -95 -31 463 -850 1403 776 -124 -594 617 -491 468 1282 894 -43 229 553 77 -819 895 322 -496 -817 832 -292 -1228 -286 -323 156 -1485 437 -668 458 1104 507 919 -10 -1036 -167 -306 1604 17 -253 -165 -154 -58 -1673 135 911 -1207 -277 513 -503 -339 314 799]
[-128 -575 -134 1094 -111 -197 -613 53 212 -83 940 -378 7 526 221 -474 -514 -586 437 -61 144 -994 612 129 -397 -351 -1862 361 -1028 -681 -37 612 450 85 972 -150 -1182 479 143 -470 -70 -642 -164 -376 964 -446 248 -392 -6 1172 -349 152 -677 -463 303 190 673 655 408 -527 48 -644 -1300 888 -370 197 616 144 -802 -372 295 -350 -256 408 -326 -467 -542 -251 -234 -2236 949 416 569 -504 31 111 236 -890 -772 954 -599 640 454 -107 175 -98 -317 -434 -1023 379 1164 684 374 -753 -52 425 -4 -306 -470 -443 11 -994 -595 369 -127 1346 -483 -81 443 545 1783]
[-199 766 -196 -606 -503 -825 -757 -327 69 536 881 1677 -346 458 59 -554 19 1032 -309 685 288 -370 -923 -197 -834 1250 214 -138 803 231 515 -78 -546 -991 310 -18 -514 402 -624 133 -1191 350 -1082 -16 1235 1403 -109 -988 511 -334 478 -1063 444 -477 114 122 -448 778 -428 -295 -767 625 194 -318 -591 -264 86 -37 274 1060 -418 -653 -827 -318 -471 -360 215 323 -426 1369 -838 -18 405 51 151 -797 -452 197 -486 -468 -241 317 -468 364 26 -963 127 60 -1156 673 104 1115 1241 -353 277 -1417 96 -611 581 -25 -539 1597 -153 302 1819 341 1602 -234 -161 64 -827]
[538 521 81 673 695 -216 -539 -785 -681 -242 500 209 50 -663 -875 -868 -626 491 4 828 -718 -297 -825 -306 775 -143 -415 23 -546 -789 -280 169 -67 564 -780 -655 308 369 1035 666 -791 -342 261 -885 661 148 -32 -244 -312 -355 -614 671 -204 -75 419 -323 -559 184 772 640 -797 1297 -165 -285 -688 -263 386 396 -445 -215 -829 344 1 984 -135 -970 -873 -982 -399 -122 790 -491 1579 -1512 -1001 -181 331 -547 473 328 416 -688 -239 -460 537 67 -796 724 -430 506 -117 354 33 405 -89 -957 629 452 101 405 420 -540 893 -457 1340 -94 473 475 707 152 445]
[626 -708 -1249 473 291 -169 316 671 766 -547 809 522 -1081 -27 -813 -44 187 744 -965 441 -748 -398 -1131 159 -814 1199 -1188 1206 97 162 -343 -450 -158 1109 1053 -334 -524 -1770 -1606 55 1105 -703 469 61 -21 1057 -473 1033 -760 -491 1025 251 -271 148 -334 -751 792 -670 142 -449 429 1475 1024 -532 631 -333 -846 217 1208 -1050 727 202 -219 11 -21 641 -1172 264 770 269 242 130 -612 1056 784 659 -278 -221 -1115 652 -76 1260 703 12 -450 1106 -355 84 -397 189 -912 -762 -324 515 -421 931 -1512 46 -279 -1339 -199 -986 345 812 -59 44 -848 -368 38 227 777]
[-169 21 302 -233 -364 224 78 -26 -483 -447 337 -183 7 -281 -383 404 223 183 -615 491 379 1074 991 217 391 -340 -221 928 144 -1440 -798 -1002 1109 389 764 861 407 -348 -9 -384 488 -641 886 -397 175 -542 -315 -624 -551 -211 -568 1090 -231 -532 -354 538 -340 348 1096 264 16 54 291 -144 -709 -707 -591 -247 -926 167 866 1 126 75 -971 -100 -213 404 -716 392 406 -1344 625 -939 11 555 161 799 -306 550 374 1 59 -102 -258 1433 980 238 459 -382 144 -995 -733 94 -629 763 -81 68 258 -43 244 1110 887 -963 -927 721 -1016 208 -1018 417 921]
[306 354 -1146 -218 -14 -575 1241 -586 224 -134 -604 -167 301 -1444 -351 -1820 -780 388 95 -457 68 507 604 352 -282 -280 -606 319 -1058 -1109 545 -782 725 706 -181 -560 24 1174 -163 -493 -400 454 97 418 899 -228 89 281 823 524 -729 -108 575 -997 -354 638 -133 692 2220 -84 76 567 1245 -495 -778 156 381 983 -948 -405 -931 -314 1129 604 -369 32 -46 -305 652 1146 818 -869 1423 436 -1096 891 565 727 1046 -91 -1194 -243 -573 -590 659 294 -145 -942 -1676 -321 551 -496 0 -2 -34 -182 833 -239 646 556 63 -1050 706 -195 -112 232 397 682 612 992 1428]
[-1636 -141 244 -658 -421 819 1370 -87 -557 -404 277 99 -428 445 202 1153 0 -586 467 -18 86 487 -435 255 151 -114 444 486 -924 637 561 462 -205 -546 585 148 525 -852 -593 93 1091 592 -69 325 -1370 -1261 -954 652 211 287 443 -749 154 970 -61 225 817 -1102 -1165 453 908 -876 -854 -1624 851 832 -748 -780 1010 155 563 383 803 -444 362 603 -406 249 948 1111 567 693 -655 75 -398 -37 -371 -963 419 -949 274 -1111 -26 767 -699 1113 1014 1103 616 157 -155 -1225 -1055 -80 468 -825 774 -126 -172 797 647 203 -397 276 -238 -1069 -219 -570 -720 -903 -1147]
[-652 -166 1142 -559 437 -594 -1492 394 382 -1438 -1300 -836 691 133 1953 840 -960 36 -96 459 332 633 -100 -588 370 -276 -667 -67 1175 455 447 477 22 286 557 -546 42 654 15 -538 1947 -296 524 181 -146 -533 -510 1 -865 784 -59 -256 -386 371 -771 -1306 -187 -500 343 -1477 726 468 -1179 907 201 329 49 -860 -952 78 -256 242 -173 145 -140 -150 565 962 -744 -1231 97 -541 -657 90 -1191 771 -578 -36 -336 429 774 -722 -186 -58 -265 -394 1016 301 -978 -812 -678 -1133 -441 543 -735 -518 619 828 28 47 -614 298 -431 -548 -719 361 -614 604 -894 749 -1135]
[-938 132 348 -3 -514 270 643 -1540 -118 85 626 -584 -373 252 398 -182 630 66 -766 -205 310 509 1120 987 -731 -858 -1717 -1503 -1625 -74 1089 273 1122 -24 516 951 -167 185 913 133 63 18 709 99 -376 -62 15 -951 126 124 309 165 -1286 169 770 325 -182 -626 -1158 -356 37 -59 -733 817 -1046 939 373 273 653 733 -261 52 1033 -320 392 510 -277 -256 837 -767 -208 -328 511 -187 590 -498 -22 -137 680 -471 -1036 -409 1131 -216 730 -378 -290 -174 -211 304 618 1407 198 -100 362 -350 442 -141 201 3 560 143 506 529 -1503 -1035 77 -257 -735 668 757]
[-604 -190 -680 -952 25 360 -830 724 592 320 309 558 36 -139 85 -450 794 649 932 37 -227 -465 -786 389 -268 961 -406 82 -190 571 391 22 515 -747 -16 46 61 -206 -1378 -251 476 365 -429 94 -912 -222 -690 -49 -994 -217 682 -241 -408 26 359 12 230 -869 -524 -428 613 -1337 -233 -307 544 459 -261 -91 -539 548 547 -735 -364 1 837 1200 -225 370 628 -568 273 1575 31 -18 -174 -208 -219 -496 -1122 553 -1115 94 -129 192 -189 -507 965 99 -531 741 177 -423 336 258 -968 -60 -1330 94 494 -266 -566 -49 -881 485 -1055 -153 -179 260 -292 872 468]
[525 -57 395 2 174 201 613 -739 -813 -135 -124 -550 -154 208 -434 420 546 -760 503 436 552 511 -2 -105 176 316 1705 -420 -829 -281 543 -1226 -78 152 -933 72 214 462 556 -111 9 958 -398 -130 -1061 -7 -1208 -364 92 26 -790 -280 477 444 -390 1303 -288 964 -879 698 400 -753 354 -714 -328 106 720 -746 -75 97 553 826 716 -1590 603 299 684 369 155 1078 -751 -421 -236 304 361 297 17 -948 1833 -727 714 -683 -363 199 -1073 -264 317 290 973 559 1026 340 -999 -288 746 -795 235 -483 214 -756 63 1392 -1608 547 -347 -160 802 263 294 -968 365]
[112 515 175 -848 643 -290 582 118 -258 66 -210 -646 628 -217 -176 460 267 125 228 -671 -250 545 -86 -588 -53 -838 92 162 -601 714 126 311 -337 -750 -919 759 -183 553 -102 -653 -667 -162 567 -136 -388 539 733 972 -507 286 -244 -317 720 -588 321 516 -150 1239 456 -115 143 480 -518 1095 -532 222 688 -1059 -993 845 -387 -594 -256 -532 42 -121 441 -641 -1307 700 -1104 -974 -471 -415 -749 690 -914 -180 722 -175 -181 411 -401 -125 -246 -999 -616 352 -944 -70 818 758 -472 -364 353 -795 276 398 301 1337 -628 95 -653 680 959 -3 836 -289 23 254 -730]
[-357 -459 266 -87 425 16 242 804 -1264 1120 -551 795 -242 -950 -523 -19 640 119 137 903 1 170 93 -102 -345 -185 -9 244 -853 85 -740 420 -1072 -413 -587 309 260 1663 -98 -187 -156 288 -56 -1483 33 604 -236 374 702 385 -450 -101 792 51 -785 520 -906 369 672 115 -835 -100 -540 -353 24 337 903 362 448 -132 275 431 -488 333 349 -693 -69 665 -189 2064 -570 -1162 1499 -912 -457 -709 813 -413 823 -948 67 -1312 -488 740 261 -48 17 -388 358 940 394 232 -1058 -464 408 -450 844 -367 334 733 1065 119 -450 271 692 -37 1364 -255 833 65 398]
[418 60 -221 810 219 -438 -139 823 117 346 -974 -461 733 -105 66 -313 304 -195 17 227 579 -247 1584 -278 -1005 915 -729 -337 1029 -175 -380 -423 -367 -25 509 -712 532 846 579 47 -143 -682 472 -118 577 -797 215 154 1092 -1115 -40 61 62 -161 -638 -20 -183 -28 913 -1012 -1151 -723 850 796 -190 -67 659 -112 -530 -623 -1240 -814 -358 561 -558 186 720 -407 131 -4 740 -1199 1116 -762 -1002 -759 374 293 -1020 -1145 -106 -709 192 -84 574 -168 459 -413 -1090 272 97 243 1164 566 446 132 781 -117 -182 -653 671 -321 24 -699 -542 656 -843 665 146 144 252]
[-97 19 -341 620 840 -100 -449 823 776 -332 -922 431 432 480 491 487 -875 1875 -207 973 -591 -194 -385 -1573 -1070 180 56 325 711 163 1045 87 451 357 740 -673 1309 705 -386 -119 975 -297 -272 -196 446 403 932 393 1003 2 400 -68 65 -319 -1002 -1342 1167 908 -651 -1455 82 967 617 -931 -760 21 -88 516 605 332 -276 224 -26 1489 -458 -667 759 -726 -458 -392 -661 -1596 191 -781 753 578 -539 72 -62 615 913 303 -192 -15 567 -9 -80 -266 -1132 362 380 4 1082 -47 -288 -384 907 419 104 -288 -296 49 -488 -1045 931 -36 -361 -246 263 316 -1048]
[-376 354 49 509 1481 294 -868 432 -741 523 -601 302 696 -243 -822 -306 -167 684 -301 1080 -1294 -729 -667 -138 -813 -303 425 228 -1254 673 784 88 -1175 859 142 171 891 -1195 -278 -127 107 537 -740 -540 -645 9 51 1653 172 -744 602 45 111 -381 -1001 -87 290 779 -750 348 505 535 724 -141 -244 277 -282 440 -460 869 343 1095 -656 350 667 601 -94 -852 547 825 -1070 252 -464 335 668 38 -719 -2154 693 813 820 987 -83 406 703 433 -547 300 521 227 637 140 842 -413 -361 -52 -159 993 -804 -758 122 -514 -1271 234 888 -1812 1007 -1280 96 1008 -663]
[-130 382 78 510 -1147 126 -1382 627 -185 -907 59 524 -775 83 107 909 501 560 -27 -537 -469 -567 217 -264 273 147 -1513 463 848 -252 -945 373 -834 -2121 757 -1717 -928 2059 -728 620 318 -929 -850 873 1478 -834 217 -608 -558 17 188 -353 486 530 -243 -916 59 649 832 118 -597 364 -205 -641 -163 -305 -726 3 936 -441 -212 -13 -1614 162 279 -1017 1402 517 -524 -508 1112 399 385 -685 -252 394 1142 511 -583 -380 459 1160 863 -584 618 -961 127 -246 364 -510 -1165 1436 592 512 114 -16 66 276 401 -866 -417 83 357 11 1382 2069 -942 432 781 -465 -725]
[-551 717 -237 853 -139 -946 -1057 129 820 -556 309 38 -382 753 627 -258 -228 -282 -330 954 -220 408 708 131 133 537 394 -282 653 -456 1276 -518 237 312 -53 -172 -480 1061 -393 -442 185 -432 -49 35 543 -311 -1087 -1763 406 311 -231 688 616 697 -479 -852 -598 -1749 -134 -239 -331 -90 308 487 -531 -299 88 -466 848 267 -500 -829 852 561 -862 -41 446 410 -1095 -317 -151 -1238 798 97 -491 -69 734 956 -931 -1162 -62 17 231 136 -426 -152 562 38 -1140 -575 -1271 365 -69 80 218 -1140 -890 -254 579 -347 -49 1324 69 -24 -734 357 -678 187 -758 1125 -310]
[414 145 220 113 -397 120 -342 962 1091 -10 -598 171 119 807 -1192 -455 388 -846 583 -834 -785 -39 -1153 -102 670 951 781 414 687 183 146 211 -1370 -731 -1019 -892 -703 285 200 -155 -718 11 -1492 -954 -372 26 -343 107 382 384 147 320 243 783 738 -656 -186 1002 -111 1160 -182 -10 -97 -484 1006 -391 -67 223 65 -894 1041 206 123 377 -540 -1134 -128 574 -201 451 513 1349 -737 -1333 -803 128 450 334 629 436 310 -150 -853 598 -47 -173 -54 803 1186 -785 -59 -2208 79 272 -419 1774 366 276 -483 425 -1039 -850 -537 159 1041 761 95 -124 -278 -497 -865]
[-332 -305 -1126 50 90 1035 -78 184 -660 389 236 805 -304 532 -1214 192 658 -635 -587 -28 -349 -72 998 -340 1399 -1001 560 -370 -1089 273 -984 -151 449 261 36 1522 135 -375 1314 433 -229 523 -974 91 383 553 -182 -641 -137 39 222 1500 -617 -148 718 -534 -553 -361 -343 527 -152 306 -466 196 -485 -245 -584 392 303 765 -81 -35 -23 787 -373 483 -955 -5 -450 359 -51 -212 303 -487 445 28 -94 744 -119 598 31 214 1033 -149 1056 1706 -769 324 142 -51 -28 -485 52 -9 257 202 -80 174 -141 -59 575 741 1499 -854 -593 -77 -586 -773 -433 810 -680]
[-1537 1671 365 -1294 -1056 -708 -513 121 56 -60 -1279 436 43 -151 -631 452 -547 1499 109 398 -1387 795 618 -385 64 561 704 263 -247 -443 917 -1197 -499 -2 -136 -370 522 1151 -499 1004 -883 224 -982 702 -409 -65 680 -580 -232 -272 430 361 -139 276 278 509 573 1252 433 48 3 50 322 -1071 -503 -394 -263 4 -443 388 259 -757 420 395 501 -346 993 -760 810 904 578 129 661 -1857 -809 77 191 -265 1079 820 -598 -245 -47 -846 308 -172 958 434 434 -1156 397 -1019 256 83 -495 211 862 69 486 570 -1054 340 -395 -1794 388 632 324 266 -90 244 -1217]
[-211 961 -92 -598 -475 -134 513 -424 -386 -59 -5 521 77 -780 -242 199 124 -462 -805 -214 602 -73 112 385 883 -859 -1188 79 -516 674 61 264 1331 631 -439 1668 -9 817 -79 -476 419 -774 1296 -136 -518 214 423 -223 -600 -327 281 -68 268 -120 -531 -614 -187 -463 728 -48 -219 949 -715 824 -945 822 -67 23 -92 933 -351 -450 -444 54 309 -280 291 282 -33 -130 -1371 -1031 -105 -1147 798 1247 -1276 -578 927 574 -827 -84 95 -403 573 223 -316 -333 128 451 997 616 -66 839 -424 -789 -191 -270 241 -201 792 -5 239 443 -138 -1132 748 -48 -23 996 -116]
[-548 -929 -73 -1190 -31 -344 9 -695 10 -904 303 436 -9 -219 518 1158 69 712 -69 442 423 1832 206 -376 737 27 1397 -113 -164 -239 16 -136 -121 476 585 437 464 -61 685 -344 452 -85 824 193 1099 211 -660 753 21 -211 -910 -193 -3 244 -393 -9 -132 406 524 -623 592 929 457 -417 -97 -1249 -405 -1051 -242 -447 -63 -21 311 -750 562 -1885 -1010 -285 36 538 -79 -719 91 -175 -212 963 -780 198 59 215 1338 -127 -611 -307 -825 902 378 195 -183 -931 -33 -489 -877 88 -532 -365 412 -645 182 298 210 527 1274 -1531 -472 -291 9 -124 -340 -411 424]
[312 -29 -205 -259 -43 -186 1471 -733 -1010 -340 -552 11 -783 -1335 62 -258 584 546 -538 -1621 73 581 -380 -159 -471 -323 930 130 -391 -603 -1084 127 -61 88 201 404 -364 -328 509 117 -300 842 -85 646 -247 586 -657 -120 -964 702 45 -735 -607 66 749 466 223 393 117 973 -904 308 797 -235 557 -602 34 -359 335 887 -138 -132 -235 -219 -495 -258 -411 -376 1108 41 96 1439 703 -506 788 -193 107 60 1506 259 54 803 -423 482 38 1062 -472 461 613 -327 -51 -529 137 280 -566 203 -843 -27 385 -133 -917 -976 1314 167 -29 -657 -1336 425 -614 -1108 -151]
[-68 -700 -72 -856 -1244 865 -91 -157 1313 499 -36 -933 522 212 68 153 704 -1987 141 142 338 -111 471 346 -739 377 295 -1436 1433 808 -292 323 946 -899 904 -1185 -280 -753 -12 222 738 120 -689 683 456 -146 853 57 802 -198 -1667 -505 280 -627 -318 9 263 113 344 -313 1003 -1154 224 300 478 -83 502 366 423 -369 -124 392 -759 -848 637 551 -425 -639 48 315 376 -1492 -702 752 1009 510 -268 521 -930 -754 161 -969 137 35 -521 1193 263 -1094 -191 -285 468 -70 1026 349 -20 476 577 -541 -823 -411 815 -270 -575 288 -267 320 -240 295 245 -369 896]
[-22 395 297 187 -208 -466 163 -1453 -507 -351 -258 -1141 810 -1173 657 -295 268 449 -108 -477 347 1066 428 338 -929 -618 -50 -258 389 -1535 1503 74 826 1597 -247 953 1560 -1393 68 -100 -554 -40 1127 -410 -1097 -987 199 133 -617 255 -594 979 -188 -419 118 813 1138 121 155 268 -153 -239 680 493 -425 -1303 -336 -666 -1129 -67 768 -191 1451 -1098 422 1132 -697 -881 173 -688 -145 -166 81 -57 -77 96 -761 270 950 284 142 288 -356 -823 -899 -944 518 -334 951 6 880 303 -556 1041 -265 -404 148 -81 -327 2 -345 -436 254 -161 -767 -1284 -29 929 475 179 616]
[-91 832 1058 58 -806 -482 556 -342 615 796 -376 -255 1053 -970 422 -1377 -1050 377 -96 7 -240 120 -171 1471 -247 238 -101 -126 391 -1338 1459 -153 -56 654 -1204 -846 1667 -431 90 130 -622 85 -101 -590 -3 -232 587 227 1095 143 -761 763 -493 258 486 179 489 -257 410 63 -341 -366 890 -742 144 319 490 794 -487 -681 382 125 1606 281 346 -884 666 27 741 -406 1022 604 957 -50 -792 -231 -212 991 388 683 -1373 -833 -918 -294 106 -322 455 -377 697 -98 211 -778 -242 -37 -268 1451 266 -363 186 1718 -136 -1378 95 -611 -137 -700 511 -62 -217 212 597]
[195 66 -74 -173 646 -876 -811 -400 -402 -136 63 -36 22 -384 211 -728 -1405 -319 428 170 -256 -503 -1549 -769 -1588 101 536 1140 -1193 461 221 -405 -1185 -267 914 -493 -1063 -202 430 725 415 -2 -551 933 -14 846 848 716 -460 436 -70 -1254 20 -317 957 913 393 273 -157 -766 -164 -904 -1122 702 -6 1472 1337 -663 265 887 -500 -575 -451 -453 -192 260 510 -280 447 -500 -225 795 740 786 64 -54 861 -810 -597 350 -105 623 -463 -720 -746 -96 -412 913 -2204 -99 -266 283 804 -1713 169 -368 40 472 662 965 -457 -761 -1248 -478 593 401 -181 -115 -46 198 -444]
[-264 234 -559 628 1013 -298 905 671 -467 -480 385 -450 -1473 -147 -187 122 690 -877 -62 -462 -551 728 -698 -117 -710 -309 -241 1812 -1172 758 285 -480 -833 -165 320 -539 -1426 753 -505 784 276 -347 -115 332 -365 631 -1045 656 -1239 218 72 79 -94 201 -478 -500 -905 -963 238 913 297 674 -23 303 406 1538 -1407 -245 30 437 9 500 -518 107 130 179 -715 323 -484 932 -82 577 -952 -859 -863 628 165 -1018 -17 -34 604 -997 340 -59 905 408 -92 1261 -640 291 -831 -349 -375 794 -55 -471 -444 451 -142 -680 561 177 -349 1084 12 -357 -74 240 -1322 -47 243]
[1070 -111 40 1361 -348 -764 -26 347 343 -91 137 -484 -899 1223 299 -707 83 -430 -251 -79 -462 -232 -497 -696 331 516 -56 -730 73 -1 -386 841 273 -362 -691 129 -1526 1197 1316 -321 -787 -873 570 -596 290 542 -438 -557 -440 252 -427 1272 -513 -487 1027 -1260 256 -631 -633 120 -295 217 -1021 189 -307 -550 511 -463 413 -243 208 67 -185 844 -32 242 -503 -306 -1749 -1772 583 20 439 -734 -3 218 858 -30 305 -190 -684 -721 370 -201 -981 525 -195 -83 -547 -482 114 -851 -1054 127 155 290 475 188 -505 933 -438 -304 679 635 -430 633 -849 -61 206 87 430]
[-541 -192 -256 704 -154 -787 1004 193 -625 -1057 683 134 -166 408 -921 8 -840 -593 -1408 -484 -963 -180 347 -144 -616 -215 205 1447 -118 596 23 -19 -1751 845 925 523 -1177 -1016 -954 73 -253 -332 -81 955 -56 745 195 563 -715 879 157 -851 125 577 -132 -166 774 -27 917 442 -121 1013 -60 838 671 51 35 -186 541 840 304 -320 52 -381 -547 -435 -557 -380 -105 267 -693 186 -799 -223 347 797 -1353 -616 -55 681 541 830 177 90 -800 187 -191 962 -606 -282 -552 439 340 694 495 -96 -753 27 52 -213 -900 -348 16 302 487 -70 -42 -357 -596 -232 -3]
[592 554 -3 -698 -267 600 432 397 -145 830 -145 508 -498 808 -1110 69 -1 -773 -145 816 -186 -629 700 230 -1120 192 718 -472 -372 29 10 -613 652 -1004 362 479 244 -354 -731 -391 104 1177 -719 383 -1115 -373 -1005 -463 -101 326 -134 -444 164 -246 -502 481 952 582 -535 -376 473 253 -130 -576 -266 1151 51 165 852 78 936 323 -427 -642 369 1382 127 138 424 531 -875 -784 -329 1269 1219 573 -141 -91 1030 -1117 -157 592 385 392 -1443 1270 -398 -26 128 3 512 -588 -647 -105 298 510 448 -177 497 -464 -903 317 371 398 -159 -257 -232 -601 -417 240 -399]
[-131 319 225 19 903 -594 -575 567 -1483 31 152 -129 237 103 -1163 437 738 -257 -301 -54 -1353 1185 -256 508 -117 317 -57 601 -1920 819 360 -887 -1514 -224 461 1468 692 749 17 -43 -1016 -244 -662 1176 263 -79 -32 239 152 -231 -306 -536 368 -538 115 661 -1062 112 -37 578 197 -456 -84 520 171 708 49 -908 -258 167 996 632 306 -46 -348 205 920 -199 -455 1292 311 -638 404 -291 32 -561 1528 -851 1246 -1199 345 -759 55 -524 -89 -20 -165 519 -708 -280 -1312 344 -959 -512 683 314 316 625 1053 595 889 778 -984 31 525 1155 -16 -1162 87 -446 356]
[147 1251 430 791 -406 -64 178 710 446 66 201 -308 566 793 -865 293 -334 -1310 -87 -546 -238 -708 231 445 -564 5 -580 -596 1080 314 530 -236 117 -158 -275 -138 -505 -471 -87 828 -442 -92 -1427 212 572 101 448 -1128 -752 116 -21 -432 -282 258 397 -13 -383 -1068 -768 561 23 -821 591 349 51 660 316 474 385 -203 -341 855 -642 711 17 -37 328 31 -138 -727 756 281 216 -1342 1190 -258 338 233 -557 696 479 1094 239 -173 733 98 91 646 740 -374 -117 682 1194 81 256 1297 -1166 341 -700 -601 -152 208 -263 172 -384 696 -1095 -276 -357 50 -540]
[57 706 271 515 -4 -133 667 -1184 -938 319 320 -161 -333 -1680 58 -341 -663 -429 85 -530 1159 -298 -355 321 -180 -851 -751 323 -628 -203 276 -552 1364 952 162 2030 -151 -1116 63 69 94 455 193 238 -347 696 490 -125 -1180 944 -415 -570 111 -993 155 1504 497 -878 611 392 -335 -1092 -739 793 279 569 -146 -641 -552 100 295 6 -459 -1137 -439 1213 -475 -780 -16 -1419 -257 511 -56 339 1066 -793 -232 -365 374 950 -626 686 -463 -1142 579 1632 -79 1 -121 415 1495 700 151 39 -638 -918 -826 278 502 -118 513 -61 69 422 -584 -320 -837 437 109 -183 617]
[-629 314 -1148 590 -215 -646 1225 121 -964 38 -346 548 -787 -691 -1001 -315 673 -383 207 -440 1 -35 -1183 -320 -805 -28 -269 145 -578 50 540 -84 -74 -74 -481 672 -396 869 -744 1005 -918 176 -720 361 563 432 -884 -184 -602 -618 187 -429 1164 1246 217 539 -548 -1514 -474 1209 -920 -1509 398 -1162 278 1294 -129 -102 890 769 -355 -63 675 387 63 -14 -82 208 629 1678 151 1679 1334 -1318 -189 -930 836 -398 702 -961 -76 -676 -946 -396 1026 425 928 615 367 165 -1281 408 624 869 603 -1129 -863 -497 155 452 257 105 -315 1012 -112 -551 2 56 -517 239 -621]
[-310 142 780 -641 302 288 -627 78 -227 817 120 -374 1057 -143 757 1178 -130 903 473 774 345 392 888 -44 780 284 53 -648 -50 234 24 -445 189 -708 401 105 1079 -539 832 -175 422 -350 500 -154 716 268 707 569 39 -1045 1018 3 -406 329 498 585 -561 608 -246 -1231 -581 -213 -567 74 -677 -546 540 -561 -48 80 -36 -220 -883 -138 67 -318 307 241 871 -651 -513 -1385 487 -457 -158 -644 104 597 23 83 -379 -583 577 -523 921 -799 444 -111 -1109 -794 600 287 1069 -889 -188 237 777 776 43 -166 794 780 89 -1129 -618 522 157 -277 478 -122 41]
[678 -200 1481 1033 305 -426 55 1705 -995 -935 -412 604 137 280 376 1085 401 -865 -242 -817 -88 646 2 -245 -111 128 -879 -2 -453 902 206 -234 -184 -916 1029 541 -515 1079 -834 -665 509 -806 148 -144 -38 -611 -1538 -162 -667 176 35 -845 388 -6 -759 -80 -816 172 -401 -460 1033 -667 -21 468 640 107 146 -739 26 -502 864 886 -1140 -290 446 -341 1242 909 -80 77 -402 31 -1162 387 21 470 464 -775 384 -518 135 -291 -1001 -326 62 -225 520 402 -149 -832 -271 420 -853 -1128 167 143 408 459 90 -750 -619 1258 -921 -297 -181 578 41 -601 -435 612 793]
[25 -522 -623 -918 761 744 -37 389 352 -407 680 738 452 -507 -429 -12 207 481 882 413 -1028 181 -150 -707 492 918 -508 -62 -1056 472 -421 32 986 -224 -692 -82 330 -437 311 277 605 -375 122 39 512 -947 -728 -531 544 -678 207 200 -179 -1266 420 606 -165 -404 102 245 791 -1033 -185 -413 470 126 -130 -140 115 216 -241 -946 371 241 623 473 -991 -865 158 -133 758 -416 935 -806 419 -68 742 -700 -692 -125 -446 421 -347 632 1082 943 -290 -3 -1305 367 565 273 856 164 -260 -79 -577 53 -171 -438 583 94 -100 -11 -176 266 -318 278 -89 668 36]
[-1260 101 -850 -964 432 -451 -109 473 264 -424 -242 19 -598 -276 -875 202 125 945 621 -653 -1032 1258 354 -1113 577 -249 -53 598 -1446 4 -881 -1506 -422 323 -125 1086 -451 634 -730 349 492 128 75 169 383 665 918 572 -825 199 81 -262 -383 -928 303 1408 -179 744 788 -99 95 412 475 146 -57 -1093 -216 547 -1002 76 -25 -321 364 -484 -558 491 -495 54 798 878 -87 -82 -218 -606 -120 163 -748 508 363 1626 596 1309 535 -1066 855 -41 377 -657 -15 -1250 589 279 301 418 -741 -297 -724 48 -183 32 -335 134 -1291 -1061 722 946 668 -191 418 177 -55]
[-845 -858 64 -476 -502 -449 -962 1515 328 1261 -913 775 127 422 -270 -1341 -92 -356 -310 294 -1089 312 1204 668 -509 -256 324 233 -850 -524 488 -648 -150 501 656 1740 683 -428 611 -941 -437 -46 -519 135 126 -291 256 229 -183 501 111 662 -1125 -1088 660 626 670 292 -419 -543 -201 -1091 -509 -290 192 460 506 435 -874 237 518 -256 226 1131 -880 108 140 -148 773 -796 649 507 1194 -1275 -183 -734 -354 134 996 266 -789 -150 -409 1253 319 754 276 522 236 -115 972 -952 32 -679 -102 1353 -480 340 206 973 80 -379 -610 -942 122 292 -1068 -1806 -621 -168 972]
[-60 1326 -371 -48 -1007 421 379 632 616 770 -1361 -805 -170 -163 -968 -1276 795 -1299 1125 -711 -91 430 1343 -206 -920 -160 1264 -51 -417 104 987 -95 758 -742 153 -422 -821 955 -263 -153 -647 377 -912 82 -1019 -261 -222 470 -449 518 -1185 186 266 326 179 953 23 622 299 594 954 -1074 1235 211 42 95 -60 794 -1340 160 -185 -66 -51 39 -220 1710 364 121 -385 1207 519 212 -22 -674 -1331 832 -234 862 832 -206 -1140 -1146 -434 -431 -350 -53 236 -446 188 -233 558 -493 815 28 185 461 560 309 -845 214 -167 -404 -1027 11 -843 424 -498 189 -283 1201 199]
[22 138 -299 -792 -406 975 1439 -618 -1460 460 -327 -245 -462 -1393 -829 591 -352 61 -956 -179 422 1481 774 323 -1021 -450 -1119 333 -1043 -286 202 -1008 639 905 -43 894 1085 -1176 17 408 -93 22 972 294 -1338 -665 1395 792 -327 -313 -911 -929 -302 -1237 -715 1555 376 -71 1041 261 1066 78 957 -716 420 241 -571 898 -110 -658 -813 1165 581 -802 290 266 -198 -214 1019 1494 266 -1181 505 774 631 -127 67 530 997 -30 -354 -653 -402 -605 -887 1555 -210 54 1097 125 935 472 -1147 372 703 128 1306 22 668 549 383 -598 17 -1015 -580 -802 -463 -210 788 -785 1700]
[1007 315 540 259 -433 -683 -627 879 -204 1004 -230 211 159 92 397 -593 5 -802 -543 318 87 -341 366 1061 -333 -324 -1211 -349 669 10 443 327 231 1008 333 1977 288 -889 536 -47 -919 -1134 1136 -208 -145 351 44 -67 -812 -54 -500 637 -747 -601 -26 -662 394 -573 -66 -320 -333 -606 -629 246 -314 -295 -535 -1251 91 -320 -231 -327 -754 579 612 369 416 -353 -124 -1244 220 146 348 -656 252 -681 -60 -768 618 1275 -852 -318 -134 49 279 740 349 -242 1120 451 243 51 -688 375 272 139 -412 93 -782 910 315 -135 -267 415 -387 -426 -1158 -818 -729 587 -395]
[136 264 -413 362 733 177 786 -480 -543 580 -601 -1265 -25 -503 -551 -408 541 -80 -523 110 -334 421 1241 -85 457 641 399 -378 -46 -37 -735 -229 -913 286 -2113 128 805 1129 1084 107 -508 401 29 65 -207 719 950 347 998 55 -297 26 -332 -241 -100 313 -899 226 944 700 -693 828 920 617 -18 -241 536 682 528 -787 -775 179 789 251 -175 500 353 97 165 1099 374 -323 -711 163 -540 -1014 1014 9 1301 -93 190 -231 866 -231 830 -518 -306 -943 531 -325 -772 485 465 1035 188 -880 642 233 281 -595 238 -384 421 785 1411 -71 825 95 881 -1110 -791]
[-280 -357 -1269 -270 -23 1072 -190 311 1378 -540 1417 5 -20 215 -129 16 150 -13 362 -154 -31 -213 282 88 1284 294 -43 -423 -1124 -216 -766 32 696 -1100 19 -1370 -383 3 184 -429 1141 690 -875 -459 869 -764 -733 450 546 748 11 418 689 -753 1195 -491 -380 157 146 -81 542 -166 -584 -309 -10 -172 1071 60 385 205 521 -927 495 610 401 216 -370 160 -217 -128 579 227 397 -367 -155 1176 388 292 -1773 725 -6 736 297 -332 -442 1065 -906 -224 -1297 54 283 -444 -42 -214 -930 1097 -437 461 127 109 -411 -279 1153 -146 -910 831 -234 52 446 540 -119]
[209 -731 -693 239 664 -182 -1174 574 990 -380 493 916 433 62 79 -768 -47 1053 539 -125 -343 -187 -621 -432 1296 1426 -853 62 -1139 623 520 -22 228 -36 -628 -816 158 655 40 -341 222 -207 -339 -624 935 183 -722 798 882 -941 551 563 -140 -130 805 -644 -895 -614 -186 -673 -82 1010 -38 -886 -268 202 -281 -120 -420 -283 -595 -837 603 990 -194 -296 -690 313 146 545 734 688 453 -1069 -1274 138 -427 -745 -839 250 -429 -543 -267 546 1059 -1162 368 421 -1760 239 -463 -683 1074 -426 -735 -234 218 462 -405 -178 135 -871 202 141 899 437 885 21 203 1076 -96]
[-94 -906 -1292 -249 222 1381 695 -438 -630 -777 1052 -760 273 -1123 211 477 1048 455 32 -1054 -238 465 788 774 -175 -1112 -680 -113 -1643 277 136 -440 1102 -1000 -1073 471 -108 444 381 353 727 702 -214 352 28 419 562 149 780 428 -516 386 -508 64 797 616 -1427 -163 -259 -188 1058 -1068 -547 72 -679 1199 -12 253 365 1104 -245 505 1200 400 742 199 -456 243 -566 621 573 301 256 -484 624 300 106 361 5 147 40 -412 204 171 484 -258 33 676 8 221 -139 768 -91 366 4 130 295 494 373 659 509 284 502 711 -1067 -66 40 423 -417 592 1022]
[-664 -896 -533 -783 -89 -687 -9 552 1166 -100 -167 355 -118 -233 439 -160 -261 1477 430 -266 495 959 -421 -833 -862 513 -206 991 -981 -49 246 -287 1113 300 648 820 -1337 745 -846 -469 -44 -451 471 202 1546 1852 -54 816 -1311 -466 717 562 -364 -404 477 192 -328 639 339 -957 679 -20 -181 -156 -930 66 -1251 203 -1894 -154 926 -1146 -653 97 -1064 -1673 -408 473 -675 828 -464 845 -298 -686 -755 622 -77 402 -914 693 -513 -139 -1078 -589 988 -13 296 -149 -1910 -891 124 -1180 416 -828 -1204 521 -919 -64 -230 -367 -374 283 199 212 350 1462 -203 -242 -1279 1120 1297]
[1625 -164 451 1376 -173 212 -866 669 672 -410 1000 400 -199 520 -434 359 1419 349 377 -55 429 96 114 -554 316 852 336 -361 111 -396 -588 567 -143 -330 -216 -1336 -599 261 242 -371 -252 -762 212 -624 781 -279 -1138 -136 764 -167 -265 881 -382 421 -37 -258 -230 1224 -1080 194 232 -327 903 402 72 -1658 132 -193 -220 -1866 1057 528 -119 -309 -516 -850 334 742 -938 458 992 226 -305 200 29 492 1344 921 -236 -753 520 1102 -257 1006 -942 -1131 -1046 -977 834 626 -142 1016 -613 -541 370 1759 -341 392 -883 -1227 313 527 189 571 -155 1757 -513 -8 322 -115 567]
[-545 629 -1145 555 417 -437 -382 404 740 -366 -233 760 331 323 -160 -730 679 34 1039 -144 -474 251 -245 -513 -669 1122 116 -51 641 -655 602 -715 128 1027 -282 -949 291 412 -297 710 -1352 -345 -1542 485 946 99 -655 422 917 -1125 928 1090 -612 468 202 -624 397 -466 -111 359 878 -922 1199 -1096 241 -219 -1695 1005 -93 -700 -36 760 267 1465 461 -798 -789 -567 1161 -92 1767 643 860 -573 -999 -451 399 -581 -93 322 -656 -574 -737 -2016 1500 860 162 -529 -810 63 463 -630 652 793 -142 456 -1101 -492 -578 -135 636 -1399 -349 -741 -662 171 -545 -103 397 694 -284]
[57 895 684 419 -860 256 977 999 -14 503 -517 -434 -531 690 112 -1988 26 255 600 -747 -851 674 1517 556 55 113 412 -1043 -394 385 655 -877 475 -700 202 596 -34 2022 -543 -544 -495 770 -1885 -247 402 -609 -608 -932 269 679 -865 -532 53 -791 275 -612 393 732 -271 398 217 98 473 -71 -396 -840 -131 301 235 -296 -148 47 199 703 -137 1447 525 -148 -398 21 1509 -645 716 -730 -673 368 1397 1921 770 -974 -869 -835 451 -604 -168 71 323 -533 325 -1021 -843 281 101 1021 468 -466 540 -146 981 525 95 -141 -253 -830 69 671 -930 78 224 191 -478]
[-1045 -278 184 -400 279 -309 -392 315 -99 -394 -266 29 -298 -70 756 1650 80 -1153 -1194 -175 -111 1451 89 -365 -159 69 -638 1346 11 289 -672 -275 -296 1690 117 1237 -529 -1113 -157 729 976 -544 -53 545 -365 477 161 78 -763 623 -479 660 -138 -203 -635 -349 -1245 -1635 496 102 704 -899 -595 1180 823 182 -786 -351 187 -116 -39 -35 129 743 126 -183 23 -65 -142 288 634 21 -415 -262 546 -704 444 -836 -1244 1051 1237 152 -269 -328 376 1714 121 -18 604 -14 -875 -449 -1029 613 -253 577 -1274 192 -1232 -556 321 155 -782 -295 -675 -160 -1446 -33 -1270 153 -1488]
[1341 -1360 159 49 283 351 -167 -296 379 -119 148 63 -226 792 -132 381 -627 739 512 813 619 -1481 -902 -544 124 54 100 8 -242 -94 167 173 58 441 -10 -121 -1423 -776 -188 -421 435 571 624 -385 -224 828 -69 -515 -494 437 139 85 -358 450 133 -73 357 290 -1091 -667 147 141 -502 -357 -396 350 570 -877 772 -635 443 -955 317 -313 -87 -801 371 249 -91 -976 -593 969 -747 1132 867 -278 624 -768 -63 703 -186 1323 -329 831 -143 -2 -552 -288 803 316 -128 -145 -367 -1053 -179 41 -783 -112 -74 -741 -924 566 -217 909 169 872 -268 -199 -421 -61 -315]
[-349 265 1229 -42 -1189 -504 -460 331 96 881 -280 -38 349 856 28 -626 -29 -43 -264 124 1222 257 1100 -444 -1064 93 1304 -111 597 284 254 -341 -464 262 -184 -634 -127 1254 103 -525 -410 -180 -307 552 902 -734 935 428 5 -1213 -878 11 1091 -240 -521 631 -751 13 281 450 -515 -376 1346 524 -248 -264 202 480 -1306 -6 147 408 321 -498 -949 586 1725 250 -1966 1411 204 156 -472 729 -758 -245 903 795 -641 -1064 613 423 -107 154 -288 -1480 146 -644 -253 81 -588 1311 615 -1404 621 1170 -345 563 35 -450 957 767 -82 12 27 749 147 -111 -382 109 25]
[728 27 215 677 587 -141 -642 -110 -179 -578 -1425 -618 329 -655 542 3 -763 39 -360 168 19 -1076 555 -578 1512 -1000 -855 57 273 -784 -52 202 1248 583 -257 -84 1035 524 383 -701 520 -189 1149 -1599 150 -114 -601 328 -739 1243 -556 654 268 854 -207 -714 358 583 767 121 -1227 1191 -382 194 -336 -860 368 -460 -809 605 -264 -810 693 -427 -907 -751 17 -28 -745 -2269 -1010 -352 692 -976 -305 -778 -546 1023 451 785 277 256 434 -423 120 352 -58 -323 584 -529 150 -407 -37 1297 -1163 -1127 -189 -161 -632 -125 -233 204 466 -812 556 310 -13 806 306 563 -272]
[-227 125 -810 -159 303 -414 1329 855 390 -199 -880 -164 -801 -102 163 -484 913 788 706 -1895 -71 220 -302 -109 -1301 148 21 636 899 -426 -34 -25 -676 -944 -527 -183 -1120 1114 -1573 -160 -228 466 -472 588 641 847 -785 715 -1071 300 1280 -369 663 -28 289 -18 -137 1416 175 960 65 311 1514 127 14 52 -565 59 -561 1054 92 -779 -989 -714 -98 -236 474 191 -406 686 -818 891 -638 305 -334 663 -428 758 -306 -28 -296 1105 -618 -554 740 -1271 402 -314 -526 -441 60 311 326 780 21 200 -1478 71 100 -367 -1361 318 -254 960 1245 532 -17 -77 -656 -177 -164]
[1133 -113 463 884 -473 -199 792 705 -269 824 -143 -132 -8 488 -651 -1471 -361 -295 -54 340 -461 -989 -18 -50 77 819 -198 816 933 -557 -515 735 -787 839 393 301 -385 52 -77 -643 -1368 -586 172 -613 618 -123 412 -220 814 24 192 60 -360 275 -23 -244 -124 -660 1282 323 -730 669 820 53 148 -1196 385 -409 -202 -901 -384 -642 -200 709 -594 639 -1014 -1227 -811 286 108 -461 -109 -243 -889 -811 1071 60 141 14 -946 -536 374 -663 608 -58 733 -453 166 -390 -575 -327 550 -414 583 -7 579 -296 -454 241 139 -300 886 -609 1272 650 158 -258 1054 -726 43]
[398 956 -262 549 -293 144 910 -325 -568 186 570 -1308 -86 14 -482 -774 728 -1629 200 -1260 -997 296 411 1427 -60 -1484 1870 -161 -169 601 126 -625 -418 187 -628 322 -250 -19 250 415 -476 76 -470 375 -1065 241 275 -389 -343 625 -378 -18 -69 -498 551 183 15 74 -644 1563 68 -232 899 849 250 -977 51 531 288 23 -31 1291 72 -194 202 1308 -449 -792 54 1 -49 27 -540 786 532 519 -248 997 1250 278 454 113 1029 -158 -765 -670 -1545 104 914 -102 -229 953 -336 329 463 -65 -1037 26 -156 239 966 -430 -834 236 -709 -1111 -74 124 714 -468 1172]
[-485 -482 428 -367 -1058 259 2 138 -169 -927 103 306 -49 -174 1611 810 -419 -111 -604 -1055 768 861 -440 363 111 -161 -1791 1146 -646 130 -652 245 863 -55 1614 330 -446 -525 -597 -151 -100 -506 150 -243 622 -1505 8 -597 -1186 -583 286 -640 65 -1161 -421 -113 24 -534 91 -708 1056 -304 -25 -598 285 -297 -1030 -300 -1440 -466 685 -498 -810 270 257 -286 -729 -132 -202 -656 478 742 -501 -115 134 521 -622 -1339 -676 326 184 -67 -391 145 370 507 734 443 -315 -66 819 -1293 -698 496 -842 238 632 -834 -1119 -794 43 374 703 -356 -443 413 -1059 624 166 142 1242]
[-173 57 -579 -203 -994 613 221 -65 1150 1243 257 53 -603 441 -259 73 568 -1251 192 984 480 -94 122 9 374 300 1402 -487 1004 603 233 614 1254 -65 -368 -958 -406 426 463 -128 195 49 -1680 480 624 405 776 -888 736 901 -892 -167 700 -738 -207 89 -193 -162 476 652 507 -1196 514 680 794 -233 491 671 -161 353 -578 364 -562 148 354 664 -487 -650 -1573 145 -4 -564 -489 306 1442 323 -577 -90 -1166 -248 -947 -454 -135 665 175 751 262 -528 693 -31 751 355 1047 -674 228 355 -659 -706 84 71 892 739 -549 -411 121 -262 291 143 487 -148 117]
[430 828 1169 -427 325 -161 -1338 304 232 -351 1016 313 47 -47 61 -738 -676 -52 633 158 107 -935 -340 -1215 1587 188 -236 -116 -1140 756 678 79 555 -1302 -77 609 360 1174 2000 194 -290 -514 -313 310 472 424 501 124 -7 -502 97 -886 -258 358 334 1274 319 -295 -570 -986 -902 558 -1558 -1019 -474 897 632 -640 243 344 -557 284 -330 -1023 -110 578 486 21 -330 -1671 -108 799 -99 -764 987 -230 -322 -565 1359 248 -93 -32 -7 491 663 -1004 535 1364 -1296 399 436 1149 1628 -634 383 -824 -7 716 900 745 317 -228 -627 319 1274 82 403 -417 221 -345 -1206]
[-136 -1116 -535 -715 -77 454 99 -648 460 74 529 326 -501 -564 1161 535 186 376 475 -217 795 680 -931 -360 581 22 1235 1051 438 -439 -572 359 705 -1015 -651 -396 -585 -536 75 39 249 464 465 740 -453 1003 -287 335 548 173 329 280 94 -430 -12 447 -810 -571 341 -547 576 46 -737 -450 528 1136 -814 -343 -381 1149 -958 -995 130 -715 -164 137 -829 -213 74 314 -1493 452 -991 638 -546 85 -1881 -490 202 233 -441 -591 -1104 1003 694 -645 164 -251 -1065 850 1342 -175 851 -753 -221 -402 229 -743 -65 323 -479 553 572 880 -428 -896 1127 624 -563 -835 -196]
[48 128 2044 943 -659 724 1004 -304 341 125 -564 -822 914 -56 87 -668 -807 349 209 60 598 426 328 724 -1012 -1070 116 -45 132 -1107 7 -313 498 -212 921 -1456 631 408 -408 -904 -213 77 89 -900 -475 -1336 646 35 974 904 -628 -271 94 -1090 -52 336 1003 903 813 -14 299 -75 951 -604 -192 -337 556 976 -838 -728 1181 1066 233 149 -314 469 446 -677 -86 -196 651 -1383 -27 881 -474 877 861 417 877 -934 -544 -168 172 -41 -677 -410 61 -1337 560 156 1344 -1006 -579 -913 19 1382 1417 -184 459 908 358 -532 406 -1254 -313 -436 -289 628 538 -113 891]
[183 -741 -550 -69 51 -249 1061 215 159 1335 -893 1208 86 -87 190 -652 33 1245 -1321 371 -491 -59 -665 191 -424 -518 -516 233 238 -69 574 71 393 -92 -79 -205 1297 236 -111 -61 -251 194 -847 -720 936 1432 653 153 1038 150 -116 -123 170 169 -589 -1331 214 1330 -150 -1035 -127 801 771 -105 -734 1382 559 427 -212 617 -436 58 744 1451 -147 -1347 395 107 -208 537 -510 407 167 -899 -144 377 -736 41 439 529 -398 197 -377 1254 760 -214 75 -251 -318 922 -25 -383 89 -39 -257 419 524 -787 437 264 -353 152 -163 -481 1099 -508 1392 -282 -449 311 -423]
[833 258 410 336 -303 -213 -423 2420 1093 1048 282 64 -327 16 -605 -1006 589 6 803 254 583 -590 635 -332 659 129 296 -373 2153 168 -1200 174 147 -815 -1087 -726 -408 613 -534 -300 -1346 -243 -63 -863 63 -322 227 448 -649 -952 -557 859 457 -1 -558 -565 214 -5 1052 563 -530 562 940 -910 451 -1031 -878 406 317 -616 -858 387 -1720 -182 351 208 -548 735 -602 249 517 -97 -769 -704 25 564 156 1631 -240 63 0 405 -538 982 39 -525 686 -1000 1194 -150 442 1109 800 505 -191 765 -332 1 -359 -492 283 -928 36 692 168 -159 -174 340 852 332 -88]
[1340 -1183 -396 369 327 671 9 -323 512 75 -292 -87 -337 -1094 550 549 -119 589 -576 1107 406 49 -500 -414 203 305 18 29 -332 -1018 -550 45 483 96 -181 -1310 1325 -590 720 -98 1181 665 564 -659 -337 -506 -344 345 592 379 -1461 449 1231 -800 -816 -625 509 102 521 -1029 -818 332 -94 -363 15 -675 798 -415 142 -323 555 -1363 154 -425 720 268 -451 -396 -1060 -635 -1168 -980 -281 1303 136 438 129 -586 -678 -833 496 -84 86 823 -1006 1050 -428 -767 -905 -284 -153 -1631 -987 79 -1048 -55 1409 -1021 408 -1168 -455 181 1099 581 192 92 128 662 592 -256 1007]
[379 -63 -98 241 660 -50 -683 638 -763 -1329 1695 839 -984 516 -507 121 452 -588 -21 -145 -910 151 553 -336 771 590 342 -630 -192 1053 -435 -161 -844 -1236 -211 312 -485 1281 48 443 -265 166 -790 417 967 113 -1962 -1034 -215 18 -176 -619 -425 500 -791 -166 -572 -807 -45 115 133 338 -810 -993 482 -1016 -363 -456 598 206 -116 289 -372 -575 -34 52 -499 925 171 827 62 241 -217 -814 -10 384 176 102 124 42 522 -401 -99 705 169 258 485 504 -841 -177 -996 438 122 573 -26 -1775 213 -343 254 -33 66 1181 -499 1001 355 91 774 -330 -706 550 81]
[20 -269 83 1580 25 -635 -213 31 -114 -68 -574 347 -427 401 137 -821 -16 -1667 -399 73 -29 -563 -146 54 -699 -180 -1326 667 39 -92 801 96 -710 729 461 792 -227 60 -23 -338 303 -271 -873 -144 509 572 -449 -565 256 1129 -38 127 546 -185 -268 -740 312 -930 161 -211 -486 -786 -628 1052 -448 614 352 -775 291 122 292 -134 8 834 -765 249 -152 -677 -1265 -533 -219 400 -298 633 -701 -803 458 -842 -75 71 437 699 -10 -121 515 809 321 117 -1605 562 -166 -341 -6 -437 475 -771 -467 111 -197 -515 45 466 -232 383 734 149 -155 -665 -500 150 -573]
[112 -1089 925 -242 5 900 215 -825 -139 -127 302 -214 1079 476 -114 -209 213 -1206 217 -263 -296 -479 799 -666 -283 -652 2207 -648 187 277 985 1056 324 9 696 352 -353 -1116 301 -1334 -375 -81 -86 538 -564 -971 92 -839 345 595 -1012 -1042 18 433 -388 1268 579 -224 -592 385 1089 -1014 116 450 327 -1574 707 51 -89 -196 574 897 571 -422 -698 961 316 -40 -95 457 -181 233 -918 1097 506 496 -3 462 1041 -889 143 519 -329 1148 -590 -1179 -325 -155 326 444 202 811 541 -961 962 -730 -177 -76 -85 -87 150 703 -832 -222 -483 -396 -241 424 421 487 1075]
[-397 -275 602 -909 -130 610 -1157 66 1389 289 -17 -727 136 106 1324 778 -758 -1238 -49 -334 51 7 -219 825 591 640 -157 -489 1431 1010 -463 908 226 -1651 -8 -1184 288 -661 554 9 629 -119 -221 612 -362 -17 218 -837 747 151 -432 -1317 -651 -1215 -336 -409 1025 -716 -345 39 743 72 -856 -696 1524 381 315 -360 -227 -452 31 244 -639 -877 -488 940 666 798 231 -595 687 -946 -919 49 1012 70 -1158 442 -50 -875 -848 -931 146 2023 -622 -247 -524 117 -575 561 877 -569 216 494 -225 -281 568 -937 -325 401 312 -538 -1472 810 53 116 -459 965 7 -1213 469]
[-150 283 -539 -371 -867 -107 96 -1146 958 370 -162 -1011 66 -160 -1124 -1441 719 -401 139 -266 238 736 13 108 -593 225 1371 -212 -153 -958 814 -410 -531 47 363 197 -85 323 900 224 -1963 378 -982 1695 150 600 548 236 231 -539 -555 799 -69 305 933 488 -36 854 422 497 -522 -678 448 -15 -644 -200 -676 15 -785 -24 283 -179 502 -148 -161 -291 325 -1332 376 983 666 -31 177 -521 -871 -126 746 754 701 -1213 488 -1046 342 -1467 576 107 -140 -265 -889 -506 70 -351 1140 836 -26 -184 512 -56 487 470 458 -290 345 10 529 133 -774 456 -307 -928 18]
[166 -1373 1671 -258 -966 -395 -1420 728 -439 -197 485 751 98 1073 1013 748 -510 93 -802 1087 894 1094 415 -549 547 569 741 -348 1505 6 -1267 -61 -76 -905 96 134 -245 908 540 -754 384 -630 59 -998 1021 246 -47 -793 756 -275 -1383 -303 -394 290 -672 122 -1082 303 429 -900 -11 172 3 -448 296 -1133 990 -198 -222 -613 -594 1015 211 -159 -822 -1473 948 1994 -31 1080 357 -540 -230 -27 9 -244 109 1459 -66 -62 825 -864 -1006 1511 -908 -1049 1510 -172 975 -187 -476 1036 0 -1220 880 13 830 -138 127 474 -369 1232 -496 -651 57 934 513 -322 -443 -464 -238]
[-645 268 609 395 -149 211 -691 407 781 886 57 1408 562 708 -64 -554 17 438 -69 235 555 -1517 -688 224 -988 327 -1404 -315 192 -214 1006 1055 944 817 412 82 664 -967 80 -103 -889 -40 -154 -331 -205 -363 -188 -190 1045 276 740 -5 -330 771 50 -932 787 -895 -1066 172 -132 -1511 -270 356 -49 1065 219 778 -605 383 523 -123 510 539 -442 172 -84 -98 -174 -879 162 1332 292 587 388 -1839 471 -542 -890 -110 -1262 363 -270 316 258 -986 -426 -284 -554 1943 246 185 862 -541 130 1440 -898 -362 -527 -768 -363 -687 -528 289 -358 -737 369 -589 -792 1301 -405]
[-853 -710 176 -241 397 -370 -489 346 -417 409 -251 -626 19 -290 23 -123 -154 691 -547 391 -171 795 1353 -288 329 159 -629 107 -1212 821 558 -760 346 1485 -64 947 9 1104 -548 -577 419 -307 -84 489 916 128 852 728 -255 -714 -293 -208 -125 378 -495 55 -661 -1061 1022 -620 31 628 507 122 -25 107 -547 213 -212 -332 -941 -297 401 307 -933 -397 -66 553 68 307 341 -305 -136 -920 -620 -410 150 493 329 -316 -455 -1083 113 -262 1572 -133 103 -237 3 -919 -2160 1031 1384 643 -519 -312 -244 355 838 -668 880 -919 -125 86 74 392 -575 -233 -425 642 495]
[1139 -122 21 1067 476 76 79 1234 403 -375 -808 -61 -260 547 381 326 -259 -205 90 -244 382 -790 -349 -471 576 -7 56 165 1154 -228 -334 549 -499 606 -583 -433 223 -342 406 90 746 -211 262 -739 161 -59 -62 238 -698 -256 476 1149 -826 1299 -829 -1374 319 -798 -626 -200 -707 1098 622 -302 -264 -239 -881 -388 -361 -334 98 -22 -176 703 191 -398 93 616 -733 -1463 -921 1234 -1478 -645 93 514 -595 -928 -73 1329 1431 1279 459 161 593 -161 530 174 1541 -310 -227 -1324 37 443 -402 570 -916 271 -1423 -1060 -645 48 193 489 850 243 -552 -195 -561 -760 -983]
[606 340 457 542 408 330 -145 367 -214 -238 1792 652 -463 -180 -41 -50 1073 -1197 -272 -436 210 -451 -69 182 7 759 382 92 682 234 -1184 404 -484 -72 608 -912 -650 -1048 105 236 26 -322 -145 -689 380 229 -959 -69 100 -1004 25 223 287 759 -309 375 45 -1165 20 918 -627 355 660 102 1109 -1503 -25 555 587 -540 610 977 -680 -141 149 942 -375 710 290 423 190 99 144 378 1430 -143 247 216 -1247 -568 132 477 599 213 -384 420 -731 370 379 868 -481 272 489 76 243 927 -1969 -221 -793 -624 825 -860 704 526 -745 -42 -186 105 261 177 321]
[-26 -966 -598 179 -253 883 403 -1025 1265 -245 966 -159 229 -450 279 193 189 -590 -66 -123 1184 13 705 290 605 -930 216 -482 -766 -159 -213 634 1193 204 221 -341 384 -7 874 275 653 195 784 -182 -1063 -10 63 17 149 1221 -59 589 -371 1710 -67 -509 -157 -517 -303 -405 -700 -1074 -397 822 31 -297 281 460 -107 -86 -374 -590 1108 -1089 -171 -703 -696 232 149 -896 -821 921 -138 309 411 3 -131 1131 -1773 135 92 5 1019 1105 -597 -411 -18 -360 249 492 -167 -123 296 425 -1137 -357 -65 -825 -300 -361 827 16 547 365 -1442 -417 5 722 -102 1127 513]
[-540 -315 -360 -794 -266 -466 486 -88 -792 393 -367 -843 -27 746 241 -701 -803 -1394 -529 309 -893 -40 336 553 -872 -1394 -863 1314 368 44 119 564 -542 375 497 534 -505 -682 -175 196 -761 -592 80 848 411 57 591 531 -1194 659 -172 -363 816 -445 116 -568 1 389 1171 214 -17 -456 -775 715 -223 708 662 -354 -532 763 -1709 -471 -476 271 181 43 -828 -743 -375 -592 -474 -640 625 173 -1090 -193 -480 267 -24 157 -576 -1288 115 -681 97 139 -165 1432 -841 -370 -905 248 -366 303 1350 -569 414 -5 -135 1274 -476 -215 160 -178 88 122 -297 -564 -290 -125 387]
[-712 -1231 -588 -1062 180 424 -146 -385 -66 897 -852 894 -695 -887 345 785 54 1704 -1441 605 -1107 463 -1328 -148 -487 899 1086 1050 -867 -161 -680 -141 -749 216 -100 159 99 349 -1444 -267 283 387 -666 1061 450 736 -245 -26 -52 -274 -551 -537 1384 -313 -770 -103 -879 -385 314 232 -258 274 -34 -960 440 1020 176 -214 1296 1212 319 -964 253 393 125 -684 692 321 -8 2200 -1400 114 527 -269 442 -328 1660 -1340 -113 -1210 645 151 -314 967 440 1044 -47 -333 -658 318 -1872 -48 -422 -945 -641 -555 -46 -177 1443 16 -628 474 51 1044 982 -132 80 -550 -129 -321 -270]
[-139 377 768 1280 -1445 897 -49 -1302 -36 -87 843 11 -36 -244 969 -215 652 -7 -244 -228 1232 -270 488 475 29 157 -326 -1150 137 -380 769 1818 576 -143 806 -903 211 40 645 -413 -945 -646 -204 -922 482 -915 -155 -254 1156 196 -556 4 -241 6 172 -1003 1847 507 -390 551 223 -268 -324 188 -338 -1976 -531 -133 -160 31 299 130 -375 -80 652 -426 -637 -491 -895 -406 359 -185 526 63 3 132 154 -219 -322 -634 -823 -65 -133 -406 -902 81 -153 -936 429 429 1133 373 193 327 -56 -716 1058 -1222 -547 231 519 -673 338 -277 29 -897 -77 603 973 121 380]
]
