5570.22136 2917.764956 1.028941112 65
[[297 -512 761 860 346 -673 -82 -490 215 -370 339 -146 -53 870 28 369 34 393 -359 432 -270 -285 140 232 123 -388 -166 -324 73 754 291 -558 5 79 -426 526 42 -329 -221 123 489 -674 -137 17 -746 719 538 -323 302 -521 24 -541 -340 -673 79 -46 -677 -13 -668 749 -143 -665 594 149 -28 -511 427 -262 158 -970 -201 186 -285 -360 -18 -97 634 -550 -1293 -402 638 866 1006 636 -774 201 -385 -449 364 770 -128 -95 652 382 -267 -1123 -340 -681 -128 24 828 -377 601 -169 171 168 178 -295 865 -205 744 -690 2 -463 1192 -1613 -267 351 130 -435 158]
[-225 -128 -669 -197 -212 -678 459 189 -184 -260 -657 -265 -94 455 965 -258 -732 63 -33 153 -11 -161 304 292 25 173 -43 649 731 493 -884 1813 537 -214 224 22 842 -490 318 -58 807 -494 -329 157 142 15 -197 687 553 -523 -423 385 93 -489 -42 -664 660 239 -736 -134 437 -464 985 -430 -826 -13 383 75 140 794 -165 -647 -98 -350 -933 25 -48 593 -383 -14 134 -735 650 139 -499 929 -650 -101 -1106 881 -674 -351 501 591 934 39 -415 -525 704 -195 1114 -417 444 1236 215 -156 -349 270 1012 -958 859 -482 494 49 1527 -237 -219 447 -168 -299 71]
[112 -665 57 613 1119 485 -444 -67 -187 260 28 912 104 -183 -731 -536 1210 749 187 -349 -208 -24 -155 102 -135 331 -2 -490 263 -238 604 -1228 -251 242 290 -170 -351 412 -268 -97 -393 385 -292 -1156 -278 42 989 48 -69 938 -779 -768 910 -682 213 -514 -309 -225 280 642 10 -321 -673 757 125 -625 369 -701 -411 -511 8 217 -213 369 702 132 -160 -824 1073 1014 -573 -171 -1139 -87 92 -1262 631 86 159 -1188 746 362 -385 95 -5 292 1189 -95 1186 -135 -256 137 -453 -336 -239 -726 -433 -441 -1072 163 -549 -32 -661 -184 -657 192 34 -806 -477 -791 -1612]
[157 -264 -1088 80 170 572 48 1585 -679 205 -543 512 598 -387 1301 -748 -545 -34 -798 203 -386 248 577 269 -132 526 450 782 158 -40 -626 876 108 -602 149 -500 532 613 -301 242 439 253 -1033 -634 -948 -669 -267 1068 51 853 -1200 474 521 -865 -462 -497 118 -97 -181 -375 499 -1569 -316 866 -244 9 1076 323 295 680 223 -815 287 -399 -164 -373 -793 375 1243 1490 613 -1109 -1233 -501 -598 567 509 -658 -425 -72 -114 -635 -105 -303 1239 349 794 -374 980 -37 111 -593 106 577 -167 -67 559 107 557 214 -93 -117 -473 -20 57 39 -218 899 58 -582 -307]
[340 -208 -397 -370 1251 392 -247 612 620 163 393 1414 381 478 -768 641 467 -233 80 -421 -281 -77 794 319 -340 -486 -339 54 1001 -674 680 -41 -299 -413 470 -373 -268 699 -200 -179 -80 518 871 -390 396 -885 37 -262 43 757 -1166 -476 191 -821 292 -947 22 27 -618 -272 61 599 -1007 770 -469 119 250 -274 -854 -243 61 -1275 429 -24 487 -31 -764 541 616 519 -501 246 -516 -661 609 -25 -284 374 287 -249 1171 196 -473 339 913 -593 416 -219 -148 -437 736 -220 -311 -128 -254 -352 426 -269 -431 -862 -89 669 -408 384 620 63 -423 -700 970 -672 -1380]
[-123 1312 -635 -1326 -451 543 -539 1017 493 590 372 -450 -166 -4 949 685 -380 -1122 -628 1110 -195 411 213 195 -167 774 271 823 56 -261 -249 921 329 -1164 -184 -686 863 550 1218 100 597 -234 -34 1046 1221 -1075 -54 797 -471 -713 -36 1315 -811 97 171 128 88 207 842 -1257 2 -609 -370 429 -375 295 17 455 -296 1164 -33 -1655 50 243 -148 288 -437 1030 415 -907 -371 -465 613 -917 925 -39 -320 560 -271 339 -207 339 74 -540 -23 239 -511 890 -395 535 -211 -1412 -511 516 401 -163 33 348 502 -801 296 1155 -353 1130 157 -25 109 914 391 -31 356]
[-249 234 24 -727 783 1160 -1041 679 -429 158 426 167 -116 -731 -546 -546 130 -325 39 1237 -396 31 113 244 -407 -150 1246 -243 890 341 572 -948 -360 -692 474 -1343 -337 630 452 567 -281 696 741 193 775 -365 597 -374 -458 236 -1014 -83 -356 -453 837 -452 -90 569 690 -466 -422 -465 -1243 845 124 630 164 270 -257 904 -295 -544 497 -266 405 -231 -878 30 1066 499 -487 -92 -192 145 1094 -513 567 746 809 -864 748 -344 -1515 -12 -415 408 831 927 427 -596 -220 -1141 -826 -956 -259 226 463 55 -253 -635 445 409 62 -802 -1059 720 168 -562 -32 -440 -1177]
[-158 567 106 -628 -724 414 49 486 -95 142 -879 -148 700 -1045 -193 -1274 -58 126 279 -173 -13 -3 418 289 -30 -394 758 902 161 -119 -348 669 -18 -513 1624 -443 98 906 434 336 -85 435 653 459 509 467 -545 -24 -566 805 -1718 580 73 -809 82 -859 753 195 -523 -1685 -81 1017 -639 632 105 420 -294 385 138 1399 -534 -131 -142 273 -123 -725 -745 124 910 775 -175 -704 368 -276 -256 822 40 494 923 -806 -178 -610 -656 -236 1871 661 497 205 380 -1094 987 -394 96 547 -254 265 775 -146 -633 -37 746 800 -122 -873 500 792 -334 -702 109 -57 -253]
[295 -538 229 406 1112 -909 -162 471 -1178 -59 785 540 154 858 614 -799 -43 423 -907 1150 -157 212 392 518 136 1049 754 -545 -310 311 -125 341 480 -585 -587 -13 650 332 7 399 189 -158 -741 -186 89 -668 1493 620 872 -421 -174 351 118 -695 244 615 158 55 408 1102 44 -2296 -83 -352 -16 -14 788 55 267 217 240 -134 161 406 771 -593 -194 18 304 -41 843 19 -703 615 643 -789 60 -832 -860 -230 536 375 590 -165 -787 -18 -136 36 1442 820 35 -972 -117 -395 -359 338 -201 122 471 -530 1096 -242 -421 115 -465 -922 780 557 -326 -901 -389]
[664 126 9 1430 417 -989 597 -528 -955 -16 -190 312 -59 914 689 252 -416 63 -352 -854 477 25 -10 -7 678 -49 -260 -633 -1257 -75 -98 -130 -362 -99 -1151 762 -560 -278 -957 -688 232 -557 126 -637 -942 -264 -583 605 511 -79 798 -652 104 -89 -465 378 -110 -623 316 878 152 -645 171 -1201 144 -486 1719 -136 1254 -1349 -75 399 372 -157 570 -419 -125 135 -365 234 659 -582 -329 745 131 -14 525 -1144 -280 -489 1103 -343 1443 -79 403 -646 275 -1061 310 813 -468 1177 236 -434 -21 -155 154 -415 -174 621 87 -1138 -637 208 -725 -980 473 -33 -989 -453 -134]
[1006 -1077 1344 283 168 -293 -108 -411 -537 -763 258 -804 50 -983 -296 -1896 357 1312 -47 848 -325 -43 517 139 261 -295 826 -416 82 682 -198 -1014 272 156 608 331 -601 724 -1184 233 -1025 -217 -633 -1133 -175 953 282 3 19 405 -610 -105 900 -328 -547 654 69 304 -71 534 -259 -589 524 461 634 -290 -155 390 -183 -876 -49 1673 -452 303 879 -464 407 -842 -529 863 -8 928 -682 1699 -1126 759 84 -501 1332 -636 560 251 5 -609 744 -87 212 529 832 -117 697 108 -150 212 -497 653 108 -570 -659 600 549 -528 -36 -1604 -1005 162 653 -766 231 -49 256]
[264 -1159 -829 723 725 -572 60 -751 -210 -325 -36 525 -454 217 -424 -306 49 -382 381 -1335 -802 193 179 585 -128 -42 -614 189 -69 -729 -355 903 -667 82 -526 577 -1134 110 -812 -646 -824 -4 -793 -1109 -104 -982 -76 292 289 481 621 -696 1343 835 -587 -79 839 406 -179 463 855 627 386 -911 -442 -67 1086 -489 -72 -553 931 -217 386 -2 803 -519 -601 172 -102 807 -525 -307 -1255 320 267 1375 742 -771 -763 -973 1292 310 797 556 380 -400 -94 -1029 996 536 -615 1065 -193 527 -201 -904 -861 149 -671 -861 508 -672 -313 881 -775 89 144 -744 -73 -413 -703]
[299 -412 -11 -903 931 -287 85 -560 -438 -246 227 820 -568 326 -74 181 690 357 1150 766 207 -540 607 93 -679 -407 -661 43 1775 599 40 8 -59 99 812 -365 54 -982 -1000 -353 503 -666 737 -979 422 893 -394 -704 33 -567 -768 -259 146 -925 37 -1215 473 93 -170 283 -243 441 1082 1056 -1338 -812 871 127 130 -642 -823 -479 -358 307 -789 548 -56 -173 -818 128 -269 -557 614 437 -322 250 -554 307 -587 1095 286 -633 -317 666 514 122 701 -318 619 -1947 796 33 -461 125 37 -379 106 38 722 -799 -442 -170 803 -1535 1088 467 -770 251 188 -323 -689]
[81 279 339 551 -769 655 -317 -1289 295 311 376 -1071 -342 -1187 495 271 -295 -671 749 -134 -462 816 -1759 -187 631 618 131 -965 -902 978 -204 -134 -654 38 -521 385 -846 -221 432 -709 -1269 -425 -42 62 409 -140 -220 799 -99 -251 954 154 -316 1645 -10 380 -280 380 1047 39 183 236 -334 -105 400 -434 -14 -15 17 -480 -153 396 -275 3 119 396 491 -411 -90 -436 -1075 -305 676 282 -158 273 809 715 828 -320 683 474 -931 -34 -265 -615 -723 633 407 653 -1313 334 220 -182 -130 -790 -684 -972 -216 516 -518 -500 97 308 -1289 -3 -818 -497 -1290 314 -44]
[968 954 -786 -633 -1110 76 1077 530 376 251 -943 -145 -219 204 846 551 -501 190 -60 252 955 204 -222 -457 599 -174 -489 -481 -625 -851 527 770 -148 -313 323 112 574 356 -303 -241 15 -260 1081 608 -213 -1798 -1256 886 774 479 50 276 -357 188 195 496 777 -430 618 -248 584 477 -510 -500 -95 -638 386 139 -694 352 178 -433 453 -20 133 407 -465 1514 340 -89 -421 -176 -259 -643 885 606 2 914 -12 501 1334 -323 -124 -782 553 -1310 -1129 163 -449 1160 652 50 -124 -271 180 39 638 -590 -789 395 -460 -68 -50 1223 -710 220 514 416 -27 106 35]
[1152 573 111 -171 304 529 -578 960 -396 116 520 -538 278 -363 715 -27 -163 240 -357 671 -374 1427 -68 453 -101 400 -402 -893 131 17 658 -1025 -678 -431 321 -287 -339 1149 -335 -65 -829 -456 -986 -55 -601 -721 681 553 460 1057 57 -45 -568 -345 339 -212 406 -169 448 -669 279 -722 -1068 1082 359 62 198 -372 -1134 -532 5 -268 217 60 579 749 -928 47 939 684 -942 363 -507 109 -78 211 582 267 174 224 1635 393 -1053 -1210 937 -831 -215 510 579 619 -92 -1051 -757 -683 -316 -344 68 -978 -543 -656 -248 266 -644 503 -450 -414 -247 476 203 -1162 -2023]
[-414 129 503 576 772 -335 -21 -251 -669 739 -436 -951 251 -280 206 337 -311 -154 21 -1704 -366 116 -1163 181 716 -80 -682 -1181 -463 462 51 -229 -50 155 -392 535 -666 244 -8 -1188 -29 66 -62 -248 102 150 149 687 -141 343 1509 -935 -389 812 113 -307 31 -813 -587 -249 -553 828 -482 -894 772 590 -452 -440 -332 -655 -160 1085 -87 -22 50 -151 -645 -714 -148 -437 -375 319 -161 902 79 -375 -315 -865 286 -979 1076 -97 -223 16 516 -24 390 -372 -124 599 -763 1087 342 660 -852 -339 -784 369 -615 -12 -355 -700 -156 445 -9 282 -231 -1016 -601 507 -580]
[636 -295 -12 579 97 263 65 -30 1166 -528 386 339 -498 -234 -873 -658 -368 -619 -483 44 -811 -563 533 -327 305 -766 809 -41 -208 -600 -86 379 505 -23 -130 -335 -1186 535 204 339 -452 0 390 122 526 213 -710 162 -55 -2 291 -307 926 -187 -11 51 133 444 -113 737 12 559 -65 -1053 592 226 -966 708 474 -224 52 474 -377 -424 648 -376 204 748 -699 -138 -635 587 -574 311 32 846 -352 674 1308 -693 490 1429 891 262 81 -473 284 52 -651 -653 118 617 -163 643 788 217 64 -111 -131 -30 84 -30 -435 208 -356 -226 533 -1625 991 87 955]
[-550 745 122 -317 -799 -425 -64 -764 -264 -413 124 -482 735 363 1 326 372 343 409 -621 1021 942 594 185 -138 181 -146 493 288 -245 -467 727 124 -320 593 68 1116 228 876 -828 -167 -201 789 206 1516 242 525 341 545 -260 -785 739 -674 -652 -373 262 737 -218 668 -1404 -301 614 -339 77 -261 285 504 -324 -9 -231 138 -353 66 398 356 858 431 595 -272 -513 -24 -835 1208 -403 412 -957 -866 696 -158 -438 -52 1184 -35 -687 1286 779 93 934 385 -284 264 139 -160 271 -16 -165 -350 -519 -900 -373 152 577 218 766 932 364 551 -1242 -891 -369 -1487]
[-730 215 186 -791 183 931 -9 -976 -267 55 175 -591 -708 -505 385 531 -34 -941 -213 138 530 -27 -83 311 -63 -136 322 520 -874 1121 -941 678 106 -867 -718 109 852 -455 251 -809 -507 224 323 -352 1120 -519 -46 773 -408 -1237 379 363 -713 538 -214 1113 182 868 939 -239 161 -283 -285 263 -299 -695 1094 439 473 268 500 -348 535 -115 288 154 542 -308 -562 -791 -380 -865 427 -69 807 547 48 1004 384 -1212 371 306 -206 -175 391 405 90 300 411 329 -913 291 -204 469 244 -408 -538 482 120 -4 164 -511 999 11 -945 745 -35 -139 -838 665 228]
[361 -3 849 163 954 -74 -2 -654 -378 -1076 -469 -650 -621 -66 1072 81 -1348 4 60 141 192 -20 577 357 714 -55 -110 -380 375 1930 -1345 -198 142 -234 -674 -131 -815 -835 -484 -123 -685 388 -321 -637 -988 93 -467 488 390 -128 -813 -192 340 -699 -377 -801 -1002 595 -611 695 434 -1661 -102 -395 -332 576 417 -265 -10 -157 -826 -344 547 -1668 -157 746 -96 -270 84 1105 -622 -717 592 1583 -818 1218 133 291 -59 59 213 -88 -430 294 1822 -504 -95 -846 1405 385 1310 240 -703 -130 -76 -447 -60 -1147 663 -868 836 -1573 641 -1310 -336 130 -1151 -741 -1297 -709 -453]
[-901 976 -950 -499 -655 -225 909 -489 221 231 -597 -66 -701 645 -666 687 227 297 551 -1364 1123 203 15 -112 64 -1065 -88 840 -657 -375 -309 -218 -899 528 193 61 199 -648 -308 -167 -626 -390 -316 661 -74 3 -1047 -1392 -472 48 1393 244 -74 639 705 38 1018 618 513 -1028 834 1679 703 -487 -741 -685 497 -439 595 548 137 102 393 886 47 322 -261 768 390 652 -714 -578 384 -174 889 395 868 514 -1816 -601 -635 -785 457 410 287 761 -608 -388 -520 -478 -387 837 314 -686 937 -528 67 494 -685 -366 379 302 189 209 -379 334 288 -4 340 289 203]
[-491 -529 -428 -118 1495 867 95 1076 -842 364 121 1475 228 -495 -553 -137 613 -443 -50 363 -665 -500 579 -281 -1284 -286 214 94 670 -264 -137 -317 41 418 -687 -498 465 -802 -981 419 756 962 197 -1092 -1096 42 142 -520 -420 -78 -651 -888 581 -663 -393 -419 -258 -385 321 1199 342 -385 -606 491 382 140 571 394 487 -456 398 19 767 -849 -600 306 722 31 414 950 128 -862 -1277 -1182 -261 -653 -51 -199 347 -481 -339 694 228 255 -255 993 2046 -304 -854 -1131 -714 85 -772 -135 -195 889 162 670 425 298 -1591 -351 898 -231 -376 1757 333 46 678 -217 -260]
[-529 282 -1185 -391 -82 751 -153 1071 274 104 279 -100 625 -1185 691 139 -1401 -827 -316 270 -921 1217 182 -139 -763 -88 288 810 133 503 -855 1055 -70 -379 -540 43 485 -373 -578 -226 -216 519 -1108 -581 -441 -537 -471 194 -161 -716 954 374 -368 1276 -723 142 707 -11 37 -765 1207 28 -227 817 -406 79 -490 1439 311 -294 1128 -346 960 -812 -1322 -110 415 21 84 -90 -19 -420 -642 -527 -624 560 181 -40 134 565 -77 119 -745 145 1052 779 -215 862 -783 -400 -1094 -202 -8 608 -876 795 169 1134 854 257 -1209 -265 707 495 -209 1262 -331 607 1265 146 80]
[425 -380 40 244 -607 1543 -234 726 -399 351 582 -261 -226 -577 95 -551 140 -94 -395 -265 170 702 -372 544 -429 -662 43 202 -847 -511 -9 198 -334 450 42 59 98 944 -154 -237 -741 -138 -1260 254 -809 577 34 736 103 1114 730 -594 -525 -555 39 717 968 -15 401 -1183 -285 269 -695 949 964 -370 -52 -564 494 -267 639 1178 -307 -545 522 185 -890 -191 513 877 -84 -261 -1741 -324 -1222 317 644 1092 27 -41 -269 -2 -368 -692 268 327 1630 -360 226 39 -1501 273 193 139 1018 -246 -167 -14 -213 819 -918 -364 -877 239 -479 -28 -90 809 44 481 -799]
[546 1036 -750 -731 -1078 915 -521 -317 343 418 177 -961 -407 -787 945 498 -399 -888 355 949 245 -87 502 -130 83 397 514 283 830 -1141 -285 -76 454 194 62 -550 675 -280 246 -811 412 141 962 -111 -102 -668 -353 1195 -416 -460 -718 -60 -64 180 -569 238 -1020 150 1164 54 -309 -1142 252 238 -185 641 969 -113 -232 -69 -48 -1126 424 -994 -4 912 59 1244 424 688 -789 -1660 -220 -397 -189 -291 292 226 400 -106 -906 10 363 -539 -104 849 472 764 -706 947 13 -242 -765 615 486 273 -49 -62 -116 287 -337 -879 242 535 -1399 600 872 320 -1134 425 -36]
[479 128 -425 125 -742 -1253 747 84 102 -822 -537 -159 721 -254 -151 -1062 272 1116 1212 -740 371 1204 -20 -569 -114 711 -233 90 633 -304 -343 834 115 -116 934 966 396 643 96 154 -949 -144 -286 -637 121 -353 -287 510 776 1226 -740 102 777 -235 -118 -961 1386 -743 -73 -167 618 959 -491 -726 17 -6 -1868 -91 -1332 -328 86 120 -119 -14 128 670 762 1117 1042 21 -1264 519 -1106 3 -250 -318 -373 709 -247 750 1540 1698 -28 -271 1389 288 -819 938 660 114 850 642 -310 455 -671 -77 -179 -1347 -1393 -162 -537 906 -336 848 394 1431 707 -2086 490 -678 -1552]
[-262 -380 -610 -293 708 843 126 2046 161 130 -1759 -294 420 -442 4 223 15 527 -1167 389 -1030 -179 -75 190 -633 -544 -1242 821 842 -626 655 -721 -191 49 -364 -847 -180 709 -283 557 362 665 -1021 -608 -936 -763 384 63 -112 1229 604 -510 469 100 -106 -957 175 -478 -551 -549 417 -876 -462 989 3 434 -572 157 -937 288 941 -77 199 -351 -511 -61 -318 -317 -150 1020 -325 260 -293 -572 -186 779 -211 -589 278 -497 198 390 -691 -318 952 271 115 -100 -724 442 23 -379 -646 265 -547 438 209 903 -489 -375 -282 743 445 258 272 642 188 238 1587 -322 -616]
[619 -397 -477 225 -52 -530 -1009 1293 -148 -475 1231 153 299 56 677 -192 -1364 -573 -740 353 -1017 839 314 157 -480 1465 -491 -187 329 256 -735 1162 -5 332 -252 -317 -1134 315 -254 -148 -216 -250 -1638 -203 26 -336 -103 359 1033 418 487 758 34 21 -1395 905 -263 -124 602 330 300 -596 648 -629 272 641 -147 -175 -552 -196 594 163 194 -363 -343 751 -730 -2 -278 184 1286 20 -651 -291 -1007 113 221 -775 -547 1581 -442 978 -440 -1174 -191 -772 -439 154 596 414 -493 -73 -548 398 162 -271 -333 -413 708 152 -352 -128 -185 982 218 -484 -345 1243 -67 -525 210]
[451 -13 -337 56 -288 153 -147 687 636 -917 120 564 148 670 322 222 -1120 102 -1296 396 951 895 716 -389 311 68 225 -232 -341 -265 -248 -75 -149 -811 -537 -198 -99 751 -484 -89 108 220 345 -881 606 -932 -1064 739 728 -438 -613 -256 -46 -185 -709 894 40 -786 767 51 126 -261 -803 -812 732 256 321 413 -101 -487 526 -291 1471 -1428 504 438 424 672 -74 -870 994 502 -1408 199 913 -162 -71 293 283 777 665 169 302 -1125 135 -113 138 1324 -20 1430 -349 420 -711 -539 -16 67 477 -523 -279 1399 -596 -363 -467 874 -1202 337 1593 -995 -300 -297 46]
[-119 870 -421 -29 -387 713 730 -18 526 -12 -626 566 -785 108 -350 199 386 -696 354 109 652 -637 648 -679 -87 911 -239 341 869 -605 157 880 665 203 691 -131 947 -1123 1121 364 126 713 795 329 -154 -642 682 90 434 636 -156 -478 74 -364 1366 -332 487 752 -524 1074 518 266 -283 -849 -734 -319 -1149 -155 -642 1347 -358 -1207 -362 -56 -881 412 773 1079 1491 -409 -1317 -912 272 -1603 447 -127 -272 1024 -756 -3 -560 1118 -286 834 75 238 -1402 -53 -353 -213 1101 -298 -101 133 388 -381 -788 -59 -298 -1094 -539 295 761 705 365 66 3 339 -10 -173 -602]
[-262 513 -417 392 -90 -532 -210 277 -1321 -565 -471 -764 -234 -132 559 -1031 399 838 466 990 502 103 50 -327 -844 1221 894 250 1575 935 41 -795 -598 -297 -100 526 493 -1204 -137 278 760 11 173 -816 -229 692 492 -104 41 177 -712 -269 757 -220 355 8 -385 75 420 856 391 -864 881 -329 -75 -73 588 35 -204 -709 -313 -224 57 -740 -1222 250 1236 -354 732 24 -709 -38 415 512 -262 -1128 -58 -1173 -527 660 -118 -602 632 466 75 194 -64 792 12 -83 550 -882 -5 114 -170 -179 -674 -824 -138 -219 -510 472 364 -500 488 876 1136 707 -302 -631 -1282]
[929 266 -315 -21 -28 -474 -404 25 -87 108 568 -139 293 -831 134 -598 -52 -1 879 430 521 -377 787 -118 -90 341 517 233 865 -745 -174 353 1055 818 -94 -106 -725 -651 -458 -242 357 -152 496 -623 1196 515 -92 208 554 -690 417 -667 -503 1091 -832 -268 -42 -331 111 44 -463 -5 1190 -326 -470 30 -170 33 870 -331 -873 627 84 568 -975 -508 -197 -154 494 363 139 -960 293 547 -1058 -846 -371 -488 -204 466 -1371 -767 -117 1096 846 1959 658 339 179 -350 -222 317 -318 485 -147 671 -309 327 -153 106 428 -448 -5 -1079 -511 768 353 477 -801 403 -745]
[-531 16 722 -266 -304 -375 839 -294 -420 294 -961 -893 235 313 711 264 36 624 145 -470 1237 -702 -274 -726 528 84 -466 666 -1101 -201 19 -839 1105 283 -309 246 884 -746 886 349 442 393 -41 325 -459 413 -73 -10 -968 -688 536 1398 169 95 -135 498 -825 -313 -467 -632 -983 -1061 568 334 -983 401 -1105 388 395 543 -416 -215 -926 686 111 300 169 -826 561 -248 1040 197 66 -290 482 -1229 -484 -330 -675 -43 -1009 -131 183 -661 -637 1164 -189 -70 -203 1048 -3 672 -172 -127 -370 540 426 850 -64 308 -329 1156 -228 -374 -144 473 -52 716 53 453 1604]
[178 -519 421 -304 -297 -437 -443 -376 1006 -134 50 624 -146 -163 -387 419 928 -270 226 864 153 -1256 28 -241 -117 162 -689 45 1136 251 250 -765 428 542 1 -490 -1357 -1013 -39 723 282 -420 715 -682 423 98 -161 -1081 -936 -644 265 -812 -497 1315 216 -560 -771 -20 70 672 -768 537 1519 -675 -565 -381 4 -447 -341 252 -609 -600 175 261 -1007 -60 914 -509 -1551 -575 377 335 1293 -430 -66 600 114 -353 -237 1132 -1259 -460 -124 486 -1232 537 -834 -133 -979 63 32 89 104 -442 153 18 259 157 424 26 634 67 1127 -1004 120 -676 -706 651 -364 433 901]
[77 260 -764 -1185 417 -539 -379 -400 -36 -239 -64 546 -500 587 198 858 234 52 340 -448 183 623 -173 607 645 1470 -1581 -177 443 -382 275 751 -276 -480 1306 -514 463 -217 -93 -683 -110 144 -160 -49 290 -1254 827 -373 1190 154 224 946 1035 490 94 -373 20 6 -523 85 222 101 -77 570 -862 230 -383 -376 -1735 48 127 -1103 -446 1510 6 334 -1425 -89 230 -600 -248 76 -162 420 1319 -1142 -144 -1110 -1642 596 670 -286 -834 -18 -831 -75 -1649 -406 1182 -331 414 -637 -321 91 -1011 -1061 -653 810 -802 -1004 -540 726 -106 836 157 -181 -991 509 249 508 -825]
[263 51 -312 800 650 157 831 -310 302 -392 -1043 825 148 324 -1293 -838 274 152 349 -2120 -272 -314 -813 512 -143 -228 -1036 -437 -177 -1086 690 -606 -281 346 448 -8 -700 277 -226 -40 66 -251 14 -87 382 41 -38 9 733 284 -472 -640 1978 502 -169 -751 383 -70 -835 307 678 1716 -220 -858 1131 198 130 -423 147 -440 -295 561 -172 429 -734 20 -43 -227 396 -149 -1638 -133 -387 -286 471 170 -183 -117 292 -691 397 375 1611 291 597 -501 675 -521 -258 -483 329 620 -198 695 299 -430 -1348 -680 -1810 422 -442 543 -464 934 575 -277 235 -1200 -97 -776 -1123]
[-139 -1754 -1375 299 1045 724 870 876 208 -206 421 1202 845 389 530 130 -378 551 -1071 -595 524 171 247 -418 535 -451 716 139 -677 -369 -12 1074 -24 294 -859 170 373 133 -980 -284 -148 1039 -491 -582 196 -100 -1027 806 1194 604 -556 287 699 274 -310 380 -334 471 -1092 1145 887 -1090 477 480 -183 -432 95 774 273 -91 504 288 565 395 -46 -501 132 78 466 1307 289 -105 -1715 191 -114 58 -474 -794 -1169 -52 -874 -882 182 885 1457 390 -161 65 678 322 78 275 1167 310 210 -417 -567 24 649 827 -604 192 309 -141 578 527 -102 55 807 803 1069]
[-1414 -395 84 -757 395 573 -313 1402 390 793 -736 -109 19 -212 463 -357 408 9 -755 54 -967 -191 406 668 327 -297 64 1235 998 279 -268 422 433 -617 -92 -826 946 237 887 534 801 1295 -271 416 -220 -133 114 42 -653 533 -660 -275 146 -753 149 -1098 -858 -186 -733 -1625 -906 385 -709 1493 605 361 -700 70 -178 958 -986 -334 -350 -982 -418 84 -186 -80 1097 73 810 -504 -453 -217 -487 -154 -921 -417 489 102 -1378 -322 -85 984 705 1465 1044 91 -176 -358 259 -413 341 496 -103 202 812 452 -235 -109 345 742 -395 -661 714 1588 -420 -596 616 971 592]
[-321 -997 -1633 860 -706 198 460 -209 212 -609 379 504 170 -331 -213 28 -1 -810 1474 -977 -616 17 482 -531 -372 236 -93 778 314 -17 159 1421 -496 491 576 818 740 -1141 -793 17 218 -183 -385 -719 -1402 -89 -232 -467 632 359 -537 -753 -420 673 -947 -130 36 497 -771 224 746 783 636 522 -866 -1388 538 -829 174 76 313 -687 36 -157 -1306 -371 82 30 1066 690 910 -26 -766 -1246 -801 -263 520 -731 -823 1389 -1246 -786 -855 895 256 350 -968 -723 177 -574 994 -469 994 237 38 -3 411 414 695 358 -432 -622 553 283 853 -297 -755 863 330 23 81]
[666 -861 51 -805 -333 2184 0 610 526 -750 -540 -388 -408 -704 -298 277 645 325 -872 1131 410 -379 436 238 -129 -1037 238 948 -139 -117 10 -733 -319 -315 468 -670 123 658 -335 648 -43 258 558 608 308 -57 -603 -457 79 890 -1397 813 441 -933 -314 73 -133 594 689 -871 38 86 -608 1952 -98 -569 227 484 -584 354 430 -113 -669 -285 758 24 -707 144 -449 1132 -1015 621 -349 105 -194 510 -459 1224 1248 -243 -104 -597 -325 -141 518 -949 544 276 -136 -960 -51 -843 -490 -508 1192 -495 323 -69 -448 344 -600 439 -286 -170 -49 587 -175 231 1434 765 69]
[972 357 -2 -856 -1146 706 -228 -421 356 -177 676 -396 182 -1040 253 237 483 -1013 -19 -335 375 562 -440 695 -961 744 -418 239 -657 -139 -331 -531 538 506 938 36 493 53 748 -172 -967 31 -484 622 -290 -88 625 253 -318 -243 971 951 -533 971 -7 930 -341 605 148 -485 -611 271 -641 1358 593 378 -1131 108 -1142 2 354 -255 -555 92 77 1195 -427 -527 800 -372 -1047 68 -631 -1580 -796 -278 599 1218 284 775 87 803 -542 -810 -1052 357 456 11 -502 182 -1625 604 -145 493 500 -54 -219 -294 -605 768 -1192 901 415 770 -443 533 -982 1617 -13 736 -1018]
[511 -256 201 251 -114 -41 -183 -377 622 479 -449 -841 382 141 484 289 0 406 32 811 -855 34 339 613 612 328 697 -954 108 -79 -52 552 -47 295 -8 185 863 389 132 -503 1221 580 1106 739 -302 399 582 1014 477 162 -1755 633 101 -1283 -280 -92 -914 -449 250 369 440 -483 -548 505 376 -522 266 -167 -714 541 -504 -369 -617 -350 91 -186 -542 -49 184 742 -581 -306 722 220 -527 -1129 -912 339 813 -144 -207 -112 27 -1 604 -1389 609 387 674 488 1803 -1251 240 339 -361 182 -19 -1035 404 -256 261 -736 -371 870 849 -48 99 -88 -737 -637 63]
[-319 1019 -1350 -594 -77 -172 186 162 11 341 -683 -795 -299 793 -99 771 -561 57 -2 -216 458 -80 -430 273 -793 -1109 -419 87 274 -616 410 -38 -816 457 523 -30 495 16 190 -414 905 -467 102 462 57 1039 143 -34 428 75 803 -1320 -1591 -687 572 -1128 1015 -156 -50 348 18 841 694 -10 45 -247 279 -533 460 684 309 -480 528 -114 -616 187 -175 -383 -904 -656 -538 -177 439 20 473 208 -422 833 -400 540 -70 -710 -285 -531 -49 588 391 116 -487 -57 497 -200 -450 259 1291 -242 271 687 957 -370 1175 -8 972 228 1392 110 859 243 408 -284 -1118]
[221 -1713 -1771 885 -681 -555 -118 276 -79 -937 119 888 -22 -89 450 -1578 -70 290 -395 442 -524 123 719 -511 14 1009 584 735 1124 -65 -149 1603 192 -110 -311 -5 -151 -641 -132 700 115 343 -669 -1017 202 -131 324 443 370 545 349 232 468 600 -179 853 1296 902 365 871 644 98 793 -551 -1414 -954 433 651 343 936 772 -1029 -215 -435 -412 -555 190 23 328 -7 395 -497 -1339 -571 337 137 182 14 -1195 804 90 46 -319 645 -481 -36 -518 442 849 -169 -45 -300 217 348 211 -153 -550 -183 783 -219 -573 435 396 201 223 476 172 1387 609 -467 -211]
[-100 352 890 447 -184 -158 14 -1094 587 1053 -25 592 326 -335 -702 -1129 968 624 1693 -417 -1051 516 -423 564 547 647 601 -921 -356 -864 -247 -196 -487 -48 791 674 -103 516 813 -108 -858 485 402 988 -589 -153 822 -261 -1387 991 -190 12 747 228 1490 -920 1030 -446 368 -376 181 1687 -1896 -174 283 76 -492 -737 -377 823 -157 -426 -613 325 888 -836 -584 435 1071 -219 -1018 -213 -130 -309 693 -556 623 1630 622 -1033 1727 233 -420 20 -1310 -896 492 -91 969 -51 -259 -325 -569 -824 -772 -75 344 -625 -851 -177 -112 -192 -1309 1056 -1240 -54 -761 -1702 -170 -720 -871]
[198 -55 -490 -352 -51 -955 -470 174 677 -111 1094 1169 500 686 -148 201 -373 1119 178 -1499 778 1085 -16 -410 322 707 -236 -1667 586 -635 -265 -548 339 1113 572 -353 -255 507 -424 -754 -1049 306 -351 -653 312 -90 663 13 1003 501 398 268 965 96 383 1047 212 -690 243 829 148 857 309 -644 631 462 -509 -90 -943 -1233 537 721 536 603 501 949 363 278 -346 105 465 321 -989 542 250 -1436 -179 508 -699 287 1 1157 -382 -743 -993 -122 -352 658 -534 -382 -101 1002 47 -260 -729 70 -592 -623 -713 707 -963 39 -37 859 -442 59 200 -210 -420 263 -802]
[-174 99 510 114 920 -335 -32 -641 -559 443 368 684 -1294 708 35 1294 -225 -1027 248 327 -355 -584 -1160 -107 -102 455 77 -1309 -1138 1129 335 -312 -745 -156 -563 316 -969 -1349 230 211 199 -126 858 1112 -57 -496 436 -1425 -46 -839 504 237 -868 -91 609 451 -119 -6 661 980 -97 721 159 -132 -405 -542 724 326 254 -30 284 -440 -392 467 529 -542 -10 -767 -445 -1033 858 760 1154 -3 1349 60 548 81 274 -551 1233 -221 -507 462 -1707 -1709 -1414 -515 30 0 -580 -59 -135 -2061 -53 -852 329 693 673 -702 432 -141 -69 -24 -584 -583 -798 946 78 -697 555]
[-927 56 421 -286 678 -916 -50 -1036 870 -247 578 -36 -318 1064 97 1024 -1770 -776 -535 -140 -358 62 59 268 533 -888 -432 409 314 913 -752 742 281 -172 -677 527 219 162 236 -1003 -271 349 141 540 1185 -639 -632 88 305 -1191 736 -433 -512 122 302 -728 -87 869 -1020 14 235 -173 98 -826 -1076 669 -743 734 235 481 -49 -693 865 -1537 -83 -363 292 443 -543 -876 -580 -166 256 1350 778 1331 -326 521 -165 732 25 -136 919 1590 277 -592 -1433 27 -214 -13 723 853 311 307 330 228 -435 317 1235 -742 2298 -591 563 -397 473 -72 -38 -842 52 532 477]
[-727 -948 424 313 -1085 -137 42 121 74 -659 -623 -812 -816 725 -34 -391 -269 857 -706 1137 -225 -342 -227 273 -129 -651 11 -806 285 -164 382 28 462 1223 640 -1043 -898 134 250 -37 -218 424 410 661 -64 491 -269 -898 637 534 1687 -194 638 -357 1321 1348 426 -145 -43 -197 -1033 73 882 -1149 286 994 -747 -126 -730 427 896 2022 -792 -654 496 285 -823 -125 -1559 260 1429 1167 570 779 312 387 -251 259 -320 448 -482 109 -374 -640 -1926 -937 -1057 -282 -802 -394 128 778 208 -473 426 1058 249 857 -387 -214 604 152 450 -184 -231 -345 1013 -70 519 1118 781]
[446 -91 -185 -1568 790 132 954 -193 -1071 -968 -800 586 -660 186 300 590 508 281 358 -360 999 -681 640 421 -380 -167 -2224 -347 1363 -826 444 -127 395 701 1044 -740 443 -187 -650 -765 82 -186 238 -335 69 -994 95 -100 591 44 15 322 317 -137 -210 -252 1055 -435 -52 -292 -84 751 22 -99 -414 772 217 -47 -954 -89 604 -380 -118 274 -411 1060 -1133 421 -792 387 -1247 -97 -821 -693 1358 336 -658 350 -1642 -237 1040 679 31 -933 428 176 408 -349 503 -507 742 1237 -824 165 -115 -396 -652 1078 -973 -755 -1540 -146 935 860 304 342 39 360 -296 -364 -1242]
[-700 -13 950 491 -1043 -123 85 -1028 207 -456 -319 -1204 -444 383 395 -172 814 727 -282 -384 -398 -242 -263 500 754 476 -533 712 -20 602 -588 658 938 396 795 811 1538 -205 1650 -333 -376 -110 -1531 952 -1341 1005 1338 167 -307 519 531 396 -424 -965 416 -276 53 -228 -346 -267 -469 687 496 705 -31 -246 -1459 -603 -640 289 492 509 -1472 -280 92 1104 637 -136 -772 -346 -297 -198 320 -359 -1053 -347 -659 671 -886 -79 -798 1635 677 167 -73 90 -977 -179 1162 187 641 40 737 755 809 -1319 -818 403 -472 -440 -56 -643 -102 963 1730 -967 -865 -781 -407 242 326]
[-778 74 -460 598 44 -305 -1050 -220 -1304 373 -672 -1127 -390 -510 1114 -592 -331 -180 -366 18 -1546 314 -742 14 1064 987 1372 -426 156 1157 -777 853 -371 -637 -356 -671 -37 566 927 -166 108 -31 -535 -555 -98 -275 747 1257 103 29 -283 1014 904 -82 32 -26 -1154 824 290 672 102 -1441 -375 -102 884 995 1426 -30 411 470 -245 -25 -89 -93 856 87 122 -221 383 427 520 -376 747 1075 -476 101 225 -1465 96 -1548 -550 75 -551 356 -284 -356 -193 -93 1151 411 727 -1135 665 1392 -459 -685 -323 -509 900 -1009 1066 -294 -406 -83 -508 58 58 -442 -725 379 175]
[1015 -211 -559 170 -213 137 464 50 962 -544 839 846 -37 -800 668 344 -1579 -1093 -543 -375 -589 923 826 -204 -276 7 174 -253 -1430 -915 -856 641 -518 234 -1278 588 -1137 -174 -345 381 -527 590 -378 902 -674 -679 -722 246 531 -654 1235 240 232 1303 -748 690 -326 468 -214 726 1160 -53 -608 -708 1319 918 -282 635 1200 -526 427 166 712 -793 357 -772 28 219 701 265 -115 72 -1237 -172 -609 1548 591 -91 436 -203 237 63 463 -31 101 -79 531 -228 -700 475 -1159 823 -482 -43 45 202 327 -295 1059 527 -163 -691 -462 847 -1858 958 82 610 200 303 1148]
[319 411 -1205 370 -235 -143 -235 977 -432 -30 -1082 468 -525 246 -450 -472 -161 -273 -279 22 69 -441 -699 -361 -287 876 578 189 227 -955 87 -287 -572 279 307 -532 -552 -102 294 487 1035 -141 337 280 245 193 -16 425 251 565 -495 27 922 -194 296 -192 60 328 429 577 324 -688 -44 -883 284 54 339 11 -327 942 -216 80 -228 462 -675 -228 95 1006 862 -9 -198 -1037 841 -458 6 -292 689 33 105 -253 -527 -215 60 613 -338 5 370 -391 468 137 -121 -557 -359 145 666 -294 -1029 -605 -323 776 -192 576 -255 -6 -284 -264 765 785 -540 -970 -805]
[364 727 514 -361 -155 -150 168 415 1064 717 385 740 717 972 -238 903 -93 -496 -1721 676 481 -824 283 399 109 -628 392 859 -1243 -914 415 254 1560 -556 308 -19 785 655 932 626 701 113 395 837 136 -262 200 294 -482 -1525 -207 694 -739 -437 681 35 -123 -434 -580 -272 -666 -940 -91 272 -333 434 -1250 354 54 1119 119 -137 73 522 33 -492 -433 401 -20 -1046 286 22 125 -647 -36 -702 -15 86 -145 -9 -173 -674 1014 -128 -697 34 548 -383 -696 643 -404 -384 585 776 276 483 322 1081 175 406 462 177 -744 268 444 -1236 167 981 428 305 1526]
[-943 814 413 -1692 -135 417 -546 -170 -706 511 315 -1144 -812 -814 743 -513 679 415 1081 1148 483 -320 -623 -29 -521 211 354 -817 910 831 347 -895 128 71 231 -129 788 37 138 -296 -368 -72 -441 311 253 -204 951 396 -1074 -359 -186 326 223 196 913 611 82 226 840 -672 -352 -427 535 -9 589 143 -152 -723 -492 -124 109 414 -323 -295 -279 170 -111 -228 124 65 -1884 959 -221 1106 434 -715 562 816 -628 -625 387 -804 -376 -996 -880 55 636 730 -50 375 513 -673 -277 128 240 -270 -864 402 -1 -338 -133 -384 448 -392 -923 431 853 786 -745 427 -141]
[-575 -517 143 -249 -498 -345 557 197 780 775 -491 -139 117 874 -322 -134 469 138 -599 703 190 -506 -638 434 -206 88 347 1135 -657 -504 -178 673 337 165 -1071 772 1196 39 1023 839 368 263 -674 1309 157 -1158 575 51 -87 -424 -332 -230 -41 552 156 696 -55 604 -513 -51 298 -981 142 -391 287 224 -77 -794 -113 1269 524 -110 448 -712 147 -470 1329 811 514 -623 608 222 274 -752 -451 825 260 103 -396 662 -1941 -891 1237 936 -957 -454 -1101 -289 -602 1950 -123 -431 608 -481 1349 857 -389 170 381 400 1764 466 -113 466 -238 -274 1114 769 579 217 850]
[-700 -683 115 434 -336 -105 366 -1056 -122 88 539 889 1285 -714 -631 589 931 -259 351 -1286 -90 -68 -407 -391 -64 -348 -185 -610 -1415 -36 -460 429 -387 436 311 522 -47 167 -977 -512 -178 -304 652 -202 295 177 -650 -399 -521 439 -98 72 -1139 1564 -123 194 477 -424 332 616 86 1491 242 -173 419 -1016 1176 -640 -341 152 692 635 976 1566 -172 -396 1154 -53 -1000 13 151 -139 878 -1068 282 590 405 -58 62 -529 -369 -328 -311 -554 211 178 -450 70 -410 -215 -633 337 1191 -297 -45 2 -190 -401 209 1169 423 -152 1487 343 -41 293 -828 -285 -639 1008 495]
[-293 262 311 -436 -816 1553 204 982 -97 237 -806 -2564 -385 -1203 237 -45 -753 225 208 -253 896 344 -1295 -259 628 436 325 638 224 1326 333 -769 -255 161 -27 -379 325 58 735 332 -346 -389 -849 227 903 310 -222 -77 13 192 860 227 -978 1276 310 502 278 867 651 -1158 -473 194 266 508 414 -224 -794 -177 -1 1294 -359 324 -1219 668 -402 148 -472 -452 922 -40 -90 218 566 131 -28 -236 354 250 518 -153 -1367 -203 -1893 -1077 241 1160 -1110 1594 -938 893 74 -641 -61 -123 -380 662 -622 -111 -793 214 333 852 304 -331 -867 555 604 1015 427 684 168]
[-312 671 1160 548 -135 -820 383 124 112 -703 383 -551 470 -52 -689 -668 -522 651 -495 535 -729 531 1477 -77 -345 -406 817 -288 -180 111 -345 -1184 -505 482 705 347 -744 100 -454 433 -377 432 143 447 -704 810 -152 -1212 -179 782 475 102 -197 -377 799 323 -95 333 -572 -210 746 -192 451 -1288 172 210 -783 217 -54 -72 -351 712 525 596 -164 -1248 194 -331 -453 891 -469 1055 1018 659 -420 824 273 -888 129 -516 -33 -192 691 -147 1275 -726 -1518 119 -968 -417 1864 -296 18 -679 -358 803 555 188 -148 -460 1431 -81 309 -298 204 -800 835 -613 876 -490 485]
[-22 -870 -17 109 -874 566 -155 888 607 -555 -769 -312 415 -316 399 -237 34 346 -955 -1256 629 485 785 669 -281 154 -1313 1206 -151 -237 -1364 923 -69 342 542 84 -640 413 586 425 -864 964 -1408 -320 -459 -621 479 -111 657 1127 -754 125 1502 -383 -922 266 596 -25 -497 -1255 162 729 -271 180 267 320 -486 -757 -329 529 778 -142 -491 -698 -200 414 -46 -258 847 956 141 -596 -832 -1051 -1566 784 -159 64 87 281 -993 635 -302 -112 1478 364 532 -380 264 165 -617 333 -186 374 422 -956 -363 -684 -1131 -99 152 509 -1060 1199 384 543 -133 530 -293 -406 -898]
[297 -243 1425 165 406 -144 -880 -292 -669 -398 172 519 -564 -312 -211 65 344 -76 -728 174 -86 494 -690 188 139 633 -563 55 -445 1274 -221 -1145 -501 -340 -265 367 -347 -22 -667 335 -139 -31 -972 -666 -498 1102 1301 -13 178 -595 -350 -616 115 -836 -130 -507 -374 290 -1036 353 -411 -843 -309 1119 514 70 -689 -74 -190 -1016 -384 445 -468 -747 122 -121 707 -1931 -51 -387 -383 56 -202 1443 -928 51 572 -579 508 127 -27 43 -325 162 -147 569 224 -1045 720 -14 -525 97 -173 -39 -607 -682 -846 -162 354 377 -407 -301 265 -1942 240 -183 -651 1020 -265 -57 -226]
[385 828 -103 146 65 272 288 -262 -680 -191 -1225 49 439 -1138 34 -1482 -1015 -631 -578 -367 -420 -192 -1 314 40 -667 -149 856 -588 -1166 140 -458 -25 -114 765 -816 -851 782 -126 181 269 -76 -312 -413 53 231 -991 271 -383 -140 148 154 718 640 -544 -1334 314 374 -899 -463 156 -441 -619 56 275 1155 -32 985 2050 891 -745 -371 262 635 -387 -1536 -944 -349 685 259 -265 -1024 -436 -14 -426 1920 859 -1160 1049 -1281 -351 -1108 542 170 1517 1227 1416 -336 289 -852 -167 551 -558 854 -371 125 531 595 -202 542 637 235 -452 -864 -1119 -152 417 -299 -159 -47 -205]
[135 -1040 -732 -318 85 171 -777 -243 -1336 -277 512 865 -166 297 -823 -1335 1543 -577 827 1095 -215 -258 216 531 -596 1079 1188 962 1056 -206 -674 1509 484 42 603 -385 1005 309 172 743 445 -37 -599 -673 499 -421 1459 -14 -258 -244 -1381 -201 501 -350 381 -189 1311 1029 317 905 -53 -917 405 25 -1024 -108 840 14 255 1292 311 -1489 -475 720 238 -979 28 1335 470 218 -164 -787 -504 -172 -94 -278 601 34 -1426 621 -1218 45 321 991 -1463 1154 -12 -256 864 -368 -12 -1580 -359 152 97 508 -1242 200 556 -952 863 -8 549 -159 -920 -572 936 864 83 -490 -947]
[1013 569 568 -321 220 -950 253 -782 -515 395 -624 -349 -661 226 -530 936 1006 1039 1160 -176 665 -341 -993 -16 312 -92 -1322 -712 319 -1225 894 -1521 -2036 1050 -328 322 -974 -1164 -780 56 584 -334 1256 20 -391 573 -461 -913 -95 43 -606 -1164 -306 127 -813 -1172 -359 -1010 349 953 100 968 291 120 261 248 1124 -1211 222 -721 -845 -557 513 43 369 787 517 -1197 -105 48 -404 200 1223 20 578 -299 -179 -683 -662 675 -250 -1197 -211 252 -596 -669 941 -429 -509 327 362 -190 -812 -1516 599 -585 249 -1370 290 -151 -317 808 -93 -371 158 1357 -55 215 -652 -971 -815]
[301 945 -235 979 -1029 381 1316 952 157 -295 14 662 970 -358 -248 -474 -675 52 -441 -1265 801 504 -189 -944 -1377 -445 -430 -1202 -1503 -515 506 46 484 155 945 696 -384 132 100 291 -941 787 517 1226 -338 -451 -284 322 885 1328 198 409 -664 -147 247 1075 786 -538 -427 -240 125 1206 -919 -460 692 -338 -996 -101 196 -86 836 581 -62 70 -126 335 -568 -463 1496 65 -458 392 -1010 -2018 -279 -561 150 1568 437 -95 1527 620 -638 -1566 744 -226 -325 532 -1375 637 -115 1055 -128 -333 201 353 1067 -965 -935 1271 -978 677 567 1235 690 555 -145 -34 33 -153 -661]
[-324 1504 -763 -538 -907 463 -1102 83 1599 1559 -584 -2032 -770 -859 -412 487 597 -876 -381 298 -62 -289 -338 -885 875 -487 597 111 184 -837 1365 -1400 -506 -672 1040 -835 -514 1009 649 -277 -137 113 1169 -384 1238 -819 -863 639 -1223 169 269 -911 246 -129 964 -319 -871 45 649 -630 -266 614 158 147 -180 -822 -1121 285 -1008 528 -1116 -431 -192 513 842 364 126 183 880 -551 -1016 534 45 550 971 8 551 -128 1821 -930 605 -384 -512 -361 23 483 -159 1211 -1065 425 -45 -32 -217 538 -305 -966 613 0 -1086 -278 528 706 -500 61 -673 378 1867 -1003 -116 314 516]
[528 -391 435 390 56 531 -204 -173 851 -199 468 244 69 103 -955 441 1235 -136 -123 -159 -975 -169 1132 173 227 82 110 584 654 -460 -496 -1117 -30 -62 18 -643 -452 1113 41 182 -174 -200 224 -542 307 519 -335 -54 -815 895 -414 10 474 -628 -194 -1017 -586 301 275 447 -790 -198 -359 1172 116 43 20 575 95 -860 -494 -914 -1017 131 1770 8 -136 773 -918 471 -344 -280 53 360 -730 531 99 654 1040 -128 230 1232 575 608 -297 -287 906 -119 -333 -715 -584 540 -733 -316 548 -548 626 -660 -28 309 -28 458 -433 -439 -5 -562 -186 -1097 1180 -9 19]
[662 140 271 445 1174 350 -154 830 -155 246 789 659 220 -374 -468 -355 1067 109 -293 -472 -741 -727 856 404 -34 474 567 -514 -143 -147 -248 -648 -645 -30 -11 81 -1456 531 -1247 -357 -672 -280 82 -760 600 -919 3 -775 49 838 -566 -194 1016 438 -533 506 -769 412 -317 730 -75 102 166 -207 1138 45 1649 -328 -103 -810 369 88 670 1146 403 -1199 151 -79 348 951 179 1184 -389 513 -118 579 147 -2026 1083 -1211 254 -180 762 -94 596 -807 166 -269 -712 83 254 -306 234 348 -97 -616 613 12 -280 432 797 599 -839 -90 -557 -832 95 -42 1408 -319 -17]
[-764 -672 106 79 -454 121 -332 -1111 337 103 380 267 -235 146 -1487 6 1697 960 1195 -282 -368 -150 -803 921 -805 -490 397 483 846 -323 249 -430 -1209 978 724 138 449 26 -240 -705 -788 -261 318 -205 341 291 249 -1349 -150 276 -489 -16 627 40 268 -126 -423 579 321 -316 -409 1443 1008 1242 516 -804 1157 -1076 -449 -934 562 628 15 902 532 -463 1002 -342 -985 232 427 891 775 -193 -522 581 830 385 330 -208 -259 -449 -405 728 -1389 -364 388 -181 3 -913 -116 655 1417 -433 398 -557 106 -143 -210 773 803 14 186 -189 117 -272 156 -588 294 472 -612]
[-1767 -299 -220 -707 -189 -114 -29 203 -72 203 43 -238 -393 -707 -154 363 145 -492 420 -410 -200 -404 592 -510 -137 146 110 10 683 -79 -1016 399 98 356 -911 -320 -331 -645 168 564 439 1303 442 -391 147 -163 -570 -84 -540 411 -278 -386 411 827 -650 271 -1139 -455 944 194 -545 817 527 -1327 670 799 -11 -277 -565 400 -296 389 317 -383 -444 117 605 284 68 -10 -253 -169 -504 161 -478 -192 -767 -798 -348 -335 -1018 19 371 235 -754 1617 622 452 -745 457 -453 613 -217 242 -440 20 -450 251 -167 234 -578 -718 456 -26 -616 2353 567 -805 -861 1457 1719]
[422 409 123 499 -1257 -127 -37 98 -1395 346 -171 -432 838 -573 33 -485 105 -436 -444 -344 893 -192 -1028 -139 1252 687 1412 -223 -176 60 287 1053 -173 768 973 -170 474 225 1179 -109 42 590 1338 414 728 128 -151 490 1027 350 -149 71 -799 319 534 303 298 518 -219 156 -996 467 -188 -1186 642 1085 -1450 619 236 820 -519 166 -115 414 -2 -619 137 498 1056 -225 525 -487 -565 -320 246 -756 131 -558 -174 125 -568 259 -953 -46 -450 930 -493 772 12 813 -192 426 1349 -3 -538 151 -266 -84 -629 700 -40 404 288 -135 -298 -103 930 679 -714 284 -376]
[-97 -901 534 981 -496 425 -992 -391 555 -82 -14 -219 -432 -16 552 81 -401 -110 -283 -173 -249 -357 -121 -99 141 205 -153 484 376 787 -993 221 546 -272 -848 126 -665 131 352 -829 -119 -156 -653 -2082 116 139 -12 1584 -931 141 -391 -357 287 -481 -315 646 -273 -143 362 317 51 -954 277 -273 -750 -958 1324 -532 -29 -364 534 -526 549 -1082 2 245 1265 -202 -390 -89 42 -291 53 118 -938 591 353 540 541 -167 -454 397 65 -203 479 -1223 257 -63 259 816 -43 588 379 1120 346 -1129 -1062 -719 403 445 133 -1084 -823 349 -349 -1034 -35 298 -1394 -71 -378]
[916 92 -106 -413 454 -1456 758 350 104 -873 -273 570 223 822 234 -510 928 1054 -252 889 810 -249 1553 50 315 648 -1313 -82 774 -1089 706 -282 793 -8 672 31 -115 -297 -595 105 -77 -248 318 -796 -84 -797 272 -422 1027 815 764 -177 936 -396 -232 -22 -460 -178 -118 513 -728 -759 867 -369 -785 387 -758 -915 -1462 -1196 -195 -370 -752 489 408 471 -387 52 -305 -212 -67 1116 -826 1097 -211 -415 -1139 -1353 -1038 891 410 688 733 -319 589 254 -857 -531 310 493 1033 602 -815 372 -299 -284 814 14 -1125 -694 -630 741 -198 -372 470 -535 475 -102 1324 139 -208]
[194 843 582 -659 -740 -860 -939 348 -620 352 -112 -1067 -701 -61 -336 -1303 -398 -204 -261 1013 -293 -419 -1229 566 165 429 168 -293 -311 -177 547 31 -2 -287 -209 -595 -505 165 1574 870 -7 33 -100 1458 41 506 1075 450 -150 -478 1179 340 -6 -112 395 580 247 -310 624 -160 -578 -31 84 -1690 1417 997 -1577 -33 -242 671 -118 1559 19 -177 -441 149 47 -152 -811 -1568 -87 203 492 821 133 -223 195 98 345 -323 -220 684 135 -1215 -1456 126 -298 193 -203 427 -612 -339 -264 -225 40 477 -842 282 -633 -197 445 453 -205 -235 -24 -94 639 344 -872 264 497]
[272 -14 -1074 -623 284 -440 561 1560 -1167 -100 -554 649 924 338 34 -218 -400 -92 -709 -193 1361 -474 -85 -166 -541 -314 -17 395 -775 -718 -8 1364 -87 613 -49 203 486 -460 -640 418 721 801 716 -261 -419 -1582 -954 -166 1214 237 -525 688 281 133 -746 1210 -27 560 239 269 656 -75 408 -1465 -164 338 -111 -499 -367 714 447 -434 1619 -430 -1058 50 -283 202 1144 521 -201 179 -1722 -1474 583 -710 -164 -641 -1202 1014 -347 -922 401 -325 587 -1 -179 -213 -587 1745 796 -123 120 261 630 143 -127 -21 -387 -14 73 676 354 1212 -317 1358 1390 1730 724 170 -215]
[46 235 343 -195 -797 72 -623 -984 -1 21 -558 714 -676 -299 615 -546 661 -500 522 1264 332 25 -79 493 534 364 327 520 -1300 424 -760 1270 -454 -1025 619 142 -188 -181 399 182 -823 269 964 159 243 -222 22 339 -512 -411 -320 378 143 -532 230 -254 837 207 665 -770 111 -591 -1240 139 -1336 -704 427 -263 715 1378 457 -812 -649 -416 563 -736 8 -568 -142 -331 -206 -879 1047 164 828 270 600 918 138 -812 84 -378 -518 119 60 426 -507 -824 1461 -708 174 -573 133 -140 166 -386 1086 328 361 -167 636 353 -67 -1013 -745 91 -1200 22 -526 199 93]
[-105 514 416 502 -456 203 230 -426 -291 -393 313 91 -5 -211 28 -495 -478 -652 212 -857 -416 976 1026 1029 116 51 -889 327 -1780 -1651 -150 514 -438 -566 -29 445 -92 -104 -484 -697 -345 663 -27 748 -1041 646 584 -299 -233 327 924 -177 376 -62 -766 517 563 -289 -160 -1155 -167 223 -1299 678 691 271 176 -410 1117 -756 427 320 -868 175 522 -1339 -1594 -959 412 -69 678 -846 -176 482 246 81 380 -208 454 -844 456 40 -83 -468 298 444 918 -1262 264 -694 -938 124 -816 -497 -110 431 207 285 -766 471 -655 227 -1258 99 -469 -665 -411 193 -193 194 -88]
[-959 -659 -1250 316 1002 211 693 1083 -543 -111 -2013 -15 695 690 1083 175 -879 169 -471 -1390 -139 -322 -587 291 467 -25 -853 781 -323 418 -242 16 -143 -184 -1008 -617 638 -202 480 292 1439 1003 321 -189 -793 -359 -982 1155 503 -351 -351 -187 378 -448 -260 -908 -1100 -61 -1146 -14 -87 -1080 -391 -570 290 619 508 -90 33 978 -1050 -670 671 -1020 -1156 71 -659 -1 321 537 760 -1631 18 -367 238 282 236 -407 -215 102 -89 -1029 271 248 871 734 559 -1472 438 1436 120 890 -373 801 -808 -13 -60 48 -397 552 199 -599 809 -99 311 715 -298 161 -1104 132 177]
[470 -75 131 -325 -238 643 621 209 825 450 646 -172 127 -189 163 -590 351 -223 1023 -135 30 -42 693 393 -301 -278 -290 242 -112 -1871 154 785 407 -26 319 614 426 315 647 -4 -1211 113 16 109 -250 -1069 725 824 -464 971 93 -256 273 -57 339 -205 1722 -17 110 -560 -94 636 81 705 -824 -716 -268 -282 -215 300 316 -1195 -925 446 463 -563 -462 482 337 -144 -890 -92 -635 -854 -605 1352 -368 2307 341 166 1471 1342 -342 -293 20 -576 168 -397 223 -35 -256 -242 -494 -188 159 162 114 142 -457 -859 -225 304 -242 730 -57 -328 -474 587 774 -346 -916]
[-9 -194 -58 603 119 -89 329 384 69 -179 277 923 776 1145 375 509 -191 -440 316 288 -64 98 518 -383 12 -811 1158 -1260 333 -63 145 769 332 -387 -631 -803 196 592 417 -226 202 -125 1735 405 340 -285 -161 856 503 -91 -730 -467 -600 -573 1093 -752 465 -153 -204 194 -1106 -1013 -865 -875 600 839 859 603 400 -36 -91 -592 438 -714 516 -801 51 1769 -663 -74 359 545 369 894 913 -473 -435 639 238 139 935 613 -40 205 -514 -292 869 166 -738 -219 497 -54 701 -492 3 1108 869 -520 912 138 648 -206 344 -159 357 -1063 81 -1662 126 -262 -36]
[-119 -368 3 -279 1406 176 -566 1865 -557 210 153 849 -364 -331 -158 284 -379 -171 -381 -289 -98 -553 768 36 -446 164 -645 -49 1024 636 -294 -210 -40 322 -135 -503 -818 -437 -1302 82 671 19 -1570 -1290 -704 -119 -303 -978 -355 192 -340 -375 225 -56 -770 -143 -471 -374 -884 523 532 -66 714 531 -168 -108 32 564 -13 -510 -303 -122 223 56 -1073 270 -231 -893 184 360 1347 469 -334 -434 -347 307 27 -1836 -545 967 -835 -426 -696 -207 304 -69 262 -735 -184 -1066 82 671 765 -100 -686 339 380 826 856 -126 -939 -181 117 -764 949 -657 -528 1507 219 -554 540]
[-423 899 961 559 644 736 -108 1014 11 292 731 132 352 989 -580 751 -780 -175 -717 -189 180 397 -230 -76 282 -741 860 -423 -589 743 -278 -815 -177 369 -238 24 242 143 -180 517 -401 508 149 1002 -311 465 7 -1325 396 833 -282 -729 -738 -1590 1220 -59 -733 468 -449 322 -233 514 -1131 180 803 33 -448 -93 -422 323 -793 356 618 -709 154 255 466 537 1056 157 145 1337 356 173 -65 -577 -457 626 719 733 -1145 312 -218 473 26 -1205 -924 -403 -1287 -409 674 -975 530 -1267 820 569 423 -902 686 85 1012 174 -102 -496 140 -391 -537 -90 1279 462 -74]
[-722 629 -201 -494 -162 -655 351 -475 -1282 -980 -381 89 -537 393 906 -213 79 209 414 -379 1521 -233 303 -53 -181 273 148 277 -330 475 -851 -1254 559 79 -10 -16 -208 -1189 308 270 -38 -494 114 301 767 466 244 -641 42 -978 483 808 -168 374 186 701 -114 544 1349 -294 -638 313 368 -181 -327 690 1069 -558 740 344 -481 345 -255 -161 -8 751 -73 -406 788 -651 -481 -395 950 600 620 -969 12 891 -1459 -89 -592 -960 275 -228 -869 1227 496 -82 371 -288 -509 684 -687 -631 1311 -322 -553 -111 337 101 287 548 600 -1009 -333 1105 63 988 -893 525 -579]
[-164 787 -1119 -1451 -153 1262 82 1218 881 1224 324 1073 138 24 471 1470 -15 -1361 465 -167 -36 101 -1007 -98 73 340 -195 730 79 -419 -239 1751 95 -520 -882 -809 454 -213 946 93 859 144 191 -213 190 -1352 -1635 1017 -658 -1013 -1009 500 218 475 -397 -874 -278 -538 58 -594 296 -171 -641 -347 -334 441 86 -64 394 182 43 -1944 961 -238 -543 554 -354 1022 639 -436 -309 -231 -522 -1660 229 -295 -196 559 -1262 887 -549 -345 81 169 -359 62 455 -383 -1186 1050 -162 -746 -206 843 103 -631 5 476 991 -250 -1380 830 -1060 1238 91 420 -708 601 444 176 1007]
[268 -317 970 44 1674 -542 -228 -303 -289 -472 88 1786 -77 1085 -1573 487 2089 133 301 -795 1210 -1049 926 337 -758 -408 -604 519 316 312 164 407 557 280 -257 359 -597 -308 97 579 242 1071 1015 -667 352 537 282 -1211 -238 201 -1060 -762 383 -1317 58 -745 -836 -68 -1060 420 -977 552 -84 -347 -209 -177 -974 -324 189 -547 -352 39 -779 1020 98 -407 378 -1109 -468 -392 203 591 179 -43 -198 -1284 -745 528 -264 207 419 838 576 551 -327 741 939 -1581 198 -334 956 1048 -364 4 79 298 -146 94 -143 -357 263 1082 -51 -1292 1098 268 -469 -283 600 -107 -893]
[-265 -565 -56 -909 -137 222 -997 -774 1331 -807 253 848 -528 -336 -2069 611 1583 -42 953 -1421 119 -182 281 403 -879 170 -1004 1592 675 -1317 -204 -580 -544 308 482 132 -616 -23 -584 -49 -453 1140 -353 -935 395 783 252 -1169 -538 445 -1207 -555 1132 308 -964 -82 -283 189 -450 -372 79 1086 37 1135 -477 -198 -574 -896 -633 -757 703 -776 -223 125 484 -5 -47 -1779 111 418 -877 289 -137 -127 30 -594 328 531 -101 -159 -729 -21 50 1107 -725 806 701 -907 -456 -684 140 -100 -1159 465 35 -679 -663 -430 -720 -405 -73 1432 -658 -572 29 916 -483 -15 335 256 -711]
[-237 1012 -748 -875 -1148 -964 -98 -338 98 1077 -452 -385 398 289 47 874 614 13 -31 82 -413 1388 -231 366 -340 847 -440 759 -221 -93 -164 645 -1965 -98 209 399 779 1020 143 -694 253 -64 199 459 -195 -658 -470 -243 -505 649 -86 929 -491 -281 -685 -111 182 -387 1328 -1405 150 754 -437 792 -140 -178 733 -14 -660 133 752 -1748 -415 420 825 -64 -619 595 -315 695 -199 -897 -269 -1099 796 -232 610 -871 -254 -336 941 350 171 -1233 282 378 -207 497 43 1083 -409 363 -435 -600 -434 -419 1009 -52 -627 -82 -152 1013 -299 1761 270 930 909 -202 512 -647 -111]
[-411 670 1180 278 757 379 -399 -788 -54 1526 1089 -112 181 -642 -2158 -460 1146 -381 881 -573 -43 -288 -30 -39 -637 438 274 -215 315 -218 42 -1150 312 937 1070 267 83 -175 386 -301 217 212 860 -342 1309 905 319 -726 -1326 106 -283 -636 101 -75 468 166 -507 597 425 -215 -563 1252 -163 166 -205 -56 -529 -553 -137 71 -1201 -18 -537 1350 547 29 -73 0 1735 -329 -709 -484 14 -403 -455 -1751 -27 -53 796 -488 -714 -69 349 44 -30 933 1129 1303 -829 -451 -270 -102 -806 184 -9 298 -873 -270 -730 349 -213 742 -733 -112 -888 981 816 -581 146 -47 -940]
[126 -680 -27 -464 -273 161 -782 727 539 481 160 -619 359 -767 1066 -788 -930 -970 260 675 -1743 -3 -698 209 63 503 518 -211 645 501 -971 1076 438 -686 -769 298 -592 463 725 469 482 -297 -766 381 669 -149 62 903 -1149 -495 -467 -158 -146 767 -930 -513 82 -351 -74 -1121 -214 373 250 -180 185 1167 -387 -57 -297 141 60 -799 -54 -2081 -321 84 151 106 -378 -149 -356 1119 -471 193 -63 1208 -1088 26 299 1020 -142 29 321 -323 -33 -905 313 487 -439 677 -42 -1580 -509 1313 501 -85 -50 162 1632 -1082 121 -87 -438 602 593 515 -428 -660 614 -617 937]
[-198 32 306 606 -354 -395 -51 -226 -708 484 -194 -12 1208 -1093 1067 -971 418 701 731 298 -233 -49 -865 121 325 1117 -304 394 -246 121 -453 614 708 352 -38 576 858 -680 -110 -11 106 87 -309 -59 -474 -402 291 498 600 -75 -898 853 366 100 -1272 -1263 -758 -723 346 -480 815 -655 861 850 -924 -936 22 251 866 -258 -877 341 -787 643 -748 -176 55 -658 346 1266 124 -1467 219 -70 -1614 -1070 183 -596 -631 443 -1098 -506 272 860 1212 1175 -47 -610 1345 -458 24 -471 576 176 -799 56 112 111 65 232 -325 -564 -55 -313 1041 247 -1397 371 -1028 -164 -388]
[-115 -103 -202 1197 937 -899 -276 -580 -155 26 298 961 -559 1355 89 25 479 781 -443 -474 738 -589 1076 -147 1005 27 662 -722 -557 -684 305 -180 529 168 -1132 355 -728 -885 -731 479 671 846 -210 -124 -1198 -96 333 -633 189 370 245 8 865 -623 221 599 -871 -951 286 1020 262 391 935 -1254 -250 -677 -6 23 1272 -1408 -7 470 50 -49 317 -263 182 -241 -247 35 467 62 -608 587 520 -1493 -436 -388 -941 -419 228 -407 1422 458 -489 -220 83 -526 395 82 -72 211 85 -1482 29 35 -37 325 376 -778 -457 -655 -1225 598 108 -629 520 -104 179 -577 -25]
[-183 -1197 354 106 -407 499 -556 420 487 -512 251 -1581 175 -885 -35 351 -826 306 -185 581 -1154 98 -591 189 411 -895 513 412 113 665 -297 -257 -51 241 -810 -733 -106 591 57 662 -114 197 -346 -107 -572 -318 -927 367 56 276 -201 731 203 257 -785 243 -1728 696 286 -512 360 -1351 174 438 -119 343 10 -132 -802 -176 -54 380 280 -433 523 549 224 829 -1001 1376 546 214 133 -115 -664 727 -173 -5 1033 1059 -683 438 -928 -785 -505 -683 -755 267 -637 164 266 -308 399 -7 -248 1474 482 -378 587 30 663 -290 286 329 -323 171 -190 -561 401 412 1546]
[800 903 -317 -97 -270 -366 -937 -214 762 -523 -497 340 -71 -454 -541 214 -168 227 953 -851 29 41 346 -403 231 217 -109 714 736 101 -1095 442 289 605 666 28 -1243 -56 215 -126 -377 -332 -182 204 -63 709 -422 -497 3 476 -446 562 836 -427 -670 -1260 20 -400 144 -347 782 1538 395 -201 -469 551 -1355 204 -650 -738 -81 173 -556 -260 -311 434 -355 418 -373 1035 -997 -494 643 751 -868 -656 164 690 -329 6 -168 761 53 251 892 -83 -488 -505 437 -1374 588 877 -460 813 121 -1085 -460 -104 -819 -544 -411 -360 -397 -51 511 409 -1516 -1050 154 -583 -986]
[234 596 -796 -57 -252 209 417 5 530 439 466 1338 626 1254 90 1031 -1093 -759 678 -407 1468 1031 37 -215 -139 -91 -782 201 128 -1390 22 1711 158 -63 138 -223 227 155 164 -1170 -324 -106 1003 16 681 -803 -942 590 1370 -476 -129 98 35 -39 -47 -160 775 -318 339 -38 418 190 -236 -811 -656 459 -318 -76 376 -338 263 -573 504 -388 -202 733 -361 1346 -267 -370 -364 -1001 -480 -473 353 -1117 -35 234 -1228 693 97 360 375 -230 836 335 -172 551 -270 423 135 567 64 -72 116 -62 -234 -221 -628 125 -755 55 -311 1000 257 -421 193 -1275 -205 -37 -577]
[-432 763 167 -821 -1018 729 -28 849 -1226 596 -622 -341 498 -738 640 -278 512 -335 -177 335 -499 -448 -36 69 -238 -624 1112 108 -613 -501 -324 -173 -245 352 289 -466 -462 339 -105 489 669 -36 269 1542 421 1136 -829 -451 -1599 217 127 1101 -413 252 303 -670 705 -366 841 -1959 -637 695 474 277 390 1098 302 283 1489 792 64 787 -569 454 -455 -1276 -775 601 146 1243 -125 -935 572 376 182 352 84 -711 -732 -908 -847 -1859 241 -30 -487 666 1020 -17 -770 -958 -1433 -700 -51 -163 483 42 139 918 548 563 122 -15 -468 -601 -957 836 180 608 256 685 1530]
[-849 -1250 -726 492 -214 799 -884 7 501 -231 -1316 -685 -719 -222 234 400 -936 575 -385 195 -1420 338 -502 -486 688 -359 -567 -810 628 301 179 233 -483 283 -911 -359 -336 494 -475 88 969 104 -1169 -457 -1348 -611 -346 264 -750 164 249 -187 925 710 68 -410 593 -900 645 -498 755 963 -99 -47 -43 226 958 -36 -660 202 876 -49 -163 -1537 210 399 -65 712 -502 755 413 -295 -72 137 501 737 383 0 -157 -150 556 -311 -532 79 -609 -950 118 254 459 437 -437 -164 -66 -144 -759 158 -436 395 138 -563 -1273 -2001 -266 1695 -977 551 114 -339 -279 -695 540]
[282 -239 219 -362 -251 -845 383 -695 110 -135 -279 239 -16 -339 29 -1164 1340 1220 1457 -408 656 298 814 597 -498 254 -714 292 279 -394 -333 887 331 -85 898 1256 669 -3 -345 -206 -574 339 -463 145 282 163 181 -678 163 1161 -896 91 362 -475 -460 -654 1335 -360 -60 -675 553 1660 -80 195 -964 -821 -680 -1086 -915 374 226 272 -785 491 25 661 239 76 884 35 -396 -491 -582 -270 -948 607 -172 1283 -165 552 337 396 201 -233 1103 324 -346 -109 1361 -760 752 115 -821 -151 50 1 -126 -521 -905 -422 -363 595 -482 -8 559 1157 -28 -79 349 -345 -1094]
[-998 192 184 -336 613 -1093 -366 -896 -1239 164 464 -353 -1376 -218 120 -9 221 -290 933 397 -1091 -374 -827 754 262 1632 -22 586 1161 1278 -1020 713 -326 -1020 -231 -413 257 -304 611 -876 -17 -568 610 -1006 1295 -875 443 334 -256 -129 405 865 779 337 178 -470 -352 658 1364 599 31 -1179 446 -191 -856 -330 611 936 -629 -233 -429 -754 -594 671 307 -292 75 597 -949 -542 -799 -1478 470 1569 1335 -574 167 -769 76 -593 1025 1385 206 921 -696 115 -563 487 1301 -616 -911 223 -47 578 -567 -1177 -797 379 -676 -767 465 423 4 -505 -374 -162 -210 -626 -792 347 -190]
[-607 -523 1105 836 483 -64 105 -106 -1155 295 1340 39 859 274 -874 419 -54 425 882 -1124 -33 363 -756 43 285 45 545 -87 262 1221 -365 -12 -973 894 -306 1044 68 -184 -502 85 -1035 339 -783 461 -597 808 -75 -1241 511 364 723 -292 -339 557 55 589 -307 190 -573 349 -175 -36 -725 -197 786 1303 -239 -286 507 -464 598 1316 603 236 164 -494 899 240 541 626 796 374 -297 208 -916 -365 136 -1031 -501 328 -1128 -90 -701 603 -857 363 -286 349 -575 520 -174 321 1331 -834 -900 1539 84 37 855 1016 35 -199 -104 -483 25 8 -331 344 416 506 341]
[1276 -919 394 1323 567 -548 -597 252 -948 22 -168 -150 363 -111 1126 -664 -541 -124 -1364 326 86 147 -150 -291 4 417 -104 -1305 -947 970 -229 -986 -107 -601 -241 -314 -2134 234 -484 398 -562 -677 -1260 -881 -725 3 485 137 395 744 491 -224 86 -422 -313 703 446 -508 757 1377 95 -352 15 -212 302 -368 1079 -62 159 -305 103 784 88 55 654 65 -201 -1757 -488 23 1066 1130 -769 1177 -695 711 661 -758 666 -2 1699 -434 -690 -1506 -770 -1977 428 -88 1254 -60 -1199 184 -625 -844 -120 -1121 413 -564 526 -1 192 -801 -587 -367 -930 -1062 -480 587 -769 -911 -435]
[879 -751 1468 27 586 59 666 152 -566 968 422 961 398 -384 -133 -1663 546 738 -632 706 691 -511 -239 965 65 -300 796 -1234 -417 931 609 -671 331 -214 759 278 122 -228 -1025 417 -39 -297 968 -197 243 -20 668 -486 280 429 -1228 -290 47 -948 444 991 -223 449 -599 671 -160 133 273 528 710 -1137 581 -114 -152 -360 -1106 947 230 887 669 -1244 -163 -1797 101 -260 877 1181 -438 473 -733 1178 -71 -135 1796 -256 927 -1281 -408 -122 587 -1475 984 -212 457 -445 -2 -459 1167 -458 -385 -73 768 -751 -193 966 154 -593 49 -1769 -63 -898 -154 1203 -253 -111 205]
[854 408 555 130 286 -701 601 -1013 723 -362 683 413 114 624 -41 986 -933 -929 -175 -316 -232 -342 80 -280 482 540 -91 -226 -518 -487 499 770 258 367 -653 765 -782 5 400 -880 -453 312 1296 259 679 -331 -160 579 788 -167 401 261 -801 502 -103 1078 -458 24 13 1232 485 56 172 -1462 134 731 -831 227 -352 -163 191 405 551 117 -48 64 479 964 -634 -428 36 8 876 -514 632 -200 -489 -161 383 -579 194 1777 639 -593 728 -642 -1968 220 -256 1183 469 1069 -7 86 -385 -11 -650 -583 -713 -123 -408 226 550 1143 -296 -535 120 -197 -520 154 698]
[-610 97 1261 -1188 735 -1479 899 -250 -959 -142 -768 -328 156 622 -873 22 -536 413 1681 -704 949 -444 -107 308 -283 -590 -392 553 -331 1352 -524 362 -472 105 1594 759 522 -442 -272 -190 -148 -445 718 1125 314 47 -569 -1580 281 -466 476 1239 -177 -647 185 -485 694 -195 -992 -1646 -508 1799 377 -207 -517 -243 -1158 55 -398 523 -468 696 -286 716 -736 -1050 -1091 -513 -58 -190 810 1005 1002 937 399 19 -223 532 -278 753 859 -962 -728 -31 -94 -666 -999 -637 802 -867 1368 863 265 -789 -1140 870 1067 1084 -20 -449 1811 277 609 -923 823 556 -537 -107 813 112 -221]
[7 195 -79 213 313 11 -265 -1293 -280 -980 820 483 -473 233 -1212 -277 496 -668 46 -292 492 -73 599 337 -544 802 -97 -289 -804 -495 318 -1678 -103 -34 47 -79 86 -920 27 424 -420 14 -776 -816 -153 1274 1872 -735 -53 -579 279 -152 99 764 -216 574 -273 505 560 1244 203 -40 -393 266 708 35 298 -295 680 -32 200 -223 272 697 151 3 358 -1076 381 -593 -76 124 -468 -257 963 -1408 755 -141 -745 -491 -638 622 525 -477 -1914 1307 499 404 912 -487 -1034 -268 -885 -745 517 -129 -619 700 -222 755 -793 202 221 181 -624 -604 192 28 -507 -774 -622]
[-908 -151 794 720 295 -1876 -58 -1626 -120 250 -310 744 823 137 -38 -1068 338 628 -541 199 -56 167 305 1498 727 9 -98 486 -1197 831 -1158 540 349 293 814 214 243 -795 -51 -88 -575 386 171 460 -436 430 1158 -533 410 -1146 -529 -58 426 -421 -91 -898 -73 494 -236 433 609 -605 -148 -223 -102 -122 599 -488 1170 1061 -50 597 221 98 -109 -552 -157 -1188 -612 619 292 -1801 1851 782 -1189 -298 1053 -166 -227 -1295 -1414 -902 1130 1371 787 461 303 -1891 1906 -929 559 -211 71 -68 263 161 -248 -225 -145 169 2645 -805 561 -1406 441 -113 -1089 -946 -1686 -211 -1087]
[-245 297 658 523 38 -65 -442 -1249 696 363 835 -154 -90 398 -490 1071 -154 -163 16 -1089 135 617 20 325 237 -13 -272 -26 -1580 -411 -230 -1017 -609 762 -381 789 -663 -468 -321 -787 -721 624 -892 329 -614 243 979 -784 -403 -12 175 483 70 321 -150 1005 -457 -102 375 -330 317 839 240 1161 -192 -513 374 10 345 -814 321 -611 -96 557 287 -782 280 -1158 409 -82 301 -265 64 331 -289 -900 561 109 94 -309 -1149 -410 317 696 -397 108 163 136 337 534 -1354 277 56 -1467 -70 -1000 -437 -531 -142 387 161 -145 -1367 505 -799 -867 -852 904 -777 -442 172]
[227 -104 1376 869 -73 1116 -466 761 350 539 1 -1058 17 -504 525 956 438 95 -928 1351 -536 -694 -352 -311 515 -521 723 -332 72 876 426 -1137 -622 220 -463 233 -376 181 288 128 536 -92 951 515 -223 -400 -589 -111 -614 658 -385 -574 -1238 -141 901 -205 -1151 -256 593 -401 -345 -47 -728 599 122 -198 870 -805 -161 538 -329 74 151 -684 260 -311 514 207 -152 472 443 522 1766 -1036 -768 140 -475 364 1779 43 -188 -651 -569 414 -150 -1668 -162 193 -803 519 464 -1254 242 -877 188 -281 618 -623 583 184 378 -709 -202 642 181 -580 -308 525 -404 -248 -159]
[-80 222 244 970 707 -598 -182 -122 -773 918 696 28 -105 -99 -131 188 218 -669 -625 -307 -54 -579 -1065 -76 793 372 1730 -277 -1611 1525 154 225 10 -412 -1286 522 88 -156 60 365 642 -758 -441 504 708 489 -3 109 -551 -1067 473 215 -938 -104 531 133 -140 -338 260 1613 398 -70 -389 -298 677 -1199 273 826 901 495 -260 360 -47 691 610 -890 401 -684 67 -1262 409 594 604 -551 544 -168 204 244 869 -205 750 19 58 175 -1584 -935 554 -757 431 -618 -1173 3 1120 -276 -29 -111 -51 161 1423 273 336 13 23 8 842 -518 -81 903 -286 -241 214]
[-31 -323 133 -864 277 -912 -345 379 -1404 132 619 546 157 -1170 -518 -736 -934 -1073 -259 100 -941 264 460 -10 -1130 403 -165 107 574 -528 98 -221 -274 171 736 -164 -223 637 -1189 263 34 272 -741 166 -399 -332 -21 -1238 -275 113 325 56 -143 872 -749 706 622 444 -21 397 137 497 -340 -407 531 2087 -530 670 -226 608 1021 826 962 -430 707 -789 -726 -356 340 -206 1109 533 -2284 -376 884 929 993 -2003 469 -501 685 -725 -228 -1105 -1711 567 151 567 -890 -695 -794 568 -429 -630 -745 1800 338 1436 451 723 30 16 480 -70 -1348 1692 819 1036 1042 664 557]
[650 -7 -304 483 -721 704 363 1201 116 501 457 383 763 -203 346 -687 -939 -655 -402 -129 222 -284 892 -756 -490 -580 574 -39 4 -1199 721 1887 1265 -183 984 85 -132 793 303 408 397 847 911 713 -54 -953 -671 472 -152 793 -740 308 -655 -286 -37 307 785 -289 -572 -308 -819 96 156 -718 -633 432 -729 1088 388 939 929 -1003 -381 238 -361 -1328 -950 734 -154 -69 849 57 -1025 -1430 -78 943 -277 -215 975 365 765 66 67 -967 449 83 -399 662 -1267 285 810 -423 434 769 -580 1577 1016 810 396 -33 95 382 -198 848 530 -245 575 457 1116 101 978]
[643 517 119 -679 865 -1464 -234 -1019 975 815 993 1056 -266 551 -569 -101 -929 12 -475 183 -858 -486 216 561 849 119 -268 51 206 26 99 1878 514 -644 761 481 -279 362 526 -515 540 -183 178 740 965 -356 392 543 292 -792 -651 476 -428 -728 -406 -459 538 245 91 136 140 1460 392 -329 -647 -631 259 174 353 478 -608 -728 -461 1030 0 -939 -941 -174 -1092 -1362 -519 -792 255 443 66 -38 -280 415 157 -360 1181 -181 569 210 827 -436 -53 -425 1513 355 1060 -91 -350 985 148 -248 -301 74 388 -533 986 -827 -644 277 910 -1041 -1092 -89 -298 -793 456]
[188 116 -968 -72 879 -449 550 523 -560 1476 -412 -54 -37 -74 544 -331 197 -55 -226 -952 31 -158 -997 1044 800 253 -265 18 -376 -427 139 -362 -435 134 73 575 602 -372 -847 -497 -916 271 -716 -873 -1811 -1151 -61 871 -141 991 1666 -1651 514 1022 708 -147 -42 -19 384 491 48 421 331 -285 674 -393 1135 -982 -828 -713 506 566 713 -105 476 382 -180 423 675 717 -323 -502 -1627 239 576 341 758 -848 -892 -652 523 -557 535 -627 256 1263 -266 -479 -134 1633 -619 366 364 -122 171 77 -363 -78 -1089 566 595 -282 242 385 -1407 830 -58 152 266 386 -1215]
[887 1259 550 319 160 9 -394 152 786 623 1333 -747 -517 546 -443 2030 -37 -427 -1203 -453 -93 55 289 338 621 -878 106 307 -887 241 250 -1057 173 -5 -965 229 -544 454 -602 -734 -58 -615 -97 15 -195 -987 -54 -370 -266 -1079 1240 -203 -1095 -86 -250 1850 -1529 188 348 -235 -117 -248 -528 138 -264 10 868 -821 -499 -862 261 0 750 141 1240 1259 -107 106 238 189 -738 362 918 -376 22 -614 -72 -264 731 -387 114 626 626 -509 229 -919 -224 -470 -2167 1923 181 81 34 537 514 416 334 -66 -593 -473 287 168 -798 1095 -368 -1083 562 1300 635 10 441]
[-353 -428 -738 902 -687 -466 11 36 -381 73 80 63 1484 -643 322 -1015 -106 910 686 -428 -273 1106 -619 898 -327 785 894 185 -317 -107 -736 1031 -35 1134 -435 49 -112 -137 594 238 -1364 794 -812 368 -483 45 712 -416 688 986 -191 475 577 -173 176 -73 282 163 500 18 932 -807 -226 -420 -424 1289 -596 -652 -258 745 1178 109 -126 -303 483 -212 -548 -158 1396 2072 -371 -490 -1068 -112 -322 -755 982 191 -751 -670 -234 841 -255 -228 -26 746 280 -426 1127 535 -681 913 329 -266 -565 -284 15 -22 -416 -552 509 28 -359 743 13 588 108 -325 -36 -730 -1518]
[137 -603 165 -246 19 18 231 412 295 -512 313 12 228 405 -204 -262 -60 89 -266 614 -565 488 1581 389 -1324 -398 -218 1233 -330 -1066 185 500 -152 -291 -174 821 519 -174 -507 357 438 219 -630 284 -533 -589 -577 -245 -114 -465 -712 680 187 -536 -335 877 700 468 -74 -459 1793 97 192 480 -1200 -1041 266 861 -400 483 324 -763 -140 210 -413 40 -171 -367 -749 -37 308 26 622 -1593 -211 1248 -52 634 20 611 637 302 1199 -343 569 -1356 -609 -721 390 227 833 -765 -951 401 -373 453 -212 59 -94 -999 -132 -18 196 890 1245 -622 95 1462 1187 -1042 301]
[966 20 328 -1281 544 36 154 -370 130 165 1021 1057 -910 -715 777 -320 429 -111 253 1590 335 -47 -73 -79 -319 1231 177 -879 -534 -88 -1548 625 306 -470 -395 43 205 -121 -219 807 -289 -2 -188 -191 197 -777 275 1093 -119 -418 -1033 -27 538 -227 -42 -505 -8 -173 790 1412 179 -1435 486 -309 -291 -669 19 -285 -532 36 -235 -1124 74 352 192 77 1407 462 -251 162 -1561 -661 -997 170 125 763 -197 805 -839 212 353 888 690 -82 -392 936 -198 51 606 332 18 -1236 -1129 -111 458 -619 -673 -495 768 -542 150 -411 81 168 -1113 670 -299 239 -490 -458 451]
[-1591 -473 -160 436 463 483 -113 377 -244 -222 548 691 455 438 -234 -870 -293 657 -793 -311 -701 -64 253 643 27 -472 640 -796 921 981 445 -29 26 279 895 -544 136 159 710 622 -392 600 -581 855 -510 -446 1356 -839 895 988 97 -899 -471 -398 1451 457 190 676 -1158 210 315 969 -353 -273 617 480 457 -235 -427 349 478 634 751 -106 -423 -565 244 -273 -506 -175 506 1078 616 -284 -358 1366 -411 -120 653 -349 144 -771 -649 1092 331 -1581 -338 -510 40 -2000 478 -694 1079 -692 163 -273 -394 351 280 -944 905 -807 463 300 1351 -1178 -115 -266 390 -608 -1364]
[335 474 616 257 1090 -524 -1165 -1317 784 -13 948 406 -178 627 -732 -373 579 -481 643 823 -476 -242 587 1031 -417 -201 407 777 214 670 66 375 678 -948 112 -187 -693 -120 552 168 -400 -522 461 -820 1524 284 752 -451 -53 -1700 -810 -534 687 -658 -170 -853 -393 183 275 48 -343 78 -63 734 -964 -521 874 -256 732 -564 -641 -706 -141 102 383 -75 -106 -769 -195 -711 -43 197 1392 547 -168 -987 -302 109 1092 -115 452 200 560 543 219 168 827 -676 1163 -859 136 -521 -665 272 79 -413 141 -560 -529 -1232 1429 184 -1247 -793 41 -892 -397 -946 -557 -927 -1638]
[179 -651 786 62 920 -219 -1473 249 112 -10 1924 1341 909 426 -491 -686 -611 253 185 637 -1022 827 67 974 -288 696 1129 -122 -415 745 182 20 -855 -398 420 155 -1332 849 -44 155 -12 414 -259 -169 237 986 -27 -723 -524 -100 -1828 1141 -296 -577 -113 -57 -537 -323 -961 -198 -332 6 58 1347 92 842 435 316 -108 -162 147 -406 -313 548 765 -504 -596 -1897 -702 130 1362 380 1065 170 -570 -148 602 -336 1108 310 338 -534 -152 -809 88 -733 -157 -271 801 -246 449 -667 -8 -475 -1137 496 543 -262 513 -31 960 823 -151 -1168 769 -486 -1438 399 499 -495 229]
]
