5791.621966 2920.626755 1.029607477 62
[[-530 -663 595 -721 -200 -413 391 -100 -239 358 -195 -557 -150 1041 -247 -782 -246 23 286 100 212 -754 718 -555 -181 242 -303 508 -96 -35 1382 11 -551 -153 0 509 434 -484 723 464 -386 -233 288 315 -805 -51 -471 105 -578 119 255 -642 -671 107 39 -854 -809 55 -868 -289 523 221 -319 89 124 -341 89 -475 -26 928 61 -281 777 -293 314 -601 517 685 742 -605 -618 -1190 65 137 -73 -394 -482 -425 971 -510 669 -487 -954 22 -788 -416 -969 -340 1250 714 -674 -403 330 -104 306 27 -611 -945 -634 -373 -318 749 180 154 329 217 -482 -382 -346 898 -556]
[-493 -121 -293 1329 241 -663 1728 -560 -62 532 -36 59 -251 -608 624 -1073 210 1614 -487 256 -195 -114 145 41 -177 130 -7 -306 -85 839 -505 -32 145 425 620 154 165 -44 166 1307 768 324 88 -8 -68 -315 -45 183 -396 -86 -491 1026 -32 111 488 -621 -152 -71 228 -269 -368 -1269 208 786 -349 129 -218 1347 716 -648 506 -147 -1222 72 -262 220 -107 250 -452 -416 218 363 -89 524 -596 -35 164 586 -191 212 -17 -222 266 1144 -197 -98 541 681 -210 -218 1475 264 -53 1043 299 -549 624 -480 1181 98 -7 -312 1268 172 -104 -487 414 -91 744 -564 915]
[319 -598 -901 367 231 1002 -1035 1067 -203 -94 851 1090 -559 -291 -1298 750 34 -503 534 -82 -276 -675 -808 552 -407 371 -390 558 -720 -338 -756 -1151 -668 1189 -349 -827 -1177 825 81 -223 327 -899 74 28 853 -561 -297 -1160 1026 -444 -16 838 980 144 -966 397 916 -292 1109 -208 -302 151 -234 428 331 -457 163 -256 2 -218 65 217 555 418 -528 -524 149 -388 -181 -414 -394 233 221 -593 -435 105 549 224 -287 916 -325 -23 691 -676 971 875 -150 -119 -973 -383 -335 962 -549 -804 -1444 369 560 1285 710 235 -67 -540 -627 -123 202 517 402 -572 -33 -88 163]
[-371 -556 -519 -1091 -408 -43 -305 1549 232 67 -587 39 100 1444 -745 1045 600 -1047 1276 2 297 -877 -63 -654 -560 698 -1113 197 68 -952 -753 -566 -422 638 468 662 296 -51 1092 155 -113 -718 -592 44 -789 -581 331 -976 853 810 1034 -178 -331 736 -1433 279 306 -81 494 -260 -278 522 -513 485 -370 49 -159 -1100 -27 566 906 37 184 390 -401 -118 428 702 307 185 -378 219 875 -480 -798 281 -854 209 -144 340 -712 -1044 -1189 -466 -738 -152 -683 1274 765 344 -653 644 -1026 -543 -432 858 -409 28 -729 -589 -299 315 154 -183 -680 -9 145 -576 -538 160 -336]
[686 354 978 876 133 583 -897 -840 -364 -44 -728 -517 -52 -472 1168 -124 859 -250 -928 -339 41 1300 -1621 1647 1735 -1215 618 -35 -92 589 -882 54 526 -160 -86 -96 -579 132 -1132 -703 480 425 1118 -495 928 -230 207 603 330 -671 88 235 500 -34 955 -77 -262 500 293 728 1062 -71 994 -1004 145 -117 355 802 -290 -42 -853 131 -861 -61 1023 630 -77 -86 -184 -732 1184 65 467 -121 967 182 246 -446 680 256 -753 -83 174 -99 344 -321 398 -1297 -426 -667 441 -6 654 103 -415 74 458 -495 571 182 226 -1016 -904 34 249 -929 -120 598 -504 -801 140]
[-435 -627 -722 45 -329 -954 415 97 -854 118 -197 -700 -1267 -132 -801 -1192 -363 422 994 139 343 -1859 59 -488 -1146 1270 -75 141 274 -48 128 1 -21 518 564 -258 1052 185 1987 961 442 -546 -231 -619 -1009 -312 -50 -475 295 -971 -11 1333 -1344 303 -192 -332 -56 -696 1209 -348 -659 -733 122 930 -154 -469 125 -470 -117 -96 1217 187 115 -7 440 -1232 -30 1315 135 -910 -1695 450 -600 -250 -471 583 -353 922 786 -308 -608 52 -433 1158 -102 607 -251 655 333 227 -235 -22 -353 404 -293 -750 -374 119 206 382 108 459 214 494 -527 473 527 167 157 -194 503]
[-212 589 53 84 682 -800 1386 -489 -173 166 403 -105 539 10 120 -539 -519 1317 599 1084 77 250 703 -1275 -592 -596 -593 -261 37 -326 -450 -10 -669 44 1234 346 274 702 -854 302 -281 1009 -745 471 384 361 764 35 -328 1408 -285 -238 122 -1053 -110 -323 -254 6 -340 -286 237 -229 -389 694 -218 562 -758 847 1595 -475 838 152 -137 -482 -1247 856 383 208 -939 -90 898 140 846 575 256 -922 -497 780 -634 -9 105 393 351 473 -102 -1262 596 277 675 -101 133 -177 -158 58 1325 310 672 225 -847 -79 341 970 1262 -705 507 385 -703 -452 526 -763 -582]
[922 321 682 -205 518 212 -658 -949 -517 -184 -1515 -726 170 -323 1361 606 282 146 -1332 491 -39 1356 103 501 705 -272 360 -105 -49 -170 356 173 669 -212 -1036 566 637 -327 -487 -567 1260 154 932 -566 -291 895 -286 1123 -802 -750 -273 -326 -980 320 553 -969 704 -594 -595 179 -37 -266 1203 -958 -241 730 755 -192 -368 194 -708 327 -996 161 1332 -413 -75 594 1921 336 1034 -515 -292 -255 759 927 -18 -458 -61 -122 223 -952 -845 -893 -625 275 -216 -124 -625 127 768 -776 172 345 -934 -224 30 -299 591 -329 -573 -392 -454 96 -349 -444 -143 97 -290 -232 988]
[757 787 141 409 64 114 -1255 -224 480 -1032 -268 -514 333 -795 -27 -283 78 -468 -383 310 916 698 -536 1217 -22 -970 659 202 1337 -415 870 1110 380 -875 -690 -517 824 715 -1126 -1043 -204 253 -157 -418 -434 114 -235 1182 -307 -561 713 -642 351 -817 546 -294 208 -1059 703 129 305 -776 -124 1 400 219 91 248 -102 20 -7 -243 322 1016 54 -252 -540 212 -539 615 -56 861 -349 -125 1580 498 403 159 0 -1016 -550 2266 285 84 808 -832 732 -691 68 253 -800 -826 1266 213 896 -316 323 109 -235 942 -757 440 -540 -396 -253 -298 -490 678 328 -179 -788]
[82 390 -247 41 740 729 -856 -167 -266 316 1322 122 505 50 174 317 -1167 -171 314 -532 -464 1111 1037 -1314 -552 -729 456 29 80 -1019 -1093 24 -883 221 -208 498 -662 528 346 -495 226 144 301 -475 -29 1174 -256 -654 357 -117 -530 672 -212 -179 -538 782 785 -551 -1442 -724 -207 120 352 -1586 242 -70 644 -243 143 -163 -1391 151 371 -158 789 -245 -157 134 300 118 563 -1430 -37 -62 -29 118 683 -352 -416 311 -115 -608 134 -766 111 733 -697 3 -705 -217 -296 -726 -57 -151 -543 747 -679 983 -526 -359 -285 357 -849 -106 1428 842 -198 -61 159 223 -255]
[689 -38 1316 -987 -646 -545 -258 -1383 -1142 436 -1414 -810 178 -224 835 158 419 693 -59 -437 -696 1051 -1001 254 716 1455 520 -396 -645 942 1 457 1817 -403 -731 -80 789 -1177 796 562 142 -284 1063 6 272 -272 334 2 655 670 -329 -697 -806 491 494 675 -1229 926 1000 924 -625 85 1109 -253 -557 411 -318 -470 -385 953 568 534 -727 -768 144 712 478 291 497 268 775 -153 -218 -63 -230 263 -455 -427 28 286 -551 -579 -613 -668 19 -108 -336 235 872 -462 394 -514 -300 -112 -387 -819 -447 -1308 -206 -744 634 -737 -666 378 -1079 -1279 -69 534 -544 -676 949]
[145 -287 -767 418 -515 -994 -609 66 -234 -58 -102 -294 -1884 407 -644 -471 271 -299 903 -51 21 -1738 -256 562 548 521 829 481 -111 645 511 -404 -199 492 594 -222 -507 167 -22 -27 -486 311 -503 178 258 -12 26 654 707 -1207 876 -163 -652 32 1281 -265 -140 -25 1369 42 442 1375 -684 253 440 -399 22 1164 -258 -353 780 -195 32 -575 -648 112 -81 -186 -934 -456 -849 498 472 -353 1089 -634 -848 1083 1073 -25 -223 -346 -96 821 -101 -476 330 -854 251 156 -332 798 168 -436 23 -187 281 -148 -805 337 878 710 265 -380 -832 1001 -243 -133 -191 -932 -979]
[-564 178 56 654 -401 -531 1477 43 822 775 1444 1062 1447 -470 290 -1005 -361 229 82 368 891 498 500 221 177 -1303 -584 -625 819 720 713 224 -495 -534 1072 -140 -697 334 -1114 -191 -254 1025 -942 314 -611 642 112 8 -409 428 129 -340 962 -1117 -184 -483 -868 596 -1103 -361 775 -213 -311 207 60 -43 290 1256 582 -55 -742 459 16 341 240 -161 194 -279 -1136 -952 292 -629 -437 633 183 -719 1673 -848 -537 -244 550 1066 1266 295 537 -435 781 -989 370 -446 -393 -205 327 800 1371 -656 -269 -1158 477 574 -287 600 926 223 1040 163 -1059 305 1426 836 -1062]
[-301 161 -601 -527 37 -1612 689 -30 -991 502 -183 -571 -501 716 -835 207 -35 -91 1158 1613 -34 -1467 826 -1350 -714 158 -415 635 -648 -139 575 -1168 -618 792 1364 -542 -103 1261 842 50 124 705 -1013 -120 -116 1198 1025 83 522 -565 401 239 -1125 -614 -59 -95 351 261 457 -275 -395 914 2 1352 -165 -858 443 -475 320 -373 748 1367 -527 -235 -192 -735 -645 347 863 -1117 291 -119 598 -555 597 -59 -87 257 286 -125 412 -1481 421 620 -624 494 910 134 -896 84 -1023 371 -938 -43 -190 -104 -19 495 -504 129 69 404 879 215 -414 1724 -470 -428 258 20 141]
[-313 -115 -47 -523 -250 -210 -464 -647 -717 372 -30 -521 -730 891 628 -23 -146 643 724 -1093 468 -606 583 -732 235 -412 643 493 -102 35 -1445 277 -206 170 156 496 127 -930 338 339 -782 -150 200 -361 -250 -178 83 -213 -542 -142 586 529 -1437 1290 515 179 -671 121 -405 266 686 643 -1 -1693 -642 189 454 743 266 211 193 -118 -513 -517 -538 590 900 1487 475 -55 102 -1125 694 858 -322 300 -1229 1143 1194 -181 280 -642 -1568 637 -643 -184 -945 777 581 615 -61 -781 -296 322 333 443 -742 -550 -1384 -358 780 751 199 -31 -291 124 -614 -21 -501 -983 -452]
[-378 -288 -470 -1122 -299 1225 -10 1425 615 -289 155 947 -872 593 -90 1595 190 -613 -27 -1034 1264 -1181 -64 123 372 146 -1306 -365 -753 -744 -757 -804 112 789 625 302 121 -787 -80 -407 135 -959 -843 -335 264 -901 421 -559 -217 221 64 -151 429 1247 -615 355 -367 541 -439 416 245 1514 -985 -201 354 -326 -150 -891 -817 -59 -126 -366 519 -185 -662 -317 644 -180 338 -89 -255 704 1005 756 -370 -532 -1283 669 -11 321 1285 -741 78 206 -528 968 -225 221 -360 -404 5 758 -1197 191 -154 -350 -459 426 -8 43 -140 -1083 525 -100 -474 193 155 79 -562 693 874]
[863 337 -881 954 193 820 -938 305 270 436 -393 560 424 -958 -279 1070 353 -712 13 -711 1233 120 539 740 -218 -941 -622 -726 671 -1169 -878 -413 164 281 459 177 -664 365 -1053 -1885 333 -20 -605 -355 151 181 221 98 546 -17 640 -68 301 483 -416 -48 311 -840 177 -728 517 -103 -177 -978 500 604 828 73 132 -179 -686 552 205 1211 -129 -209 950 1131 -663 -53 583 225 340 12 585 328 -202 789 -415 11 -249 374 -130 427 912 123 439 -132 -537 -501 -171 192 -96 922 -77 -527 -62 599 323 226 -748 209 58 -401 -470 -579 -1269 -174 553 -288 -404]
[-583 445 -179 -212 -612 -938 782 1099 540 115 -874 705 490 -142 -117 -266 845 -31 433 1102 -337 -1651 -796 -201 174 319 -984 -410 811 -284 -583 448 -705 -687 1045 -343 -374 -229 -371 -503 -1092 383 -1498 274 -77 -856 652 363 201 562 669 604 3 135 -556 -91 235 564 498 58 1366 305 -460 1269 -781 157 219 -509 350 -281 948 793 160 605 264 -43 465 740 -262 -404 -1014 1145 -979 -184 -719 279 -742 152 544 -513 -553 960 -249 990 191 -213 1008 416 -547 -110 491 751 -300 43 656 -301 80 -139 808 1029 201 302 541 -415 -578 26 -12 463 -448 -752 -358]
[534 -237 291 508 127 -671 1254 -395 -813 590 187 522 -682 -1024 -101 367 -76 567 -651 400 -525 -869 605 39 9 39 -957 -1014 -885 1155 469 -1212 530 875 525 146 -562 228 -192 -332 952 389 716 192 473 860 907 546 -890 -837 -499 479 -219 529 -307 -931 -431 683 14 265 170 -27 60 880 -445 -23 49 170 -947 -582 -132 221 -812 -435 -153 -333 414 -32 -87 -1619 -21 -454 764 -359 -20 494 597 143 -309 685 1916 -873 905 -256 -269 375 212 -221 -471 -985 811 719 -766 289 -575 -1015 -197 334 1246 -374 388 -439 1195 958 -1025 8 -418 -723 366 498 1369]
[-249 -772 88 -1974 -653 376 304 1075 -569 -382 -1046 -68 -281 1275 -399 507 380 -755 969 1052 1482 -1192 -639 -375 697 -266 -601 476 -434 -6 262 -997 139 434 941 -513 441 76 -101 -332 467 147 -1095 -703 168 375 1180 -797 -700 238 423 253 -704 952 -1032 -1324 -207 919 -648 382 949 1278 -8 -773 -540 640 -36 504 -72 405 955 1496 -90 -590 270 -458 572 188 1487 -911 -510 -305 428 -110 -263 -1266 -690 -259 352 272 -154 -1905 -561 -346 -383 -432 -354 305 708 1056 -659 216 -1348 -351 -246 1055 -97 -560 -473 149 1174 434 331 138 218 1172 -253 -78 235 -328 -648]
[-225 110 -561 -738 -520 -395 -145 1181 1233 429 653 764 447 183 -222 38 25 -309 1188 181 -427 -58 287 297 -230 1079 -292 -387 193 -65 -1003 -109 -699 -635 492 461 -1523 211 -288 -966 -657 -52 -1028 1122 -294 370 344 -942 1818 311 -227 -404 157 -1066 -691 529 890 9 930 -779 -614 667 -711 557 -189 272 417 -766 6 408 813 515 661 15 -536 -120 1142 506 -564 348 -799 290 -259 -535 -438 512 637 21 -850 443 -476 285 112 -1323 224 400 -756 305 81 55 331 85 -389 -796 -546 -114 286 -190 -533 -140 364 601 -568 -467 -69 -115 563 210 93 -343 -1182]
[383 774 -232 -89 543 -519 -1193 -1256 -1544 347 107 -559 -266 -751 -168 121 -212 568 1288 173 -738 318 -112 -560 -585 416 1254 293 232 -200 -1072 676 -677 602 -1044 3 69 551 -86 6 -469 64 -161 -349 486 -252 174 311 710 -624 816 844 -903 20 343 965 116 -75 595 -622 -880 78 579 -607 -179 13 831 1358 238 387 460 804 -57 36 -25 -205 -1238 480 -6 331 790 -781 -52 -252 173 805 149 -333 -164 124 -1434 163 -43 -124 969 -526 945 260 -694 -444 -692 -321 226 71 234 285 -578 787 632 303 -243 975 -545 -736 -290 1226 -763 48 -692 -1015 -160]
[87 415 88 -1241 107 -1044 1134 -894 -729 -755 -72 148 189 -509 550 -184 -425 1463 -314 697 -168 -474 263 -588 -174 189 -472 -317 -1024 812 -482 56 -699 578 -420 386 305 -1135 -793 1029 387 49 -496 874 121 -1057 384 721 -1093 -15 -363 624 481 496 437 339 -841 504 -595 862 164 784 334 1279 -515 -516 173 109 678 -802 -84 -33 -658 -381 -706 -243 -367 -369 338 -210 882 -107 354 919 -377 113 -563 46 222 134 1317 727 970 710 -214 598 654 -125 -951 -1129 311 646 -650 56 394 -274 531 618 853 1057 -9 -486 1107 -431 -966 462 -336 219 -974 568 2081]
[896 690 224 -272 1053 536 -828 328 66 -505 -325 -5 -476 240 -201 1635 140 189 -606 764 -428 -1271 681 -719 -231 -262 -259 42 567 -731 1584 13 611 -543 -709 46 866 752 -507 -916 -326 433 -803 -354 58 515 191 2115 -446 -429 876 -1260 234 -496 -12 -479 430 -617 -304 -500 599 605 -1297 599 16 694 -121 -257 -1310 -327 283 -196 305 1490 -567 -422 -931 -251 374 1518 147 326 107 -602 1078 -203 -1129 618 -187 -729 1681 63 -171 256 -253 -153 1447 285 -1164 83 281 -1150 398 327 864 -1055 -971 334 515 545 -1272 816 627 -752 -778 1173 -536 96 -81 -35 -110]
[1723 189 -280 -440 231 -270 -215 -846 -920 -359 320 832 -640 -1023 27 509 -633 980 -903 -469 -685 -333 409 -517 -871 -32 639 57 -1163 654 516 -32 842 539 -1657 -74 -128 -787 -722 -47 271 -460 215 1099 834 537 -18 539 -9 -189 -60 -582 728 856 487 388 -700 76 251 -428 -237 766 -61 -11 312 677 -186 631 -685 -975 -622 -85 399 -684 -972 247 1002 -1085 -509 335 233 -724 -20 338 -193 -673 -941 859 -717 855 1931 367 250 -220 455 1365 -541 -810 -352 -460 479 -76 -132 -171 -146 -733 -210 308 167 157 600 252 350 352 -863 498 -541 317 390 -11 1065]
[-934 42 -719 -567 -364 -600 907 290 688 324 232 1071 594 296 -299 -385 253 470 701 144 -398 -703 222 -611 -173 635 214 427 255 517 -883 334 -220 -671 -573 -406 -329 -774 -402 621 -1056 -1055 -1042 1671 -531 -1013 288 -571 1122 548 782 -328 239 -78 -168 834 -282 126 947 -1386 -654 18 -911 -304 -135 889 -93 1105 108 372 1185 747 460 802 -1389 395 709 309 -813 1371 -775 -496 -1089 -21 -1842 -179 -59 481 -1136 393 -52 813 -67 302 435 144 305 1572 583 373 329 -218 -96 161 -231 -529 -246 -1084 737 -9 427 1102 419 -58 111 333 266 508 326 -292 -1129]
[-616 -6 -1019 743 59 -56 809 -349 1073 371 1280 287 -400 -546 466 359 -12 836 8 134 -191 -112 623 -570 -129 664 600 -178 -510 95 -344 299 -159 311 -197 677 54 -139 -211 803 -725 -339 -520 37 133 -486 -293 21 -953 417 -646 235 -619 505 108 270 342 621 -656 -6 -1322 -59 243 512 -939 88 -124 528 628 366 996 117 -994 -482 -888 -129 -287 -330 1375 933 -408 415 -577 1000 -1319 1071 -249 -178 -896 -865 585 1 -343 -79 -754 169 -13 1266 -558 808 1134 369 -403 43 536 388 150 312 -210 -578 351 -667 962 -102 -69 341 1234 -652 -57 -142 1079]
[255 -974 154 -108 107 -104 -1023 -498 -51 169 -1154 -1674 -136 766 278 -628 105 -692 583 -533 857 559 477 778 25 973 558 303 825 154 934 457 1204 -212 -1052 1443 1399 171 1245 510 726 -44 -202 -210 -1426 -474 -979 53 911 -754 219 273 -499 -168 541 -296 -78 -360 -441 -200 -1206 -809 393 578 -205 15 489 222 -33 656 875 -187 -531 635 780 -1168 -1685 439 921 1529 -368 -664 15 -435 439 503 386 -737 171 -1277 -1759 -877 -713 -7 -393 -670 -666 900 1323 1222 -48 -906 251 72 291 501 -90 -1114 -98 783 -476 191 -1041 -389 -62 -115 1144 901 340 532 131]
[-321 643 -869 -475 10 -788 -89 865 -104 -608 1165 869 -543 -235 -22 -633 -566 420 741 544 42 -743 488 143 -713 229 1652 739 1169 79 753 732 -1162 -10 -23 -947 -458 610 -441 -352 -911 133 -1373 -567 -390 445 -43 460 -1425 -1269 1355 155 -1002 112 -85 -159 1007 -657 219 -794 -289 280 -585 -56 33 -299 467 1291 -607 -298 368 310 778 10 -394 -643 -329 611 13 -584 -590 294 -266 468 1219 482 896 713 -114 -13 -83 1429 -333 -135 513 -268 251 -159 -125 318 -830 -662 868 642 1153 -196 -467 315 180 590 84 1225 349 -374 -118 1109 -1066 165 112 -652 -2045]
[1054 -280 141 -558 -269 -728 -777 418 -1074 -470 -846 850 540 -241 -1085 658 -317 161 -73 412 -1231 -408 -235 -471 -1067 807 812 67 71 108 42 -133 198 70 -1397 -1482 -212 -676 984 -328 532 -813 826 -253 -360 39 -186 462 546 -64 471 317 -447 735 -1266 807 215 -645 1387 -215 102 -44 835 -728 -749 -35 629 -425 -570 -27 -178 1834 402 1356 517 -432 231 86 139 -629 -520 -828 -1497 -734 -708 711 443 -270 12 472 -495 66 -286 214 1139 1364 -12 537 -1063 -463 -399 -233 -285 -51 -1354 -1095 -866 211 1481 -34 38 -238 -437 222 -812 118 -1232 745 -137 293 844]
[-620 -38 397 -1208 -756 -19 740 -4 147 -567 -452 -88 -338 284 831 -168 -531 586 -553 526 1026 -1592 298 -60 635 411 -721 -873 36 568 563 264 -703 -739 528 -15 1202 -2276 244 372 215 136 -211 -205 -1243 -320 -351 598 -595 -1371 -872 -168 -884 -891 820 -310 -469 461 -539 1206 659 835 -71 -928 -380 -568 766 -623 -349 122 183 680 -89 51 894 -1182 -668 340 1206 375 -711 62 -1375 325 -160 -290 -390 -171 731 -482 952 72 -1 1734 -587 1080 330 -421 -394 -503 85 -845 -513 397 -42 -2285 -879 -414 821 492 -48 138 368 -315 -172 1399 119 857 -459 364 1248]
[-325 -581 504 498 -236 -690 -533 -70 223 206 -1314 -31 -227 669 1345 -163 143 157 33 144 1175 -389 -921 1273 1330 268 -334 -431 1076 397 690 612 -523 -450 242 789 1389 -894 -395 370 -621 -366 37 -460 -1236 -1437 -833 894 -1047 -206 336 -231 -1159 -174 439 -945 -360 208 203 1270 730 -160 -204 249 -686 6 873 -45 75 759 352 -324 -219 160 507 -228 -404 822 1104 118 -267 512 -102 1224 320 1199 -65 -282 667 -1895 -621 1021 -1493 1046 -1238 -941 386 -193 1230 471 -232 48 174 448 972 -883 -520 -1330 612 -3 244 110 110 -534 -89 -451 274 7 -531 345 -107]
[381 511 298 -1532 -229 -229 -322 132 375 375 980 949 1226 -207 354 -768 -1535 539 -130 339 285 1288 978 -768 -635 -208 947 540 -11 -256 1466 827 -157 -882 -646 -363 67 -855 -181 -996 -535 33 252 328 -473 2002 -514 -394 -805 350 9 -913 -785 -203 6 -181 758 -197 -847 -481 -270 -201 101 -877 45 49 824 18 289 644 -403 743 594 -625 -268 -616 1061 881 1230 -85 315 -1232 -568 196 996 -94 840 40 -359 643 743 159 -638 -1584 573 77 -1896 -1078 715 557 -503 -1940 392 262 103 -271 -244 -341 -1178 -586 -53 1259 -439 -609 937 112 -1040 660 858 -764 -775]
[1099 -748 33 136 -353 -336 -607 -1618 -725 -65 -366 -649 1108 -761 -135 187 314 -1061 -149 -73 748 1458 526 529 1104 -941 418 -1408 -158 448 505 -744 -134 -930 -332 1163 -1296 -281 -1749 -1596 -119 509 158 384 507 1142 525 258 -1423 212 -733 -278 -306 130 670 -943 -517 380 -1153 1035 406 1508 1317 -1498 -477 443 1000 215 223 568 -1559 410 -755 -772 1021 212 433 -574 693 -904 1138 -694 -262 57 74 761 564 -1725 736 8 687 370 -19 -617 3 -586 312 -1899 -616 -96 30 882 60 -348 -358 633 558 755 -324 -801 1003 748 -80 78 -301 -666 -531 -1615 -776 385 165]
[-473 -70 349 668 772 2150 -972 106 255 -390 862 -509 -1365 -1038 667 -1319 -389 155 647 29 431 -1189 -1690 481 576 -262 318 -83 149 -386 -472 678 16 -553 246 -237 536 938 -340 -514 -516 80 -888 -420 838 -1339 -112 -190 379 -691 46 724 799 -731 -15 -65 0 508 -216 -532 749 -1147 -25 926 654 -52 -205 -179 -681 281 888 -240 1480 -42 521 -564 -18 36 160 -125 -1390 1089 -555 -384 90 -278 -508 423 652 -330 -1050 1045 571 209 1134 -219 -393 -941 433 210 263 -891 1057 600 1258 87 -550 -307 0 1311 633 211 -1269 -771 1304 114 1677 1170 -439 -882 -773]
[622 -236 -627 1264 939 -62 39 1217 216 -26 567 964 153 880 -133 158 295 -74 -495 1043 461 305 -553 -710 -507 -1172 -146 1235 426 -778 -72 -337 -347 18 -431 99 254 1431 -26 11 437 259 92 -556 396 890 -799 -127 170 711 -279 631 527 -428 -406 -1301 1589 -4 -714 -723 137 -738 -62 273 -851 -91 -510 1820 732 -582 280 473 -856 452 606 -214 -478 -408 455 -343 42 162 -289 -376 85 58 435 -218 -742 -83 -128 -944 -732 -216 -183 -324 -206 -193 -909 1483 53 -238 220 -294 -17 1249 922 211 358 -400 -305 -4 574 -646 1860 1248 535 -201 1413 -1035 530]
[1080 886 126 20 496 -965 -1852 -241 -1645 -870 -1100 -183 -712 205 558 737 307 -768 89 -382 -1037 -22 -908 -978 316 -535 676 58 38 -961 -1153 -583 226 347 489 410 -450 543 -7 -1718 33 34 -451 28 1089 144 197 690 1480 -41 657 497 -18 1111 482 1317 445 -289 717 390 1365 1688 -130 709 305 -708 -284 -906 -707 -1492 -1671 179 691 -84 276 607 -20 -501 -792 -842 1181 -499 762 198 1617 -97 -1296 959 811 -462 -479 8 557 944 -123 231 460 -955 -744 -897 -452 485 30 -143 102 291 -38 1195 -663 682 538 -1017 -435 -377 -819 391 -532 388 -932 -174 15]
[-887 1142 408 -1017 126 -13 1780 -6 529 42 -362 -614 257 355 380 -914 -302 230 125 501 540 -573 18 -267 -736 908 -625 577 939 237 221 648 651 -629 469 -124 1119 87 356 564 -196 368 -1090 140 25 -619 -4 -381 109 554 -662 313 298 -426 -356 53 57 -83 -784 365 -408 -932 -879 720 -124 165 -732 205 733 -370 941 -417 103 219 -458 -333 -667 788 -285 886 -65 245 82 718 -57 -469 -297 872 -48 -750 -582 332 407 961 342 -682 156 955 817 635 -659 -705 -372 832 1418 422 633 -8 180 1102 -524 328 59 -1096 178 470 -168 689 211 -254 -429]
[46 -685 388 -491 539 -298 1548 -1732 -837 647 458 -749 118 -410 684 -874 562 165 -113 -334 -337 1241 1247 380 372 1494 404 -480 284 1882 1071 -423 1499 -849 -460 1285 21 -133 153 692 603 -245 159 1128 -732 367 -178 367 -303 -397 -1343 -1189 -633 -253 800 -621 -383 -315 -613 -496 -1476 198 260 -11 414 478 -459 1290 -1517 369 -249 -297 -692 -402 446 -241 156 140 -48 506 603 -1750 -328 -507 -100 333 950 -186 -506 502 1274 -570 610 -880 -491 -761 31 -63 1150 -721 924 -948 602 277 -409 -926 263 -1322 586 -860 90 552 53 70 249 -395 -191 -689 -167 608 -183]
[-176 -988 -1021 -742 33 -486 -582 576 -978 -1427 -392 -307 -301 57 -819 115 484 -1380 831 53 1211 -1055 -718 920 -605 90 -933 129 393 263 543 -436 -395 313 -102 464 1138 95 431 -19 48 -657 -896 467 -625 -1047 -150 -1172 -302 -427 605 466 -284 375 -131 -128 771 -378 1028 464 -997 -683 133 2042 125 -984 -118 -1267 -825 -310 515 -12 158 455 -375 -844 -749 442 521 705 -209 1005 480 -1136 60 836 311 601 198 528 -931 729 -193 47 -253 -307 -299 -291 674 -120 -1084 1019 4 -140 49 737 555 1148 273 43 87 178 271 -343 -1117 -306 734 -1031 -960 429 298]
[165 -19 -268 535 461 -263 -848 110 250 610 1116 1617 134 176 577 312 -937 857 4 -678 51 1303 -297 465 761 -347 -423 -1016 740 83 -1207 386 -108 -172 733 149 -69 677 -36 289 73 490 184 -552 -483 168 539 -158 820 972 -218 340 239 -992 37 642 -5 -375 777 -194 71 741 -769 -1013 381 527 122 1096 -564 -677 -84 144 -53 -13 -714 1297 431 -321 -2122 585 182 316 160 365 223 -786 621 1198 -643 655 -95 104 402 -110 -453 -47 912 -439 -28 -1345 1046 -389 -261 73 178 -1161 -601 -473 -60 -144 744 -434 21 -519 1462 -186 -643 1061 752 -911 -759]
[832 -532 371 -25 828 1262 -477 1623 490 -576 -315 -33 17 853 -916 749 1316 16 -183 549 199 634 -604 1090 -334 -632 353 1111 -1262 -345 188 -764 390 1019 130 -577 -853 808 -828 -428 1238 -6 191 -102 1011 144 -238 -553 1077 344 16 -822 1890 -1184 -673 -353 923 -32 920 -718 220 -180 -223 594 -19 -138 -80 291 772 -299 519 334 34 696 -311 -368 83 -1288 -192 218 670 29 819 -293 1028 -1352 -352 -304 -622 707 -652 -1188 556 -452 585 387 470 27 -860 442 668 -249 155 -1147 -643 561 1209 48 -129 644 -839 -302 -269 -273 285 92 426 576 304 -219 -324]
[-607 362 166 1160 629 -455 990 -111 378 799 -151 787 -267 -604 -545 311 38 -75 -424 835 -594 -751 -116 -60 1085 -1218 -241 -305 -554 390 218 -424 -466 187 710 -431 -203 424 -1957 -1006 -629 600 27 651 887 842 499 858 437 -352 -21 -271 215 -645 617 -825 71 901 874 -385 238 -3 -74 996 568 492 495 1680 147 -478 502 1332 -257 -644 -466 381 -263 -1158 -262 -775 -431 180 330 -335 296 -788 241 104 -620 620 244 -955 1294 134 200 -318 968 -588 -508 199 1438 633 -370 -268 -593 -467 581 -368 1490 -133 1175 131 1259 169 725 781 -95 517 1193 -375 -1]
[-413 -987 1228 773 186 351 -484 520 382 -170 534 176 -951 766 -981 -154 53 -1436 -399 -1052 -1332 -1560 -934 90 1400 -1096 188 169 284 -139 1036 -34 -697 -713 -508 -311 -490 -594 48 -448 -1080 -562 1487 136 205 -432 -818 750 -752 -546 709 -219 462 -392 195 -118 -863 349 -229 322 1607 305 106 -1014 49 -456 -341 -497 -1142 469 -414 -415 718 548 1046 -209 319 -913 85 -1107 -2104 -154 -442 -946 -222 -704 -572 -185 2296 -434 839 166 -305 -13 123 151 -1000 -1189 -231 660 705 -27 1165 -990 -1189 71 -1056 -751 268 -154 528 -245 -292 554 825 -41 566 467 -1183 625 -470]
[85 248 391 -1379 252 -1144 -502 -468 -1438 -893 -899 -1060 -1062 919 1332 -576 -131 307 719 1459 213 -678 98 -573 -679 -581 174 -96 -89 -73 -919 18 -1775 -272 921 842 202 -338 -244 -390 574 277 -835 268 -367 16 1067 255 -665 -829 -211 531 -2031 -460 113 -336 243 75 -210 -332 -350 558 286 -1454 -405 -520 424 -693 -650 -49 342 1000 439 -731 263 -298 745 1480 1535 -387 148 -394 463 290 522 373 -829 728 720 121 268 -370 -1106 724 -1405 687 -732 -335 -109 366 -781 -654 463 244 33 483 -725 434 -891 -65 696 940 46 -672 -36 689 -36 -495 -1685 -283 -410]
[25 -988 1034 1258 1143 768 -612 -1140 200 238 573 -496 -98 835 -468 -1084 -1270 350 -386 265 -514 475 163 326 610 -506 36 855 -791 -304 1608 -499 693 87 -1126 551 -283 828 -347 290 -102 -543 840 522 353 -1034 -752 31 -323 727 -421 -923 195 -1091 343 281 -797 -682 -538 -141 28 -1201 171 524 469 -697 -218 -671 1182 795 -213 -970 -192 930 -731 119 -180 15 467 826 993 -1163 434 -473 504 41 308 -393 258 215 294 255 -35 -384 225 -474 -266 -50 929 180 -439 -306 777 468 -467 201 54 -151 -80 -566 -703 -171 -532 -687 881 -902 133 -767 -1045 1143 105]
[637 841 617 -37 -633 672 -1158 -1073 -357 -562 -1209 -645 -652 -591 749 -471 -421 578 -654 197 -466 691 139 770 741 -525 -5 -92 -1023 226 -654 -16 356 -297 134 -591 -52 9 -156 -503 1291 1182 262 428 353 650 36 310 1256 -1589 -1218 810 -306 -341 1695 -78 198 -295 46 569 619 -179 313 -873 651 80 -372 -31 359 -448 -1042 123 -7 266 212 424 -541 33 -113 608 646 -415 -340 -791 1372 -176 879 -102 18 -102 -40 -501 1374 -395 545 -139 -166 -26 -228 -702 -290 -762 120 298 -775 -155 599 466 -220 309 -12 -644 -1113 -190 -109 193 -54 464 546 -229 505]
[-332 -888 -79 223 -416 -261 -210 1058 1050 571 -286 755 -367 732 -780 760 1488 -1782 -14 -1198 -383 -18 -1074 808 594 233 -678 314 456 -601 -598 -222 1177 33 414 -183 -706 -1 364 -457 -917 -1255 1 -501 462 -615 -70 -760 761 745 417 88 -84 994 -664 609 -115 417 610 -89 111 640 -637 -895 194 -260 -512 -303 -714 343 566 387 -46 -349 165 313 1208 21 215 -25 -1617 130 -118 -276 -935 -466 -945 449 257 -666 -500 -695 -672 445 -675 284 -251 743 34 810 833 1034 -467 -956 -704 229 510 -672 -406 114 403 -1934 -903 1009 -179 -994 463 302 -107 -58 -353]
[922 744 491 -1207 611 -864 382 -545 -486 -980 -678 -1142 -374 -530 683 671 58 -310 53 159 509 971 -267 268 312 -309 235 -1258 -207 -337 -907 -600 165 -733 1424 74 718 278 -1175 -1959 109 353 335 -366 360 1569 1508 656 -110 -644 -507 -1001 -1138 -1168 24 148 357 -116 1157 636 -243 1050 1303 -828 483 133 -27 -1222 -984 42 -91 1103 402 -1120 745 -250 269 497 646 -1586 1141 1195 1031 111 1929 778 -264 906 -186 -172 -98 62 -166 -333 -554 267 469 -1020 -305 -951 -340 -615 -428 -124 -550 -1107 512 309 -373 -1196 958 -274 -397 538 -633 -455 -551 871 -72 -389 187]
[-306 81 -164 422 66 1291 8 637 460 -75 -39 1385 -715 -536 53 907 -1383 -258 -873 -842 591 -572 -16 59 -301 -956 -844 181 -905 -873 1001 -189 29 437 -218 -805 456 -734 -731 -1204 -254 103 -731 -669 1193 1302 -1519 -479 -487 497 -1172 -286 -74 357 311 21 970 -451 -886 832 1151 8 -766 -631 936 -176 293 -404 339 -862 -1927 224 1350 -650 591 226 800 -1065 525 -22 -111 -115 -1137 299 79 -804 -281 354 66 -101 566 -197 326 237 448 842 -541 -1715 -398 -313 -511 426 -570 856 725 -477 -62 1059 -72 -369 113 221 -278 -172 650 747 -742 -349 564 528 580]
[800 1344 256 -138 159 123 -646 -1341 -621 -140 -487 -1208 -261 -238 -44 96 85 672 266 733 422 -261 -510 144 -228 -308 245 401 -737 -723 50 428 -1020 395 139 -345 -92 292 -1095 -542 -297 217 -253 455 613 -828 620 690 508 -31 -561 -1074 -328 -323 497 229 -1244 525 611 -7 -68 670 1012 205 571 -257 32 -589 927 794 444 868 969 -625 -166 -212 570 771 641 -1043 444 746 222 827 642 198 -1238 -570 165 -355 -8 1041 -425 140 447 540 193 -735 -232 603 -1206 248 352 -305 -475 -130 263 297 -209 -119 -104 -781 163 -795 -178 314 -1004 177 -700 10 454]
[-108 -1059 -787 612 -532 -1459 643 860 623 120 352 1049 1038 734 -447 -319 -8 328 386 693 -21 -581 171 -19 -980 917 -678 657 147 25 1049 -267 -250 148 -826 517 -343 -239 153 697 -90 -701 -1117 1067 -891 -683 -1390 -765 1289 1079 152 -559 473 -932 -203 -158 -29 113 214 -474 -624 -687 -478 1780 -661 -536 -211 396 1075 185 1032 1017 -216 503 -577 -616 252 -6 117 1041 -652 -425 -1253 -253 -1193 56 296 -320 -1226 -86 -829 704 -340 350 -216 364 -803 119 1176 663 -69 272 75 -456 566 -279 131 -1198 251 92 -166 77 831 490 -222 320 684 -264 806 285 -107]
[283 -339 91 -1392 333 -510 -29 371 -1648 -82 -295 432 -196 635 -1060 516 -758 1055 864 665 -1481 -891 823 -1725 -633 9 19 1402 -1240 191 265 -875 -1381 939 -415 -1109 -192 -253 281 979 -563 -727 481 504 962 277 244 -556 -497 -129 862 323 -109 391 -837 -142 138 423 -55 -733 904 723 -92 -249 -617 828 -74 -350 971 -266 -4 399 805 -600 -1121 269 748 121 808 438 185 -1184 957 646 -479 -993 -693 -31 104 -306 560 -303 -811 -621 122 328 -605 1069 585 266 -251 -165 -644 -1756 -426 637 112 993 106 -197 708 938 147 26 434 1277 -341 -874 -475 -140 -349]
[-845 140 -247 1182 -246 1324 -769 674 1156 -368 684 265 -1455 -369 303 -604 -36 679 -66 -1207 -403 -884 -383 1317 113 -340 1059 256 384 304 -954 1087 -1034 262 -317 -140 -541 -392 200 452 535 -82 259 -752 -90 -219 -1141 -237 181 -1359 -506 1810 606 361 380 -74 983 -1156 538 317 -45 -1063 -619 -300 -82 101 809 494 288 -359 -354 -1277 -656 1015 408 193 -271 -7 -599 -364 -1061 637 -125 -385 -474 -91 73 959 1479 737 -667 -125 380 330 516 510 -515 203 -1827 82 2079 239 529 684 -83 232 410 376 657 543 -797 348 -212 -1418 -345 -340 636 507 -336 -1237 177]
[240 -482 446 565 949 452 1023 -342 -87 931 -301 -31 320 972 27 216 600 738 -802 -326 325 -78 -649 -537 35 -494 -801 482 -253 -782 346 -856 639 853 61 665 451 578 -81 70 1037 -278 615 -308 138 -9 -238 -309 -384 1437 -191 -187 426 -222 -443 -983 -625 -436 -565 -188 341 -117 -349 -671 -531 771 -544 667 966 437 832 159 -350 1044 48 -643 554 197 462 -327 433 -667 283 624 -435 -717 -1197 532 359 -359 330 -636 -928 167 -285 -521 205 412 94 603 687 -334 -507 557 -677 -224 -92 -1058 809 -769 -1026 251 895 -147 845 100 43 -218 220 -756 204]
[-374 -401 -482 88 -150 173 762 949 -106 -360 -758 -753 1019 594 5 -1375 36 -261 88 1061 1305 -630 13 181 -322 -1516 -975 33 819 -764 262 -102 -956 980 1833 831 193 408 326 333 1433 781 -629 -459 -652 -198 227 -1294 -821 158 569 1233 -349 1125 -649 -2087 624 -1279 -652 -660 730 -1350 947 842 -428 452 -32 202 1895 -274 437 471 -745 343 928 -689 538 2297 942 -1679 -886 305 910 -306 475 -180 -466 342 701 398 -1566 -124 -1628 152 -415 -1159 -1611 300 1672 942 311 283 142 83 -705 2005 1308 -4 -24 426 -580 167 638 260 253 -831 2 -890 122 -753 -1058]
[705 -389 -578 433 306 748 -1787 -238 546 -839 1063 848 -516 -403 -378 937 -76 -21 -799 -246 503 1052 737 1480 -560 -1029 -37 534 -1022 -259 298 196 848 -261 -1765 -567 -185 631 -993 -131 -550 -600 -155 419 259 255 -653 -78 -858 -235 401 -502 589 -290 446 165 436 -188 63 128 -926 333 309 370 -347 138 -308 -251 579 -437 580 -1038 469 -115 -1412 694 184 -1306 343 1400 -823 448 -325 485 257 1221 225 416 -592 -694 966 1989 409 -1206 522 703 -469 71 -230 698 45 -546 112 -684 726 268 630 527 -794 672 586 -797 -760 77 -124 -490 397 333 -239 -117 314]
[407 1298 -270 -486 -53 -208 -596 -551 139 459 364 -725 606 -536 990 535 -569 -256 1117 -245 -784 357 363 -1392 -966 312 109 -1403 1071 -226 -803 1034 889 -325 376 1105 596 -752 291 50 -390 826 -833 -379 -948 680 81 132 229 -866 42 477 -921 670 -879 1453 1053 -346 99 363 -184 -179 755 48 -833 514 852 -609 -480 -840 53 54 -1155 -333 778 165 -270 456 388 1253 -190 -437 -1023 -226 -250 1801 113 -67 -693 45 -412 474 -270 28 -113 623 -154 1141 5 -139 470 -1127 -898 58 -271 143 -1098 414 -1023 1249 697 999 -847 501 -1243 54 -201 681 295 -213 -193]
[-373 -172 11 627 139 -297 838 -166 -614 -190 196 759 156 -273 574 -1088 -1321 679 -439 945 1106 372 381 302 538 -1311 410 -210 737 291 661 269 -148 -72 659 -477 403 -380 -98 -4 304 893 542 -148 -349 1018 -373 111 -1477 106 34 -433 -791 -93 823 -823 60 -621 -994 170 1187 -1008 843 -381 130 -208 294 543 1041 -856 -858 382 -511 -229 422 262 348 388 -344 -985 340 -698 -198 169 926 -784 1111 179 -324 723 462 -24 169 106 111 -884 -895 -785 1310 155 -361 -114 440 546 447 -479 219 -558 -483 -137 701 291 471 -28 1005 39 -1332 15 1110 361 -367]
[-106 366 252 890 230 113 -600 -662 -267 944 -475 -601 -748 -200 383 345 865 -415 129 -847 681 -307 174 -222 762 -713 -210 -705 242 -649 -97 695 341 -219 -85 1105 458 114 159 -553 -818 458 -106 -383 -74 145 312 245 -602 481 1571 49 -678 1404 337 -371 -449 85 -934 -224 943 -203 -285 -399 -547 692 235 491 -402 478 -89 -855 31 -88 -77 614 656 734 -250 -205 -432 -397 67 477 -55 657 -1281 -193 695 -711 205 -84 -549 -567 -170 -1794 81 165 516 361 312 44 70 697 1079 762 -1283 334 -720 -96 136 464 403 -135 -564 -599 -1257 -944 -709 -528 -842]
[214 995 334 -658 -941 429 -409 746 284 -85 -51 1054 879 -921 -773 800 -166 -783 -476 727 28 -240 -826 295 -625 -1044 -1075 420 -602 96 122 10 -17 -2 147 -1728 -699 1008 -692 -585 -1067 149 -508 -254 1717 412 1027 -38 570 971 398 -130 2055 575 -1094 39 -423 622 911 190 919 95 -1164 1280 723 67 -183 -312 227 -96 -1283 -347 958 -448 -1577 1294 1095 -850 -834 -969 549 842 908 18 68 -390 433 -285 -415 236 844 973 1215 -330 1090 422 511 -757 -619 -168 -1847 992 -504 -137 1321 698 585 884 -390 613 -609 -587 -272 275 -383 -710 -752 -484 712 658 -416]
[1244 -450 -208 -103 -294 690 -696 1292 -50 -787 -300 102 148 42 406 912 -192 -1240 195 40 1018 -114 -1703 62 295 -232 -910 -387 -905 -203 -809 -855 375 977 383 192 481 -230 447 -463 1330 -90 33 -683 -50 133 739 -624 1228 67 -721 102 843 -512 -717 852 -218 557 -71 1287 215 406 1023 -1 49 -730 406 -777 -112 -1035 -954 346 -778 -768 1540 -606 -545 -1244 21 -1117 278 1323 777 264 372 434 -260 -489 -683 451 -766 -598 89 -23 -137 1462 -182 -1490 94 -1211 -1112 743 -1304 -648 -665 74 -46 573 -447 70 998 -629 -875 552 396 289 1207 483 191 594 1908]
[-377 86 -268 515 -160 -61 444 -283 821 70 -2021 -1648 -934 771 313 -315 909 -650 -335 943 -376 -1554 624 123 33 572 -399 128 -723 244 1170 -61 895 -266 763 1199 543 -307 1268 620 -138 212 -1011 372 -396 -44 454 949 664 115 484 -964 -380 59 988 39 -263 -89 -510 -269 630 293 -252 788 261 -60 6 -569 293 -448 205 -683 -428 63 232 286 379 -202 134 525 -696 736 -614 -334 -82 12 -2200 333 663 -955 122 -1146 -1239 1433 -1342 -80 765 8 658 530 14 322 -303 551 1215 -97 167 -210 -1189 141 -77 111 -47 -170 -979 -8 186 -170 -1072 495 -118]
[484 -521 673 -368 -180 511 496 206 -172 -295 749 133 -34 -621 -517 647 307 114 710 1036 -623 -32 -1206 600 -293 149 118 -794 -399 921 -184 32 -18 47 -3 -662 54 1044 -187 504 84 1012 19 -460 466 273 344 418 -251 971 -83 -413 606 -832 -1168 42 -476 593 290 865 231 -216 700 642 -1056 454 -744 181 233 761 1054 516 -51 618 -44 472 -433 -1752 106 -90 344 647 -371 -406 -468 -473 452 -1369 -129 -205 -552 198 987 -1339 1414 -1525 370 152 -417 -637 -450 560 -647 -856 571 356 111 -42 538 -277 413 -633 -205 -863 -196 724 -559 -670 -196 116 1068]
[135 720 877 -904 700 332 -749 -197 166 -805 565 383 -67 -497 888 850 192 644 -140 34 -839 1268 87 547 669 328 751 -471 439 -374 -576 1076 -300 -739 -45 777 -215 -590 -1917 -774 -1594 -624 621 -391 431 -323 -251 868 -1922 -30 -619 -715 -759 412 51 -220 251 -444 102 748 163 715 -348 -431 -676 643 286 -371 -675 789 45 -898 -252 -614 -73 -118 846 670 908 219 795 -107 180 1226 1183 785 -515 351 -415 -602 1235 1510 -677 -899 -743 -548 622 294 -516 -278 1369 -921 327 -709 -134 -603 476 454 -235 -192 150 173 -459 -364 -845 -273 -723 -596 -892 -330 -549]
[341 -706 858 971 -89 135 -1147 -34 -68 -330 555 487 -325 145 -627 630 445 -116 -581 -716 -265 -164 -1108 445 526 -813 86 246 466 -146 553 85 -188 -183 -1276 -346 396 -248 -179 -22 -695 -930 1345 78 -296 -608 -1410 603 232 -843 483 -746 1339 -786 -18 271 -763 242 1201 840 218 -673 -106 748 -147 -1140 -258 -344 -308 578 -454 -521 23 1231 -465 218 -702 -1069 130 108 306 -729 -6 -278 185 273 1191 -1286 217 -354 932 1076 708 -87 529 92 -317 -338 -317 396 -313 -322 776 -620 -181 -1232 -332 -442 421 39 -964 -1058 -22 658 -236 -492 27 -300 972 1529 1055]
[72 -83 -194 -583 58 -559 -347 -612 -999 -463 1483 -461 -426 -404 529 440 -1490 1452 926 -471 -1088 174 948 -1943 -642 315 804 -173 582 -426 72 393 316 197 -206 258 1300 552 1607 1362 528 461 388 -1416 -422 565 -324 273 -1087 -215 88 436 -1605 169 -164 928 71 -339 -935 -52 -198 -51 787 163 -574 338 -552 -965 -329 -121 149 -50 -1079 116 560 207 -618 104 725 825 463 155 199 -106 257 65 5 198 -230 -897 332 -432 -625 -289 -459 -166 -332 1206 -128 -558 227 -745 -86 -178 869 -208 -1212 147 -1413 -462 153 -357 -111 388 -409 691 58 -221 -399 -96 1044]
[60 1294 -475 602 -70 -229 99 -625 1656 -597 -457 -594 364 641 1176 607 -713 894 -611 45 -449 854 508 -437 132 107 1246 -609 -784 -359 -11 74 -90 -686 148 577 18 -652 -304 -171 299 757 -499 692 716 377 114 1244 892 1379 -882 -973 846 -420 696 1288 362 101 -374 439 283 929 127 543 283 -637 -237 -1770 996 -526 -500 186 363 520 -804 1331 -532 -1286 -506 1323 1653 1488 -413 461 59 -694 -1017 -393 -158 -738 -313 -211 -206 638 -725 369 294 -924 -1244 -118 455 999 407 528 782 253 820 584 -981 -617 -122 -1012 443 -1065 -267 -690 136 403 68 499 1034]
[319 -366 925 -339 328 821 1109 -10 -818 259 165 -143 -374 -1103 -910 164 -755 321 530 257 -1473 -902 647 -1543 -1239 935 -1197 -1036 -155 -589 285 322 -399 -350 105 78 38 192 56 346 -1438 390 137 382 1570 -602 1225 -231 -326 1678 -1165 -329 -37 -307 -1150 -351 -867 1130 -678 -514 333 -293 -138 626 -651 1608 -1371 -783 242 559 992 -280 1045 -1063 -4 1261 246 -554 -465 284 -826 180 -30 -309 -1544 -840 -1059 -917 -413 -181 568 336 -327 -357 525 -1493 -238 1068 1322 -40 417 44 -144 -1112 972 215 -224 1069 148 -932 1057 1192 109 -186 286 710 26 -1558 -511 -166 303]
[438 266 -196 -751 -55 -193 -1082 -401 -152 -409 298 -196 377 -719 -1041 -463 -500 -185 179 283 -1220 40 717 -1606 -340 658 1152 -488 -712 -320 940 193 -27 -259 81 -226 -878 881 -49 -1057 -264 -102 -480 1 647 1448 997 165 712 -127 216 -349 616 -133 -419 322 -85 108 455 -1433 -1116 667 -810 417 1059 89 -186 -1257 -651 689 -253 192 1208 -834 -867 -96 526 -1227 -114 218 110 -17 140 -742 498 -1086 242 -543 -882 571 -8 -9 871 -709 455 534 251 -171 -947 -58 230 79 253 -137 446 -501 -347 645 -1202 47 -109 284 -191 -280 -118 130 817 -261 509 -108 -704]
[-854 -80 -874 501 488 376 498 1014 1267 252 1207 560 -682 869 -417 58 -393 -311 -175 -736 -1056 -506 948 840 464 -71 842 467 -467 715 331 -340 -830 -322 441 -676 -2198 86 14 838 -821 -11 391 387 505 51 -1283 -788 -201 -809 -65 146 559 -860 128 634 1351 -472 -525 -709 229 751 71 -1301 -504 12 682 -199 115 -323 -1112 -840 216 723 552 -43 145 -841 16 91 -707 -347 -973 832 -541 570 474 -238 372 -376 489 -344 -725 94 -98 1573 -589 214 -1082 1080 760 -23 -223 70 -626 325 12 166 118 283 654 -924 -567 21 765 491 393 255 -865 632 -1437]
[842 -77 -231 -1623 115 568 -23 -43 43 -96 -849 -712 786 623 942 525 287 -615 543 -391 489 303 605 -8 79 -918 291 -525 -556 7 -634 -51 -699 162 737 1509 -653 -868 -1174 -452 607 278 -797 299 36 741 1157 -224 -155 -65 -77 -181 -219 432 -377 -489 -252 243 -770 -1131 -326 1737 774 -1371 -39 792 1121 586 -310 406 187 1603 -776 -569 1008 73 1476 529 1387 -436 834 -406 810 -315 457 -673 -856 -186 -163 449 50 -1460 -1880 -621 -658 552 -1132 -678 51 -77 1025 -564 -308 445 -525 639 379 -806 -662 -605 707 881 -307 -414 493 -95 -1020 174 -223 -556 -565]
[612 -400 -57 -236 -52 -583 -2063 626 -517 45 -194 538 -541 -105 216 -280 -365 -777 -518 -974 -260 -541 -270 229 -288 428 896 294 619 -323 -95 228 -505 -359 -919 199 -376 -492 998 -884 -1125 -951 1051 331 -77 -184 -361 -68 1004 -879 1228 -185 522 469 17 555 -113 -531 1177 151 -447 625 -881 141 259 -545 1272 -838 -725 133 -269 -1346 1153 -368 -752 77 43 180 -233 -788 -665 -393 1206 666 515 477 -475 811 1334 629 236 646 -386 464 -83 588 -1423 -818 19 407 -422 -121 49 -310 185 -701 -349 366 -590 395 -126 654 -1375 -636 -566 -580 11 163 -272 -388 -595]
[343 197 -1319 505 -366 303 -319 -516 -505 40 151 -355 -517 -704 374 1537 541 39 372 -382 1658 -1233 305 639 -617 399 66 -203 -391 826 600 -115 646 590 373 -207 305 -227 107 335 -64 -329 -11 47 -329 550 -324 -544 -175 -586 -744 -746 -230 -299 540 114 121 424 1438 649 -1263 -76 -284 521 -416 621 575 -164 -886 -2 547 5 -736 -155 -503 13 831 -181 503 959 -349 344 -830 239 -295 359 -501 973 -489 -131 1136 400 117 487 236 1233 187 -74 -285 440 -149 -745 -538 251 146 -1437 -393 -779 -887 -68 696 -323 755 627 -1083 1276 421 81 678 -362 476]
[519 97 71 -79 242 -514 -1820 -1292 -21 140 -187 -233 826 724 601 158 -376 -7 28 -67 -466 1541 -130 -1389 331 322 449 74 1119 -817 547 573 -394 -783 -1625 1270 939 -897 68 -77 -981 -931 922 -106 -695 613 -1463 -20 374 -55 278 -1185 -969 -610 473 -138 462 -756 -640 29 -45 431 331 -1532 -423 1031 621 -411 884 801 -409 -1122 308 -523 950 -169 -321 454 1484 2011 -15 -1441 -1160 487 271 231 -204 -1158 -125 -1065 -739 964 -1227 -655 -564 -229 -217 -23 843 948 -652 -1185 72 -1322 -578 -316 -87 -270 -523 -698 -576 1534 -1415 -253 230 690 184 -665 -66 -647 -673]
[932 176 469 -261 256 -817 346 -856 -385 -55 102 -758 41 475 -153 213 -265 418 -331 1200 361 -1072 697 -588 -1068 -997 -439 497 -57 409 1612 15 347 59 -118 -98 954 596 25 479 -788 317 471 423 -289 442 325 268 -1011 39 200 -502 220 -728 -244 -448 -475 117 259 925 298 -123 -488 840 -1250 448 -591 -717 600 -49 1779 -256 -577 58 -1758 -69 -105 -66 842 1300 13 -120 641 188 -109 -50 -710 1117 8 -1462 1457 995 -228 509 -860 -346 126 889 672 1174 -471 -641 -444 -1134 696 354 -288 516 -1680 584 84 840 661 184 -856 997 321 -386 318 -257 -213]
[-808 -662 117 1614 445 720 545 -179 460 210 763 -1110 -1281 -85 -732 -1029 67 -256 -571 -1187 1474 -1319 386 1206 907 -1403 28 430 103 -9 69 394 -428 550 618 182 1220 987 -553 -298 -163 -81 931 -1457 -427 -391 -938 433 -276 -1833 -180 834 0 -446 535 -1435 -641 -140 -335 -211 1128 -998 -50 -311 664 -925 347 1349 353 493 586 -581 365 215 783 -802 -644 714 -40 -144 -987 78 628 239 738 64 -368 452 1151 -1181 -904 -84 123 1059 106 -997 191 -458 648 115 -28 -231 593 -77 764 -78 48 27 465 -203 -667 22 159 273 1411 439 -31 553 542 -155 -83]
[301 1004 -340 -151 -544 -1976 336 198 141 -663 -965 710 1017 -618 692 70 455 -1035 -565 -300 -290 255 -282 448 -147 981 -487 -572 1057 106 1034 922 771 -146 -186 56 -29 -35 392 -492 512 -195 -791 657 -484 -94 328 293 778 990 817 -254 1028 719 -226 921 -527 -565 188 -76 -1209 -578 -1044 1125 -148 -153 -742 -953 -975 -13 -615 -366 275 718 -266 -271 496 39 -1221 -215 -13 646 -537 -273 -9 247 27 651 -928 -256 -145 1091 747 26 -539 106 485 52 206 -242 -487 1151 417 760 441 -375 -178 -316 0 317 -1048 -1029 508 618 -2014 -955 -259 178 852 707 -356]
[-424 1007 277 -983 -628 255 794 1051 1013 -1608 -199 277 563 -260 1213 -618 -677 -104 -1160 233 -238 -321 117 -693 352 -430 -578 -363 945 -1265 518 1169 -505 -315 -427 722 849 -1020 -259 -380 248 -6 -671 608 -161 219 -98 383 -1100 -335 9 -388 192 -232 683 647 -75 -513 -1581 153 680 724 -1167 -35 991 -261 -802 -1218 -223 -589 -822 -666 712 -366 809 -430 -297 -394 -11 503 -944 641 -803 120 445 -859 -366 27 -602 -814 375 1293 330 -84 -739 -430 -371 -89 274 -398 290 -142 394 222 661 -333 -52 -54 -400 829 -917 -1030 -360 423 1 781 612 1071 1 430 88]
[1245 191 80 438 540 122 156 -1069 -255 555 315 767 794 -1144 -1245 623 1 1154 -463 213 -1045 1186 457 463 -840 -853 174 180 -828 599 350 -279 1016 442 -388 -351 102 251 -1353 223 -194 659 1024 504 1331 -269 -496 473 -752 792 -40 220 556 682 344 -512 170 -213 395 650 380 -889 1030 1465 -973 656 -522 919 1524 -555 286 108 -946 601 -1646 300 -338 -453 -55 475 902 -707 741 525 446 772 70 264 -11 -209 587 835 287 -346 744 -1174 -76 390 155 140 735 152 -88 -871 -186 1140 1440 742 572 -60 -35 248 694 -57 -734 -924 -803 -520 166 -150 811]
[102 369 -862 -819 -88 949 881 217 -361 -353 -486 -458 -39 -615 -573 1042 705 -1426 -335 461 172 -1036 599 -369 -1489 752 -56 502 -823 -286 233 -871 255 279 -322 -361 -244 324 695 -886 -418 -949 -789 713 828 57 581 -1574 -371 278 -1097 473 -425 1049 -462 952 1320 182 -855 415 -1858 -537 334 -123 260 -569 -311 -1850 -1124 -210 502 1226 802 -89 -482 -1114 -669 119 2208 1169 -675 154 -425 70 -972 350 131 440 -1081 -459 -146 -260 274 -445 345 652 -710 962 -324 915 -1255 441 -721 -33 -567 1606 275 1810 15 -111 495 -1345 -216 771 -128 793 980 -877 -332 661 477]
[370 -377 -462 783 1629 519 -326 27 -389 266 1742 1262 -1122 -62 -250 415 6 480 -238 -303 -283 458 -845 -56 634 -859 800 865 -769 -74 -960 -677 -352 1144 -201 49 -308 1926 -662 -590 -27 -66 -277 -1048 1203 88 -139 66 557 -473 196 718 410 -213 43 711 137 204 -628 208 -38 326 1 419 155 -861 -238 1552 -207 -576 -112 193 189 -309 -217 -654 -1005 -1185 -109 -1418 983 -476 1094 -112 287 -339 25 -204 -476 372 -175 -528 1258 -446 122 -147 610 -717 -1058 -744 295 556 -323 -191 299 178 89 907 999 -282 321 -416 -160 -1094 1500 1359 249 296 74 -416 513]
[46 -808 -876 1836 -599 -53 580 954 1569 -184 1667 701 585 -187 669 -321 -212 285 -888 -513 162 45 465 1442 -613 -1130 -302 -85 474 1080 -302 -511 -1278 410 254 235 -1491 404 -827 172 540 259 189 105 -808 831 -821 -379 152 -735 -208 98 1628 -1175 -822 -376 356 -440 29 159 425 -813 -53 -421 357 221 751 581 443 -720 -1201 -853 -254 573 336 300 175 -288 -1139 -501 326 53 422 568 -355 -382 1189 -52 -294 -27 -258 590 -228 -170 264 852 -461 -934 -307 -467 348 321 -22 6 412 40 596 -519 612 -3 -387 -120 50 1179 356 -470 549 -361 1729 378 -348]
[212 -199 -764 626 -106 278 -1047 624 875 19 277 544 302 365 -1319 384 388 -1397 -302 -914 -331 802 -553 208 129 -356 1061 836 610 -817 -603 5 806 380 -1065 -302 -632 1143 537 -881 -540 -1151 1058 74 -78 -992 481 -826 -179 505 1261 507 -236 1493 -1055 933 306 -235 64 -775 -966 -885 -71 -1403 -328 84 -709 -175 -976 893 735 100 297 1259 -468 128 171 508 -526 242 -632 -30 367 -1080 -1067 870 332 -334 -506 484 -535 89 -1278 -1213 379 -853 -1387 863 609 890 -581 738 329 96 -956 1295 -412 1109 67 -1282 84 -637 -570 296 -24 -793 483 -451 -451 -113 -421]
[505 111 -244 787 488 645 -1743 -891 -6 -1069 688 -1016 -387 193 561 744 389 -56 290 -862 226 345 516 36 1166 -982 1453 -514 -58 393 -996 20 -61 -449 -786 956 -466 125 -1284 -946 -112 759 -214 -445 379 385 179 777 -722 -1646 336 -135 -253 174 965 138 216 161 -845 288 456 805 114 -1423 -535 207 606 590 -810 236 -1605 -572 -608 -148 521 732 -675 -471 447 536 568 -204 474 -47 463 2008 191 -756 558 -54 394 621 -63 -89 -550 4 586 31 -1707 -190 55 -268 856 -94 392 448 -430 339 -408 -747 249 716 -379 -453 -606 -463 380 -431 -1062 -434 -221]
[-564 -642 -237 1540 170 564 -1144 152 -549 23 162 10 -927 633 288 1042 714 643 151 477 -1102 -398 -721 -972 833 34 362 -259 -1097 -630 -1193 -1328 -585 704 386 188 -457 207 738 376 1015 -53 609 -1227 552 687 -361 614 1071 -453 -151 906 122 940 51 -828 -54 -291 248 -604 743 617 -9 -1114 307 -510 -128 237 68 757 -851 633 -308 488 -133 -247 -170 -297 793 -1069 312 -429 -157 257 -346 -404 -516 -138 426 826 -37 -2132 -385 499 -969 630 326 308 -1810 70 1118 421 -366 -71 -1326 -2 -620 -663 502 -328 -603 -1197 853 663 -79 177 795 -1226 668 -216 559]
[200 520 -150 643 411 -120 -333 582 709 -138 528 183 -546 -628 -467 -1336 -485 584 -403 619 -1267 -1308 -154 -592 -1138 773 1353 472 522 -314 873 854 -342 131 -804 -17 -623 790 128 -399 -417 664 -48 -658 -265 541 -652 1162 -406 -579 570 359 -240 758 -250 -731 793 -1211 30 -1044 832 -215 -990 1309 556 109 -93 1086 -476 -843 152 -148 628 -513 -91 -121 688 -607 -598 -789 -1886 237 -766 339 462 42 -168 604 261 -117 57 944 -256 -167 460 -536 -867 -659 -51 324 473 -618 814 48 955 300 -42 312 -431 797 285 759 178 -362 210 629 -862 162 362 -502 -983]
[40 -483 -237 270 686 -406 -118 788 -168 403 -612 528 2213 547 702 -380 578 150 -285 -358 1197 1655 98 -273 34 -759 -108 738 16 -949 -361 337 536 13 -168 -141 575 46 506 964 693 -786 -699 112 -1330 -427 -139 -984 628 1392 248 -226 1246 773 -691 382 -218 -528 -86 -627 -527 -1065 90 1097 309 -609 468 -67 786 -272 -519 90 -428 521 10 442 816 672 -106 -268 1272 735 555 953 -325 333 647 -384 -1363 367 -234 398 132 122 -360 319 336 661 252 -104 126 57 -50 615 48 182 645 -557 -167 33 -909 -465 102 49 928 -1945 -344 -20 1364 547 706]
[-844 -1702 805 1177 964 197 1579 495 -66 502 326 1062 265 457 -210 -487 -672 335 -557 1107 10 -410 517 675 367 605 -1081 565 -628 990 1867 -844 -274 544 -730 -630 -246 -79 -329 519 421 -286 1343 533 -62 46 -1074 -223 -1869 650 -1150 -266 267 -1235 -791 -1396 579 221 -883 72 453 -1968 112 715 -316 -746 166 -62 866 321 -343 352 -340 312 326 -308 297 -138 952 -193 4 -1364 -528 -407 -673 530 1898 -576 -540 36 638 -953 -204 -656 119 -280 -700 -108 1221 207 -465 127 459 -32 -214 -258 136 -1130 974 -1161 118 -23 457 554 1312 -176 215 -926 393 1492 389]
[442 -197 198 -755 -1406 239 -759 172 194 -140 -131 563 -18 -529 312 856 -624 123 636 -803 -354 -9 -956 432 573 603 1067 -190 -840 689 405 96 153 174 -799 -916 -380 -1376 -476 -395 -993 -166 54 109 887 -91 104 145 -152 413 313 -1206 30 199 90 1309 -983 1499 295 721 255 1698 1061 -542 -309 162 579 -540 105 771 -41 480 743 -542 7 447 -31 -1479 584 11 382 728 -421 663 143 -384 -402 -1416 160 -215 -377 157 -440 -861 1180 684 -422 -1154 -41 -52 -668 347 -590 -265 151 -466 -564 -666 -219 63 1273 -580 -749 245 -479 91 490 858 -327 359 520]
[453 304 -747 296 -100 268 -792 -73 1145 -17 -752 -1539 -407 -190 -401 199 -943 -463 6 -113 -661 -1288 934 -1047 -479 210 81 -654 -437 -594 925 -55 -173 40 -496 754 928 271 1017 120 -3 116 282 513 -850 799 296 1222 1182 -330 815 -714 573 -339 670 374 175 -997 900 -983 -98 702 -1226 1516 656 605 236 -1459 -694 347 129 -1064 338 669 -653 250 331 -15 -76 1216 -872 1287 284 -1029 207 344 -1383 683 520 -627 1023 477 -365 -15 -1003 644 -343 0 10 -232 545 143 141 69 -478 -481 -215 227 -1436 -436 -609 768 -31 -506 -666 -262 1351 26 -230 97 277]
[1097 80 732 643 373 -1057 -282 -690 -1480 834 -853 112 -334 -209 1314 381 332 890 652 1667 -730 246 -1409 156 574 -207 -924 -174 -201 -30 -362 45 369 589 629 -199 355 1159 234 -213 -231 244 -282 66 -216 490 1121 422 -416 377 561 227 -1031 -155 -626 438 -651 987 517 1079 464 -458 465 609 -1058 67 -281 -954 172 -158 922 1089 -1370 -65 -206 154 927 1497 1256 -474 1045 -125 606 1 107 237 219 743 -303 -333 217 550 -22 -991 -697 -376 184 917 445 -852 700 200 -831 53 105 -921 -550 -586 -440 -138 592 -983 232 -325 -460 -211 -253 -381 401 -1386 736]
[520 1073 -698 -420 113 -422 -955 50 385 -648 685 -120 73 -132 1409 1253 -280 269 4 680 -1044 1447 -119 -1907 -1733 230 1112 217 36 -1248 -529 580 -600 357 -885 639 1051 41 840 367 -608 -687 -160 -371 -655 166 196 944 -211 589 850 -477 -1018 1590 -787 1313 759 -502 -228 75 -503 215 216 -60 -331 281 47 -985 -454 330 -466 -534 248 -7 -647 362 -1104 89 1466 648 1379 -796 147 494 -519 1116 -815 -102 -692 -154 281 -77 -860 -746 -1752 153 -427 732 -85 -169 -618 -325 -385 334 1159 1018 -926 663 -1139 -813 -456 355 -81 -530 -874 162 -329 -423 -326 -113 331]
[1 -793 349 -56 390 141 -52 -381 -1149 515 996 366 503 -832 680 -565 -361 202 497 -387 1439 1750 -280 555 151 -881 -181 373 -100 109 -251 -411 -627 372 116 137 341 131 -447 -56 368 195 791 -398 -470 174 -1014 -533 -669 647 318 -378 409 193 -427 -558 -187 -817 -108 681 981 -1294 654 162 297 -198 565 311 551 459 -1128 -522 436 108 8 -726 1163 1359 -267 -1759 2463 -1125 873 237 1236 42 1479 148 606 940 -211 469 304 -903 911 -626 -247 -1396 1239 -1422 -1832 12 280 205 60 81 -90 -303 -730 -435 -654 1408 52 -366 584 -1056 -1410 -1253 138 682 -639]
[453 -503 211 -334 -980 -159 -385 369 925 239 -820 109 542 -587 -986 -645 183 -133 -458 -821 661 -567 633 380 -462 1115 123 198 412 115 1058 678 1477 -134 -886 -1034 944 -2042 414 397 -884 -431 88 -343 -990 -870 -748 1276 -996 -98 508 -289 -218 1823 95 -38 -1161 -199 -217 610 668 -784 -377 -192 688 -388 196 206 -69 127 196 -341 42 319 -630 -766 63 807 -28 849 -809 404 -464 296 -134 -689 -606 467 1059 -869 261 481 -560 1271 632 -489 -309 116 570 -448 -469 -553 276 367 545 -752 25 -752 53 984 -671 413 -7 235 -1057 -1225 -1013 681 992 345 900]
[-350 -893 676 729 298 -674 -1127 -270 -1114 -59 -740 -1408 213 515 -1475 -360 -32 -1287 432 763 -495 79 97 -373 -314 446 -243 379 105 -457 78 -1072 -336 -618 -410 -329 -104 1115 1639 -186 813 -1085 2006 -37 -931 684 -129 -42 507 330 155 217 -617 -801 -662 -996 73 -1351 1078 -728 -489 -1283 174 28 -178 -395 502 -1883 -697 1017 -3 -431 871 1087 620 -448 389 1048 -237 -1247 -407 -7 218 -1421 -19 1037 680 -462 523 -137 -511 -311 -485 -440 119 16 -532 -448 -213 551 -1400 -130 832 14 -1317 203 -265 424 -164 -869 -200 357 -508 600 639 -907 404 -1243 -799 930 -482]
[580 298 -913 -864 757 114 276 -766 460 -149 489 -203 171 -828 -231 713 -1095 -591 205 769 207 1127 799 355 -565 -390 1021 -230 372 96 754 768 653 -375 -411 -688 410 -232 -1111 -1304 -538 403 -771 24 314 1179 173 905 -701 -352 145 -1223 -843 -777 132 280 250 -111 -685 -433 -651 664 1103 -1344 411 625 741 369 -179 -229 173 1219 730 -299 431 -691 -486 -252 1065 1400 109 -332 -400 -309 284 -540 -365 126 -735 -589 172 -213 -141 -225 212 690 91 -638 -44 431 -503 -562 311 -321 587 -142 406 701 -398 336 232 577 -958 -201 123 1112 -619 752 -212 244 -87]
[-85 -82 -391 1074 -250 561 296 -203 1129 107 149 821 -18 -71 499 153 729 -1048 -1178 -448 803 -266 -919 1550 1542 -92 306 -739 595 1254 390 -110 1358 -1029 344 -203 -961 -525 -777 -524 -408 214 -1 258 64 -93 -191 260 -649 -515 455 -429 655 -608 1130 -515 286 -377 843 929 547 106 -246 -57 -332 287 290 675 -414 -857 -198 -977 -1160 649 -358 432 -377 -1456 -889 502 -498 783 -1139 383 -177 825 81 661 632 201 1024 675 736 656 349 110 872 -610 -425 358 757 -155 -25 896 -222 -1007 -285 -816 260 554 921 39 309 338 -576 -365 569 697 -261 -600 -642]
[-1407 -675 -1273 315 -286 -1122 -140 418 372 -589 -661 -79 -941 1117 -361 -494 258 -568 1365 -87 1309 -1443 377 61 42 585 -421 554 957 -975 -428 472 -1103 546 546 351 936 -46 -38 667 -399 -175 -1471 184 -2069 -769 -1425 -180 -888 -267 686 -19 -1530 337 630 -379 724 -1492 752 1000 34 91 -522 -49 90 334 -312 542 1377 -332 495 -1243 -95 -85 153 21 -181 349 -218 326 -1072 185 -684 717 192 596 -448 1173 1110 -890 -703 1111 -50 373 -315 -1044 506 992 478 696 -814 776 -261 -385 -80 634 536 -64 -1506 471 370 1283 476 -157 -247 955 265 -533 -112 37 -720]
[-419 688 -760 1185 -107 -2253 375 32 814 -319 778 788 159 -578 736 -371 337 696 -542 -143 -1017 137 467 -226 -299 231 755 -1224 1003 -193 -1776 1624 -222 -640 -260 1535 -474 -379 -441 -311 -665 53 -325 593 -1050 301 -471 241 728 99 340 134 -1151 176 793 579 -17 151 303 -771 -1060 -551 61 -131 -1139 -97 -261 1359 75 102 1252 314 -669 76 -325 13 441 1127 -1199 516 -868 187 -1527 42 -79 1815 257 716 -2002 235 -897 1428 -649 186 -630 -330 -256 1379 347 72 1192 -81 360 585 967 -516 -931 -763 -134 -727 53 -36 1042 239 -994 92 -289 251 454 -1089 -424]
[-746 -1363 66 1335 355 -155 425 -1183 -240 -309 49 -397 378 924 527 -546 135 -190 -1313 -949 347 -34 1230 496 1302 -557 974 383 -348 1312 89 -875 -107 -353 -1204 119 -767 -307 -38 655 133 -190 485 979 -522 -1239 -647 341 -903 -879 180 -361 672 642 1108 147 -1452 531 -1624 1062 248 164 492 -224 -22 -1311 -47 486 -266 -145 -317 55 -196 -32 -51 566 -516 -350 -11 -477 -132 -560 680 589 -563 618 1285 -852 541 -654 924 638 752 890 -807 -110 -256 291 223 241 -164 833 777 88 226 -77 -169 -250 326 -345 613 -417 45 226 560 -875 -153 -621 -493 1537 53]
[69 500 1754 -179 506 240 452 -565 -622 993 263 638 1140 -837 666 179 -293 -296 -586 -616 -383 277 -358 -92 -80 -822 -119 -79 104 409 831 188 939 -431 109 -1114 -240 317 -470 -1274 -1212 247 727 -35 732 618 619 460 -566 1041 776 -1053 1153 -155 -563 416 -1447 991 -482 522 984 -464 -256 141 26 295 67 -94 -200 87 -369 594 1322 92 -136 246 1105 239 -566 -1753 -63 -1103 301 687 498 52 324 -95 464 -650 1109 1206 -105 -465 830 -516 -479 -886 1235 -18 -668 -1734 448 453 1296 -1023 -728 -1681 -253 245 302 93 -554 1084 677 -806 -1474 1106 761 306 -1403]
[-1344 -41 677 -750 -891 811 1457 763 618 1289 -299 616 -55 -359 -281 -132 1476 -306 -48 423 236 -743 -1226 867 505 881 -1538 -852 -778 -118 -815 -557 317 -542 1351 -69 -1199 -170 -491 -1020 -249 158 -593 124 1392 -481 859 -607 323 1216 95 414 491 1118 -961 -1138 -362 1479 164 366 905 495 -315 283 263 320 -173 -531 -96 1019 778 -203 1098 -586 -165 36 1246 499 -410 -963 -26 232 -17 302 -1289 -465 -841 -226 1103 1480 -22 -1490 432 -632 570 -483 126 -561 -88 -353 745 1087 -721 508 691 613 -363 -389 852 53 -265 -384 437 -276 -475 -923 -129 -312 -1046 -980 -385]
[467 293 -665 -480 -905 782 -1074 1429 1065 -455 1404 -111 -395 13 -369 534 709 -1058 56 -2624 1348 -164 -1029 883 143 -612 369 113 315 42 -540 938 1105 -183 160 221 138 -385 923 -601 -114 -1270 384 -1026 -914 416 -93 -2087 641 -446 599 17 197 1028 -690 347 191 -268 743 -110 -339 -416 -185 -291 -142 -504 -204 -865 -1786 571 -321 -1079 57 289 604 -819 1225 1363 -399 -22 -1403 1006 251 -180 466 1068 420 830 -315 -41 6 643 -575 -1133 68 518 -1091 -283 395 72 -415 -737 232 222 -168 -286 -710 453 -912 -733 -443 -757 -171 759 -909 -1267 -59 -216 -258 -120 -488]
[635 441 -69 -696 251 -897 -671 402 -362 -917 -1633 328 -680 600 578 526 153 150 359 -91 -476 -160 118 382 407 1322 -373 -356 1033 95 -661 -242 419 -88 -498 538 -120 -996 -341 -962 1112 344 -187 509 -432 44 -448 734 390 -1017 -686 726 -1049 233 496 -402 1311 -1120 602 527 93 498 -428 -215 -827 819 -308 11 -305 -934 137 -353 -744 700 347 -774 -704 632 -180 964 -180 156 -449 -411 707 737 -19 1091 -322 -33 -317 -485 -206 -33 -649 421 174 1382 -432 476 682 281 -261 -65 -1657 -215 657 107 670 343 69 478 237 -657 -1920 482 795 471 16 -134 206]
[-336 -903 -245 308 112 969 -1030 -36 117 -467 289 -1221 789 732 -261 -116 1555 -637 276 -252 1091 722 670 381 1294 -499 754 711 243 791 498 -170 -415 -689 -555 922 -687 -212 -294 -651 -464 1138 455 472 -508 -553 -380 286 -120 80 1030 -1134 481 324 692 -1342 -455 500 -1108 -424 840 495 141 -327 -601 -25 399 1444 -454 1413 -1 -185 115 875 -282 -153 -640 94 169 561 776 -1635 -77 -207 -176 -164 -224 -1827 970 80 -841 -1020 -630 -75 -284 -1699 -342 -803 568 1489 -219 -78 1029 -239 522 1239 194 -554 -556 -519 -205 504 505 -776 -142 -127 -360 -1418 -197 101 -1041]
[-1029 33 356 1121 -71 -724 387 209 656 503 14 37 -418 446 -1323 -1996 -193 872 -263 1891 32 -2205 -1831 134 -437 -107 -380 1387 106 240 2052 -107 -234 -369 834 -1303 331 1360 572 34 -61 158 99 -429 538 -94 -250 -74 -111 225 -937 1121 -94 -885 -310 -1395 -388 -48 742 494 1009 -1474 -1186 1415 418 -1489 -45 -49 501 409 1096 603 1013 8 -232 -1366 183 364 394 -1808 -2002 436 -1433 225 -103 -244 -82 -105 1126 -1089 -69 179 109 1604 -62 -378 703 -1388 -437 1749 -1043 365 370 419 208 42 774 28 341 913 9 -533 282 449 965 466 437 33 791 723 -155]
[688 -645 -986 1065 1025 1204 -1382 -215 -766 -50 278 5 -291 -284 -20 827 499 -605 -587 280 1145 62 -862 1255 469 -357 352 1117 -17 239 691 -709 -128 1096 -347 -1111 -236 833 -647 263 1135 -855 711 -815 -34 -1136 -785 -916 -921 -1517 858 -209 41 55 -1075 -1309 1114 -783 1117 -207 204 -430 1546 -836 -13 1345 928 -65 -296 -371 -690 595 424 687 1119 -876 280 492 1258 -569 -272 -15 -836 600 -224 1019 -56 -31 596 -291 -395 826 -1368 -276 44 1813 372 -908 -802 923 -767 -332 547 -267 -1915 426 178 346 804 592 125 -213 -600 1582 333 122 -79 -542 -191 -37 -1136]
[-361 1147 398 -1605 498 -306 456 -230 -271 -5 160 954 1300 -34 12 615 -1280 -300 -929 175 1278 30 1652 -924 200 -1473 -1402 -203 -340 -732 247 48 -257 -558 -108 -31 387 390 -1218 -1548 19 442 -435 334 -86 975 1565 -236 -1739 167 -370 -61 -488 285 6 -639 -442 682 -1974 117 359 61 -581 -452 773 147 156 -703 -109 -497 -458 505 774 -1051 -627 451 492 674 251 107 136 -227 501 42 556 205 910 -19 -777 668 1884 267 984 -658 47 -241 -383 -571 401 -214 -1649 -282 -344 455 753 421 -843 749 -915 -219 328 614 551 420 525 332 -1546 115 216 824 -252]
[-158 1403 38 97 462 941 562 -213 889 -468 -365 63 298 -1194 2052 562 701 -445 -1953 -371 282 1349 486 807 118 -506 -174 -37 258 175 155 349 458 -505 -610 61 339 -816 -605 -1229 942 366 670 560 338 595 265 854 -236 -617 -777 -358 558 246 875 -508 1445 -20 -1092 -237 126 -884 63 -134 513 224 294 -94 -1183 -828 -721 -46 77 -154 673 52 -660 -454 261 555 -168 -106 -388 -419 325 378 42 -68 -351 -176 864 -145 580 -796 153 -251 -885 -644 -175 107 779 -413 993 393 32 -153 791 -165 779 -155 -483 -682 -221 319 323 -437 336 1283 308 59 644]
[1137 -436 100 194 123 -159 220 -957 -712 -80 -228 -381 763 -1268 -1525 -892 -686 808 425 816 -774 40 -743 6 -387 1354 -210 -1045 -777 239 1463 -116 590 -303 -598 -688 314 270 -525 327 84 163 -676 100 591 315 133 -91 -109 -24 -1189 72 1020 -1512 -502 -417 -78 -472 1022 488 -355 -279 670 1345 334 -114 45 -597 947 -188 -168 -287 221 -59 13 -626 -244 -614 -212 243 127 964 -1203 -675 263 557 941 -773 263 781 259 1862 1283 -293 1496 166 1575 -771 -1037 -881 -13 325 -52 -20 -519 -754 849 1101 1135 264 -595 1224 -227 -69 -425 -650 206 -552 50 -119 790]
[-213 443 428 161 978 1645 -424 -11 412 -31 -11 -814 315 175 904 1380 716 -1684 -1257 -1128 -625 1016 968 1078 559 -920 8 -132 12 -216 -511 -22 -344 -393 39 1310 -415 -116 -863 -891 -491 393 370 -45 711 89 -571 63 260 -882 -1007 -435 587 -959 742 762 1011 493 -1723 193 -946 745 1128 -799 196 -690 899 -505 -109 -706 -1664 -129 -262 217 1189 -144 -1971 -962 1285 984 855 -66 1006 -83 647 618 572 -626 176 -369 -689 -1297 -384 28 -734 772 -38 -617 -1124 -86 376 -798 664 -406 96 1132 667 567 688 -108 -467 -993 -1061 -495 1373 -170 908 398 -1124 747 7]
[245 -341 439 -567 273 1175 -809 -172 -593 -192 -31 476 511 810 -1118 141 -624 1084 -794 -995 -291 121 434 -794 256 -911 83 204 -506 -1133 -1038 -765 -593 -299 -631 -454 -1043 -207 -194 -647 208 -106 957 -458 926 -169 -651 -41 -524 638 -229 530 510 1205 109 -483 -917 -371 -1824 -15 1605 1082 376 -1396 251 -308 103 -506 995 214 -833 72 815 677 149 -180 811 43 -182 -1340 478 -810 392 351 0 -1047 55 -210 1049 190 839 -783 -279 -389 695 127 -416 -420 -1365 -3 59 -264 -165 130 -437 321 187 344 359 142 -158 -660 -88 -711 1135 -369 -1473 155 47 273 243]
[606 -282 -814 312 446 -297 330 210 5 -229 -104 488 69 -111 -273 -117 -766 443 -315 850 206 -1118 847 -358 433 976 -757 -348 -459 -578 170 -1586 -1363 349 331 768 -1786 393 -703 -805 1019 463 37 287 940 -14 -108 256 860 146 -559 -773 446 -379 -796 -902 493 -211 -601 -677 1358 1304 660 963 -112 213 192 -559 749 -3 451 1417 553 -456 434 -147 2117 606 -156 -1642 -865 11 -490 -609 481 -448 -279 -203 342 490 -187 -261 122 -655 156 917 -709 -1407 -539 -663 125 915 -201 -879 -1181 -656 748 -88 -61 106 622 -311 246 -611 683 691 -1473 -554 -257 -507 -307]
[-474 595 -1431 679 -225 339 928 931 587 170 22 -38 163 296 388 125 23 -600 461 -397 866 -956 793 27 114 -950 -378 424 277 -91 -1655 -975 -655 763 2076 140 -1103 263 -359 -61 681 567 -1124 254 71 -205 283 -806 1172 -1012 90 823 484 515 409 379 1096 -903 672 -121 -402 -357 -231 441 -185 9 -322 228 1192 -1085 41 499 -1808 1030 -577 435 300 1579 -464 -211 653 738 1186 162 687 309 82 1286 -40 588 -197 49 528 691 34 380 -472 855 -538 -212 488 70 -223 611 -1710 392 1564 585 -726 454 -256 -117 846 -270 -126 63 94 -592 896 -937 -235]
[-1804 1215 -275 -265 374 -458 1704 145 876 622 65 515 1235 891 382 627 -210 -245 -722 250 -31 622 308 -1102 -151 -386 -8 747 33 -877 -1085 115 -915 -496 29 -150 81 -425 -519 346 -1073 -592 -256 -163 378 -464 45 -29 -595 840 872 -285 215 -409 -444 492 205 527 -816 -244 126 120 22 -776 388 -418 459 -543 994 -57 -1086 -185 459 -618 245 441 -474 -389 100 -45 1041 411 -145 1453 -1487 654 -295 -484 -319 -81 160 538 -518 1390 -603 786 809 -35 -847 213 -895 837 14 1039 936 -35 -551 -12 961 -605 -599 390 763 43 941 -45 89 232 -1000 792 -301]
[-1255 -24 -1468 45 -225 -395 1315 259 895 713 584 1333 -96 -187 -406 955 160 373 -566 -1459 56 -1445 -109 -963 39 941 -773 -73 -239 307 -46 -401 416 195 786 -686 296 -273 857 903 -825 -132 -807 -542 872 -547 258 -1240 -797 1305 -323 1043 -6 1389 132 -59 -492 1269 -985 -354 -391 132 -415 1379 420 278 -762 -524 -134 -782 -546 -584 144 -921 -1019 115 -411 -983 226 737 -539 1823 -481 1390 -1405 -889 -878 821 2 -905 828 -1237 -212 1028 -170 1096 610 353 -1106 870 26 1378 -1291 901 748 811 -65 448 567 -388 494 -1263 1703 1462 -463 -440 1139 -145 800 404 977]
[126 74 278 330 -570 122 -348 -445 508 768 -1393 -229 75 -382 871 986 387 -138 -636 -914 -448 1553 65 1323 930 1293 -27 -973 -765 657 -542 -94 2079 214 -12 133 -600 -473 -310 -339 783 888 605 -524 1079 450 -266 635 1055 1615 -555 -1085 -160 631 198 396 -262 660 489 547 481 641 -31 -431 343 483 -607 -199 363 -181 -190 -457 -493 -816 -427 1595 852 -1072 -1359 1339 1283 504 -103 502 -24 -932 -466 -221 -404 83 -1407 -1721 233 -549 132 -704 472 -65 -96 -403 750 1468 -703 -8 329 17 504 -641 -819 -301 22 -1360 -195 -194 -1073 -1252 18 30 101 -230 588]
[466 33 -851 1079 50 -763 -566 -427 -14 -385 -174 48 -1047 -1204 -222 353 485 448 -758 211 -195 492 35 535 -313 1708 918 -52 153 627 742 -823 1159 281 -791 -226 -341 1057 162 -970 1493 -688 -143 -179 113 833 -230 630 836 -457 -452 -881 -1096 690 576 -409 544 -958 1579 -911 -1914 -106 -491 541 76 618 -754 -174 -1054 343 642 519 1 380 -673 -664 430 506 -85 239 -62 818 -565 -248 746 909 609 -76 -1530 -96 31 449 571 -984 -84 496 475 827 -522 308 645 1204 144 501 -791 -1397 524 825 608 -1001 -716 -1003 444 -446 -1402 -559 773 -1329 22 -207 640]
[-1375 -345 261 306 -878 -70 606 829 1020 -23 -71 1644 -770 657 671 1314 989 464 263 -1052 -695 -122 -1667 888 922 485 -406 -211 223 415 -751 -218 420 1256 595 -269 253 -666 -518 853 273 6 116 -847 478 -778 -371 446 -77 1242 -425 -518 -285 1385 264 -111 -597 -173 1126 669 435 646 -625 -68 -55 254 -1170 995 84 -258 361 -108 -1562 -94 -401 1381 99 -1343 -794 277 -10 586 335 1174 -112 -1476 -559 463 -203 -67 -72 -1068 516 -147 -673 -982 367 688 -94 -543 1289 1347 -639 -338 -597 105 446 -1785 133 -410 230 -1212 1228 332 -518 -606 -227 -429 497 248 455]
[-53 -614 -669 554 -898 -782 -121 -701 -49 356 581 -388 459 722 915 -999 1188 -60 968 26 1473 584 93 505 -293 -843 1014 394 535 1019 -987 162 -142 -285 -112 771 -36 -718 528 689 -172 -139 368 20 -1130 -512 106 290 679 285 1018 -653 -851 -288 510 405 -1056 -122 644 -526 -764 -18 1401 -659 -706 -957 869 1233 896 408 94 615 -1543 1022 -14 -259 -370 832 -17 -334 615 -1411 146 496 -63 761 118 -104 747 -20 -829 -256 -1087 988 -297 501 -46 236 191 317 -1003 -666 846 313 197 373 -70 -2050 -703 -420 -688 586 230 -12 -205 -355 -169 416 -226 219 0]
]
