4805.283238 2924.740926 1.027688024 66
[[-28 236 -408 -114 578 135 -47 362 88 -793 310 -583 -160 270 246 381 -1223 393 -391 355 -10 -876 262 461 -65 543 -60 54 -870 -377 45 -371 -482 323 -19 -554 94 -420 1089 -188 567 425 401 -223 -115 17 -73 32 -552 220 7 -238 -1011 -598 530 -136 425 258 451 -220 149 477 173 -220 517 553 -21 -261 141 -604 -250 856 40 -237 614 105 99 -458 624 -680 -426 176 554 -448 221 -418 -966 329 593 -258 -576 693 392 -460 223 -1050 -35 -228 -330 478 681 32 76 -276 7 -350 -113 455 -194 -264 210 167 397 -673 -72 286 394 -371 667 -38 66]
[471 -343 -546 -340 -317 477 270 1247 -832 -200 1177 294 894 356 542 -271 -667 850 -1 28 135 131 717 1007 414 593 324 -407 -209 -341 100 582 355 493 677 -853 -406 -412 226 -244 85 480 417 559 -426 -365 -70 -830 -1443 -23 -297 453 -578 -202 -3 694 234 369 450 -15 -279 398 -293 118 772 -441 -257 -1397 889 -220 148 861 559 173 1077 -15 -798 743 906 -1193 -78 495 707 -522 141 -1003 146 17 227 -583 652 520 786 -193 337 -504 631 -241 359 264 444 725 206 -791 -344 248 706 -359 -200 694 -118 53 -334 69 -569 -238 -615 -9 51 14 -832]
[-376 -906 40 444 -381 -829 -317 -577 665 280 -216 -78 225 -56 -1665 -182 56 82 -335 80 762 -967 279 -967 -147 -373 -392 116 124 -497 -411 -386 546 51 -411 1146 1044 -593 171 225 511 -599 800 177 511 -258 617 403 1073 553 -166 -350 80 483 -59 365 -1332 -144 -1027 -741 277 -209 -419 -465 -207 165 85 1808 -608 723 -679 -792 -547 -228 214 -110 220 129 -353 70 -8 280 -1157 -476 382 1202 806 299 495 -178 -487 -82 -394 -79 -379 270 -700 -113 -646 -612 953 -193 21 221 -141 -66 263 528 -64 123 -524 570 218 300 -852 95 217 202 429 13 963]
[269 -532 343 -547 1030 175 -1 -848 189 435 -91 -721 -79 -202 845 119 1203 -362 495 -313 -277 -350 678 442 -509 395 -491 454 -160 222 -253 -441 -177 -126 -809 309 -256 135 209 -716 -550 887 -247 -804 375 195 -290 -596 661 627 -201 85 729 709 510 -1339 463 280 347 -173 -148 -708 1055 181 -716 518 19 28 -1068 -351 -578 751 612 -175 -1138 -397 297 -928 -771 -395 -316 -55 -79 1074 101 -91 -318 -791 372 607 23 -36 -170 193 402 93 199 330 -279 751 397 -1032 -205 1028 1296 -9 -20 4 1349 -774 622 340 252 -179 643 1110 845 232 29 -349 730]
[-114 -110 -215 -624 396 148 770 282 -460 -162 1036 -341 643 -247 1762 835 -591 766 634 -438 250 148 1321 1266 -48 619 -304 669 350 511 -343 -964 -91 225 -543 275 -677 -1023 -216 -427 -601 137 770 -474 299 345 -1004 -1305 -1070 -227 -260 173 302 55 171 -862 32 260 246 809 -1296 367 673 186 603 79 641 -1041 -47 -1172 386 266 1207 70 612 -730 -108 -484 552 -1010 512 -262 798 965 210 -1370 -598 -1207 -232 -61 1071 606 124 -152 333 -656 553 -255 465 426 -679 590 -387 91 -57 92 279 -231 -256 -443 568 691 -67 -601 430 1174 -585 452 93 57 -57]
[-159 -124 314 275 -252 19 -298 -396 730 -685 324 -190 317 434 -332 -1160 540 -289 -683 343 -537 280 609 -580 169 -386 288 -574 743 154 912 561 113 473 552 -579 491 958 374 577 -856 274 568 163 -344 -1395 -864 555 948 377 676 517 1001 724 -256 -173 -93 -101 23 -760 545 -332 -847 -821 -155 -801 -50 168 524 1342 -158 272 -71 487 -347 -45 315 208 -127 -137 -490 167 -296 -759 369 -223 811 796 1006 257 -703 -56 332 -1079 -367 -507 -219 163 -923 -80 612 -612 24 282 -256 512 -63 -365 -70 268 -203 -678 -416 853 -333 -320 483 -267 -288 675 161]
[-42 546 971 -453 -599 1176 810 338 -679 -856 264 1163 766 -143 -281 -237 -1201 -325 -787 922 -132 874 -758 193 -312 17 605 -1052 -83 117 593 99 142 -24 855 -438 -26 897 -982 221 -866 -1146 94 -192 408 -458 -803 -88 -552 -1376 -14 307 180 -596 66 610 587 -515 383 14 -545 789 712 185 336 -1421 881 -621 1001 870 432 332 -43 746 -207 -99 -467 748 286 618 727 325 9 -232 -211 161 561 -253 -429 -1046 -122 -492 905 -30 -286 -412 440 -338 713 -528 -340 299 390 344 -395 380 643 -517 -586 -41 -30 -738 -121 -379 444 -377 -1411 -254 -438 785 -627]
[512 142 -866 -307 212 280 -339 799 -1181 662 -567 -58 -1099 -791 960 -101 -171 -128 1035 -449 498 -281 -282 1273 376 979 -498 304 -548 -421 -126 633 -490 -492 -90 -1212 -1094 -155 629 -82 372 674 -984 -354 -403 758 374 250 -185 1174 -173 -339 -966 -717 -494 -454 979 1016 370 -53 -64 -226 -542 610 206 531 -459 -1004 -756 241 -1167 713 59 -727 -693 441 -665 -177 -333 78 -366 166 -6 495 -237 -936 -631 531 -802 550 458 -58 -1195 48 632 126 -26 2 -187 284 402 657 177 235 655 -881 -438 599 -656 384 54 -623 307 -180 641 223 -417 23 74 -83 -536]
[-383 694 -253 479 -254 328 -359 38 -13 -157 -332 -522 -134 -788 518 -148 -513 -366 424 -587 -182 187 -60 804 569 -1717 15 -153 605 594 -127 -273 -55 -666 200 157 -474 448 707 724 -69 -351 378 -219 -74 387 -1192 274 68 407 144 -102 307 -233 -900 246 -527 514 -296 -101 -53 799 -1039 495 301 401 1066 -1043 -1374 -263 631 -522 -568 802 -590 658 362 -641 -177 -36 472 -1016 -595 668 -439 -530 -409 -629 -370 884 -237 223 -1221 -580 -393 155 -1060 -409 150 -453 -403 -115 -315 171 -735 -368 -387 -97 -1237 -812 168 -608 352 -597 1038 426 -1208 -323 -675 841 -106]
[-953 569 172 51 32 -144 840 -708 860 526 -1624 -495 -840 -839 518 281 509 -259 772 -700 -616 414 38 635 -342 -135 -825 443 -77 -243 -7 152 -1097 -953 -653 -361 -619 -711 534 480 -280 -340 -170 586 -305 1000 -744 197 1214 746 -125 408 1119 131 -913 -649 580 -244 -162 -41 151 457 -30 212 206 560 195 -484 -1310 -353 486 -1689 -1223 3 -516 55 211 -985 -279 -290 131 -1022 -692 467 -768 -258 -26 -460 -125 932 -460 187 -1663 -584 -410 -133 -57 -90 75 64 71 -525 -249 -176 -516 -153 -688 687 -1328 -109 38 181 371 150 1254 191 -158 -582 -32 913 229]
[275 -1179 -124 385 -633 661 -600 -330 783 980 353 663 778 302 -229 -838 1053 453 -271 -253 -477 -719 95 -318 122 41 -252 -615 -642 -351 18 -223 547 82 1027 -156 1105 -930 369 -1020 396 37 340 909 128 -199 216 -1429 -473 45 -987 265 -412 240 12 1268 -200 393 623 -969 608 621 -28 -132 -307 687 -1112 -986 -138 -271 745 -688 -346 419 1127 351 42 -306 532 -444 -707 -238 -578 190 291 805 586 -27 213 -779 -755 966 58 980 -81 163 1004 320 388 75 937 28 196 -1254 -767 568 286 -498 616 649 33 145 257 54 -704 -326 -187 -298 -197 234 169]
[561 111 -783 -393 -238 -483 25 437 -1358 779 200 -1177 -62 166 98 30 628 243 -482 -25 102 295 224 1409 507 -1047 580 -611 275 -406 -675 577 620 -426 -243 235 -1132 -144 -364 294 98 890 -162 1317 -812 137 978 -149 -304 -132 -736 600 227 686 -619 384 161 -89 104 230 806 -435 221 1198 746 183 -1030 -886 -356 -2079 557 -382 -295 149 558 400 -533 755 105 -1216 -195 180 -85 -164 -606 -498 136 -942 141 202 573 662 -36 -111 -455 1109 342 55 147 399 -124 -593 -368 -1692 496 168 1024 -501 1387 216 -395 654 -612 -100 -514 -710 415 -670 -68 468 -844]
[-381 614 -7 -515 -716 34 -425 -1295 -154 -708 229 -95 550 -826 821 246 -381 -60 -663 538 -288 -775 216 559 -57 71 -157 -439 131 185 697 -843 -439 -1047 506 83 -309 225 78 -216 -684 -310 865 -697 520 -914 -1055 -99 210 592 -110 708 257 67 -33 -1027 -413 -285 838 -1032 73 450 1009 429 275 330 324 -610 -75 -380 -139 4 359 707 -6 443 316 -731 498 24 -92 -129 -906 1362 -230 -319 -124 -1191 1111 142 -1140 724 -630 -490 -443 -926 359 -53 -580 428 813 -562 -575 224 161 -328 -177 -55 29 288 584 -865 -125 -329 109 116 -356 -816 -592 1631 100]
[-48 -263 -285 -945 290 26 963 277 -1585 216 444 360 -56 -221 -334 101 -667 684 -278 485 428 165 -951 675 -205 1160 387 -38 536 -116 230 -442 889 -42 -40 -113 -286 -297 -1605 184 -967 125 450 -66 50 49 271 91 -565 -1709 -1149 -1125 92 -66 260 -216 905 -1041 641 1098 -558 -155 843 368 591 -544 602 -584 256 -631 -197 212 391 -708 394 -909 53 -29 303 543 504 899 -211 -557 577 -475 10 199 -610 -1186 1856 239 366 604 -338 456 313 400 501 429 6 376 -128 687 299 217 946 -432 219 -318 2 565 -382 -906 -416 511 -288 506 539 -162 -883]
[631 802 -309 69 422 -189 -74 956 -249 928 -238 -639 -1037 701 851 556 -540 -184 1038 -382 1204 -327 207 1205 84 724 -261 968 -500 -31 -623 -523 -1011 -167 -784 -722 -356 -404 183 -665 21 -849 -625 -534 21 611 -51 -477 581 683 400 -1270 -534 -403 503 -520 1194 1303 -143 1567 -557 -126 366 759 348 -60 -883 276 -307 -1165 -553 708 640 -633 456 -229 -79 315 -255 425 -850 486 1496 489 694 -339 -691 -55 -1262 565 1038 -29 -30 388 100 -255 497 78 -23 -208 -1415 513 133 -887 437 -770 -387 645 329 -561 -50 -354 226 -564 979 182 -88 -15 501 -180 25]
[-244 -1259 439 -470 413 -400 965 760 0 -131 197 -666 106 552 -1207 -371 310 -145 494 72 818 -418 73 356 -142 1075 -1014 -51 -1354 -1383 311 355 -292 592 -638 -1105 -85 -783 747 0 474 -383 381 359 71 -622 -112 385 849 1221 -569 -591 -380 -1021 -257 -65 1087 859 640 63 752 -370 199 -242 238 74 -1150 1861 -76 725 -1129 414 -319 -1285 264 -129 -1198 498 -367 -568 -804 409 -132 -802 516 -32 675 888 -91 -525 233 -135 -524 -377 45 -727 914 -347 -397 13 1278 -39 1431 514 503 -30 1374 596 -308 590 -560 69 134 659 -30 570 354 -109 582 -106 -99]
[52 1244 641 -339 -660 -464 886 -192 -13 -358 81 625 149 845 -674 295 714 -1305 207 831 -1243 799 -1221 140 -190 -95 1082 -1013 92 -337 777 1218 481 -216 543 -842 -618 1358 -821 459 -512 -833 101 437 -450 -537 -247 674 449 -436 -122 672 839 -348 242 -155 788 -749 1197 958 497 -141 1293 1773 -258 -894 36 48 1653 375 725 -246 -225 436 463 590 -519 1623 275 576 -253 102 -37 -58 21 183 948 -53 -247 -146 67 48 1216 -414 -934 235 8 571 664 39 -993 -1491 329 361 -802 501 377 -755 907 -210 -564 -614 -656 328 -430 -1144 -322 -1301 -964 -9 -840]
[-481 1199 -756 82 -100 -792 -601 -232 -367 -1342 816 77 -637 1041 445 894 756 -315 245 282 -679 420 -632 -379 623 550 1276 569 501 141 1990 247 -365 410 21 -637 51 85 152 399 -386 699 697 -207 -1309 -1265 5 1340 -571 275 686 5 -377 -564 -616 -1184 -80 -118 540 1610 750 49 -640 -198 44 423 -381 438 1803 -541 -145 583 24 -171 207 261 626 -153 882 878 -225 -460 921 781 482 -454 -335 1115 308 362 -791 429 161 -937 56 -405 428 1096 -413 543 -806 -509 -451 399 -527 224 -582 -627 384 63 -50 144 -1033 774 -1090 -473 779 -231 -566 -675 -412]
[-594 869 -587 447 224 392 -1250 -472 1044 293 -1942 834 -792 -387 -1041 -155 386 -35 309 -406 -759 -177 -370 97 332 -203 -151 817 181 58 731 1198 -1315 -1387 123 -1140 899 314 355 481 158 25 311 -550 -549 86 289 932 1135 1729 275 -677 -189 145 -1025 63 -318 -241 -90 -508 682 944 -1571 -96 -14 84 753 -525 -320 247 -233 -621 -1213 360 -648 1127 1242 -576 -44 561 -268 34 -532 136 -401 286 -1 692 1009 1331 -1006 -241 -1354 230 53 -66 -386 827 -66 -472 980 -50 214 -303 -210 -649 -1480 485 -2004 108 263 -171 -9 692 205 -675 261 99 -614 -169 -263]
[-245 206 897 258 326 -443 281 -558 976 -1492 1004 -602 630 424 1117 797 208 -257 617 -102 -74 -21 353 -821 -652 289 366 446 -301 353 589 -1065 1 78 -724 1085 754 303 701 325 43 -779 213 -392 -11 -560 -964 288 15 801 843 129 -77 -192 349 -700 -1301 204 -357 603 -308 231 517 -219 -904 -278 144 1722 775 131 72 678 597 894 32 -741 10 -183 212 59 -142 -263 816 407 400 513 413 -452 948 367 -682 -907 368 -1249 388 -1296 87 -283 150 122 -300 -909 95 1740 -56 73 -511 -34 1114 -409 -426 -48 274 -505 340 231 -533 -841 -249 -663 799]
[-377 200 547 138 559 1237 381 -913 900 -498 -489 -1 -313 460 -129 294 1132 -751 275 -250 -2189 826 -97 -22 -405 305 369 263 -54 -243 719 1505 -498 847 -395 -680 472 988 -310 41 -1187 1177 -457 436 -1330 -202 87 -382 555 -417 -156 566 1156 1183 -125 -1116 482 -1196 374 -729 -73 -26 -230 -346 -357 -55 412 -438 -537 328 246 11 -621 -100 -227 -275 931 -758 145 -319 -586 -312 139 -822 -556 -425 59 380 120 -206 -860 -31 949 -492 918 123 -619 520 -173 -40 896 -836 -49 347 408 1409 -744 141 581 -744 662 1058 -374 446 95 106 1341 482 8 -742 366]
[224 -660 484 189 -119 1254 -45 509 -603 537 -237 -65 -263 -299 -106 -109 382 258 210 -38 27 245 -680 487 365 -108 260 -424 328 -103 -621 -399 389 -831 246 -5 919 364 -699 706 -190 -1201 -444 324 -334 316 -301 -469 811 -265 -949 -1434 223 -338 130 697 731 92 671 -455 74 839 -1123 284 458 -1137 -234 32 60 -154 292 -416 -107 333 592 423 380 310 -506 809 -386 -207 -605 -802 -13 -125 1015 -31 -1323 -800 -99 -358 -740 842 78 587 19 356 793 -1768 -122 1104 485 -730 -358 -35 339 -107 -475 -17 -405 -1434 185 -349 1042 -249 -1265 479 -766 428 -329]
[47 -1094 176 -940 -5 299 -253 659 -1681 -455 1261 -244 451 -876 1080 -95 747 492 -38 394 485 -834 -228 1075 199 653 18 -684 -358 -456 191 -869 158 -538 157 -134 -58 -358 185 197 -118 -132 531 -314 767 -1560 -1138 -323 -907 582 -889 358 -511 -578 201 -80 -64 788 484 -526 -193 228 717 -40 -285 -162 -210 72 203 -123 -1299 527 538 -487 -825 924 -479 -320 -491 -488 635 -454 -1242 1907 -41 368 352 -463 -164 -449 -775 543 -601 -714 53 -441 890 131 -357 -418 980 103 -679 742 226 -379 779 -65 168 542 166 -690 -518 -201 588 961 -853 -162 -91 1083 240]
[-488 -527 -131 340 83 -1474 760 -64 508 -107 171 -248 667 -481 -223 390 113 453 624 -188 -291 -17 -174 -442 244 -1660 209 8 455 90 -1338 9 652 238 -857 1186 119 -295 -663 844 459 -1590 648 1049 139 178 364 78 260 -344 -720 -87 390 289 59 -12 -1518 -536 -504 -215 44 -504 129 616 37 81 445 1355 -400 -944 581 -1113 144 81 1721 582 662 981 -124 -228 233 -592 -1059 -125 -855 -319 971 -287 -828 -81 770 17 232 -1257 -144 122 -626 73 -41 -772 -269 -659 -467 -627 -378 760 100 199 384 565 -694 334 -611 43 -254 61 -347 100 -225 261 163]
[-249 -281 -156 -448 195 651 118 -244 93 -407 931 164 464 -388 921 671 130 -256 330 -559 703 109 1402 1202 -479 1425 -911 74 -894 -60 407 -212 -487 457 -232 53 -416 -370 937 -458 542 937 825 -228 306 368 -591 -124 -968 396 41 354 164 -188 -1024 -645 857 690 518 -59 -603 525 -589 -266 92 653 -650 -517 -316 142 -377 136 759 686 -545 -1113 -971 -813 752 -936 205 -110 336 257 106 -466 -969 -641 -226 -58 224 149 -641 18 682 -640 202 -439 296 976 232 231 472 1002 43 203 403 -438 -643 -310 434 989 351 115 208 1479 66 -238 -402 -222 -163]
[-155 753 251 15 -153 355 1074 -98 286 -354 -167 -20 -120 27 1039 496 -407 -443 624 -248 -335 370 664 587 -925 472 -291 433 -572 343 -99 520 -784 800 -861 -352 -111 373 204 504 451 88 -987 50 -408 999 -639 -756 -737 -856 295 230 295 539 -399 -273 -204 -605 -340 747 -1448 226 -282 66 -225 -171 53 -427 -350 -318 -642 -580 11 64 36 -638 -695 -484 240 -996 77 -307 810 -678 -614 -356 -1065 -156 -513 37 190 186 258 -699 -176 97 -628 -895 510 310 -683 -144 545 720 -134 59 -752 95 -53 -981 373 1300 866 -466 1380 661 -281 -758 909 -492 287]
[1085 206 342 -414 100 -1138 543 -284 -222 -55 -686 -413 -388 -154 608 114 1579 46 176 318 -379 259 515 106 -456 -90 168 -97 649 345 -196 1029 -251 -509 -422 -730 -1287 755 466 919 -10 515 -374 370 -254 49 375 973 520 -910 -332 742 1563 178 533 -745 704 -225 620 154 527 -644 -232 599 -313 -119 -418 -336 800 -769 -140 -346 -5 635 -603 611 -200 743 77 -336 -239 -574 -596 161 -1081 -285 -135 53 -289 1148 117 528 -50 -1139 -71 276 199 591 -595 906 -990 -1311 -66 -85 -310 270 -120 -201 479 338 -349 -519 -907 1099 429 -280 799 -784 -444 576 -207]
[-599 -980 -160 231 405 434 -154 -1170 511 74 -261 358 -107 -1251 3 -430 -571 -135 -989 -130 -79 307 78 -1252 -270 -13 483 158 -4 -135 340 -555 65 347 -12 890 962 -557 -442 581 -629 -360 1050 552 581 -490 -241 629 827 -614 68 -372 356 795 -243 -289 148 -397 -1321 -1412 -471 293 -57 -1323 609 570 -282 453 -1166 678 261 -1135 -72 36 223 -1072 1553 -1448 -125 503 356 237 -1641 -422 62 169 540 1062 -449 -422 -367 -353 -686 -720 -163 -73 -439 345 -887 -523 1051 -109 -1224 232 441 953 -272 659 -804 78 456 303 -139 -372 -151 632 439 522 802 1175 694]
[893 294 292 532 923 545 -1117 720 -12 -576 -901 -1344 -909 441 392 -411 -662 -750 -156 -9 -417 -1071 -200 -324 829 -1257 704 689 -558 591 -194 16 -687 -13 -68 -827 -384 788 1259 200 -94 -86 -135 -1054 625 -408 -65 -168 1000 748 586 -977 -500 -466 862 -549 231 650 621 -1052 472 199 -574 44 120 937 411 -111 -688 8 -488 1571 -466 -274 371 1771 1286 -702 -580 183 -804 -286 -174 -318 -345 -1025 -296 970 -581 723 -865 292 29 -213 8 349 -209 379 -1206 -112 173 -764 471 -203 663 -851 -741 628 19 -1076 528 -1712 203 -134 1111 100 347 163 -147 162 -45]
[155 -1244 -2 94 425 -458 603 -605 879 116 873 390 1229 105 -109 701 674 594 1034 -686 -177 -173 1013 -441 -90 -183 -1007 18 -617 -21 -1099 139 -108 1328 -666 154 498 -1294 841 -367 844 -45 -60 614 -441 165 98 -1417 -1079 -832 -558 -164 354 851 598 120 -588 203 -264 328 -574 -467 -577 253 -730 770 -881 939 -344 -457 -19 -429 622 451 948 -219 -219 534 171 -941 -672 -379 344 504 -460 112 -31 -336 -832 -247 265 967 254 -354 1258 -398 -120 78 383 -209 -30 -74 157 -406 -23 1041 -254 17 845 -96 206 1714 243 424 46 855 -143 636 58 -570 1205]
[687 735 -29 133 511 172 -39 757 -379 -870 85 -248 -159 534 514 396 -1220 -578 1079 -155 387 257 -571 448 459 -126 472 700 -579 165 123 -98 -426 567 -875 -513 -267 207 1096 271 -192 -1167 -556 -820 -753 -127 352 -363 -512 -184 291 -1175 -380 -556 461 -543 376 662 348 831 -299 684 -348 814 -662 488 363 1098 -312 122 -110 1759 -719 323 297 355 88 253 -126 746 -721 123 456 -458 -87 -317 397 507 -1520 -533 164 -104 380 -521 529 -486 -733 -21 -198 -324 -741 -652 942 559 -229 -152 -227 240 1008 -1085 -725 -239 636 -797 564 493 -1166 -182 -277 -565 163]
[1225 -629 48 -123 435 -43 -322 460 -259 828 -187 -536 -834 543 -682 -274 -376 -262 68 -503 696 -485 1265 -233 118 738 435 941 269 -800 -758 761 283 -178 54 -46 -202 1082 533 11 -94 695 -31 -943 126 80 1057 -143 1263 1366 268 -506 163 -402 1123 -447 146 690 201 -607 -303 -366 -224 276 1029 -438 -282 715 786 663 -331 1349 248 -503 -381 -314 57 109 -177 -25 -553 1115 134 -1719 682 -80 294 776 732 106 663 -162 607 1026 447 506 -1042 455 -608 375 410 -246 233 437 342 -713 582 809 410 -226 -87 -1242 -6 262 -429 199 1263 912 413 -922 160]
[742 805 -163 269 -654 -360 -320 -785 -328 1002 969 438 -527 -245 1194 -258 362 -1098 -111 -17 575 729 560 278 -82 -226 1031 522 93 385 283 -670 16 262 -13 177 118 534 -792 144 -644 -1485 -408 -611 457 199 -793 -569 611 -549 602 -337 803 489 -1009 -704 59 753 53 981 -878 -196 -336 930 -279 -261 -1427 -54 159 -474 259 -77 166 805 587 -907 84 -429 -184 874 -369 34 -357 -398 509 -344 294 421 -1540 100 665 172 -164 -434 -721 784 365 327 107 79 -1982 -555 444 6 -418 83 -283 -663 500 -514 -279 -158 286 -505 848 44 -548 -607 -795 503 -334]
[272 -358 -370 133 54 -751 -471 -1110 -716 202 219 -284 -756 -578 578 1094 974 294 5 -318 -305 -187 -506 -665 860 63 92 1106 728 20 583 -628 1060 -738 -523 1034 -351 -677 -953 -207 -344 743 -301 -46 -394 558 829 750 535 60 -843 -420 -405 -119 -856 -1178 -1451 -50 336 419 230 -487 317 198 357 210 -797 123 43 -926 692 -500 273 -28 407 -337 445 -1016 225 1045 11 -658 -533 1184 161 -540 193 -28 75 150 88 -158 -1083 293 1485 374 1131 677 -114 939 -23 955 185 59 831 -16 -581 -447 672 368 169 316 -219 -114 -1188 -1228 698 546 -557 -435 -338]
[88 -1022 865 487 -401 1676 826 383 -235 382 -1187 417 -198 -112 -613 -138 1082 150 714 -883 -153 52 -1340 -128 78 519 -205 -389 -662 -1403 784 495 457 -228 461 -583 -623 -46 462 -704 -89 745 -1126 799 -739 367 338 349 105 -750 -1172 -33 38 -752 448 815 1075 -29 81 -287 697 1091 -568 -728 -231 339 672 -317 -1331 771 136 -476 -1234 -695 -1308 592 -83 -924 -452 977 352 -1332 -799 756 -393 1003 66 281 -1000 -777 -1193 -523 -319 1051 1089 415 -154 148 -25 -48 1059 631 280 243 -246 705 371 637 -147 182 -241 -691 686 506 536 -788 -704 907 475 -264 411]
[-356 253 325 -156 -1008 610 580 -96 -395 78 -598 -1224 -814 797 850 -590 -393 -12 -450 -695 380 1149 1042 165 -480 70 378 -584 54 -819 21 316 101 844 -36 -332 -92 -229 178 534 -1139 1177 -852 1653 -2000 -295 690 -794 -239 183 985 843 592 594 -1501 124 -193 -176 -837 446 137 -565 -887 -287 601 -660 -846 -967 604 586 -234 -150 -926 486 262 -734 -602 498 -69 -736 -615 734 1584 -1365 -15 -403 962 -29 863 -799 -718 351 140 -739 -231 -231 602 -126 -82 186 370 -271 -144 -547 132 444 29 -109 1169 11 -845 1174 -221 241 222 -787 -408 -781 829 824 196]
[141 -354 -241 -214 205 -807 -1117 339 206 330 752 456 555 160 16 -793 790 -192 -241 -309 -22 -5 375 -605 117 744 1079 95 -22 -286 811 358 1081 348 1064 -174 -131 1081 -455 71 622 841 223 69 1182 -1698 -50 705 -696 592 924 268 346 445 -157 739 -658 -332 -80 -210 -213 -392 -47 -741 -1311 -476 -272 307 1653 1763 111 298 819 -514 -615 -318 21 -245 -218 -505 474 713 -925 -537 1008 721 831 624 1222 -414 759 -301 1153 284 -570 198 -161 602 -370 498 566 -158 -162 1680 -155 135 -99 -409 -310 522 121 -101 -645 1140 -1030 -314 822 486 90 -529 -781]
[-773 -1182 178 -422 591 982 395 -416 1332 -203 76 -889 280 329 -1099 -1018 -260 317 10 522 -1059 -319 343 368 -315 -441 -1086 -684 -379 -735 -821 249 85 343 -354 -88 1418 203 306 -249 -825 -67 728 507 -665 -218 -327 -594 1045 1182 -350 -34 39 602 150 -275 177 544 535 -1409 1257 -482 1098 64 470 -224 -503 301 -795 491 311 526 -418 285 334 415 -78 785 -609 -698 -1137 430 90 -978 771 -178 848 -141 1268 -420 -1261 240 206 -527 155 -854 98 278 -119 -613 1743 -1255 105 -826 129 745 939 -84 846 -302 121 281 -27 -918 -237 419 306 -912 29 495 631]
[626 924 783 1076 -435 430 -163 -1008 1262 291 -919 894 -1181 -2 479 -177 1355 -530 747 -76 -956 782 -1528 -1346 -775 822 325 -425 512 112 869 473 -167 -616 813 -520 1247 1055 -504 -244 -580 -288 -1047 752 -906 147 -240 879 1472 -1079 -128 -3 916 -147 408 -26 1603 -135 52 -404 245 -251 -690 -117 -1107 -335 -424 -893 -4 252 532 -169 197 329 206 -590 1076 -279 570 2043 -889 -49 -13 -771 106 111 -227 1035 -874 986 513 -774 -228 -673 738 53 -285 314 -4 -350 -859 313 -321 388 -774 812 -1636 28 53 105 -322 -550 -152 -196 -7 -512 643 -326 -657 -65 394]
[170 -159 48 -351 1512 -1083 904 238 991 314 -312 -116 10 435 -337 836 -986 557 224 535 -12 42 1023 429 -1054 105 -198 623 -810 -633 -1603 -841 -505 627 -781 209 1126 -1376 729 -426 577 -562 -665 -372 -314 1634 1143 -645 537 421 -71 -127 97 262 878 528 -11 -138 -107 232 -566 -551 464 -233 -181 -445 724 941 325 -255 37 373 -144 -275 1100 -1255 233 678 -404 -841 -920 585 822 -1717 126 310 408 -6 636 -807 99 -458 1125 -213 272 -1421 -397 -328 597 -859 539 611 759 -844 -64 66 -58 1074 152 158 -824 732 707 -651 -190 182 274 957 1001 -877 407]
[999 -131 -218 324 413 -181 -1031 612 -118 -310 -146 -399 520 876 -1156 47 -169 -176 -427 -686 -49 -698 -321 117 381 -1116 129 81 -350 131 -68 225 575 -711 -21 266 693 510 205 425 1008 1139 992 632 -145 -844 1558 1359 14 882 -619 -577 -895 -357 -267 1989 -1382 537 -403 -183 846 324 102 590 -130 718 96 -18 -241 -1354 194 -145 -172 404 402 278 13 483 944 -585 -780 686 219 -438 179 803 344 60 1002 393 264 -378 -248 -516 126 442 -63 -129 497 -360 922 10 407 64 93 295 114 -206 647 -308 238 742 -754 -436 -1811 -439 399 -319 163 -348 -357]
[207 313 528 -395 464 365 537 -282 -289 -511 -773 -742 -129 643 -11 679 -494 -575 -657 -504 488 19 355 1274 -243 -1087 -456 464 -1194 -20 -517 -395 -1540 -709 -1087 -318 -652 610 857 -125 140 -64 60 -1508 -36 495 38 569 130 187 -257 -934 0 -811 433 -524 848 1107 710 944 138 674 575 434 503 471 -112 476 -790 -1860 -487 643 -228 552 -1079 552 -118 -601 -389 502 -194 64 461 932 -898 207 -1260 -1185 -57 41 -897 -159 -840 288 -404 -583 218 60 -53 940 173 -763 684 -164 970 -726 692 -47 1028 -1161 -107 -648 386 -623 1433 816 146 -302 222 982 707]
[-179 473 491 411 -743 -1036 -68 547 609 187 -782 -384 -780 564 -1256 -217 212 -504 383 -307 349 -1473 -801 452 78 -654 61 -132 -455 -876 -408 871 471 -936 483 -283 -767 1334 781 658 976 -818 810 -51 639 837 727 940 960 356 -286 -978 -127 -656 490 183 -1204 -25 257 -181 -367 -66 -766 621 -79 -360 987 701 -342 864 -847 171 -545 181 219 1048 26 250 -470 463 33 -113 -1046 -904 -198 850 -170 3 106 -100 533 93 405 -29 -721 -153 -1737 -34 -331 906 974 -973 686 1048 -751 -593 -213 388 -303 -246 -1137 -976 -150 -130 203 -378 203 -869 164 330 23]
[-774 -8 -191 -359 343 -525 482 -368 -353 -832 381 -1541 484 576 -879 1228 -1075 28 -215 390 656 -1209 425 461 -347 -20 811 -475 -829 -799 -463 -1252 1276 -48 -583 1724 18 -1269 848 -167 641 -113 1453 417 332 119 695 533 -118 446 178 -568 81 107 129 -369 113 -663 44 533 1203 496 951 229 -143 327 697 1128 563 -382 161 1149 -51 797 503 13 -114 909 308 -504 258 780 108 273 1000 338 213 -1350 727 -575 -838 116 552 -7 -38 -540 -196 855 -178 537 637 -1339 -587 561 134 -732 1372 -382 807 -1862 -711 1357 100 -172 -594 -26 -311 -434 -208 -479 153]
[-578 -208 -1157 838 1028 -561 -1085 54 1090 -452 -106 649 -582 595 -928 196 -161 356 -51 -124 -286 -32 -444 -134 44 -1155 32 511 140 532 -715 244 249 422 -916 554 921 736 567 -776 800 206 365 -401 -434 1091 1168 1583 -663 -197 142 -773 -792 -59 -322 -62 -806 612 -399 968 739 -169 -381 243 -338 353 84 103 -827 42 964 307 -756 267 -248 262 778 -10 -224 1161 732 391 581 -53 362 734 -626 474 -154 404 249 -238 668 269 495 -221 -971 540 99 553 85 -589 -220 -245 -478 238 -680 -694 902 -874 -342 594 -98 -508 -954 448 948 -449 -153 -1329 287]
[-482 164 -24 555 1325 -353 434 457 1005 232 -192 -341 -102 727 486 575 391 468 828 -1225 -753 -187 911 696 503 -950 941 1047 -359 -1017 -92 298 -299 95 -564 -100 191 -1042 1139 41 120 -308 1382 766 -96 243 -307 -266 694 739 -13 267 779 640 312 -371 -239 52 -648 471 -243 947 -186 -407 365 14 990 763 -572 -726 947 -128 -891 3 837 163 1690 -1136 -373 -950 123 -516 -98 -286 288 -165 810 375 443 837 -238 278 887 -959 435 -654 -820 709 514 -118 275 -927 -507 -497 -543 890 -474 559 211 -782 -296 328 224 114 200 378 703 304 986 -591 639]
[-145 834 -396 80 -28 66 -806 13 -651 -69 -370 541 -552 -81 328 -118 124 -887 -1525 601 541 1 -991 -207 296 -17 -534 -324 521 996 507 -36 -823 277 -224 -414 -149 151 -912 493 669 448 -141 -195 175 -497 618 563 -739 -783 561 217 -836 373 -717 -368 602 -738 375 386 328 -527 -170 -383 -15 888 -194 -48 -198 -606 -1160 -1120 -513 -684 -1072 259 591 -877 -253 427 546 -205 136 1040 -455 76 -1072 855 -902 -60 -547 0 -298 709 -914 1205 12 -301 21 -1 -1325 546 -500 -508 853 -615 -856 -418 135 287 448 -89 42 466 -25 -7 571 58 220 175 -44]
[1072 637 659 -335 -228 397 329 301 188 874 -422 413 -282 -93 912 223 15 -167 807 -117 6 561 -319 228 -779 1807 -780 -144 -598 9 -649 514 -108 -860 1190 -1102 -326 -264 177 -135 -147 -78 -1553 214 -103 676 609 -1184 -870 -226 445 650 125 149 815 421 922 -438 1268 160 -513 -66 623 235 -424 -771 -933 -815 1476 851 819 -639 -295 1029 -186 -508 -901 938 465 350 -1094 539 969 135 -12 504 254 -570 -518 -567 638 -872 551 1626 1033 -478 748 -71 1028 -271 -959 851 63 -556 -438 -103 -363 -94 -99 928 48 -1320 -421 -60 420 -840 -653 330 -139 117 -1093]
[1609 -1022 -112 280 3 981 -714 1021 70 1507 359 994 875 -533 1309 -1281 1661 -40 874 -265 468 -214 518 358 -42 30 -19 -662 508 277 -386 535 1072 -605 429 216 -144 1001 614 -1000 855 -1 -1258 101 -262 429 222 -903 -199 1230 -280 349 -229 365 472 1056 176 1565 -851 68 350 66 -131 1128 -946 -294 -24 -808 -905 -50 38 943 888 462 -1589 240 -490 516 -788 -5 574 -162 89 1233 241 614 215 105 -366 1339 584 -611 232 521 486 1004 -467 -280 407 -176 -574 95 -185 -43 342 -179 -327 -145 822 52 -477 -1065 1053 80 391 -752 -1044 -146 -699 -1079 600]
[-553 889 -1455 10 -233 -1022 -130 -797 -90 -585 388 -515 -562 -157 672 -757 -785 89 260 214 741 44 -376 76 556 427 -742 494 1040 805 640 -757 -86 595 -474 -488 63 -209 -491 -262 -653 820 62 -885 -861 -66 -659 862 701 238 633 -645 -285 452 -525 -1377 62 -376 961 601 753 -1607 -338 -349 107 820 -88 -126 -291 -655 -1279 603 598 -859 237 -808 867 -408 54 1010 -1303 199 1020 360 1076 -2054 -1156 1022 102 410 672 -131 -925 -1233 -296 -289 -107 -121 -1204 683 -940 541 -444 736 -242 -326 -626 -488 102 328 292 -188 481 -596 -417 408 121 38 443 253 104]
[198 683 -289 -318 -508 344 -745 -1272 -190 968 -1489 108 -696 -764 869 -165 -561 -857 -223 9 687 -158 -140 629 -1090 689 -206 13 -198 -56 -116 -334 -663 -690 -166 -464 -37 1202 -283 -487 -378 -818 -889 -669 -550 197 724 -519 256 767 415 -270 -459 -231 -441 -1604 729 144 187 -337 -69 59 622 1190 458 896 -630 -652 -1316 -523 -304 405 -132 6 -662 -499 213 -776 -32 1178 -484 1353 -37 476 -508 360 -471 -752 759 -290 229 -50 -350 1135 -529 -274 -127 -211 -539 826 1250 -282 -215 54 1970 -661 -617 1276 1105 49 -114 -1079 449 -593 660 -66 320 -831 188 993 422]
[-1518 947 -262 291 -346 -266 26 -1361 425 445 -35 -367 -815 -236 499 925 1125 503 372 -284 -198 329 -316 -1138 -35 174 657 -483 167 -242 1090 -1183 -975 -585 352 397 429 -124 -594 -450 75 -814 -59 1075 -933 -553 -943 -21 553 -712 470 -49 315 -419 -349 -745 608 -395 -467 796 460 275 -179 -355 437 1019 -887 202 -20 -1660 1242 -1061 301 -388 939 98 1375 -1184 71 1338 242 -1005 320 417 -249 248 -1069 -494 0 372 -561 901 -679 -41 -42 -433 -9 378 211 -236 -173 12 -1260 -1064 -618 267 -713 783 -42 367 335 255 -381 125 690 -651 921 -716 14 782 628]
[-443 -213 -341 942 135 -736 -450 -1074 686 -285 1056 447 560 -907 1410 -367 1138 293 248 -720 -846 195 272 -512 170 -1021 244 433 1321 1280 260 -1319 215 650 -204 937 -525 607 900 -81 -53 -13 -404 -804 238 74 -1614 -496 -513 -328 126 157 870 428 -293 -822 -695 -403 -148 109 -468 83 -598 51 -956 90 298 -326 -1010 -24 690 655 371 830 -621 68 361 -1751 -595 38 894 -898 -655 433 -229 -202 -263 -548 296 831 821 635 -476 206 -109 -165 -877 -93 88 1398 -447 -850 -37 966 33 -277 -899 -874 1045 -470 185 -559 835 372 688 823 -16 -788 -978 -685 28]
[-353 223 417 1363 -334 -898 172 -620 589 -1098 -99 -924 122 441 -628 572 627 -380 -524 -292 -856 -158 -415 -1184 -704 -189 650 30 840 684 32 -714 298 181 -401 518 394 596 -515 1001 -30 89 273 575 -446 -487 -5 1310 403 -531 338 -243 890 483 182 438 -1192 -1514 -133 -361 -9 -195 -1142 -576 -788 449 1094 -41 -386 97 498 -1756 -954 -451 772 -340 475 -231 625 183 -188 -414 -436 -1115 -476 306 -144 385 143 -249 -268 -496 553 -1025 -661 402 -1241 -268 49 -710 544 43 -587 844 -925 434 -1173 511 -523 -332 -624 -190 -844 56 -409 -522 -73 -361 175 -133 584]
[905 -869 778 316 1269 1327 668 632 -408 16 -77 875 -65 589 177 -603 932 380 -141 -1269 -529 140 -376 616 130 -94 417 -619 -1146 -1235 -362 505 -98 -328 343 -501 374 -394 204 -153 -497 677 283 1416 -26 -438 652 -675 -37 -549 -1304 106 67 -61 17 1473 468 -86 919 -177 -257 605 331 495 295 -412 63 -1297 -347 -768 635 177 -700 231 474 353 257 -367 341 -573 -336 223 74 -386 -306 555 969 840 -234 -232 759 -273 1173 67 1584 -30 736 938 992 452 1353 -838 15 -239 362 1183 139 -427 1409 105 -27 559 97 -621 -79 -107 -34 -418 -45 -553 -424]
[-203 274 -431 -301 -974 -404 -103 -912 206 519 206 1728 347 -349 -1292 372 89 -292 -934 912 883 -259 534 -93 -543 423 303 247 63 58 277 -403 428 1236 167 433 142 -579 -1525 -506 -433 -400 1159 -832 1202 512 590 -427 -129 -1133 -194 859 -523 -117 -546 -565 -921 -695 -200 276 -890 259 216 360 939 187 -103 370 1336 -135 -99 -1385 347 341 520 -475 -1 531 537 529 157 35 -574 637 321 730 24 265 -58 -1072 -91 452 1081 757 -1047 524 656 537 -617 -106 -1261 12 417 -265 -805 828 713 -390 -374 614 349 650 122 -210 -1241 -212 485 232 285 126 -436]
[39 137 -40 -501 848 -540 116 113 180 -91 -1287 349 -648 -574 -237 -649 -94 446 153 425 465 524 -105 306 -154 -722 59 -416 346 269 -1 1207 -480 -773 -425 -1406 944 448 877 765 -367 25 -581 -13 -786 470 -490 1053 551 -526 235 -363 692 1018 -711 548 -156 -568 -823 576 -244 -601 -1733 -199 169 -1196 357 -797 -294 74 -459 -143 -704 873 -973 -641 566 79 -401 152 174 649 -16 -381 -935 433 -26 363 961 1133 1023 -582 -557 -1440 840 -605 147 -301 -93 557 1080 199 150 425 134 13 -1186 306 -569 323 -290 146 -190 78 640 -20 -60 332 -142 558 -446]
[-489 840 -777 454 401 1049 -1339 -528 157 -208 -941 218 -411 -487 -285 871 -458 -65 -779 -264 -443 -376 304 79 32 304 273 234 -779 -367 366 -241 -477 -417 -308 1039 200 -166 683 -837 1023 883 91 -382 -401 287 955 -327 197 1355 11 616 -722 -1173 -524 -170 -602 166 -110 -1165 611 1424 -158 479 293 1242 205 -361 -471 -369 670 -332 -1408 -522 257 752 497 -1415 571 -102 478 -525 -532 57 -636 468 -146 -98 755 -5 -1604 401 -338 393 -141 603 -261 -617 -400 -503 873 -453 87 -539 -431 -631 -508 615 -334 -362 617 890 1247 -58 -875 -763 964 -572 166 -370 743]
[-339 -220 445 -873 -368 153 251 43 -188 863 -334 52 766 56 450 -889 -12 876 846 18 450 1377 -167 -643 -333 540 -516 -188 676 683 -112 -328 460 384 151 297 331 63 -449 -717 -425 482 -914 379 -761 303 279 -955 -450 -490 9 -578 648 412 302 537 649 -686 -41 886 -323 -874 180 -151 -118 -721 425 -196 -164 203 96 574 682 50 -67 -1131 -59 214 -705 697 87 509 695 -995 73 248 1029 -347 1175 -744 2021 -491 190 850 -336 -127 306 -311 681 267 594 132 156 656 808 446 713 -654 1266 763 -415 -265 516 -298 -239 143 -245 204 619 -112 -80]
[98 943 -1243 149 -594 -86 -211 580 -559 178 -95 1863 466 -323 880 -344 -652 97 469 -459 50 39 -629 -435 761 967 153 -180 855 882 741 1226 -16 350 1056 -1845 -1313 590 -1162 135 97 62 239 69 -31 -440 -767 1273 -1016 -554 1184 -84 -482 -403 517 -235 380 -324 -122 1193 -821 -449 -266 220 -50 134 778 -1982 1188 1789 -150 -177 708 -497 -102 560 -190 604 354 791 495 680 309 1019 392 -967 -228 1258 -245 466 1184 -135 737 302 -768 204 -307 261 656 384 -618 835 -870 689 -301 -402 -1284 104 -1342 262 603 -1009 -717 717 -450 -1168 -990 152 90 169 -462]
[-1007 474 80 -248 101 1911 687 -509 797 -45 -197 1344 583 -51 442 -550 305 -287 -500 166 -1032 -171 913 619 -168 771 -407 -602 -621 608 540 -72 -784 128 53 -798 -156 264 31 -977 -811 648 -120 -944 75 487 -577 -565 -416 767 318 628 103 136 -284 -557 715 20 440 -185 50 664 -95 -618 -167 -651 824 -1815 351 808 -468 466 327 1133 -1410 54 -563 15 30 136 -82 -431 507 1168 -667 -185 -362 -235 1038 307 -1773 -316 55 361 -383 -432 904 206 454 866 808 -656 326 -350 16 -4 -180 -823 -461 382 799 -629 247 -57 460 -278 -973 23 -886 353 90]
[-299 -277 -269 -597 772 447 -116 982 -300 -39 -570 -39 -45 -374 -46 657 -664 310 898 497 470 -630 -197 1409 -50 981 -733 -583 -667 81 -558 -276 -10 504 -391 -130 373 -713 -230 -705 179 -503 574 -133 451 624 123 -1037 -176 230 -992 16 -1004 -768 104 -348 695 597 744 -746 -90 425 926 361 158 260 372 153 -155 579 -387 134 257 -842 970 401 -204 1133 -47 -448 -232 179 -195 525 69 -213 291 -517 -1839 -1641 -210 562 831 62 393 -684 113 66 -529 -1208 122 454 189 -246 -877 -39 546 575 -170 -57 -400 560 93 -928 166 1163 -111 -15 232 -152 -25]
[-6 171 -734 706 -631 434 382 -590 735 458 -879 231 -434 252 679 -887 45 311 1475 -106 -1475 -9 983 -720 -181 -132 960 264 656 246 209 953 729 362 614 -878 688 409 627 269 187 -853 -562 1199 -1402 733 418 -719 371 -114 15 63 850 -498 -424 -141 -54 -30 -320 -557 616 334 -1688 -954 108 -558 -148 -1265 883 1096 573 331 -1050 706 585 365 892 98 260 419 -943 -544 -77 -919 27 -740 772 1168 -320 372 -778 641 100 -314 242 109 -181 578 426 -478 -535 -437 507 -858 -1146 819 -415 -571 -617 198 -212 -631 101 984 314 -496 -391 282 -58 56 209]
[572 275 11 248 239 688 -1040 582 380 659 931 382 491 -283 1235 -193 154 310 527 -839 648 -1044 -716 334 653 478 522 -536 -820 -266 523 -351 527 -1043 1507 -190 426 463 -93 -516 509 -660 -170 466 244 -922 295 -1368 -1318 234 -88 -667 -1043 151 187 1123 -665 636 -209 -44 -320 497 86 613 -1587 599 -164 -975 -656 -476 202 1753 817 1126 794 143 688 -245 648 74 -58 522 379 502 -195 381 59 -689 -438 -39 1003 -133 567 368 967 -690 -412 10 215 380 796 -336 -500 -169 211 21 -561 -81 643 -199 -8 450 -617 -1249 201 -246 -1103 422 -740 -405 -631]
[-255 650 -536 501 -823 -46 113 -385 465 -24 -543 -61 -296 164 290 -1193 -1049 335 -1009 -344 161 94 612 -827 209 12 491 -481 -488 -719 180 170 -411 -614 984 85 -306 47 622 480 198 558 620 308 -74 -624 -38 150 123 452 1354 1268 -212 -195 68 95 62 313 -202 -1200 801 385 -22 -1327 1018 663 -782 -736 48 70 -30 505 -481 198 230 77 -453 -566 970 -427 -26 157 135 -974 -59 -449 -513 389 1683 188 -1063 -162 -362 -257 -1167 77 -192 -238 -708 1314 319 -1092 -744 -915 -485 -128 368 -8 -219 1064 40 -645 -14 305 -552 -128 536 -808 238 1469 -99]
[436 355 174 -373 358 400 -699 -1322 477 -551 261 -688 -409 -1238 583 866 -1509 -1029 -995 1108 -535 -345 -30 -412 -320 -1211 245 -459 -118 391 -919 -1371 -205 752 -329 725 -51 641 -635 -82 -601 -57 -134 -1366 721 117 -168 98 -352 -722 113 1098 -1137 -362 894 -592 -646 730 -454 -573 -582 -446 2301 1211 206 992 348 -316 -708 -261 1174 208 615 276 -57 434 488 -189 -604 48 373 -843 -218 1491 -107 693 -1056 -982 137 -249 -1528 750 945 -243 -110 -767 -676 -36 -538 -372 -1078 -1041 -1014 146 669 141 -146 225 837 -500 932 696 -144 -2144 298 710 -97 -327 -421 301 194]
[515 1227 663 733 -1364 -212 -807 -1233 -22 -989 -271 -342 -918 -13 845 -377 -258 -1263 -65 1534 139 -467 -1023 -996 -257 25 -249 -396 628 680 1529 -1006 480 572 619 -369 721 996 -429 -4 -848 -1164 -1196 -530 136 -471 -355 929 651 -597 556 225 -393 -310 -714 -1020 -522 272 542 329 30 -646 158 -597 -1256 -719 -225 699 168 2052 -571 -240 179 34 -712 -216 -246 -117 -310 2009 -483 -686 201 729 953 377 271 766 -205 -358 -1439 -470 -61 -352 -510 -421 550 -387 -567 -604 -1060 519 816 1298 702 306 -735 -590 643 -193 -58 -844 684 -111 -10 -421 -586 -478 -42 671 191]
[-113 916 740 23 109 -368 180 -158 -277 382 -651 -295 -866 413 -212 867 -952 369 63 -154 281 7 -756 -1403 655 -7 -333 958 1022 601 -59 -1063 -228 -979 -442 1865 -637 -381 -348 -11 -737 -273 185 -360 419 -43 965 196 634 -808 532 -658 122 293 662 -785 -226 -559 -8 865 -386 -175 645 250 733 517 75 1627 628 -199 816 -593 435 18 -178 -56 1007 -263 -9 1983 934 -585 -3 -28 552 161 -44 4 -843 -583 -51 446 -592 1429 -154 1029 -788 759 -147 -150 -1533 342 -671 -12 -628 -527 -402 69 641 -375 -162 -545 306 -893 -708 -216 27 702 -315 323 725]
[-62 -301 -249 290 -1424 338 439 595 1 -293 1521 381 774 712 -1352 191 -872 -725 161 575 239 -730 -344 -340 289 -476 7 -395 -707 -284 -141 138 272 645 332 153 421 -465 578 187 606 -1351 901 167 221 -262 -170 -1008 -1051 -516 50 140 -851 795 1046 489 -1020 299 -820 143 -568 739 251 508 381 723 19 1204 -809 58 -504 26 -184 279 547 379 -535 581 317 -595 30 120 240 366 545 556 31 -545 -1122 -1319 -743 444 302 -196 -694 510 -723 -497 562 -839 -228 -94 -328 -382 -741 661 234 -193 640 -542 -22 683 194 -308 -593 312 -1213 -286 172 319 986]
[-94 649 -463 707 1040 -876 -836 1037 309 218 189 -171 -194 1105 -652 -143 1055 -432 -610 -474 409 796 -1150 129 552 108 602 -199 -240 963 154 -437 958 213 -454 313 -51 -1 -490 425 129 370 1043 145 -134 -237 362 913 -771 42 170 -773 -786 -224 -306 620 1077 645 -46 1114 1059 734 52 131 -1251 254 -701 942 -225 -835 627 -848 -757 223 188 -138 -257 950 310 275 -236 29 464 344 42 1030 -112 508 -928 -231 504 -548 348 226 -1029 873 72 215 631 231 -1360 -810 293 -436 -493 567 523 -904 798 -529 -1002 464 -316 -658 -1015 -36 185 -1158 125 -675 -413]
[-928 -93 230 -177 -269 -531 1062 416 -605 -103 -574 650 -1096 -116 -669 17 -323 91 125 -32 -88 422 -1929 381 -430 -293 -94 117 -647 -1720 -96 715 -650 7 -582 -730 31 162 -30 287 237 -194 -1099 -212 -935 569 -98 1386 363 -221 -386 15 264 -1077 -369 174 460 -111 332 644 1045 -494 -597 399 93 125 127 1183 -248 12 -1213 -193 -1948 -1088 -889 110 175 -621 -780 1112 603 -418 -558 -572 -478 203 -121 723 -946 -204 -1107 -184 -1008 -674 -414 368 -378 -20 208 50 108 -254 -173 215 -601 -384 339 671 122 316 -849 -817 46 262 802 317 -362 559 301 -57 -158]
[-250 -976 -82 -185 -142 548 0 -263 -1006 -345 1561 -249 503 -282 112 295 582 -1027 643 378 -243 480 161 687 -336 -385 1696 -569 899 291 9 -914 1373 738 -232 820 1000 573 -821 1301 -1098 -691 1563 -438 40 -778 -1102 862 262 -156 -663 -910 222 -484 -1064 -160 -226 686 299 239 -715 365 -792 -136 626 -1125 215 -361 301 332 -294 -62 1505 632 258 -319 -293 782 282 361 -53 -674 -928 570 699 343 541 -264 -422 -735 -13 -678 21 -704 -241 136 -247 689 384 -1474 429 9 -289 1560 -450 553 1494 -824 -165 -648 106 -353 -1221 -369 -200 1034 -1621 20 -904 121 -587]
[158 812 -634 453 1772 -733 -426 563 630 -259 43 -772 -898 -201 844 -866 -10 413 -750 411 327 -728 611 -18 257 -1296 125 108 253 1302 -1075 -1018 56 472 -784 975 59 875 334 244 234 514 -450 -629 895 1117 314 1190 368 -525 977 -214 -20 846 127 -213 -586 -267 -866 194 270 -845 666 -897 -918 -18 1094 -74 -332 -881 230 540 246 15 -571 80 494 -363 -813 -132 96 -356 104 -1188 274 -228 -945 953 24 504 761 -574 1216 -1252 4 -276 -948 -166 -706 452 -1236 -493 -365 -208 -859 -218 -1184 -358 432 -700 384 411 450 -735 80 -268 1419 -537 607 -153 -136]
[-110 1480 328 266 -318 -643 -73 -799 753 -441 86 -285 -929 151 -960 -122 521 -958 -504 492 -148 84 -738 -1145 -727 -517 -838 -913 -209 102 211 -687 -634 21 1093 -346 209 352 -141 105 -499 -3 -545 -542 53 -683 -478 409 278 178 502 499 -176 -1258 -274 707 -5 375 753 676 994 -1248 717 206 -682 -389 -688 265 1085 597 500 -1058 -13 -304 207 1324 -1006 1099 -65 1336 -806 -222 262 625 284 518 -954 91 -388 115 -693 367 -277 121 -662 -365 576 -171 -481 -139 -1418 -436 200 -743 -283 -294 -148 -356 -397 -83 139 168 -725 -74 -128 -1273 391 -820 -602 820 -678]
[540 -484 -699 -307 748 -78 102 687 -186 843 34 -87 69 378 -565 -596 469 917 -191 -460 -483 929 -396 1410 555 -534 -180 267 -367 -856 -35 1062 -540 -872 -160 -1252 -72 89 97 -53 1205 401 -20 774 -558 -893 -1 700 227 190 -583 -574 -38 -472 -409 1315 1498 818 1304 549 1265 119 117 624 587 -7 -1848 -1045 -76 -2090 701 256 -220 -371 207 910 84 0 137 -771 -91 167 111 -494 176 -96 -14 191 736 1390 1242 -23 -1028 431 -100 244 1122 332 459 428 661 -49 341 -1662 518 -389 1117 -513 157 125 272 103 -225 247 -107 -439 1048 -948 416 -118 -962]
[-325 211 -317 351 -1083 -94 865 -793 -158 559 -489 -502 -719 787 -1053 313 -521 -252 567 726 -552 -686 385 -378 -630 598 201 475 126 -250 -750 -362 13 967 -14 233 850 -1364 887 263 -1317 -710 43 -51 -891 217 136 -660 1526 175 325 -440 1337 792 690 -670 275 -865 -378 298 156 -204 -404 -357 797 -571 149 326 51 442 -909 -290 -844 -502 1130 -352 -185 603 382 647 -740 260 -29 -1132 648 566 443 887 -43 -542 -657 473 185 157 -874 621 -151 385 -384 -1105 308 122 -574 -270 -657 11 314 803 -81 -1002 -483 114 -231 123 -346 -348 -491 428 962 124 804]
[904 -355 675 -497 -738 367 801 540 -1 362 -1 -873 793 245 570 182 -221 -230 1615 -81 909 2 882 1054 380 -454 -108 -338 -10 -674 -622 636 831 -359 -296 18 -1498 760 277 -153 -527 -1093 275 55 501 366 -368 -580 511 672 -130 781 1123 -339 489 -347 499 1235 441 -825 138 -296 -120 674 -31 -29 737 -129 -684 1270 97 1137 -56 527 214 845 -637 1200 -692 -575 -374 -328 -884 -127 23 -438 1046 -1483 -1009 -55 75 -107 580 515 670 -56 -579 -280 -123 -262 -458 -979 714 286 -364 780 1440 117 1009 194 -1461 -875 -190 208 390 749 -1519 427 -1273 -5 -329]
[239 -258 10 -67 -892 198 241 -235 -4 -313 126 46 -94 -1025 405 -806 -897 523 -51 -30 1288 -1369 743 1017 -1037 1995 -1033 -450 -386 -598 -72 -561 324 114 368 -39 -189 103 -411 -1088 -239 134 622 -410 778 -642 322 -956 -369 317 -222 983 -498 28 25 -559 -383 -158 216 -1677 -341 -142 819 -75 -468 287 655 -503 -533 858 -1144 106 54 -594 262 -77 -572 98 400 -289 228 578 -247 309 554 59 -249 -544 102 -833 143 -151 386 -696 624 -457 309 -319 -541 531 617 87 -149 786 -395 357 -117 487 -248 420 118 491 150 -291 -312 447 -433 -970 917 458 207]
[-285 208 861 -299 559 814 -353 -49 801 -647 -687 -898 -205 -160 545 532 -1670 -403 -398 -341 380 738 1106 103 -195 -584 -468 706 759 744 -849 -607 -93 45 -537 925 -423 1411 -161 1164 -383 102 445 -582 618 -50 -9 577 10 357 711 -728 628 -634 -672 -349 93 145 -263 -843 -544 830 -1021 -174 528 -216 756 -5 449 584 918 -392 546 607 -880 13 371 -230 67 24 764 -70 293 -967 -435 -405 -612 -619 502 -42 -511 -402 143 -65 154 -167 -785 -255 -161 -199 -748 870 470 796 -205 -2 -171 261 -1669 -1009 521 -434 492 -661 848 143 -617 417 -299 271 177]
[522 -64 260 483 840 -335 -122 -113 969 -933 -32 -54 168 278 -478 -811 -445 -23 -709 413 -266 -15 -1168 -901 -297 -1158 -79 -521 -777 304 333 -540 301 182 1038 -22 263 702 1410 -187 817 30 576 -333 461 271 329 1642 -1081 -1400 4 -633 -734 -973 1246 885 1612 40 637 -29 1385 279 394 -815 -422 1421 286 517 -928 -314 1016 255 -786 467 -466 347 571 -824 -91 1086 214 -509 -309 -304 -27 1201 -1143 755 -390 -448 -159 -254 469 551 -200 -772 -691 -292 176 1167 220 -1138 16 132 -23 687 715 -433 967 -194 -371 -1317 365 -787 -349 798 864 -96 274 -203 -470]
[-44 200 405 214 779 815 561 519 647 915 -1591 207 -655 -210 587 -387 278 191 -114 -832 -41 17 -397 425 -441 225 -100 -202 -308 470 -443 -654 206 -974 78 -357 -113 70 -414 -588 162 557 -674 -80 743 1737 129 207 221 -566 -359 -64 -116 -75 126 877 1074 -48 200 -233 -324 397 568 -703 -904 -751 1211 -1864 -710 -110 459 -151 31 697 -333 6 631 -700 -731 215 227 323 99 -177 -169 -158 -359 -626 -55 -4 1071 -1058 -643 701 -155 -200 139 -212 1243 573 79 796 290 437 -208 -723 -471 -713 -70 -543 -373 160 514 -1363 828 -114 -307 -443 536 122 -229]
[942 -1944 -1034 90 -1 223 400 -33 -566 1153 1005 761 11 -482 877 -582 541 442 381 -677 638 916 1490 35 315 1050 -520 903 116 -37 -121 -253 715 618 -301 131 285 -821 -166 -160 850 286 -670 5 -623 651 1237 -1069 -686 -323 -823 -946 -384 61 -515 616 49 720 195 550 -493 134 -1145 -645 437 315 -1331 -514 -227 -557 -300 -666 690 -114 808 -942 -34 -435 -156 207 122 -142 -33 141 -82 -434 164 837 -1390 -727 964 -394 -912 756 1007 532 512 61 154 -15 186 1161 633 -1064 313 563 282 -503 -36 1033 219 259 513 742 -512 -51 -388 571 613 -401 -268]
[-207 -229 187 310 170 280 -598 764 -345 -1012 244 -997 275 -733 707 874 174 336 626 -707 264 -267 -746 96 -771 29 207 634 -64 856 228 -578 -49 -467 -776 1439 -41 632 328 551 837 61 28 578 59 -55 517 474 -1569 -590 -99 -813 -354 -667 -362 5 -1397 -899 -606 244 -678 1300 -389 -251 -299 1042 1219 218 -1117 -1339 1068 -257 -576 424 -872 -138 317 -1563 544 -122 1399 -600 -520 -269 -694 1101 -886 -1050 -233 -187 808 -442 -328 685 660 120 -545 -759 574 -193 781 72 -521 1605 340 -12 -185 718 -131 -1023 23 549 -1093 -419 458 817 291 -258 -22 -798 -326]
[-312 241 321 806 -141 -1062 601 -217 1200 57 270 -866 284 523 -665 -501 -1386 1033 -465 -68 969 -1454 -247 -591 -206 -454 -1086 1028 -358 -227 -146 -789 111 -60 283 606 -241 -1451 688 203 406 -502 752 -24 1352 1200 345 617 -39 -1025 159 -1135 -321 -249 -256 193 -1020 323 317 731 677 -54 -827 -1007 -260 1158 693 746 -589 -672 51 -75 -760 -14 582 -554 204 -918 747 536 165 -259 -235 -908 695 -271 -961 710 634 200 381 -218 -150 -9 -99 -674 257 -175 -690 1604 -93 -677 8 266 -459 -363 384 207 -1088 140 -534 361 549 -433 12 16 61 501 968 90 -148]
[-46 680 784 207 136 33 -256 -624 920 -459 282 944 -136 -112 1124 207 -854 -264 -867 509 -1224 219 -1046 -1758 8 345 443 220 -26 1100 578 -796 33 -350 671 1319 15 836 574 -314 -66 256 88 -1150 1159 1021 -59 624 -370 -846 320 -437 -563 -732 1320 -453 -239 -75 -117 129 -1097 257 1274 -384 -304 250 978 -641 466 361 675 421 924 609 -557 -984 234 -1441 703 1066 1169 -1148 186 -59 -284 753 -1054 662 -7 -399 -230 -92 505 288 12 -560 -207 -35 18 1610 -305 -637 -515 1114 -446 -173 -1356 -28 5 -16 715 -880 227 -769 -194 546 501 46 -585 97 567]
[-499 394 106 184 931 -180 -148 231 772 -338 -1401 -597 -1667 -272 -132 -219 -999 493 -1325 650 1123 -528 254 -143 -637 1599 158 359 260 -838 189 -486 -970 -140 -41 -656 871 -598 831 1286 -656 -394 463 63 221 -649 -433 1048 526 69 735 -833 546 306 123 -497 1599 -620 -431 -105 172 626 -1286 -1221 520 -710 -622 454 753 576 -728 -1566 -898 208 -532 -436 1136 -522 133 470 -211 525 -718 -878 507 719 393 1551 281 -490 -324 186 -67 -199 -949 -820 571 891 -1169 -52 296 -520 -645 -745 -13 -398 -622 707 -1001 -72 -1144 -588 28 -43 -129 -457 314 -162 689 1050 -118]
[-317 713 161 -247 163 -436 897 -134 167 76 -513 -186 -389 459 -1219 191 42 110 339 -252 -400 1110 -1264 -904 -177 642 -948 140 -402 -558 234 1196 -317 -728 64 -572 -828 301 -343 -472 293 783 -2090 732 -623 1045 581 826 -595 -1336 71 -18 597 -87 3 890 71 -846 226 997 570 -833 11 266 -232 335 -948 65 -76 -84 1712 -1182 -1232 -668 -283 -1173 -1038 92 875 566 -82 184 791 -1682 -658 197 -848 40 78 244 1717 -761 -154 494 1134 517 312 -998 1026 431 -554 431 134 278 -853 528 -641 136 -833 749 -287 465 -312 -236 -415 -779 663 248 46 -1068 -881]
[1024 485 1240 -810 1095 -612 1323 957 -939 -351 188 -211 -677 634 654 904 -421 354 466 500 1002 -268 -5 68 -563 826 465 141 67 142 -1162 -1462 433 -461 -491 89 196 -408 -324 -210 -192 -369 337 -288 588 840 862 -712 -478 -764 -526 -145 -179 -845 964 0 1051 -99 1023 681 -519 -398 1048 564 99 -524 1051 -382 1168 -1423 -676 1363 176 848 -78 -648 30 488 329 -201 432 -182 1420 -308 -204 -357 378 -507 -30 -462 937 -586 984 -736 727 233 1250 341 1685 612 -1462 -532 801 409 -421 177 312 -778 1088 -139 -149 -228 -36 -638 -86 833 -731 -70 -330 -788 -469]
[143 277 -582 671 -283 954 -675 307 -149 55 199 1898 -396 -362 1264 56 646 64 -34 327 -1140 134 -544 500 84 1603 683 -526 -444 -251 630 1089 97 -285 574 -1128 879 786 -930 -69 456 -187 -802 -118 -347 252 -296 510 -706 570 319 694 -468 -25 -244 -232 746 632 439 -644 239 466 -537 -335 -691 -1056 -732 -865 796 1030 -303 225 131 -86 -223 339 -492 155 480 742 383 72 -1 649 91 -357 -202 926 -957 34 -921 -702 137 -390 573 340 618 635 527 -220 -371 708 -715 -509 29 244 -1315 -611 -418 887 106 -311 -371 613 -349 -809 139 623 -1181 -6 -291]
[577 -412 753 -549 -495 -548 764 856 -234 373 153 716 799 -179 905 1026 1080 -332 991 -297 710 -368 470 646 -480 1389 -383 104 -640 -609 -116 460 227 -721 572 -13 -645 -942 709 63 832 327 20 968 808 627 -231 -491 370 925 -98 924 1303 830 744 618 339 -129 -380 458 -1338 -308 911 552 -884 -598 -21 -7 513 1382 -1136 -641 244 223 -462 -89 -1104 499 -669 -1096 630 125 -181 917 395 577 1513 -718 -288 -26 416 -258 233 158 -524 190 195 -182 703 130 95 108 11 781 -200 -139 352 308 162 -61 -659 168 117 1248 -53 -335 -752 -189 146 217 245]
[-296 524 700 548 -575 246 686 -180 -823 -418 -261 -510 -848 -465 -25 1426 -1370 -849 -95 -275 536 -372 -387 243 -622 4 -8 -187 -913 -1256 -1328 -488 8 223 -426 1531 -76 -334 -186 669 479 -1335 -797 319 -61 670 874 -376 -117 563 -173 414 -249 -1166 -159 -194 -112 -357 -790 -674 -649 464 76 426 -410 -324 226 1530 465 410 -210 212 -807 -169 89 -8 -834 361 -72 383 511 615 -557 -1338 -567 640 336 -605 -191 -717 -310 -826 60 -129 396 299 -946 -111 349 -859 0 302 41 548 270 -874 295 688 -45 -709 -599 303 634 -636 182 19 -268 335 -23 -322 276]
[414 -1106 -1523 419 -256 -8 -889 861 -396 1049 -136 93 1268 -335 -504 -1665 -118 348 -42 -892 568 -186 844 164 1029 -1129 -541 -99 917 750 -950 805 626 939 -246 2 -791 53 -107 -783 559 707 -492 647 -57 -1 467 -312 205 783 598 -253 -218 1403 -137 1220 -1250 174 -778 -123 210 -931 -954 132 -43 216 759 -436 -1668 895 -462 381 -90 -369 -727 -157 -232 670 -687 -1621 -84 538 79 -244 596 -319 905 240 546 623 1436 -470 -202 751 -212 1365 -611 -279 25 -472 711 122 -347 -97 991 -529 -63 -215 -189 185 522 266 504 1363 -438 8 -265 762 -53 -771 -363]
[569 85 340 -242 440 208 -946 -470 -591 -52 695 -43 190 87 903 633 839 -499 -783 265 -207 -583 -773 284 838 -216 -21 -1077 -535 -600 -1129 -639 -267 -732 207 991 -620 -57 -688 -1036 -145 -211 -524 -802 368 -283 741 -1803 -324 318 -465 381 -290 400 936 -206 79 -19 1582 -1245 205 -541 1366 1841 -1015 815 -559 361 242 -1398 318 588 140 154 415 875 557 -75 -209 134 -124 -342 -514 631 -958 286 -193 -660 -362 -828 -503 488 855 599 574 821 182 413 236 -431 -275 -893 -429 -375 -9 -58 -450 -491 1903 209 -184 -129 193 -836 -724 120 -280 -131 -1639 -74 588]
[-28 324 515 -775 -828 -112 75 -398 -383 -521 -173 704 338 56 -51 213 -762 -508 -1324 765 -501 571 860 -491 -708 598 395 -279 696 -250 741 468 -308 -262 809 20 109 536 -254 269 -347 112 947 -840 -24 -581 -238 428 107 -87 435 1025 634 113 1030 -170 120 -830 -194 -595 -903 394 1486 -410 328 -747 1527 139 760 824 -186 -1114 206 83 133 -37 -244 154 177 -396 377 547 -344 -339 125 341 179 -287 708 -482 -749 168 633 -427 -1003 -691 -858 -348 100 374 345 112 -548 182 -309 -74 93 362 -74 -202 -185 -711 -819 520 -954 -324 595 -809 887 592 296]
[196 1593 -856 609 -925 -609 -64 -604 24 -357 199 -303 -957 536 1161 1450 -1543 -566 -221 14 -163 16 50 -97 54 -472 305 509 909 510 -11 -369 -524 529 -79 417 -299 808 -1148 -643 -255 -671 -734 -592 -620 891 185 427 96 -880 831 351 -914 -723 489 -784 -671 251 -563 1302 -591 -253 1356 616 970 -270 332 -216 761 -1038 840 -60 371 -184 1142 326 530 219 603 901 -79 -496 1041 354 529 -710 -889 -228 -738 -521 -265 177 1021 -852 -45 -321 -708 -180 -120 -240 -2416 -24 -688 -1174 -489 -266 -1167 -136 555 -750 756 -78 -404 -563 -523 -659 439 -175 336 220 158]
[-191 305 -355 977 -643 554 -140 196 1398 819 555 65 166 771 -860 -1204 -48 -229 -701 -760 -232 -1047 507 697 172 419 -824 -519 -1208 -691 -138 649 257 813 386 -1455 74 -636 1009 -777 73 1360 586 47 160 -180 -268 -184 170 639 -330 132 769 1406 -90 523 1533 -440 1052 -767 755 -26 -683 -21 -945 -358 -331 -1215 -802 689 -419 -311 -217 395 1067 353 -436 -49 339 -759 -1254 749 -194 -1198 935 -701 -435 417 -100 362 494 946 241 82 -763 43 -476 -139 -601 1132 591 -74 775 -813 -900 -551 -14 -915 -33 -609 -484 605 501 -59 -391 -255 224 -805 -52 -148 -351]
[-102 283 176 89 -65 237 13 695 -291 -435 -420 -498 293 189 400 433 -429 984 57 506 644 13 696 861 -37 -23 454 -171 -211 -865 -49 -657 -1079 -649 -261 -231 76 -1558 435 -551 -344 -475 449 779 180 -39 -558 -310 708 846 -48 29 -204 136 -551 214 121 835 -548 -775 -325 700 -804 -959 898 -1204 236 -540 48 -375 -347 1133 34 426 -4 37 634 -134 -249 -950 18 380 -139 54 -256 -509 365 -328 1424 218 -1632 -120 231 -1579 609 -1354 1109 192 -465 -248 975 720 -274 -658 -106 -421 -561 143 -987 940 -912 -100 412 -368 687 -315 -563 -598 272 1151 802]
[1166 159 -335 -557 -662 127 -717 -762 12 404 -1055 978 -146 -702 16 270 -819 -120 392 597 166 -94 -280 81 -401 -309 128 -82 -872 -834 43 625 -448 -813 1037 389 -243 -762 1437 -668 444 -102 459 878 346 -18 1469 -45 -643 -95 -274 836 -434 -148 -161 444 68 521 63 -1313 165 563 688 794 535 1665 -701 -1102 -384 481 428 -690 -983 1418 47 794 522 128 815 -34 -122 249 -1263 313 189 859 687 137 -506 -35 -1288 1121 -510 100 345 63 525 1035 -319 552 14 -863 -322 -620 -741 569 -230 35 226 108 -275 298 339 -585 -660 -129 -322 -1319 -114 862 220]
[-96 67 18 692 -173 -1067 -216 719 -443 -105 677 -873 -481 -1259 474 1135 112 551 -356 -931 771 -43 -437 445 853 -302 -265 -357 -81 -195 -943 -432 261 -300 490 951 -1339 -298 927 951 734 -118 356 499 -24 -124 -184 67 -922 1336 -352 985 -443 -1212 -1243 451 -418 365 203 -390 282 59 -779 936 15 52 -1071 -11 514 -426 921 -848 -533 582 854 924 -1080 334 336 -478 701 -557 -317 -523 -1040 283 -205 -659 -274 76 764 541 -828 -278 422 172 -295 -786 611 120 -116 775 426 -339 -811 -1008 438 63 -612 74 -1251 -236 -230 -583 -314 -393 -727 -885 -780 -196 -686]
[-722 -1284 -791 272 -510 262 222 -320 88 56 751 -698 837 -303 539 -544 459 550 336 321 -941 -689 479 173 -549 102 130 -455 -625 -685 303 311 761 114 -290 -71 733 -382 369 170 1077 4 432 1031 -517 73 -444 170 -1155 -158 -964 384 -1056 426 -215 -215 -569 300 102 -545 173 485 -193 -635 -34 779 -103 -780 -1426 152 212 -668 250 -403 1008 -82 -359 -1139 -5 -1294 -213 -408 -1086 -700 197 -353 -540 -279 1223 -241 -611 397 -536 -303 -20 -588 -439 -595 564 40 2378 343 337 549 256 353 139 504 -376 740 -444 644 405 -299 329 578 -295 -880 889 63 267]
[-377 -454 -230 -83 861 651 1275 -7 819 246 580 1029 374 31 500 -1176 300 -69 199 -492 -1615 250 -275 791 -14 766 -366 -557 -1080 -629 583 655 359 569 228 -1047 614 -158 1161 -283 757 1184 -261 557 -613 360 -933 -409 -1034 314 -1008 1218 20 99 -51 874 1877 109 409 203 213 525 785 -259 -1322 -188 -513 -1504 -212 -412 108 942 -218 442 -855 -193 -1021 -742 400 -1219 -82 -520 26 37 373 501 61 514 690 -278 83 380 -200 -593 230 -230 -5 178 1060 1860 1161 -1418 507 280 -643 -148 702 -1368 1014 -28 -276 930 1175 -322 -362 1026 250 -587 -289 -959 -367]
[259 687 30 -291 -856 158 -710 337 -70 629 399 -314 351 1042 -604 -880 16 -584 -376 710 -320 1316 -988 -439 -274 -1467 1073 522 -556 142 818 792 165 601 995 -267 -52 921 -458 -525 -217 -631 -113 556 -235 -103 401 161 95 -967 585 -436 -203 -70 -105 -37 476 256 252 113 924 -324 -14 -540 326 585 -1173 436 223 -958 443 876 -524 610 712 140 753 174 22 686 -702 443 272 -1310 407 -229 -149 202 -283 -688 -165 -282 49 433 -956 656 957 -130 163 -403 -553 -149 367 -979 121 842 889 -463 638 271 -246 -855 -567 314 -355 -727 1247 255 209 844 -623]
[298 769 341 -104 -523 -502 -831 -1007 -612 -1412 -118 83 404 -18 -591 -87 -1626 -82 -158 1497 187 -105 -705 -970 -279 -870 337 -152 261 735 996 -1450 312 244 1367 -535 807 302 697 -226 -559 -386 636 -1228 220 -1082 -1249 605 -575 -1093 256 -783 -119 -759 -344 -9 -541 240 1050 164 226 167 53 33 64 294 695 -1108 -238 392 -277 348 -388 1250 -178 139 589 -358 489 759 -375 63 -228 734 413 33 -516 -109 1322 241 -942 996 -584 -395 -557 -850 828 -153 -75 585 14 -129 730 439 31 -84 352 -735 -281 -894 870 -466 239 -676 -380 104 -1053 -773 -58 960 -451]
[979 -709 548 -394 416 -632 851 298 -25 383 207 1084 1004 -246 777 669 386 -247 784 -681 -646 458 155 576 -314 119 74 -18 -1185 -755 -673 708 91 946 361 -345 -2016 150 910 -691 1239 1279 63 -165 375 963 614 -139 -937 -215 -387 548 332 -753 206 -64 13 829 799 -90 -890 -278 499 1002 457 708 382 -1409 -669 -364 357 1208 810 547 -285 -704 -987 -437 732 -1189 397 -443 -313 124 -944 -599 -549 -222 91 -20 1055 -24 402 -419 1205 -118 -196 144 647 1882 677 -65 343 775 384 432 32 73 -203 32 410 -264 -405 221 -155 48 256 217 -477 -233 -396]
[201 470 917 633 -727 354 -175 -341 122 766 -739 442 -48 779 -1235 -280 299 417 160 -373 327 -12 -723 -679 -802 -874 -264 493 -493 -312 -891 552 -467 173 -62 1258 485 726 -719 -716 31 -439 -2186 512 132 1373 1209 -279 -118 -1002 85 94 -216 16 345 451 -1177 -397 -1720 -188 459 -537 -289 -196 -1190 -633 -384 1713 163 -183 -26 596 -588 -412 -791 -962 -569 427 -115 792 -201 601 685 -1257 -527 1409 281 -7 654 -85 -245 -680 1013 596 322 1020 11 -327 520 -486 -729 104 548 59 492 699 -450 643 479 262 -107 212 531 -169 825 -631 381 456 392 -1120 1033]
[218 211 255 428 488 1517 -110 170 -296 -631 -831 163 -1568 -763 719 -359 -801 -338 509 -20 -384 3 -322 -222 -100 -334 -78 -201 47 373 -1132 -533 -73 134 -390 386 -115 1583 259 252 76 24 -1717 -1025 -426 1555 487 197 181 -281 233 -161 -584 -1805 141 -421 -172 872 408 -459 422 349 -752 911 -374 361 1232 -340 -179 1221 11 949 -1119 -360 -717 1020 -132 -54 -894 1076 -103 -1104 64 -737 -215 -239 -49 629 -1029 -596 -969 -39 -310 7 625 348 -845 -262 659 -825 -781 -483 640 1037 -673 16 -787 45 -174 -406 -238 -517 1268 -653 1072 -44 -1073 -712 -1095 -898 456]
[-69 -535 445 161 97 380 461 362 -69 52 59 195 451 -402 152 -298 -685 93 88 -1014 410 651 367 503 115 -414 -720 3 489 372 -327 -29 -46 -68 780 118 -318 -145 393 506 -110 174 455 -153 432 -97 -847 4 -449 238 -250 -207 607 -622 -1059 536 639 169 406 31 -156 652 -1471 -485 693 -184 219 -540 240 196 874 -333 12 -179 -731 -399 -644 -302 574 -328 474 -133 -671 -517 -46 -648 -153 106 -175 -151 1014 -27 -839 1051 -291 249 -72 -506 471 21 -283 1005 276 584 -461 -235 830 -462 -1975 77 389 -1054 38 126 398 1471 -882 1367 -512 -257 -605]
[-153 307 417 -256 1210 300 261 281 -79 526 39 -554 -67 -418 -1225 -461 491 70 531 -476 545 427 5 -208 -90 481 -1188 267 -745 426 -293 -8 -1156 -581 -653 -185 158 -284 -238 345 369 31 -1403 -674 425 592 -483 6 833 1321 742 -206 -729 -236 4 507 -143 80 -1127 325 -15 -945 910 107 -606 -322 -432 1198 -191 284 -466 353 -342 -837 -1352 -753 -1114 315 -1188 -446 -710 328 1325 41 21 459 -424 -33 383 809 545 -1149 -738 -23 657 -75 250 -1092 626 -1007 -360 366 635 676 584 -965 -139 712 -1288 144 753 424 59 -556 1590 -84 36 383 76 -868 495]
[-7 -485 -628 113 157 -1601 572 -864 -47 944 463 67 374 -496 1010 -1196 1199 596 -554 60 436 -712 1559 201 -360 -68 -159 -128 993 118 -153 -792 -221 621 -149 14 -116 -91 184 -126 -332 -299 382 647 751 -686 -390 -435 571 135 -275 778 1539 955 -518 -923 -387 -849 969 144 95 -1329 185 -597 -190 174 37 -611 -48 -894 205 -695 -141 -591 286 -504 570 -1083 -144 -985 -171 26 -1221 -562 -42 -282 314 550 235 2 667 1215 719 -600 -937 -53 -34 21 -803 1161 500 -1248 -793 -450 -394 -126 48 211 703 739 224 -227 -150 921 215 141 1335 -20 533 639 105]
[812 -207 524 -102 787 -418 -220 -803 1205 160 -113 166 -170 234 -868 240 948 30 -674 1162 -777 -931 -207 173 -1799 -70 9 -478 -27 -43 -383 -899 515 -233 399 -403 837 1119 -74 -479 -490 482 60 -1181 793 -439 -818 484 308 -604 -258 568 541 156 1734 196 194 -88 633 -499 339 -267 1264 494 -1084 7 1239 -1374 -493 -526 7 313 325 84 57 89 612 -65 91 -389 -735 521 -428 339 593 1041 -1260 -868 1150 416 -209 530 931 146 -513 -360 66 -23 -458 556 606 -430 -28 250 172 93 -329 327 704 -784 654 97 -318 -957 -67 194 1012 -244 177 146 -145]
[-859 -443 -288 -5 266 123 -792 309 -451 -492 122 421 686 -368 -17 816 501 523 5 -75 392 35 -82 1121 304 -108 -1337 415 -743 684 -1 -691 -807 59 -522 766 442 -1522 488 -137 1534 212 530 -585 325 955 111 -359 -734 918 -51 439 -941 -326 -1087 123 -828 88 388 -57 -44 615 -667 2 -303 632 168 539 -648 -684 -478 204 10 -48 -185 -76 -943 -824 -53 -744 1078 -753 509 680 -509 8 -195 -702 279 -29 88 -564 -1605 71 197 -182 673 -361 1225 -337 521 1263 891 685 298 -442 -219 -528 -1103 212 393 997 850 263 60 1005 -399 -262 -555 -807 337]
[-406 -540 -34 995 100 -1164 -1610 704 886 -3 -516 -1049 -163 405 -571 -784 1044 131 169 -507 250 -557 -917 -626 -196 -716 28 222 1018 591 -388 -300 597 -1385 211 1386 -671 486 1336 155 118 521 -57 145 843 198 -139 689 540 1020 355 -723 545 354 246 1026 -1780 -63 -1716 -310 232 -249 -1063 -307 -705 -75 694 568 -1524 723 79 -414 -394 -334 -911 -346 301 -437 -289 -291 748 496 -551 -79 -187 1178 265 -365 905 1311 1313 -827 -437 684 -674 284 -1116 -806 -672 30 472 -426 -729 949 92 -513 -1124 189 -410 -133 -429 -1013 -396 423 -258 599 507 -297 27 -357 -159]
[-378 -503 -844 -805 648 980 -253 982 -1289 91 733 340 179 129 231 -140 14 876 -358 459 1365 -102 555 459 -138 461 764 -544 -163 -420 -44 441 216 254 70 229 -224 -248 -492 -475 168 846 -142 -742 184 741 -9 -687 -1138 -271 256 268 -734 207 38 -180 -103 120 -639 685 -445 -288 -767 42 59 27 1453 -1127 -187 -137 -1590 2143 504 -658 -560 -31 70 -458 -201 -639 1503 1252 838 26 93 -1124 -536 -133 388 9 928 -647 545 102 365 552 292 -98 -342 339 386 -148 -115 598 960 -319 204 -776 169 -183 -83 1515 566 285 10 730 132 1283 -280 -790 -305]
[228 261 313 -582 -30 -422 1304 -337 -370 1003 -674 532 -145 -426 -10 41 -257 -101 -893 56 -13 533 606 859 -679 -76 -277 285 -510 -48 -438 260 -666 -287 -613 -236 -495 414 -1205 239 358 -631 -497 -531 710 1092 880 -38 341 433 692 933 -520 -380 -757 -461 316 -744 96 -104 -432 -849 129 1005 302 294 325 -783 640 -622 -740 -490 182 -53 511 -300 -552 693 -142 -429 629 280 174 -520 -1245 -773 -94 -335 -23 -54 430 -615 -257 -244 -928 576 629 -146 -3 318 404 -279 942 -724 936 -676 57 756 -360 1231 -390 -186 53 496 459 -543 59 188 -342 191 -438]
[680 -760 446 -361 396 1022 544 433 -383 -125 -208 192 -197 -420 536 -200 -301 -12 -83 987 74 -28 -736 -903 -910 934 48 -1017 -873 -719 -266 839 679 -85 531 320 17 438 46 253 817 631 -509 263 379 313 202 -42 -227 -420 -108 553 -732 -216 1327 431 677 25 -210 -1116 281 -296 722 -170 245 191 -327 -437 94 1246 -627 -61 85 -446 42 93 64 196 -336 -201 173 141 -609 -260 -536 301 -57 579 -363 -578 -887 -673 883 188 224 622 -152 -495 -325 -164 725 -119 -548 -20 207 128 401 980 233 745 -105 -368 572 -47 -10 -734 -484 -279 533 354 74]
[-206 455 701 -210 419 991 -365 -1183 532 167 -303 -119 384 -222 705 -496 288 -748 1352 -1201 -433 342 470 119 -40 -15 -288 -245 -153 -350 808 387 209 -176 346 -765 -367 446 1238 -494 -1117 -24 -6 -228 -588 -604 -1209 -497 391 122 -194 -580 1178 -735 -429 -924 522 1237 310 125 -32 382 443 702 -575 453 417 40 -1624 1066 873 802 -130 705 -1132 -992 195 -1222 403 246 -1278 -403 -85 658 399 -273 261 -103 -291 568 126 565 -591 -152 1075 -1349 -852 -28 -18 26 36 -1231 78 1880 29 1069 -135 17 -31 -1524 867 -52 700 -353 644 1435 10 620 -276 170 776]
[-28 -160 15 -942 695 648 183 -50 -1059 451 -1227 -26 -1458 -163 -829 222 851 -252 -391 627 -556 6 -686 -157 -264 -396 725 -644 329 -213 -768 1469 -39 -1100 324 21 384 653 -753 738 -342 652 -509 637 -666 649 413 237 846 84 -1073 -73 596 613 220 -425 686 -793 -420 -756 -153 -1064 -37 279 928 -374 -45 -332 -156 -142 -795 -699 17 -784 -393 281 878 123 -1016 -33 -35 1147 -679 -570 -819 -369 182 228 151 459 52 24 -572 436 -745 1443 -447 280 668 -903 1240 -104 -703 39 979 164 120 318 997 -457 281 71 -243 -437 46 190 1149 349 943 -23 516]
[-718 155 -684 -345 -466 -873 121 -29 -314 545 679 -653 -42 -556 1181 -57 64 10 274 28 163 -469 491 -585 86 147 -75 -67 217 899 51 -1108 -94 231 815 -527 -932 -1623 592 -394 -569 517 424 -118 115 512 -1009 -660 -13 314 314 -250 874 165 -262 -472 553 -589 846 662 -137 -757 -488 -565 341 994 464 -1242 -702 53 -491 -219 367 -188 690 164 270 -1177 -74 -138 -285 -706 98 42 182 -1360 -878 15 -636 127 373 1134 -998 204 -1000 111 295 42 214 500 -463 291 -270 42 -244 -361 -41 -482 -921 -137 609 -557 38 673 614 498 -628 741 -58 713 -787]
[842 -1374 -760 -637 176 558 -483 156 -698 845 -307 38 100 -811 912 -451 1050 286 811 65 873 107 918 496 -158 559 -201 -862 -304 4 -897 194 333 -172 -303 -105 418 520 -430 -595 931 551 -1165 -878 -337 -25 670 -359 -587 74 -463 -253 -794 -44 270 -132 1295 1262 1356 -1100 729 -153 111 39 -294 703 -742 -467 -472 -627 -1154 176 1603 133 371 1074 -289 1025 -384 -131 -1020 362 -457 510 -161 -645 -598 -337 -1454 -231 214 -209 -877 665 576 341 129 351 -797 -365 302 618 399 -955 453 -91 1160 105 1191 494 -175 12 -342 -24 223 823 166 33 -532 -68 -418]
[-212 501 -74 208 1221 -678 -921 650 541 -90 -740 -1580 -535 87 -157 492 331 -1106 99 -311 72 -208 -296 -53 -433 -1184 866 -592 -696 -405 -136 -110 -139 -203 103 622 -1329 590 1005 -232 1142 1080 -328 637 397 -471 -384 1225 454 503 283 224 282 -354 -330 827 585 -69 -433 -149 913 -394 -343 639 -240 982 -552 357 -889 -34 929 -801 442 -955 267 473 39 -421 -279 -1181 219 -254 -445 -861 265 99 -958 -313 4 995 632 468 -193 230 -804 793 -692 -589 -405 -162 -511 -382 383 541 818 -162 -456 555 -427 -956 193 878 255 93 147 232 1234 -552 -270 -871 -847]
[-1125 441 1057 -961 -115 -140 1901 48 487 -328 246 540 1319 254 422 993 -1146 897 876 -725 659 1263 -359 -258 16 509 -1119 278 -532 -512 -23 -160 -834 -239 -376 762 -61 -276 -807 -172 87 -1505 -180 1037 -799 -424 223 -631 -615 -202 147 481 186 -523 -529 -162 -88 -408 69 781 -528 -656 1068 -245 -262 413 -244 1245 518 -551 255 396 590 124 860 -930 -611 38 523 552 733 -237 1167 -961 -435 100 859 -933 664 -1043 1324 -924 -144 195 474 -1394 388 -778 1202 2 215 638 1118 -180 419 164 587 382 607 1272 -540 624 163 90 -25 74 -293 343 -36 379 -262]
]
