5481.949015 2919.969034 1.02826757 65
[[42 -154 -128 994 -986 -623 -476 604 3 362 1325 -568 852 -220 -235 258 317 153 267 1433 -491 681 72 -24 -283 -131 -180 216 483 237 334 -507 573 -62 682 490 298 -189 295 623 -517 -759 220 -52 172 -544 -576 -415 744 -1000 -343 -233 -220 -172 -112 -131 -146 203 -127 232 -586 750 -928 -579 -73 77 1108 -119 459 607 -98 2 -484 -231 -129 -373 938 1107 508 21 -257 -139 269 328 83 141 -102 -435 918 -228 -544 74 -738 5 767 -784 -878 -276 564 -274 568 -207 312 -368 -460 358 -394 -259 -143 280 104 236 653 796 249 -452 260 682 -244 -305 -283]
[-264 -534 1553 -1018 598 597 1089 -398 -143 -982 -891 594 -456 226 1033 -267 626 775 -531 -918 -26 797 -196 -24 -472 -285 327 691 -1083 -1143 -355 74 274 -87 -197 -206 -448 -700 64 -398 296 376 203 209 472 -527 -163 -1155 -586 -656 342 -9 193 -332 119 176 408 610 -187 100 607 -841 474 377 -236 413 -233 -270 187 106 -320 -302 -242 339 777 -519 895 -681 -51 -657 789 535 175 99 57 -582 -783 98 -304 -298 385 -144 -197 -857 -50 527 752 -489 -537 445 -203 341 658 -402 194 -113 -466 -21 -120 -670 170 373 -514 -77 -646 353 216 871 147 76 -92]
[110 -27 -69 353 35 -109 -514 776 -54 20 23 87 1051 -691 -846 592 -360 84 48 1101 -474 -1028 -19 527 1093 -432 -507 -103 152 174 -647 63 -954 224 -579 100 -143 -193 43 477 737 -523 329 -41 -907 -104 819 513 1414 -285 317 143 200 -65 -424 585 210 183 325 63 312 1114 72 -669 -738 -589 300 -260 -28 661 -54 916 -44 -598 -10 -229 236 1000 244 145 -497 -79 562 -319 1 151 789 -602 -213 84 283 377 748 -6 792 -28 -392 257 835 -151 -594 -89 165 63 -408 45 -893 -2 -465 -726 455 767 -626 -620 257 -733 -1046 134 457 -501 230]
[-177 -144 -796 601 -223 -183 13 886 357 320 -270 -118 -690 -439 423 -178 -449 -744 1015 209 433 551 827 -347 100 856 -758 106 1068 611 1120 -104 446 -860 896 242 -476 -510 175 548 198 206 -585 -541 492 301 -458 -292 113 75 -837 528 298 -586 656 -522 -131 -295 -184 -30 -767 114 -555 698 -24 -873 -224 434 454 674 388 -217 16 -209 -388 377 -428 109 -159 813 -511 409 -611 631 361 -307 -165 871 888 266 395 248 233 324 -532 -530 515 1186 292 -689 426 844 -281 -567 1061 46 354 -727 596 702 37 -598 563 185 480 210 -104 -716 -259 489 18]
[-665 368 -545 1094 223 -680 -739 198 37 529 1582 18 631 -125 -967 542 358 -217 -766 764 -1026 -1106 -399 132 227 -44 -707 -256 447 -12 -625 -306 -922 1171 684 -86 694 483 472 -209 -26 190 160 1188 -751 771 156 744 -237 534 -392 -271 -844 816 272 205 102 -321 -532 -48 18 -162 204 74 323 -586 540 5 -305 -519 549 1079 -98 -41 -48 604 -654 819 -502 929 -294 -557 1319 169 -288 -2 483 -980 -856 740 -466 -7 -73 42 643 81 -1086 -292 566 439 -286 -620 795 345 -193 267 -207 -34 -613 168 -178 578 214 1016 720 -930 -367 -256 278 280 -597]
[-335 119 527 119 894 434 216 637 -535 -439 -836 1344 -870 -302 71 -433 -41 1275 25 207 261 751 373 79 38 116 -1033 765 -339 -1281 -490 259 -206 -465 110 -550 -1517 -1197 -254 626 646 628 357 423 -636 48 483 -773 613 -52 359 -238 -555 -132 308 416 245 -490 -944 315 221 320 306 732 -292 -1052 -441 -656 -150 940 155 499 -345 46 705 -109 734 524 101 1366 -120 388 475 734 -213 -586 -34 -553 -75 452 56 -841 441 -1238 143 537 114 584 -7 135 -607 456 352 -843 707 143 -1036 -520 -615 -645 -199 1316 -456 -612 -225 -819 -239 661 975 714 -495]
[296 -120 176 -637 907 -232 167 -608 404 49 -1397 1189 -492 -50 378 -21 -821 270 476 -109 -383 816 490 117 622 -303 -253 215 -49 -444 -870 243 618 -173 444 -262 -455 154 -1537 393 678 52 493 -677 -151 -635 837 33 186 -908 124 137 397 -305 95 -195 -423 107 291 -13 -15 306 754 -100 -293 -139 194 -471 772 238 -858 444 -469 -730 338 -794 900 181 -439 -210 -598 464 -257 -552 232 319 478 -460 -209 113 550 -592 546 -190 506 216 -1027 -461 280 -691 -415 39 -273 -414 -410 -510 -118 460 595 -468 396 34 -581 -1088 -591 97 -644 456 323 730 -181]
[-335 109 632 -549 -326 164 1285 -1436 -381 -110 -1003 -782 -660 -994 -159 -266 -279 192 480 168 -42 583 83 529 -176 -910 -305 -155 -611 614 -229 320 231 -808 65 -707 265 -372 114 -386 424 -438 667 -680 -163 -980 643 50 201 -1022 213 -502 920 -351 312 903 -384 -90 1446 -643 654 107 661 -934 516 19 94 -131 -137 844 -125 -259 314 176 48 -987 -329 -803 464 -730 116 697 -1014 -124 628 199 294 106 -2 -710 78 -32 8 -80 827 392 439 -603 187 193 -235 706 -382 115 -338 570 12 59 102 212 515 496 -431 123 -339 -262 -515 -555 -28 -256 518]
[677 -709 -585 -287 825 -348 -620 371 219 -798 -774 436 241 650 485 -162 -65 154 685 227 986 640 567 -1786 -303 690 -640 200 452 -293 484 48 487 -663 38 17 -489 -292 -56 225 495 -1485 156 -422 581 -61 -822 251 630 -941 -280 762 926 -243 -648 74 -420 842 124 652 -571 235 -643 381 -1049 437 -795 662 1554 -235 -225 14 -289 -893 -160 318 708 1143 -616 -43 -702 398 436 -378 -215 -417 21 346 783 -82 738 -480 217 772 -54 400 -439 54 -30 -341 968 573 551 -338 153 -180 -245 -88 375 96 -324 -298 68 -827 336 614 -466 288 -3 573 246]
[-687 327 1135 -182 103 -507 732 -1153 437 202 440 -641 -550 35 32 909 -459 -1011 -585 -1043 -603 -444 -541 956 131 -927 276 -229 -357 88 149 300 614 517 309 203 -80 735 599 -92 333 576 29 450 -425 365 990 863 -1082 58 114 -156 -592 170 88 2 -282 -164 936 -1120 961 -614 1640 -731 795 -716 230 -535 100 -682 203 885 -130 237 -781 -56 12 -1021 -311 -136 1377 -234 47 362 -261 151 906 -115 -254 -277 571 273 603 -472 339 -389 436 -791 390 209 -510 606 -99 -181 -79 -716 41 266 224 302 465 -126 -94 494 -489 -316 34 -296 52 -401 -717]
[148 179 -963 145 -1082 -708 -479 537 -504 126 1030 -459 542 -595 -636 -328 -166 385 -192 950 -1272 -609 -570 537 -137 -257 -1143 -142 185 121 -925 -177 -1004 -67 937 435 596 30 -589 -566 -316 -638 -19 379 -123 -470 -388 458 -81 -380 -999 340 748 -553 671 -37 617 50 470 -1089 -569 533 -759 -100 878 -447 245 -182 -207 467 396 -631 126 -149 -99 442 -1032 480 587 -42 -1218 258 318 -303 -231 93 20 -1186 -392 118 -722 970 -98 334 397 -370 -1206 -212 535 323 256 -463 247 -675 304 215 -744 632 -717 507 849 537 440 1038 -101 -570 -686 -605 -954 213 3]
[-90 -71 -108 307 -21 32 487 -176 912 -71 -792 -443 -221 -649 -1214 -597 594 -431 601 298 312 -926 -215 -907 -33 870 10 447 -672 225 214 523 -1674 -676 -567 -597 147 -822 861 97 363 -333 40 -389 198 -651 -44 133 579 665 63 -473 116 498 185 940 375 -289 -38 555 567 122 -784 174 -365 47 -168 1004 963 228 41 294 350 657 61 -262 -818 -62 -512 52 -658 1168 -380 -450 1657 130 -149 920 -553 -319 865 266 -249 519 -48 703 1349 559 943 -25 472 9 574 907 -245 1441 504 -489 -458 32 -707 447 -506 -237 1317 351 -500 -1027 302 106 1015]
[628 128 91 102 210 -1135 -305 -68 1557 225 1113 -116 614 942 -674 599 630 -270 318 -72 -289 -589 -483 -1484 725 519 908 -101 -198 -159 -542 -75 142 182 7 350 -86 -50 271 -36 -333 -1013 238 -324 -231 -357 -257 258 -1370 -203 -429 -143 110 880 -309 745 -213 -116 646 -257 -387 -147 -295 -160 67 22 81 583 930 -600 -476 530 -278 -767 -481 -201 1050 291 -661 -605 -479 539 796 -389 367 -536 -6 -307 252 430 450 576 -449 271 556 -360 -576 -870 264 -3 1320 521 661 378 -21 55 182 -330 -124 1010 -64 -364 718 254 649 109 202 730 687 270 -278]
[147 294 -736 507 77 -47 -757 -204 -400 598 626 -355 268 383 620 -520 -807 -134 -597 -318 478 640 -300 -397 -1488 -399 453 -16 -13 1330 518 554 1674 488 240 -483 289 1123 -214 -451 -636 386 -71 67 -236 124 -380 1364 9 87 -324 45 -976 1035 -793 -1608 -284 832 -535 357 -1 700 -440 -285 819 725 -287 -45 827 -1387 233 -403 -312 -461 -1242 904 -40 1114 597 707 -79 -1173 437 431 -1240 423 454 -131 344 75 -655 -1179 -299 772 200 -456 -513 68 -560 -60 668 -921 -560 -77 -366 -743 224 731 227 613 -352 -49 363 -117 -172 -187 7 -17 -755 -118 -511]
[153 -53 -1058 152 667 -273 -957 -791 1123 -109 -566 321 136 492 -54 -71 -142 -81 389 -10 257 -1018 757 -468 -196 336 722 106 95 838 -75 -60 -834 78 12 -73 249 426 -645 1517 1016 -493 -52 -126 405 -775 -82 32 -452 1176 -225 -271 -84 475 -413 -644 -299 246 -281 938 458 -261 -93 -109 -477 940 556 602 435 -908 246 140 -382 -262 153 782 -1007 341 -1275 57 -541 546 -84 -862 404 391 460 1017 -1034 214 1183 -246 707 1383 -543 54 -717 -201 324 -1155 -268 -1242 573 1409 -946 31 1012 687 876 -699 -381 -447 -415 -178 439 355 290 -591 -556 11 425]
[-101 -217 -326 -532 1008 523 479 447 800 383 -1952 2023 -111 280 701 -174 -764 -327 873 -795 209 -108 294 184 24 -409 1189 728 367 734 -84 493 679 -168 -682 -550 -794 284 -518 930 824 1469 -509 -1011 -95 -310 1260 -1180 -701 405 759 373 -198 68 111 -805 -166 -276 -1287 696 236 426 -174 455 -156 118 -158 -495 -122 321 -857 232 -729 -731 -39 -75 611 -258 -926 -102 -491 -241 347 641 206 126 -445 259 -1263 757 958 -219 972 -752 -1217 -522 823 984 606 -1181 -775 -257 142 784 -252 -260 518 248 1018 -1340 525 -136 -405 -1080 -326 397 313 348 -425 549 -117]
[-71 89 -149 -1046 556 -537 -616 -389 1327 -957 -1094 -235 -142 821 -148 -332 -249 -1385 824 -1332 844 -487 -284 -1295 -244 1205 10 -77 379 -357 1719 -418 751 -239 -1131 545 144 587 984 621 305 -570 -564 -35 742 -374 -440 728 338 700 390 992 237 -605 223 -704 -626 604 3 946 89 -1106 338 371 -742 811 -947 483 1141 -1013 -1453 494 288 161 -399 458 40 -526 -1772 -485 326 9 -604 -206 912 358 -220 560 543 -1184 1114 -190 -367 772 -1541 -55 818 50 -445 -834 198 383 -426 235 333 -65 633 89 552 -258 -801 -1672 5 -1266 561 2020 758 -1495 -553 895 992]
[987 -640 -786 552 160 -183 -232 901 -371 -933 323 71 706 272 428 150 713 -651 -375 -50 213 250 -87 -170 -810 495 -74 129 712 40 510 420 -197 38 71 184 1 849 -247 -211 132 -891 -568 -18 1226 1213 -599 -4 1053 -989 261 751 1081 -541 4 -541 48 825 -433 -140 -1132 -44 -904 234 -834 -119 267 483 1153 -519 105 -666 -304 -281 452 -509 1339 319 454 -1195 -108 -491 251 -590 -600 214 47 -631 -289 418 412 -206 -597 -318 -756 295 -348 -1147 961 779 282 189 379 -411 -704 -537 -237 756 273 -606 -250 -488 80 474 -372 312 -32 942 -665 -253 -669]
[1012 800 778 -1211 -231 864 -82 354 -188 -125 496 -166 199 1330 -300 -490 388 620 -785 -1555 466 -526 -430 -564 -194 1229 517 -523 -832 -1178 -13 188 968 36 -1021 -403 -455 -481 194 -657 -1032 -200 -653 271 179 -22 -537 23 -336 783 48 525 411 754 -34 -968 4 1012 363 271 -251 -852 636 229 124 411 -438 331 -534 -506 -1180 -1034 1275 423 816 312 124 -793 695 -713 176 -61 70 -918 -234 -917 -597 -479 552 220 -337 4 -662 -171 -665 -480 830 -748 -1758 1294 39 563 -926 -264 395 -401 -177 364 -321 -151 -286 -741 -469 -386 -936 795 1017 971 1210 424 615]
[-591 112 -63 -733 -1509 -196 68 -7 -1099 580 312 -1124 -267 516 -58 -124 -26 279 -76 -81 345 -110 -87 663 -880 -1429 -315 -15 196 372 377 -210 -84 -448 904 523 -86 -180 332 -152 377 16 -540 -278 985 5 -86 -44 -390 633 99 -4 571 -951 -273 -119 72 154 1263 -908 268 999 -64 -1568 821 547 -265 130 -1160 317 179 -548 301 585 22 937 -1978 -977 28 -471 713 200 -282 293 -1205 232 -348 645 -436 -396 -106 513 1344 319 -963 -947 1348 507 415 189 -1100 110 392 355 -12 -29 549 551 683 -268 917 -347 -152 581 -413 20 367 -1305 -850 -691 827]
[-692 20 481 -178 710 -427 119 -241 433 578 25 376 864 766 478 778 736 -66 1205 -462 449 -587 140 -766 -80 -229 -24 -693 518 881 597 205 1664 524 374 -483 -102 161 1024 584 970 -897 162 2 192 -127 -25 -163 -4 -145 -282 229 461 287 -817 31 -881 1264 854 -144 315 891 479 -544 -648 1097 622 563 -366 -751 -399 948 2 -1584 -330 1026 -652 1348 -1188 -717 -131 -608 1627 266 -1070 -503 418 169 -380 588 200 265 490 747 110 -488 -198 -233 -13 7 -205 640 862 938 -220 -431 538 -327 1050 -245 356 -601 -14 525 684 307 -127 228 65 -14 -181]
[-197 156 367 -1064 -139 598 -417 -677 -785 -66 1072 -145 672 101 -561 384 -604 249 -547 982 -75 937 98 269 267 -61 -288 -172 627 -986 -228 -521 326 127 362 -592 350 -86 -179 -574 -851 -740 -75 -70 212 566 -842 26 688 -882 696 330 -87 -341 -376 319 -167 825 -63 1769 -161 -512 365 -576 -623 726 56 -124 -40 333 -1018 -284 26 352 175 -251 614 307 35 -398 19 -529 700 -918 749 98 -378 -235 830 -836 -621 -592 -182 81 -44 -254 -965 -358 -905 -84 64 -912 -201 -182 -843 599 -26 -189 -146 -991 -348 -514 -958 -678 -462 271 -313 1197 248 431 602]
[75 131 198 -305 251 40 1428 -2037 190 78 -831 249 -1005 -259 -950 -112 -552 -1040 45 -505 -149 -101 587 -192 -398 998 613 -203 -40 399 -233 357 -1070 -411 236 -757 183 428 -572 -73 -434 -34 253 -586 -154 149 -270 917 -56 17 -45 -147 701 972 -601 77 -246 -573 1049 908 449 -707 535 -904 -2 633 551 1170 557 -80 183 -2 617 594 560 -348 -554 -1104 64 -421 -336 794 -1443 -1824 1025 572 234 892 111 86 365 -605 728 876 -45 548 54 -546 570 -363 511 -391 -35 808 -1129 627 1724 803 791 -64 -831 -690 -554 -98 -510 1175 -602 -385 550 492 1280]
[78 141 -466 -758 -325 -898 -280 -449 316 -509 -861 -875 -80 653 463 -508 1133 574 600 151 -107 69 -91 -468 169 -1187 -372 -311 -183 470 -657 -345 170 -468 376 389 383 -99 57 559 915 -1166 729 -378 569 -1431 828 134 -500 -885 -110 -676 1576 -287 255 288 -568 974 1019 -1310 -413 405 7 -581 216 51 253 -243 -238 -81 -993 -247 212 -1415 511 -875 -204 -132 -616 -1652 -532 596 -418 -317 -579 376 712 -1036 -637 -254 164 1020 -224 883 269 192 -540 -1548 -260 891 -252 373 865 123 10 92 -308 -24 167 395 600 313 328 -355 -24 -58 -48 -503 -389 -677 185]
[482 -386 706 821 1762 253 300 -702 380 250 -140 692 -231 -450 158 373 339 205 -622 -128 307 -755 -505 99 1011 440 163 -359 -1377 -601 -1009 806 -1041 1321 27 -994 238 820 -1272 -359 295 375 -151 387 360 537 751 252 62 682 471 -329 -864 835 541 1015 483 -1102 -737 -681 18 -636 1090 1025 71 -615 250 -219 477 -782 426 556 -222 925 853 -619 27 -845 -462 2 -100 695 -612 -776 160 -351 818 -32 -1027 273 404 -131 -890 -873 1122 1607 -234 -658 560 977 217 -9 -87 -74 -360 -261 -643 206 -1199 163 -431 452 -480 -96 -198 -638 -42 361 1022 -108 -1286]
[96 315 -498 1269 -822 -301 -295 440 507 -158 -383 -337 295 -587 -183 227 171 -399 1009 567 -232 -160 842 892 241 590 104 -112 400 -159 1455 612 154 -137 468 94 342 115 -282 532 193 548 179 -62 294 -43 236 -790 1366 396 -92 -910 -387 -1183 1286 41 -402 -377 -283 -248 -135 58 -293 -243 -769 -569 897 147 185 397 -72 817 400 811 -186 -811 137 -152 -242 480 194 -31 -611 723 1827 69 678 312 -196 409 435 -285 -695 -409 136 -38 193 -268 974 -348 -1078 765 -768 150 -327 275 85 -214 -157 -85 -17 50 -491 786 1137 95 86 -79 236 236 -974]
[1479 -749 -963 -185 225 233 -677 15 174 1320 -886 -22 199 79 -81 -276 -1561 175 -357 1028 270 196 -510 -981 171 -379 -729 677 -563 380 -1076 526 -835 46 122 -69 251 427 -1438 -508 -299 -649 383 -798 347 -978 1283 932 695 -862 -283 697 -187 647 -779 -775 -41 -102 330 -225 -1 606 -408 804 588 152 -133 -238 1878 -449 205 -315 -151 406 -635 -239 -250 948 52 147 -1273 1045 -485 -590 -93 772 338 605 782 -1120 -257 -441 556 745 1385 699 -408 847 1262 -2 1178 -675 -746 -897 -658 -23 531 1250 -602 788 -42 523 -156 -1188 -114 -162 -834 -133 -15 424 -283]
[533 76 -901 -12 -18 -370 329 42 -126 784 -747 835 -276 375 -174 -791 502 -365 1782 593 485 328 620 -744 379 -221 229 -1171 109 523 -193 726 1012 -198 -194 -1117 406 -78 -498 -691 -992 579 437 -685 132 438 1190 240 444 -223 185 -862 263 643 -163 647 -984 -270 -78 -576 -945 1904 -582 456 108 479 -194 0 -302 632 -1483 15 239 -1333 309 -887 -1068 335 -7 -131 -1113 -499 -615 -106 242 946 87 -542 -429 792 -555 -208 -669 618 629 308 -53 379 -141 522 -171 674 -471 1287 -494 767 -207 -826 -56 313 -151 393 -253 -1063 139 469 -443 -134 641 670 600]
[635 -16 -564 757 -814 -834 -1309 1603 -246 358 1072 -14 878 648 -436 347 704 -202 -664 291 -607 -603 -160 175 5 -265 -434 -422 272 -530 -297 -423 171 850 -327 578 390 396 638 -68 287 -451 -946 955 1018 1084 486 117 -433 436 0 428 -78 282 309 -603 -17 660 -71 -223 -645 501 99 196 -301 -375 -316 -96 252 -127 -597 424 -372 -320 643 289 44 -154 80 587 981 -739 730 45 -748 -50 -312 -1003 -486 1350 259 158 230 -842 105 -974 -606 -454 1063 206 -1361 56 545 407 116 -161 -1518 424 649 -231 391 -151 245 298 -148 -547 490 -34 412 -418 -252]
[532 670 -325 -1295 -322 210 -953 526 494 -276 -146 490 -278 1041 311 24 49 476 -324 -1381 -513 -280 435 59 318 442 123 343 -141 -707 -559 7 17 39 -433 389 -844 -69 -1058 -82 471 71 -225 -350 23 61 132 -770 -40 1181 263 762 -31 -1203 596 -1617 -422 607 489 -802 -124 -115 654 405 -31 222 -4 -534 -805 -253 -250 -282 684 459 725 -208 -280 -711 -145 -752 -115 151 504 412 -1070 104 -488 30 -1126 -228 164 -103 -143 76 -1524 38 66 -260 -330 -302 -1383 356 -1247 -530 439 -1258 648 634 112 -689 449 -721 -978 -480 -558 305 794 -83 -300 756 291]
[-343 467 333 -600 -122 165 -81 -235 -172 -1557 594 -1488 346 153 -421 -8 295 -871 -1003 537 -781 514 191 -202 -137 439 168 -417 -408 114 -449 -238 -1005 295 -714 -195 -413 -533 978 -593 -225 -1352 528 709 -353 -109 -227 -89 313 -1567 270 798 814 -416 -223 254 188 1686 1331 1387 354 -1079 324 -343 -662 31 -401 769 311 531 -303 1 982 -226 565 -866 1720 -70 908 -1156 963 -79 161 -454 395 -270 -159 -604 1265 -892 -323 180 -639 -64 118 950 -827 -1603 -207 225 351 787 192 -761 352 827 -679 -109 -541 -204 -206 192 -633 -426 10 233 -964 1134 785 -329 901]
[653 -705 272 -946 462 68 986 1516 -1334 -1078 -185 1345 1313 734 537 -11 60 313 -212 -385 933 -341 -766 -606 -570 -140 -893 380 -172 -1138 632 129 -492 -684 -844 510 -1045 -334 719 251 158 -434 -50 481 387 337 -187 45 1988 -1192 632 1215 961 -553 -1001 310 266 7 290 -489 -405 629 374 416 -235 205 32 -364 -331 636 330 -254 -64 17 -4 185 79 660 501 -305 -457 502 518 -518 -1474 -246 -375 -417 1623 -675 -188 -157 476 -661 -110 -17 1666 704 50 1242 269 883 754 -326 -55 -582 -720 547 -1128 -1162 -74 -5 165 -439 -1169 715 374 475 303 -22 -30]
[544 1115 -199 -690 88 -303 776 -659 581 154 -804 988 -725 398 113 -817 246 -126 527 -1482 74 172 330 378 607 1148 1761 67 -339 -65 -205 1076 -405 -963 -741 -748 -1285 170 -1602 -132 -516 1073 -128 -1311 -244 283 -151 -1173 -426 1248 913 -862 -144 -153 982 732 162 -805 -559 -35 -861 680 -354 537 296 510 780 0 -485 76 -232 -710 111 530 -21 -977 338 -890 363 -838 -537 244 -209 -358 866 494 -118 -178 -1056 638 238 -387 -1046 -136 -1488 -52 458 -468 -562 -684 47 -83 -1414 873 208 364 487 30 419 -315 -460 -795 -368 -313 -413 994 311 197 377 678 -302]
[-1768 343 524 -428 761 -24 1444 -1245 -282 43 -639 82 -605 465 448 -184 959 -605 -1159 -934 165 615 -422 -986 -1128 -681 -111 457 57 123 444 205 641 23 41 -1351 206 715 1953 -1391 427 822 525 148 -497 790 -154 971 -16 -313 664 282 -111 1300 384 261 -1091 489 313 112 217 -591 732 25 417 680 306 209 625 -1367 610 780 -90 421 -54 -297 -567 -417 -414 -651 1121 -471 961 706 -1205 1138 -465 -763 -411 -107 -244 -1293 -998 100 -253 607 1498 -613 -551 950 160 245 673 1023 -377 551 841 -81 274 538 -676 -77 -119 720 173 -274 167 -1113 -186 341 660]
[-972 -787 -417 -82 -784 -161 -513 406 -754 -1328 811 -872 81 -717 -119 7 851 262 -110 1968 -414 182 -435 -435 96 -1084 -1013 86 -337 -532 -561 -546 -1277 370 872 720 210 -588 225 -941 80 -21 565 696 382 -423 -246 256 -245 -957 -527 427 153 -790 430 857 619 592 434 55 225 -233 -337 -326 97 -52 -963 327 -60 268 -190 -57 -27 415 560 699 -546 573 -224 -518 262 139 589 884 443 323 -588 -497 544 -1201 -903 811 109 -118 117 361 -773 389 352 613 -263 60 1317 -238 388 1015 -461 27 -1636 189 304 1223 -287 679 515 -496 -1087 -437 -921 222 499]
[249 318 -548 -658 -161 44 281 672 -887 -827 797 23 652 -538 -466 -185 -846 -454 -436 216 -479 225 -381 386 -123 -405 1007 132 -463 1609 -478 251 -160 -18 -1519 -276 -95 473 -449 -827 -27 349 22 -860 -635 475 -94 188 275 -838 971 -442 570 -84 -48 990 363 111 742 499 -65 1232 -14 -1248 719 397 -602 279 -1168 605 -609 -1103 -183 -431 -440 -710 1266 -205 1784 -1037 -593 -836 545 -77 410 37 -234 -431 -75 311 -557 -487 429 -545 -49 -203 -14 -516 57 -186 -806 -8 -425 711 135 -172 -653 798 1 -613 452 -264 34 -226 -532 -423 -833 461 -450 -901 298]
[188 69 816 678 124 482 -220 834 117 1225 1307 -221 23 41 419 -29 296 668 -158 -255 702 1022 -633 179 188 552 -15 764 235 175 239 -668 305 291 730 114 71 -156 -705 -331 -105 403 -187 -362 77 865 -1062 -203 442 154 -300 -1118 -1004 516 -550 145 882 -105 -772 251 -670 1159 -1158 743 -103 183 500 118 110 -1191 1155 -1046 -1003 -65 -298 334 246 1005 664 379 129 -412 106 232 -647 -371 -434 1003 343 428 -703 -826 -641 770 112 -52 115 616 -453 67 179 -1176 -104 -439 790 -534 494 -868 471 203 -1130 -742 809 214 1055 -73 -17 138 -274 -981 -843]
[-9 -2 777 155 765 390 1098 -649 -677 -77 -505 -194 622 -176 -264 70 1098 -139 146 -154 221 554 -607 -193 -761 83 439 -637 -678 968 -309 246 811 282 82 -1583 322 -414 1298 -1514 -800 -1048 -200 -533 -193 145 -435 -215 -613 -1394 519 -126 879 1412 -17 438 427 1184 32 1178 78 -264 -334 -1141 74 63 -575 425 106 553 -800 188 619 -250 622 -626 1107 -765 195 -648 -302 -417 445 145 -300 -1504 165 -618 183 280 -496 411 -954 -516 821 312 -2 -1078 303 1030 678 827 969 -34 -300 701 -297 -921 -764 -167 -399 1034 -291 -432 188 106 -988 1318 1173 -172 -320]
[-171 -328 -1108 761 -896 -1089 -749 882 -676 339 10 -311 1151 530 507 317 783 -331 198 930 -417 100 417 117 428 -763 -174 -428 1355 291 130 -1386 -301 514 682 845 1149 273 -33 19 -702 -74 220 -277 333 -176 -705 -66 -115 127 266 709 739 -353 249 -53 -396 182 318 121 -1030 732 -492 -664 -406 1124 873 283 -607 453 -195 758 382 -162 481 -61 -1035 -289 -369 -49 287 -825 -241 -590 -1205 1039 -358 -410 808 132 -889 1270 -265 971 -174 -778 -560 418 -555 -581 208 -895 376 501 -558 -302 270 -211 349 254 195 -507 669 -293 299 40 64 -796 47 -683 703]
[423 -44 1 -66 -1170 523 -379 -161 -431 -34 267 -126 -257 -451 707 639 829 1841 528 1413 426 796 664 -42 802 -337 1206 -840 -1105 1043 -460 -232 471 481 -226 216 110 -547 -360 211 -480 -456 -429 -327 1067 -1210 -423 -1789 255 505 -4 -711 -64 -429 357 732 -499 289 1418 -750 -103 545 234 -609 319 1275 499 -497 -1579 486 620 -828 -67 445 631 -709 -896 -1136 987 -820 806 708 -1210 778 -67 187 -444 1392 889 -214 -1414 72 -689 -84 1008 20 55 -378 -267 -173 -107 495 -793 648 -207 358 367 -239 -655 1122 502 -341 210 778 102 -952 1175 839 328 -1124 -343]
[516 -365 -9 4 -869 -308 115 366 279 -384 -466 -582 606 -184 218 652 -324 1097 481 801 -296 557 74 504 1155 -1340 924 862 167 305 -575 51 -510 -390 183 697 -127 -1354 -572 213 -96 -197 290 -581 70 -1339 476 -788 -817 -93 -125 310 487 -1133 189 1037 161 -139 1099 -642 436 308 -517 -624 -244 361 -521 -482 326 734 -269 282 -604 -120 -415 -889 330 -1147 -228 -657 523 971 -492 37 784 -337 -1197 799 280 -1 757 563 740 -538 91 -998 967 795 769 -1163 378 616 41 150 -508 148 107 -415 229 95 926 189 -248 -35 210 69 -137 599 -79 -198 -89]
[-768 215 52 -318 646 99 838 -1391 -1163 -418 242 578 -648 410 672 101 -780 270 -989 479 -696 948 -977 1058 -1191 -1158 -210 294 -490 -121 -322 563 230 344 -19 -436 -351 821 300 -478 -587 435 -67 1307 -81 605 404 329 -628 -600 575 -79 -944 218 418 510 84 -705 -437 -164 591 -444 729 500 1297 -63 -693 -1610 162 -138 80 -831 -1311 399 -154 -121 263 -1007 572 281 527 -181 184 1065 -485 670 -304 -865 -98 -537 -507 -484 64 -1332 904 174 -787 -644 1018 676 -139 -385 135 -382 168 -66 -1904 604 -939 86 -185 910 556 752 -1478 -767 179 514 -1383 54 -1443]
[229 -340 107 -715 220 163 424 1310 269 -49 -777 1084 422 -369 -302 -819 -942 -912 -444 -1558 -1268 -1110 -266 94 -398 416 301 664 -505 -408 35 -213 50 -1066 -1079 519 -284 -294 38 -302 559 691 -909 -658 -221 -463 -254 -94 -525 131 -424 936 -217 -208 -19 -1169 985 308 -614 765 773 170 -232 -264 368 -252 70 61 -440 1115 -467 -313 -87 207 -611 1017 197 497 638 156 -1221 -58 1020 -62 254 20 -66 -440 -197 -215 627 1009 782 -498 -1174 -1219 843 1377 -272 -1387 -163 -490 134 458 362 -777 316 879 628 -1375 1217 248 -560 -239 -389 275 -11 -708 -739 651 1259]
[896 -1301 -242 -127 1 75 342 82 -1287 -524 -825 -412 -786 -614 643 -397 -276 360 847 217 1234 1566 -280 276 -1143 46 -1336 381 150 91 1097 500 668 -492 -195 420 500 835 140 304 -797 -1579 -487 88 1749 953 -311 286 1224 -1261 276 -201 1029 -930 177 935 -203 174 -747 -805 -940 381 -538 666 -293 -125 -496 -333 1152 -208 405 -965 -559 -94 -526 -597 671 -224 -25 -1005 -510 -539 -374 -259 195 -94 402 117 17 -514 -204 -108 -394 -383 -459 396 -203 -162 135 227 600 351 -145 -1184 -48 403 -1045 -371 155 348 -304 -355 585 -259 -460 9 -151 609 -1378 -592 -915]
[-229 574 -321 -441 278 -360 447 -1314 561 102 847 -668 -537 -375 -835 -102 18 -961 3 -369 68 -442 -826 -699 885 -384 -260 -480 -389 -410 -553 745 -441 292 257 -1167 714 281 -142 -1293 -57 -55 342 664 -107 831 1269 1565 -2450 298 -420 -55 -809 1109 158 1338 -351 -934 140 -1205 -89 -1176 680 1303 1250 -747 -583 -790 -660 -1605 -195 -182 -157 8 -775 478 -1399 -690 -793 -794 -312 -420 598 -509 187 513 88 -384 -279 -528 -492 785 -220 -167 -151 491 -660 7 -412 1047 1453 0 295 680 653 664 621 -294 -378 1470 -292 577 137 176 -142 -261 -182 -737 -836 747 -91]
[-1592 465 854 -987 -125 -79 849 -547 950 554 -174 613 -1282 610 98 231 930 -685 -313 -792 -1273 8 402 -595 885 257 391 -434 -74 -1079 262 327 571 -192 181 216 -546 -108 1163 343 -77 1662 -72 725 -577 -131 -76 673 -607 260 181 229 -832 408 628 547 -761 -113 617 -448 -245 -591 1090 777 259 -283 52 -12 -175 -206 -690 1173 231 -327 -504 -719 -269 -121 -605 331 708 -42 911 132 521 301 -152 -582 -319 -211 194 499 -295 -124 -68 90 243 -445 -565 -390 -55 626 503 -75 732 289 -162 -955 723 860 556 -649 698 316 234 687 96 -218 781 -67 511]
[812 34 -436 -420 222 436 -383 -534 49 -673 -1427 188 77 1312 -140 -720 -184 695 -78 -815 483 -644 -166 -24 -1103 174 1500 625 -1177 -506 -139 504 -639 -7 -983 -14 -576 -611 -924 -494 130 -362 -455 106 179 -849 -682 -793 -1039 1160 936 453 97 232 -543 724 540 -280 -147 291 839 119 -1235 -287 -114 1551 -974 403 701 -847 41 -810 -209 779 283 1053 113 -688 -208 -360 691 -93 -132 -551 -511 381 -1184 160 -999 130 772 231 827 -434 -939 367 -56 44 99 -215 721 -771 -59 580 -508 -440 -263 1022 594 -267 49 271 -165 -503 -416 175 253 -349 -365 130 469]
[951 390 -435 -53 -697 -517 -721 1610 1492 812 1346 572 720 104 -1002 409 -1066 -1034 -341 -93 -326 -382 -570 -479 483 457 314 359 -406 -135 41 -113 897 121 52 351 118 647 -434 546 330 11 -1160 -685 -197 -878 -402 921 628 360 -561 533 292 608 304 -1665 376 -78 172 -297 -1357 911 -159 -1025 760 -378 489 -207 672 -348 -146 -24 -524 67 -397 458 364 159 574 -166 -1111 596 18 -640 -464 185 -288 -116 419 -287 873 -105 -280 -250 -153 -1339 606 -466 580 -837 -134 -56 -322 -75 -330 -981 -436 589 6 79 409 -1114 484 -404 10 -181 540 -27 -738 4 804]
[-734 -670 -784 -118 891 181 340 -955 735 -351 -824 198 160 -387 480 -134 -202 -1429 -88 -388 -134 -401 1160 -984 849 184 -122 -1276 141 85 33 -541 946 281 134 -736 1719 528 88 -2079 60 1170 377 -329 -1221 190 32 230 -1308 -760 -771 -350 492 780 1066 165 -558 -253 -720 95 -575 -1931 707 672 205 55 -253 955 -39 -679 -139 533 928 340 -152 552 -134 165 -688 193 72 -699 422 202 1038 -912 -60 -361 -344 179 606 -591 -1092 633 774 758 75 -222 -1783 10 -347 798 -468 945 310 531 198 -278 547 814 431 -607 206 399 818 498 -1044 -1167 859 1059 826]
[-663 -280 706 1246 621 -96 1285 -636 809 59 -1110 1041 -190 -1427 629 -6 1104 478 1878 535 11 -407 234 446 409 780 499 -237 -125 760 711 -411 746 -686 -208 -48 40 97 95 1004 154 869 748 -905 -1157 -1114 -325 -859 669 -477 -27 -802 -238 390 1136 210 -13 -1155 -896 248 -273 335 -1157 -46 -193 -242 1010 -119 752 463 -172 101 -606 350 571 -552 1314 287 -98 219 -243 367 -800 1101 948 -628 174 -621 -142 455 148 13 -1540 151 726 -627 -417 474 271 -223 208 278 -381 126 466 863 -432 -466 -692 192 -123 696 978 1189 56 119 46 -400 -106 400 -346]
[90 1002 -26 -249 -455 -56 -881 -393 234 -472 21 -490 -535 347 -520 96 -1076 1244 -342 497 -521 -204 640 -354 -590 -282 -724 612 892 -583 -489 420 334 -1291 1111 -475 -745 -424 -34 1093 724 -989 227 -327 -608 -1135 375 12 191 34 -305 -183 -36 -595 178 -670 -866 781 686 -550 288 -897 421 -376 111 -1196 588 -166 -35 761 319 252 567 -317 -449 -250 352 633 375 851 -802 951 149 163 237 -626 1008 -853 118 193 586 -125 394 555 607 164 -506 -1178 -44 439 218 523 -244 -1137 169 -372 -563 500 424 59 791 518 -543 614 -70 -540 -179 624 362 253 -342]
[606 31 -369 -834 -39 -205 -560 -136 3 457 413 33 814 1135 -1215 393 -604 -396 -506 561 -603 -780 -480 -894 150 140 -846 -599 949 -660 -487 -924 -464 -623 -43 -595 667 174 -322 -1805 -968 -1008 378 -255 -889 558 -53 828 -577 -1175 38 697 981 521 417 710 -975 -241 1105 -506 -507 -758 13 585 579 249 475 -160 -367 -307 -434 -419 436 216 -200 109 -1340 -190 -32 -343 -384 -416 586 -648 119 314 257 -1170 765 -401 -1048 360 -608 1202 699 12 -158 -325 -511 378 606 164 -41 -373 -512 148 218 1174 -845 565 243 61 -81 337 321 -33 305 -375 402 602 594]
[246 -373 1019 79 -331 68 -170 1606 689 404 424 -73 192 715 200 404 429 87 392 178 -306 329 -392 263 913 -513 14 630 -595 -309 -463 -828 715 53 -664 495 -386 -1056 222 -182 374 -1061 50 -313 139 25 602 -1386 -67 -1015 478 -140 -744 -759 -433 388 656 483 -230 -69 -89 1437 -1383 1035 -656 -339 -250 -571 332 1018 -337 206 -450 -874 -479 -767 2082 716 730 -220 728 -892 466 1278 -380 21 -384 -522 76 -82 -71 1259 144 -873 349 64 -150 467 516 -319 682 -268 464 -1599 1023 -470 -796 -1526 55 136 386 232 515 -849 391 -607 -440 628 -69 -630 -54]
[906 127 222 -1150 -237 821 393 -23 -1030 1068 128 -645 -751 920 -515 -215 -619 -125 447 -571 905 -73 385 -45 -1 -210 -230 -560 101 -449 -337 -174 -527 -418 128 587 19 149 -493 -928 -1089 -103 188 -397 26 1393 875 616 -2 -31 410 -342 323 -103 -1763 443 -128 -954 1605 -1156 -351 462 -210 -822 521 -247 -834 194 -1279 441 821 -469 918 152 -507 582 -505 -430 481 -606 108 -24 -681 -306 -1762 -284 -22 556 368 -280 -602 37 497 324 -606 480 361 853 -223 501 -227 920 -1276 108 620 -232 1229 -33 495 -87 331 -669 -3 -589 -119 686 -64 -262 667 441 848]
[1166 482 462 72 552 397 -57 401 670 817 606 1387 -200 -184 -728 0 -167 -1023 339 -1621 559 -145 -677 161 -131 532 379 189 -720 -429 390 1541 934 -18 -524 -1135 -1003 -163 -919 -464 -241 762 -955 -197 114 700 530 -187 -179 494 975 104 -904 402 738 -557 252 196 -1168 208 -202 609 -121 1341 151 -519 -213 -499 868 -214 -903 -213 -448 550 -781 -356 622 188 372 714 -128 -759 1135 -173 475 -96 454 -440 -1289 -24 576 -286 -228 -986 -505 -176 28 -176 -63 2 -77 -406 -907 -616 -331 -323 -628 155 -493 -593 -135 271 -376 -678 -553 69 -354 1228 285 548 -874]
[-69 950 -398 903 -56 -866 129 523 927 465 451 -185 -335 344 -932 99 819 -537 691 -48 -64 32 -284 -1036 175 1885 -1032 -174 1578 -493 1051 61 145 -1212 242 -593 -362 48 577 1253 112 -941 246 -331 -397 1373 -709 935 415 -17 -536 569 103 503 485 208 -821 -1025 -229 536 -1010 444 -781 813 -821 -411 230 611 906 -338 -588 427 114 -596 122 -184 566 649 -623 89 -951 -418 730 -751 309 70 65 -726 271 931 93 363 -401 316 -1278 -641 353 115 352 130 1076 428 503 -642 294 140 519 -811 573 720 -1241 -374 1051 240 808 601 733 -154 270 462 373]
[-668 311 -648 -230 -383 -372 32 -62 -212 -370 -769 289 287 236 896 -131 -1044 -75 764 -65 1029 -206 489 -301 -1029 146 -119 -452 1518 865 1383 -726 835 -762 469 -109 252 868 553 132 220 374 -25 -232 -772 509 -479 528 215 97 141 1117 -178 -149 -274 5 -552 -283 -101 413 -274 -77 -172 -789 345 185 -539 26 -171 140 1482 607 272 -555 -1292 1381 -865 36 -927 827 -131 -765 -25 609 -1021 -253 280 38 909 351 -290 -475 441 605 -1836 -510 737 1258 -728 -757 678 191 21 409 547 65 624 -345 392 23 -143 -592 100 -639 211 482 391 -1326 -516 382 578]
[-1504 -251 2081 -57 1049 816 442 -703 409 614 -337 -136 -506 -1527 567 638 -573 -638 -164 -1676 -319 766 -259 1076 1177 -994 -468 342 -399 490 -477 -391 1185 749 -271 -582 765 410 129 -1206 1850 230 122 -951 -786 228 -68 742 630 -68 -291 328 3 -776 146 -485 160 858 430 -44 1256 -39 1599 -368 -950 -275 -608 -203 -140 279 -129 1187 -45 -740 -601 -516 86 -93 -392 -222 1027 -194 -432 607 18 322 635 419 -1054 -63 832 56 -369 -32 523 625 771 711 -854 -994 -1408 -92 -835 -594 219 -1527 293 -1031 690 -560 510 -610 -1116 -831 692 -455 -1056 -1272 -386 -531 1052]
[905 349 -528 1019 193 3 -219 1333 -278 168 1432 867 769 752 512 -604 211 1251 -99 -424 -259 -5 -156 148 22 -779 517 -11 -693 -1025 -222 280 100 656 502 -185 130 -88 -1729 186 -266 1121 413 1188 -78 -381 232 266 -929 325 -745 -556 -305 359 231 -393 568 -518 -1006 -500 -887 754 96 109 693 -521 157 -536 -885 331 -302 -426 -99 -462 483 -102 249 3 -216 162 -879 249 469 -706 -592 -928 443 -1062 -1061 1006 -124 260 -143 -884 -117 -266 -467 -290 -714 819 -303 -455 767 50 -298 -653 -1414 107 -1151 -720 487 877 370 -114 -870 -504 790 1582 462 23 -523]
[-576 488 -548 845 -186 -252 435 536 -363 -140 864 -654 658 49 -607 -373 889 -380 -424 -50 -1080 -376 -602 -209 -186 -17 -54 479 227 531 -439 -448 -1121 700 6 63 351 -494 631 -299 -597 846 483 967 -428 -1200 206 363 -744 20 -335 122 483 403 764 -542 290 328 134 527 147 -769 71 -28 63 -107 149 906 -794 323 -1125 -100 906 357 1027 -78 706 -193 225 -798 -211 161 613 373 651 -712 -689 -1095 257 296 -929 685 -586 -369 90 -740 -92 -55 85 1029 -199 -54 385 -104 337 751 119 526 -498 -160 192 -33 627 1088 34 265 -258 464 833 340 293]
[965 615 -757 -316 729 843 -983 -926 -58 -220 -1170 590 543 653 -492 191 -547 689 485 327 -338 -997 924 -187 278 962 492 -355 -298 361 -731 636 -146 7 -655 -596 94 289 -971 1573 -62 -1309 14 -820 -1044 -434 -262 200 932 863 925 -408 40 642 -733 52 -178 268 -331 978 223 476 -256 -854 -487 829 704 55 -497 -342 -1037 -46 507 -129 508 -117 515 701 318 -609 -2049 -263 376 -1373 -253 6 541 -493 -1134 39 297 420 197 1082 274 299 -1936 -642 -732 -150 520 -805 -607 385 -1032 -542 -340 378 340 -675 -148 557 -247 -834 -570 50 -393 741 -148 -116 296]
[297 -538 472 518 -704 -155 -128 644 1139 -126 1123 214 -772 -494 -201 -42 414 -185 45 150 -636 1241 577 -1151 -761 733 309 1000 -239 242 -339 -109 671 435 -89 -10 -312 -904 170 812 78 521 -370 123 1244 -1224 83 -1750 -1093 -137 -215 -229 3 383 175 -1974 -18 931 -793 287 24 -103 98 215 -71 435 804 520 926 476 -652 -600 103 66 1100 -417 1718 534 112 94 601 512 334 -171 111 -263 -802 701 -164 476 266 -376 43 -281 100 -519 -13 -432 503 -46 55 -328 123 -178 -305 97 -296 558 907 -138 80 -434 -63 -39 -378 5 223 1577 1095 113 682]
[486 258 -1405 -159 -357 736 -1822 1053 -798 -136 729 -352 -183 805 -52 551 -486 626 -574 69 970 266 301 -1129 359 464 -966 29 774 -322 128 36 -433 -35 26 915 -603 -350 -13 -893 -311 -892 -1022 -105 625 1922 -1068 1067 -250 1187 168 996 27 -653 -455 419 445 388 535 298 -684 -339 -170 580 -289 -679 -2243 743 -336 -200 539 -347 548 -305 -751 1159 -504 -281 645 949 -150 -130 279 -264 -678 -767 -619 597 826 376 -283 -158 1070 126 -1025 233 -118 1542 -658 -367 235 94 -590 -584 1620 -486 -219 -303 110 848 -294 -965 533 -485 723 -464 -441 -75 -52 -374 113]
[962 -149 931 222 903 -249 124 1056 1169 342 474 1184 163 619 1284 724 646 300 78 -838 -480 -29 -320 496 984 -450 362 1028 -1131 -933 -510 278 501 -170 812 1329 -784 -789 -693 980 -5 304 203 116 -100 -20 658 -880 -510 -1179 -706 18 -951 -56 30 -603 502 -470 139 -1501 -263 627 -320 1537 -36 -761 544 -640 1024 6 927 562 -1435 -385 -239 -573 1120 798 -201 214 -285 1259 509 474 -1319 -287 -562 -810 197 168 1086 -236 -221 -976 386 -535 -83 288 59 -60 -49 884 266 -930 182 -836 -146 -931 -313 -265 136 593 625 400 -235 -382 674 1018 85 232 -1735]
[446 -221 506 -1283 1589 1521 -150 -233 -639 -133 -2013 661 221 -415 51 -210 -445 1139 -198 98 241 484 -413 -724 105 -161 23 257 -720 135 -1115 744 143 269 -1489 -1559 150 -488 -5 15 10 -854 -197 -334 11 -601 493 -217 -496 -848 867 1174 -405 424 -865 750 -451 720 87 870 940 -17 241 809 -700 958 -1196 -629 -955 339 -699 275 558 -450 -86 -493 573 -161 -492 -131 -738 -352 765 -485 -314 -815 -372 209 -65 -392 -603 120 312 -673 -80 1388 -432 259 -174 -163 793 139 366 -532 -304 6 19 185 457 -351 635 1005 -869 -1786 234 188 -581 1061 957 -296 378]
[75 164 94 940 -656 -1446 109 -116 1028 425 -258 -777 -603 -507 179 -567 -69 -1250 -437 -874 -1012 228 169 -87 370 795 -496 -58 681 -512 742 -246 1060 -440 1109 417 51 292 -63 1325 383 552 -437 423 -102 -1223 -117 1048 -484 272 -1318 584 35 143 962 -855 65 -408 27 -410 -877 100 414 -317 828 -375 1244 19 326 -616 -282 468 -95 -30 106 263 -427 -401 -172 -344 -195 755 -1104 -619 324 831 694 -455 316 -589 887 321 -18 2 -972 -1016 340 -1278 462 -792 612 355 297 -511 80 -190 65 587 1568 504 392 -587 958 947 -403 471 1063 -1379 -759 302 124]
[533 862 -11 -375 -63 447 -1496 470 201 939 1083 -748 -50 879 -2088 -499 -1312 86 -642 146 -534 -1472 -902 -214 287 1822 -3 -235 -278 -1588 -161 -360 -1124 863 -612 395 -188 316 329 -147 -1379 -532 -744 1125 -644 733 -455 522 -606 1539 -237 377 -1340 756 -514 149 728 -643 -264 1086 535 -838 -845 521 222 -591 -919 -132 -118 -1195 544 -153 353 1455 -368 1446 97 -253 -347 814 56 -85 776 -72 641 -659 -174 255 391 -48 -991 -31 379 162 -240 130 -652 562 -222 201 979 -793 -615 -518 1037 895 148 454 -359 571 -339 -409 253 -60 273 255 721 -125 672 733 74]
[1407 189 587 -323 973 170 -500 339 110 -109 -515 119 -144 611 -456 -389 352 1131 375 -1504 1256 730 -1212 -556 -868 398 165 -243 -1498 -772 133 969 1260 -364 -1345 49 -1255 -55 -67 227 -70 -1857 -1145 -358 502 -24 -690 -155 98 152 1013 670 252 -392 199 541 303 -133 120 -573 52 669 13 447 -290 401 -1279 -416 452 17 -113 -305 53 311 -220 -244 1306 -955 432 152 327 -42 117 -24 -1418 -986 195 -550 -3 -633 238 84 -1136 -1165 -515 400 666 -893 -460 -61 727 801 -446 -861 171 -1052 -1069 -98 -486 443 300 -181 241 -852 -233 -15 824 656 511 -615 -207]
[790 387 322 -302 56 635 55 -306 1560 1618 776 1027 463 1527 -577 1094 162 -551 -213 184 -441 -394 175 90 164 957 1592 -17 -115 -992 -433 38 -198 778 440 -420 689 378 -1448 318 -750 -116 -434 -800 607 339 296 -1186 -365 589 511 440 -653 559 -208 -813 -402 -1018 -81 160 -790 -674 -536 45 -70 301 1449 127 375 -409 -472 151 84 584 1039 -745 808 -582 -307 -995 -884 292 -258 -1086 448 268 -1447 223 -629 312 -104 434 -417 -1005 -395 123 -877 -733 941 15 729 -263 -358 72 -1381 -375 1225 553 288 302 -1 -325 53 264 -129 -104 1394 1959 -9 415 153]
[-857 408 -1043 -326 69 -419 164 -732 -637 337 -324 546 -220 -567 -119 -142 -1058 -509 -149 773 431 525 138 -353 -265 -326 -633 -53 1169 893 -491 -142 -1233 -3 -15 -588 -509 637 -42 -1222 -644 -184 62 28 -632 1230 525 503 -617 -558 216 558 141 271 -187 621 -68 -944 -503 947 -1074 -951 340 523 463 17 -593 64 -199 350 995 349 290 -409 -149 505 -886 191 -472 1064 -574 -400 178 227 -727 -214 -279 -477 987 -304 -1122 -214 727 322 -131 565 -628 1281 315 -371 137 -305 63 -57 1336 1521 -78 -287 -484 474 -829 319 613 -767 128 117 -881 -255 -54 724 31]
[-176 1451 1134 73 -295 -842 -741 -78 641 2433 2372 96 310 1073 -1216 648 -727 199 410 -333 193 -1176 -1818 551 38 8 572 72 126 43 -186 128 401 745 -347 495 -1294 262 195 930 -1061 -658 -471 690 -1019 396 141 -439 -790 1467 -307 262 -1022 833 -469 -339 483 -555 -33 105 216 1230 184 69 735 563 936 -203 -539 -384 -534 -82 -753 -260 -924 1490 -504 491 -559 925 -134 -490 1071 575 -378 -227 -41 -798 -195 8 -728 262 506 -178 -110 -1446 -648 337 946 -120 -6 -492 -458 -298 233 416 -678 342 -328 -264 -582 -220 810 532 -410 204 764 763 -243 560 -1074]
[-408 -325 569 -869 44 245 -198 943 324 -639 -175 804 889 -592 -788 -558 595 1397 328 139 156 105 -647 -128 722 -488 742 225 366 -724 -512 -669 -34 -480 -1310 829 -725 -932 278 249 -143 685 209 -202 -900 -1031 -122 -296 1260 -317 833 110 -187 -873 -897 435 -10 -345 249 45 -16 1207 -1107 0 -369 836 -756 -305 -801 129 -975 205 -471 -993 3 -416 870 1213 941 -207 393 -296 126 249 44 464 -1431 -534 702 -465 -462 -1009 133 -565 -281 -414 1061 625 -648 -977 -67 -8 106 70 7 106 525 -318 56 -247 699 -282 174 -421 858 82 613 130 -302 -76 1062]
[-306 380 945 -196 -1200 28 532 581 -1566 78 -390 -439 -949 41 374 -65 1020 780 -330 509 -529 1243 673 1298 236 -111 -1471 -750 -598 -1493 -465 304 250 -227 1242 188 -276 -1749 719 -666 -1210 489 -97 1009 -57 601 199 -1051 -278 -42 -760 -731 330 -486 937 161 599 996 -242 -1089 -225 935 -417 327 282 -874 -271 -943 -644 555 697 241 711 519 681 -38 -641 -309 1106 346 894 -42 219 756 -556 -708 -519 -415 -174 745 -711 340 -572 -411 685 -129 396 -104 -624 1050 -629 1659 -700 -866 900 833 -1936 -1181 -366 823 488 1579 -564 304 84 -79 -807 1020 1086 219 -51]
[898 -240 -1091 -371 882 -324 17 -65 157 -733 -368 939 1357 907 -735 -185 -39 -716 -892 -935 -235 -2233 -584 -62 -474 -2 485 -355 -957 -608 -669 264 -729 50 -454 -1009 614 170 138 -1139 786 -494 -1032 924 -178 321 -146 261 -562 328 171 829 749 759 277 -59 649 554 -810 502 -270 -199 7 566 118 819 -305 415 993 -834 319 -155 -858 278 223 1014 -1045 60 -1063 114 -200 -42 1222 -1247 -181 -118 -324 -761 -1357 544 1511 -381 326 -332 162 -421 483 -1026 536 300 -302 -176 887 1051 -1363 -132 -889 692 166 -1880 156 -69 -327 -88 -466 818 -61 -685 49 1101 83]
[-555 -69 1125 -604 644 -537 706 -368 715 -119 388 183 -276 530 -666 -598 1340 -692 623 -832 65 172 -624 -644 -577 691 -402 281 682 -1195 -7 -1542 -481 -51 659 66 -244 -1545 1083 -353 -646 566 -162 344 259 -1099 -646 -1622 -1040 -546 -24 -207 13 -618 220 1235 -79 60 -499 1415 565 -870 -953 438 -138 132 163 434 -68 476 -730 -103 -352 -152 652 90 -85 -131 -882 -878 333 553 39 -218 1312 283 -943 258 30 -911 161 510 -1038 342 -1517 155 670 -443 -812 -349 212 65 1251 182 -4 910 926 -1369 72 -938 -347 -174 41 -79 1282 756 544 10 489 881 674]
[610 -849 90 -502 560 517 658 -51 715 -784 -1600 -58 -103 1272 789 -185 -644 -607 -808 -1069 455 -1044 7 -495 -1875 63 1002 -127 -465 31 491 867 -349 -845 -1008 328 -873 55 654 -434 91 557 -145 225 -679 -472 -191 598 -966 132 -475 441 887 801 -949 330 208 372 -339 -321 451 -328 -676 13 -200 373 43 89 1801 -467 1597 -492 -349 -515 -650 1176 -292 156 79 -371 731 -187 561 220 -43 -78 345 713 -911 83 1880 880 756 799 -595 13 1662 -581 297 -46 680 740 1289 -104 -519 -597 -981 793 -58 -171 692 797 -175 28 219 525 306 166 -272 -346 385]
[660 -593 379 -4 -364 -346 -545 134 398 -148 36 223 -859 1237 210 -156 995 372 637 -395 1275 -129 420 -1790 -362 954 412 -284 -219 -1080 883 -498 563 -637 -298 579 -1178 -52 261 957 13 -1027 -349 -362 618 -70 -756 -727 -702 356 -196 196 194 546 -892 9 -755 -109 297 -461 -710 682 -254 12 -24 235 -115 791 310 -407 -19 -522 -280 62 1207 808 517 211 102 -578 582 711 301 444 -1190 -234 -510 784 187 152 578 -117 471 -144 -1214 -107 65 -497 -492 -133 791 1094 590 -231 225 -7 377 132 846 890 73 -413 707 587 -479 -548 1919 199 -81 -368 418]
[774 -519 -480 539 -323 594 350 367 -712 1796 -75 388 202 578 -596 156 -232 31 857 193 -16 -46 82 782 475 527 -441 -723 202 -34 -203 -179 -542 -264 -358 137 65 -209 -234 623 -847 -311 330 -198 -897 343 807 -526 889 -79 93 139 -624 527 -703 153 -18 -1941 -220 -1018 -597 1228 -5 1149 1110 -177 1251 -23 -1782 767 1187 134 1320 834 291 -95 -1116 450 135 799 -591 21 -412 -320 151 -35 -302 612 792 -339 -967 -525 104 -436 191 573 427 835 630 -484 283 455 -669 -77 -908 109 874 -468 370 150 -446 -53 368 163 -323 107 93 -189 987 -418 26]
[-1754 -815 286 993 274 -1057 -301 -1165 392 -798 -1028 246 -226 -763 620 -298 1022 -39 -573 724 -964 924 668 -381 69 -139 -157 358 -764 358 -149 -1254 -542 690 1511 559 1003 -214 -403 351 495 942 613 375 160 -1607 -487 -137 109 -269 -964 -470 -911 534 780 -656 398 668 -946 1044 64 -692 131 -575 -768 1167 710 -38 873 221 -480 1894 -179 604 852 -55 338 105 -791 622 449 685 -899 398 192 108 61 -353 487 -306 -76 -481 -297 106 821 -316 -249 -193 9 -949 -191 -589 1431 -519 -178 665 332 -278 -262 771 -144 617 -3 458 900 930 -780 -1379 403 540 586]
[-108 282 81 19 331 -166 -461 -553 892 42 -372 -340 -436 29 644 324 -132 -620 353 -1462 -904 -299 -762 412 1462 714 -590 -324 364 -1 -719 9 -418 390 -4 1322 -465 108 -631 215 46 295 -114 811 -642 -792 -220 -89 -1869 927 -806 910 580 -719 833 -709 935 -442 126 -1207 404 -1066 855 1070 158 61 -416 94 -982 -630 14 121 653 -169 121 1263 -133 437 -911 190 -132 297 513 669 143 -742 -736 -121 -335 -311 303 919 482 -200 -696 -299 -1296 311 -575 -632 731 329 -651 -780 849 -1171 147 310 808 754 -90 -835 1090 475 226 925 -273 -744 -240 699 -882]
[261 -729 -57 12 183 -877 -1359 1071 1802 -522 913 -40 576 507 210 1060 -119 457 -594 245 -1107 429 217 -538 889 100 1250 1044 81 460 -412 -329 625 1212 176 1218 17 297 -219 232 305 -350 434 -272 -542 -507 5 -704 -823 -565 -899 32 416 -68 -102 -781 42 804 140 -67 -412 -791 -439 -761 -328 -440 501 -557 949 -814 192 529 -959 -970 -585 -582 2225 -117 -815 -803 280 641 364 793 -236 -365 228 202 -243 622 1022 -64 215 98 406 -147 -70 -976 687 -812 -23 649 163 -198 -103 -1125 304 -317 28 128 663 -450 87 383 658 -429 341 1142 -305 149 -866]
[-27 -222 -351 607 625 -747 -815 392 247 590 1983 -349 1290 488 425 496 -862 -1423 -750 282 -404 672 298 -310 547 -413 229 -605 417 122 206 -1075 1458 1431 1098 -457 1541 408 -771 -1589 -1359 868 297 634 87 12 -158 447 -1775 -37 -835 528 -587 515 657 -495 -94 586 -539 739 -645 -496 618 131 736 331 -236 -145 -167 -582 -923 766 -605 -390 -850 874 -462 104 -621 -119 28 -1002 568 23 235 -491 -549 83 649 54 -395 -150 -738 -43 615 -708 -1297 51 -1009 -1045 384 -111 -354 268 77 -405 -461 198 -10 27 423 -666 108 92 59 149 106 515 -65 831 -532]
[529 -726 548 -625 -146 1212 1243 -485 -417 -223 -749 35 -1065 -1203 555 487 289 -261 757 -353 564 172 -794 1380 1567 393 -205 -1122 573 -979 933 -320 -622 -792 -548 456 991 156 -455 -1285 -1021 351 -348 -62 249 733 -1083 270 266 202 -181 468 1294 -644 848 1030 460 -622 430 -1402 -23 -676 -62 493 -405 43 -1043 89 -970 -603 762 -1078 169 750 -321 621 -1753 -943 -14 -685 180 -360 -899 -620 358 290 -836 988 503 -728 -482 1382 -171 28 -1399 214 117 1412 -1552 -292 803 0 -1053 368 164 -404 440 -703 25 380 -409 -789 24 293 127 563 -680 -450 -1429 -533 270]
[439 -840 458 -535 380 859 328 -822 -523 -394 -618 -498 -2029 633 -147 -516 -163 604 -492 -1053 122 573 -34 -501 -2134 -186 23 -516 -1751 -407 287 735 946 -573 -525 154 721 616 -350 -1834 -146 35 460 153 -87 225 -803 552 -482 -635 -666 -420 1217 -356 67 25 -207 -516 969 -1108 556 -422 -386 -927 1040 138 -1553 580 493 -678 836 -1472 689 909 -371 -151 -44 -841 247 -112 1084 49 -576 -680 113 -378 1073 537 -1474 -68 175 -818 -222 309 213 1503 1020 -1295 -444 996 -282 762 -585 -438 -545 -966 -168 698 -149 252 202 371 95 217 -94 -107 184 23 -76 -633 303]
[844 -241 -1448 -157 -364 -751 -169 -470 -299 -1374 -153 700 -120 45 478 -262 220 269 -388 242 -310 308 808 584 165 -640 1201 -436 -405 -211 -681 276 -77 -1350 -557 276 379 579 -1183 34 -191 -48 668 -462 -428 152 -77 -223 -657 -224 -32 -717 107 83 348 -263 -592 -1098 -462 -639 -490 -478 -666 -641 678 -126 -98 -1032 -786 -119 -294 -451 -752 548 -158 -864 448 -1105 669 -995 -220 -285 -181 -173 117 603 218 -578 -806 -33 748 -573 -515 -725 -625 -499 -544 -628 389 -552 -65 -203 -480 774 -861 -142 -40 666 -232 -485 -154 432 69 45 -1487 -463 603 340 -904 -43 -469]
[-1380 -746 26 -1524 1063 279 376 -277 196 -999 -992 578 58 332 757 -369 -574 446 304 344 288 -362 885 -220 946 -417 -412 494 650 75 -550 -353 -1034 105 -7 119 -256 -499 -156 853 666 -236 165 -457 41 -959 -560 -317 -274 -49 179 516 1797 -1078 237 358 -77 -45 135 708 -105 -1432 543 439 -946 393 -407 -146 209 583 -669 -282 -330 -707 879 131 -859 -965 -1014 -124 -233 1141 -768 -1076 366 -31 -697 726 55 -398 1496 429 556 1014 356 259 695 190 -806 -743 -53 -847 1121 289 755 67 -375 -520 -226 -480 77 -937 -172 -951 -358 2 -212 -841 -714 263 1315]
[-713 459 402 616 -956 -238 -1063 -503 -154 -224 1585 -1982 -259 -219 -737 -147 -179 963 971 1841 605 400 327 1026 20 -1025 156 -66 -452 469 193 -412 -87 123 506 564 690 -568 -286 1578 -679 -380 1125 41 -1260 -940 480 -11 724 822 596 -1828 -812 -545 -318 464 -289 -467 320 193 273 520 203 -1372 -73 550 -160 2 -1360 503 -205 525 -50 -95 38 -478 -436 62 464 481 -193 -159 -738 166 482 109 266 420 660 -1094 -672 -77 146 808 450 -447 -291 124 -828 21 -942 -61 -727 -327 -122 190 -182 -1142 -1202 -374 -669 976 -273 -262 539 -618 265 521 -538 -958 763]
[923 -270 176 312 -23 -368 -255 763 -574 314 -188 457 456 1137 -476 -239 192 1073 1018 -238 842 -866 -600 12 -675 -212 387 269 701 -974 153 340 -393 -310 353 347 -1392 -516 -327 1390 -1298 -583 -771 373 589 84 198 -965 639 1135 716 -458 -712 -716 -1168 468 554 -824 -675 -155 260 1286 -1108 9 -345 521 861 90 -452 373 -527 145 -480 538 244 877 -858 -70 -494 733 -334 -248 -356 -250 -416 -246 83 4 15 -452 160 937 823 353 -408 -289 783 731 455 -9 230 -195 508 117 -1014 -134 345 139 -510 -1271 2 137 213 166 -476 793 638 382 267 208 -898]
[230 155 -200 142 387 -1069 710 -1426 -173 -47 498 565 -539 1744 4 -79 1167 318 416 -578 719 70 85 -1362 -1179 -26 646 667 -405 -62 -232 346 40 -425 348 -1267 -751 -267 667 -93 60 -268 489 -152 833 1 -53 -742 -1993 800 950 -575 -821 1227 -195 928 -749 -758 258 -299 -116 -804 864 176 901 842 -109 295 -19 254 -79 182 337 839 124 61 -198 -772 -951 476 155 849 761 475 -128 -724 -410 360 4 334 74 -451 -218 -524 -216 -388 285 -179 807 647 335 575 616 1085 -232 161 455 212 539 98 -1010 -388 69 292 -311 830 611 -16 1240 855 -649]
[-645 -635 -461 526 -756 -541 156 -1170 -37 -121 781 201 32 -494 -840 538 651 -620 424 1205 -285 -992 42 -1450 494 382 216 -250 985 922 297 -1085 -1031 -191 -1137 287 690 1098 1713 -135 -1148 151 190 197 -532 268 -127 13 -386 149 108 -904 -403 613 -105 1173 -208 -1139 -675 555 -600 -453 -516 127 132 316 -397 -60 -348 361 -185 511 120 73 -573 -282 39 -9 -473 420 54 -9 369 1209 1054 -484 175 423 -339 -231 -571 206 29 796 350 -152 -54 140 844 -132 670 -268 905 660 386 1714 192 -268 -540 889 -475 -91 1715 1231 220 791 161 -573 -67 69 -372]
[-835 934 541 348 820 305 856 -946 -517 -557 926 431 -1160 -1047 -358 -153 164 427 -373 112 -652 -230 -284 1177 -60 -12 100 -515 443 -534 -971 191 -486 272 419 -1058 -421 -11 -668 -259 -1019 950 5 680 -852 651 -330 25 -230 996 458 -60 -235 13 809 455 523 -1347 -209 -797 -299 -262 389 554 915 -433 486 -501 -1066 -83 57 -437 -212 302 1539 -176 -532 -1140 715 -232 -70 -506 -902 -747 -625 598 -593 -1294 -1043 651 -744 -123 -1314 -551 -342 670 -494 -777 -40 716 -92 -504 -610 -295 95 498 -509 95 -1039 -557 -576 409 -87 889 -1004 -695 627 144 -328 649 -363]
[79 279 -612 134 707 802 -504 549 607 899 -419 1185 -1206 633 -672 0 -1357 210 64 -52 -203 242 -62 -873 81 290 249 858 462 660 -743 -742 856 -229 -466 -360 187 -345 -412 -281 -383 714 -521 -548 -1051 -664 117 -475 -1791 1181 -882 -58 -190 615 688 -588 26 -958 -622 217 -246 -251 -1025 568 1147 -600 -434 -139 -1553 -100 207 -552 -359 -285 59 557 -335 -1076 321 474 -882 -55 -667 715 125 -85 -1321 -154 -363 1219 -604 -930 -111 -258 -724 -74 358 1116 -216 -1479 497 -57 -543 336 232 197 901 239 355 157 17 -235 845 304 908 -781 1135 -103 -362 1004 594]
[207 -154 -603 855 -766 -839 -289 -227 -46 187 786 337 624 -973 -1399 -247 395 -152 -655 1134 -1305 -609 -314 -14 -266 -354 -615 459 -686 679 -233 222 95 48 -600 -1041 1357 -118 830 -1057 182 -388 -597 94 553 -605 518 252 852 -375 548 -606 -930 226 1169 905 -92 361 -253 323 -69 597 -233 -119 546 183 -315 -622 804 1046 -747 631 -473 463 -97 -1769 491 -435 560 753 -818 81 905 438 1119 -489 -60 -1052 -1686 206 287 -702 -551 -541 1293 150 95 -516 1710 295 -464 -341 104 610 -630 1515 -1392 -2 -568 -127 558 853 -220 571 53 -632 -488 -176 5 13 143]
[-65 -64 709 -258 601 416 704 92 451 -271 368 996 268 -385 29 447 -657 15 -379 -597 -999 -314 518 93 801 584 362 -93 832 -1172 -374 -814 311 641 77 425 -5 -65 -140 -86 -91 1325 -655 532 -144 145 -129 -313 -955 488 -337 917 300 -359 530 351 427 -393 -395 379 -126 -1715 2026 186 -164 -926 69 -527 -648 939 -258 341 86 -477 843 -519 75 -1143 87 656 -346 537 -500 -858 948 -1090 -339 552 240 667 231 473 -26 -502 109 -474 7 -319 -1104 -412 -132 418 -60 409 599 -854 -285 -167 20 -236 977 -870 -561 39 -853 322 789 448 630 577 -14]
[712 286 836 -638 758 -195 1083 -619 -225 35 -203 262 -915 -1059 -635 -375 97 836 797 -947 231 1562 -306 -661 397 258 -890 206 -476 -1114 -925 29 -6 -802 -14 392 -555 -114 -1155 -702 160 -942 1101 -1351 -621 -246 -554 -107 103 -1032 368 -265 738 -1167 -54 883 -29 -1067 1582 -394 -190 -481 875 107 -62 -319 632 197 -349 187 347 -319 -124 1021 111 -1215 1352 395 857 -275 -769 508 -276 -315 -212 -286 -3 16 1270 -1268 -863 -542 -847 -258 321 849 -1413 -743 -701 -78 602 414 -933 -393 505 -598 1765 -86 -296 391 -628 318 232 -139 71 -125 -671 -59 519 1132 -24]
[-365 578 584 751 441 -636 -125 347 439 867 749 251 522 519 -646 71 -247 -43 2 -235 -887 222 -553 701 675 -155 -471 -588 -104 -636 -960 715 516 653 1028 -142 -1178 -308 -510 -41 -199 314 -641 23 -954 212 2 733 674 41 -585 432 -585 211 -43 514 190 291 556 82 -102 1652 24 -146 -383 -900 501 -334 779 -257 153 1082 -1150 -857 -4 94 131 819 582 444 173 143 179 -559 -663 216 338 -1417 893 759 38 -246 -37 -160 1185 -974 -242 -216 199 -171 -322 293 -76 -260 4 -546 -1062 -844 -144 -298 94 209 211 -75 249 -824 -1126 535 1155 -450 -516]
[-231 275 836 -204 -484 -359 208 -55 -15 -233 1525 -813 948 806 -539 -436 1211 -215 -632 624 -340 -69 -757 -154 -944 -184 543 244 -145 39 46 -6 -798 35 982 -763 -85 -544 1033 -135 -556 -388 -24 615 1076 -630 -58 -369 967 -843 -229 -947 -326 312 -356 146 -116 1774 1000 672 633 152 -236 -568 -508 904 717 771 942 -337 -218 -355 -210 -232 -275 -101 39 925 614 -824 439 217 875 -182 680 563 87 -206 687 -266 -297 -236 -892 464 391 -270 468 -1438 864 1185 -581 -431 1576 832 -782 897 523 -2 -151 -718 -676 162 -820 796 1293 152 38 875 459 -315 -369]
[-949 453 -552 836 616 262 -304 623 -931 -19 541 -400 586 -1030 -146 290 162 -141 -1458 1173 -106 524 -41 519 993 -348 -761 532 849 -216 -38 75 -588 -171 1078 -466 711 -23 252 -487 601 362 -234 -844 -328 1685 -472 151 1179 -86 23 -406 37 -163 715 94 448 -52 -1104 928 -808 -215 -267 -480 -199 -1513 109 -193 -292 497 -175 -267 -380 -39 277 -1184 850 -66 436 169 -940 102 188 -28 -85 81 184 -419 -177 561 -201 -485 -674 -617 300 -210 331 73 -201 807 98 -458 362 257 129 183 53 -818 -513 -56 -520 810 -242 -120 916 -1221 -555 137 -146 -36 -439]
[29 -467 456 221 340 361 -35 -608 -708 87 884 -2026 754 -1058 -365 730 -272 -750 -365 608 1075 -795 -303 1128 380 -1373 262 331 -128 1742 274 11 -882 882 -516 199 1419 375 163 -585 -843 -345 536 -267 318 1166 371 889 520 218 1117 -3 -17 -99 -363 922 -558 -440 626 -502 548 -337 112 -506 -236 399 166 -243 721 -514 397 -282 -1018 729 -96 -709 -771 -1276 -24 -1156 666 -349 -1069 -723 -303 922 -516 1159 -278 -1165 501 -684 -228 82 1083 36 522 154 157 250 28 -665 -1253 380 -1007 178 572 15 -354 54 -292 -301 -141 -17 -327 -704 307 -592 -962 -990 -108]
[-72 -218 1059 -650 -1065 911 657 -1253 57 645 -1747 -1207 -991 466 189 -153 -321 424 -644 -343 -213 595 325 45 -171 -1172 1845 729 -1610 409 -414 1521 495 -31 -747 -583 519 -17 450 -552 78 802 -566 -398 423 -875 887 199 -1101 583 862 -1507 -402 949 -277 1002 -219 752 194 30 967 678 -259 -1684 -216 726 -142 -210 445 -617 -405 -159 -7 1262 -331 -670 602 -1637 434 -1417 1485 8 -119 446 441 322 145 590 -1258 5 1039 238 742 -510 216 -450 1678 -692 527 271 -162 343 163 1001 -851 917 -268 -24 1223 526 1143 249 -607 237 36 -420 -125 383 54 -988 960]
[187 -146 -958 -213 523 592 -1392 128 462 -197 -718 1173 -20 -1129 -241 714 -205 -462 416 724 842 -1018 918 706 2015 -309 350 -760 584 141 -377 120 -870 220 -604 735 -240 334 -877 637 472 1342 -861 -203 177 920 1292 -247 -620 487 821 -16 -473 -583 513 628 -291 -854 -1677 545 -289 -912 254 619 -1140 -1162 -674 -910 -1760 710 -368 537 -88 -531 -78 -294 -133 -232 -844 992 -459 -215 -584 199 961 2 1174 6 -227 194 408 669 1420 -248 -823 -221 -619 885 -651 -151 -770 -78 -89 738 305 68 461 -701 -268 -519 323 394 -631 -1412 132 218 -195 433 504 -142 -476]
[-117 -292 1076 766 140 -545 171 -1048 56 41 346 -391 -79 -613 -432 -1166 793 57 1049 -647 670 470 -441 -479 -1312 306 959 -90 -767 1029 423 -399 1013 384 -1347 72 117 -322 647 -549 -1543 -134 284 145 -748 -791 -588 -466 116 -4 701 -1349 -359 323 -810 992 2 -737 -448 -256 374 779 -643 -534 284 1648 127 166 31 370 -712 -390 -555 -487 66 55 764 552 461 -96 393 -410 -696 528 -266 218 -237 -235 48 -352 -620 -945 -2043 415 264 202 72 -190 -958 -191 724 -54 -471 1014 -661 496 80 -170 -399 117 -1080 404 691 171 183 153 1312 -255 429 35 315]
[251 -546 444 66 -1398 -222 -631 244 -342 -164 915 236 84 1923 13 508 60 348 -445 1187 453 958 610 -652 -2069 -307 118 782 -232 -1652 561 -757 -275 64 288 189 -158 10 416 917 -232 -538 823 602 863 354 211 -1674 39 -499 822 -358 -1096 282 -1346 -73 -538 -644 -508 646 157 95 -608 115 -322 725 -69 -727 401 195 -113 778 -255 1058 455 -9 1294 262 -353 898 1408 -269 736 712 -729 -285 -556 410 340 -121 -461 -105 845 -292 -28 258 -154 9 511 722 29 35 1589 -743 -440 322 -626 231 -417 -68 -502 1106 273 -153 -1044 -69 1368 1108 -112 -276 -189]
[886 -329 -524 -358 -813 346 376 -566 -406 -781 438 -16 -862 -1959 -51 -558 -617 -177 -134 914 37 334 429 152 -398 588 217 -43 150 1254 -625 146 -358 475 696 -630 263 603 -1560 -751 -694 644 220 -272 603 277 14 249 325 -907 -265 -116 330 183 242 -201 -301 459 27 -68 -764 -775 119 34 131 587 416 85 588 -156 257 -1163 228 152 79 -428 480 53 1477 -444 -619 -210 -732 -852 585 250 -57 163 673 17 -1284 9 963 335 410 -59 -753 -444 -666 898 740 -388 -694 -1297 178 309 207 703 -360 643 122 -555 -184 297 -1023 450 -1160 911 -381 478 -25]
[-612 156 1507 -354 -1603 -654 620 -956 -278 -292 542 103 -672 -35 -177 -587 427 465 -603 -147 -984 919 85 258 -1129 98 -293 159 -321 -711 -393 -586 1241 -85 617 122 224 103 -47 142 -1165 1104 274 611 -397 -593 139 -143 226 -539 -617 -1681 -310 456 108 -729 -208 794 -90 -150 -149 332 926 -958 818 363 996 -203 -528 439 -336 -219 183 -319 723 -120 110 107 674 159 418 -223 -273 602 -326 88 -20 -1331 209 141 -744 -977 -731 105 620 -512 63 -1083 -505 -15 -1804 4 -71 -36 233 748 -774 59 161 -530 -113 -56 -96 572 -249 801 181 112 584 316 271]
[-744 609 116 -1033 1076 174 362 8 -372 -556 185 -67 -122 -528 -480 -748 -18 1055 -620 167 -22 -917 -985 194 -386 -393 -1222 336 -498 194 -570 240 -981 -449 -19 -804 -668 -380 683 892 497 171 43 1305 -468 -1233 718 -21 645 -555 428 -558 259 -637 593 1125 852 14 14 -42 399 169 257 401 939 -734 -6 -548 -903 626 633 -469 17 -278 -683 485 164 1120 262 66 -667 818 642 428 57 -901 1009 -1487 -829 -726 -325 -650 -699 -341 39 895 158 -805 -758 670 -176 429 243 -470 676 1061 -1560 421 -1431 -944 1078 699 -90 669 309 -696 -316 -35 403 548 -332]
[-602 749 260 -148 -261 -172 830 -100 -953 512 759 -218 -345 -38 369 98 -354 919 -44 316 355 971 570 927 -267 -374 190 452 289 -17 266 564 872 -1047 683 -826 -701 -1571 19 -463 -570 607 387 -733 -681 -170 -738 -1293 -695 429 -76 -1299 46 -313 255 110 45 -299 -361 -260 77 906 -746 -1264 449 -131 300 -24 -1122 963 187 -708 0 -225 -378 235 -212 -427 936 1060 -502 378 765 237 -801 -1006 -538 211 291 1188 -148 37 806 35 162 -1283 1031 923 -947 241 -217 254 -194 157 653 -4 -1091 -526 21 -79 529 801 153 581 -527 -1591 -682 1624 353 -349 -201]
[-11 -220 597 746 -953 99 -53 -1679 -419 -1020 33 -1396 -228 86 804 -245 662 197 -1413 341 -413 404 -357 -27 -573 -170 825 767 -267 -692 -152 -178 -1665 236 787 355 430 575 -520 -295 -201 121 256 451 1056 -565 -835 -179 -512 -1 -568 -704 -115 -42 -113 197 1134 305 -422 327 408 -1851 -472 -648 -449 294 355 458 858 -751 573 -437 -117 1794 377 293 816 -359 132 -979 1456 1163 -642 482 844 182 -61 365 -25 -414 54 -72 -639 -264 302 861 -77 -1252 497 766 726 -994 492 -426 -382 551 730 1125 58 353 -465 -212 571 1929 -227 799 398 -22 -335 -357 -1316]
[311 387 752 31 85 -299 388 577 986 -867 272 -188 -256 43 -159 72 492 207 -756 -670 -457 -143 -363 485 209 470 252 692 -1236 -1524 826 921 -184 -930 -92 177 -1058 -943 500 584 632 -521 325 810 -508 -352 -623 462 -165 -505 -970 -284 72 -187 -25 134 683 614 -102 -157 207 420 -445 124 -323 -701 815 -444 700 -146 1217 25 -285 -308 -913 -198 1021 747 543 -331 257 407 952 -390 -173 -73 1308 -760 174 -183 679 717 -89 -304 -228 -200 339 -1021 -290 -195 820 628 861 -1192 28 -333 -1038 -461 -1162 86 336 982 -291 309 631 -538 -111 1381 -36 -120 163]
[1122 -59 2 -333 822 -732 -723 984 551 -377 -1027 688 1202 795 459 -659 -613 501 252 393 563 -529 294 -1288 249 88 513 201 298 -554 -438 70 -264 212 -332 29 -830 847 -1145 1143 555 107 670 -188 -71 -1100 743 88 1636 94 488 426 595 -545 -632 245 162 196 172 129 -677 708 -81 -876 -697 571 1135 -161 499 98 -56 1148 -442 -853 277 -130 206 875 -393 -695 -971 739 -607 -675 -491 296 677 -639 193 -362 509 -900 -432 397 42 606 -261 -835 578 -681 -154 505 686 877 -728 -216 -594 1454 -263 -1171 347 -45 -628 -829 123 1062 262 14 375 752 180]
[-633 193 -35 245 413 -671 -489 -588 46 -694 1291 -1364 -741 -14 -478 498 817 460 441 1076 1309 292 396 -1011 477 -638 320 -58 -240 41 331 93 -258 -755 469 -169 109 -973 826 275 -269 -1037 91 313 806 474 -282 90 -946 652 147 -1250 -388 428 314 1381 -536 -221 738 420 -32 -828 46 -3 44 105 -893 527 -33 -542 116 294 -1264 480 -494 375 -586 -285 -393 397 496 476 676 1033 991 -101 -635 837 527 -149 644 -566 -4 -331 1234 291 758 -230 387 -118 267 937 216 1227 205 1203 604 -1190 230 798 -734 -458 822 1320 1109 -601 786 127 78 642 -796]
[-259 569 -788 948 375 -681 -156 567 112 -52 -427 59 -1296 -1307 -924 -686 -762 -170 16 -114 -1198 24 199 1040 5 -86 -356 284 -233 457 -843 16 -1202 464 -102 231 486 -54 -564 -87 -129 516 -303 355 -710 101 946 526 -1056 463 -893 -1045 -232 -76 1060 -319 478 -921 -396 -232 514 74 -732 149 395 -1483 -967 -307 -483 171 185 282 -418 -176 472 -219 -9 -1078 471 598 -888 89 -638 284 420 349 323 -613 -491 1267 -434 226 649 -136 332 -112 -457 664 306 -497 -351 -225 -41 -331 1327 414 -197 72 -162 806 485 831 642 -21 107 -1249 -313 -331 -699 153 157]
[1036 -199 173 77 -1184 -479 -529 -570 148 173 363 -348 860 -871 -188 -490 -220 325 7 -187 -768 -560 1 -164 -30 357 -118 -494 -277 -120 -321 212 112 -72 -507 48 1457 311 -682 -1238 -804 -1015 331 -262 -1083 -496 -647 752 622 -194 -889 -89 -483 -45 -732 -336 7 312 18 -815 116 200 -1391 49 -37 741 256 -487 104 -581 33 -247 454 683 -362 278 -749 948 628 -435 -1159 -72 155 -31 123 208 -130 -105 -578 -647 -376 -95 -836 1264 563 422 -1249 334 -360 -140 928 -466 -738 -233 -24 67 -82 766 103 822 529 756 -75 785 -359 976 -331 -1136 -1215 328 710]
[-543 832 997 1089 950 -1134 482 -2144 520 250 231 -354 609 -108 -710 359 496 -128 -812 -431 -685 445 -497 -117 -263 862 -157 -246 -876 -618 -229 485 9 179 523 -692 -494 -318 1042 832 525 -1004 686 613 -653 -817 -559 780 -379 -413 -218 -239 -48 1394 -132 779 279 32 91 951 457 -474 1573 -1043 -63 -362 914 101 1302 -119 -938 1146 -193 -200 428 -233 1501 647 -701 448 256 944 1177 -1534 993 -1205 697 -519 286 654 869 -948 -522 -873 1362 -483 -1229 -1681 108 290 323 618 1283 -327 -502 632 -1168 -70 387 -189 -374 777 -169 229 -390 170 22 870 1859 38 -843]
[-39 -1126 3 -83 -634 37 -15 483 -397 -930 844 91 424 -529 -126 328 683 72 425 225 452 1043 -888 -597 -694 -592 -153 825 794 -1120 406 -87 144 541 -118 1006 319 287 731 -448 -1084 -276 -242 247 1201 449 -1157 177 -793 -1308 -26 921 475 -171 -433 807 -163 32 -334 290 -788 -492 -780 516 -623 641 -754 377 1085 -290 -223 -252 -839 213 -28 485 1014 711 -888 -1271 626 -831 996 -54 -171 538 -1385 -657 592 -513 -447 369 -300 -909 -595 -72 -420 336 122 96 680 -59 670 -246 -217 695 -541 -159 -24 234 -109 -239 663 353 489 306 -71 727 -841 1 336]
[207 781 -1170 -661 -177 -154 -1005 1345 -509 213 242 -292 257 535 -845 -409 138 755 -501 375 -772 -464 141 -240 -264 883 -862 -51 1019 287 -881 -436 -126 -29 -298 -681 -458 -27 527 191 -436 -649 232 -80 -1267 -465 -973 421 494 -453 115 957 1281 158 282 -220 -714 660 1288 365 -1357 985 -856 221 -81 -22 -117 773 -344 88 127 -472 584 -570 48 -28 522 890 1006 -241 -622 -373 1010 -929 -938 -71 356 -1304 22 817 -589 -171 -353 921 -273 -258 -459 -1343 -403 203 -195 307 -757 -864 570 -364 -747 415 125 -493 358 -238 419 -155 635 -758 -156 443 1048 50 661]
[563 165 366 -443 -130 -245 318 -851 -652 -787 -482 -547 -349 394 -698 -161 159 832 491 -476 193 47 -550 -205 -310 198 -354 -230 -297 -323 -29 -930 328 -269 -1075 417 623 295 1364 1026 -575 -2007 -256 1069 134 -563 107 805 -586 -85 22 -421 401 152 -295 1203 -481 -562 311 -653 244 -544 428 -383 114 622 -707 -439 -752 -527 -331 405 323 -171 -518 429 368 -134 -382 -565 80 -176 -100 -374 -444 -659 574 -1035 868 -373 -611 1120 -100 -44 177 -367 -365 -946 -785 578 1215 571 564 -130 470 466 -609 -168 96 812 -109 -55 1228 227 -272 236 1100 -2 17 -139 -171]
[-54 370 -1222 -672 472 285 164 687 1064 -632 -645 286 1776 351 1119 -712 -712 -799 1168 99 740 -164 215 255 205 213 195 212 609 1056 760 -149 580 -454 206 -948 826 272 -95 849 407 -154 -498 -772 649 -971 -284 -813 242 -532 -271 232 1130 -994 1241 -1223 -259 1412 -242 1253 -656 -927 -1035 848 -565 239 230 -365 539 -721 -819 -925 -244 -512 -621 -735 -344 -1053 -331 -892 -903 304 -553 -517 1159 -218 -322 738 1078 -20 445 185 -761 1172 -676 -1038 397 -235 -879 22 289 -883 86 -14 242 307 456 -13 -407 -208 -195 -1257 -150 -597 134 532 -123 124 -1389 104 41]
[-152 -168 166 545 192 199 -446 -863 1391 2141 2011 -17 -128 -841 -1240 1314 664 -842 736 356 -495 179 -535 -150 1342 209 -342 -1136 302 -655 -879 -428 350 1477 594 647 925 530 -517 -1294 -1179 350 -152 -236 18 1085 289 209 -996 276 -259 -527 -744 553 152 79 -49 -1055 -598 -133 -530 -59 659 230 277 133 871 20 -154 -317 -194 311 -391 -159 -85 142 -573 1277 -1229 -80 -605 -423 307 481 687 730 -23 271 -735 -1091 -588 315 -783 111 940 424 -1755 -134 579 -169 -56 -186 -701 993 -846 -249 549 -816 -408 335 -16 -426 379 383 1311 74 99 160 136 1258 -324]
[151 -1009 25 42 -794 -362 -382 458 -26 -34 756 156 844 1268 539 622 448 731 -1322 326 -793 660 -420 -998 442 -750 421 537 -600 -543 -555 -602 1279 371 573 695 -133 374 -553 -1574 -346 -131 202 -726 -538 -117 -1563 172 -405 -1189 70 -441 971 877 381 260 143 470 49 -930 -848 247 -6 -1456 741 166 -13 140 751 -856 -205 -154 -200 399 -175 -470 1329 -25 727 -393 94 -280 1221 817 -850 -374 -65 -1043 -357 417 150 10 -552 -59 1515 -124 73 -1083 -263 527 -334 -86 421 -231 -584 -1198 -1230 547 -734 1121 614 -37 412 1225 -157 -898 -303 120 407 -467 -502]
[127 -816 363 786 1030 658 881 -292 -297 -1034 56 509 486 -958 399 317 956 432 -135 389 -22 490 189 -646 186 -1293 608 -886 -140 540 -650 -72 433 -52 -198 -958 1615 -314 -425 -1502 -404 892 1325 -264 -859 145 657 288 67 -1794 6 -1277 661 242 439 959 -506 96 115 -552 97 -442 6 153 -169 29 -344 164 -390 203 -524 31 -130 -1130 54 -1753 615 191 477 -367 49 -932 -34 -80 919 -362 151 -421 -548 557 -492 -695 -1523 23 2381 1489 -148 -1195 -1158 874 127 394 681 760 -1239 -77 -323 -384 -670 366 401 1149 10 247 465 -138 -690 1046 690 -635 -151]
]
