5920.904069 2924.808777 1.028933737 64
[[-171 -716 -619 165 451 316 -290 -261 595 -1052 -185 99 74 -520 -189 195 -204 -366 -660 822 516 -699 -767 -422 -415 -841 249 207 -91 -803 -372 -59 689 184 -53 541 36 -1069 85 -944 -111 201 116 225 1052 -310 931 -342 -511 288 657 568 30 -787 -733 333 303 524 -597 74 467 -256 -145 -310 -1050 -1692 227 1037 -233 931 -1094 291 521 391 266 456 494 -36 -452 -358 216 518 -306 -386 728 -226 -283 -690 91 244 728 -90 -837 -45 -95 -633 272 -304 177 46 -44 384 -465 750 152 -874 -743 -437 142 -629 483 -118 -231 172 127 -530 504 -68 1167 805 777]
[564 428 -402 -1468 433 32 -336 1142 -377 476 -676 645 119 -272 -138 -768 166 -122 971 -171 132 700 118 172 422 888 -283 -349 74 283 -892 -213 602 -528 733 -119 -505 705 -406 344 -240 832 -232 682 -931 -235 -249 548 -23 731 -634 -185 -128 -646 -35 841 747 -658 210 47 -119 -238 990 1023 -711 945 927 -1265 500 11 358 -49 612 550 -538 826 -729 583 296 20 -271 -198 -82 -873 95 438 -669 -87 803 -1046 554 39 209 93 -721 254 222 -6 -68 520 543 557 913 -335 148 713 -235 958 -1130 211 -156 402 1015 -246 -234 210 -259 -536 204 -1386 243]
[539 440 -764 -1128 538 555 278 -665 1074 -675 -788 -86 254 327 243 102 585 199 -474 -286 775 592 329 501 220 -624 -745 59 -410 310 353 -732 763 502 -159 897 -279 -860 626 -269 -1176 -84 396 136 25 -294 1148 -486 459 -789 -961 -162 606 -909 -529 56 1144 -325 -657 -40 -394 -118 54 -1 -656 496 480 198 636 -60 -652 276 659 -149 430 366 -13 -2 -438 -516 732 -545 1021 -1111 1164 586 -330 3 1097 -701 883 189 -892 1492 -494 -386 -130 -194 392 545 320 383 -64 881 284 119 -1116 400 -639 -162 -296 -208 204 122 -143 -280 -608 -1248 -68 -845 348]
[-424 184 209 -495 816 117 800 -216 167 -14 -782 9 -95 -566 -64 -493 -411 288 1004 -874 521 125 252 293 404 656 92 95 -631 78 -245 -473 1229 -137 245 190 -413 338 501 649 -627 57 348 -365 -107 -1712 193 -258 -209 1211 -241 -1050 242 -208 -209 1547 894 -279 -568 -364 497 -501 -1134 379 -347 1648 245 832 76 480 414 -63 487 -317 -307 873 546 486 -52 -246 977 -1469 -147 -1039 325 688 84 520 402 -194 -556 -678 -183 72 -351 550 -488 -311 -1049 -126 39 325 -208 945 -706 -154 371 208 -538 39 -1002 11 1110 -309 -456 -265 -311 -1372 -59 -252 -156]
[337 1135 -516 -613 -531 935 -334 560 -178 -540 -60 -103 -142 -1049 23 -517 80 190 847 -808 -743 -543 0 -102 611 1186 358 -1174 -357 -96 -10 -663 1198 191 360 660 -432 984 1009 867 -77 -584 -229 -186 326 -926 -470 -201 -343 419 328 -947 -109 109 -245 309 290 -176 190 -419 7 -217 493 344 -1214 411 -357 -125 -230 918 -645 341 1673 412 -571 521 93 462 386 -214 333 -1433 578 -497 129 323 -454 -693 728 -211 280 -301 784 381 -829 267 -34 -573 326 35 892 684 -1079 453 -684 -403 270 148 -803 142 -133 144 629 -950 -215 -505 -1180 -438 -960 -546 659]
[1378 634 -93 -464 -437 -200 -664 480 181 36 -316 -776 180 74 172 458 137 -848 270 -126 33 460 -167 1480 983 -450 -695 -1259 74 385 -72 -386 -509 26 519 -207 419 -81 314 324 541 -536 -228 -335 -778 1042 -397 667 -420 -1416 -162 -47 452 287 369 -228 -34 -172 238 -746 5 212 1154 742 776 898 1487 -1143 453 -798 -692 -1321 -2 6 1270 172 -544 -34 244 -850 -403 455 687 -275 -587 -131 -436 -434 -310 -228 388 -638 772 -293 935 -428 1230 -6 406 336 -392 493 256 -1112 -199 807 -456 1198 239 719 492 -269 694 70 -213 407 -113 35 364 -792 557]
[684 -936 -1008 214 748 -556 493 -261 -130 439 -375 910 214 -1202 -354 -382 401 167 -219 901 245 560 -474 -1202 -1579 -327 685 782 278 -1462 -1441 966 350 -618 -772 336 362 -643 -487 -172 -906 914 -75 294 233 -426 444 -23 73 1720 550 836 -35 -978 -685 234 98 567 -414 79 -16 -618 -1183 -219 -467 56 -956 745 667 508 45 387 -1395 410 39 -254 433 122 -635 202 -693 -213 -695 1049 -775 -294 -111 151 -10 535 57 22 -938 -754 -1145 -9 55 206 -823 -241 282 -130 559 874 1264 -569 47 -228 -414 -620 -65 456 -378 701 495 -262 1174 -514 360 771 -895]
[1515 287 194 -481 -297 515 265 -772 229 917 -541 -321 537 1113 -551 -366 480 -74 193 -769 422 1649 -61 643 450 -969 -168 271 359 582 -546 -373 -361 -57 179 -1165 -22 -188 -510 -69 -717 -220 -676 -339 -779 367 914 -546 159 -127 -1057 435 338 -108 429 -797 600 -784 26 -237 -99 1500 592 571 1056 902 197 -560 1096 -656 -120 -692 -693 -150 1491 -193 -1167 -781 -1190 -199 -300 511 818 -487 -606 242 -684 1344 -429 -571 -522 587 844 1010 538 783 321 -542 814 -577 170 284 1550 -166 1191 503 -1328 835 512 5 124 853 785 778 -101 162 442 -781 -359 -1030 -79]
[1252 1609 -341 166 -1437 143 -357 1121 -731 -1415 252 -269 851 -662 -232 -486 -62 -299 -63 -41 -1321 -437 -865 -314 -38 -418 643 -896 1099 -729 -197 596 -9 4 -477 -176 -1087 287 -362 269 -166 -575 -30 -661 -140 153 -447 84 -368 779 158 -498 -535 -353 1254 -316 185 453 -300 -309 -450 -46 457 33 -726 -560 -463 -507 492 599 -841 -105 208 1036 956 336 263 -199 -982 -332 -561 1328 466 -165 -865 206 -879 -585 -460 292 -163 260 981 -514 -496 -111 1230 -613 -24 -507 347 340 319 236 -41 -20 -235 443 761 2 1219 1619 461 -301 -258 -487 85 506 420 746 -295]
[436 -382 -884 -405 500 291 1039 187 -491 1795 -791 912 249 -591 -790 -1772 394 519 495 -906 959 1098 237 -1021 -283 994 224 314 29 324 -1333 -573 1029 -611 917 -120 -405 729 -878 758 -349 2024 -385 1308 -962 -338 293 -75 -607 1430 118 -852 324 -639 -125 186 143 -238 814 -92 -125 -26 161 323 440 478 -721 189 420 652 1135 -210 -1060 -428 38 -564 -167 621 393 57 -373 -1174 271 -102 -474 101 31 1173 -275 -833 -52 -288 322 -274 -814 1242 -782 882 -816 98 882 -632 127 -764 998 292 570 -752 -844 -17 -1077 683 995 416 207 1033 902 -874 -583 -876 123]
[-931 -1676 571 1148 1704 227 163 -1021 505 -684 165 -1011 -267 309 -1290 531 -955 418 82 -100 426 -685 601 -613 -259 -59 1096 424 -308 -523 -226 306 -110 592 -434 -489 849 -14 766 -385 -370 -1052 66 -1054 930 -377 435 -454 -776 718 313 902 -367 710 -1315 117 -143 192 -765 -31 1070 223 -748 -36 -1004 -456 -774 1493 -820 1460 111 -379 709 445 -775 118 -212 -287 314 36 776 -880 -1533 126 -455 67 -991 -630 -898 825 -982 372 -92 386 845 -128 -392 -551 247 -774 187 -304 -317 1249 1255 -1369 399 -1178 100 -166 412 -475 270 745 218 -641 -298 -265 -587 825 443]
[-883 -35 -94 482 -1226 936 -273 -693 -233 1334 433 473 -333 -337 -229 -299 95 592 227 112 618 -292 -1997 -771 -1371 -1120 481 590 388 -568 -694 -92 -342 660 244 -154 -39 -340 -606 -385 378 479 -514 1343 639 804 850 -653 274 -60 516 220 242 266 289 -568 -1016 -97 705 -201 147 1062 -494 -714 355 -867 -604 97 448 13 -395 843 -801 94 1011 -887 -224 -141 -922 900 -209 64 294 1248 155 554 612 783 -358 833 973 366 658 -560 -149 378 90 414 980 63 126 -574 -266 -131 -61 -494 -798 -784 651 -925 716 239 317 1144 251 713 895 298 498 -253 288]
[892 -231 -304 -83 -267 -183 472 -506 -8 407 -95 858 -735 -787 221 -263 -302 -27 527 -36 591 1323 -404 -164 -1009 498 71 -368 693 -1154 -475 210 292 -1007 119 -442 142 -288 -372 132 -45 133 -139 -836 722 -772 -101 287 -154 860 655 180 307 228 -1106 -575 245 -616 -52 169 292 -210 -220 510 420 406 -529 1080 -400 -393 -990 -91 -1222 -554 249 -95 235 136 357 -518 -691 455 648 344 -690 -1286 433 773 -633 -377 -443 -837 -180 -284 252 886 -4 -1029 355 -100 70 878 378 426 1184 300 -485 127 -275 -399 -535 259 -802 -577 1047 -13 452 -144 -21 -247 820]
[-615 459 -157 -33 -147 -83 420 996 -525 252 -679 174 196 320 -601 -249 -174 -158 799 -161 -120 -276 -1232 1318 515 341 -786 639 273 589 -260 423 251 -34 690 287 -777 996 -181 259 291 592 -356 72 -1246 -342 348 -79 34 801 260 -477 96 -1067 1100 1422 -440 -400 1053 -164 1239 19 -304 -271 589 1051 1194 -88 518 -720 1138 -335 622 -60 393 112 983 249 -378 157 278 25 -126 -283 779 1376 746 158 2 -20 301 -604 261 -1628 35 120 207 432 -1398 405 -1036 -1170 557 -1073 -2311 209 85 240 450 309 -484 434 871 210 -693 -289 -1 524 872 -378 -906]
[997 875 -996 134 -196 171 72 -33 -471 -843 397 -246 213 118 -526 70 1229 73 -637 -390 -1450 -18 452 509 432 -19 612 863 -285 102 1164 346 171 649 -904 1661 -222 227 906 237 -294 -653 552 -953 -478 941 -130 195 320 -963 220 -282 240 -459 709 -748 -805 -155 784 126 -29 -607 -1198 -71 336 -623 -881 -297 248 -320 -37 126 391 265 -156 -1084 405 -812 -465 10 407 -563 895 801 -155 186 809 -341 1014 174 -109 613 69 -188 -118 -8 27 357 -434 135 680 -1201 -651 -305 -1540 -21 332 -847 -396 315 -157 741 -1123 233 -417 -342 -661 -812 -1504 876 -1196]
[-139 -1031 540 -617 1706 -587 -579 -110 72 266 -155 405 282 -149 221 -77 -67 -296 -71 182 -216 939 1200 -71 454 1336 621 -203 -503 218 -1226 -712 -367 -758 555 -537 1120 201 -149 -773 -637 190 -1027 436 453 -1144 -204 288 -1135 1007 -219 230 -429 61 -1341 608 1297 106 -491 198 306 698 1058 397 -501 -493 706 -340 37 925 360 -417 356 -667 -286 1435 -576 460 185 728 45 -396 -1222 -1264 -1003 -612 -1563 -133 -646 -100 -438 -1093 -77 97 200 393 52 -357 850 -623 558 1091 632 141 1021 -774 1345 746 8 140 205 -91 1138 275 -103 -618 687 -323 -164 -163 101]
[-114 -577 -350 535 41 -429 272 -551 453 114 665 332 -71 -214 664 476 -385 576 -387 771 -247 10 -282 -288 -803 286 -356 38 473 -662 -1293 478 -1466 489 -1152 746 1277 30 238 -1150 -157 -297 -270 -868 200 218 -461 -20 941 -37 -346 1273 228 134 -1216 -346 -348 -7 692 250 522 434 704 -544 -737 -33 -933 939 515 -710 417 535 -900 -464 -584 -144 525 -371 608 554 -1350 344 -122 923 -401 -10 -612 -151 -878 1021 964 13 -175 -554 -838 -464 -224 -426 609 -225 139 -425 339 -257 754 -1398 607 23 303 -23 450 -1376 -903 590 461 -542 576 386 -262 -353 66]
[477 679 -480 650 262 480 1136 -358 707 199 -102 -652 599 1544 -316 -292 195 344 -235 -786 347 194 -21 -139 138 -1016 -437 53 155 539 -95 -35 -891 946 49 322 -621 -454 13 -319 -78 -674 174 -559 -958 598 892 -700 140 -598 -978 -159 509 -620 1134 -320 6 930 656 -531 114 -86 550 -922 715 916 -128 722 1053 -1184 924 -724 -1248 362 396 -885 -193 -854 -248 -612 -306 -90 469 -469 -386 1035 -230 42 -576 -283 -205 48 416 305 -431 -476 197 104 -768 55 -143 -1395 -606 -1108 650 -486 311 -400 1135 808 -267 39 788 1272 -1222 265 -21 -668 259 -540 -161]
[-1977 850 1750 19 -976 -252 227 245 -812 -286 696 -336 -345 120 -111 -145 -1265 794 560 -789 -24 -1053 -643 309 -296 -550 653 -569 837 -680 553 317 294 -37 -481 -1220 -848 882 -341 146 101 -895 -311 -747 1200 -320 44 -1055 221 410 389 -50 -175 1248 742 21 -637 -846 -819 77 307 713 -34 -581 -771 29 -1241 -196 -1042 685 342 1559 1002 -56 452 146 718 551 493 838 682 56 -802 586 794 774 241 116 -262 586 -703 529 -90 606 403 165 -498 -142 831 -581 -151 448 -791 1426 272 374 -437 -206 654 -693 423 -161 346 -766 753 95 -1152 1162 -599 -55 602]
[1457 77 -707 -576 -234 567 475 -988 324 935 -455 272 60 964 -338 538 762 -60 647 226 -4 701 -1058 1609 122 -1352 497 708 -804 24 -1094 -42 -125 206 -894 744 341 -482 1338 231 89 -723 -629 -1766 -321 518 550 -108 645 -916 -499 2108 1049 -3 -369 -366 -129 -959 971 -1018 638 431 -54 35 1525 561 -150 226 1487 -1048 -129 -292 -868 -10 885 -922 -284 -838 -1261 5 -462 -1566 476 376 133 211 452 924 658 -12 566 983 824 502 89 46 402 -704 -685 -142 26 -13 508 -265 -571 -513 -941 1262 109 452 22 -452 -30 739 -535 -118 -44 -833 -581 -931 7]
[-2190 81 310 -76 -221 110 1522 -972 -250 -227 -750 -166 165 667 -513 778 -463 779 249 40 978 177 -476 430 -76 -332 412 761 68 -277 710 -550 -93 586 -918 -775 -165 297 473 -97 -731 -830 -231 -443 350 -406 813 -1137 236 -101 -567 -324 -160 -112 -1159 -178 618 -744 -1060 808 1109 772 -418 -1072 -219 -109 310 978 193 736 249 313 973 -868 809 934 743 239 -1583 1027 1656 -834 -205 -715 1118 1339 -273 1063 -924 386 571 313 -432 1113 687 143 413 -547 249 203 -436 -77 5 2095 -66 -662 -501 270 656 -429 248 -201 770 544 586 -422 -260 356 -235 544 -85]
[51 -114 -229 -474 -661 569 -245 -981 -155 -74 586 1245 -182 616 230 -174 -487 8 -500 111 460 -55 -669 270 -305 -787 -928 24 -153 -86 148 -401 478 -410 69 1201 -337 -988 -147 -659 425 693 -79 -411 1197 51 519 282 545 -1082 -203 596 345 719 -936 -311 -268 -1044 460 -63 -189 703 168 -14 675 -1104 -396 755 -736 241 -1897 814 460 -593 74 -954 -182 295 760 452 -561 156 897 -364 1700 -631 123 384 498 78 1014 1496 -159 296 -78 -406 -1072 -225 654 -503 833 -60 317 500 225 -126 -1222 59 -729 -536 86 -422 -1178 -632 931 687 -25 777 73 -314 1689]
[-206 -439 -382 12 329 106 -303 463 -49 -541 135 -132 -343 226 -329 603 -557 62 1021 992 197 -604 -176 673 -313 -641 -801 -289 -569 -370 -124 -48 -765 555 164 1238 462 20 251 -1183 287 -523 -143 -618 49 1637 -366 169 508 -1916 -844 2352 -69 274 -1172 -95 -912 -531 449 292 927 -515 1470 -39 -526 -248 683 -378 -801 8 44 -145 1370 971 -1341 -757 -294 -334 892 -356 -143 -1013 -380 -101 1263 110 -371 -886 771 193 1254 1180 -225 332 -36 -870 79 -449 -1 599 638 -400 138 -523 -40 -1203 -632 -128 -1053 82 971 -894 -468 268 879 81 -999 597 -4 -220 1424]
[370 -1144 -77 -736 805 -73 -31 224 425 -84 -858 200 -96 301 127 203 -111 -957 -795 696 1530 -284 613 124 1097 880 166 -226 -848 1787 53 -640 804 -209 25 -670 346 332 -318 576 1256 769 1384 -19 -1423 1534 -1216 1646 -625 -1102 -442 -469 761 -197 -203 -559 239 -48 779 -161 -187 -362 926 1085 660 -923 1631 -991 -201 -33 380 -832 -628 -506 -4 618 -85 -190 488 -631 -162 336 -534 -544 69 -829 192 397 -429 -810 1041 502 232 135 1027 -113 532 1159 -739 1331 -137 -61 904 -1941 -617 1158 461 129 -1095 744 191 -1373 207 -114 -559 869 1021 -915 132 -1031 980]
[-258 661 -1520 -884 -605 91 -188 -5 406 799 190 -262 300 1397 200 715 70 303 337 -371 548 -1082 -427 1276 955 73 -1294 -45 -782 970 434 -1429 74 791 285 1007 264 -213 1419 -15 915 600 -356 548 -1321 733 542 54 301 -1984 -41 -31 418 489 -991 104 -703 -1136 1419 -685 103 97 570 -218 272 -314 736 221 920 -454 -949 -456 430 -192 466 -304 -338 815 756 514 -189 -385 704 -1122 1606 993 -103 -97 667 37 2543 152 254 80 437 -852 -18 764 503 1188 -271 -865 -849 -636 -990 259 -333 668 162 423 -553 -1313 396 -264 -756 888 -801 1068 136 -976 721]
[-1494 -153 925 1391 -513 186 -355 -1042 -31 1272 1247 214 -940 390 502 -655 -1082 1534 908 -1596 501 -325 -50 -1398 -423 604 -554 277 -381 480 541 -444 -597 416 422 -710 513 431 151 31 1159 16 640 157 -24 116 -398 -471 1346 -112 -101 -867 -357 1588 -349 802 -659 -511 960 362 612 -60 -1311 252 -236 335 -1029 1243 -906 -663 765 -147 -676 -1 -1246 -926 -1224 153 1429 578 281 -515 69 -2 392 132 141 1060 -207 594 -747 422 1272 557 -199 445 -1741 -152 834 -208 159 -106 -1346 -121 67 141 484 -1325 30 -472 -1120 -505 -163 -129 -300 1343 -452 -470 -80 26 323]
[-38 -738 -798 812 374 -631 1123 796 6 477 -219 -206 117 -648 -784 -170 -140 -138 965 278 -159 -313 533 -591 -115 1139 -771 558 -31 -177 -384 78 492 -89 497 330 248 -221 -853 -41 -156 2331 288 385 -1458 -385 -160 93 -625 1190 211 229 -140 -260 87 588 -620 -105 -261 116 168 -483 -657 197 583 184 -442 1520 -213 488 737 -673 -928 -468 -874 -436 238 496 593 17 -251 -190 -321 718 -377 -702 846 415 -144 117 698 -526 -653 -1148 351 801 -938 34 -1834 -136 -1008 -1350 451 -254 11 -166 1098 -1268 -458 33 -1326 86 -362 -5 413 302 740 794 132 1234 -643]
[-724 486 -724 -432 -78 527 -141 364 -437 -126 272 1327 -709 -1112 113 -192 19 -134 665 700 537 -1144 -1439 -502 -944 935 -684 -75 -190 -324 -156 639 826 -453 1372 850 -355 -345 -1233 206 286 1068 -132 879 393 -31 -161 1194 -438 718 166 -130 462 -468 -259 992 -469 51 381 -594 591 -238 -334 -12 -197 397 918 456 -251 190 -1054 326 276 29 -192 391 -566 1426 534 -21 -554 67 240 690 642 -17 943 -376 709 118 1216 119 -366 -1514 -535 51 -16 503 -264 567 -169 -726 396 -333 -641 -559 -275 -156 -1646 -310 484 -86 35 -331 122 785 382 563 681 -670 1081]
[80 917 -267 195 -760 -170 -607 -630 142 989 -848 664 721 -295 9 47 393 -383 -541 -551 232 613 -750 98 -647 -235 -330 -257 126 -393 446 -530 359 19 117 179 -43 -82 -93 -50 -587 -1023 -555 644 478 -642 335 -1081 -200 -112 750 -1783 108 -473 290 70 4 825 390 113 -531 490 -228 -771 633 745 545 -608 250 -799 -1032 712 160 -7 1263 -589 675 -86 -444 324 463 -1107 215 -746 358 1001 -461 581 369 587 115 -1520 -29 0 -478 -514 927 705 685 183 128 -61 -610 341 -643 -281 -27 341 591 -642 -726 445 762 188 -690 -112 -27 -1008 440 727 -658]
[1565 778 -845 -613 132 -204 526 -357 -772 906 -478 -903 866 1038 -749 23 1594 -286 128 -988 -951 683 -79 1043 1232 -807 -409 40 -195 543 57 -450 321 -586 122 259 306 -20 1031 640 230 229 -550 -818 -1518 919 1469 -494 -70 -267 231 592 566 -717 432 -583 -109 -839 -33 -315 537 720 366 52 810 383 440 -861 1131 -795 -334 -1126 -480 92 1306 -633 -770 -471 -657 637 6 -488 17 261 -452 -133 -223 30 839 -457 -309 109 -295 -74 328 129 -87 349 213 84 -492 514 -545 -323 -5 1264 -849 584 15 554 -795 506 -251 14 -321 -141 -559 247 -804 -352 -906]
[428 79 -697 753 -22 62 -230 -1738 -138 107 -661 47 4 -291 -471 812 140 -737 -193 395 -246 720 -929 -882 -976 -233 -111 -435 -465 -1132 168 -374 688 -834 140 -125 743 -741 764 -11 -335 -653 -423 -607 1196 -844 484 -575 14 809 1286 -542 15 -722 -810 -795 419 1178 -282 52 548 243 -169 -1229 853 98 824 686 -322 -80 -2472 -825 -413 -356 634 -765 527 -811 -732 351 -135 -1171 -487 -442 -179 -984 -197 82 -250 1036 -298 -446 277 65 -5 25 682 -799 154 -541 -318 1137 218 895 -52 -443 52 263 317 -409 -723 430 -191 255 -149 -1411 -264 -289 371 1105 -429]
[943 672 -715 -965 -639 1242 473 -533 317 342 -655 1233 334 -567 -143 -1157 998 510 -460 -481 38 531 -172 -802 -128 724 545 -67 261 -180 17 -79 1474 -697 327 -395 -1211 1018 -595 1239 -996 -634 -470 718 1110 -2031 253 -444 231 1140 253 -1184 1 -788 297 353 1084 572 -339 -529 -1252 -56 -477 -226 -537 1007 -591 234 247 371 127 1376 171 -171 169 513 288 862 -1006 -79 586 -1101 1458 -691 -456 444 181 346 681 -1232 -927 -243 708 1171 -1954 720 -181 -115 112 -847 1049 814 -208 1227 677 -481 -326 617 -388 -30 16 829 483 -648 -576 -208 684 -1467 -1116 -531 62]
[1124 296 -237 290 -709 -7 1240 216 214 -1106 -502 -842 1358 -576 265 -219 542 -760 -1118 456 -565 -721 635 998 1188 -1552 -295 -1045 -7 440 143 -965 684 1093 -901 1417 -292 -1297 384 203 193 338 616 -805 -269 674 421 -773 -528 -1461 -281 358 804 -122 518 -1148 134 100 -561 -921 -189 223 516 -820 771 -1233 -291 499 -239 278 -322 116 134 -178 566 -770 873 -558 -542 -325 -412 -94 477 -26 414 -513 173 -590 -44 -85 615 -476 -576 259 362 -1210 -284 654 -687 -133 -95 -79 -1651 -435 -266 -603 -459 128 174 513 297 -928 -324 -245 442 -285 263 694 -325 411 309]
[1148 1134 -699 454 -882 -74 -250 -194 100 -621 246 -743 817 1263 -700 -659 688 372 -847 -673 -939 992 495 382 1269 951 614 523 1356 937 952 -265 -214 1088 -579 -853 -706 1284 394 662 -253 -651 68 386 -762 429 -354 -807 694 -730 622 -1445 -526 -116 868 -1472 -122 -342 1039 45 -304 111 428 -218 -261 -811 -567 -498 308 -250 668 -585 650 205 282 -785 323 -225 -715 -224 -107 384 930 -1284 -220 1169 -398 -347 -619 -333 27 -237 1995 715 766 681 895 209 711 283 187 -241 -11 -213 -387 575 298 185 1336 529 198 924 454 318 -203 -670 -817 -356 -1716 -185 -918]
[-569 1109 139 -692 -463 -82 731 859 -1775 1639 579 1315 -742 -531 73 -1679 -419 1020 1968 -595 -184 29 -104 -57 -1095 -74 -133 245 556 -1391 -644 95 220 -721 1096 202 -851 471 -1088 -754 158 831 -883 361 -90 -1411 386 212 269 2095 -47 -171 -60 -383 70 1131 -781 -959 804 -325 1006 -954 -1054 64 -485 1654 -657 6 -351 -376 420 823 -423 435 -802 389 -149 -132 717 320 -1275 980 -471 252 -110 526 1146 342 502 -49 -938 -474 294 -1463 -1162 1030 -942 -215 243 -247 1482 -87 -53 -260 71 -213 -118 54 -745 -345 -859 1283 626 -286 386 473 444 -527 586 -1405 -90]
[-1059 -1019 332 396 886 880 1535 -1080 767 637 -179 -127 -521 2247 -656 258 460 393 -256 -344 546 317 1032 -634 -318 230 -589 999 -112 1016 970 -5 -525 382 304 -955 668 321 -374 -291 -477 -179 -176 -489 -584 280 956 -245 -234 238 -1586 488 -147 -206 -905 -1099 316 -292 249 567 387 1003 5 -493 808 -229 -194 1309 152 14 617 -781 -612 -1050 -131 139 -389 -240 -309 449 949 -69 4 80 -262 -218 161 575 -906 -756 84 885 291 980 817 1201 -1377 -350 35 -167 -229 -1076 363 -310 1364 -679 760 -1542 -236 315 -577 565 -557 667 -13 58 902 -407 -1209 -494 46]
[-24 -138 1052 906 786 -86 23 -206 -581 -828 1239 -313 605 1674 -158 -267 -376 -441 597 -118 -574 -696 -349 -633 -420 -759 -261 518 -83 580 306 1072 -1108 185 264 -93 -84 -1150 -938 -891 972 52 1200 -345 -1027 1366 163 400 -412 -451 -1554 1338 -611 982 876 -568 -153 82 -98 -761 7 -534 -365 -297 966 -1493 389 112 -278 602 -170 -824 -738 1164 -810 -500 -886 -127 -77 258 -338 944 -1162 -458 -138 -398 273 -265 -144 -1 -241 1943 172 -1098 1197 -81 -130 -9 -784 -68 -69 -601 741 -547 485 -526 592 -720 56 82 1316 1100 -398 687 -56 756 110 1098 416 474 23]
[-774 -543 146 -231 792 -570 209 555 -603 1011 -475 1585 -570 -292 63 -1135 -496 774 98 358 858 1009 155 -1490 -1019 965 1070 207 436 -506 -833 170 -551 -1268 580 -694 -255 1028 -1226 -231 -731 755 -224 623 360 -256 -296 650 73 816 248 -112 -63 -885 -2 228 134 433 -73 751 -261 -599 320 -359 -684 766 6 -1165 -348 401 2350 220 -1360 -879 124 827 349 627 300 712 291 -950 -1679 338 -796 -600 -635 117 -684 -104 -442 -293 313 -221 -1231 754 -155 495 -389 236 699 122 288 -62 1364 190 1568 95 -152 176 -81 345 1066 313 108 476 1254 -1045 111 -299 68]
[994 -114 20 446 116 637 -134 234 -63 1903 96 -544 -131 -1054 -194 -1001 1296 -610 772 -645 -614 -973 542 -744 774 792 998 -330 246 334 -575 -52 -194 -57 1107 -629 -239 697 81 2244 346 -33 -484 987 -54 -333 -291 861 -526 269 1401 -214 -564 714 136 -57 -488 567 184 -913 -746 620 82 613 -128 1365 29 -243 302 97 152 -1116 -927 764 -531 371 -1228 927 151 -385 -290 -442 -156 419 -1936 -673 -434 -790 -434 -288 -1722 -1631 986 -1140 -321 864 286 830 369 -27 -181 623 -1160 -639 648 51 68 371 -368 936 -17 -197 314 -511 -16 577 632 -6 -1117 -717 41]
[1284 -121 -603 -543 -958 -297 -313 -1097 1153 1588 102 -850 382 359 -367 832 531 81 -149 98 403 511 -1150 1276 79 -1526 369 408 -2 -76 -1347 -188 -556 169 -625 -810 652 -3 638 686 -178 463 -846 -32 106 1060 54 22 856 -1120 1041 1222 911 663 348 -82 -706 -906 849 -934 -359 1586 603 259 978 444 -692 -34 1777 -909 -245 223 -1216 -588 1991 -585 36 78 -314 164 -422 196 1251 1725 -759 253 972 1186 -388 905 267 224 1117 60 809 -22 754 -168 579 -840 -922 118 1060 -833 -219 638 -1183 771 1367 -60 86 -1433 233 1302 -318 96 545 -311 -743 -746 -168]
[-932 -160 -48 461 -1025 226 495 207 315 156 245 -181 -272 -137 -20 549 -285 172 1 -866 74 -1441 -360 -224 41 -26 -1983 -494 278 107 1045 212 754 82 -131 -239 390 796 475 1081 897 -435 110 -88 -263 425 554 -602 363 -127 635 -903 -421 246 89 181 -1013 81 -69 604 -75 759 -755 124 -94 815 -241 750 -768 -207 -318 -185 349 -391 777 -911 478 405 597 796 1015 -602 326 916 673 409 -7 79 -414 646 379 53 -367 169 -623 -337 -970 805 -178 -91 -826 -792 -1256 420 -561 1125 -65 -1700 -103 -695 -1158 -272 -438 -1231 409 428 -685 1600 9 703 -604]
[-938 -479 -328 -923 1016 -16 704 -565 1309 -191 -546 1033 98 1095 444 175 147 115 105 -127 607 -653 -166 -68 -939 46 -1407 691 -904 506 420 -111 847 -843 979 902 -945 -391 -239 -615 -72 1356 752 -122 -143 -872 664 732 605 217 57 180 -93 -245 -98 1772 636 -549 28 411 39 -322 -82 -135 668 -564 720 1523 -273 -468 40 187 -612 -673 -766 -213 531 536 230 285 1451 -715 -191 -1656 1821 -301 1218 989 1247 -539 531 -15 -1611 321 -825 543 -1413 -662 -1327 228 -232 -538 590 -183 -858 49 136 -787 -301 -596 -1528 59 -482 -451 -930 -186 -74 -55 1113 34 -244]
[396 1126 -338 -323 -1573 441 1106 -912 43 -744 834 8 -239 642 -118 -400 108 619 -262 -238 -41 43 245 -134 524 -165 336 -457 266 -478 1257 -504 1412 10 -240 -797 -541 286 -787 214 640 -653 -15 -457 136 446 567 -645 30 -642 210 -420 498 604 593 -1135 -918 -561 -468 -231 290 804 -46 270 89 -140 -1567 287 -1125 574 -686 671 1305 -358 1083 -112 -723 -16 -973 168 523 -45 379 1105 -152 622 967 466 -33 -67 548 761 -15 1003 128 883 -115 -910 711 -386 656 -645 -183 1151 431 -197 -701 -565 -96 -740 194 320 -137 -481 1162 -164 -786 -263 -2125 9 629]
[-188 227 -721 525 -740 810 657 90 623 -691 -977 -569 -546 -433 -123 -163 -414 -200 59 -432 344 -994 -867 -30 466 878 -31 -931 446 -389 -29 -806 1480 1034 -130 800 -673 -206 755 198 129 392 600 -902 -281 -932 532 269 -783 669 320 -1505 441 87 -497 690 0 -625 151 425 906 532 -385 1114 -597 -585 -458 2086 518 397 -1763 -241 684 -80 200 744 826 276 165 -724 396 463 799 -272 692 557 30 225 -1041 138 1619 -1533 -88 -1023 308 532 201 -1145 -45 705 -368 -576 -184 680 -988 -674 -323 -592 -97 -203 -804 -93 -297 -260 85 -259 374 -937 441 333 1136]
[55 752 188 -394 -644 -991 338 754 -996 282 299 4 173 -680 409 52 -313 153 1604 197 -310 204 -172 846 541 -624 221 506 123 -211 -71 293 -1122 262 -798 533 -710 680 467 972 776 -361 162 -620 -790 584 -1310 530 1151 -664 -188 -156 -872 470 426 1200 -682 -428 350 106 567 -1028 -362 571 558 1976 487 -1118 408 -983 434 -754 433 1206 -719 79 118 -661 -869 -428 -116 -894 -376 17 -374 1328 -451 -148 190 1148 -62 107 455 -1152 -498 -522 1213 -1002 -1278 317 -129 -650 362 -16 -1802 358 -3 790 415 462 -461 169 790 323 -192 -317 -741 -204 654 -58 -1462]
[-533 -870 52 1048 72 242 53 -474 150 -46 -709 146 -151 -1622 -539 -100 1538 245 -940 671 -332 -928 -462 165 -2 445 -49 46 -765 889 99 157 1197 -126 261 1304 115 352 372 1260 132 1106 -565 807 1090 -610 -278 -551 -748 546 1592 284 -53 -390 -582 527 -87 187 55 -473 551 -153 754 -874 318 -1504 -145 1147 -547 626 222 -239 975 210 -88 -1283 528 908 -161 -1270 471 -2338 216 278 1605 -629 -25 -468 460 654 -176 -747 -651 -82 212 14 -660 875 -922 331 -846 347 -1651 -85 -1100 -637 -585 -503 -1099 -360 -227 -477 -782 -402 821 -87 -347 886 -215 289 44]
[-328 -194 356 96 1392 823 -627 -795 902 -52 -279 -345 -749 846 -886 794 -236 -731 290 -651 508 458 -145 1129 736 292 -910 728 -328 -38 295 -230 -201 880 499 1241 253 -1080 428 -1460 -699 -986 857 -1067 111 -527 631 114 -207 -1207 -710 -638 939 -41 513 -206 299 -183 386 -63 315 428 -778 -81 1315 625 1572 1274 142 -1876 -631 157 -704 -566 -510 87 62 -770 294 658 306 196 1031 -618 362 -429 555 769 -376 105 120 -260 -19 -378 1288 -510 277 315 595 77 -796 -1179 513 -160 -750 -483 318 -229 86 495 -277 -1110 97 1315 -1061 362 137 -588 629 73 411]
[362 464 -269 226 -1296 -46 39 595 -280 112 248 -124 -966 109 802 -219 1049 155 -351 151 -296 139 -816 284 87 645 191 -701 523 278 1058 -11 -1135 -889 698 248 -509 335 -127 49 -98 393 -746 747 6 -285 143 281 -626 -393 1245 -494 -225 -39 360 -1367 -970 -270 979 333 -192 392 870 -318 285 96 -157 -88 16 -117 -92 -114 -13 -594 959 182 1686 252 379 -853 -262 1174 850 1175 -14 -1055 970 -122 -1681 611 96 -1318 -80 -1761 723 832 732 -236 503 843 -433 -271 -115 -950 -390 70 -96 206 535 27 262 356 -449 -405 1251 -357 336 1457 -532 -74 -210]
[-21 972 432 228 -1458 265 596 214 -536 -234 -158 -62 162 961 -382 -632 60 104 -1368 -385 -454 454 46 554 585 -331 -281 121 1110 418 378 419 533 -49 -98 128 -1487 470 -132 273 -623 576 -495 80 975 -905 16 -797 486 -26 237 -489 -240 -308 1094 -724 -168 -433 22 -126 -640 58 877 -970 484 -623 -1043 -404 218 -204 360 735 -233 -310 504 -1169 1116 156 178 -560 -428 241 976 -526 1107 1 -37 -359 286 -459 -426 313 319 728 -191 90 -514 209 -633 -637 -147 -126 -199 455 -77 257 -576 723 1178 212 -531 563 -951 -769 71 193 -418 454 87 -488 550]
[673 -71 -1113 -564 1701 -886 1591 -121 41 -377 -888 -418 -368 -61 -651 -238 -369 112 234 -967 1240 902 1138 648 617 -624 -77 14 -521 -904 103 -126 1571 -279 -649 225 8 -1013 405 173 -1179 -11 651 -1725 -200 263 743 121 -8 620 148 -826 398 31 -439 206 389 -1034 -231 382 1653 -689 -900 1297 -249 1063 43 1219 306 -83 -772 -1266 -892 100 345 -770 -167 -251 914 -409 -22 -142 124 -807 520 -316 -175 689 -611 236 -548 301 -1146 1124 404 -122 -80 76 -1146 -94 1053 -287 -406 830 1127 594 -920 -113 -739 -684 -995 -241 465 359 -465 402 -755 -1379 187 238 120]
[123 43 62 -821 -79 -6 -243 -526 40 968 209 1396 -589 1723 1131 -238 405 386 -467 437 404 714 -299 957 -211 -184 -257 -296 -1093 1438 535 -1164 439 -492 509 -15 -174 -643 -938 -272 678 -66 -509 624 577 -22 394 369 8 -274 -632 -93 729 483 108 -25 406 -870 1491 -768 -482 299 93 211 1150 -437 388 -801 -31 -810 -103 631 -436 -642 415 -482 -652 433 208 541 -165 344 767 -650 628 -338 1043 438 227 -1104 -206 -146 1131 559 660 -87 -1125 990 459 119 792 476 -172 -1623 -164 99 -461 619 -498 -98 581 -142 532 36 -706 837 731 -766 -536 -1109 607]
[-972 490 -270 -943 440 -98 723 -340 -83 -1264 647 415 -660 -444 963 -114 -397 -565 435 -587 -30 62 544 449 901 673 593 -345 -1110 -573 531 -384 1121 -492 -420 559 -35 -382 1089 -1155 362 -517 414 -1010 889 -1162 -439 -356 -66 -722 50 -848 -164 868 -1048 273 -66 -621 -120 624 1144 -277 -592 349 8 -640 -776 1643 -762 898 -886 966 883 -843 -1041 -61 1439 -157 1416 70 157 -774 21 -828 1271 -137 789 726 431 265 1003 50 -1715 493 -427 444 -216 -1014 -235 -51 1302 381 -1040 1333 -338 -420 753 116 -323 -270 -702 -1091 -737 -765 669 -72 -1026 -259 -389 318 999]
[-469 -75 -308 -151 -1142 1505 -233 214 527 245 -98 143 102 -577 -35 170 -475 783 1288 341 -388 -838 -896 -293 -1118 1003 162 -303 -322 779 -230 -542 -57 728 1223 267 -634 819 -66 581 495 568 -264 557 -11 -382 -180 -441 -369 615 236 377 20 798 85 -19 -305 -1147 853 -309 -205 448 151 -144 529 -194 -574 -290 -395 -312 -137 806 748 325 -1122 -803 149 -414 -271 629 -80 -1179 -463 682 57 200 969 411 614 -103 904 -759 711 -431 -317 826 -419 -883 332 156 344 -107 325 -679 -1480 -467 -56 -938 -36 -187 -184 31 297 -402 -781 -1463 -488 966 190 -1398 60]
[593 165 44 766 -245 -374 -591 334 75 -721 -130 -1358 536 -1030 24 568 -396 53 240 -739 248 -1992 1145 -36 548 363 130 -153 -595 -145 190 -284 -246 600 -34 1105 314 -32 833 454 -474 145 692 9 -1028 -317 -1267 711 -382 -1089 33 -520 -48 1162 39 849 -277 916 -1245 -496 -1509 -1259 -1164 405 205 423 -638 152 16 1163 -257 -973 -342 47 -175 314 317 378 677 -1434 -47 -1109 -17 -502 -116 196 -78 352 147 1080 -367 -380 205 -211 -169 -249 473 563 -1086 211 -220 -572 297 795 -606 -403 935 -326 22 707 -447 -250 -83 -622 272 740 -167 -14 145 1931 -19]
[407 502 -102 303 -461 946 1112 -77 -27 -904 -200 -992 -229 -836 -1398 -230 -140 1096 182 -594 44 -1087 -517 153 -1090 -475 39 -280 665 -818 -474 -164 1670 1124 -167 1129 -1152 779 -669 313 -1098 -533 -233 -739 1319 -732 697 -1243 -260 1541 309 173 483 -628 469 327 -402 -146 -690 -545 325 432 -563 -398 -1544 836 -1363 793 20 199 -640 1410 423 1146 10 -482 1150 -518 -371 -792 -193 -590 683 541 75 1001 164 -820 438 594 -908 -319 90 -165 -712 295 -752 172 163 -729 566 -372 -331 780 -145 -983 -1553 -1112 -82 -620 266 412 133 -62 74 -947 -335 -875 -483 -409 1117]
[1283 557 492 -1014 359 -348 463 -544 748 -750 -73 -283 316 1160 666 482 -851 336 695 -964 511 859 -636 73 575 125 -632 -294 286 413 -150 -154 -268 -1000 -20 -423 -854 -631 -20 781 -654 -197 528 -1268 31 -1115 816 -445 -77 306 -1125 570 629 -137 720 489 1711 -431 -1676 -170 -608 370 272 786 -62 1926 829 343 660 -743 -184 93 -931 -756 495 1108 55 245 -215 -375 -156 151 426 -756 44 -172 -122 564 -116 -120 -877 423 29 128 136 124 160 -1200 -597 -379 -1375 1166 1500 1258 440 844 -410 1313 929 -57 -457 -337 897 -960 -488 -449 -571 250 683 -127 56]
[97 -804 -6 66 551 -306 -395 100 906 -657 955 83 -1392 -244 -154 345 -377 64 -964 176 -114 -491 311 169 -549 1099 604 -718 309 -574 182 -170 726 581 -828 771 675 -28 1088 -613 541 -958 162 -870 626 235 -476 591 -1168 -663 1016 212 657 504 -917 -1174 -1358 -219 1407 -42 229 -200 -193 682 343 -1564 -1455 421 -695 -805 -728 322 -622 -21 -437 -1195 897 -877 1293 -412 -239 -103 189 897 -460 -183 90 -671 -783 358 797 -1303 -404 -894 388 211 -180 202 437 649 490 -1272 -559 -1072 -416 -786 1475 -1601 271 -403 -127 -824 -609 222 143 -332 -479 -268 -713 -581 447]
[611 -463 345 835 -232 307 -405 853 288 -892 -990 -512 927 400 -1006 54 45 59 -1019 -240 316 216 28 562 10 159 -1221 -555 253 1380 -63 18 751 212 612 -614 -588 99 -638 369 70 888 -425 628 -398 -372 351 -819 -454 376 -111 115 -10 -1121 556 427 415 59 -129 -349 -717 -276 240 -466 739 -98 128 -128 -868 891 824 -444 1188 79 965 -567 177 410 447 -1176 19 256 372 -549 885 -46 -42 -116 -506 -920 -1093 -308 819 698 603 -562 -71 426 -255 1 -809 -261 1174 -763 253 423 -587 -394 392 308 -344 762 639 29 456 55 -234 766 80 83 -59]
[227 703 88 -536 -484 -101 -536 630 562 389 509 672 246 -1176 188 -404 -133 492 -396 -320 -582 191 31 3 -1711 -931 17 137 1264 -1071 -816 259 -460 1539 -1072 932 -279 -1042 -475 -283 -1747 140 -438 291 1167 344 178 -277 563 -797 -652 1198 241 209 -276 -837 -81 -728 -555 182 -1544 235 -277 -604 -557 -596 -945 -216 658 -191 -642 1650 -490 148 518 -775 251 524 298 489 -474 672 1424 385 -44 310 -396 -509 191 -376 679 -486 -426 388 -517 -115 63 -41 1340 -293 840 140 14 745 797 -563 -365 -376 200 -889 433 313 -310 549 463 294 55 -77 -659 -651 79]
[-304 -231 590 550 405 201 -776 845 169 -1090 773 -262 -656 1765 284 1041 -424 -633 -128 506 -1641 -403 246 411 613 67 -143 -1091 -912 730 -451 916 -705 3 -205 -293 864 -44 576 -740 1027 -1155 -1084 -1076 485 312 -566 202 -290 -129 -770 1363 -538 -65 413 358 92 696 838 269 1086 336 1551 -617 353 -1066 98 402 74 180 465 -720 719 241 -527 -438 -370 -522 852 25 -832 703 -876 640 87 -450 -526 -1481 -915 74 -27 944 881 298 230 -997 117 -310 -520 -983 -173 -96 -114 -1113 20 -188 1336 -10 340 759 143 -540 382 662 -439 -339 -449 1114 178 -16 265]
[514 -240 -739 836 298 149 -184 -1513 860 276 -83 290 493 324 -166 199 -364 187 -435 118 -271 -355 -322 264 -304 -394 -139 801 -570 480 -567 -268 299 316 -146 816 645 -161 239 -475 738 -3 -89 138 514 -228 163 -463 -348 -194 635 617 889 -98 191 181 -35 214 693 -939 -472 -770 716 -849 431 -1569 -637 640 -76 -147 82 -128 -1306 -700 870 -863 499 -714 -189 -601 -443 -699 3 -855 778 -114 401 286 252 89 267 -221 718 -295 -59 688 -149 488 -428 -289 -60 574 -639 -255 -802 -142 395 -681 396 -401 -112 -185 -147 50 -863 -28 957 -811 613 -279 45]
[-395 -98 93 -249 -116 448 58 -12 -173 -489 -186 -354 655 1143 -463 396 328 -809 -1565 375 -676 -873 866 -243 688 -1693 374 490 -492 96 1424 -658 660 734 -396 1320 -1200 -1388 783 196 258 120 -137 100 1252 425 696 -12 -47 -1288 364 0 -118 82 623 168 -506 362 -455 1084 -1219 151 -138 -142 1057 -1807 -525 -363 -581 139 -860 916 1288 86 -232 -89 68 -447 -624 -166 655 -201 457 40 1399 183 711 -688 976 -679 -469 1069 -297 518 257 -822 -446 153 -529 -415 -17 -643 -443 1019 -535 -104 -362 -979 447 239 -684 493 -819 -462 -210 81 -77 159 -154 1915 -230]
[-105 -1509 -613 -840 885 -695 246 -137 330 71 3 -395 -688 -523 669 50 -219 -909 174 1343 939 -826 63 -105 1444 -735 250 456 -499 -838 -481 84 349 -813 145 -117 527 33 -474 -577 783 -162 -276 415 1010 565 -61 230 595 -1652 520 1270 -95 120 27 480 -210 424 -205 578 657 -1249 916 330 107 -812 237 -19 -763 99 -102 45 -124 222 -1018 877 77 48 382 -634 -456 698 -444 139 883 -804 679 -554 105 -101 184 1098 -1141 212 -642 -756 793 195 -236 81 220 571 7 54 1090 -270 -711 469 -25 159 248 -1836 -1157 175 251 179 808 -315 618 446 1049]
[-639 363 939 -1064 -1444 -176 -631 1273 -746 1238 397 110 -1006 165 902 -579 125 -462 337 -349 298 -235 -217 508 1093 -42 -385 -1395 -142 338 -165 -771 359 -1116 694 -1335 232 873 -1209 371 1276 1106 -930 676 -889 296 -637 659 265 -129 -283 -560 21 1008 515 947 -297 -795 1057 -128 273 986 1161 1063 414 -53 64 -539 351 -681 -85 -166 7 -174 380 647 -735 1307 1141 288 -977 1531 149 722 200 -474 -116 559 -137 -78 856 341 453 -27 -241 -9 -310 284 872 11 -391 -28 -469 -982 370 1025 -169 1174 -483 231 -826 -458 311 -835 337 1761 27 761 274 -1143 1098]
[76 -476 -347 -61 -133 1684 -766 -1270 332 -500 262 818 -749 -87 96 204 120 -428 -1096 390 209 201 181 280 -24 -1043 936 1014 -506 -701 207 683 1295 -689 -19 199 181 -1275 1567 185 -180 -515 -738 -323 2027 -753 639 65 502 380 1133 109 543 240 -1211 -98 -154 -293 173 -154 240 116 -1239 629 417 -482 -1596 442 -191 105 -1373 186 414 -496 825 -386 -596 -408 -802 -124 -120 -230 816 569 715 -807 363 673 1403 -508 -366 1149 -516 827 -662 459 -564 -625 234 -803 474 361 -751 1216 -166 -273 -1097 239 -557 -412 -407 648 -1213 -1075 143 -340 -293 -403 24 -242 521]
[352 870 586 -165 -137 -100 -298 192 445 -637 895 387 574 684 364 -589 -343 483 -521 -1094 -6 -313 147 -173 -233 26 339 -335 177 350 1058 -710 -608 -348 -243 -136 -1135 -211 -707 -1041 -697 -746 413 -446 102 -449 73 -487 -371 -736 -180 -568 84 -45 874 -1443 138 320 -11 -340 -1496 -528 533 -930 779 -988 -343 -27 -457 292 344 573 -513 -737 874 -107 1719 -144 179 -270 759 260 756 -1771 -294 -627 -370 228 -692 -120 -663 126 4 652 617 322 -158 444 512 31 394 231 -348 -595 525 278 1196 -839 1011 151 178 699 686 -177 -107 339 309 196 -765 394 -141]
[-1510 -899 541 357 470 489 -694 626 629 -492 -753 756 -1365 -1083 -226 -30 -340 372 539 1616 650 -764 -689 -459 -1051 480 321 527 -480 -455 636 299 1270 -274 822 -340 -570 97 -1629 224 -341 1027 624 1333 1045 -479 -234 590 -22 725 -311 183 -238 -414 -102 2014 154 -131 -490 588 -148 -826 -1399 594 -525 -225 882 -263 -526 461 112 670 1026 1142 -1498 189 -514 951 122 -89 1340 15 -550 176 1030 587 887 150 1270 -78 249 348 -248 10 -653 366 -450 384 -1281 440 -267 -136 715 461 -1576 -426 -390 -398 -1033 -961 529 -66 -409 37 -429 174 990 -867 1400 502 453]
[1165 527 -495 -964 4 541 877 629 -611 235 -610 569 -716 -634 -748 -412 857 -360 1832 -911 593 994 -259 588 296 -124 -577 -645 -95 -492 79 623 1198 -945 659 -232 182 -3 -785 90 23 -656 -101 -841 -847 62 750 -291 -644 744 63 -328 -261 -830 -122 -270 -599 -1053 -548 89 823 -614 251 979 -358 1368 1176 -326 -511 402 -694 -548 467 960 831 -118 -508 -405 196 -793 377 -707 -168 707 -606 -179 -100 -22 -38 -148 -77 -35 -474 299 272 456 666 -691 -314 575 376 63 -312 543 456 953 -1097 -719 -1548 -508 -669 537 518 78 1268 639 -458 -613 -420 -609 245]
[407 542 949 -661 -1116 315 -1080 415 -121 -150 443 -6 -834 315 868 617 -102 223 545 801 339 1122 10 47 42 498 199 -690 -41 265 459 502 -878 -580 259 -536 -36 137 438 920 24 -12 94 882 520 -482 -1082 788 -5 -57 -242 -618 94 886 270 -459 337 370 -285 -373 -1547 -696 682 418 -439 2075 496 -1483 343 -97 -52 39 652 -60 69 1460 -728 594 -52 -623 -195 475 415 945 -289 -492 -59 -195 640 -27 -239 1310 678 -410 594 -22 544 -279 -29 583 -423 814 956 293 -272 1542 39 1885 -583 474 282 218 566 -642 642 78 -831 700 287 -1227 330]
[-44 204 -887 145 -196 268 997 -949 192 553 -195 248 257 -1019 819 413 428 -962 639 -938 500 365 411 501 772 54 -959 468 -1608 553 466 -482 -20 382 -128 1112 630 -984 493 447 -117 -83 688 78 -254 -731 239 -432 -54 -1106 210 -1644 -132 344 -137 -726 101 257 -20 -705 -150 -498 -2010 -989 2152 1228 485 1315 -151 -52 -805 -585 -1295 -1402 455 -464 555 -64 -135 801 767 -1032 1249 -331 -549 -944 1269 1078 -222 454 -122 -1128 -580 -359 163 -426 54 837 -1014 110 -132 -626 -1019 -8 -1082 -437 388 -254 60 385 -1298 -795 -324 69 -177 501 449 184 37 926 -726]
[240 -514 708 455 405 718 740 -1273 349 -1222 259 -145 420 236 19 -763 -373 281 -1064 -682 81 1035 857 -331 182 -401 318 1051 215 825 20 -515 -615 451 453 474 -278 -1213 -521 -1055 -1284 1573 405 38 574 15 933 -183 305 -579 -871 124 373 -318 549 -672 605 -258 -295 699 335 924 -599 -714 726 -1673 -491 1180 -543 932 567 303 245 -1534 297 -502 -444 -651 -436 -279 540 1459 1164 54 348 -495 646 915 -429 284 -1144 836 -399 797 656 333 -1306 -245 453 -747 -220 -987 896 -121 88 164 233 -1538 513 -331 -570 413 -258 1097 740 -296 692 14 -377 383 -531]
[-671 463 937 -1757 433 10 -469 -49 151 511 1258 1307 -797 822 331 -81 -292 108 1196 -525 263 -50 -171 602 538 1410 316 -60 47 191 -61 667 -307 -495 618 -112 -351 600 -507 340 819 -1163 -196 -508 877 -1078 -711 915 -316 -396 -314 -348 155 1315 -463 887 -215 -730 -18 -550 -691 251 243 1173 122 1286 260 -285 -75 -904 37 1302 239 503 -739 641 -253 1125 1716 860 -422 -1293 -807 -163 -559 411 -202 79 540 -360 9 -209 42 -683 -457 -51 375 -133 543 -184 451 284 267 367 0 290 453 1036 -662 547 13 -915 438 -762 -531 1004 -1079 -205 -627 -1606 1326]
[-518 -1217 358 355 1491 -772 313 110 -833 -466 -303 61 16 574 -1375 60 -574 774 704 354 641 -124 -1226 -336 -906 -210 1187 630 -176 109 -809 197 608 -521 -79 -500 -845 500 -682 -711 562 370 254 -189 -268 949 306 -824 -410 1182 -6 1882 -334 -453 -528 615 -488 -719 108 358 1548 -842 -493 -208 -927 -671 602 58 -600 381 1546 217 -198 1958 -662 -781 771 -54 -573 87 474 -924 -2011 -538 685 173 -424 327 -339 498 -306 -65 -613 -937 784 -43 452 501 -865 522 -658 -203 337 -62 130 -26 -145 -567 -502 -448 554 272 1365 849 510 -189 94 286 503 360 -152]
[70 1554 -122 -818 -877 -521 444 6 -177 212 72 -119 698 -66 -4 139 828 -199 640 -425 -1512 -87 249 1723 1098 -43 -1157 159 211 458 813 15 2 579 554 1144 281 380 123 331 -886 -734 -807 15 -395 -908 979 -940 -370 -128 -180 -271 320 -712 534 -5 429 -799 26 -275 52 422 -499 -710 303 1101 333 -742 324 -914 82 384 1355 -246 439 365 364 219 -654 488 644 -668 383 209 287 721 312 -260 1076 -647 -428 -1251 -125 -372 -89 -189 -723 860 -247 -725 79 222 -836 238 -1494 -45 -564 424 -552 110 -561 584 -63 -974 -368 -1036 -797 238 -858 -56 -1004]
[-125 -680 -102 332 536 -240 -207 -330 809 -729 -153 -351 -460 1565 149 390 698 -278 -768 885 688 32 -204 550 -164 13 -766 487 -563 1484 592 158 -1171 -19 1341 958 409 -187 654 -378 279 394 78 946 -530 663 217 985 -744 -1261 -388 590 604 62 56 -455 -119 470 704 98 -541 101 1217 11 657 -614 1175 -559 108 -701 377 -825 -4 -65 57 -256 260 -72 288 -1217 -115 -393 56 -290 963 -150 211 -4 -123 -592 -339 16 -610 -1132 620 31 -382 633 -547 1542 -351 -721 833 -1616 -412 -424 -299 148 -241 158 545 108 -545 28 270 379 -735 394 377 -86 391]
[-887 -620 1135 78 -50 445 -29 -350 124 748 720 -118 -300 1089 4 -176 -376 844 968 -3 -557 -891 435 -574 607 134 231 113 -608 471 -614 347 -656 -532 173 -1133 1036 1873 193 -313 374 -1241 -1321 -334 479 205 -697 -1077 705 -77 -304 1752 -759 606 -392 -753 -394 308 352 98 490 132 2207 -756 -537 -538 -350 -716 -684 230 1566 43 440 191 -536 -169 -450 -243 409 535 6 -1711 -1274 -382 264 -204 -274 147 -245 506 -847 1899 1293 1595 -221 801 -417 -207 -106 -775 165 1040 -4 -750 550 -332 762 60 -174 312 388 -381 -380 -619 249 -269 -733 767 -1161 -855 327]
[-99 -792 13 -271 890 153 -965 -52 273 9 156 955 -1029 765 252 395 -105 -153 -243 165 477 310 -195 -109 -675 -667 126 98 -693 -380 706 316 -1014 -610 -77 -310 -158 -849 83 133 -143 -416 553 330 489 -227 700 1287 365 -588 190 513 -961 480 -563 -88 137 315 53 -214 -719 -79 -1678 -319 -147 877 1350 140 336 -415 -482 49 -326 392 80 410 -632 635 -54 1031 1086 671 -378 -577 -808 -543 -441 -601 -280 159 -9 25 -173 325 -414 -939 362 -312 597 364 -137 -284 -168 1083 457 701 -150 851 357 -363 762 -48 376 298 -1134 122 287 742 895 -3 -422]
[444 650 -1683 -91 -414 443 1338 -1067 76 -51 462 242 466 427 -268 665 639 206 -44 900 639 773 -1146 -528 -667 -1019 -1421 1268 490 -462 -107 455 -480 1059 -850 1476 -996 -1226 -859 -292 212 1041 1212 451 -236 1024 653 -159 1261 -842 -775 30 92 -973 -109 -191 88 -388 -1046 119 -33 -292 -205 52 -650 550 181 633 1038 -1512 -561 944 -1274 412 -494 -879 -325 -395 -1028 306 -715 1210 1611 758 358 645 379 -662 696 292 1838 1397 -1137 -348 -823 -983 232 -181 -194 358 -518 -926 391 941 -101 558 -1515 -231 -197 -485 -413 -614 -1254 563 170 274 65 349 1006 -263 -494]
[1020 -305 -702 -517 417 -338 -710 -410 -135 439 347 746 941 -858 -772 -507 849 -510 -732 307 -1104 909 764 -463 424 418 364 450 78 -795 -251 -225 1126 182 -517 993 560 -1266 -234 -712 -635 970 -156 852 211 -236 634 -393 -333 -100 530 558 -400 -204 -900 -1019 301 -514 -344 -21 -528 376 -186 433 -400 -1679 -1046 -704 -42 1034 -1810 876 1197 648 -637 3 -1180 452 -342 820 -89 -673 -673 170 114 -585 -1085 -785 1039 137 1597 451 -1113 366 31 -347 -67 153 1282 -425 1057 678 -270 1872 1099 -44 -351 -116 -1322 -1028 -172 294 -1083 -250 417 -523 -116 -312 -563 373 -348]
[815 392 220 -32 609 -405 -196 -143 67 -1403 -980 -820 1378 1151 -666 435 -783 -768 -1080 428 -387 1175 648 954 -108 -2269 -786 -1216 382 249 276 27 -564 -483 187 -81 -231 -1363 -567 -1373 -726 -61 13 -1020 -779 227 893 -401 -661 -488 -866 898 23 -832 884 -568 595 296 -1165 -666 -553 293 753 -986 1353 283 719 -922 -243 291 -167 -195 494 -155 1425 -450 178 -451 -492 -269 422 1017 -798 -520 -291 -228 -968 -952 173 -415 -438 0 -842 306 1070 -1646 350 -452 -260 -379 -337 -216 955 -141 1411 92 -38 243 567 259 534 757 641 684 447 -839 -374 640 582 615 -319]
[389 -414 96 168 -650 1366 -671 -200 268 -150 -199 53 43 -59 687 94 915 -856 -1433 571 -1288 -387 324 -208 1408 485 -394 323 -710 1623 864 -161 189 325 -371 -3 235 -194 469 795 -223 -233 -87 124 631 -292 436 -711 625 -309 -467 139 -524 213 318 -1364 409 -110 702 572 -851 1441 31 159 316 -832 -212 -329 -91 -288 -532 682 1492 -199 -475 -389 -116 -316 -513 969 128 773 754 583 701 -1132 -26 -306 478 -600 -78 440 -353 899 -281 -456 -497 187 1141 -344 -301 565 -5 -415 -798 -239 -1298 499 -526 1 279 -385 -1685 -990 -326 -844 -207 1136 -1144 -697 -653]
[80 634 -608 -335 -75 -68 470 -931 401 716 -560 508 -98 -597 424 425 1142 86 -168 -210 874 101 -1057 923 -1185 593 -581 -501 -780 516 524 -564 11 -4 313 366 -24 -22 249 895 -41 -944 -475 -218 538 -289 50 -203 -589 -677 1043 -348 898 214 -1286 -933 224 -252 969 -596 -44 86 203 -1309 1337 908 920 805 116 -1309 -559 -24 -607 -399 986 -977 1037 676 306 -531 148 -1345 1047 -140 159 -618 609 878 -316 -309 -621 -2203 -399 -186 600 -309 652 457 303 1035 -248 558 -1034 -1194 -523 -387 -586 112 -214 162 -256 -637 56 -143 505 6 -886 861 -1036 -879 567]
[-219 -196 667 358 -842 -1451 707 487 -698 638 -911 133 60 -874 44 281 69 19 501 -320 912 -205 -34 502 -398 82 -424 -1063 605 -357 368 185 -242 -372 -905 -750 -200 353 -522 775 320 -204 666 490 -695 -327 -703 233 702 324 157 -1627 -705 1040 737 580 -424 191 -321 -435 -681 -432 -1465 207 152 1657 280 -408 -262 84 260 607 -719 568 402 264 951 310 270 679 605 -2 233 134 -490 573 627 442 -1159 951 -7 -946 -218 -435 -5 -810 480 633 -168 448 -457 -277 350 499 302 726 -404 1071 401 -426 249 -539 890 342 494 771 693 291 513 513 -1190]
[-69 1272 752 691 -1933 -38 -415 90 -180 -64 618 -49 -359 143 1850 -908 -408 67 927 -249 -166 -84 -253 -132 321 -813 41 -766 -202 328 -206 -522 -1260 119 -18 -831 -32 -358 425 720 337 368 -297 58 437 -365 -922 26 853 -683 -759 179 -711 1380 366 -197 626 -83 368 -961 616 671 426 -524 598 -22 -733 555 -48 335 -403 -673 -79 -420 -104 93 -432 279 -66 -341 -590 -7 224 -259 89 -451 269 190 -406 767 443 45 2294 689 -77 253 -181 -1650 77 -531 -452 913 -518 -332 166 -849 74 1194 590 597 58 131 426 -225 413 354 -8 268 -3 -578 768]
[-188 -11 278 166 -1879 227 91 433 -1129 916 759 857 -857 202 667 39 206 -361 642 1757 -713 -1189 194 -200 -422 354 391 -395 -326 -207 692 129 371 -517 550 -1448 -224 1015 -1063 479 683 -423 -1169 642 943 134 -842 -298 642 -103 -88 1848 -1025 1169 -477 -1665 -1309 -206 411 -146 -545 250 53 -752 421 249 -607 -1158 -988 -77 -225 912 443 764 -562 -427 -219 518 -630 652 -947 313 -1006 1294 -490 -1082 788 -406 606 -173 -104 213 480 573 147 376 -454 255 565 89 -158 824 19 -55 528 -558 -455 816 -311 290 802 72 -1482 -1799 1388 -80 249 1854 -1455 -146 745]
[-569 -245 1172 334 542 -50 757 -600 274 -324 480 -699 100 1057 -318 -626 -888 365 717 -724 -199 -1560 558 -7 542 631 369 6 -138 509 195 381 -159 -729 603 -889 -287 945 189 145 -630 -524 -652 -1295 45 -653 -13 -785 -379 326 279 1120 -519 957 -177 -593 -314 -204 -201 -265 524 58 424 -1139 -525 193 -711 1235 -1181 1289 1009 -206 427 -360 -591 -74 329 819 921 -477 554 -481 -1030 -1170 659 -217 -116 -410 -290 -57 -1408 570 39 328 918 1237 -1201 97 -781 -944 -302 366 -617 222 733 -376 822 -112 -74 309 -68 -472 108 -1350 524 -367 -479 1606 -1638 -190 964]
[379 -305 -416 144 -1206 691 -849 964 527 319 137 -591 -302 -1562 -140 1182 36 -702 -19 889 -474 -986 -803 452 430 -904 504 -777 666 -1102 -1174 1220 -844 1292 -788 676 1142 104 714 363 35 -1344 -1442 -316 502 361 -538 -41 -116 -35 1261 1462 -225 -427 -687 -347 -1325 644 899 -272 735 374 1222 168 -610 461 -554 -327 677 -152 -277 153 816 580 56 -10 -59 -552 -110 -1747 -1050 665 137 2176 -559 442 -820 -2007 -123 738 614 -527 123 -293 -590 -1218 1115 108 334 -299 -264 -651 -524 -424 193 -1202 -1269 -124 136 276 479 -1153 -523 -166 73 -415 125 519 298 -110 302]
[-150 -715 723 171 483 284 -1111 546 509 -1011 264 -493 -278 1589 873 1123 548 -700 -1440 1233 -540 -1069 -188 375 147 -474 594 440 -1003 405 1132 138 -221 -922 162 -490 150 -1626 -577 -1786 -372 36 -142 258 350 -392 825 304 -709 -170 670 795 89 -404 1659 -269 170 831 -390 -89 -207 -424 -44 -762 710 -2278 539 -709 198 209 24 83 -792 -524 395 494 298 -515 -414 -90 61 2929 -1000 230 643 -1765 1586 -546 208 317 -389 846 -1112 463 907 -238 231 327 -319 -268 -463 88 736 -931 -378 -27 163 209 1365 -125 486 -159 -807 202 -1256 -586 943 1264 1657 897 -745]
[-772 244 605 -54 -312 -628 218 -505 1311 -638 789 -666 423 638 1022 338 1412 -336 -1847 1005 -640 271 929 -167 -113 -1349 -936 1214 -39 543 579 -267 -1279 418 238 1481 743 -1287 -301 -1359 -1098 973 -37 1692 1197 20 568 -1018 -768 -850 -841 131 168 -639 503 -856 561 1092 -1083 373 -1927 939 804 -614 -662 -1555 -494 -194 207 48 371 1097 -360 -1050 721 230 693 -425 -384 153 351 413 298 485 823 -457 -42 -336 1129 384 896 -141 -1400 491 -64 -123 -1068 673 534 -591 -667 17 -644 51 467 -424 -343 -229 357 -597 187 -10 -1079 -328 263 -33 247 -72 258 875 -378]
[-921 165 -233 615 328 -673 491 304 242 -1681 350 662 -561 -446 1173 187 -600 531 -730 349 -150 1145 -130 -1218 -797 1721 733 247 281 -968 91 1460 -633 -331 -928 -434 113 26 247 247 -383 -343 52 352 816 -955 -568 -117 -29 1337 599 -771 -604 -34 -141 68 712 937 -789 945 742 -694 -445 -508 -1404 450 -546 1236 -63 494 901 46 581 -295 -194 915 121 718 -451 228 235 61 -78 645 -627 596 -195 -488 -744 76 -286 -146 -1116 -134 -369 -95 876 -638 -613 159 -338 215 -327 1557 537 -309 706 617 545 -375 292 411 -85 -158 100 -1041 -855 866 8 575 -534]
[583 139 219 -203 -104 1093 -1525 -408 335 211 919 317 -1447 -154 419 208 -40 17 870 -832 116 -270 -908 255 459 741 -531 -977 -1323 279 254 -519 413 37 1208 598 204 -98 407 -174 -98 -592 622 -5 184 -208 100 1199 341 -1503 -362 -337 -75 545 -275 868 290 -245 579 -885 245 -283 -1162 933 -692 1335 814 -75 223 -345 -977 -488 465 491 -151 522 -1190 982 633 -457 1054 -210 915 -165 -243 -522 -631 -635 502 227 594 -133 852 383 -378 -751 -394 -165 1242 -130 340 151 -503 -17 -528 307 -311 291 -1247 43 -75 -612 428 52 -864 539 -231 -1413 14 -843 1081]
[-171 -445 1839 57 530 -265 105 425 593 -446 295 -1094 527 826 479 312 -1115 -224 -7 -665 -150 -588 723 1007 800 -877 -340 -105 -898 849 334 -235 -756 -394 53 -538 583 -141 -479 -599 -46 -161 -18 -663 -1335 2 66 -382 -180 -889 -1278 1180 340 1099 1200 618 17 406 -413 -768 -379 593 116 -417 1253 97 235 -482 -118 369 828 -913 -153 -918 911 464 268 71 -117 -527 480 5 -838 -338 162 -323 -359 265 -87 318 -146 606 -922 -121 584 293 -730 -301 -823 -1024 -1034 -821 112 -490 -235 -319 595 651 1266 367 261 52 329 -539 -284 376 32 779 385 -136 194]
[-304 -524 -1189 -902 437 495 955 117 182 -230 -326 -346 551 605 -664 22 -733 240 386 -22 1319 -1556 -189 -319 683 941 -147 -157 966 -15 125 -187 801 436 126 -221 -436 1042 250 223 1045 -62 1039 21 -842 975 356 410 -74 -906 330 438 429 -198 -849 -287 -556 -1016 375 802 398 -234 1648 303 -1187 -1707 -116 19 -316 641 209 398 360 2 -1024 528 747 570 1509 100 -131 574 -382 342 1003 432 105 -80 -263 -773 1233 831 -612 43 338 -370 -103 814 300 1584 -69 19 74 -292 432 821 -486 -1310 -654 52 220 -1712 -673 -294 1052 457 -253 932 -354 -725 1599]
[-764 -57 2003 60 512 -28 331 -1236 805 -471 102 -545 -212 846 335 420 -736 -838 -199 -213 304 -591 1305 -28 -150 -246 -949 391 293 608 495 -72 -301 707 239 -859 499 -1552 -863 -1238 -502 -305 260 -525 -8 -560 255 234 32 617 -1820 371 82 423 -125 327 685 -227 -1190 112 -208 1519 150 698 165 82 466 679 -417 -480 -1139 -20 -332 13 -657 647 -1242 -1097 -132 -817 -426 1321 -723 -830 433 -62 -92 626 373 -191 -1109 -23 -646 532 1042 733 -892 -503 1008 -578 -377 586 1582 680 869 -437 -1090 -252 -466 -504 -502 -189 -371 -316 382 48 -26 -861 563 -457 667]
[237 292 309 -549 1020 -325 -555 -192 861 -203 48 -20 -190 1065 131 -609 -787 58 556 -940 1443 -511 945 420 1820 109 -788 327 -516 1260 -326 -226 571 -207 952 -1293 536 -169 -794 -840 -520 418 -13 -581 -566 -99 217 -109 291 261 -792 -570 324 -95 616 895 514 -683 135 -211 1054 280 873 1042 -729 1313 765 20 468 -105 233 -1077 30 16 1091 1589 -1037 141 594 -747 -377 1115 -709 -812 313 -155 -1028 869 -550 695 91 653 85 904 533 -65 -87 -86 349 -253 -284 303 944 -329 737 581 -404 200 -429 294 -1077 -401 1594 314 -745 630 537 -1598 687 -1088 498]
[-221 1293 527 -391 -776 -345 318 1439 -690 -537 748 456 276 -1833 297 -1576 -806 -41 775 -1261 -685 -1078 -162 -683 -37 -138 -200 -968 -79 -694 -507 -10 627 278 -283 7 -367 1166 -1336 -121 -491 -115 692 -253 -925 -40 -932 -285 928 427 -372 -284 -470 528 1406 70 -334 69 269 -721 -36 499 -835 -533 -234 899 -1074 -91 -802 733 1075 606 356 -118 -28 388 1064 838 -141 748 312 -571 -347 539 -665 480 -477 -188 -534 1097 356 70 327 51 -1307 -276 -653 906 -212 -757 588 -889 -386 176 655 -703 1215 -494 -201 -139 668 167 1092 -76 697 551 -120 588 -817 289 -907]
[225 281 490 -529 -794 -302 -135 106 -440 1551 370 -22 -41 540 467 -832 -215 -320 1225 -816 -488 17 674 796 1460 171 -65 342 -767 190 -619 -1377 648 -772 12 -168 121 1035 504 353 974 512 -536 -82 -77 -1441 -1677 362 290 528 132 -537 -116 1054 374 1175 -5 -165 287 -518 -393 -258 873 1193 262 431 -593 128 -376 324 115 -134 456 -690 -658 1139 358 -218 314 14 -252 -299 786 -874 -290 42 412 666 515 -465 -606 175 902 -366 -187 1275 -260 -619 198 -1154 522 1186 -93 -127 -675 151 378 924 -148 552 -1153 247 492 -797 36 604 417 -1060 -1018 -442 542]
[-1125 117 235 -174 517 -505 1521 -391 421 -1296 -879 -1143 363 -116 -468 945 -702 605 200 75 862 -314 -103 1095 516 -135 -1029 -786 759 -79 386 410 27 1126 -719 -114 -613 806 595 1068 381 -625 1140 -1236 206 177 21 233 211 -171 -202 -815 163 778 922 423 150 -862 -1584 -381 215 -509 304 -473 416 1422 540 505 -128 -191 759 -321 71 -723 872 512 931 730 121 -76 864 -860 167 321 11 948 259 -526 -1327 333 -82 -656 -221 -120 903 -508 453 128 -455 325 -1051 -59 521 1605 722 1037 -35 -478 508 655 372 -1211 491 672 438 -21 -198 586 245 -432 -144]
[528 -4 -2090 20 -1186 -118 460 432 -90 750 -819 164 745 -393 53 203 158 275 -47 862 -1 858 -391 -823 -1118 161 -850 130 665 -641 -116 335 -232 -313 189 139 153 72 -240 -372 -379 1182 -458 1475 -1077 583 828 -178 363 458 55 -147 278 -1174 -83 -1129 -509 498 146 1551 -837 -198 1001 -806 -38 134 -516 -455 409 117 -33 -24 -522 -223 365 -1303 477 -642 -245 605 -678 653 267 578 241 12 53 741 342 -605 1015 -107 -1383 -245 -1375 320 21 467 -232 892 374 -408 1097 -33 600 724 -396 -255 -46 -662 -399 1006 -888 14 649 -327 170 1256 586 617 -1422]
[82 -718 254 406 -1 524 -1330 -365 900 662 -596 -619 -1064 -73 167 1397 -72 -389 54 1479 293 -134 -474 -668 -2223 -929 716 -819 157 -1035 -1313 228 -983 852 340 364 154 -822 918 224 -98 -469 73 481 1356 600 8 1532 -256 -667 221 736 595 471 -436 -1048 -6 1374 -653 -333 -1481 -297 606 -381 8 -41 344 -453 7 219 -861 -597 -1428 282 610 -275 -241 -67 -471 -33 -68 -124 -804 1029 -983 -822 -264 -1390 -253 418 424 -1075 892 -1187 393 -292 1141 436 206 1015 -596 540 322 -492 411 64 757 174 260 917 930 -40 583 1054 810 -16 544 -236 789 -354 601]
[-139 -687 1089 -550 -228 741 109 206 48 909 241 -531 -501 538 -926 39 303 208 858 -733 -307 -357 160 342 1504 161 950 1040 -280 496 -583 -190 -167 849 -693 -666 -132 928 294 431 -37 -192 -22 144 -247 92 -193 1 180 -644 -869 790 240 935 416 44 -33 -867 -68 -121 -819 797 462 1314 160 -567 -929 -281 111 201 1452 843 168 -282 -1015 -509 -349 -579 140 316 971 -1158 444 79 131 353 408 386 156 -619 348 1168 1542 1954 496 786 -397 -141 -197 -1049 247 212 196 109 -364 247 113 -539 -112 383 -223 -735 129 277 -366 677 -142 -1180 -1528 -96 -151]
[1346 636 -42 -511 -1166 -64 -66 906 244 -667 -551 1182 -81 -300 625 58 150 27 849 93 -300 -24 -900 735 -326 1713 -639 -1358 -287 -151 238 612 863 -879 684 531 220 776 341 543 -488 -1165 -629 -1540 -256 -815 -1006 -108 410 358 -156 452 113 154 -669 -7 943 -963 1295 -103 471 -296 -122 -476 634 920 284 366 -772 -818 -659 -15 1099 826 -494 135 -227 858 278 -151 -503 -920 36 -545 898 -629 30 387 652 -455 -249 471 462 930 -443 -702 -219 40 -472 347 352 -138 254 -196 -207 -731 -387 1427 -1002 -38 -479 125 -178 -1419 -606 -794 -1163 894 -655 153 -30]
[-556 -1415 490 -529 842 -832 -77 -21 987 444 379 602 -273 607 -45 176 -1294 620 129 1020 698 -974 730 -675 -487 76 489 684 -197 -286 -1263 269 713 -194 -436 -437 180 -12 157 382 1313 1106 461 491 207 -596 -663 448 435 1328 108 1089 -256 801 -249 1886 -490 246 -77 -708 -335 -628 -247 812 -1319 -188 -452 -65 -387 492 375 960 -244 1139 -1172 463 -55 374 453 1042 -183 -1411 -2806 38 359 482 15 -762 992 909 1104 194 70 -379 -587 -299 -964 -72 -1441 -77 -586 286 493 556 -219 -256 704 288 -150 -435 -189 -1027 477 -460 -861 -213 354 -773 772 -699 402]
[-179 11 103 610 -822 -340 -1126 266 2 -4 21 -665 1069 -398 -42 1392 -37 -455 98 957 -245 -702 -266 -795 -1152 -1145 240 -65 156 -871 -726 812 -1748 846 -1008 -329 580 -1413 956 975 -69 90 316 841 -402 1204 -672 465 62 195 294 356 -228 501 376 -8 463 1411 -695 -324 -756 296 298 -317 -84 141 -354 44 482 478 -668 -284 -809 535 662 584 -1225 -155 -1202 610 -602 446 -875 945 -469 -194 -323 107 451 804 252 837 487 -390 196 -1128 1153 15 20 -107 -1285 -131 581 807 977 332 -395 729 318 -9 979 288 949 621 -737 336 56 1470 1279 1658 -1165]
[-617 -477 200 149 483 62 -72 362 41 149 -31 -193 143 368 -314 238 -739 -663 15 536 311 195 1015 346 773 -772 324 1189 -589 600 -965 -137 -115 190 461 -536 484 -432 -56 365 -43 1000 -157 -198 -99 308 -669 891 171 199 -785 1165 176 -80 -27 998 712 -246 -163 393 194 265 244 1133 382 -163 235 -306 200 -164 1137 -1096 274 -430 -678 -167 -2180 -163 -15 -516 -804 -205 -527 -141 433 194 -177 1123 746 -945 -1418 924 703 1738 -189 -368 -355 79 -966 -760 -154 7 786 -451 234 220 -544 455 -580 426 -281 -373 -38 -140 -653 505 -646 -596 550 225 546]
[-393 -768 854 -122 484 -677 -1228 -63 120 1647 360 -444 -1129 -248 -757 -98 -1110 629 1914 -51 246 241 15 351 1022 733 1235 439 3 -713 -1249 -207 607 -14 740 -1317 868 438 724 -96 310 430 -155 1219 -199 -447 65 -88 -370 439 996 355 90 800 169 583 -703 -768 -520 169 239 -92 -1295 1536 -578 983 -12 -744 -127 489 713 170 1135 882 119 923 -1445 319 -185 470 667 -596 -1750 897 -764 270 -166 275 109 382 27 -2 248 -46 1385 1002 267 -41 265 -209 -619 647 482 1079 -476 1392 91 255 -186 -257 -779 -367 978 178 228 237 -795 -694 -297 -85 -468]
[1698 -802 -412 -262 128 314 -692 -1082 515 1751 -176 -424 -351 852 -310 393 989 -636 529 485 -157 921 -826 911 -5 -1321 -879 845 210 -278 -308 554 -367 -89 709 110 79 -696 399 669 1062 -64 -513 110 227 711 816 272 632 -381 525 1030 -309 1208 -597 42 -1115 -592 985 -394 73 949 -1204 1184 1506 906 571 -53 341 -1494 -1855 -344 -318 966 -185 -1622 -950 -381 -163 -64 -643 351 561 256 -237 105 733 -343 821 179 113 -55 923 -1364 909 38 64 -239 600 -174 -706 -215 892 -369 -185 404 -1654 330 654 136 472 185 -1546 -112 -213 18 807 324 222 -57 -373]
[853 780 27 -27 -1335 -258 -193 -563 -628 733 25 76 393 -371 984 -334 -334 311 14 249 -460 576 219 -615 -122 -55 -862 -498 470 287 584 -803 545 -1310 -173 -913 227 242 -640 283 -19 227 -370 -293 141 580 -707 -1140 1490 43 -320 -163 -257 59 -308 -846 -109 -534 277 770 -997 304 1561 -214 604 82 -1168 -1002 -765 -302 -716 285 -227 -378 38 -964 796 -447 324 352 -927 14 119 -180 689 -842 -101 614 1004 23 99 1051 814 985 -475 681 -700 -268 686 -39 -167 1471 434 -201 329 215 -37 -388 -56 -274 -657 -5 -1326 -1733 1056 -493 76 405 -1388 132 -52]
[188 -975 -54 1386 -1032 485 -719 374 0 275 -595 -534 -158 -624 -475 202 332 -615 -1470 -326 385 475 -537 198 813 -2013 28 351 288 223 -37 399 197 455 120 -874 156 -689 137 445 576 659 -421 1285 578 585 947 -1036 -84 -242 1087 -237 -335 98 888 -381 -538 277 207 -127 72 931 -721 309 1325 -474 -142 293 222 -246 -850 -435 -67 -6 2055 -661 -242 -311 -1032 -764 90 1005 833 681 323 -200 -126 294 -380 485 -113 -22 390 -110 436 -265 509 714 246 -57 -1015 80 -984 -31 -61 99 -1562 179 1642 -250 131 831 -527 311 -494 816 919 278 1637 940 -291]
[736 -556 -949 -31 360 -1149 487 583 -82 195 -118 168 -420 -251 189 -227 -314 926 953 -117 184 -151 -232 1052 192 908 -482 -100 253 -172 -939 -228 -62 -311 -758 -838 799 1009 685 1024 366 72 -359 -603 -1247 -208 -222 376 82 298 203 1183 235 404 -990 368 -162 -596 543 -1076 496 -946 -204 1034 -249 1363 132 453 555 87 960 -1517 -1141 -848 587 398 856 1047 -159 -545 -364 -719 364 228 -805 600 172 331 -1666 253 -121 -1362 875 -976 45 515 163 -252 -134 504 -675 280 269 -300 602 166 224 674 158 475 422 -177 1121 -165 741 594 451 606 -934 -721 -601]
[93 961 426 -546 -766 145 1179 602 -881 10 -103 -514 470 -279 -289 -1078 -754 -444 1860 -480 -923 -735 327 -659 1245 -288 -114 -140 -681 -493 -362 -232 936 -476 597 -855 -699 796 -409 -529 845 -61 768 -501 -1347 -293 -180 -125 -539 515 -643 36 -921 760 1497 448 -418 -229 -397 164 594 337 705 421 -52 196 416 -695 -211 817 371 613 173 1190 -972 965 -444 -713 -813 1192 962 2 -1159 -226 -669 124 198 1520 602 -217 -1370 909 -749 -438 -673 264 -28 -721 -895 -782 752 -369 733 269 -469 -31 70 -273 -138 -517 100 174 404 -153 -488 -128 326 46 309 821 -263]
[-1609 -1463 -133 909 876 644 1004 -945 -542 1129 243 513 -1178 1042 -1267 -625 -930 1547 408 -868 1144 166 -443 -421 -1034 -132 1178 909 279 -687 160 -146 -193 41 435 -223 -533 165 -7 -222 754 242 32 -234 255 -603 1747 470 -583 606 557 -329 29 1245 -130 470 -369 -616 150 -262 953 -283 -2361 81 942 -180 -1014 1651 -321 91 552 -285 -962 -267 -137 -844 -897 301 -36 845 767 -31 -70 209 -304 853 1055 1017 -1619 -381 -910 148 -8 -852 449 963 -1018 -18 -191 -105 1095 -1242 -527 395 803 47 130 -957 635 -190 343 671 -125 932 -242 744 755 60 332 -197 691]
[114 5 217 -608 836 -710 202 180 120 -201 -322 -435 1398 -1557 -639 -25 -404 -271 1171 -222 49 -600 -574 -136 -752 -30 879 -70 -34 -997 -1939 239 240 1083 -251 -125 677 529 67 -67 -1085 -119 -434 -217 -289 -52 -661 -237 -1259 1596 -161 353 -165 -266 -941 962 762 -24 -219 -489 966 146 185 -106 -970 544 488 -399 1383 629 -655 -193 516 1732 -57 1742 156 93 -701 -126 -136 -713 -967 -1062 -949 1443 -1541 -204 -201 528 -418 -122 -584 -1263 -355 157 1160 -171 -175 -683 935 -197 981 -97 -31 -1823 372 370 216 -569 394 769 1682 591 -1437 -1204 330 -920 398 -122 -393]
[-1288 1734 -394 55 -2567 89 -352 1283 -1434 611 864 792 4 -879 144 -425 143 328 367 -219 -597 -1941 -872 -761 -2 803 102 308 105 823 -153 -192 335 198 -790 -982 -171 1557 -707 738 139 611 -1026 114 -558 110 -1476 -401 1392 449 -111 -823 -859 -488 351 -152 -935 -209 1203 132 -300 492 199 -976 -279 -579 -851 -636 634 310 212 298 -147 -305 591 204 7 274 -72 1078 -548 98 877 81 301 739 -401 806 -34 1024 787 1159 1837 653 -1557 156 -298 1031 116 53 -344 -864 127 -638 -1299 -152 575 -32 484 443 -114 238 357 -544 -554 776 490 907 -450 111 -914]
[-1638 -337 184 -110 -118 446 337 -43 723 16 -353 -328 -932 -1080 363 440 -658 70 735 367 706 -128 -805 1064 582 55 -99 96 666 -492 -180 -57 -105 678 638 -52 -478 709 -101 18 455 409 336 -108 804 -478 -313 537 25 -199 351 -1249 -406 507 -315 1119 184 -1157 416 772 1102 201 -32 586 545 318 1051 1516 91 -1136 -42 -45 28 -597 -299 487 900 310 79 -302 467 999 1227 -20 274 501 707 1209 -1632 598 572 -1960 233 -1401 758 355 1051 -569 -208 374 -758 -727 -335 -452 -1747 -273 179 -609 614 -146 -395 -826 164 692 268 158 1109 -205 1121 138 856]
[-821 71 550 -162 858 15 223 -389 258 451 -164 -1304 -488 34 155 325 177 -173 538 -82 -364 -963 368 817 1369 234 856 101 -842 158 -288 -1032 217 89 -499 353 932 283 1655 -543 -260 -693 128 -1805 -363 -262 -117 -388 -3 -947 -62 852 749 73 -229 -236 -621 -272 -496 -208 625 263 -272 -149 -74 953 -68 -81 474 465 636 -40 355 -950 -173 738 1698 -609 337 440 387 -2218 -1446 822 -104 -19 -76 -233 -247 1296 871 -272 13 -73 577 706 113 -488 -365 -49 -466 767 -604 676 -777 -391 1682 -178 -177 736 -641 -1854 259 300 42 -847 187 -996 -1577 -482 -27]
[628 -1143 -525 -599 1560 703 694 -319 925 -862 477 -203 336 739 -862 -1213 318 -318 -349 365 561 -79 195 -542 1143 586 147 -80 -1095 774 -143 -809 758 -78 1180 455 103 -173 -1018 -827 -140 759 544 1370 -127 547 1187 -434 -1280 -554 -930 963 933 -982 -228 144 325 643 240 -164 206 35 839 190 -945 -1447 592 110 -746 922 197 808 2188 826 -1044 135 -306 373 886 -2 730 -223 -371 -662 349 251 66 -787 753 -1437 654 982 -1099 294 -232 -179 -963 753 47 -13 645 -376 -280 -779 486 -650 28 -973 -1395 147 900 -804 -174 490 -103 -298 137 -651 -992 -365 1415]
[-53 381 -1646 437 -223 889 175 770 -174 821 -428 90 89 -149 -1473 -338 252 -959 212 1051 8 -398 -458 -640 -242 -614 1198 309 198 -919 -1464 528 1324 513 223 -917 -746 -193 342 789 -264 -86 -1101 1560 409 -415 550 -576 -581 1149 818 175 -922 -951 578 62 -603 1193 535 -451 -7 -497 1192 -113 -1078 -590 -488 -7 1002 1220 -181 147 593 1734 -54 -449 -552 739 -714 -801 -544 -507 -288 260 423 1459 -109 -928 160 -532 368 -220 410 273 -529 -366 1545 190 -990 484 -137 259 -349 328 425 -599 -355 389 -244 -132 492 277 667 955 155 227 -561 -19 450 -590 555]
[-1859 -405 660 -19 1639 -370 1556 -321 109 454 193 -744 -799 1168 -348 907 -854 211 1544 -743 995 405 1399 770 -534 -239 -272 1002 -724 -134 1213 -480 -979 961 -263 -93 369 -807 834 357 -1096 4 281 -830 -255 662 1293 -419 430 -929 -1275 742 -162 747 -262 -372 -735 -303 -119 -41 803 -833 -899 -903 1371 1693 159 160 -208 -244 1095 -86 -286 -215 -878 -771 302 -195 917 974 1171 -2269 -1203 703 42 504 1699 513 359 669 -583 200 -795 765 1119 -431 -602 -264 -1048 655 -702 -1544 -629 103 -300 176 993 -926 476 349 -1621 -846 488 832 -542 97 -1840 193 -644 -802 -573]
[150 -354 -1098 880 -57 -251 651 629 337 -271 -48 -957 -176 -118 -670 1291 535 -387 -555 822 88 -943 630 616 688 -169 7 1135 -19 23 303 769 -154 838 -1362 387 451 -384 1318 1108 34 -65 -41 -343 -516 1461 -850 206 166 -1016 1050 164 -138 -385 -220 -1012 -726 654 198 293 -32 -664 737 -510 668 -660 61 549 575 675 150 -1225 -84 124 562 -639 411 -337 -451 -1121 -457 -18 711 1012 652 -262 -176 -536 -510 354 122 1191 53 294 934 -849 766 1598 -1667 461 -651 -1017 -780 -904 -799 300 -565 -307 340 503 297 -877 -917 501 335 307 -417 1253 -469 1143 -195]
[-1441 625 1828 -525 1173 -1122 -827 107 -203 -963 225 6 -449 125 492 179 -349 377 -571 -962 -168 892 1419 518 -366 560 1090 19 544 175 1333 846 -375 184 -1275 -587 -514 365 809 522 -62 -857 1415 -1110 43 140 -1021 955 86 17 -943 -1729 -192 687 772 163 719 -254 -853 459 -627 -1057 -1273 539 53 533 -392 -1261 -215 -213 865 435 274 -144 6 793 768 498 647 519 1490 178 -344 545 -745 500 589 113 -370 -390 -1131 -677 -232 18 1303 -442 591 401 -209 826 -206 778 31 198 -538 1056 1578 -370 -119 354 175 450 40 206 536 532 -1005 -1070 -875 342 -891]
]
