5777.467525 2930.836164 1.029312703 65
[[-259 212 -355 -801 424 -196 -25 306 300 345 502 579 -361 937 123 545 -593 834 -615 470 384 828 -43 -521 665 -557 -336 -380 -578 -143 -20 -247 -655 -715 -1740 326 -433 -404 -505 -486 -39 -988 -361 1082 -493 -294 81 300 313 71 73 227 -111 768 0 -6 324 -241 1187 429 -602 -427 -374 396 174 355 496 614 457 395 365 -515 -367 -229 -230 -324 -891 -837 -374 515 447 -78 -85 -114 -501 118 223 -522 465 -255 -971 -446 -465 -189 -437 -501 324 -594 520 -1356 -705 -931 1076 497 -43 -730 228 147 -165 584 369 491 -181 -234 -780 553 168 -322 490 -113 344]
[-777 -953 410 -206 -722 -192 778 -283 -55 -572 -316 274 -1271 703 365 565 -451 -110 149 505 310 -65 -377 -1169 -463 -481 -617 455 -663 52 -59 204 2 266 -1212 61 440 -150 -208 -800 -918 -623 -440 411 -312 -574 -626 598 -566 792 -790 -192 377 494 707 -254 244 -212 -520 -703 -888 859 -793 463 627 -592 108 23 -815 -28 121 411 -645 176 -168 620 -434 873 260 902 120 -224 273 -521 921 -916 -55 -263 -849 217 -809 72 -150 -197 -185 299 527 771 757 -330 -281 130 -273 427 -400 -391 24 -409 -8 47 572 -242 -33 -385 -428 -719 -507 298 375 -749 -659]
[-778 -1 -289 170 -234 176 113 59 368 262 -1190 694 -392 -240 -264 -288 467 -134 -306 922 331 882 -377 -602 442 -595 217 -383 195 875 351 547 63 28 -342 36 -536 -746 -809 34 -1234 -99 -622 155 -1060 82 136 882 213 371 -692 -71 -926 679 1020 248 -89 569 -93 261 -480 514 -128 -883 -440 433 913 -144 -866 -614 540 838 -1143 -63 675 -458 -173 200 54 1200 -339 424 -392 -488 385 -1067 78 -569 -394 316 -595 332 -606 -683 -448 114 296 523 643 -1717 -405 -549 25 -601 379 -355 -243 45 -494 826 463 146 231 -881 1057 48 -421 -244 944 -303 -467]
[244 -141 -277 450 540 3 200 608 678 404 501 46 -309 240 367 -927 394 333 292 158 397 -406 -416 -156 625 489 -890 841 -364 167 -320 162 910 -470 -355 -55 373 366 -255 -268 279 -395 -1120 561 1 -1060 -12 -1289 -433 -156 494 -15 699 -45 166 145 497 207 629 -337 -815 -368 485 664 320 -402 -658 -286 102 -734 -1082 -69 1263 258 -162 -190 25 -311 -1007 -474 1317 -275 -66 -282 -181 630 -178 33 -357 -390 -638 -632 -218 299 -525 -784 -168 142 263 808 -1013 433 -1033 953 -375 -237 32 472 134 407 -343 -708 -425 794 337 -204 -76 -427 -500 -1406 -286]
[-366 -230 -1029 99 -704 503 -250 -483 30 -8 -319 1587 -476 20 489 378 561 -192 47 840 605 68 -739 872 -467 7 -115 -190 44 770 71 406 182 119 -395 -607 -525 -248 -758 327 -829 -315 -1552 602 -621 -306 678 464 -552 557 -479 -856 -192 -15 163 641 436 -463 611 259 -1671 -57 431 206 71 459 823 -698 -877 -1048 -618 1650 407 350 651 -463 -804 -129 -544 53 401 751 -906 -750 311 -270 -24 -636 -744 748 -1115 -579 -93 -572 -564 -70 385 -343 866 -502 -481 -407 -524 766 -510 -300 -567 641 283 -415 9 488 673 -190 418 -460 672 -89 292 -1351 -486]
[-573 -323 -18 -43 203 533 920 274 1122 -693 -521 -20 -995 64 92 -1061 622 -726 1215 126 227 -837 386 -282 507 65 -210 -111 190 577 819 109 950 382 -687 42 55 -1086 -253 -225 -847 408 26 -1239 -816 -238 -285 -191 251 -94 318 -51 -66 -287 720 154 -221 932 -1590 -696 194 305 682 298 -704 -805 -597 699 -567 -643 -315 402 350 438 -449 653 667 552 344 556 267 -291 -107 -638 745 -201 -267 282 -583 -911 19 -67 41 -721 -198 450 -301 1528 -373 231 -934 679 -175 -822 812 -180 -126 -194 -105 769 -365 -853 -903 -434 372 -292 -1017 -758 -676 -946 -870]
[-231 535 800 -596 -586 -58 1081 -380 680 526 373 -256 -734 728 -215 -233 -118 439 -418 282 400 481 -309 -351 213 -1238 28 -740 -425 -1121 564 357 -777 -286 -1416 74 100 -240 -306 -8 200 -471 729 -18 -542 325 -6 411 809 35 -163 227 318 133 87 160 438 -546 -669 430 514 606 -53 -790 -365 -150 149 966 545 979 1484 -1179 -1083 -63 -695 587 -624 -577 348 1001 -738 794 -501 -830 251 -144 1108 -732 140 -132 753 -226 70 325 587 1189 -218 938 185 -940 -297 331 882 -651 912 -426 145 -594 43 49 -313 -210 318 -325 -301 527 -774 -681 492 1019 472]
[12 -273 419 -451 347 719 -970 -585 76 -1423 3 -81 948 103 -124 1417 -1044 -11 831 -209 -216 110 918 1093 -656 140 1135 11 297 -28 352 -232 -54 -219 269 -821 -459 -502 250 192 -280 393 399 -618 -402 490 664 488 -786 -170 482 100 636 -661 -251 265 -355 724 -395 -412 683 4 -213 160 -427 149 -236 -345 -156 49 110 181 -1211 782 -234 190 73 176 1364 -173 -7 357 314 391 460 -274 -562 1296 51 6 -423 238 -43 -536 -317 -96 -43 -1208 -737 -272 797 149 459 195 798 559 -803 -128 40 -280 -129 236 630 -825 -503 -69 670 870 -68 -160 -47]
[-118 338 941 124 505 -553 -495 180 441 803 634 950 409 -237 45 -664 -393 401 -552 367 758 -702 -430 1161 495 -1191 335 -426 -375 -494 -527 -121 -329 -939 -318 -549 -3 277 -1026 599 172 -1318 -1421 289 -182 204 631 -205 -740 -150 57 -445 355 144 -117 1264 681 -127 599 369 -1410 94 387 352 -216 630 1096 -161 1164 -72 -797 241 753 -102 425 332 -591 -1072 -912 -1186 340 765 -479 -1464 254 551 313 -558 -16 1102 -363 -1198 -48 924 -838 -442 3 -177 318 -1161 -867 364 213 670 659 -555 -501 917 99 362 -607 -329 715 479 -222 349 716 -486 582 -723 -235]
[901 590 -381 75 -169 823 -467 -96 302 200 371 584 489 52 919 -430 689 -672 307 -44 153 -303 -340 1452 -79 -508 -3 -706 -338 -16 384 493 -632 -781 -389 -639 1208 -912 -182 912 53 -363 -1079 416 -378 236 491 70 1000 -114 143 -925 31 421 -308 415 564 -530 220 675 -121 220 1458 885 -449 619 59 263 538 1116 -1355 859 1126 481 -42 0 -150 -582 -1182 -806 248 -462 -709 -161 -263 1059 1037 193 520 -34 459 -466 319 1097 -661 -363 -263 -174 -42 -206 -1414 565 534 470 -360 237 -4 200 262 123 -144 435 -106 439 -256 917 92 -226 27 99 -2]
[409 -476 97 -298 -527 288 -1149 207 -435 -298 462 -364 604 1424 -177 447 -1050 273 -669 -41 478 411 276 -297 -110 -872 185 -240 -254 -816 501 72 -1105 -1200 -907 2 831 233 -206 -798 393 -175 -1 715 -210 53 -7 -535 923 -916 -147 411 -387 237 -568 -607 -188 -808 341 457 541 442 -1063 1118 -168 -154 -8 987 992 1472 237 -674 -213 249 -513 141 -496 -624 928 15 -632 -186 934 114 -227 894 632 1456 1314 -442 559 -9 627 424 -72 -588 -119 -959 -183 -226 -682 629 1785 791 -427 -244 631 -319 -891 -51 758 257 -554 -194 -971 232 473 452 342 1917 644]
[290 1406 -281 -598 43 622 -492 -89 456 284 -619 311 106 -1022 -136 -321 450 94 -145 -34 -309 -454 -107 489 353 2 -178 -1114 -341 132 445 88 -420 -502 -358 248 292 -1142 -471 643 -196 -612 348 -456 574 242 -125 1637 1592 552 -399 -883 -177 -262 -348 202 561 -553 -132 584 675 -759 647 554 -678 418 1441 116 448 508 84 -264 553 14 421 110 -108 -980 -1033 -2 -36 -763 -944 -51 -401 138 302 -783 577 630 422 -179 -89 38 235 -239 -33 600 -433 -251 -958 -68 602 -499 343 170 -358 435 10 -271 -311 813 544 -457 -87 1861 -115 -9 -665 -368 -150]
[447 925 364 627 430 -351 1143 569 -304 1316 318 -939 109 583 571 -1158 163 -110 -159 157 -694 -416 -1202 -335 -60 -982 169 -544 -128 -201 -192 -494 124 -558 1121 -54 799 239 -319 562 999 -1071 -512 612 830 229 -384 -1421 303 554 -310 148 -45 1438 378 49 -4 575 369 404 -310 840 296 330 170 -157 -676 -82 1327 927 -1046 -722 636 -557 823 450 719 375 -1004 -721 -842 -539 198 -17 38 110 349 -1409 -658 299 254 -114 295 1392 -247 -375 -421 179 709 -245 -350 -60 -370 -71 436 506 508 -728 442 622 751 -750 -471 1184 -40 651 -1370 -794 656 822 -208]
[420 279 638 1019 -973 -215 -1345 -729 -590 -500 -453 -25 1064 -1547 -544 460 -792 -80 -741 -509 111 -556 -283 942 -251 647 455 588 -300 -606 -369 -18 -554 565 1137 -241 -933 926 366 535 -133 438 924 -135 540 556 -137 1076 -1136 141 -373 -184 158 -708 15 257 -92 -647 28 -1063 864 300 57 -205 477 505 1774 -73 -538 146 531 247 -691 505 21 159 -670 -402 273 -325 371 68 -230 466 -491 -570 -1100 741 681 1385 806 501 -46 -432 -161 7 -81 -140 -429 -499 1367 353 69 307 816 -116 -369 -169 -159 -678 152 429 1339 -821 168 -67 638 1140 299 -164 39]
[-284 -515 101 193 -291 -805 -173 -458 -1630 766 -133 1215 600 690 -17 464 172 276 -1106 551 179 -319 211 -712 -397 -497 1519 -799 1240 471 -383 -241 -813 75 587 391 -896 221 -885 -504 -548 -1165 230 -87 -6 847 1035 -644 -697 25 -580 9 -1257 324 -218 -93 -798 475 750 430 -1134 541 -1004 -236 371 763 -124 -478 126 -563 1046 383 -240 -992 651 -184 -356 316 536 -512 -797 815 703 -310 169 -73 274 -1117 -374 1248 -671 96 452 -614 146 38 110 -741 -33 -797 521 -1247 168 -1368 -26 -698 -334 43 -154 -293 1373 153 477 -94 -395 -294 788 -893 1317 507 -316]
[-197 155 -1361 -1467 -88 1049 -436 385 748 -500 -871 372 -712 -95 -513 146 775 692 443 1020 251 558 232 -567 330 -16 -1709 -662 -312 1201 235 155 1045 -421 -924 469 285 -668 -275 -446 -877 374 -695 104 -962 -1027 -622 1344 1364 -218 138 -309 -1311 -340 198 -116 -21 -65 1054 1178 39 -745 329 333 -512 264 -152 129 -1366 -5 -513 429 334 980 -94 -629 679 -312 -369 739 -95 -650 -375 -266 617 -84 279 -28 -65 -1156 54 -87 -38 -1003 -163 -370 627 153 62 -528 -1177 -247 534 268 -907 -540 396 559 -1184 790 -170 1570 -514 -471 462 601 -403 6 -29 -768 -807]
[612 243 -519 1137 -68 460 -776 167 -637 416 -436 54 642 318 -289 -931 704 -194 -678 -219 -778 -241 -240 -312 316 1626 384 231 486 655 144 54 -649 -82 870 27 -118 479 -366 -391 489 -260 -179 918 1085 267 662 -1348 408 -546 565 280 -784 558 -108 -74 -780 -603 695 -1044 -395 -231 130 -216 719 445 286 -13 695 -463 177 225 975 -900 1227 -1528 341 -1152 -992 -633 95 -357 1047 761 -969 509 -645 209 248 591 54 135 -105 -164 -288 -1280 324 -321 470 870 135 -73 -116 -100 -157 61 371 -1029 -226 -8 1195 -476 -794 444 1352 -21 26 -455 -11 198 531]
[296 -82 -593 -548 661 -672 163 -345 348 424 -237 -174 77 -99 -205 361 347 562 843 260 -394 965 -202 -1135 1194 5 11 80 -404 534 -281 573 482 -296 -217 1302 70 -467 10 -878 -1004 727 958 -451 -783 -694 -577 757 707 32 127 -518 829 86 423 -16 430 1321 237 458 30 -279 -238 -332 313 89 -756 -557 -868 -915 768 -706 -1086 81 -35 -174 386 359 39 667 265 -107 -262 550 -274 -59 564 -121 267 461 132 1142 -1076 -312 -10 -192 -162 -319 -752 124 70 -1137 -516 -1160 123 444 205 424 269 515 56 215 823 -22 460 1367 -422 365 231 -665 -253]
[95 151 -1283 -313 519 463 420 465 1017 700 -90 1295 -353 419 538 -444 422 -1042 418 -538 203 899 146 1307 1058 558 -37 -626 -321 105 510 414 -244 343 -1490 236 -240 -746 738 1093 198 1300 -149 138 -1332 75 440 1059 652 -774 984 -1000 570 -145 -822 157 604 78 -180 562 -768 -837 733 -524 -505 532 166 476 154 -571 -482 552 327 -514 -248 -480 -960 -1536 -713 -318 300 775 -1321 85 -728 629 460 -117 783 -586 202 -111 -1071 318 41 -1 -107 -310 121 -17 -103 -324 350 -563 524 835 508 705 720 -294 -671 336 -515 631 -16 -392 517 0 -128 -294 323]
[-1347 -1013 556 -248 -318 761 723 -113 75 618 -1067 341 -1146 967 -690 -274 4 -802 -150 558 139 188 54 -423 -241 -921 125 -938 338 131 327 -136 -254 -92 99 -296 200 -47 -1102 -741 -377 320 -649 -19 467 617 -716 356 187 -315 -658 248 -82 1073 547 229 -614 129 -1159 -194 -1024 731 -1306 -658 162 -573 461 -125 928 -381 -136 638 -532 -882 1256 230 391 -606 702 154 -2223 1255 553 -1222 1247 -538 574 -544 -346 847 303 741 980 530 -502 503 241 731 571 -387 806 -336 269 -462 621 -27 1145 -510 769 -113 633 -1035 -349 -16 184 -692 -154 -340 533 1596 416]
[-766 -421 1252 -733 646 -319 324 37 215 30 -149 -448 -155 939 52 563 -1172 175 -362 210 536 -82 -1 -570 181 -2041 138 -504 -896 -998 230 -593 197 -172 -253 -49 227 305 -324 -814 -114 -362 539 -25 95 -256 -406 136 -131 97 -659 501 1491 -7 0 3 391 658 -875 245 -470 19 -2112 121 229 -911 17 -252 1480 125 1042 -1588 -1293 573 -71 753 223 -716 810 132 -827 1152 14 -689 1143 -37 219 -426 470 -126 -676 417 855 785 -489 -285 -101 -477 -122 309 122 26 -154 406 402 -272 652 736 170 -858 98 -648 0 140 -361 -24 332 1041 457 1169 465]
[501 1082 -601 404 272 1060 -187 222 702 851 -445 87 110 -74 -503 30 -153 664 -524 134 -576 985 -76 442 293 427 1074 -42 383 -188 491 749 -441 -1572 -987 -370 -333 -407 -757 619 627 -727 437 836 7 -674 914 -57 467 653 1029 129 1074 171 125 326 403 370 1016 -243 617 -344 -103 -71 -972 561 909 -558 189 -66 628 -211 -1121 1 343 -811 -829 -1824 -515 223 631 -189 -180 -184 -1493 -267 -209 -1162 -526 237 -485 -329 -596 -97 377 -625 -356 109 322 -811 -620 360 104 -31 1637 567 -777 -230 -301 639 -576 90 854 -398 348 830 -451 -737 -494 93 81]
[47 -308 182 -838 790 18 -860 -391 467 -1207 -371 -2 782 -853 298 447 -358 187 1097 -456 -341 390 -203 1817 41 304 1089 -465 -17 339 441 -330 -406 312 611 -427 -786 -1068 86 116 -526 763 154 -855 210 643 569 1010 519 -171 205 -518 -616 -670 -661 1035 -184 -258 -463 -106 -254 -1010 661 -946 36 623 883 -800 198 -1533 12 178 -134 34 1850 -641 511 19 551 284 38 617 7 237 -118 80 -575 1438 -55 511 122 -10 -771 -394 491 63 537 -1268 -461 237 520 -299 181 42 -503 1509 -701 60 440 -300 -2 -104 591 -802 409 559 889 1315 -234 -753 1035]
[342 -1041 233 523 -1450 -258 -891 -461 -1063 -473 -80 880 -626 -343 54 57 841 508 -525 245 1074 -358 74 149 -844 910 -513 533 222 -237 -1051 665 -133 63 149 -448 -756 540 -476 -1506 -319 -319 -164 1740 801 -881 337 -420 -878 -315 467 403 -695 -383 -548 -282 112 -1133 1819 -160 -179 166 321 -283 1074 633 -265 -472 -1251 66 -352 762 296 317 -831 -838 -825 -373 -87 -196 884 -33 244 -250 -1014 494 402 -242 -126 93 -25 163 1088 12 -137 -8 115 4 303 -3 437 745 -353 21 -1431 -664 509 -351 -561 -23 708 540 614 61 -552 -750 913 -21 455 103 566]
[417 68 -285 330 167 -74 -225 610 837 950 233 483 426 -985 137 -996 240 -205 58 -464 501 -850 708 603 1034 1648 203 187 205 692 -224 -307 -304 -24 602 -257 163 -389 -18 -91 665 721 -369 -1126 805 939 155 -773 -466 -501 546 -149 -196 -96 -441 -452 -608 -328 -58 -740 335 -647 885 -155 -16 628 -31 511 695 -867 -1129 773 1888 -835 -46 691 -271 -272 81 -915 1145 101 -194 550 -1029 929 -402 980 442 337 444 -318 124 -598 152 395 -853 158 -1128 649 623 177 -620 190 -313 -750 -162 811 846 -477 -535 -1304 -490 483 -685 -266 776 -656 -1005 -936 399]
[-646 239 625 -223 389 -12 -501 890 -663 -1116 303 -195 -183 997 -241 -295 -995 -415 39 -8 90 -888 -111 154 262 -593 -541 -352 -835 -94 -126 -1176 366 414 175 438 -603 817 377 -652 468 -596 -248 870 -425 102 -465 387 -594 -924 329 236 110 947 -302 -266 -356 502 67 113 -308 49 -647 779 475 -841 -152 1257 637 1285 -944 -885 370 -172 87 745 480 -161 26 -142 -256 -870 233 -141 809 523 -871 26 107 -881 -963 -173 -88 -98 -1245 -1186 1002 -1169 915 -255 -104 -312 1377 -155 533 -266 586 44 -1059 -102 1058 621 -904 25 -592 -461 155 58 736 218 -453]
[783 -680 443 -237 -485 -8 190 -698 -880 -560 371 272 161 774 567 -277 126 -173 733 -601 -54 -1887 -142 1122 -1523 -188 1038 -780 1512 17 263 -361 -1436 694 175 -454 485 -129 -161 251 303 -540 -304 -1251 606 852 234 -337 61 -600 160 -536 -1139 -361 -1608 -542 -95 -108 -565 1015 -332 288 74 221 -82 20 -1053 364 465 310 -799 329 908 -488 825 1558 340 1107 1100 -773 -1288 648 230 -474 1258 726 470 -92 -836 94 847 -694 1005 575 917 551 257 -803 339 673 464 1117 -5 -824 -454 1197 -256 -443 368 -1102 469 353 -31 631 -1417 -774 337 -219 134 88 -309]
[-270 -58 678 617 -237 -185 -23 503 -144 212 -455 -207 236 -179 -67 143 504 -311 -83 379 -58 855 18 588 -172 -818 1155 18 1114 -298 845 655 571 -1039 835 -162 521 112 -320 -701 -431 483 573 60 -467 48 139 -568 665 -194 -427 540 997 -9 130 -2 360 787 -1400 930 863 613 -297 -786 -632 -1248 -250 -1158 141 -245 315 -86 -1389 -392 135 80 86 549 1322 480 -919 584 106 -783 -344 624 744 692 -74 582 608 1005 705 571 415 700 -893 516 -440 585 -490 94 -1117 -663 257 1023 -167 479 -580 352 -248 -662 643 -556 448 729 367 439 -190 1624 97]
[-1239 87 1670 4 -975 -785 -555 -407 -624 -332 237 2 -215 377 -250 -131 -355 289 -1312 544 181 -257 -720 -413 -792 -1143 350 -164 520 -1127 64 -100 322 -902 384 30 -189 1011 -1154 -190 132 -524 -40 1375 260 382 772 304 -114 476 -904 749 -454 -71 197 669 515 -1201 -567 103 -572 1267 -384 -240 133 -384 1235 184 624 284 841 -251 -729 -845 342 -528 -876 829 686 -150 -1435 622 648 -1026 190 -156 308 84 -105 1676 -408 -350 244 163 24 -130 -67 329 852 -331 -640 83 715 227 46 -5 -346 -354 -1047 -264 116 -6 1118 -388 841 865 196 566 247 827 132]
[659 -100 -486 1017 733 -180 858 -226 578 -727 698 -891 789 615 627 -709 -595 -961 1540 -1039 -1067 -642 -250 260 -547 -13 286 409 351 -1114 144 -222 212 525 -23 583 -259 -397 896 1235 374 647 1262 -837 -202 -448 131 -1170 -506 -145 627 116 656 -320 -165 -245 -486 1342 -831 -606 702 904 897 1210 -721 -233 -816 1084 -130 607 24 -661 -202 724 -874 678 -62 1047 384 -1147 -173 -265 283 1332 251 -78 -276 340 354 -1062 1030 375 -458 497 -27 -569 -691 270 -469 386 622 96 449 -622 915 460 -252 -1195 394 967 22 162 -390 689 -472 -48 -1379 -96 -219 372 -1082]
[-119 -452 -97 -255 -1245 -594 -471 -1245 -456 -1819 -422 -290 108 510 11 44 -395 -84 994 395 -111 -189 -463 1309 -1073 -817 341 -873 139 -406 291 262 796 -115 4 -287 -691 -435 4 36 -634 -268 680 -829 -525 -79 276 -140 17 295 -667 -141 -354 -1263 81 830 -254 -309 -1026 -283 483 1307 600 1016 -881 -606 348 237 -953 -446 -343 134 255 876 75 644 -31 946 711 -459 -657 202 246 -1273 871 20 -533 1299 -615 727 1636 -258 373 -658 377 1251 -286 608 -337 351 -36 451 223 62 -137 364 -651 -902 -260 199 -335 729 216 -951 -225 149 -178 156 188 95 -674]
[-754 -350 -809 -577 474 181 -32 99 864 -460 -143 444 -909 172 -541 -151 205 538 735 364 -73 -236 680 -454 347 -512 -448 -39 1069 688 130 -103 526 382 -319 544 -824 36 -870 -26 -387 862 -515 -28 -281 -1323 181 -82 -106 -235 305 655 -629 -519 -219 421 47 770 950 919 -437 -849 -879 -37 -1552 494 463 114 -177 -1312 551 -221 -613 405 -669 -1122 54 -155 671 422 -501 1029 258 147 261 -444 -165 -691 -204 -1554 -451 -549 528 -784 337 -810 410 55 217 -949 -459 471 235 -92 20 -696 -233 914 -1327 658 -1087 321 431 -235 374 -377 479 126 -840 25 -287]
[-876 -75 38 56 -433 -1380 -594 -484 -397 -1043 213 457 -485 552 -301 714 -755 327 -283 618 -37 1228 -163 -333 461 -676 907 -63 302 -476 484 535 107 230 -1437 1049 -1553 83 153 -319 -660 -685 850 527 -258 -683 810 188 134 887 -709 574 853 -864 220 590 622 -361 -360 -31 130 149 -1467 627 -789 -123 1236 -319 -296 -348 1895 -1247 -1562 17 -1223 -317 -1454 120 625 1289 -89 659 -345 -565 -544 37 -204 -516 425 608 -407 -430 -504 -776 613 147 -93 755 170 -600 -481 -452 -438 352 -3 -365 -551 445 -688 258 -120 546 245 -987 -299 375 707 819 -260 561 292]
[-643 -243 -1302 -280 675 -438 736 -304 812 832 -20 828 -556 757 318 -995 446 -459 774 -724 -262 1044 874 -357 758 888 -700 72 482 940 -364 463 -143 408 -1047 239 -565 -1090 654 -128 183 1158 -239 634 -305 200 10 684 360 -853 122 295 -176 969 -149 -1057 48 529 -31 647 318 107 -32 -831 -906 370 -9 1026 -46 -166 -355 495 40 -1881 -1012 -626 -1262 -122 291 -4 278 471 -232 1127 -749 -536 472 660 951 -722 -206 631 -481 -193 6 -144 -520 306 115 -563 639 -808 436 -1232 -419 -364 227 -172 648 247 -499 625 -702 278 205 -166 418 171 -43 75 544]
[-539 24 -282 -305 36 392 705 411 -201 429 -413 -340 -1185 206 -169 -696 314 121 -27 377 131 87 -221 -2390 844 -25 -388 -111 213 181 89 418 642 463 52 860 -12 -362 -513 -123 -728 -179 361 475 203 -322 -354 238 942 1076 -597 292 -438 -288 256 491 435 63 674 -173 -531 -769 14 256 15 -95 -319 -809 -199 -305 770 -776 -462 97 -603 -1145 374 -164 -1107 1141 -300 -635 -381 -52 -559 -759 177 -1580 -145 -518 -159 178 154 29 386 152 526 1081 236 -294 -746 -127 73 -451 220 -73 509 -25 -466 183 -103 -801 87 -55 832 694 -869 -172 -487 200 382]
[548 -4 501 892 -27 -1270 476 -1013 -429 -182 1264 -378 636 -246 -283 -192 -654 996 -327 -701 -833 -651 -643 -268 307 -785 103 794 597 -1014 -918 -618 -1000 862 344 964 -388 1663 371 162 52 -883 383 133 940 -141 -526 -532 -832 224 503 101 215 -56 -473 1107 -199 -124 971 -587 -718 318 262 497 963 785 632 -540 28 195 1003 -491 -216 157 -397 259 86 -130 -580 -585 -275 512 858 136 -409 -172 -626 -787 357 734 1529 -325 251 660 172 204 456 476 -16 -769 488 -528 -400 617 90 -997 -350 -270 122 1043 -71 428 486 421 -450 681 -39 5 64 -1 -659]
[-1398 -476 4 -82 290 284 409 -840 -343 102 -128 1177 -1347 -193 347 360 1035 -1690 366 -89 37 464 846 354 38 -260 -64 -640 215 567 -329 113 -187 688 -930 705 -860 -1420 -392 1091 -815 -46 -977 240 -650 -233 677 1555 -617 688 -593 -273 302 959 1331 991 -107 522 -411 -410 -307 588 174 308 -341 268 830 217 -391 30 -573 1458 288 -334 -581 101 -623 676 -735 567 65 -505 -623 -536 -414 -763 734 -1228 -671 -175 -1257 -135 -314 265 -753 401 -273 677 514 -1260 -976 -590 311 -549 -66 -73 103 200 1099 381 27 215 270 -1098 -1007 -210 350 -1119 -176 169 172]
[-185 794 -731 -633 947 1352 341 313 1327 -241 -152 -445 -581 -246 204 143 -954 498 210 -94 508 -453 -316 353 -936 107 127 -196 336 -1416 534 -770 154 42 -77 -369 -950 -889 -1222 999 1002 514 629 -14 1096 -430 -610 639 102 562 157 429 -377 -852 -487 -94 469 305 731 130 801 -1201 212 848 -1284 -560 557 545 403 -315 -618 -1023 -907 568 -334 70 -638 -138 416 165 206 -141 -832 842 -703 -629 -583 -892 272 -928 152 -10 861 -361 183 42 -636 -369 -474 -889 485 -74 1226 -205 1095 1049 -273 -330 576 -80 -541 -51 1091 -509 -1338 816 -558 -144 -1776 -150 643]
[-550 -7 708 -572 787 -201 863 719 829 1081 -621 -197 -757 770 421 -918 -209 -59 1006 -76 0 -875 285 -1377 419 -139 166 -642 -935 306 45 -720 606 -694 108 26 990 -1681 -395 -1352 -304 -449 -488 -292 172 552 -731 580 -13 331 -720 -333 450 -86 -467 17 260 952 -1106 -666 -982 122 -546 699 343 -1027 -856 -728 777 -634 -1224 -301 104 -751 -221 1336 -127 60 45 -222 369 -434 280 -281 -229 -1049 -329 473 -636 678 -13 68 127 194 451 761 -1046 1029 -1133 -130 -519 406 -716 -972 812 841 -112 -121 868 316 514 -2144 -335 86 -1216 495 -754 158 -370 -916 -576]
[-413 691 353 -994 122 1396 748 -759 146 10 513 -150 -728 -9 -470 762 904 336 845 215 -308 -587 31 1647 -1341 -179 -215 -728 -22 236 279 -1003 -24 1349 1338 -778 -581 136 214 920 796 -327 -650 -799 1058 1170 -109 785 -279 193 -597 -19 -169 -1020 -109 1169 -71 -991 -261 271 208 -972 431 -527 -358 -563 -458 -777 271 351 -33 -613 597 593 -32 -57 552 14 248 365 -507 386 -425 51 1604 -215 -165 -1133 -1341 -78 385 -655 1295 -624 670 1155 206 411 -631 -434 856 -190 -68 -87 608 164 -62 -269 1348 -1343 -157 213 265 -673 0 336 128 -682 -554 -81 398]
[93 293 1294 710 1273 -590 24 142 444 -235 220 -698 -327 -1874 -179 -218 87 -701 502 -451 -505 -157 1222 -18 417 98 -697 487 -349 -412 -514 297 219 -715 -298 -1035 1769 -395 399 638 355 -234 -158 -752 1405 -445 -467 -106 520 566 329 164 1219 375 398 -537 892 297 -1308 -577 888 -111 154 210 -211 135 174 -24 1144 749 -713 268 110 118 -290 44 1234 -230 -1470 -1145 281 -744 -140 -25 153 577 293 -204 1246 -700 -66 -5 -5 2056 -690 -810 -235 1584 -607 975 -102 733 -767 862 -504 -230 391 650 753 1064 -1600 -536 -606 1089 -131 -40 -286 695 -573 461 291]
[617 1326 -629 -169 -108 898 -939 -60 -267 -981 -174 681 505 843 354 439 268 -411 -187 473 -492 -27 360 635 -925 630 639 -1416 622 527 697 -469 -881 330 93 110 -536 -1211 164 412 -468 -673 -438 1037 223 534 1549 102 926 -394 872 216 -1047 304 -869 75 -723 -262 853 1469 -78 -116 820 -273 -496 1309 -95 371 560 1618 653 148 -345 76 -140 -259 247 -729 -457 -88 -288 466 -783 951 -338 361 617 -826 299 -661 -368 246 385 -262 -298 -147 225 -1180 1039 -335 -152 -793 323 119 -896 -203 -582 -655 -1070 136 1227 1157 -1124 224 -608 941 227 -49 360 668 182]
[319 1233 1108 -218 941 306 -860 627 -209 -79 360 -897 659 -499 -908 1466 -863 578 71 533 -575 605 841 -13 -1055 833 -217 154 -341 -258 -161 -611 625 -499 945 -718 170 161 510 134 137 -71 320 143 854 672 -511 666 421 -313 -367 187 361 -685 92 -593 377 144 -238 975 864 -978 -868 -349 -139 -326 -225 -659 430 1745 -288 -913 -1630 -621 -822 418 287 206 321 -265 -94 83 -643 918 505 -518 -11 230 1149 192 -303 672 94 66 112 -367 -686 83 -873 -581 1400 -317 -443 276 924 660 -100 -313 337 206 412 317 406 314 -465 459 9 1266 98 -19 381]
[55 -154 791 33 -364 -1289 542 -879 76 -592 39 -660 -389 41 -761 270 -862 535 463 -178 -1266 128 -496 913 227 -410 613 551 -885 139 -434 247 -1387 876 -452 7 -83 210 770 -1239 -601 -116 888 -155 -197 129 -796 1090 -314 -306 498 154 719 584 110 339 94 -2 -1207 -1084 -27 780 -226 -1351 -83 -302 1250 1035 -1148 -113 637 -64 -1684 -643 1115 831 56 458 598 341 706 263 879 -144 294 -624 -1330 653 -728 294 1224 448 -314 -727 212 1041 632 740 20 -1175 1608 268 -117 -359 616 -428 -775 -814 -313 461 -218 442 105 -471 318 -13 -414 -182 1044 -251 -430]
[-549 239 154 -51 -1157 -582 380 -5 -524 -30 -351 872 -419 957 606 63 94 -452 -491 904 92 -11 -886 644 53 -683 538 -1038 -875 455 -238 -608 230 21 75 521 -552 228 -53 198 -93 -730 -194 833 -1277 86 847 1046 -891 473 247 -631 181 379 -91 529 -720 696 -379 -727 -1038 1179 -80 89 386 701 580 746 -373 -167 -175 496 227 -63 396 784 -732 636 114 -749 -454 569 198 -51 -131 206 -1365 -1277 -1405 574 -580 -302 -676 -909 -427 72 -117 -363 803 -456 282 -657 -323 539 258 -748 -45 130 -230 -616 851 683 -64 -302 -953 -379 154 -741 1260 -188 -1606]
[-177 168 672 682 452 10 345 570 1144 -308 -1657 -178 -465 -786 -72 -210 -445 -70 -1020 329 -416 255 -363 163 616 8 -326 144 -159 -236 736 -435 -164 -141 -671 -105 -564 -514 -946 -247 -1102 -1181 497 -661 948 -873 -1077 -59 -122 986 -207 775 918 1364 1647 -42 -257 677 -818 -1089 400 176 -174 -664 364 -411 2288 -212 322 -1070 644 167 -743 178 1996 568 983 -638 75 1000 348 -122 -243 -844 27 -786 -1104 -911 -734 197 -449 657 -200 -187 -768 -133 -83 1225 562 -605 41 -258 -1225 1002 685 -53 -72 -458 272 1006 465 -714 -701 -374 372 606 -1109 -793 -255 -627 -286]
[-528 -1997 925 72 -46 -166 -735 -453 -170 -617 -408 1016 230 644 -233 144 -1261 717 -1028 339 1270 -420 185 -1052 943 -526 227 948 294 13 -434 130 -143 -584 -1196 785 -893 876 -528 -758 -894 -379 763 -764 -431 -571 -1057 416 -1311 -182 -150 -53 -136 275 1133 -356 -687 1197 599 -1835 261 920 -2499 1608 104 418 970 -254 -425 -979 7 -101 -311 390 -805 -107 -659 -625 587 479 43 -269 1456 -823 199 -298 -620 457 187 1051 -84 500 -54 -819 -370 -934 42 433 -942 -1449 -147 3 901 315 1583 -810 570 154 185 672 459 -3 661 -939 -973 -714 383 -159 133 -247 -330]
[-149 175 -568 256 503 -298 -561 -54 -230 -734 84 251 -50 -1032 641 -153 9 -321 1302 -557 -4 -1126 0 299 -932 884 1008 -235 -18 21 837 -485 266 367 891 -1649 -412 -828 4 -478 246 158 1425 -903 1095 268 1361 -780 399 576 -11 -23 -223 -624 -1039 -368 -276 -334 -603 -322 605 -1144 -112 505 -286 -156 104 -227 153 -63 973 265 968 981 -458 -354 110 -241 1012 -165 472 -176 -382 673 -920 -109 -673 -243 -341 -772 -1129 -723 533 -553 1195 -926 -533 -667 -724 1528 -296 831 431 -212 93 246 -320 -172 5 -1051 -396 -510 266 265 593 -94 -412 482 -935 415 267]
[-707 -477 -839 -1359 39 -754 353 441 -839 -380 374 479 -1767 753 658 751 -415 -98 569 300 963 154 39 448 -65 -545 -1438 -304 -1360 215 216 -247 317 937 -1083 323 60 349 1071 -748 -275 -198 -340 366 -817 -734 -814 1129 1040 -616 -1011 -601 -327 -599 -652 -19 900 -426 -884 1302 -377 -1049 -462 680 -186 -1871 310 874 -222 -255 -376 -965 1259 116 -919 254 122 267 87 408 547 -348 -853 -273 46 829 -232 263 -47 -1497 64 -489 816 -420 745 397 559 -443 -142 1378 -1232 83 486 44 -1641 478 862 714 -773 -979 316 342 -782 -720 -987 -495 964 466 -73 -36 555]
[-978 -1202 1100 -989 59 237 992 -68 1265 -840 778 1139 -403 1559 61 688 -181 414 69 302 894 26 813 -240 -47 -1123 -277 346 -57 -219 575 451 -133 103 -2019 86 -236 -684 303 -1714 -1170 -128 33 789 -996 -66 801 112 -89 -1081 663 331 170 -318 -781 509 -175 -220 -690 16 -1045 285 -506 -984 -286 -439 -543 -403 -144 -138 2052 -516 -899 318 -1220 -459 -762 -1528 833 293 200 1270 1177 -515 1004 -7 1276 426 -42 -649 -238 67 498 -408 266 170 483 801 -415 -635 -698 -425 163 -173 94 -1099 -279 75 -562 1042 179 -645 -700 -648 -151 -218 449 76 96 -19 193]
[-250 -824 1089 -479 523 -22 -47 -99 573 -192 245 -403 -581 952 3 -256 -1368 -287 174 -643 -356 147 977 -1467 1315 154 -615 773 443 -537 -383 704 -375 13 -1855 1378 1103 -682 163 7 -115 -506 76 -47 249 -472 -176 1123 -600 -101 210 208 2394 668 -834 -1087 894 1151 -695 -81 810 734 -522 400 -684 -494 -587 209 525 312 529 -1165 -228 -562 -462 1320 -538 267 98 -219 152 -844 101 676 125 106 867 -12 415 -149 -99 174 -648 1001 -482 -69 335 -30 97 253 -203 538 -592 -306 -267 435 -585 645 -75 -445 -509 -786 -61 249 -1555 834 444 73 -800 -656 -321]
[-667 -1205 -352 -981 25 -903 520 1207 -257 974 -203 1167 -842 1268 477 757 -501 257 -645 235 248 -211 -95 -130 178 -97 -399 -539 -1526 -70 -52 -830 -220 -332 -1325 625 148 407 -45 -1561 -633 -1226 203 251 -66 -740 -292 -594 -519 -103 -373 -447 120 -516 -30 461 -182 -724 -34 -2 -1976 -853 -390 876 1259 -406 453 192 113 -698 343 -90 1233 23 131 261 -626 -842 -93 -895 -1 614 684 -705 364 446 -180 -856 -392 389 -54 -376 287 179 188 -309 215 108 338 430 -141 -381 -375 -152 -481 -1111 1437 -362 -100 -137 1666 -444 -956 555 -771 -880 -117 -98 861 -353 -635]
[314 475 -364 -346 1120 109 -51 -331 324 366 1166 116 -904 250 -447 115 1537 1378 504 397 -500 853 -322 467 136 546 -52 -241 1148 -166 125 -234 245 -116 -787 -522 -429 807 -639 -142 447 -138 -560 327 524 -652 834 -1513 732 -447 1370 241 -596 -550 -789 940 931 -198 1873 944 -847 -723 717 -295 248 355 -1160 -458 -168 -575 291 -168 526 410 -389 -1358 5 -499 -188 -116 -226 882 -86 -753 -579 844 889 -950 -47 -523 -227 -1244 -167 245 62 -502 -297 -972 303 -437 -1174 210 -37 -54 341 700 336 15 305 494 21 847 -119 1244 647 424 134 -914 542 -206 90]
[150 315 80 344 404 479 -692 252 -56 -392 -104 -429 877 -509 -291 -274 -129 -535 620 -213 -560 338 -820 577 -902 385 1463 -148 -10 -1069 747 264 -289 23 1258 -198 77 214 -178 3 930 1315 621 653 638 222 299 -936 801 -1084 186 54 -197 -10 -741 516 -421 -347 -50 -57 239 155 474 101 1 -409 -238 -18 604 566 -24 -468 -789 -261 1139 -204 326 -124 916 -282 -1268 73 61 -41 -298 448 472 903 427 -158 826 455 -121 651 -149 -603 713 -1104 87 815 746 539 1862 -837 355 1428 -156 -981 -837 2 519 -184 111 310 401 -515 -44 150 633 1975 593]
[-616 31 230 -519 -674 899 -516 -89 69 -1904 -926 558 117 38 1111 1406 -603 -151 1020 406 -180 96 -435 456 -1384 -144 848 -774 -1027 -851 820 -503 -146 53 -667 -1070 1214 -1054 157 -114 -315 -988 389 -517 -244 64 835 1020 -125 697 -348 -922 1129 -376 -308 306 -626 -151 -1094 -829 15 681 162 757 406 29 156 -347 -68 910 695 671 -111 1699 871 960 342 -13 717 60 -491 -231 99 104 674 -15 -706 612 -817 -470 -394 -726 -139 257 -46 170 825 -734 0 1060 -466 552 318 400 -895 334 -823 -1063 -542 -1007 758 80 299 -668 -987 -815 -170 877 573 147 -913]
[-553 651 -46 -1161 -525 788 518 -182 343 1034 528 -161 -608 -99 -784 1335 -741 562 -322 947 408 1195 -788 -218 -504 -237 -708 -66 -1440 -205 397 -138 -260 -368 -137 -811 306 372 -161 -807 119 -52 -495 709 141 568 -301 1263 340 542 -1048 -284 327 457 -128 427 224 -1779 563 -65 -556 -397 -286 -522 1060 -669 406 -500 -268 437 528 -127 -655 280 509 485 -815 -974 416 679 266 247 -731 -325 -221 -516 413 -561 -902 754 -582 -114 292 -619 -212 736 34 -756 399 -74 179 -1317 330 1286 -314 -738 -182 906 610 -1023 441 -54 966 -826 -19 1196 -58 163 357 205 641]
[419 -353 332 600 -107 -1151 -814 -514 -316 1641 -140 167 645 -497 -644 -2056 342 189 3 542 532 -61 -582 158 1238 125 817 75 -658 848 -258 1560 -599 -442 731 -109 -113 107 -1069 -988 -178 -113 -251 -399 -6 -125 922 -895 788 -1024 -282 -325 -280 319 84 779 -58 -328 -191 -198 -113 12 -54 -1551 -194 191 863 -382 292 -1154 461 -143 652 -604 1053 -761 621 -656 -312 489 570 558 -319 -938 -737 678 751 482 34 937 722 -278 -24 12 428 -510 -97 -217 -181 248 -461 1400 -527 -289 -668 -412 -72 438 -43 -832 52 -1305 1042 -6 2184 833 796 -946 462 -213 1013]
[-276 -43 327 -850 340 -403 236 -518 -34 -340 388 -345 -715 -316 -311 1439 -357 -56 -249 -642 -579 -440 1021 292 -373 -37 -816 -175 -325 181 189 -1247 -368 544 -124 -296 -934 -103 -132 -100 381 182 1386 -319 1193 293 -958 706 -210 579 -427 353 -824 -116 -566 -604 233 -473 116 -199 730 -1062 -81 177 281 -520 593 694 459 -276 552 74 293 -353 -462 -286 32 -52 159 -132 -445 -560 498 494 -174 -564 -672 -199 701 -738 -72 -155 863 -458 387 -498 38 -107 -220 -793 757 -205 1163 169 996 -206 1028 -134 1206 -383 -142 796 -289 -51 -812 -149 -19 -289 -633 194 319]
[664 -344 -62 -1345 737 590 -763 671 562 -161 -44 1136 125 327 242 822 -842 605 -393 576 -142 -252 704 1659 -1210 763 -688 -157 -62 110 -213 -898 -778 -340 -1547 -161 -189 -273 634 -447 746 -1048 -80 -311 719 -304 -1048 763 -797 -317 749 -34 586 291 -533 -621 -245 -640 1428 239 279 -999 -611 1039 -29 478 439 -639 78 987 -1575 255 428 -5 634 315 -537 -1559 2 -827 1165 -765 -283 -664 355 955 -911 -191 -480 -64 101 -504 672 -376 -396 -168 537 -99 184 -626 1001 -500 -199 754 -628 -403 266 188 437 75 -97 1917 -1053 266 -1776 -161 605 -9 -216 -644 -261]
[-96 368 299 106 -372 -1433 -301 -217 -996 294 666 -309 -697 177 6 -750 -195 -1139 262 168 -314 -486 -466 -133 784 -1156 72 -371 -925 -59 -61 272 1176 110 247 458 -1059 486 -1 -262 318 -575 -276 176 34 -586 38 -580 -740 832 -255 -441 792 498 -465 553 422 1144 -1085 -108 -946 540 -697 565 214 -767 466 -88 361 -890 -583 -443 883 -14 201 156 394 301 -435 -217 -435 91 -446 -998 -336 -313 -237 -427 71 1000 -1096 -1596 -479 501 -527 -217 1 -202 253 -44 -425 284 -574 -514 956 734 -98 619 691 -161 389 -924 -233 739 -126 -561 299 -673 -33 -503 -457]
[1044 1334 -529 91 1142 -1360 672 -37 1395 555 1348 -975 981 -372 -19 -645 136 926 696 -547 53 -177 -690 -286 1154 23 -188 537 -1234 -599 -158 -225 -97 446 -40 515 -536 285 244 350 627 278 197 -1030 -96 -607 94 -2096 203 -240 727 291 1230 -357 144 931 56 148 333 -364 698 -387 1027 -59 1 354 -473 696 788 -119 1363 -2548 754 819 -1506 78 -28 -381 -338 375 786 762 -654 1057 -283 -14 500 -433 849 -287 555 126 -1068 222 -423 -447 -618 -147 146 904 -36 6 -557 1102 648 -1117 68 -88 406 153 -1008 -496 -113 300 718 950 -499 106 -481 -573 278]
[-363 -1550 531 729 -82 -121 1097 -354 427 872 -1162 801 -510 -689 -285 -1482 1172 -448 166 -420 454 127 -314 -1699 360 909 -555 933 1211 500 -929 802 226 1082 454 982 221 306 -144 16 -798 600 -590 257 827 -312 -764 190 -723 -655 171 226 -580 57 -234 87 -399 308 692 154 -1033 67 338 -1621 666 540 -1151 -1763 -1169 -756 328 1478 -210 -386 112 -661 222 349 282 103 -323 777 407 -6 1089 -809 1298 -706 -665 636 677 912 -396 906 180 199 853 1289 583 -352 608 -265 -1470 -1095 -913 104 535 138 375 352 783 -298 -411 980 1005 -529 174 -160 150 -1025 -627]
[-354 -38 52 219 346 -233 1254 318 574 -56 -1673 4 -963 -1660 662 -751 349 -1349 265 -431 471 -269 239 140 -308 -262 156 -560 -328 -288 322 91 11 448 360 62 1270 -894 269 498 -285 1357 1116 -945 77 -123 95 819 832 355 465 -657 246 158 -770 -157 -64 -298 -934 -203 -286 -183 555 -385 -742 337 -173 -399 -267 -735 305 1111 -170 222 139 203 -16 -16 -84 -573 655 87 -528 -94 -290 251 -121 -937 -266 -751 467 1153 -196 163 656 593 -507 512 -462 1151 -785 -274 -54 -1110 -896 255 -171 1301 -459 -588 -438 76 -548 142 286 643 -56 383 -717 215 -598]
[347 248 -703 950 438 -188 -505 -265 -991 1269 -973 -114 423 -685 -484 375 433 -176 -725 -498 -141 802 -66 18 -248 768 652 162 -86 508 -626 -84 -837 132 1081 -220 -527 -109 534 526 679 -108 -137 43 585 522 -1455 808 -129 -107 -899 96 -723 930 -609 -1157 176 379 257 -111 933 -234 -613 287 -7 426 160 -172 -214 -311 -1001 408 -350 -940 592 -659 -204 517 -514 175 -406 -934 9 1253 -573 -872 -207 -652 342 344 119 716 -457 172 -179 -366 161 -439 -167 -718 1480 -715 825 -1100 665 741 252 192 735 -161 598 1228 214 -255 -420 -508 453 -263 393 897 93]
[-625 -446 1037 -600 819 172 -664 304 227 -220 407 -737 -408 318 -1157 -300 -975 576 50 -587 -533 925 755 -241 303 825 -760 254 -221 -677 -823 289 -895 -349 -582 1052 93 -372 468 -1132 447 477 188 683 767 122 -28 1585 869 -927 538 744 899 214 -634 -457 155 -1030 111 40 445 -615 -930 -910 -67 -272 674 -318 643 1116 280 -1411 -693 -1003 10 -447 -421 -930 -120 173 -238 -812 246 299 -534 389 40 702 915 -563 809 722 -558 570 1133 -449 301 213 -233 -347 624 498 230 537 -807 652 778 -181 -16 135 -45 44 8 -26 -203 937 171 942 -537 1183 1562]
[-655 785 341 -409 -324 -714 174 -729 -439 -169 77 1173 -1431 -257 305 1098 719 73 -660 664 93 -372 130 -274 -820 -185 374 -704 -192 -157 92 -473 125 129 -732 351 -637 49 -558 341 13 -426 143 1016 593 -813 622 1182 -699 1205 -97 -268 -660 -476 -84 877 363 -505 614 215 -193 -152 -537 216 452 475 294 -400 -262 -172 813 -188 -1099 363 -1106 -374 -687 -472 -1192 429 -225 882 5 -631 -875 -423 684 -2327 -309 291 -481 -410 460 567 377 770 -370 53 749 -905 -835 -1387 -506 -5 -489 -411 226 145 105 118 169 845 1201 -595 -1514 629 399 53 -408 29 -128]
[345 94 -285 -825 624 473 -478 213 575 115 -648 20 931 352 -534 -59 547 984 270 73 -493 176 181 342 170 30 805 -382 -124 -529 -91 568 833 -266 235 -157 -82 105 88 -287 715 644 703 -744 39 -953 583 -838 -461 -782 1091 397 514 -884 -322 196 -934 904 920 -107 -145 89 -1012 -860 -161 651 -1101 -108 -349 -1524 -171 -745 -579 891 1141 -813 944 -1224 273 -764 -322 1147 643 242 726 349 559 521 -313 -272 287 -375 448 223 187 -425 88 -603 -1172 654 1674 344 -353 -786 283 209 -239 351 -138 234 -434 155 306 1092 652 -1112 -42 -508 391 457 191]
[470 119 -82 535 -302 -203 377 938 -690 118 966 640 83 -155 1425 -1191 -79 -373 -456 -138 1301 -962 -941 1563 276 -558 -59 -453 515 -471 580 -330 120 218 127 -381 282 1500 402 1472 944 -760 -810 90 -495 1018 293 -786 195 -723 221 -839 -1199 -153 -1019 159 415 -77 200 762 -295 20 1528 394 -29 132 -550 -94 619 650 -1306 779 1805 -162 -40 501 -157 226 -331 -596 -270 160 -902 -1032 -1 903 -318 -506 -139 -224 708 -1364 489 259 53 637 -94 -221 612 -227 -920 -45 84 642 -311 -242 -177 305 -166 -699 -161 -147 -762 516 -710 -794 771 -291 318 -437 -655]
[571 600 -1179 613 674 853 -19 252 -1 163 477 -488 727 -1309 818 750 -760 -242 -800 -942 -63 1445 -209 990 -833 -777 653 410 -282 -1467 -162 442 -742 257 -36 -208 -543 -312 706 1405 366 233 -201 652 -237 -257 1044 303 523 894 -72 -102 -347 163 -16 364 227 -672 1155 578 -60 -10 512 87 206 634 1272 -575 -332 593 398 851 -1048 917 209 -528 -284 -374 -1042 682 1515 -523 -977 823 -1622 -671 34 -269 581 -878 -1170 271 -114 680 290 177 171 -1182 141 -73 -326 -1058 718 904 -1434 310 -1118 1135 19 146 -19 488 315 -672 61 44 373 1234 25 859 1416]
[212 -1128 -1488 512 204 338 -798 166 16 680 -661 1187 1567 861 188 1304 -366 -235 -861 -514 -293 1680 370 556 -275 -374 -13 281 -264 315 233 286 -924 -597 -722 -582 -155 109 555 -808 -818 204 61 576 -1363 -372 11 247 -299 -880 -667 658 796 549 -352 -908 116 709 -285 735 304 -935 -1297 -396 282 -231 421 -495 -917 297 837 1291 -1777 506 167 -662 -796 -642 1250 383 -142 1311 690 532 295 -681 584 992 1003 -470 -549 1349 -232 517 -405 -800 -33 -1447 -285 -556 365 -1243 -438 309 -338 -617 741 450 296 -383 893 1353 101 -195 277 -645 1003 1049 966 1106 -51]
[-305 245 1757 344 962 -208 -92 637 775 493 -629 -855 261 486 161 -1021 -477 79 -440 -216 203 1400 -111 293 780 -1363 1014 -535 -142 -1386 235 -182 -91 -711 396 167 404 -138 -802 1339 970 221 462 412 -300 394 204 293 169 108 -585 31 -355 -245 175 152 785 726 315 454 700 910 151 -436 -793 330 73 -346 1095 296 -339 -1293 -1584 -315 -339 109 -341 443 323 73 -635 569 185 -162 -287 -30 23 329 749 -491 929 141 -752 1152 -468 -212 -738 -150 -128 -2091 -199 384 457 -1203 873 1362 699 55 191 169 716 -369 817 -483 -93 699 -9 546 799 528 148]
[-110 -1105 738 468 662 -2 -48 -84 297 -153 343 -155 250 -625 42 382 -373 791 559 -131 182 -915 -758 -113 -159 -158 134 1565 -14 22 -1132 -696 547 349 728 1183 -423 1190 770 -557 -611 353 -815 596 13 -819 -1164 462 -1473 -431 182 886 232 -52 492 843 -202 641 229 -537 -875 315 -126 580 1205 69 -116 -848 -808 78 -193 484 -878 808 569 -46 778 903 -158 128 204 84 992 144 767 -703 -479 317 -442 -37 -446 173 493 156 -709 -110 848 215 173 -322 709 -867 -687 1480 -556 -1169 -284 165 -302 745 260 -37 -105 -426 -140 -628 724 1043 247 -392 -392]
[-731 -244 -299 -738 273 -1377 381 546 -221 -367 363 -589 -389 -550 22 27 -343 -360 318 859 -248 1464 -163 -514 600 -509 -383 -3 -746 464 -205 706 627 614 -458 -274 -11 12 213 185 -682 275 -495 -170 -832 328 291 -1224 31 686 300 -125 792 143 875 1104 -256 -171 -746 -37 -1274 -638 420 -534 -256 223 175 477 -213 -875 459 473 541 -158 -94 -793 272 1135 -395 19 -354 517 -493 -709 95 89 -338 46 268 1212 -505 -597 -778 -132 -485 612 641 375 902 345 248 179 -736 901 -201 -528 493 112 556 545 -1081 -689 -669 737 1794 -572 -270 113 -13 -650 371]
[589 574 -752 641 -11 294 -840 1077 464 -685 674 -1248 955 -251 -346 387 -356 92 1279 322 -685 560 -724 356 -123 857 -137 607 -577 1073 415 -490 1940 38 1563 -90 -396 537 1389 -913 -140 1533 102 775 -377 214 -57 -1242 -380 -444 565 357 1063 226 465 370 -359 861 586 659 376 -49 639 412 449 -68 -1203 -341 -335 1310 -711 146 -47 789 -554 815 326 33 511 57 -15 -406 -566 631 -923 -12 -630 1341 176 -380 -457 187 -123 -572 -544 -725 -840 -1229 643 352 386 471 -901 1317 962 3 133 -446 -426 827 364 -474 -903 881 469 -442 -1014 1145 608 352 25]
[-515 837 -508 -379 95 562 385 -665 117 243 -191 99 -247 484 10 855 180 83 -78 311 -624 -342 -1213 745 -408 -532 246 -1036 -1459 55 6 -962 -109 1091 521 551 -1391 -205 125 -357 201 -34 409 151 1037 742 -87 383 214 -288 -571 -702 -284 -131 -311 999 -774 -634 160 -143 -474 -280 -542 69 -127 280 1110 355 824 61 818 -362 187 26 554 -688 -512 -1030 -840 99 -869 304 127 574 672 -669 227 -1152 286 977 -93 562 485 -744 141 -106 191 -514 -95 -1185 659 -981 992 -253 982 -661 90 -382 924 -914 1589 555 0 118 215 -28 205 -153 725 567 405]
[392 -83 1426 -456 -175 87 777 11 -142 -819 -534 -116 291 150 846 538 -737 -567 199 -468 -350 -379 891 -405 24 -710 -231 -965 -1127 -935 53 198 -715 -126 -856 -324 1563 -752 453 -81 -215 -263 1237 -1331 -713 731 106 560 417 470 -20 -1245 1265 378 -304 -652 26 -44 -1297 -582 306 1285 -236 -1036 928 136 -533 40 769 717 833 -630 -553 406 59 1336 662 -225 168 -138 -700 -603 -548 -526 1184 102 875 297 203 192 -83 362 -885 392 511 534 335 -43 -651 1000 126 1132 144 -460 -252 721 -5 -306 666 -1240 128 -755 161 215 -399 -152 -455 570 687 -234 -263]
[483 -255 -657 1010 -1585 -153 -716 -702 -770 -183 -941 178 -382 147 -32 -276 1326 -192 95 166 841 1563 -957 1299 391 -533 -390 206 -921 -260 661 1213 1003 299 851 -821 -271 923 413 1003 -843 1568 -279 840 -1582 -1619 -83 376 73 -518 -740 -450 708 -534 712 786 130 499 -30 350 367 815 78 -559 -242 419 333 -592 -1271 -867 -452 116 -779 1576 110 -647 220 -505 99 461 -132 1546 -737 -274 -484 -2 182 453 -41 -992 802 946 -348 829 -439 802 -837 -737 -75 63 -58 775 -595 971 -315 518 304 548 -793 -141 -386 431 1055 -634 855 -694 547 357 1324 1114 65]
[-321 54 -432 370 -77 -270 881 81 217 88 -527 475 -752 -368 36 341 212 -623 -626 160 254 356 625 -1089 131 1383 -364 698 -5 170 -85 -462 -575 789 -1229 182 44 -614 575 815 176 -323 282 -941 496 216 -1102 -91 192 391 222 -118 225 23 1092 -783 -158 -167 -937 -1403 545 154 236 547 -537 39 244 679 87 335 -68 875 401 -571 -1200 301 -230 115 -583 848 812 -1006 -510 528 -200 -385 -572 -618 160 -80 424 347 -301 -878 -28 1002 159 2204 -272 236 291 78 -166 35 556 -316 4 -809 713 176 -637 -534 -1214 104 -770 -820 -532 -1155 -1201 -444 -225]
[16 -1131 -797 -21 -938 1381 -642 549 -512 -570 -31 152 -77 769 -791 135 608 -830 -666 -410 -153 585 922 570 -172 -147 38 242 1057 -328 -61 274 790 688 288 605 187 1317 1167 749 189 1522 -159 -461 -1455 -227 555 491 -266 42 802 132 84 -1000 -283 101 -197 158 -393 222 -142 -312 154 -115 -513 449 -984 -236 -1177 -259 -553 710 153 462 -310 -627 413 759 689 -154 -767 553 159 -122 194 560 -140 294 -612 -1581 441 -70 -299 -513 348 338 148 -262 -487 762 404 -37 131 -313 8 401 194 913 -729 -597 -577 949 -299 147 984 -1202 299 -259 -154 1230 -432]
[254 368 -806 -791 158 496 721 -304 1204 -215 33 -109 -265 1169 25 -552 1375 726 670 554 144 -626 -306 1149 -1159 686 -420 -943 -630 289 103 -646 49 607 147 -368 -905 -776 -218 -678 359 395 -407 -100 662 -293 127 -1380 367 -1314 838 601 -969 -1349 -467 -272 121 -837 400 1316 -492 -921 553 -771 -581 -292 -1195 918 603 -103 -140 -751 971 97 549 68 211 -1148 283 -198 165 1452 -306 -598 730 653 161 -427 -794 -1679 -173 -46 1106 -732 300 227 -476 -679 388 705 318 593 173 -409 -386 -33 440 -736 441 -955 91 646 -831 1101 19 -164 -488 -976 100 148 748]
[-1111 400 1495 -746 -372 406 817 707 1367 -566 -651 615 -169 -436 330 462 -1472 -289 -1036 689 851 1372 424 1238 724 -1533 75 -469 -302 -633 676 -256 -204 -493 -962 -180 -887 -180 -186 1125 240 -132 309 75 -730 456 650 1347 -676 992 -494 460 164 903 544 -297 -954 -45 -687 -11 409 710 -696 -1483 -845 696 2028 597 592 -724 126 -379 -1146 -818 -67 743 -1154 -343 456 673 -716 1496 -470 -862 194 -552 -278 83 88 88 -564 -358 62 -1017 484 680 -31 570 -195 -2266 831 -1090 371 750 790 -836 -588 1002 122 432 -90 -324 685 -1582 -1150 -276 711 -191 152 12 438]
[716 131 -596 174 -1774 1632 -660 -211 -445 -485 -104 6 -6 507 -243 507 170 -435 -88 -395 -265 -555 472 94 -1090 1359 -334 292 -152 187 582 568 -549 72 -160 -509 -64 -59 410 -437 541 -113 304 271 1074 50 -215 201 -26 36 -571 -400 966 125 -506 -783 -923 -1319 -235 -982 1208 -541 -548 627 230 321 386 -145 -283 837 823 -363 425 327 -118 -163 -187 -962 133 -282 94 -526 29 1063 -80 -168 -223 -575 -57 -383 61 -354 1134 -527 48 -436 510 706 -27 1076 1202 64 -439 1005 -341 -1012 306 -315 247 -1566 288 572 -103 -308 2 -716 280 -426 -1273 437 405]
[-475 -517 -368 226 245 -935 318 153 304 907 88 700 -469 -901 105 581 -461 118 -32 -152 -185 394 -288 -1553 1127 512 46 764 196 -128 -403 -525 -1046 -181 -1467 940 75 -511 212 -132 -722 -15 1073 -334 -244 177 32 1025 -37 571 -163 641 433 365 -5 -1031 460 -357 -137 -1069 -24 -73 -2 1113 691 330 747 622 -385 699 868 694 -468 -580 -703 279 -2206 251 109 833 830 -618 -81 719 -1073 -503 -282 -38 548 618 -674 402 -860 34 -162 -104 -196 1079 64 -486 -151 -821 359 595 804 -991 -368 601 -84 453 -451 281 -149 -470 -1035 423 -269 39 189 82 -889]
[-1060 187 -707 -1408 -1772 278 800 -485 -138 -1484 -31 -791 -780 1843 146 293 -376 285 -257 623 -34 270 -572 -1332 -762 -869 -1125 -473 16 -555 435 55 1324 200 -680 670 55 -392 -607 -1278 -111 120 1225 901 462 -1266 -487 24 1128 1194 -702 33 -357 -360 -410 -779 -388 -1473 544 -61 -246 323 -1160 1653 -414 -543 -6 730 -538 313 42 -1032 205 0 -812 -66 -827 743 137 251 -971 -356 826 70 -21 -287 -30 11 428 -416 209 110 726 -340 159 251 119 539 531 540 -289 -163 612 10 -1284 -818 317 83 -667 -342 325 1468 10 -121 -814 278 -482 417 -1055 616 -125]
[-307 516 1009 -1002 1151 -341 -314 305 641 -570 385 -516 252 -1349 -1010 893 -323 1442 -56 564 -431 1512 299 -178 1477 -222 -417 -136 -339 124 -981 -467 -11 -262 -44 23 161 612 384 -259 -173 -596 -625 -668 -303 306 -33 872 443 -112 1418 151 -429 369 32 452 -449 -160 221 62 294 -923 -177 -1951 790 1257 488 -219 -41 61 739 -724 -709 285 445 -872 1231 -154 -351 1141 168 6 284 -158 745 -29 -163 -322 -76 -110 -631 12 -1935 -76 -162 223 1448 -174 359 -317 421 -944 84 1038 -419 -916 -434 776 -701 855 -755 497 -328 -187 520 381 35 345 488 -465 84]
[-932 -134 -1414 -505 -460 -251 -121 906 -637 -445 224 583 -1276 884 -548 1224 -642 -493 465 751 12 501 -75 302 -457 218 -378 4 -5 -38 74 -636 525 -262 -1642 227 -837 551 -532 -893 229 -130 -279 644 -464 -1188 -170 20 551 -53 553 -479 94 122 -389 -109 -316 -574 -128 380 -1298 -326 -1210 1452 259 -1008 865 940 -239 66 -938 240 646 -368 128 348 -794 -539 590 -466 -931 -106 224 -520 151 334 -826 -861 -130 -13 -1173 -479 -444 -664 -541 -1243 725 -341 1155 598 5 -241 903 595 332 510 987 201 -724 632 571 1000 -799 -327 -850 -1221 136 98 -185 280 -652]
[203 -652 213 179 -268 1232 -425 300 -34 -823 -214 134 -340 -60 -317 -677 102 -503 -518 -373 76 107 921 -894 324 992 120 479 494 263 649 623 -1050 -159 -787 8 -149 -808 129 -1124 -348 -109 885 525 426 -82 524 -19 497 434 766 720 -376 536 -144 -1159 -127 250 190 -1032 955 -92 191 246 377 293 -73 504 -599 417 884 -256 -811 625 -667 -335 -98 -308 123 509 410 -1339 263 396 -546 188 -367 -474 216 -1546 -402 1323 -304 -803 -283 -907 304 102 -207 -307 180 483 494 -353 123 -949 677 -656 -441 603 1390 105 -1265 -440 -355 82 -753 -612 543 871 483]
[-715 -672 498 -624 170 -425 -59 839 -27 -1039 -341 -646 -402 352 -523 595 -1866 -483 -12 -333 -25 -55 1339 -260 -26 -452 224 141 -944 132 182 -268 856 -1565 -550 -176 292 -490 34 -502 111 -891 -49 -1208 531 -302 -685 -252 -715 441 60 841 801 33 339 -252 -430 819 -1319 -1023 988 280 -843 1059 -1164 -244 179 150 747 258 -493 -410 -489 310 265 243 581 539 1108 -235 -325 -1037 1453 -307 1340 -725 -956 -229 -710 -340 -639 194 -101 -136 0 -85 -80 731 -413 -733 392 265 1028 1177 207 -805 -581 -55 -833 327 -444 -593 -1373 -152 -1021 -257 -148 -239 -942 351 -918]
[-535 -788 1570 675 63 348 477 129 1180 -197 498 -249 -973 -406 -249 -301 85 -253 566 -439 591 -239 821 -147 1048 925 317 599 680 35 -403 -1 -379 507 -1076 -1644 391 -666 -850 223 -531 -479 -1470 -1429 361 912 -1 -836 -1695 146 707 177 480 -312 763 125 184 163 -1041 -1911 -143 742 588 -867 353 334 -590 581 -168 -494 -334 475 428 -109 -350 1017 -274 480 497 -432 862 408 897 -131 806 -134 -718 471 409 -147 -490 -274 -869 482 -1378 372 -478 1167 97 -985 488 1146 -1185 474 1234 -532 265 -675 1382 534 -123 -1682 -1114 126 -595 -1321 -190 -450 223 -1800 -293]
[-98 -830 425 836 302 56 -1905 -274 168 570 84 368 750 -1527 -28 273 -371 220 -255 524 1025 1456 -481 711 -331 225 43 795 -741 -90 -616 459 118 -684 408 -236 -1172 -729 -598 -503 -623 -528 -647 1197 -40 -297 744 931 -844 -2 -1216 26 156 -373 517 51 -27 -731 903 201 238 -362 -91 207 471 292 1522 -1413 -1028 -15 121 688 -282 104 -303 65 -1577 95 -73 843 1522 -370 -845 233 -1222 -299 62 507 200 933 -813 259 -281 -638 -92 -650 -489 -29 -255 -1031 152 51 -158 817 -933 -541 -544 352 379 380 609 620 1082 -1306 -198 569 1015 681 194 -333 443]
[-63 -474 356 -335 675 -550 540 -542 -189 -754 -225 -510 -285 -722 707 460 -174 -913 1106 -759 -417 -146 414 28 -127 -425 -344 307 -1015 -292 -455 40 -400 1044 -306 325 508 -92 670 452 -225 -80 241 -454 -417 -319 -951 -500 -858 -56 -197 -736 1024 76 606 1013 -386 -277 -117 -1046 -171 69 110 633 220 -284 -11 296 31 -388 -337 -114 427 219 71 -233 409 443 -915 -434 602 -574 359 -672 746 -623 -81 633 -93 -301 680 -62 -230 666 -309 917 1138 562 836 689 -358 523 772 -474 -592 81 61 -797 20 539 -1011 4 -595 -220 -49 -1040 219 -121 -232 -551 -53]
[446 -729 976 531 335 -291 525 138 -326 191 1125 -752 -235 -793 920 -58 77 -223 207 -1166 -930 -615 151 1014 -1004 -608 -79 725 809 -224 -703 -971 -812 1346 1305 -298 622 1058 983 1537 833 341 182 -926 746 410 -451 256 -468 679 -190 -10 -452 657 470 -9 419 -352 320 518 -32 -139 493 -240 140 814 237 -606 487 1535 -138 683 876 245 504 16 1272 1409 -450 -31 -323 -792 428 292 -454 -57 102 -657 -1186 -1127 217 -760 474 1441 717 371 339 -464 738 236 -323 871 44 290 -915 629 617 5 448 -899 -853 255 262 596 40 -80 -136 -23 -138 1111 695]
[234 -132 331 -389 390 -1058 361 1081 -67 597 -348 -149 85 987 626 -1032 86 456 -391 365 1235 287 -380 -746 737 -1684 -804 -616 -945 31 661 222 823 -930 -587 -80 1003 139 350 -596 -687 -1435 312 -426 -1150 120 -713 -272 1800 -640 -2072 -392 -1140 -377 238 250 285 56 99 920 30 -116 -285 966 -53 -735 -306 67 483 -384 61 -608 923 -34 -582 410 407 -686 -527 -260 136 -692 150 -875 530 500 -106 183 350 -1039 1137 -49 489 146 474 -243 -411 541 -1076 -256 -1846 -309 395 -12 -278 -731 880 478 -542 600 444 267 -1093 -213 -14 937 -445 41 1122 329 -258]
[-541 236 127 -621 -204 1077 180 91 -752 -317 -470 -543 -283 -38 -180 1612 -591 827 771 623 -748 -738 1308 -146 -1139 1952 -151 -192 1152 1551 155 -286 526 -954 794 -596 157 -1088 331 -22 -838 -525 -168 -1203 1325 182 -449 -491 -207 611 -611 -65 -133 -935 -356 -721 106 128 -264 33 482 -728 265 1043 -502 -280 -862 -1085 46 -216 -686 119 15 78 106 227 849 1303 -317 -135 -525 -453 363 369 671 -512 -490 -134 -399 580 -296 305 630 -296 999 251 122 337 -510 593 694 410 -845 471 -79 594 -526 -371 20 -617 87 -769 456 -120 -1024 -252 361 327 -773 -1013 -348]
[255 -14 978 -124 590 -262 455 426 721 -82 352 85 690 17 -102 -40 102 -282 -496 -115 533 -833 271 -553 -94 -373 147 540 -85 -403 885 -645 -252 -230 -473 -679 982 302 -542 -154 -252 0 384 -1130 -353 79 -609 -625 73 -539 462 -34 -541 232 663 -376 166 606 -1233 -734 52 445 -238 -169 783 -423 -649 669 861 145 750 -402 -657 543 -509 449 1336 -296 173 170 -154 228 336 -238 981 603 213 -48 321 -289 497 569 319 725 -809 -421 -64 -42 91 699 -380 222 81 -1 482 -437 329 -309 32 365 -291 -722 -332 386 378 348 -756 -181 -180 126 -506]
[-396 1213 -347 -808 551 305 351 1228 -154 91 -154 -207 -244 414 522 -70 -143 -462 258 605 -434 965 717 -358 440 235 1430 -1528 -134 364 1216 -120 -389 469 396 -320 206 -1063 151 -245 152 246 -107 -5 327 1353 276 -547 2293 -40 -92 -399 -1380 382 -368 515 -515 -583 7 472 -78 -635 -134 -1097 -163 355 149 -2 1118 212 236 -789 -886 -925 439 -998 663 -46 282 1002 -224 -70 -381 623 -849 114 -18 118 1033 -991 -231 291 -102 -513 321 100 253 -649 272 -198 -279 -856 788 -709 -811 362 135 110 -684 -280 1160 -436 -1367 -82 341 598 249 564 410 905 1128]
[-773 -611 172 514 -655 197 -117 491 1004 -1095 -736 -117 -866 -1347 -565 -964 150 -712 1107 -117 -398 -310 868 466 -732 -397 -564 -210 198 291 -459 252 146 338 269 -259 -223 -607 -187 115 -544 557 -634 -1015 903 216 -476 731 99 445 -495 -671 -1718 -803 207 30 -596 -962 -476 -288 -217 185 -161 -551 -1211 751 1641 -118 -383 -643 -123 822 1136 -49 765 -606 683 177 822 -328 255 -452 584 -85 569 -522 -584 290 -879 -400 434 -715 94 -855 1009 92 434 2310 -421 -338 -261 1103 331 -500 -1051 39 -600 110 -378 814 -33 -413 -373 -429 604 -466 -298 -29 -1237 -337 -77]
[494 242 -971 -225 577 729 -354 7 132 184 -733 1504 267 -460 205 126 622 -239 223 -38 -42 -257 549 -440 307 1579 184 -13 18 1456 584 556 177 -277 -716 -468 1021 -564 130 454 -717 -233 -498 -362 -1199 619 112 1321 312 128 883 -977 -980 -60 256 -329 23 218 341 -184 -1209 -445 524 -562 565 626 -506 -597 -923 -691 -826 2085 -190 -221 650 -705 300 -707 -1348 -702 593 -511 -564 121 716 -411 56 130 -535 786 -713 127 -800 -585 -132 -191 351 143 9 -289 29 -677 -331 -78 -420 149 -552 692 -37 511 -209 582 -269 450 839 156 -429 616 283 -2420 -952]
[406 664 -328 -12 635 -814 -90 188 264 920 67 473 604 228 4 -427 454 324 -209 481 -209 1214 635 -113 184 744 713 -434 279 -470 720 742 987 -997 -266 264 -907 179 -193 -41 235 403 1139 -29 -1263 -413 503 -762 -107 -1165 261 256 401 -895 243 464 -216 904 248 808 1213 202 84 -499 -304 -346 -596 -167 -275 -682 639 -795 -929 -273 -1172 -538 -828 -817 1109 -521 -79 529 -288 -344 -1222 -51 369 416 356 586 444 115 -621 -19 531 189 -1485 -122 -611 36 41 -111 -321 -1693 1096 224 289 -568 32 1135 -153 171 661 -406 120 412 -503 -72 613 9 -16]
[-60 240 -295 -112 -1210 -1046 1127 -756 97 -452 1122 -425 -1061 -185 -255 190 320 -432 571 -504 71 -752 98 489 242 380 -323 106 -698 159 -70 823 726 1187 -252 -105 -1041 -23 591 -260 123 394 1159 180 187 -452 -626 -1038 -934 200 87 -38 974 201 70 186 576 44 -496 -222 1200 434 1070 -81 -262 -371 -798 1341 -393 -291 339 -575 118 198 -1327 813 121 -2 -364 -145 339 -74 -235 -93 -164 21 255 -906 -105 -733 380 -131 401 -13 -433 1615 344 868 464 85 1541 -18 40 -1058 681 -1455 -620 65 345 41 -1756 -333 274 -128 -1104 -793 39 -789 -782 -164 153]
[148 372 -765 817 -292 329 -301 -812 504 -1003 580 101 -493 424 247 820 335 138 325 688 549 1126 -4 -489 501 -319 453 662 -294 721 760 1483 -920 212 -1380 -738 385 -418 -375 -320 -541 247 -699 739 -1713 -125 456 -2 607 -37 557 -315 403 1132 903 80 953 433 -554 -453 525 242 126 -124 -243 258 -90 1196 -616 82 933 319 -1643 602 -1349 -67 264 893 -52 2112 326 -284 -127 109 -363 247 201 633 684 -602 -649 -178 -1236 -302 -1022 -138 774 -885 473 -458 -1180 187 758 -58 67 82 -49 -237 -384 741 -641 -334 482 -858 508 -441 -277 -368 299 -776 406]
[522 -20 54 1045 153 391 1585 796 1364 536 -129 314 -34 -780 1190 -1134 436 -780 470 441 -30 198 -1001 548 151 478 536 952 403 630 1011 583 808 352 -2 -788 307 -181 866 128 -371 366 1169 -301 -922 -297 547 -608 -305 329 518 -149 -62 698 147 -661 28 851 -943 -47 784 546 1227 -2044 -231 -26 -573 -468 -1251 -491 748 814 -612 98 148 464 178 176 -144 252 789 -44 -1400 -275 -470 -332 663 -1010 -1570 -1347 360 93 286 -358 749 570 -327 1051 259 289 101 988 -1714 -686 173 -87 -1064 189 -569 764 -150 -892 -55 503 1432 -981 -1825 -604 1049 -353 -501]
[-144 36 619 76 347 898 416 184 -333 -409 -38 143 128 -121 326 548 -89 408 480 479 -333 -1144 1185 -214 -483 503 -134 395 1110 909 -534 -430 652 -890 853 -732 1221 -413 -678 -409 -289 -292 -1605 779 640 -562 -283 -950 -909 -38 853 -36 997 139 272 18 -302 909 663 -2 20 -21 83 803 -19 203 -1724 -1377 64 755 -1652 804 188 -369 -704 912 782 178 -33 -739 143 -663 1103 -439 326 -162 -250 -36 -596 -154 -1249 92 532 802 -805 -196 54 55 -238 -166 -480 983 -801 148 326 85 -476 -364 -79 885 -401 -595 -9 170 -1444 -641 482 -168 -872 -1160 -1155]
[-325 1087 42 -31 695 99 -576 -498 258 -533 1028 -104 589 454 -228 125 -723 -1301 673 -370 -673 391 404 1900 430 -308 588 -561 749 5 343 -501 231 -1048 -18 -341 161 -240 -163 1389 731 102 -604 -16 -616 444 1699 -186 241 4 1082 -260 9 -187 -155 621 -726 -311 -452 109 59 125 639 848 -1187 234 -66 602 443 622 -1859 931 776 -598 -757 246 -281 -29 -472 -1426 -671 435 160 -822 -197 368 52 1195 209 322 342 -1073 -433 741 -259 124 -875 -561 -163 -107 -931 -89 317 776 658 659 -451 384 335 1006 -855 454 100 135 -409 351 92 -229 -885 220 -298]
[-1177 -271 405 -159 1224 -728 568 528 670 596 217 135 -1088 235 -416 -895 -458 -639 702 108 -532 -450 -452 486 542 -3 344 15 768 1137 263 -855 -111 92 1085 668 215 707 37 -188 346 680 -1692 -577 346 321 91 1140 -903 -72 -181 -353 109 433 -343 295 422 475 -518 279 -1822 527 -652 -1201 -58 -231 486 -655 253 -1618 -1433 138 -33 -1600 1438 22 -422 1099 1172 -72 -809 995 -144 -274 545 -465 -272 -29 -960 607 113 -202 -693 -326 201 -312 -326 39 606 -871 441 -165 -1103 -369 236 866 -473 710 300 148 196 -737 -82 790 196 205 -37 610 313 -515 -849]
[100 102 -482 266 1020 -893 384 736 975 -352 701 234 -16 -341 -256 -833 -890 1109 666 -620 1035 -725 -297 594 1116 -272 -683 599 11 -273 -539 -1179 198 -292 -529 149 -797 77 -340 -892 261 107 274 -338 -48 -349 -1296 137 226 -792 637 -70 74 -83 -134 462 198 809 180 175 -359 -1397 -7 532 -48 -487 1171 827 545 -758 -1200 -214 -16 -363 182 556 -109 -206 125 -64 1622 275 16 -144 -649 740 -1356 1098 867 -303 167 37 -325 -655 162 -176 -465 -22 -506 -187 -62 -1241 66 501 114 -593 -283 783 489 1412 -1064 -243 334 -298 -605 686 731 448 -762 -1331 325]
[75 46 -20 -850 -376 128 851 -440 99 -914 -18 -166 -117 -940 1005 1301 -411 -974 1028 239 -672 -1008 -705 259 -1768 -352 -302 -423 -556 -165 411 -717 100 593 423 -745 836 -43 1167 410 509 810 924 -463 607 398 -146 958 80 1576 13 -575 -889 -116 -658 494 -573 -1345 -426 -1147 -514 139 762 -32 1031 321 -279 160 -898 -95 -329 821 -97 791 681 -200 894 854 -409 -763 -738 -304 52 200 679 -403 -218 214 -862 311 713 -625 729 -416 865 307 1010 -186 83 1196 719 -773 -33 750 -1548 724 53 -496 282 -313 85 306 -57 119 324 -334 -740 1132 -513 -286 -109]
[-177 1206 -1509 -828 -183 -421 1315 131 510 1291 303 -222 -13 796 -583 513 806 1100 -377 847 -4 869 -754 -156 909 -162 -114 -764 -335 26 -453 -429 291 132 -6 1290 -1315 -528 -364 -1286 759 -518 943 -440 -280 168 -702 -324 444 -213 226 319 -111 282 183 424 -748 75 619 271 776 -21 596 -539 197 -127 -780 465 -477 20 299 -1247 391 -341 338 398 -39 -601 28 521 -281 -365 210 59 -371 497 56 -1350 -329 557 769 55 256 -1466 -334 1201 -196 20 -511 -710 915 -2411 173 -1621 534 -441 459 28 823 315 399 624 164 -601 -348 1316 -871 -2226 -126 166 -65]
[315 -111 259 272 -984 -548 260 -1141 -591 -613 251 205 -113 -722 542 642 -775 226 -26 -276 467 177 -968 336 -835 -790 -439 864 -987 -52 49 88 -1589 946 352 -1661 -118 767 79 285 -131 -737 -668 857 155 654 -460 371 -505 871 -1053 145 -395 601 122 135 79 -1139 -70 -524 153 22 50 -852 703 -286 1294 -386 -130 728 611 95 -557 812 465 -355 -445 -88 870 650 400 272 -309 156 1002 -1267 -914 153 -613 430 -176 -259 156 149 129 627 1131 77 1269 -640 323 407 -355 2169 -736 -162 79 -519 14 -543 88 4 221 -1132 527 -355 174 990 151 -600 329]
[-341 16 505 -331 1161 -519 61 -63 -964 -844 1019 740 115 678 1198 206 -93 132 365 188 434 -648 339 -65 -1309 523 204 0 -503 203 239 -251 -48 -180 -259 -1330 50 -541 92 -300 -523 -1399 -361 378 -68 95 830 -1283 197 -2 -381 -464 -389 295 -312 413 142 320 99 -129 -234 -173 1228 674 580 -124 -832 75 381 678 -346 -17 720 -40 -908 -819 55 992 -393 -797 522 -253 -71 -37 118 80 137 47 274 -777 -1266 123 -56 490 -489 -1131 143 -775 459 212 -1129 -5 747 -37 -529 -401 -68 -670 10 290 1243 168 -19 542 -127 -182 -92 -108 877 -736 -15]
[-34 493 550 -222 214 288 -22 -150 -518 -529 -36 587 614 -45 721 1310 79 -630 -724 410 225 -248 -422 854 -434 -1080 676 -350 -252 299 181 309 640 -604 240 -252 414 517 -239 972 428 -713 -184 824 -701 -302 349 956 63 676 344 -707 367 696 200 1174 120 918 153 223 -493 -119 -382 44 219 135 -390 -643 74 -247 -731 819 -649 575 649 -774 819 -86 -957 -755 136 -338 261 -34 734 740 -262 -537 -785 552 -849 -134 -41 562 -374 -1172 607 -874 648 260 -798 -1062 -942 216 -20 920 98 517 -16 130 323 694 396 -320 -189 -15 481 329 -390 -1128 -383]
[-496 -252 898 -292 225 -1044 1202 45 -205 -52 193 -1308 -822 -34 172 329 -37 -198 769 -449 -1373 -276 58 -160 74 -354 -200 290 -680 801 -1228 -802 988 172 1378 -337 934 -193 493 -882 337 1219 -571 546 1351 463 -1231 -320 -392 804 192 27 -88 1639 586 628 64 -122 -759 -979 -751 891 -84 -307 823 -708 -299 -331 -207 -906 -1855 750 684 -756 1302 304 1273 1105 -92 -751 577 -451 2046 125 363 -614 -587 266 -1104 876 -279 679 -206 38 -241 121 208 401 -568 193 592 -931 -883 653 -61 1231 782 -12 753 532 198 -1364 -866 901 440 211 -801 403 -327 -721 519]
[570 -52 -527 -181 -348 -1923 -165 -1402 -1793 -783 678 -432 755 -362 915 684 272 -332 37 -954 -665 446 603 -443 500 -245 464 -96 -258 344 -365 -329 -421 1450 518 -66 714 -719 1047 30 -545 884 974 -847 -154 187 -352 609 254 174 -414 -765 -508 298 -330 -630 335 76 -247 598 388 448 -385 -189 238 1073 -372 -128 -555 185 488 -112 -51 -159 -402 -92 914 922 -540 -122 295 -922 117 1315 -1376 29 151 233 1439 -324 165 419 24 293 171 334 -792 -541 -1257 -82 468 34 297 -1140 -1312 464 20 392 615 -174 -93 844 33 321 -338 417 -79 601 285 350 527]
[626 730 -690 118 -254 -240 -596 646 868 -540 -313 568 1227 -980 1162 -900 208 -872 304 -240 40 -1514 -120 1139 1157 -667 61 -241 -1124 -145 876 -200 881 71 754 383 489 120 -11 323 129 925 254 -657 -149 -344 -151 -306 -133 -273 279 -1394 432 -718 304 133 -65 -492 -253 -221 139 185 582 968 -220 219 463 1 724 -137 -483 -7 1557 296 115 597 1 -1151 48 -499 610 -77 -338 283 -550 717 -433 852 1047 338 310 -617 335 113 -834 -621 -740 369 -864 795 -963 632 -381 -318 -25 -305 -190 386 -578 62 -162 -279 -252 189 193 506 -11 993 -751 -999 -1199]
[500 -675 -669 79 26 -227 853 -1221 -1338 188 455 529 -607 1245 257 1610 -705 -584 880 584 -1061 978 -123 -518 -423 0 1422 134 619 1027 96 152 -845 48 -1535 171 1169 -203 129 -37 -88 -817 -176 70 -267 278 3 68 924 765 552 -452 1540 1884 1441 -73 415 622 -254 -285 -1074 1142 -581 -345 263 -207 -895 -716 -370 719 -173 763 -1360 -1570 982 -169 1219 859 -66 806 33 -675 81 -112 65 70 472 -369 -1022 856 -445 250 52 -329 -4 285 594 344 309 211 240 -818 -774 -243 -382 1058 -128 -909 742 133 877 -345 -277 408 -132 372 -586 -343 329 -213 176]
[11 -552 1008 155 -1225 -676 120 -1345 -441 -222 1337 101 -156 26 305 1192 -98 329 28 -111 494 -1120 -618 251 -262 -605 1175 398 455 -768 -84 157 -423 324 53 -502 81 346 -261 -758 -95 392 467 -484 859 248 -322 -493 -1086 1036 -297 -383 679 -11 232 -12 855 -230 277 2 -259 1379 3 601 1066 623 -473 -7 -263 563 318 188 -730 557 -201 1419 -326 979 1416 141 -1129 705 -296 -384 128 -20 1312 -817 -130 1521 -564 54 694 210 -872 -27 -618 -541 -249 -194 1295 558 36 -386 740 -117 310 278 948 -348 103 -189 1076 971 -942 -395 -492 87 767 1052 124]
[-874 -136 -320 467 40 -146 432 144 997 -865 384 1277 -1406 1248 234 158 550 -1030 -192 363 1039 342 -388 615 389 536 -1003 626 -301 4 -40 169 644 1228 -1436 422 -1146 -358 227 -37 -848 -34 -1467 560 -247 -772 -468 448 -1173 56 -241 -117 966 -393 -326 -199 1522 -239 -201 578 -1464 -833 40 -273 -667 -1171 251 -63 -348 -1420 -628 75 -99 -253 -827 -84 -1213 -7 -455 939 702 1022 -1009 -324 416 83 342 -664 -164 -918 -1126 -402 -999 -224 -1063 330 -171 186 715 -781 -35 -1305 -1238 298 143 120 -113 864 1416 -84 -230 655 -471 586 -584 -626 470 -442 -851 -1360 0]
[227 -776 45 -990 -1664 225 490 -843 666 -152 -75 -332 -437 206 -231 -536 -172 345 608 -119 915 -566 -711 662 537 -448 249 -761 -464 618 54 850 -130 210 -488 274 308 304 440 486 171 1017 125 -1246 -681 488 -807 1409 848 -253 258 -808 -791 -717 -331 414 342 -884 -1027 245 178 740 -196 -937 -513 822 -600 755 -240 -437 230 313 809 -131 575 928 357 324 1082 499 -1110 877 214 -494 1510 494 694 580 -888 253 1056 -987 -117 -431 1505 884 39 394 -215 459 -46 1263 219 -573 515 451 46 -20 64 -1169 -287 -11 -9 -394 362 -1089 78 630 -570 -1020 375]
[133 405 841 948 -615 -1349 -185 -149 2 285 -412 -1006 1010 -8 -420 -578 101 1318 -523 895 423 -32 -919 -1449 435 -1993 -160 -206 -628 -1013 -654 -95 809 -305 756 493 -475 391 -490 218 -119 -1174 295 -763 280 404 -1139 -849 -526 711 -1919 291 -193 -816 322 621 216 -61 77 14 340 1074 -786 1087 81 72 467 -145 683 -200 1586 -1680 -172 1118 -131 689 98 279 -633 557 -659 76 757 -403 1002 -29 -230 -509 451 1459 587 -207 -171 288 -321 129 -397 569 -436 -564 -145 -653 324 154 713 -552 181 120 -52 396 72 97 510 -454 622 1254 -276 -87 808 193 -686]
[-390 -738 -653 -4 270 -682 -987 1048 363 -104 -491 751 620 -205 517 -14 -1150 -18 -419 755 654 -388 -579 423 540 -1008 -685 -82 -845 427 -349 -885 400 439 891 -81 -547 2 -414 -410 120 297 -569 206 -153 559 -534 -369 -1398 -162 -1124 412 -212 422 339 609 -242 -234 776 -609 -872 -1150 231 608 277 -50 1248 -422 708 -1714 -1207 171 1049 -120 1084 -142 -483 -670 -1088 -598 502 396 -460 -261 328 501 -1582 817 561 384 305 -603 961 -254 -1121 -508 319 -672 249 -360 558 -967 -608 1358 -463 -1022 932 575 407 -173 -236 -517 -468 -166 382 -481 755 149 -202 -819 553]
[-784 -1160 1148 -228 71 -741 156 -564 -1414 -866 117 -1099 374 -182 -705 321 -909 -798 -171 -1118 -804 -111 795 -598 326 437 209 949 -193 429 -915 -58 -246 405 805 1374 1350 661 742 -208 -94 897 79 62 1153 465 -903 876 222 -618 -390 -1178 -792 -312 292 936 -246 -1257 -532 -940 -286 180 -131 126 693 -244 512 -448 -274 534 -87 3 136 -1290 692 81 775 1605 192 -424 -515 -1199 1680 414 277 -851 42 1116 700 923 1032 760 -666 485 314 -120 851 506 -100 -156 845 260 1024 -280 -945 643 304 -677 -132 177 243 -177 -46 -348 218 357 323 918 -146 -161 123]
]
