5566.068541 2926.303889 1.028968256 131
[[-69 132 -469 352 99 507 -362 -749 231 -211 399 -1101 -541 494 -324 -143 227 220 356 -324 -133 -441 136 -296 492 -801 375 -796 309 97 -113 -780 421 187 -50 712 108 574 387 -494 681 -563 407 789 -372 1084 50 403 -68 480 924 -109 108 -219 325 141 439 380 -89 -534 29 1000 -214 437 177 -957 -626 357 -569 1186 689 -293 913 171 475 199 -255 -193 -375 -274 214 441 120 -309 -649 -694 569 837 -54 -275 -43 -581 -46 117 -123 480 205 -749 -139 1049 721 758 -128 -810 -1090 -198 633 -454 -126 -483 120 209 302 -497 659 -258 -89 232 -275 974 1057]
[320 167 289 -217 -564 -283 467 243 -508 -229 476 649 -38 173 109 -266 1130 162 -164 291 -124 659 526 392 104 313 250 867 -453 -673 -236 212 -261 417 -659 368 36 -703 -468 507 33 33 335 -742 32 -533 -1299 523 76 34 -390 534 -858 171 -118 -1140 -107 -812 535 733 690 -459 105 -406 342 -163 1244 -150 96 -448 -1372 267 710 -697 -1218 -177 183 617 -12 -160 445 -22 -1128 852 315 -62 -1260 -275 -398 -519 219 777 -157 -185 821 -664 120 445 -677 24 -595 -156 -365 642 53 -480 -930 -124 -10 206 390 -37 830 -612 170 1128 108 -566 962 -301 -340]
[-230 202 -606 164 -853 383 -286 -91 742 -436 378 -1414 -484 -194 121 910 -763 -258 -412 17 38 23 433 -1094 22 96 -141 -1030 24 1727 857 -539 35 -412 -29 -795 -205 223 189 -229 328 -447 280 520 -512 272 732 -493 562 610 864 -29 485 -752 102 785 714 -682 510 -603 -612 551 290 366 -273 -540 -747 -10 508 81 331 201 -218 1180 223 842 -665 -224 -662 -805 -136 823 -214 -577 -208 721 170 738 1270 282 -298 -40 238 -1 -443 2034 740 523 -628 244 -251 820 39 -84 321 473 320 224 -87 -610 -452 88 -318 1012 -27 -108 244 351 -970 293 502]
[247 -843 -327 -703 681 -768 525 -783 -965 230 -275 208 -545 239 118 228 399 -10 -232 485 62 -17 -560 311 158 -611 -80 345 238 -954 -879 190 -716 -189 808 661 -283 -320 90 807 -92 266 215 -513 -302 -854 334 43 -246 -814 -285 -107 -356 -96 539 721 -1095 612 -284 -240 459 -349 165 462 -34 -789 521 -519 48 -952 284 -445 -856 -368 1486 -576 -383 274 410 498 -101 -703 4 -295 -270 -353 350 76 -569 1275 242 368 708 -901 -933 -771 -1092 -320 180 -57 290 -975 -519 574 -252 -303 711 260 783 -607 -533 7 -81 -462 -359 -208 -581 877 -399 963 -379]
[66 1075 619 345 -147 1319 -508 960 927 487 -514 451 159 -134 506 758 -843 -506 -295 -304 -447 273 -988 -618 -357 495 -1268 449 110 151 480 -104 -560 97 -441 -1115 388 489 -431 -177 -894 79 -349 -438 425 -69 9 -572 -123 48 -170 87 105 -246 -632 -802 464 -229 414 1013 -766 -687 241 187 455 1405 -608 342 1102 501 -141 395 -364 -773 -140 331 869 284 184 -442 -297 609 -28 930 630 -46 494 -204 -765 84 69 543 -260 454 1106 453 732 -167 739 -193 343 -339 127 132 738 917 -279 532 -332 286 -234 -261 -225 1154 165 15 -284 -331 -229 -143 -990]
[-375 783 -137 183 618 244 -387 -30 700 488 -731 -599 -502 -608 327 213 -1270 -1080 -381 -555 590 305 -118 -1123 -1001 122 -437 1073 634 146 -65 929 343 248 561 422 778 70 -570 -655 -854 -583 14 -477 354 -190 -943 -119 -264 28 -953 407 -3 -463 -395 -444 428 -505 519 1018 -280 -99 320 745 -537 638 -462 645 45 325 948 -296 -83 -605 226 34 -85 166 823 -84 -242 101 511 56 356 885 311 -441 -242 1147 214 -544 78 -72 138 -190 96 -642 1000 -504 462 -251 -79 91 388 242 923 -178 363 -342 -1055 -538 34 587 51 -372 507 -448 -821 466 -1154]
[-71 -80 384 103 110 312 -87 -166 653 127 -615 -194 -1315 -46 509 1256 -902 -283 -741 -554 785 439 -50 -594 -884 555 -1232 947 240 613 -211 561 452 3 943 505 435 165 -861 -331 153 -868 -74 151 110 -292 642 -805 532 -16 203 349 -7 -198 -250 474 111 -335 -409 228 -712 -393 111 843 -388 -218 -799 403 1028 59 -195 -504 -23 -575 957 -126 224 -194 643 556 -553 -297 204 573 -605 477 861 -324 -1306 355 240 -826 -338 -1106 -534 396 350 346 798 -43 363 6 432 252 681 -24 1583 330 -19 -461 -320 -45 -689 483 601 -621 197 -444 -1765 1468 -1239]
[392 -366 -214 -785 -39 -333 164 79 -998 -30 278 921 -565 954 -43 -316 575 852 284 83 160 -662 370 1753 256 -231 1081 17 -104 544 -598 60 -491 51 21 794 -849 277 491 568 633 201 -821 254 392 -1120 -868 -746 61 -542 258 -710 -264 846 172 537 -1315 -443 -41 -615 1092 -307 106 -622 -438 336 -364 60 -116 106 -195 -285 -324 -68 -226 9 447 -99 -154 302 467 76 -489 -383 63 -832 -488 -197 10 -698 -143 303 97 -1093 -649 -1363 -510 224 -364 10 446 -122 -617 -81 -785 -769 -160 -487 324 220 1320 -136 340 -872 -225 -409 167 -999 624 -943 1141]
[-326 -606 -225 247 8 -988 533 461 138 743 -847 150 -173 -186 388 446 -587 -49 -878 459 509 -1012 -365 522 -916 0 219 -24 -677 244 -508 1030 -106 -342 1384 1672 136 -192 -156 -116 373 -30 -106 -190 268 189 130 -925 372 -525 161 -623 427 219 226 390 -589 540 -480 239 -127 -912 -541 215 109 403 -530 61 437 -647 627 -441 -799 -486 576 -331 754 -591 723 289 -313 -623 102 -424 316 766 52 -336 -473 105 535 548 727 -1191 -842 -773 -489 1611 -103 -959 60 -433 -598 744 -514 -1211 1230 -536 428 161 334 -408 -114 485 -410 -571 1066 630 -1109 484 -774]
[487 282 631 426 400 2 302 129 265 -297 -455 1124 1423 -922 82 -434 -603 377 749 -14 238 1180 370 759 690 1226 -889 469 323 -14 -236 649 756 -214 173 -792 -568 -73 443 -96 -657 542 -697 -530 431 -468 501 -224 -594 651 324 128 82 464 -955 -507 -1069 508 -693 -381 -927 -1089 -568 -555 86 980 -438 -283 495 -1052 307 -229 -1249 514 46 -595 44 -594 796 543 -700 -1231 1162 205 -714 144 344 4 -121 -819 340 -1249 -577 885 -71 -671 -285 -966 1299 -316 -492 355 893 -1019 827 898 -138 376 -390 639 436 643 -1210 -372 782 206 -505 495 722 -797 -693]
[-609 -596 439 -378 187 919 9 482 344 -42 -529 741 -157 -41 -79 208 -98 -379 -493 97 -253 -106 -665 193 278 90 16 1306 193 284 -245 -748 -422 48 -205 -1042 -281 709 -1228 168 -1018 124 -31 1036 155 -785 33 168 463 -249 -931 -146 -359 259 -1059 1586 309 -505 -289 -66 588 -341 971 -412 -770 -173 898 505 -22 -15 -562 343 -281 -574 386 -734 749 350 -674 -441 -431 594 -68 1224 -201 -288 -286 -646 -926 854 -618 140 -522 -659 259 210 85 -419 242 -360 -18 -1218 603 939 768 136 -720 655 299 -251 511 -196 -505 557 -229 109 -569 -664 110 48 20]
[-281 -266 306 -501 -83 583 -239 442 -339 415 554 547 175 643 -841 -1222 262 958 935 232 -804 -1488 -1244 376 736 -683 185 -1009 -150 46 -193 -1209 -248 248 39 -142 -393 586 -161 -42 71 1001 254 1037 543 -266 -595 445 -142 -678 -698 -337 -379 389 -190 131 41 423 -479 32 1724 128 89 142 -669 498 -80 359 -1521 708 -36 343 367 -608 -574 328 812 203 -312 -914 -390 90 -196 397 207 -1332 -2 -92 -510 -479 -609 744 -110 -198 803 -768 -66 30 -1088 -26 936 -505 72 401 -1044 -1954 -781 -992 78 512 1443 -95 451 -714 -758 74 -42 492 1145 -670 1625]
[1090 -43 616 -604 -204 -568 875 -1508 -816 -313 -368 1539 132 -245 347 477 384 521 792 301 291 1109 -474 -56 -41 1002 -753 380 1021 -1229 -937 348 -431 -150 791 -68 18 -634 314 375 -395 718 -812 -1787 -635 -266 1202 -371 -613 517 -301 -28 -434 110 499 -198 -568 723 -424 409 -361 -359 -454 599 651 360 -647 -816 1189 -557 264 -164 -425 -535 694 -679 -546 458 848 550 -86 -389 -28 435 130 -263 1049 -261 -1142 449 -35 -1091 -674 536 -818 -456 -234 -669 349 -849 -76 -630 1032 -782 1082 828 191 521 -48 160 -1345 750 -207 -334 363 79 -1568 413 -348 631 -773]
[-241 -241 187 610 372 243 -214 1277 132 616 -749 660 1139 642 867 -487 80 221 -107 -67 -130 -494 -410 1825 101 112 -78 718 -215 1318 -23 82 83 700 535 201 -669 656 -711 187 -856 295 -844 1097 745 -610 358 -433 866 -230 1060 -537 421 397 -851 507 -1006 -274 -5 -124 -248 -922 62 -1141 24 1510 -554 288 86 112 -296 -437 -342 -91 755 -942 320 -1124 163 961 -307 -9 567 188 -170 -677 511 38 -1758 -613 120 -182 -600 -618 175 -727 -89 -596 545 377 -3 -170 474 -106 -602 -394 -121 86 93 52 1630 492 -1206 -225 998 -894 439 -406 1162 -1180 -639]
[-761 -173 -73 -272 402 -1553 784 -621 355 83 -523 1094 -230 -1088 28 341 -146 -22 -393 -306 34 -166 -32 330 -41 169 212 698 388 -1032 -1133 840 -295 -581 1040 1278 346 -460 -83 -321 -6 101 472 -77 93 427 -135 -876 -151 412 -313 -611 244 654 16 1097 -113 177 -1526 -337 -376 -914 -463 -241 -401 -898 46 -185 391 -1743 824 -288 -1736 57 357 -617 818 -842 910 976 191 -449 743 345 -108 1104 -1117 -1184 -24 767 -338 -604 565 -1076 -270 -701 -778 697 612 -1179 -719 -964 -187 897 101 -543 652 -55 -13 87 537 386 -277 -333 -324 669 458 -359 -900 502 -101]
[-261 299 -286 -322 -553 -927 -23 259 -471 461 77 -1272 489 -375 62 -728 -657 204 155 480 -25 -331 -567 -1143 235 285 464 512 -54 495 -923 -361 -269 363 482 659 573 -123 -835 -60 480 33 -153 -272 -690 120 -1312 802 -106 -292 -422 -151 -810 220 -350 164 1314 -782 616 599 910 487 664 547 363 -551 137 58 -128 -358 293 577 390 -278 -374 105 189 -51 336 -913 285 211 -354 127 706 450 -1335 441 -514 481 -311 292 -452 15 250 305 124 398 -1026 -401 -389 -200 -134 757 -1057 -1276 -505 -1870 509 -195 -710 -182 1288 -408 -321 758 1226 12 69 -215 -154]
[970 641 1104 -1359 607 -374 -141 137 -1573 519 -109 1371 275 935 351 224 559 903 661 -75 -460 -849 -1635 988 -498 664 -518 5 429 162 -828 209 -1466 382 679 263 167 541 41 694 265 1081 -1526 -265 -12 -1002 325 -355 -124 -1098 290 -540 -862 528 55 -448 -233 149 294 265 442 -17 116 710 467 1662 -897 -991 1221 -118 -1633 288 -290 -573 244 102 125 -398 1074 1323 -104 -355 -717 1329 734 -568 789 -328 -1741 -862 -381 244 -410 -1063 42 -323 56 539 -533 12 -57 -821 -127 1115 281 -175 122 -587 235 -156 288 582 18 -58 367 -191 -170 -503 642 -1011 -206]
[1054 231 -541 -668 -34 -826 -163 140 -1086 286 295 -221 -489 220 -420 848 -937 793 781 -463 292 -968 -735 183 -334 408 187 -1480 -994 1323 -326 217 78 -498 343 515 -322 -54 765 -514 1225 361 -983 418 -192 -363 92 -430 -812 96 1428 -131 237 408 -94 165 -219 303 303 -841 -161 -12 188 505 375 250 -1567 -342 460 -383 77 484 -1137 1761 -510 1176 -658 -512 208 -463 -755 -370 -115 -684 -1 642 228 805 1547 -628 -480 400 323 -362 -349 717 320 735 -364 -239 893 384 -536 442 -254 -465 1430 -705 826 573 -246 -707 -8 47 -445 -258 -461 894 -172 -564 790]
[-454 166 487 1412 182 1185 -686 718 1148 903 -530 -330 1347 -530 324 -480 222 -525 -674 854 366 -226 491 -788 -565 -388 66 256 -273 -513 401 -350 -521 -300 -558 -969 853 346 297 -823 10 -741 -229 -563 730 329 689 719 -247 -569 -1058 -495 157 -433 -194 -167 94 990 256 699 -597 -542 -187 -789 429 649 1284 203 124 240 579 453 -104 -576 35 -779 746 688 359 -457 552 70 634 107 979 18 297 -578 -63 8 196 766 -427 1024 540 -231 -94 1072 337 -814 -439 -92 261 -232 673 842 -559 1014 -652 521 -165 -403 -39 1170 -316 -417 691 605 -175 -232 -1125]
[162 -741 282 -203 -224 584 238 395 -651 -727 -221 79 -1357 2 -40 917 79 601 -217 755 315 347 -110 349 496 696 258 378 -564 -60 -797 772 44 -410 324 271 -1118 -76 -120 384 -493 170 89 -285 -407 -1038 -1846 -213 -289 781 257 -6 -874 213 -1157 -600 284 -506 492 515 389 -1011 540 1070 -241 25 -344 228 560 287 -703 308 -546 -460 -511 -1 753 620 60 -1328 -478 35 -1122 1024 -451 -660 10 -75 387 597 889 772 493 -1019 -121 -554 492 133 -273 -311 1048 -332 -680 1314 -126 -612 -128 -690 1308 -137 709 -426 1046 -62 602 1142 -609 71 283 739 534]
[53 792 -279 589 -164 -245 364 58 720 74 -111 735 753 -203 -249 -253 1314 -461 -102 605 -337 -599 342 580 -23 -462 32 -322 -333 -525 -340 -499 -177 -645 -558 1152 426 768 852 -587 336 705 1042 -207 469 526 -623 854 -1011 127 947 168 558 383 -417 -1058 -760 1464 277 -449 -258 -829 -231 -1028 1250 -207 1267 -63 283 -814 131 416 -525 530 -855 -802 203 -114 242 -896 -150 53 -910 1253 348 -13 -524 1125 1197 -1142 464 976 638 331 955 -469 -541 173 563 -152 -471 92 -790 427 325 520 -378 -81 183 392 35 -856 -216 392 607 1387 -530 1657 1144 -124 -300]
[-577 611 381 -12 -1332 -491 19 -685 602 -876 490 199 410 -354 70 -895 1057 1034 917 704 379 120 1145 183 -321 483 751 -147 771 264 46 -26 -94 -948 17 582 124 393 833 -329 723 242 892 -269 319 -190 -858 -761 -61 1353 130 -787 279 313 507 -683 469 -225 -271 -190 396 -456 -446 -650 -240 -140 -205 142 691 350 168 140 162 88 -1569 -205 1048 -441 284 -716 499 530 -944 1005 457 126 -1328 -1072 1125 -1007 429 -385 -427 -134 839 -174 159 1879 -1408 -238 -676 136 36 -544 -359 -65 -1206 -406 -869 440 1290 261 -40 99 314 933 820 -728 -246 -553 1218]
[-19 590 -15 144 -503 301 -309 1329 1018 673 -33 -683 -631 1328 119 1351 -1064 -420 -611 -831 -226 -634 -1073 -578 -475 120 -1918 -840 -763 1791 988 -480 212 510 -342 241 -329 721 -568 -455 757 -75 -862 738 344 683 517 -168 869 -650 1227 371 1137 -287 -24 -204 162 -208 15 -237 -563 6 -566 244 336 698 -1540 749 247 610 -1008 394 -5 602 -263 1673 300 -893 -302 -508 -1042 -396 -498 -252 -514 -14 1004 1572 -627 -897 -128 -578 39 266 -294 722 408 129 563 928 778 904 567 424 -197 -596 585 -907 -264 253 -528 -788 -695 607 315 -68 -319 1086 -329 65 -588]
[-311 -31 -292 749 70 -357 -578 -463 -505 -141 -9 -15 -161 626 778 -751 620 922 1263 -227 812 -660 104 16 18 -41 855 -422 658 -803 -15 717 -333 63 -367 65 -280 -89 1048 -373 -19 296 553 301 192 -129 -119 -1535 -458 417 445 -953 437 -619 1662 396 -53 371 -343 4 -275 -220 -450 -295 -608 225 -693 6 -210 1185 1441 -536 -356 451 520 83 -275 -342 675 372 1359 404 1034 -1513 511 -372 250 -439 1151 468 -196 49 60 170 -337 156 -123 102 191 -442 643 -104 -415 -1073 -1178 248 292 148 275 505 908 373 -405 -217 -102 -1011 457 -408 37 -756 1091]
[-1482 124 318 711 -328 -25 -392 1195 1062 876 -238 -329 649 60 280 -175 59 331 -645 407 -1113 -359 -1102 -1188 75 175 -1425 -117 -180 192 71 -1158 -489 247 509 -411 659 144 -1747 -117 -120 -222 416 -861 -59 791 -293 227 788 -169 -235 419 173 17 -619 -225 975 -434 -704 913 -587 -390 -133 267 828 196 -312 936 -242 -322 -134 805 86 -169 32 -244 1013 -418 464 78 10 156 -129 1352 783 -301 -79 -332 -1196 1139 -315 103 31 403 992 -539 419 676 -38 -549 166 -175 1384 1593 -135 -1350 -1213 -217 -399 756 -208 -201 690 -383 -336 1713 -132 198 93 311 -583]
[59 848 706 373 -222 -113 -313 -1008 618 1029 -301 -1141 536 337 394 -296 -497 586 -86 -342 505 -265 -1003 -818 -1343 -300 -1206 -263 829 489 -23 -540 82 211 1279 1250 748 2 -474 -444 762 -913 502 -571 234 451 293 -421 -268 61 27 65 242 75 456 -903 -60 923 -316 856 3 -211 -506 1275 1035 485 -1160 450 -147 64 607 -85 1512 -1069 338 -338 583 -877 986 87 -812 201 318 889 783 -280 1159 -48 -1653 -936 401 -1118 -669 662 731 -709 -78 633 -905 358 894 260 872 -809 -709 -412 1350 -328 -1111 20 -674 566 -100 -632 586 -786 853 380 -1252 791 -566]
[-70 -422 915 -305 290 346 -841 44 -130 264 -839 780 1301 -208 -197 579 25 175 385 189 -705 -165 -1161 453 -1602 840 53 -446 -70 -175 575 -931 302 530 -228 -1488 -385 849 -691 -241 -1008 645 -164 867 -433 202 1701 -627 -43 623 -23 -360 685 308 -781 530 668 928 79 39 -1304 -92 665 87 722 790 -669 -197 217 327 -610 1203 610 535 187 -674 -154 -383 -262 212 -417 1052 645 1245 882 55 1007 -1363 -46 186 -76 -141 -482 893 1242 558 676 -85 -153 -364 111 -845 2098 590 1130 1646 -385 1366 -288 208 -494 436 -794 356 218 140 -1633 -692 -611 -471 -65]
[-2 332 410 -914 -256 -1604 149 46 -20 57 -298 999 -224 -345 -555 -790 120 -344 775 356 -470 1361 175 261 -559 618 -613 1390 802 -772 -300 101 536 186 819 298 -255 145 -595 290 -167 1840 -417 164 242 -529 994 259 351 262 -1325 272 -142 621 459 137 -345 -357 141 250 69 -239 -417 -927 -388 -66 -325 -709 -147 -672 -782 318 -240 -368 6 -314 425 -111 205 416 -280 -1243 -717 497 -219 -328 -797 -932 -1393 395 599 -1099 -787 -105 135 -1058 -581 -322 -29 540 -523 -862 818 -10 296 -133 -708 -625 -409 -565 -470 -127 -1243 -632 189 545 147 -252 -364 -283 -1237]
[-196 -1018 -111 153 322 -244 438 63 125 -394 372 -148 1166 -39 204 -962 410 223 -14 640 610 -349 161 -159 -118 -35 -202 104 -342 288 -52 -292 125 -507 -675 -106 113 -174 -461 -423 473 173 227 -394 444 -337 604 1157 -193 -1552 -359 403 40 266 -29 1208 -221 731 -1240 -528 692 -521 301 -186 -106 -650 2208 70 124 -1483 -118 -364 -35 590 178 -879 -374 127 115 -148 51 -838 338 338 -95 335 -76 1233 443 -231 -54 432 308 532 -554 528 -162 852 681 -1288 -684 -268 794 172 71 -203 -769 322 470 693 -12 -804 -804 163 -1038 206 44 1580 1037 -258 -898]
[621 101 282 731 -351 353 261 221 184 -58 183 -478 171 385 162 871 250 -9 -859 -80 -666 883 -80 -340 1581 112 -346 595 -240 -832 -756 -1288 -60 398 -1224 -870 -479 -163 -523 323 -317 305 61 349 -1132 996 136 333 -319 476 637 186 -459 8 -434 359 -33 718 347 -73 -718 -671 -573 -301 923 -811 883 -263 275 -602 115 637 -280 229 838 -382 -46 373 -1570 -957 -245 640 -519 -600 -364 -850 -378 1686 -180 -368 -139 484 -457 1366 -585 778 -588 -1696 2 235 292 888 -147 -182 -158 1710 345 512 174 -115 -523 596 191 40 121 316 -984 967 275 809 -114]
[351 1265 -114 -135 -643 -1249 571 505 -100 71 267 1344 1282 -389 622 -17 342 -315 186 -372 -1115 -288 -1001 239 437 467 -409 -213 -128 -637 -21 160 -851 385 -60 530 585 64 385 836 45 1187 -73 -1154 -126 664 -284 -414 215 -513 464 -762 598 -124 -356 -1220 145 -357 65 393 -491 -564 -1273 -444 879 765 -430 -491 390 -756 94 502 -655 274 -650 754 -306 -607 264 159 -243 -306 -798 -382 214 421 -1362 712 -163 -843 -103 158 -483 22 514 173 -662 -194 -244 -262 -1470 30 -656 145 145 -218 -451 -1156 -19 576 -601 530 555 609 -464 714 -61 944 894 -367 123]
[761 280 200 -758 1046 457 -470 -1607 -910 -676 1085 -597 -1091 -287 -597 -251 817 459 533 -793 758 523 782 -1199 -29 -249 -833 -80 869 -535 -586 -354 134 56 -429 677 909 182 419 356 1492 -1277 1783 -566 150 -1033 -688 867 -789 -911 -324 623 -1014 -567 -198 -709 369 -105 -384 -333 894 -32 704 1417 -228 -2011 700 -582 -42 -99 -623 -911 969 -206 404 44 -482 477 1383 342 468 -1063 247 951 -157 -409 667 823 612 -544 364 -784 -4 -878 330 260 401 103 343 788 152 -320 -655 434 150 -30 853 -45 464 -555 -392 -87 449 -1111 456 173 313 -284 -139 916 375]
[-150 440 -12 -16 514 324 -551 308 1091 -453 695 979 -1274 167 567 115 411 -214 -180 -1563 297 -225 157 833 -628 -60 16 463 -189 1067 266 -419 224 -572 424 -640 -43 291 -425 -760 -100 394 -619 923 1117 13 725 -470 204 528 -197 586 360 1012 -89 2363 -858 -1124 -819 -650 -724 -400 421 -1480 -994 191 -150 -147 291 -660 -48 165 -1423 816 136 -611 11 -269 -894 1138 -5 1388 66 296 -65 -234 -418 -636 125 276 -1267 -202 -448 -770 -115 -9 334 -233 1395 -973 390 -193 290 -644 1203 613 91 1663 41 453 1069 10 -1284 527 -441 -846 -29 -979 -5 -143 -55]
[278 -974 583 -842 405 -119 102 594 -533 -25 -419 -826 672 -534 -457 -320 -563 -169 -254 542 93 -773 -1674 -132 297 524 -124 -557 -1331 -136 319 -366 307 258 -283 -604 -51 -276 -1266 937 -312 466 1501 830 -279 -694 340 1014 -140 -745 -379 982 -586 449 -704 452 368 597 51 -330 318 176 1575 890 628 -485 1875 -877 321 -850 -2034 105 832 -567 -7 -423 921 -237 -356 -250 -1494 -750 -132 1314 23 171 336 562 -424 -336 504 1273 674 -247 981 227 751 681 -591 263 -100 -679 -207 1928 333 -500 -1046 74 884 437 187 -618 -395 236 123 887 -180 505 617 -63 -675]
[886 -1122 266 -1359 -204 -210 -673 -196 -1762 609 344 1465 171 155 109 317 678 1288 1456 -678 -303 -442 -1097 906 -1065 -25 209 -931 54 -952 -400 179 -479 284 374 745 501 -629 -91 -85 3 758 -378 419 395 -897 1247 -1296 -143 153 482 -646 220 249 53 158 9 547 -323 377 53 -487 200 429 249 452 -961 -785 1507 759 -1101 -129 -25 -31 336 137 166 -279 374 1292 280 -70 102 -251 274 -981 829 -875 -910 -27 141 751 -378 -1271 750 -560 919 1007 -375 -467 251 -1430 201 1104 -995 -736 -7 109 520 452 904 281 -317 -266 238 -1024 -1044 -1176 22 -118 -534]
[-394 -1019 -242 -121 -218 -609 380 -506 -237 -231 -675 817 -644 -43 1412 219 583 547 296 62 1196 91 188 1005 64 648 477 1168 -451 434 -896 986 -150 236 728 564 -590 -325 360 -605 -939 -385 -885 363 -14 -716 -38 -259 297 745 392 -1426 759 -249 -211 1253 -561 -908 -590 -803 -448 -864 765 -1124 -769 55 -401 388 151 451 557 -600 -942 170 225 -1053 -1206 -354 637 -36 -70 276 470 -260 -928 361 364 -482 -1135 1389 -242 -1612 -1072 -710 -606 -675 94 -725 801 -776 310 -424 1023 -1007 244 -551 762 586 962 598 633 173 -860 -306 684 -154 -758 358 23 274 133]
[48 -1421 1537 -32 119 -749 693 390 -300 92 -201 795 899 328 166 137 970 393 447 -254 872 -150 155 929 -306 584 -627 -117 -429 -310 368 310 890 -52 319 -456 -397 249 42 701 -616 532 -983 200 -225 819 923 168 1037 293 632 -670 1855 652 368 -341 224 773 -1522 -687 -533 29 -527 -1044 -243 1184 -95 40 -419 1119 -899 -245 297 -454 -182 -585 19 -924 -215 1098 -715 -54 534 -323 6 -1282 1745 -632 -127 -280 112 -1861 -688 1123 -1176 -468 -676 -457 549 300 -159 123 1060 -1276 878 474 -708 268 -231 844 78 551 -1144 174 162 -988 -574 -563 371 -1002 -291]
[-242 625 190 508 58 -1097 161 -453 -22 -465 769 -478 -66 127 -18 -590 1515 108 789 -649 836 -497 -73 -259 -224 -195 830 454 33 -171 -153 -610 490 213 -400 1185 477 -424 -836 -691 841 155 168 500 -164 511 -120 752 82 865 -30 188 65 1157 607 921 628 -277 -137 -36 25 441 -523 -527 -78 -1407 1037 458 -1001 -111 -495 710 766 984 -526 -83 133 -594 -809 83 -237 459 -766 1009 -251 -812 -931 -209 59 -334 -1254 -1355 -860 791 996 556 -566 241 -751 466 332 387 492 -398 -212 97 -415 -81 -308 760 201 392 -460 -344 -386 812 -292 -138 1324 -627 762]
[303 407 -427 217 -529 -1094 533 -1129 120 6 -184 -1975 2001 -708 384 -1025 -81 -779 -398 1387 938 -397 480 -379 1143 161 1181 -497 89 1051 -324 -483 -621 -512 438 -125 107 981 960 704 449 -277 851 -585 -741 314 258 1471 287 243 1128 -578 312 -761 75 -16 -169 937 444 -921 -230 242 -346 -312 1257 -18 952 -483 484 -735 1278 -398 236 246 386 -914 -895 -556 264 -709 -994 28 251 -711 181 407 -49 909 763 -454 195 -257 -282 1063 -884 1048 -550 529 -1433 270 -1420 311 -497 -1127 209 435 -67 444 122 56 -832 457 -309 916 -214 -72 439 1857 289 271 111]
[192 -205 -1220 501 -306 402 170 -210 46 -873 -764 -260 -662 1272 592 295 -422 -332 186 -306 -680 498 -665 522 798 -911 205 1244 484 355 85 -797 358 -141 -242 -256 -691 219 -1136 563 -831 266 526 796 349 -522 730 -307 584 271 883 653 122 -101 235 983 -284 -428 625 -405 692 215 511 -395 204 -625 531 365 -224 -55 538 -529 784 547 887 -481 -784 123 -1230 -78 -105 572 -915 -38 -461 -147 -282 875 -594 674 -156 867 170 -704 -1 1156 -496 -1867 -23 1273 741 166 50 -221 -306 415 116 715 545 -1194 -104 -614 -1136 -245 -332 -538 -1525 -233 44 891 -29]
[1031 -513 96 42 592 1166 373 -184 -459 330 333 -332 -559 1052 27 151 167 657 357 -230 562 -382 -3 478 922 -720 -343 366 -956 -733 -391 -594 315 296 -823 -191 -1781 240 898 136 153 -654 -1034 308 484 -923 -556 826 -1116 -418 -61 -93 162 129 132 141 -1716 405 161 -941 923 -621 516 -570 17 -724 539 166 -813 -48 -434 454 -1220 -435 77 437 -74 774 165 -1028 -36 -143 671 -655 -155 -1163 515 385 92 7 -236 724 248 377 194 -625 -1101 -1375 1507 713 1057 359 -445 -581 -212 -82 21 338 529 68 251 -388 -272 -1396 279 75 -1078 304 -51 -306 316]
[-569 -981 406 970 -857 703 712 -193 784 -362 -657 988 -406 433 282 704 79 546 -614 1201 669 -948 -431 -39 -126 68 -347 -999 -352 397 474 118 -511 -330 786 -231 -241 -702 123 -937 804 -112 -70 -184 192 507 1193 -285 412 -448 -655 -1125 105 30 391 613 -593 977 -1110 -246 199 44 -805 13 -549 296 196 -128 -1026 152 30 139 -310 -643 -164 -209 533 496 102 -620 -239 -248 -149 654 -539 164 897 198 -773 -790 -44 -623 -81 -461 -1214 -612 180 1827 -681 -724 212 383 1353 -299 1044 -1082 568 114 -662 -48 455 568 95 329 -263 -255 70 1936 -456 769 690]
[520 -952 184 -589 122 -206 1588 -30 -1121 347 -399 1150 873 -535 -815 428 -928 -379 251 89 -558 -412 -1098 989 541 313 872 253 -600 -763 -355 533 181 -312 1334 1 -541 340 78 287 -942 790 -1078 150 -555 641 272 704 -501 44 -494 404 -273 158 -755 173 -35 1462 -618 -5 761 125 -183 520 67 475 9 -45 -543 -532 -75 693 -880 -389 -753 -107 -723 237 97 -483 -1309 -650 912 -387 -499 1054 -149 -686 -175 515 -1115 765 282 226 -374 155 -196 -447 83 -1071 -744 -741 -66 450 1077 -807 207 -61 254 -67 -563 -336 153 471 -556 -244 -984 1208 337 325 0]
[-740 784 170 266 100 -542 666 224 61 726 -561 498 848 67 181 -879 343 -561 -160 689 -689 -754 -137 2 0 -263 -55 731 588 151 75 -397 -334 -97 1007 -181 1139 537 -483 -10 -191 499 400 671 -61 -491 866 1072 196 -791 -488 -86 -133 314 45 144 -145 860 578 379 166 281 760 -897 305 526 888 46 -405 -186 -502 -614 -6 -199 -505 -554 255 204 364 960 -81 -274 28 1290 1130 546 -388 -493 -804 -165 -429 265 -550 -240 1146 -564 163 717 45 314 -602 -417 477 697 820 -176 -1178 88 -585 473 1 -355 -59 -75 408 339 771 -714 1206 -1139 -620]
[62 446 21 -677 -94 -668 527 87 590 -648 -51 809 449 -902 -538 -494 -848 -1361 73 210 552 267 381 -319 1132 642 -27 602 86 -659 -542 189 860 513 -1252 -602 -475 -90 109 790 79 243 1194 -636 266 -309 -1347 -64 -159 -609 -1040 659 -140 433 -713 159 -503 -254 303 -936 418 571 178 -613 -689 -974 1766 -281 -271 -1520 5 539 -501 273 -627 -28 374 1 364 334 167 -466 730 -460 -302 740 -1608 -68 689 -573 -536 -189 75 527 248 -362 -1460 -1269 896 -189 -1885 78 293 576 919 400 -1140 -573 -193 8 -688 466 81 -902 -484 1741 -495 -501 719 -652 -443]
[-891 -643 305 1053 -266 24 928 -376 956 -171 -908 1014 604 -1333 425 -102 740 984 -972 -55 -149 639 1006 62 -187 179 -412 1758 -209 -743 -1801 465 423 -822 748 1237 673 -1032 -177 -890 -276 -825 551 -1160 11 633 -423 62 -718 861 -32 -310 10 700 -1419 -528 721 569 -571 572 -108 -960 44 -67 1236 -766 536 419 965 -1209 299 229 506 -1154 87 -1866 984 -74 1037 41 641 735 95 1865 527 111 -656 26 -1335 -426 485 -470 -547 359 989 -933 111 241 628 -1450 -735 -271 710 555 -283 39 -321 -495 -222 431 141 426 661 -1157 1172 1313 409 -876 150 442 -1289]
[479 1465 -611 -169 -463 -377 -633 -258 45 -592 -567 1042 -258 174 241 74 -1144 -52 1455 -378 62 62 -803 239 -32 1031 700 -197 -115 -58 143 297 561 244 50 -198 -547 492 716 -21 -78 1289 281 126 539 454 328 -1299 -683 623 -57 504 -159 87 1096 -227 -222 539 270 -27 -438 613 -305 -163 140 979 -1634 -395 141 865 1867 45 258 -376 -2 814 422 101 199 40 616 557 792 -1048 685 885 -295 -615 -189 -686 -737 280 250 1068 92 209 -38 -510 17 206 1076 507 -40 -2085 -268 150 -56 -257 -747 937 -95 174 -299 -65 -501 -710 30 -75 -710 -159 830]
[11 344 -6 -1180 -677 -352 -247 -686 -108 -2 -328 1387 -863 159 -475 428 -656 -345 -248 -398 -29 86 -95 43 -26 933 267 -253 794 1473 -47 214 -326 862 1069 -93 -1181 -162 -1055 -144 -587 1133 296 868 -134 -915 204 -784 417 507 172 456 -783 9 -47 986 -353 -816 477 291 -279 761 -13 473 -885 748 -903 -406 -390 -770 -531 1057 -329 -93 446 563 -336 -195 211 -166 -369 1020 171 402 -127 287 -131 -480 -340 301 -1329 -384 -125 -824 -650 28 646 -264 -414 -354 -268 -876 645 927 987 -891 32 -206 -64 -1110 -355 960 -389 -10 999 200 298 -878 137 -471 608]
[517 145 -808 -4 923 154 -1076 -756 -417 226 -183 -379 -94 -30 293 856 -784 -82 442 -434 612 703 -536 -616 1156 -1074 244 -130 720 -905 -508 127 -1005 -647 -1071 206 129 -637 517 -456 -128 -1250 -735 -941 640 -144 479 526 -523 138 921 -1257 308 273 -64 354 507 -172 -488 -539 -301 -118 102 -394 298 -922 29 -114 790 79 1157 -524 -2067 769 1101 476 298 177 488 351 976 -719 1138 -662 -543 -637 987 -18 374 2544 -334 -647 491 327 -168 440 -9 -738 1446 1062 835 -1357 -46 -300 -1025 475 231 1174 112 -373 -229 -422 -534 -375 -407 -586 -1506 -142 143 654 113]
[-776 -307 250 813 832 167 148 668 85 -757 -172 158 -987 186 -970 -432 676 156 125 -925 605 417 117 -20 -57 463 14 319 -674 -282 709 1000 449 -234 -844 -581 -882 -372 246 -150 -242 -119 19 960 231 -194 -1149 697 -790 875 -905 915 -208 -265 93 -225 1012 -515 47 59 194 444 248 -372 -618 -127 -53 766 -2135 459 -616 591 906 715 -967 389 -746 286 -35 -682 -493 -185 376 487 -932 129 -252 143 1437 54 143 -1142 -513 935 46 176 299 -1061 290 -104 685 82 -214 -185 588 430 846 -407 980 545 67 -646 94 -351 567 310 265 338 761 -685 1241]
[214 -407 361 251 -230 420 -368 631 179 -224 -400 781 383 739 -89 335 597 1049 -385 -82 -216 164 -550 667 -63 243 415 743 -1296 989 -512 -1310 204 -397 57 -429 -548 466 -558 131 -35 -307 -2073 223 -215 165 1030 1225 651 256 245 -388 196 834 -893 1172 1075 -676 197 -386 356 388 205 -1574 808 189 -500 550 232 604 -396 798 538 41 31 -463 118 542 -1456 -77 -401 1002 -1050 547 200 69 -288 -291 -1708 194 -832 -375 -2031 276 -345 601 -279 -650 184 -242 153 -374 1253 -173 595 467 -496 417 95 795 -207 -706 -123 216 -122 -445 -640 -805 -660 453 679]
[-1096 -524 -220 548 123 38 -2 749 209 495 -1609 -576 1044 -821 -19 -90 -1188 -1214 -970 1197 -739 183 -749 -783 86 766 1106 1048 -439 161 -326 939 -260 -436 387 -1029 267 6 -762 -185 -1485 -298 -280 101 -610 335 -173 995 84 639 -344 498 -253 -415 -674 -217 1739 420 1295 805 -1047 1106 445 552 651 969 -14 869 556 281 614 708 -54 203 717 -272 58 517 -282 -373 -393 393 395 20 133 1205 -240 -559 51 1420 470 965 -200 400 -617 903 587 -132 -93 -687 -238 -641 -112 1122 155 204 -337 -504 821 -126 -1696 -377 1020 1524 111 318 -364 -17 -199 504 -796]
[-87 122 388 717 -436 492 135 1424 386 687 -319 337 228 1009 717 -1022 -440 -178 471 -1202 -449 -814 -2151 -555 -565 -461 -1115 433 -401 -119 469 -410 -277 140 47 -661 388 -507 -854 -289 -595 665 428 552 1242 -763 108 -479 -111 43 -528 197 627 49 566 327 142 100 639 871 423 -313 674 -732 -16 558 273 91 -694 125 -197 634 -199 -296 -169 53 253 -146 -235 -388 -808 483 98 402 677 -430 -377 549 -621 364 -169 643 -1090 342 1505 139 165 -131 186 -117 636 -1044 54 132 -261 -370 -646 -316 958 556 -63 -713 -840 329 -133 -567 -91 193 668 -943 -874]
[-490 -224 -140 132 -741 -468 -235 -588 663 -20 527 181 430 -1116 -425 -1281 601 -551 882 989 1478 -478 691 -522 -689 -624 654 -251 861 -478 -218 121 -189 -365 574 384 665 101 785 -944 164 497 610 -376 -129 784 -285 226 -270 -53 -689 -467 573 82 -3 745 645 50 -1017 -52 266 334 -175 -347 -1043 2 496 62 -386 653 1599 247 69 -73 -470 -1599 -459 -188 247 -254 486 1078 645 -287 152 -428 -206 -551 454 129 156 -356 -393 26 -535 -625 -393 78 439 -1644 -1073 -405 2 -885 95 -363 -418 -383 -187 -352 -396 294 -70 586 -611 -693 981 744 190 230 -465]
[-283 651 -153 -39 -468 575 734 -374 871 -184 564 -471 241 -464 -306 -828 -531 -20 1197 -306 -446 -47 -899 -1285 1114 -295 -823 -528 1205 -331 1055 -1128 -631 -5 36 -194 995 -23 -463 623 39 91 332 -296 -394 546 273 -106 -292 318 -889 205 141 -441 720 -689 909 -838 -488 274 648 1237 97 -75 321 -506 -624 39 -802 1131 788 -99 39 -1033 136 194 345 212 -51 -845 -255 148 446 595 -292 -766 -546 330 -1088 -224 7 -785 -484 471 1109 233 306 -708 -287 750 166 245 -60 -1162 -317 -532 -520 -278 -629 56 -486 643 223 -373 -120 -11 216 54 -665 -94 619]
[614 1083 198 -910 896 19 488 -808 -1071 45 230 849 -230 90 -202 368 181 -169 -18 -324 -1484 -77 -836 669 1190 -622 -530 -157 780 -1327 -493 -425 -531 39 -206 -152 -495 373 784 909 -727 527 -11 -414 -294 762 -36 580 -799 -838 -196 -468 -37 456 -323 -998 -607 1150 -438 180 -342 -550 -405 1025 1254 462 -366 -310 -96 -509 206 -407 -37 -337 139 294 422 -182 -299 -152 -334 68 -290 542 1007 -938 850 571 -384 -603 276 690 516 550 391 -374 -251 -1544 688 819 888 -134 -1049 -51 -19 951 -61 -259 -52 -248 -744 172 515 -519 -31 331 -808 -115 660 129 953]
[36 622 -1170 618 -58 426 -71 879 692 184 -636 -835 -335 838 -324 -900 -1477 -720 -132 -573 -157 -707 -617 -157 240 -618 339 218 -825 1217 875 82 700 478 -822 -523 668 -304 -1009 38 -253 -832 8 230 64 -50 -812 -310 731 -225 648 776 -309 53 204 505 283 -1998 798 175 432 1129 1258 -715 -191 462 76 565 -128 1131 406 -905 773 -115 -951 259 256 -37 -1088 251 202 172 69 -753 145 1569 -651 -115 456 580 -649 1077 412 -354 645 -32 531 -666 283 446 458 597 -439 -122 -434 -881 -948 -37 -55 527 306 -1537 368 181 -317 -459 576 -1841 113 -397 380]
[653 -328 -505 136 63 -5 -346 909 -141 498 -73 -627 -227 42 -712 191 383 -1108 -67 848 -174 194 -33 82 -530 -154 482 32 -1159 -380 493 107 573 302 -600 124 -17 488 -374 946 -305 -289 1023 -188 -433 -76 -1151 -12 -27 312 1406 863 -610 -528 -482 -1157 371 -744 1211 629 -56 -244 1184 -831 555 -474 753 -149 343 734 -14 186 33 -295 -223 -624 -518 808 167 -526 371 6 128 -196 -13 282 -648 -616 986 1242 859 2109 802 -365 700 631 256 -105 -495 1101 -598 -775 -1357 613 -242 32 424 594 644 -635 -314 -1084 531 376 490 -109 -166 211 -684 791 -709]
[677 267 123 -23 468 593 579 -629 14 -20 1033 -1087 -366 547 595 485 441 532 -841 492 -38 -726 -273 342 -12 -405 378 -943 -687 36 451 -762 -580 302 -1124 733 -282 615 299 168 1330 -1112 -181 461 -736 308 218 63 35 -670 552 165 -357 -63 1151 683 -811 316 -292 -337 41 -250 -550 876 342 -1126 288 229 625 -588 -694 -640 -9 -412 807 450 734 -95 -925 -451 -253 -382 -545 267 -726 117 213 770 -992 -1674 35 828 635 -980 -277 1154 -141 1168 -535 37 -57 427 -791 75 -520 83 1525 633 -460 -227 1258 581 262 148 -146 -56 395 1002 -923 993 461]
[-346 -295 -167 143 -160 -356 179 548 -159 847 -651 271 428 434 716 463 298 -383 -766 -102 -1142 -197 -559 863 -593 -570 -9 986 -476 -869 -238 212 294 563 500 1584 913 102 -413 -180 -501 -291 -331 350 -422 321 -270 525 953 -642 287 558 803 7 -690 -898 82 1034 -253 235 -78 491 -99 376 822 -234 420 1120 -35 761 -323 -226 1707 -1109 -134 -446 524 -359 -695 485 -734 -188 -1003 812 -432 109 -328 203 -2274 52 635 87 -312 -271 1253 -329 -223 -596 229 949 274 250 147 130 -587 -696 -184 -1000 -490 551 -302 -558 568 -169 427 -60 -366 227 17 1429 -487]
[16 691 331 -73 -353 919 -6 20 702 177 313 85 -38 -168 -903 -956 -421 -410 -459 -473 -186 -513 773 6 -808 108 1977 437 350 38 260 -266 206 631 -269 447 6 316 -615 -413 424 -1022 796 -172 413 633 -1242 -652 480 447 -1501 -286 -400 -433 -506 -451 -145 -1078 216 -42 963 180 -811 -616 -1234 -17 351 770 -1218 553 -347 1015 609 -263 -777 -246 269 294 -266 -530 -69 -99 -400 -10 245 1012 -1458 -882 913 -484 -76 -158 -620 -469 -139 -538 143 805 -896 -26 -600 76 -395 189 613 -403 406 460 -745 -929 -47 -649 92 629 -494 -283 1105 -861 -927 135 1130]
[-835 -719 375 121 -57 -796 -224 905 -582 -524 -484 -294 415 345 1128 272 373 56 139 90 918 181 -129 215 -400 1036 234 492 -193 1541 745 627 -194 41 355 -259 -353 341 -481 593 -1260 158 -492 -424 -75 -683 -1499 -731 812 32 37 -126 764 -115 -218 -485 561 -722 314 -148 -377 -204 -15 -239 -217 1490 -393 217 -8 1062 150 -213 -719 850 -353 5 -497 -1081 -208 534 -33 710 76 -435 504 269 -140 -345 700 -37 -303 -738 241 -117 -1310 -118 -24 143 231 -297 -15 653 76 145 910 794 -643 -231 833 272 -254 25 -350 946 -520 -260 -284 -657 235 -1246 109]
[-441 307 -842 659 -389 -1954 -90 1885 -20 320 -407 -39 711 -345 21 -663 -32 159 48 -319 -109 1230 1121 409 -236 603 -364 1080 -586 2064 637 230 556 -182 333 256 616 -758 -1338 950 38 -27 -667 -587 140 -1291 -759 -696 554 655 985 1052 616 1129 167 -81 -88 -1504 841 -245 -1187 -477 701 -1657 238 191 -823 -37 372 -850 320 -127 -1093 1233 -38 -131 250 -1169 -57 513 -39 10 198 -186 266 241 -983 45 1352 466 160 -19 189 -332 397 -366 -100 -304 208 -305 37 482 -641 -225 17 40 -497 -601 368 542 -289 -570 -226 -166 -9 -24 749 -1604 949 -2133 -913]
[7 -435 38 -13 233 -115 577 -972 -99 -465 -401 868 210 111 -706 645 520 23 -619 -391 899 -251 525 -176 -1097 579 678 -965 -367 479 689 640 -464 -279 -706 -694 337 -1202 330 -673 96 -421 -302 -541 -820 407 1086 -200 -812 -275 -26 247 -463 -59 799 352 502 468 -509 225 134 650 381 -9 -64 -68 774 -550 103 -539 -290 253 1 1164 -728 105 -1723 608 613 -2 650 443 864 388 590 2409 433 -542 2181 35 -1495 -124 609 938 -682 1411 601 1271 150 -2087 -281 -341 657 450 1857 1321 916 1809 -253 434 -1300 -197 250 901 -585 -285 -524 36 -235 -1036 368]
[1193 -275 -125 -789 165 -167 -359 1382 -436 291 1049 1494 725 454 -492 473 801 689 371 -187 -723 -69 -93 1006 -836 -450 89 -330 -1591 -487 -35 -708 158 522 -377 197 -143 -544 -67 -25 697 826 -1814 -304 905 -147 823 773 16 -1086 -496 -504 -588 1090 -722 -471 -398 -251 184 853 1303 -659 -692 -1250 -200 460 145 -770 3 -933 -607 670 -290 -516 -306 976 -14 1385 11 100 474 -465 -300 -302 681 -518 -551 -567 -1220 -737 220 1021 -104 91 275 -790 -653 1111 -603 -354 112 -290 199 367 -581 -1231 -401 -558 211 559 624 90 969 -770 -1317 -574 18 273 217 -703 -611]
[88 1366 -207 -120 999 883 -650 522 527 -160 -301 639 -494 -936 332 416 -15 -905 0 -647 -154 562 349 -72 454 739 55 1386 835 79 -989 170 -444 -300 -110 -825 -111 808 76 -792 -1125 385 -1250 206 327 395 -1064 569 19 1233 -323 2 364 -164 -648 242 79 -1415 128 177 -338 -785 216 -868 -522 1195 -79 453 263 -382 249 54 -2018 448 531 -559 14 212 370 -64 -86 537 21 695 593 341 446 -411 550 1157 -747 -392 248 -152 -405 424 -95 -981 1850 -1054 701 -448 -232 299 1720 633 231 881 902 -290 110 -89 -749 803 -74 559 103 -389 243 -696 -811]
[-320 -265 -585 348 72 -1179 -223 -322 -619 10 58 -435 -247 372 -320 604 969 -80 11 -409 -73 -369 -212 -136 10 307 909 -343 -61 122 -401 -792 -481 593 -149 1459 -530 600 -870 151 944 -122 1388 1156 -35 -42 281 -50 563 -218 1411 152 255 258 -435 1207 640 56 -449 -514 36 -108 -173 387 399 -1823 164 -20 -828 -422 -1328 480 841 839 779 222 -288 -956 525 435 162 -58 337 123 -1031 -407 -20 1144 185 -128 -704 -466 414 -368 -162 843 248 -62 -103 457 -116 -552 351 1735 -780 -801 689 -690 560 -692 442 311 -447 -1096 208 299 -354 354 1061 532 153]
[-368 115 60 -462 -77 1057 -320 725 836 13 -244 952 -476 473 -714 -253 -518 -452 730 -72 779 -229 95 -1089 -591 455 -295 88 1087 347 436 458 191 714 -435 -602 -621 164 -854 -347 -881 121 213 173 495 -579 -1059 -518 -97 393 -1587 604 -72 -314 193 280 237 -287 -176 482 836 1013 -20 124 -1995 1079 -944 805 -1012 1764 229 666 -6 -977 581 260 974 558 618 -755 282 806 789 159 363 -404 1340 -642 691 834 -115 -900 117 120 -562 -295 402 -750 667 -393 802 -910 592 229 -56 -274 -690 -683 760 -337 -629 -54 -136 202 -80 -305 -57 -864 110 -932 -213]
[366 656 254 -465 1202 24 151 1124 218 821 145 279 143 -738 -793 50 -874 -450 664 -430 -714 40 -396 20 -294 540 290 368 -851 1088 -104 -266 927 309 651 198 -543 1349 -347 -41 -315 676 -1592 727 350 -107 303 1033 513 -102 -1091 -213 292 314 -1535 459 302 -405 315 143 -41 -733 -131 -198 -419 1158 -1566 615 -722 440 510 94 -1106 312 -37 573 709 202 -580 -907 -1067 -899 815 -854 -220 -114 96 -169 -677 20 -148 -475 -993 682 765 -801 263 -1302 778 7 1293 189 351 -238 302 -622 -132 -801 611 1011 36 -913 -656 110 -177 -281 422 257 121 -706 195]
[-707 -745 185 1160 -286 392 22 789 -34 158 569 61 -29 513 475 -1037 1523 908 632 -373 929 26 717 85 -1380 292 -473 500 -793 49 -54 492 851 544 207 1474 -506 -473 -1122 -1206 -180 369 123 388 823 -1389 -1746 -272 17 728 -104 236 -85 -203 -671 -647 -943 -277 -71 829 256 -1973 -605 -695 -319 -91 501 1181 -1224 595 -448 67 14 190 -558 -338 -398 -140 85 -512 -658 -288 -455 372 -531 -304 -1160 10 640 -26 620 -435 -471 43 507 -1344 -183 765 202 -354 668 268 346 206 -619 -677 341 -295 993 953 1625 -991 -571 -88 384 149 439 754 312 -55 23]
[-567 991 -215 36 386 -273 -41 49 221 -196 -818 -120 -434 -353 368 354 -416 -815 93 850 -679 -442 -444 -521 -567 761 -155 -101 418 -51 122 602 -160 318 262 -472 68 370 313 356 -1728 1561 958 -157 -134 -837 290 -1245 -185 -376 -156 -10 133 -855 31 -1153 -228 297 1050 363 -728 64 132 1019 -362 1363 -479 -20 73 174 1040 -412 -48 85 1342 196 -1236 264 149 -247 -695 342 -46 191 146 110 603 473 468 438 1000 855 1161 441 -407 590 -525 -910 161 -188 684 730 -749 -295 498 1058 1050 -90 893 -434 -696 503 -468 1098 -345 -36 -893 945 -404 -247 -522]
[-927 -316 209 445 1019 -217 130 -110 -203 -548 -901 -121 1093 -694 282 -509 -787 -8 124 944 666 230 67 -107 83 320 603 944 50 -662 73 625 475 159 193 -475 -676 -108 -33 243 -455 -162 85 -925 -104 -505 -935 381 -92 -747 -1763 -723 -150 397 -1105 197 -146 364 -148 -371 249 -18 71 58 -775 -365 825 -503 -1342 -143 681 462 -454 -492 -351 -1211 599 48 243 -1179 62 -772 575 -363 -241 161 -720 -258 340 1154 696 -1176 -193 843 94 -1980 -798 -787 49 -230 -30 13 957 -5 373 332 -1388 -404 -105 -93 -426 391 506 -437 -205 139 -101 693 624 -60 1001]
[-200 1707 267 -103 454 1134 -659 506 744 -232 700 -388 107 -560 335 -862 -720 -187 -246 129 -799 31 101 -841 1506 647 -1118 -553 218 -170 62 -363 165 467 -891 -1645 184 862 135 616 -74 336 184 -1010 799 -334 -1484 529 -317 -858 -440 369 -1378 103 -1117 -1532 42 -705 200 649 -60 -332 474 434 -42 209 381 99 150 -648 117 -59 -474 -9 -1131 1451 306 360 1231 269 568 36 328 768 571 -129 -1376 -660 629 -368 -73 1255 251 166 1731 196 57 -625 623 -130 -756 579 -457 98 561 -28 -1000 -417 -711 721 716 866 1870 -321 -528 1661 -271 -608 621 -482 362]
[951 -1292 -316 -1162 -518 -562 -121 -849 -975 -647 724 -150 -745 129 122 297 203 1092 1260 541 -160 433 -247 -346 778 0 126 202 28 -545 -666 -245 504 -74 204 -386 -890 -87 -301 337 744 -203 118 1470 -1021 -1338 385 -188 85 505 786 -485 -243 -113 -352 1784 548 -943 -640 -434 341 -220 1040 662 -1134 -1674 139 1 255 -377 -171 31 -734 521 -150 223 -85 334 -323 353 222 120 451 -200 -1125 347 -393 -829 59 1017 -213 617 -356 -1577 693 1460 394 -218 -360 336 66 -419 80 -2 -840 -953 -298 -306 299 -693 737 161 138 -1356 195 367 373 -769 -752 756 763]
[-340 -346 -53 -454 -144 571 8 -266 489 165 -293 60 1149 -240 348 429 -361 -522 -97 -306 -604 711 1332 -811 -155 96 335 342 405 747 715 -167 -225 302 -682 -1611 472 -359 -539 -778 -1816 -333 77 622 269 -357 315 703 600 523 -1468 -231 275 -1777 -405 -550 621 -228 713 -132 577 23 576 -788 -1211 446 784 -615 27 573 534 17 -56 -438 -181 -424 -1023 587 -219 -865 882 716 120 -136 879 1465 -333 -1046 246 700 -167 -285 -549 433 508 1295 501 -425 -1026 -321 -97 -368 1225 98 421 639 -436 1221 -293 -792 -68 254 -551 240 -449 -396 -207 -297 -573 -618 147]
[529 -656 556 -402 885 -693 1 903 -292 691 218 484 440 -800 -74 -228 -415 502 72 589 228 223 146 422 965 319 -363 169 -816 -272 -1061 150 628 110 89 46 -349 -315 -600 -159 310 177 -1182 831 121 6 1535 1538 188 -1044 167 -858 -33 707 -1040 634 81 728 -950 -1061 -787 -682 -225 -756 -545 186 589 172 -257 -1302 -465 -258 -1293 626 1059 -794 -84 -386 282 559 -896 -1365 613 -371 -927 -770 564 419 -1337 -50 64 -546 -1016 69 -556 135 -344 -793 147 259 -470 -130 483 -147 57 -83 1337 169 450 513 508 312 -902 -333 -124 -454 211 924 1037 -399 -542]
[-289 916 -453 553 -104 -676 20 41 1401 417 -453 -809 181 389 -179 523 -653 -972 267 -376 474 -1110 -1513 -408 345 -349 199 219 952 1286 648 -124 -778 186 -888 100 -18 551 -393 99 -1097 -583 611 686 -60 65 -949 -1185 104 293 804 -658 979 -306 332 922 505 -1152 -199 106 29 -31 356 -99 -863 666 -479 866 542 419 1664 -649 -194 44 67 336 572 -870 -499 -1137 -747 877 -137 -152 -330 416 188 324 495 870 19 240 370 -598 -35 1420 -558 -1419 -498 72 489 -155 -1352 -24 -810 239 967 -602 463 -502 58 -488 -849 1183 -110 -879 208 -141 -537 184 871]
[73 -214 97 579 241 1834 332 -36 1013 250 55 -1421 -198 -429 -300 834 -452 -369 -1624 465 -409 -539 566 -310 -472 -1072 -411 -516 -479 -124 461 -592 100 -124 -301 -167 -371 357 605 -173 -374 -236 710 1005 -463 998 1888 285 345 -368 468 -298 631 -287 263 1 -225 861 -228 172 116 -188 38 684 400 -669 291 -219 111 379 -423 -717 1086 -1407 956 563 464 65 -792 -756 -232 749 -88 494 128 -312 1630 496 -12 -624 359 489 1409 467 303 959 246 402 22 848 133 -347 -840 -214 -453 1009 360 974 -847 -325 686 36 -762 1131 46 -682 232 333 -1000 79 -743]
[296 340 -82 -499 -411 961 73 784 431 197 327 912 -397 -701 -418 1130 -1344 8 20 -39 -1128 -246 -79 -332 498 261 -1167 -246 -1006 1487 -506 -216 190 -652 532 -649 160 96 604 257 200 -113 -617 -14 179 -892 426 -555 -533 -1057 737 -125 452 287 -1167 -95 400 -42 157 -507 -128 157 1244 383 -427 216 -852 790 346 57 942 619 -1180 1039 330 941 -456 779 -105 -328 -589 286 354 133 -348 670 -497 805 -361 -318 -706 926 -136 -395 602 1175 -295 -435 1237 -77 74 561 -32 397 390 -139 632 -252 284 593 -596 -332 325 403 -585 162 -635 317 -499 -238 -52]
[-866 -1036 650 516 979 249 272 -88 862 855 -757 -132 435 -519 -757 -335 307 -703 155 727 378 -1205 -594 -515 -752 -530 185 -514 213 -1132 -210 -76 -204 -357 -124 507 -132 1007 -52 -531 1 271 217 260 72 820 934 377 -316 -437 -698 -1321 1139 -425 -37 505 786 2048 -527 432 -676 -551 -819 528 339 -43 105 670 -340 297 279 643 -220 -127 1085 -843 1244 105 338 -1093 -398 -166 575 340 150 -1719 731 -91 133 137 892 313 -401 694 112 -466 -862 105 428 -722 217 -1207 646 877 -554 227 319 -55 611 -151 -371 112 -239 778 64 -184 -75 798 -206 450 -112]
[-216 229 313 54 -488 -1556 737 -448 0 242 -189 -715 133 122 -372 298 1080 -616 -603 1025 1031 -153 1023 -1122 -632 362 659 1023 615 -909 -423 65 -870 -285 -875 1097 995 -384 -478 58 856 -949 1094 -504 -690 -218 -1022 -290 364 -75 -324 447 -79 -794 1211 -902 257 -287 534 120 191 115 -852 -129 252 -921 2085 210 650 -72 -728 287 821 -193 -222 -651 -162 220 345 -104 -215 -846 -1198 569 891 1249 -601 -327 761 -232 1016 135 352 -390 -1020 235 -652 1790 -785 -27 -603 451 -807 1738 834 478 644 -176 280 -264 -1434 -973 -158 478 -428 1066 660 -373 -1653 553 -461]
[361 -419 533 -15 493 593 33 -421 -92 214 -50 -260 -215 -511 -557 114 577 861 1330 501 41 -254 341 595 -561 60 1170 -947 -266 1207 -574 -442 659 -68 1269 132 230 327 -138 -1460 -219 407 -576 342 -524 490 1322 343 -166 1787 658 -411 -479 119 -439 528 -912 876 -28 -282 -865 528 316 7 -13 171 -749 -535 106 714 171 112 8 36 563 -1078 -216 -197 42 -171 -362 257 74 768 -785 -810 1129 -119 -1186 -50 -531 -211 -118 -167 226 -258 1100 -417 -910 -69 971 30 859 -723 -218 261 1213 1065 -180 -820 910 598 -1140 64 920 -503 -963 566 -702 506 43]
[-889 737 -339 811 -33 922 -221 -451 548 -571 -874 -1059 797 -513 309 -467 -524 -346 -284 543 372 -258 837 -495 -25 87 381 -685 1055 1213 95 428 613 -898 99 975 324 253 336 -421 -775 -585 -42 -478 167 938 -103 397 -242 623 640 -338 476 146 -125 -850 777 364 918 -175 -127 111 -252 315 800 972 -841 710 1025 629 1792 -1057 -221 530 1017 -477 145 -87 196 -575 464 525 -503 81 1122 606 1096 362 673 172 1104 -274 278 505 -741 1462 264 -48 462 29 197 368 -332 -508 -426 1355 516 47 232 -664 -668 -472 -419 1343 682 29 372 92 -501 55 -157]
[-116 244 -450 -44 655 381 -473 -298 -694 430 364 -515 -689 -200 282 224 -124 7 -416 148 -109 -572 159 144 -1227 -1282 487 -348 -130 -649 -113 340 -613 -303 500 6 -247 -554 914 640 233 -960 588 -439 531 -419 -91 -501 21 -674 -904 -453 370 79 753 470 -373 -196 458 118 620 -327 742 606 346 -203 -265 -363 -632 -821 512 -70 -238 25 160 321 -185 747 538 443 1136 662 89 -876 1752 -128 231 -885 1243 1530 -454 1350 1113 -437 1308 -340 -435 468 -619 -165 517 -1045 -648 186 -675 34 138 1318 279 89 152 -68 430 -443 -1458 -266 291 -776 -496 -803 436]
[-422 -148 269 -571 -166 -1563 -38 -675 -257 641 -138 -177 685 55 119 744 21 559 -243 253 -98 -1083 94 -384 -1116 -614 551 -1426 -426 29 670 365 285 -695 538 -95 275 -566 268 -828 -11 260 -82 430 -758 153 481 -3 -384 328 653 -1492 1566 158 162 -174 739 684 -353 -83 -454 -318 124 -325 -741 444 220 -417 -268 -854 44 599 -927 955 -1359 219 -485 -428 210 -127 -369 884 -504 190 769 1579 431 -1406 2165 1020 379 236 231 72 364 825 -601 1379 -891 -844 -539 -288 388 900 575 449 452 599 -254 -48 -289 -359 -1 664 -840 46 598 -116 -303 -650 567]
[-4 187 -258 528 -914 542 -872 -6 -183 684 250 -601 456 -211 -378 -904 -79 510 1171 465 -1273 -371 -621 -569 82 -811 -90 -901 68 -494 280 -545 222 98 157 -113 96 -212 369 -1402 -158 298 -212 1388 297 435 1064 65 -59 997 623 -295 133 -456 409 304 1109 -102 963 722 28 182 -35 -13 115 -174 -1300 45 -299 213 324 1111 -73 808 -158 581 119 -247 300 -713 58 -54 -95 -189 328 237 -149 -611 -1007 365 -426 614 -576 -253 1635 1303 508 278 -870 152 -285 -887 240 388 -1465 -1144 -293 -589 -421 -788 721 398 -89 -172 120 -36 189 572 -348 -311 354]
[-927 -823 218 642 -252 -578 -18 1368 187 147 -1096 535 254 327 33 476 467 -241 -678 -523 -177 -302 158 230 -328 969 617 1231 -1062 122 -258 -274 816 893 -424 1058 967 225 -2044 151 273 -30 230 510 -157 619 43 -132 583 -62 194 368 181 633 -269 590 1041 -611 1 649 -223 -1088 109 -853 489 -156 344 487 494 481 -404 338 669 -303 -268 -743 1083 -121 -568 -92 235 -226 -994 423 333 69 -987 -191 -517 -34 -285 10 -611 -417 120 66 40 384 11 -911 265 76 391 1074 168 -183 -1040 -227 421 1357 -14 -1354 -81 611 -38 997 -112 -992 198 -426 -958]
[-182 293 658 -380 658 -105 -1787 246 -931 -212 -143 -1537 -331 574 519 -587 -239 436 93 -1485 -797 375 -797 326 1311 -457 -491 -198 721 -159 1423 137 -553 45 -24 -1566 292 205 86 1053 -219 358 -441 533 -658 36 -492 -417 -85 -1244 379 -1070 130 376 344 -676 1617 -742 334 267 -531 1181 553 81 15 835 156 -652 -779 805 -925 66 509 324 -382 1106 -202 -805 5 1040 390 669 -170 -432 -67 -1415 -382 -340 87 -203 -250 303 -423 62 606 615 -79 -745 204 1275 -221 1171 -537 -49 385 864 -465 86 -567 -693 -128 1121 909 50 -261 -592 1331 -2097 951 -915 1025]
[-647 758 -724 869 -618 113 -49 600 285 -196 -322 -1039 -380 276 665 -828 -521 -342 -268 598 59 -23 -874 362 526 -348 990 1085 -55 237 653 1411 -106 207 119 -287 -997 -1011 -50 -359 -502 -439 214 -412 316 225 -1060 743 336 281 -859 -663 -269 -364 18 -433 254 -1700 728 983 521 -439 -197 -796 178 346 236 529 -1026 364 160 79 174 -355 -1192 597 -5 296 -130 -1264 -100 -266 -831 -363 78 857 -938 55 -664 1034 401 547 -401 36 714 749 940 82 -68 405 3 -447 -396 -228 -769 -695 123 -288 485 -690 15 -1106 -260 165 -435 -43 1202 457 20 -16 683]
[304 395 271 333 -763 124 -104 749 485 732 -133 0 935 175 36 438 -464 -1083 -760 429 914 951 1218 -1 455 239 -911 -105 205 620 329 518 -615 -430 711 -342 100 -408 -140 111 10 63 -692 -839 658 -87 523 442 242 -266 292 1474 -505 -610 299 -919 -691 392 -35 735 -685 -104 -877 -471 472 1050 271 -524 1140 -1159 38 464 -493 100 -337 -140 40 -337 827 51 -205 -1146 309 -322 346 545 3 51 -292 -524 383 624 -74 712 -1244 -621 -637 841 245 -97 -897 556 -410 -235 555 -216 -736 387 -916 -48 -775 237 279 1092 767 -525 1389 1272 -5 -338 -1610]
[559 1238 -893 334 -267 -551 175 -440 176 116 -281 -260 140 259 311 -547 -909 263 330 -464 -440 -335 -205 238 780 -32 1484 -96 770 -371 -551 -296 -291 344 -315 801 -176 187 -98 -306 649 -408 284 -269 38 380 -1426 -988 -840 952 -270 1 -481 106 425 124 -467 443 288 434 584 -984 -745 -272 952 261 -641 -169 -123 -401 1793 -127 -359 145 -778 -51 689 188 591 -220 130 290 410 -661 1010 592 -1266 -122 440 -645 -11 404 -167 163 979 -597 111 114 -470 -751 1133 424 -187 -149 -1091 90 605 197 324 714 426 -235 966 -1223 -1389 513 199 -539 146 3 609]
[1419 1444 -395 -75 -1165 -7 175 595 105 559 1027 1340 -124 844 767 253 45 1104 395 190 -721 -197 -1416 -244 877 -17 383 56 -521 -276 -981 -1011 -1819 121 -150 340 -270 -829 -479 74 267 570 3 -1651 886 -1028 -1065 -645 -1070 89 89 -17 -963 498 125 101 -1252 -228 526 833 404 -918 -424 -227 797 630 79 45 661 -1350 877 860 -782 -868 318 -335 747 702 -338 -1711 -343 1145 -960 135 703 -919 -1161 1539 -1160 -14 -259 1608 -435 361 -53 -1186 200 -167 -1039 -767 787 -464 -1008 -207 -657 -905 -186 -96 1026 581 414 -445 465 -138 -390 204 -445 1519 1155 37 -64]
[-87 -438 -13 -466 -815 -314 166 -64 -661 -196 -122 -765 1495 -722 209 -781 -446 863 -53 80 -889 963 606 -56 2162 -54 726 -389 721 -1175 -189 -802 -1067 -251 -358 -1481 -504 -381 -54 1008 -761 -245 632 -344 -1467 80 -322 -319 32 1053 122 -502 -298 -414 -441 472 -144 -168 -740 -805 -578 2 112 -242 865 -1080 959 -392 -393 -1159 238 404 -137 314 315 -903 137 -1148 -542 -409 355 204 367 -400 383 108 -1037 -301 710 920 -204 -194 179 934 69 252 47 -412 -875 227 -1165 -54 -15 169 -64 547 -1436 1130 -46 -238 336 504 51 -813 -200 966 19 -485 -300 -207 837]
[-321 -685 -293 -206 -862 -339 -21 -212 -357 -620 596 -463 -510 -24 120 403 120 1011 339 797 400 537 978 260 1087 -663 56 -241 544 -114 -1016 -213 2 -143 1261 1795 -1102 -325 116 339 1018 -221 -479 -399 -337 119 -1371 -316 -6 510 868 -333 -290 995 -90 30 -89 -268 -454 -867 1118 191 -754 426 -672 -1509 -625 -89 -808 42 -289 594 -1109 -361 25 180 558 -388 478 -88 306 -269 -218 -281 -1494 -1295 -651 538 -718 206 292 -699 801 -1038 -958 -1440 -986 -98 -231 788 -361 575 -367 217 -1459 -1647 -68 -1585 -446 -1224 931 1069 1080 -1462 356 618 145 473 368 596 444]
[-418 -560 -472 -708 -56 -637 131 477 -975 131 44 -784 -112 918 1270 283 116 199 -324 878 -322 1009 232 -91 1161 -269 -420 369 -261 1117 473 812 -749 54 -342 -1101 -529 -130 -75 1582 -799 468 74 -294 -1174 -1359 -1628 -117 631 -690 386 -378 47 -825 644 -370 -181 -1215 770 -12 261 -377 1388 -576 -300 607 475 -183 -190 -403 -1 -868 -1215 738 -233 223 -900 346 -111 -231 370 43 -131 -1584 6 575 -734 342 913 1155 266 846 431 -922 -525 -628 -337 -805 -54 301 26 -27 -290 405 85 -108 -477 -23 892 -537 -166 1 869 -219 -194 329 740 -264 555 -619 67]
[-158 187 95 -154 1775 -1010 -574 -907 -707 544 -1056 131 -619 -747 -372 -292 -419 -386 -101 -490 268 -199 -341 -1029 -1069 -51 -449 1132 249 -1332 -1006 607 -64 120 435 -868 1220 -605 104 -894 44 96 -343 -680 -220 -460 1280 799 -784 -1251 -1552 -111 -208 302 -311 1498 461 465 -418 -216 -828 224 1101 709 -68 -174 283 -565 210 -425 216 -455 254 320 629 -898 -617 758 1106 1414 310 -529 976 342 719 206 366 -180 -366 1181 193 -751 -516 -83 112 -398 254 -308 2039 -1081 437 -595 961 504 1323 713 400 431 726 824 -1512 -680 56 -715 -725 -417 -623 -1041 -133 265 -988]
[-653 498 569 -848 1501 -498 -732 -89 -350 1308 -242 -939 -660 -100 -186 254 -299 -310 -944 175 -489 0 -855 -1754 -656 -345 -1786 -200 865 -100 -168 132 -755 333 140 -1167 21 275 315 356 -752 195 813 -454 54 -1189 807 828 149 -1657 -1465 468 -463 -974 20 -243 138 602 1070 355 -451 582 928 1660 -171 379 -8 -616 -76 -1214 -1179 298 -534 692 1084 628 -644 -373 1443 891 122 -1327 584 81 1355 -330 1484 -147 201 2091 -230 -259 1168 455 732 -942 125 -303 459 663 -78 -898 179 2407 530 386 -412 269 -129 -462 -1700 168 -400 -143 -99 1333 -687 184 470 -914 -1384]
[-458 -697 437 454 -715 199 -38 -419 -6 200 49 -693 -542 337 -234 1456 1351 257 -1165 -259 554 556 1093 -168 -693 -771 -496 -513 -439 -367 366 -624 -335 -225 201 1049 1305 -316 79 152 450 -1685 709 101 -465 1332 224 596 609 202 331 -154 418 -488 328 -837 1416 466 431 215 11 533 287 198 898 -699 297 62 -75 641 -386 -26 1940 -349 -720 -497 -711 385 -90 -108 802 826 -988 524 454 114 188 -363 -5 -378 -208 -2 -287 -28 266 -202 206 954 -763 229 -17 764 107 56 433 -1 479 767 -645 -698 -567 596 1316 144 799 42 639 -192 -848 1150 85]
[13 -517 -466 495 -861 -439 -365 -371 -236 60 -702 806 -544 666 268 -849 62 -331 -206 -277 566 -427 -1111 -40 159 26 -117 749 414 -277 -568 -450 -294 509 1081 330 5 -501 -679 -474 -19 583 683 388 718 561 1283 144 -237 -308 -316 -79 -308 637 106 1813 -444 596 -334 149 406 -158 198 -715 243 107 486 -454 -1298 -780 501 748 505 -497 753 -1372 -689 232 399 338 -98 775 294 54 401 -839 276 674 -1399 439 -527 17 -1239 -109 -551 -1182 -19 -702 499 -1015 333 -1112 1007 -471 458 -1181 51 104 346 -336 -1023 230 -561 -333 -432 -815 -218 1156 677 753 -718]
[495 -277 -154 1448 -1006 830 564 -151 880 -909 352 -482 -169 79 316 81 68 92 -155 219 278 956 1764 343 1244 432 -156 313 -280 738 956 344 142 -732 -488 -1551 -1123 644 846 240 407 127 -530 -72 -23 -211 998 246 233 387 849 55 540 378 59 906 63 -431 -240 -965 -919 -194 523 -1114 454 -89 -39 -313 230 -129 -277 204 390 -302 -699 -196 -164 113 -428 -515 60 858 199 -203 -941 -673 158 879 856 -808 91 195 -409 948 -207 1503 753 -748 1093 1 -1126 1416 19 -1824 1247 1060 -1305 251 -271 -26 657 -292 -724 15 437 155 757 -297 1275 -296 -292]
[-374 -954 958 -867 1123 253 -700 120 198 360 -728 86 814 -289 -138 -348 -647 -226 -451 -145 1226 505 -109 816 -1477 595 -493 1026 169 388 699 779 1104 149 593 -715 89 365 -924 831 -258 -978 473 -266 764 -1446 -436 -202 -381 -987 -1371 947 315 823 -563 -177 -1061 84 -943 -452 424 -20 894 -284 -1012 626 504 636 -237 -62 -614 -268 164 -652 250 -1001 339 165 597 1279 -949 -375 916 -404 -592 63 567 -1064 -87 239 1221 -453 -242 -259 -310 -1022 -479 -181 1037 -162 -46 18 1007 -457 543 1054 95 851 -151 181 -931 -32 -521 -17 -122 -980 358 -1004 -842 -96 -1277]
[-656 451 -1416 388 -684 -394 -104 332 706 735 24 -1413 -282 -46 -523 268 -649 -818 160 425 71 146 770 -1083 216 -825 260 -44 -378 1631 837 -1275 80 704 -59 796 240 447 -1052 -538 337 -199 977 1051 188 -1095 -734 263 112 -32 240 73 360 -131 412 365 -123 -369 1290 -271 178 201 650 -732 -1436 -1130 -151 495 -975 697 1084 129 -406 -183 -375 1225 317 57 -160 -2004 44 471 520 -820 -149 524 -551 458 535 440 -282 160 644 -171 589 -200 -633 -289 -259 992 624 498 -618 427 -1008 -887 -278 -1175 -208 -925 -224 -365 470 -158 -53 396 1065 -180 282 -565 273]
[-327 -100 259 107 15 910 -136 1497 417 500 -742 -484 1105 120 1237 19 -392 -905 -585 155 186 -643 -634 713 -515 312 -642 1064 -524 1045 689 214 223 184 -63 508 182 1047 -825 -58 -858 -43 -858 70 110 610 -391 -24 205 -648 302 -203 1181 278 -785 -187 -717 -191 -58 -157 -637 -525 283 -713 1407 1104 291 772 390 894 -824 216 -330 -613 -1 -349 580 -1205 -135 -88 -1041 298 502 450 -435 -122 194 246 -611 -817 158 138 -180 134 269 -393 -181 -134 1216 205 -291 5 482 -502 -42 217 -726 -71 -249 771 -268 -603 -843 1396 392 -61 -370 578 41 -432 -1612]
[-398 866 408 154 -1161 620 -636 310 475 -294 764 -254 -40 -749 1378 -908 -871 -87 -22 -127 233 1038 -378 -1272 106 144 -1150 796 414 -240 807 196 -483 699 -574 -1988 -85 -869 -216 171 -733 -303 733 -391 305 -919 126 -163 355 -139 -1411 66 -248 -501 -186 288 559 -1858 402 824 -293 -29 1042 238 -673 -449 536 -553 -128 -857 -435 236 110 -407 -564 464 -514 283 62 -617 435 589 384 451 367 586 -501 -360 -605 1216 63 -198 -918 -114 1146 735 975 -248 413 -418 -1346 -777 293 -285 636 25 -927 340 -275 -1026 -149 717 182 -113 87 81 743 -583 -83 -318 -855]
[-121 -135 -955 -582 -716 -393 1733 -686 -392 -231 -63 804 599 -575 548 146 -639 -501 -818 1098 -701 -519 -116 576 2009 -462 672 -381 437 -1055 -443 180 -558 -27 45 219 -250 -888 -144 433 -1419 732 198 -419 -1010 788 1057 568 253 262 405 -974 444 164 17 803 -541 22 -265 -433 -383 191 -64 -328 127 -282 966 -153 377 -1156 1162 -529 -1073 -442 582 -495 -991 347 -941 103 281 496 94 -440 207 691 109 41 -493 1850 -414 715 1174 561 -286 585 -197 -714 271 -589 -681 62 54 -408 87 -527 -1298 1132 -172 -136 -212 278 -654 76 -384 998 -567 799 1091 95 -32]
[-555 136 -918 288 322 -357 -333 -314 607 174 325 -1617 56 107 838 -192 -975 -754 80 -68 -278 163 -305 -256 -551 -82 88 768 460 911 -114 240 614 227 -168 547 -492 454 -208 -814 -510 -918 -369 23 -257 624 -615 -328 580 581 1629 444 486 -857 -291 -3 1088 -1041 482 -330 -966 457 159 587 222 -857 -1175 518 803 427 903 185 -592 1140 677 -142 -1493 -1051 431 -26 96 353 813 -163 -900 411 -219 -102 236 1367 202 -557 380 -302 604 2075 620 -880 492 510 -425 -174 410 -141 -1509 -18 709 -382 327 -1131 -545 54 -801 -223 -73 168 -1011 286 -575 931 -287]
[571 254 120 90 -449 17 316 -117 812 -268 -275 17 883 -338 217 631 709 -590 -103 -168 -216 308 -224 -441 -579 432 622 751 96 -479 -458 -1051 -330 -71 -990 -725 26 675 -197 -1000 -437 1056 32 -45 -675 1058 -261 592 140 751 -67 -376 -43 -403 -846 -29 685 451 368 91 222 -353 -127 -1379 27 -117 1210 -506 884 -86 -351 800 -471 -308 -847 -102 318 54 -751 -1035 63 1055 -462 309 977 802 -999 479 492 -393 -634 88 -256 1314 177 933 101 30 -332 -530 -1164 -318 527 444 917 1728 -700 -46 -474 -159 -246 -163 -139 826 154 205 -413 553 -341 -49 -652]
[-650 -62 162 34 -849 -171 101 310 499 -220 187 393 -254 417 250 -652 -845 -723 -9 -214 304 221 400 365 -47 158 -758 -648 974 1972 1078 -829 447 -558 1092 -1250 52 89 -680 280 -918 1006 93 946 -130 -228 750 -1399 757 192 83 1347 -153 469 681 1351 -651 -853 -659 -196 -244 876 270 -257 -685 544 -903 220 -488 -637 1313 25 -58 677 182 -844 -31 -707 -976 467 215 1030 279 210 430 -18 -251 -802 -60 -307 -980 -447 -706 99 -253 78 -120 -264 -323 -524 187 12 1112 -1270 374 270 -834 382 -913 -23 346 1046 -541 193 -46 -576 962 -470 -207 -1676 380]
[-246 473 545 117 -580 342 -362 -505 306 287 508 790 -546 199 421 -136 878 -591 -151 -233 226 370 40 -195 -641 -1422 -1813 -93 468 -303 457 -684 -634 -291 847 -821 1438 -661 389 569 132 548 1031 -641 859 -764 977 266 427 -1047 -1346 -451 575 -313 796 -1183 -302 -118 358 783 543 -118 440 -521 13 327 -53 -968 -389 749 -265 -243 -19 -867 147 22 -341 850 408 563 400 658 -680 211 1155 -1171 333 -743 -1028 220 2 220 -983 -615 1260 -936 -848 188 -147 131 536 -1299 285 -285 -143 -75 15 1306 -600 -167 -616 843 309 -245 -936 -950 -302 -343 -226 -5 -596]
[742 900 94 -429 358 -751 -198 145 -701 -162 489 277 1066 482 438 -1216 920 12 883 -246 292 -70 568 -444 -22 709 -124 820 -138 -182 -223 -397 -97 399 -1374 -378 324 193 -189 892 508 33 -581 -693 245 -817 -844 847 297 -859 31 609 -44 266 968 -1202 -453 -1239 338 -175 714 351 140 -1567 302 -304 1694 -519 -376 -111 -1090 -133 -317 781 -592 481 -967 274 652 1012 1381 -848 -516 -83 1336 777 -1632 -171 887 111 -948 260 60 215 -453 476 -939 486 517 850 -1072 87 -82 150 455 144 -1402 512 127 941 -671 -94 84 -306 -791 223 -236 -1216 39 -1639 39]
[315 -828 -54 -1139 -211 639 1092 -60 -463 -300 305 765 938 430 256 -157 -7 287 410 367 77 23 -1014 728 399 96 147 441 872 814 -360 382 -482 1 -473 -300 -1279 -155 -246 860 -444 187 -709 559 499 -1877 -433 84 -225 -271 -1440 -235 -680 -472 -711 946 -557 -622 853 216 2035 284 1250 168 -592 690 763 226 -247 -631 -1527 -117 30 -202 -330 138 -68 -49 -261 -248 -246 -397 -165 96 -342 146 -115 119 -154 -181 22 626 -301 -699 296 -391 -298 -486 -928 -338 -789 -704 281 953 -218 -691 -853 -707 624 -162 566 563 81 -844 891 231 127 -182 977 -1010 308]
[-409 588 -51 402 -489 -488 369 -350 346 610 418 -336 242 -940 -32 -306 561 110 692 494 517 -649 -516 -1014 -585 71 18 -131 499 704 160 -179 -157 -336 845 773 932 -459 -756 -978 -973 128 1474 8 -216 -226 -1145 251 -471 1355 -371 1266 -77 -244 -381 -672 1084 -695 819 837 -133 -480 550 126 -540 264 32 57 14 -320 368 591 -683 219 -691 -820 -818 -429 42 -612 -561 1052 -435 1434 777 569 234 -318 80 1208 -612 527 52 283 1137 748 923 295 -586 -1043 -429 8 -419 1040 462 -860 -135 442 106 209 37 142 -823 770 231 633 733 651 815 -567 -72]
[-1073 315 -63 1533 176 -2 -593 660 782 488 -459 -1295 1123 549 1230 -306 454 -249 -594 235 282 -613 -414 -811 -285 509 -939 820 -47 -313 275 -160 -567 697 -406 -908 444 1245 83 349 31 -1028 150 145 -364 1020 -156 -139 1083 111 808 -914 542 -1645 571 -495 755 -1210 -133 827 -1049 -616 -5 -413 671 383 -854 409 552 1187 505 -355 -24 -496 54 69 -8 -636 826 356 1231 534 976 -847 792 967 -90 -1128 -280 1121 178 -186 -233 630 176 438 241 625 378 2 -409 -232 40 -75 -1037 -177 -597 202 -81 589 145 532 579 340 1064 387 621 -756 -1294 67 -469]
[1130 350 215 25 677 138 187 295 -1159 405 -170 -418 1024 867 446 475 -165 1070 732 -427 -584 -844 -1303 299 902 369 -280 -852 97 -210 51 -141 -764 14 86 724 172 -187 -634 1036 518 79 256 -31 -480 28 182 -755 -671 -527 2117 79 -335 -1 551 -1089 -375 1141 -939 376 148 -114 -100 1435 1447 385 -58 22 240 120 -956 -587 326 -422 742 562 720 -384 545 431 -594 -545 428 684 -169 -220 882 1663 -681 -654 221 1491 699 -65 404 682 712 -3 -79 1313 862 404 -781 539 -993 -287 699 -193 491 457 615 -236 -364 -440 1088 -244 -25 -62 222 -115 450]
[-356 819 -429 -1258 -144 -133 162 546 1020 204 543 1191 683 -1184 -176 20 -541 -1190 -571 -202 -678 -852 689 653 -1495 262 956 -813 -170 608 141 443 333 209 -428 441 491 462 151 -623 -238 700 -863 -534 13 1353 -901 -164 298 -13 -584 -444 936 381 -504 -163 -142 -488 -219 -349 -701 310 -264 -406 -564 838 -292 327 614 -306 -44 1045 -1319 310 -967 593 66 207 -451 -95 -122 1010 -336 -444 873 1378 -851 -668 1414 265 -1 218 711 244 837 516 448 804 509 -937 -1412 -510 204 291 253 505 -572 23 -228 164 -362 -289 228 1339 -895 695 113 -604 -7 -866 -142]
[447 154 289 -182 -357 723 1 288 -199 606 -563 785 365 -127 6 350 -887 -118 -198 -299 289 -366 -1034 593 576 1047 1069 -188 -147 -934 -701 560 61 752 -229 1167 213 -298 420 -330 -642 -8 -206 -362 -647 1129 -1929 -1219 -1370 486 -484 -340 -432 305 -266 -821 -193 1117 422 665 260 -472 245 97 1097 836 -891 141 611 1102 1202 -19 -826 -1231 -203 -81 1197 471 577 -807 234 565 1337 -515 158 605 32 229 -452 -937 -169 318 -518 884 306 -988 374 -448 1196 -1448 693 -453 43 -514 -723 779 722 -549 356 678 -16 -102 1009 89 832 66 373 247 -113 -358 -31]
[-928 1073 -757 69 -1 202 -554 231 54 318 129 -1049 -276 1008 276 -241 641 668 249 -42 -1698 -396 -528 -358 681 -1202 -516 -571 -102 1064 -86 -685 -1015 -458 530 519 928 85 -375 -410 1353 -317 -126 468 -11 100 70 1149 20 -306 1670 -54 -557 243 82 -136 264 268 -112 52 -64 372 914 -272 886 -757 477 82 247 -428 -546 -166 231 782 -440 476 -253 -435 535 -96 30 -388 -723 1693 -687 45 -957 447 -623 238 -214 697 -246 -881 1165 511 320 1178 -1116 1366 309 99 -401 872 -959 -867 313 -69 -383 -350 869 -389 655 -113 487 809 370 834 382 895 310]
[319 850 -921 -423 -1134 55 169 -980 -13 -677 795 305 -1714 908 -660 -205 454 -2 -23 -796 198 95 550 -455 295 -105 615 -140 595 -569 329 -433 335 495 -772 307 404 -1119 21 642 705 -1102 787 -529 171 117 166 -1392 205 444 -537 1305 -902 -540 1555 579 -142 -1665 770 78 934 939 21 -238 -230 -1542 -498 35 593 323 4 -559 1006 -6 487 559 -149 723 -171 415 1155 252 -771 -519 893 406 -545 -634 -62 247 -945 218 -124 -779 -304 673 180 176 -648 138 -74 -89 -332 67 -60 -488 405 516 4 122 -536 -65 516 -598 -288 -189 -574 -1888 -1333 406 955]
[1033 5 667 -199 -142 943 -112 655 -780 768 1208 17 412 280 -217 -11 -672 938 1182 -583 -327 1144 439 -586 1274 -741 -673 593 -437 -434 -129 -526 -8 -251 -318 -880 788 -301 -41 286 334 -757 -722 -561 686 -1799 -659 1100 -1155 -275 -16 650 -462 557 -840 -1426 -297 -66 -63 284 684 -192 403 -19 -265 143 380 530 -146 63 -296 265 98 22 -992 758 -467 876 -200 -867 -914 -775 -130 -492 -729 -722 -489 519 -176 -304 68 709 -872 -430 780 -733 -234 -1052 367 355 -33 831 -762 97 267 -544 -6 100 792 287 68 -1060 559 -373 -471 -518 -1026 -717 532 -73 -693]
[-1158 -158 502 647 -168 427 -205 738 631 553 -66 -417 -526 930 679 879 440 810 -298 553 718 -106 147 -176 -176 130 -849 342 -85 848 531 103 218 1182 400 107 149 200 -1024 -479 -1304 -313 -223 624 93 -718 -159 -115 768 -43 -450 242 -782 -691 128 25 404 -478 -184 616 439 -490 482 23 -1753 285 -719 806 214 1005 93 -178 -562 -260 48 215 -374 -77 505 -712 -45 -158 -309 242 -121 288 175 -1196 -1738 1750 -207 -177 -150 -959 286 -184 -317 -17 4 -734 608 659 558 567 -131 -839 129 423 -239 142 1186 489 -8 86 588 301 -323 536 -424 -62 -38]
[-1076 40 3 665 89 -897 -349 -372 -440 602 228 -1079 -702 849 196 -488 740 -256 -1360 490 775 -571 570 157 -439 -963 782 775 178 328 -305 -366 33 9 1384 1318 810 274 320 79 768 -1420 -664 -20 -899 1216 509 969 969 -322 -43 -96 -178 -501 1062 1069 15 -38 562 -250 326 907 -992 -144 -66 -989 -815 46 -225 710 897 57 227 -185 897 -1228 -626 -129 -480 738 267 448 -441 -849 187 -103 199 -952 -1485 1275 -503 -534 -818 -558 -970 -182 -858 547 -378 -164 -65 -64 -309 -397 -613 -173 952 294 -622 -738 -558 284 330 200 -10 -1113 645 259 -888 964 -257]
]
