5335.796379 2932.323448 1.028334138 64
[[130 269 628 855 -248 300 -678 1381 -4 200 -128 -521 324 -572 109 -523 -1068 825 48 258 867 -452 789 303 38 323 451 131 -218 -1090 1330 -284 34 672 117 364 105 -399 -21 152 636 -594 -182 46 -15 1028 -274 60 459 280 -166 -368 -4 232 575 176 -605 -491 947 187 142 -129 485 807 411 -131 10 -69 26 568 -77 -559 -186 -134 110 554 95 790 687 209 626 57 152 122 596 464 34 -185 275 685 -60 39 112 -539 -644 51 -55 461 787 -455 120 368 236 -679 -654 -483 214 926 393 -13 1110 -89 212 278 854 169 66 47 -481 416 -221]
[1035 -181 777 631 -806 -459 -310 -312 103 70 -127 1069 327 516 467 -546 -591 789 -348 290 211 691 470 -621 329 128 -340 459 -126 -739 1158 314 -139 -364 -999 91 -308 374 -1124 -901 543 -452 -723 -448 412 -704 -126 -382 607 650 -175 221 450 163 1379 208 -784 -587 213 -411 -76 269 749 665 182 -358 -984 576 1165 -540 -567 -485 113 126 1241 23 91 -82 -894 757 -17 -192 -421 -325 -273 368 -555 136 513 -73 -1044 199 157 705 -250 409 215 749 -404 -362 129 1011 640 43 225 682 -74 -397 -637 516 52 -409 744 -706 141 270 322 -39 614 778 388]
[41 167 -327 -908 953 -555 309 16 -432 262 -415 71 -378 -704 -666 893 354 -476 113 439 146 1 -652 -329 -79 304 1110 -765 -389 1187 -72 423 -209 -168 -1085 -561 -264 -38 1144 50 -807 -413 -270 298 19 -179 -307 139 186 -410 497 259 -1215 -70 -985 -950 101 282 277 -540 -367 -1096 589 -339 -540 80 203 -688 -1318 308 22 600 -766 0 -313 -600 -865 -369 695 -1419 410 457 580 625 426 -68 85 -696 -34 -336 229 350 660 -42 -106 215 830 551 1141 660 926 -467 561 501 813 -146 -516 301 665 208 -133 -776 -893 -801 123 677 210 454 -129 -585 291]
[-30 -276 -894 -520 1138 -912 518 -476 -366 749 -464 662 -866 -715 -635 321 447 -1121 501 385 -503 208 -819 -720 -164 506 363 538 -1446 932 199 -36 242 602 794 -339 668 344 196 50 -320 521 -1085 -347 648 -611 -348 219 -386 -1254 450 1108 -749 90 -832 -558 870 -925 336 -200 598 -301 786 -288 300 267 181 -1230 -588 299 157 -185 -401 371 -160 -441 -623 -1057 -32 -580 -186 702 397 521 -132 -152 582 -538 -669 -978 568 -5 22 -172 1402 -222 -104 -875 65 1137 204 -833 69 -359 -158 39 -239 106 138 222 -735 -558 238 -616 -241 -314 736 107 -690 -205 203]
[-36 -94 566 604 -488 704 834 1094 -433 -351 631 -753 902 530 -534 -518 729 801 191 -428 15 -186 61 1695 -38 -272 60 240 462 -2077 247 -899 332 -469 295 -4 -476 -44 -469 634 499 157 458 -283 292 819 544 182 139 -95 -758 -1005 550 -604 -978 -213 -389 938 -762 514 -402 139 -572 203 -119 -575 854 480 79 -431 -74 -254 1008 -105 -153 -30 402 1305 -11 452 -60 -50 411 678 -250 749 -4 -47 -112 494 52 156 446 -752 -696 279 -444 -388 177 -35 198 23 -303 -716 -1061 -1022 -287 -199 656 -80 106 1614 -1335 488 47 -559 -1006 211 447 -404 1065]
[229 120 433 53 332 -746 718 677 -445 -83 145 -591 -129 -720 -461 -150 960 141 87 830 261 -644 -663 252 634 804 696 138 -409 -626 9 -618 605 653 -729 -683 -156 147 724 240 162 -104 -31 232 763 64 -321 -544 23 -260 -521 -362 -662 490 -850 -817 -445 590 -54 -792 -254 -202 937 682 679 217 916 -1065 -383 394 385 785 204 78 -1445 -1313 767 737 59 -761 1653 -74 484 897 179 179 658 -3 -173 369 292 353 907 -537 141 1456 446 -117 602 607 855 93 -401 -659 -484 13 -598 -31 952 951 488 221 -229 394 650 -514 -1005 705 -1243 -658 801]
[-166 32 924 -6 -567 12 -955 -69 728 351 -315 -780 -80 400 1175 -330 75 -408 196 221 -134 -449 38 -332 86 -129 -708 254 328 -34 -222 479 -152 384 67 665 876 -383 -626 -256 380 139 38 134 -275 495 722 -416 -383 -274 883 -830 414 -70 210 616 -428 -314 266 680 -184 1443 363 -289 728 319 -1074 584 340 1763 304 -95 -731 -188 794 643 176 702 237 538 -395 -1209 -1342 -871 725 34 185 -375 -415 535 629 101 -599 341 -714 -667 -18 -131 -598 -1321 -1002 -500 99 -27 -485 -56 110 88 -1725 -578 322 98 434 610 -372 -207 1634 -529 819 459 -576]
[-138 -151 -139 470 731 -650 -737 -114 48 782 -73 1068 -281 82 25 -530 -666 -94 -728 296 913 12 435 -1055 -453 716 1333 186 -371 377 1746 40 -574 328 47 310 265 -324 862 -138 -945 222 -576 -455 1254 311 -489 224 477 232 -516 1345 -454 357 813 105 369 -583 823 -1354 -24 -561 773 1198 296 182 453 -901 795 4 118 -416 -4 23 -635 892 234 -398 -150 -457 920 791 -139 -301 296 -178 764 -151 452 -473 -375 -772 -109 74 287 411 114 329 156 77 71 867 -679 -945 262 741 554 1492 350 239 23 -2002 1680 19 666 -398 -1146 133 -1087 1203 67]
[-342 243 -515 186 340 699 1314 245 24 360 860 -522 -20 381 -468 -229 -129 -497 73 47 126 -260 -407 150 -1026 -241 588 -519 -654 -336 538 -648 1117 1181 827 -134 419 -86 186 830 426 627 -373 -611 -384 -85 -85 417 65 1 -1201 -171 -81 446 10 489 -52 254 -18 -824 160 -490 189 465 -161 -640 549 -98 128 -1135 -74 -542 879 -245 -438 187 -742 320 309 182 -100 -343 44 486 9 -80 441 90 1028 -791 92 111 276 -1081 877 799 -469 -1383 -78 601 -200 -546 -477 561 -480 -481 584 31 395 -170 435 1363 -1188 311 692 14 -1694 -337 -703 -294 455]
[-139 -72 1058 207 -161 283 -1391 -227 -325 -224 -308 414 -26 701 704 -664 -389 -171 -909 481 -69 43 400 287 -507 -68 -729 546 1012 6 -45 -350 -611 -634 15 1107 498 -396 -820 265 -289 853 -150 -603 1093 609 856 -227 -329 -193 1011 472 968 -919 -350 -745 309 -413 401 591 -72 1299 -220 -629 -1070 969 -123 634 -485 1765 705 -584 -1363 -598 695 409 131 -159 -161 128 -174 444 -513 290 129 616 66 3 -1085 373 172 -695 -149 115 -788 -869 -46 -288 -1336 -627 -945 1 -835 -336 -328 338 423 515 153 3 -100 -170 467 535 -1056 -408 849 -653 959 540 -273]
[-300 -248 -1096 568 -252 108 384 182 -261 -665 -363 725 121 -955 -305 -291 23 1062 1259 -409 533 187 678 234 1134 654 -1168 733 -220 -1178 741 -562 -165 -779 812 -1183 -261 551 56 -555 -213 -1194 -392 571 -331 413 -635 883 25 391 -620 -234 188 -91 -58 -532 215 -759 -368 280 394 -613 -1012 -40 557 -257 590 -516 319 -314 165 -385 971 -372 -926 -632 1110 372 255 667 -239 501 1111 371 -874 301 -349 167 -540 458 185 -96 424 -367 515 497 504 -862 -53 1040 811 -350 146 -364 -346 -206 455 -135 574 248 -716 -238 -292 -445 530 -419 -76 1062 -759 -467 756]
[-204 -83 -27 -280 -114 413 452 -163 -165 -414 242 -321 552 405 882 260 996 485 781 -622 135 -1058 497 1511 326 381 -377 651 870 -677 -16 -454 -838 -475 10 -416 -416 77 878 471 -1051 424 416 1479 -214 1021 99 -278 45 -778 -1009 -304 619 -18 -794 129 -21 905 -1444 -445 -717 212 -303 301 576 -231 526 -111 280 -73 541 -198 837 -873 -1730 -326 1118 1035 -223 117 1265 338 703 374 -292 414 640 191 -1333 628 873 -117 -915 -628 -344 492 -91 -372 -626 266 432 -103 -512 -1368 -888 283 -213 634 -174 -157 -18 -174 -693 221 -65 -334 -931 345 -166 -872 1136]
[1104 239 332 -643 -247 776 -533 -429 -255 -433 -206 -730 -194 -679 393 577 -758 434 -605 9 -492 -475 50 206 375 335 -702 -334 592 1036 -1597 -186 -107 599 -729 -378 -614 -279 1627 492 -33 -151 1479 585 -616 220 -681 -1357 -468 -642 -589 624 386 160 274 -101 456 184 216 545 219 -121 700 307 121 -329 -275 -250 -1589 -537 231 307 -267 554 -454 -961 89 -650 451 -231 1277 762 784 -41 -367 395 263 -306 -1040 932 861 124 -394 -768 482 -560 422 418 605 851 409 638 -539 -198 -433 154 -328 -117 1353 1043 1276 -541 678 469 589 408 -236 208 -790 -412 -1042]
[-973 -213 -154 917 -311 944 -835 -462 553 128 164 -352 388 -40 -134 -275 -814 351 -78 -14 768 -857 599 -441 392 73 199 -836 941 -51 416 169 -404 271 500 -308 371 -594 1185 -622 -278 -295 1525 95 -435 1414 -119 -70 -739 609 -355 -860 144 -526 -572 -649 875 250 490 407 130 -225 147 219 435 -302 1100 466 307 1324 586 -456 -324 -383 -227 1056 932 269 763 232 259 -310 -1085 -232 -152 -413 63 -774 -366 1060 969 -619 -90 -694 -214 309 480 -65 156 -354 117 -281 -759 -780 -327 53 1074 682 782 -713 123 -1735 734 1136 1172 -1526 -753 616 -530 886 -1231]
[822 14 -734 299 780 756 275 -331 -982 -766 -260 502 1978 -884 -646 454 -537 404 -41 183 421 -426 528 1139 298 237 248 -501 485 -817 88 -354 -626 -1171 -819 -68 -1595 139 -70 698 639 -114 -349 80 -1270 396 89 -316 87 -31 214 189 147 -171 -1106 -1101 635 602 -65 -31 433 -1366 -804 -825 -759 556 523 979 -1424 -191 187 -204 -1043 -579 457 -1076 -901 -708 284 -255 -68 1714 1571 2111 -437 201 -1526 -348 -591 476 562 71 317 -208 -227 -862 113 868 551 1361 1274 -220 509 379 -234 -314 -168 2 1987 387 -490 185 -1478 -316 -74 -222 46 219 -18 -1135 -91]
[-928 24 -523 233 -344 201 1053 85 -255 -605 -258 -456 554 -1005 -36 100 765 -359 -788 -151 191 -410 179 564 565 -339 77 298 616 -278 -1463 -704 -107 139 683 1364 -471 244 -1015 954 116 1231 385 -304 329 -494 1037 -567 57 -96 1270 -10 -669 -601 -829 -156 310 953 -204 286 324 -181 -994 -1375 120 931 338 147 -583 980 580 549 -176 1019 -172 -510 535 -380 217 262 -612 1057 277 950 -24 -991 -521 870 65 -124 0 -376 -318 71 -24 -1228 -862 260 416 -291 419 -1031 -952 -293 -9 152 -324 -413 347 -712 -280 59 400 1152 -1106 -850 -267 -303 -571 -121 -622]
[-710 -255 251 -397 1449 260 -329 256 582 -3 -10 446 500 252 -574 -554 -164 -670 -72 83 -426 -23 -753 86 -406 -490 960 -582 -277 492 -126 339 381 -1230 -89 372 110 -643 -26 849 267 -233 172 -506 -1089 679 308 265 -56 254 529 -768 -352 530 -1089 -12 797 909 -406 -152 -830 -336 -610 266 -363 -636 695 -160 -935 -942 -375 793 -790 -57 -32 957 -1002 -206 1025 -1225 -840 -462 138 18 857 60 -73 -525 748 -407 616 -118 1433 1062 -605 -688 -26 -259 359 -498 -611 87 110 1179 216 -903 214 314 488 -537 -916 643 -1294 680 -664 -588 82 -51 478 17 -228]
[483 303 -1287 -398 1218 309 -167 -259 -284 917 237 -374 203 -166 -401 813 -259 -318 -11 -798 -556 -323 -108 63 -928 304 637 -403 -566 559 -121 579 21 467 1513 -651 -177 -284 1227 -666 -231 -280 526 236 -638 1155 -866 462 -713 -916 -557 1003 126 43 -47 268 2276 -591 633 449 1428 -1465 -455 322 -311 -398 260 -62 -691 -472 -494 -223 153 417 23 579 -1194 -830 -1021 -84 -115 1685 902 -72 -142 -223 153 -803 -678 -407 1047 56 -959 -417 516 -1817 -190 1068 1163 1235 -322 -267 95 -177 -463 -783 160 -273 524 -314 -725 -639 -80 -237 332 170 92 1063 -323 -700 -642]
[722 -199 219 75 -137 291 116 321 92 -632 -212 931 668 277 -290 -201 -95 834 -1030 474 -64 767 34 803 -98 20 34 164 -74 -1347 347 -768 500 -951 -39 306 -194 -303 -900 127 721 -410 -958 -1535 -563 40 -442 714 -301 417 -520 -355 534 136 148 -441 1023 -351 327 -421 -64 -426 -547 475 -152 -1251 -22 1254 -675 -406 220 -857 -461 -148 663 281 -597 -535 142 -104 -702 716 731 -236 -537 1494 -909 -345 471 -119 -96 -465 1236 178 -363 -1268 -86 274 1 -66 484 -52 -206 845 -76 -518 568 -477 1023 -20 -624 597 -866 -212 -250 -133 -1185 -99 -26 -442 25]
[-687 178 -378 -426 -110 83 1405 -50 -126 -984 82 598 341 -538 -12 656 779 1060 -134 108 -239 -309 -104 705 -57 -312 -1355 -331 -12 233 -2060 -754 83 -752 -715 -388 -557 692 761 690 -596 -192 492 539 -474 -1158 216 -277 85 210 -265 -61 -61 -68 -219 -721 -140 455 -682 -894 -1047 -160 -221 -79 -229 -668 -213 -242 -850 -1273 47 228 442 -143 -1434 -832 270 99 418 -1185 406 389 540 -133 124 697 -45 693 676 -392 -470 15 505 95 409 -257 135 -209 556 771 884 -375 182 1551 574 166 -447 -90 1613 433 134 202 -1376 -214 -85 654 -1850 431 -1225 -755 766]
[314 996 193 328 453 152 -521 105 -1133 470 286 -219 86 -154 -124 178 -96 718 -456 -154 -388 -570 678 1688 -823 -46 340 -71 -379 -202 -719 -1097 -156 927 846 -126 -86 -329 -493 -25 775 603 682 260 -106 297 -786 388 -913 -452 -253 395 1491 21 -537 86 857 -756 744 751 1662 626 -27 -205 -168 355 631 570 -31 673 290 -1185 -505 -424 144 254 -462 -10 -1132 -369 1357 1182 395 -504 -533 983 233 816 -1482 229 -183 -986 -628 -701 108 75 -838 1265 -317 620 -557 760 448 -1255 -358 549 291 801 1583 247 637 116 435 -560 637 112 -535 -112 -1381 -298 -1104]
[-458 831 638 -191 -942 -710 179 -26 125 521 129 270 -478 165 443 -682 1216 401 -1450 578 -224 188 -151 -227 -238 -431 509 175 359 -54 -251 -647 921 -29 -4 1239 233 88 -1249 104 366 439 -798 -1070 1258 -842 404 468 435 631 -106 73 744 242 495 1248 -3 483 613 -794 212 651 253 600 426 -763 -751 -178 544 -294 5 749 210 794 -211 653 150 507 -75 -305 -86 -457 -1038 -1208 811 58 267 956 701 -640 -546 -656 201 822 -543 -54 -360 451 599 -935 -260 559 -234 761 490 1179 -17 -487 -1014 -215 32 -338 1318 62 -166 -35 -497 472 -525 146 508]
[752 1446 849 -443 -2 -567 -639 -592 270 1048 -856 -410 -1443 -286 954 -795 -489 -287 83 1038 79 -35 -100 -590 -188 899 -957 -642 -755 544 -138 185 595 996 -8 -932 824 -833 -78 -701 195 -1179 -569 -607 -81 247 -1238 584 -942 71 361 -178 -107 782 1106 -449 -122 -1458 1213 -187 632 1284 667 765 224 -21 -671 -214 -1043 1814 803 -751 -241 -689 336 -20 -277 441 -37 332 904 -1352 163 -934 373 1429 606 67 -457 711 393 -354 1058 -914 186 68 945 -936 -645 19 -727 -219 6 939 69 -627 1108 118 -63 1156 293 727 251 -14 29 1000 535 -234 -517 -405 -553]
[430 104 853 495 -492 -582 324 -137 -210 689 68 299 239 255 -311 418 36 1116 -176 -450 164 -101 920 -159 -49 367 835 -758 -694 -452 719 1088 -787 -56 -551 -179 -665 -588 679 -888 -373 -720 362 -820 723 -628 247 41 347 49 809 -381 -363 -730 826 -755 -402 -707 616 -214 -1156 -160 460 306 491 36 -979 805 652 831 -539 -627 -394 521 1033 1156 219 1007 -526 24 111 -510 -1091 -1551 44 650 -20 -1023 1027 509 -826 5 192 289 -626 -1281 -45 1593 755 -1014 455 -225 796 -632 1134 -285 -414 841 -367 -203 -258 -1757 947 -841 136 -181 -707 -39 788 1112 -1047]
[-484 -436 881 451 512 -301 -475 1182 -118 236 680 -1006 87 -899 -447 -104 837 -1334 -577 1374 592 -1135 -1013 -434 -147 -104 54 201 579 -862 597 58 1314 829 337 539 491 -84 -887 -199 746 562 -748 -200 1135 1292 517 -621 82 -101 563 -256 80 434 -1578 92 352 291 364 -495 699 -320 -75 313 -173 786 918 -522 -316 1199 537 985 -993 -608 -909 -675 -175 721 589 -666 776 -221 -130 1721 1081 -1262 120 -67 -11 24 820 208 1257 -425 -250 1123 7 222 -708 -228 -246 -727 -622 -101 -1102 40 -247 -267 206 534 336 769 -483 903 302 -981 558 582 -410 -653 597]
[400 467 247 150 157 -810 365 -775 -218 1111 -136 587 466 424 461 -589 492 51 -855 979 -272 577 -820 -1241 -811 208 501 -598 -9 226 447 -117 -57 -486 -1644 398 990 -329 -535 134 -52 524 -691 -1537 -158 -309 682 -77 152 625 550 187 425 -624 190 -460 -77 -280 1259 -95 -92 403 307 -608 -1020 320 -940 456 -526 806 -814 588 -124 563 1802 455 -1656 198 -78 120 -1140 320 -1665 294 781 170 463 -739 440 -830 206 128 387 527 -1278 -1026 1058 -145 975 349 -211 -635 -168 1783 552 -337 16 -15 -753 -316 -551 -398 -970 -318 392 53 645 673 568 119 1185]
[910 1221 677 -1495 424 -430 426 454 -225 292 -534 -539 -605 291 548 -651 449 498 692 902 -141 455 -38 363 324 349 1463 -293 -912 -382 601 -670 1163 723 -830 -615 168 -277 308 -369 654 -1009 -852 397 -112 53 -337 338 722 -989 -486 -1554 -202 1051 147 1058 -720 188 76 -723 -776 -319 1312 766 1536 -610 -985 -298 15 124 -56 777 -446 251 -591 -858 -983 896 -138 -878 908 -572 129 -846 1163 1085 495 -270 779 -97 300 1263 708 -132 -814 1220 765 424 1068 -77 -266 685 722 326 81 203 -875 -480 -997 554 1066 330 -172 -840 591 562 868 -289 42 -618 469]
[-184 -819 700 -349 -212 -254 -64 24 515 129 125 872 197 1162 -597 524 2137 -470 -313 -203 -242 716 -580 -135 -337 -520 349 739 182 20 -298 46 -244 -1119 -887 525 128 74 -1013 6 -486 -170 -443 -54 319 -912 721 696 -199 12 -446 -227 -155 -344 -1162 322 -670 -127 -650 -283 -801 482 529 -257 1057 -1818 -760 -192 1067 -834 209 98 286 -61 1152 591 303 298 475 -885 -1021 -1190 -442 -1371 -169 843 -620 132 -312 -1057 -182 -343 486 607 -32 228 -49 70 489 -605 526 609 1059 73 449 378 -556 -442 -1249 -125 -222 742 -686 -1060 -79 -238 19 182 330 686 1474]
[186 1211 448 439 -355 -622 -89 845 -1291 563 981 -173 -304 -415 38 529 -210 996 -519 234 270 -1172 511 1049 -1027 116 734 -384 -544 -499 199 403 310 869 -1063 -25 -362 381 -180 354 981 -309 -491 306 900 -656 -752 407 479 912 -358 380 79 397 1286 -1309 -58 -338 1062 -282 485 140 379 1047 -921 474 -69 -268 251 -360 -700 373 -73 -79 -795 216 506 805 -1193 -582 1934 -353 160 493 428 324 303 1270 210 163 -925 287 -359 -10 -209 188 -405 977 1048 8 -121 1250 -49 290 471 -29 552 58 699 483 820 1056 642 -630 17 627 -1124 764 -572 -504 30]
[664 -29 187 50 -481 477 -457 -1478 262 -434 498 187 724 1138 -484 94 226 443 -448 385 240 537 -7 -369 203 510 -906 -1036 1423 -554 -717 -174 -117 -722 -1357 30 -652 255 600 -948 134 -1106 310 -303 326 -810 152 -79 -603 321 -1133 -90 414 -267 -307 -546 -655 400 40 -1348 -608 -182 -62 233 -43 24 -112 1401 340 -144 699 82 192 -1342 366 -531 417 -902 -999 154 591 -920 -155 81 -255 864 -1529 -330 99 1051 -448 -252 -193 -505 818 429 570 -330 -430 693 948 260 349 1013 -7 224 -445 -1063 225 1719 394 176 364 -175 242 -95 -674 -815 652 -827 194]
[-182 -860 465 -713 488 70 -510 1251 -1335 -393 94 -1028 -971 277 -702 462 926 -1110 652 481 -898 -362 -716 585 -1022 36 984 1037 -632 674 1161 -105 476 183 356 347 336 -398 194 1535 845 1408 -1103 -13 1235 488 718 752 255 -1359 -56 491 -106 -255 -855 -221 -944 4 -203 1306 86 471 993 -578 -577 700 311 -1422 -406 -97 22 417 -952 306 -710 -711 276 72 205 -396 -679 -605 599 700 132 121 1210 -250 -818 -225 780 429 -810 163 11 416 -662 -1416 -136 450 -490 -176 -289 -812 -523 101 -525 28 -481 -164 34 1684 -317 -557 -780 109 1279 -356 606 -358 869]
[-180 546 611 315 750 -141 -1177 -154 -30 -52 -429 -707 384 146 421 -1194 185 169 -786 1249 620 402 -433 -594 -397 -338 -77 -916 731 -230 212 -1163 457 -667 -827 648 -381 -327 -321 340 1051 152 293 -884 376 274 328 439 331 674 -116 247 201 308 -97 1307 -577 648 459 -886 116 293 -355 -59 -23 1179 408 804 -170 35 378 458 454 -631 81 -587 -742 242 -273 -259 583 -308 -440 -149 1148 -49 -307 124 561 211 -595 16 436 612 -578 884 84 631 -514 326 -540 269 217 1734 82 198 -254 219 711 612 324 864 303 398 503 484 -745 -431 -765 -641 255]
[-520 304 -256 106 -652 -1036 426 -507 1148 99 -427 -68 -319 -1237 -101 977 -609 -299 -305 429 338 -113 -551 -770 171 -291 -54 -413 -769 1435 14 827 -161 781 -431 583 -663 532 -273 655 -226 -139 -209 123 265 -2131 -386 -470 537 556 781 1044 -1221 249 259 796 -491 64 159 -678 107 -72 862 503 477 499 -45 -368 -571 -869 -345 154 -398 67 671 -174 -455 -562 569 -455 763 -375 -765 161 369 -1300 -272 740 250 -684 -1319 52 401 1114 1024 365 -705 1111 288 -640 930 504 984 667 855 547 -345 -46 483 -44 316 -519 686 -91 -502 1112 16 -143 -402 405 -589]
[-102 -504 -202 1353 -279 -703 -614 351 560 185 190 252 1463 391 -532 41 264 -527 -1295 593 331 -33 -168 -702 -498 -266 150 1238 -316 -698 903 126 48 182 1274 1086 61 669 -754 -26 226 467 -681 -383 1324 -777 1133 -216 -220 580 -532 1548 -271 -19 653 221 152 -826 711 -207 943 183 -266 260 946 1471 29 304 1085 -40 257 -447 107 92 1060 470 994 -141 -1107 371 -128 456 -589 524 -112 -691 -753 282 330 -871 -610 181 -328 437 1039 -1099 -1289 1261 478 -329 344 990 337 -644 26 -305 152 -123 277 -470 -560 421 1032 942 28 -934 -341 29 -437 840 142]
[1031 212 -476 -684 -230 961 939 -541 -167 -294 -342 774 -528 752 305 131 -1836 -62 885 140 -89 398 79 -80 -194 -531 -447 -1498 237 620 537 172 -16 -437 -1253 -1022 -678 378 -344 -254 323 891 -469 211 -788 131 -315 -301 579 37 -200 -436 41 -514 290 -965 -242 1338 -428 12 59 -486 1023 -576 -1810 -1105 -299 699 -51 -646 -479 -1056 -108 -136 705 -869 -1619 -1183 171 409 -855 157 580 1404 -876 94 -634 -13 553 -82 -93 620 -642 -549 78 1807 886 -493 -200 1336 632 -46 47 1530 393 429 214 -1324 85 -208 17 349 -1465 -794 -482 1150 797 -305 1336 -272 165]
[-115 447 550 102 -249 1050 -754 926 345 -715 48 -802 49 742 1005 -201 -954 -78 -361 -171 94 -569 722 159 -250 326 -1539 -227 1153 222 -1528 -425 -318 604 1122 -692 549 -507 1462 -150 -854 -556 1249 897 -427 1275 1016 -599 -412 609 150 -111 1229 -594 1188 -235 -85 353 331 -128 315 590 -977 -480 -1052 1052 65 -168 -242 1506 680 513 83 -69 -823 -14 592 726 322 817 -8 494 263 118 -156 -52 66 616 126 729 510 -254 -506 -943 -144 -516 593 -493 -50 -21 -881 -89 -833 307 111 -144 634 -340 169 -520 506 -96 -852 1200 150 346 493 322 -209 -411 -606]
[608 266 244 -6 -1182 56 -124 853 332 168 -276 -151 -1181 -1339 -1017 775 -651 -59 -754 359 72 375 -578 146 227 810 -358 -61 -125 899 146 -344 76 1175 -219 -531 189 -464 567 428 -469 -881 -1053 -1039 521 -630 -824 435 -218 231 -242 855 521 -675 -123 -701 -332 -950 1610 962 672 -202 -345 23 -859 452 1097 -620 -1831 631 467 -265 -555 517 253 -321 235 -885 1733 327 522 -73 776 521 -673 782 -476 -228 -662 999 -195 -820 397 -1051 1223 -363 92 -655 712 283 1621 193 479 -688 164 -1053 184 48 921 463 985 -515 312 -590 163 1037 1024 -312 -53 -900 -705]
[-960 -391 380 -709 606 803 -166 -101 -496 158 -391 168 581 242 -323 -260 319 -501 151 456 -295 428 -440 99 -566 -768 -242 -233 281 129 -697 315 898 -833 -469 -172 -106 268 790 630 -71 -937 1664 -350 641 492 706 52 96 -734 150 -25 -1217 -1039 -808 -1181 1023 426 -70 801 -1313 -805 467 321 -481 -599 933 -339 -1026 -555 -79 620 -77 959 178 -244 80 -497 -682 -1003 67 -476 266 612 993 456 120 -659 451 -170 455 1028 619 -155 -149 -920 616 -260 946 132 -637 648 64 311 -359 -1500 -728 -1093 1207 -74 -475 233 -722 139 -929 -566 145 712 828 -97 799]
[-1287 574 485 151 -555 377 195 -94 -582 369 -443 -380 59 -432 -18 -14 -163 -497 -278 1042 131 -27 692 -223 -299 -692 -866 -1336 574 138 -1158 -547 393 849 820 211 1519 -901 -92 -392 82 58 907 -829 -54 750 540 813 -528 368 1027 -1014 -359 -563 -415 -1215 -623 -103 746 505 -231 653 179 -640 -820 -168 -363 459 -195 2379 1105 -1022 -526 -129 807 1409 -397 -393 555 -180 -723 -815 -707 -233 669 238 56 -418 1117 707 143 -850 45 -1877 -456 -426 460 -824 32 -587 54 -1124 18 171 456 -491 389 450 1154 -648 398 -694 -997 99 532 24 -153 -730 -486 592 -220]
[230 156 444 -1279 654 752 -1086 -367 -575 515 22 -337 -1397 -455 158 681 -813 -147 -433 -613 -751 493 -68 -405 -999 -186 -1209 -662 77 2066 -1578 567 -352 -57 -1334 -50 -519 -1014 -279 526 -454 -142 1127 7 -487 31 -427 59 -246 -209 903 1119 544 -541 210 237 614 -835 1251 1878 561 616 -477 -460 -1419 -234 312 -419 -1521 -112 -203 131 -159 320 644 -91 -939 -1040 -39 -143 149 -169 686 -341 149 686 647 599 -1073 312 106 -189 -437 7 357 -1336 238 24 -407 769 -696 140 28 684 634 -611 -44 -204 -136 617 294 560 180 -446 -889 1379 1327 -323 125 -868 -889]
[978 201 -1342 -705 1068 10 1071 -175 -163 -58 -51 -341 23 -148 -599 407 44 -635 117 257 1116 -250 -472 -465 -275 290 -438 -531 261 423 -421 -539 -546 95 -373 -1080 -1206 267 897 -1 -1485 826 -505 705 497 -81 292 -776 464 -432 -109 1257 -1003 -234 -350 233 77 225 -155 -1597 65 -896 -83 -389 151 329 230 -1124 -140 -624 778 0 614 -470 -1008 -1680 -760 37 946 -50 501 1415 1215 1656 148 -906 -87 176 -82 -949 205 549 42 -1314 1219 963 173 -416 -50 2163 683 -902 -425 497 -96 264 -221 147 301 882 166 147 -1078 -41 810 195 -813 -710 -901 -628 747]
[-407 274 -1165 -505 -421 474 1013 -554 486 -949 259 -247 1119 65 -515 1190 1369 675 450 158 384 -570 422 1817 -250 -1334 -760 -503 1189 -409 -859 51 -413 -1031 1710 -796 -598 731 176 -1145 -940 -160 313 1078 -891 449 -174 602 -432 -59 -598 -250 124 -892 -1282 185 1105 -9 -886 -211 135 -924 -1594 -387 -361 -185 343 873 -492 -768 507 -216 903 -1122 -707 -518 -109 325 -377 63 92 538 479 828 39 -196 -1327 1272 -711 -113 335 517 -30 -885 -531 -594 -1004 355 265 485 1096 -764 701 912 71 -187 -861 -477 548 -102 -500 739 -1585 -742 -46 481 -228 293 409 -1735 678]
[38 -428 -924 -99 -165 118 -188 359 664 612 191 699 50 677 -764 531 738 487 801 -317 -337 284 -384 337 -272 -348 -356 294 17 -208 171 -122 126 -831 -74 -22 516 254 160 615 -674 34 -230 387 -830 72 -462 643 -499 -292 -1049 62 629 88 53 488 465 -1038 -595 344 -577 123 -1089 116 1025 -967 -390 128 151 -1601 -285 -382 750 -378 -160 1143 16 574 340 -140 -555 -623 -30 -1192 -77 1182 -353 -881 -593 -25 307 -180 82 -843 113 -403 41 -1068 29 49 25 -344 553 81 -398 -841 687 1166 -946 110 -94 398 -194 -825 847 -141 -666 -525 166 -88 643]
[-33 290 -1097 -404 -79 379 635 172 -384 -109 -281 -423 -494 -97 -170 -13 961 -367 658 -350 243 19 40 917 -364 525 166 1012 173 -805 -65 -1154 -110 594 4 -583 -374 -322 402 1122 -271 177 -303 632 760 133 -35 508 -66 -579 -935 575 334 146 -337 525 316 -551 -525 553 407 -213 -6 415 1311 -511 297 -1708 531 -231 524 236 300 395 -673 -1166 755 770 930 114 -275 714 399 -48 -455 110 832 486 -1851 -294 832 -411 -683 -415 681 410 107 -1493 347 956 -366 824 -863 -1057 -1360 -82 613 -330 264 492 1001 714 -69 -549 1097 -651 -71 151 -1182 641 1317]
[700 76 364 -251 971 681 -404 648 502 656 -30 -989 -292 -350 -358 -856 -994 -856 -224 -481 41 -116 344 -854 -645 412 1140 -85 -875 1023 599 474 1196 948 981 370 -119 -978 -303 1321 386 -270 -353 -384 -1110 916 -427 192 -269 -557 -150 80 -534 36 303 960 242 -919 1681 1467 945 -205 449 332 -46 -864 -259 -1028 -1692 -56 -283 -431 -589 182 1060 233 -1146 313 1081 -17 -151 -408 313 78 433 211 827 -112 89 -334 1004 264 1132 -543 -206 -711 82 -113 1078 216 -759 838 109 190 -387 -769 -176 71 -160 247 97 1310 -277 1094 46 466 1528 550 -291 401 -529]
[-1349 -31 -323 -1315 311 245 -92 -65 -17 -364 -493 521 -478 787 424 -245 776 -1212 336 -375 -285 301 -508 1285 -281 -419 362 686 306 585 -756 -311 -334 -543 1082 52 262 -113 169 1371 -1801 138 -407 140 -45 89 359 827 -837 -48 -518 655 899 288 -157 649 843 1155 -1004 -765 -92 880 -241 7 -298 -383 1037 108 -786 677 1718 -129 13 -509 -1301 -102 511 848 726 -706 -582 -743 389 -724 -540 1096 894 687 -1283 -414 105 -817 808 176 64 516 152 -1911 -1496 -294 -644 -36 -944 -53 68 121 1184 754 234 -633 -937 17 -754 416 -802 555 -654 330 -17 -431 661]
[-425 367 154 -685 791 276 -318 -229 -329 -661 477 1107 112 -432 -479 -8 319 -372 -492 204 -447 -559 514 479 -16 -364 1039 663 -450 674 -218 52 532 -46 267 121 159 645 -429 -849 666 -14 -1266 481 -524 14 238 -417 -483 -797 378 -468 491 798 -1250 -801 1182 -747 389 -225 591 -549 -4 -301 -73 142 -73 -402 -786 604 -49 41 -2486 -1074 -950 -555 160 -918 558 -1391 411 308 223 468 175 385 -627 109 -541 -57 1109 -77 -168 381 83 -416 -214 654 267 -620 -258 243 1106 -22 346 655 -54 234 267 5 -36 -516 226 -308 -527 -866 1539 -185 240 -500 -670]
[-367 358 341 -392 28 -926 117 99 -551 -560 -244 1251 -340 -393 -340 -446 603 925 850 158 -74 255 502 70 253 -623 -671 807 -327 -124 -24 508 379 -1529 -310 -716 -803 1607 -624 -1064 -402 -1333 -373 1463 571 -122 -520 258 419 -217 74 219 -114 61 -552 -743 85 -761 -729 -227 117 -320 -55 295 -307 -861 -843 -1199 -46 -829 -764 762 65 -196 -781 -633 485 781 -820 -1051 604 -330 514 68 433 855 -25 512 -1733 -121 -339 796 1043 474 -440 693 884 218 686 636 -10 1192 1562 669 222 280 -843 -282 710 1173 -456 185 -184 -1018 -58 618 754 1629 290 65 1635]
[-1851 -504 -489 150 -193 -21 106 222 -275 -163 165 -201 -1780 -887 80 276 805 -740 151 -1043 757 -65 -75 -972 853 107 -974 -134 1050 901 -1039 -13 -216 598 208 3 859 -659 -655 529 -354 142 424 752 657 -232 -55 602 -8 1368 96 -71 -410 37 157 115 -330 260 -351 170 248 641 -2041 -674 246 1168 605 -1158 731 78 598 1207 2066 99 -1242 150 1448 -65 709 760 394 -1003 173 335 -364 -1602 620 1294 42 267 -723 -432 -534 -234 849 966 -374 -1110 -295 159 248 -218 -1571 259 913 -231 544 40 -881 -152 34 774 1125 432 -19 -108 191 107 -860 -103 -92]
[-84 -221 4 924 -76 -527 -258 -133 -317 435 -1215 -438 792 -2026 -610 -50 590 27 63 585 843 -767 762 -178 2151 379 837 279 -173 -67 -258 156 -359 615 435 -232 83 -400 -354 185 1033 -398 -325 -109 -786 -329 -163 262 -395 394 1282 -590 -1220 -52 -829 -320 -396 -175 1150 1189 853 237 725 -546 1386 488 189 -351 -613 1551 898 177 -192 584 655 -112 816 -48 1834 544 -14 -620 471 783 54 -746 -563 119 -160 265 491 1 491 -229 -598 -403 -805 290 1237 10 1232 -265 569 -1141 381 -325 -376 1187 707 -722 -337 -386 637 -25 630 -1019 1168 712 -1890 196 -1015]
[958 -227 832 -423 -800 -287 -807 104 483 -43 -213 586 -484 -502 759 780 626 1610 118 925 -634 -983 382 -228 384 -38 -1096 -570 239 34 -175 627 311 -939 -1428 -611 -451 -222 506 -1033 180 -140 641 687 -409 331 -988 -535 75 17 275 -1056 1390 -242 -410 180 156 -333 -81 623 -476 182 453 213 286 -840 -1180 261 -564 -399 -439 154 -746 -27 -658 -433 -440 742 272 -1050 209 -24 -156 -1314 -189 927 -109 -272 -200 203 864 51 846 753 -1067 594 1053 1525 373 -34 486 169 176 839 240 1014 -373 61 -243 1236 503 -649 469 -1211 316 383 245 1962 -635 -185 -90]
[569 94 504 142 355 -642 142 -484 -252 -785 234 775 592 1405 686 -845 882 519 202 490 -629 135 -6 -141 58 339 -614 474 652 -322 -392 272 -458 -1580 -1216 -11 -382 -768 76 -995 -543 771 537 168 897 382 820 -1351 -189 205 1135 123 602 -3 859 -164 -870 -81 -1018 -854 -1476 888 -894 43 -426 1812 -859 -92 900 386 -245 859 70 56 -405 -700 335 526 -1802 389 -443 -134 -290 -473 526 140 -456 254 184 347 -270 -131 -1189 1234 -1821 -544 147 387 -858 -637 -904 -380 -510 442 34 281 -673 218 -1278 941 -477 -405 -63 62 -594 42 351 -497 1568 589 811]
[-29 -323 -25 400 790 548 -1072 438 562 758 596 -835 -527 814 -258 -128 -1467 90 791 -232 924 11 431 -318 -407 665 693 -66 107 -31 2017 802 -37 100 -132 -350 509 -521 224 -842 -421 -1284 -237 206 -53 744 -579 614 197 -320 280 -674 -753 -978 -94 -1073 -28 -515 480 341 -59 -755 699 627 -820 -905 884 -360 -244 868 -597 -162 -477 -900 406 1091 -718 104 435 294 -321 -191 -34 843 792 -217 -396 -928 -517 -101 556 724 532 -546 -206 23 519 -343 111 -247 -298 -932 -224 -223 -511 -231 784 -226 -728 -408 -216 296 -1015 -263 232 356 946 -29 951 72 184]
[-564 -492 462 451 -1140 205 38 1573 -128 -515 508 -906 -453 -399 -621 -127 700 709 2 -299 -254 372 41 622 275 -649 -277 1100 -305 -963 455 -119 657 222 1479 -29 507 -237 -350 151 428 -167 -914 -708 940 827 408 931 -525 -386 540 -868 684 -579 -1327 -397 80 -471 407 1977 65 744 -500 495 -413 -505 0 -105 -1016 873 229 -1235 -301 -669 37 526 25 754 1539 291 -1188 -334 -564 -52 -583 284 -62 -1364 -421 668 696 -221 617 -529 -1053 -522 -1076 -661 -200 -1632 -119 -746 168 -1256 -986 -1100 -99 540 747 -606 -57 541 -804 193 131 -311 677 166 727 422 674]
[820 -454 -512 54 -688 -1683 124 83 -126 235 -359 634 -677 667 -800 -195 692 785 69 702 -743 625 -740 -745 704 1779 1113 509 -261 -508 1589 -394 681 210 -468 -519 577 -578 480 -1323 -276 -989 -702 -225 1279 142 -1913 721 -306 -166 -1505 -221 -229 -254 -439 -528 -245 -767 262 -361 161 -548 1548 1169 280 -1135 280 -603 583 -248 -237 550 245 633 -48 179 345 -808 -1394 384 212 259 201 -251 -424 561 712 -1107 -445 -384 -183 -232 264 280 -244 1024 1116 -77 804 1145 781 346 -803 -720 -715 169 -94 -570 -123 1005 -449 -1494 524 -320 934 -385 -139 1121 2 723 1121]
[692 -921 -180 -587 -114 -663 -253 -1702 425 -529 -176 397 -258 1176 591 10 -1044 -1120 756 220 -29 -107 75 -1098 -250 -421 -685 -134 -935 500 721 1102 -265 -50 -412 -1502 281 1224 979 -503 391 748 -279 301 -397 -1105 -86 -652 -503 -19 -846 856 -572 801 1055 -215 -517 292 -403 -426 90 275 1436 670 -200 262 -488 114 1475 -850 -573 -1140 -81 -766 -46 -594 236 -903 -993 501 79 -1010 -567 551 -1030 -537 952 -442 336 48 -119 589 -696 67 1433 1367 89 -948 -1943 1009 -191 734 296 474 515 294 102 -184 -137 -8 -592 -4 108 -177 227 -210 -369 -978 -167 566 -31]
[-315 -504 -637 -82 -937 742 -656 182 -495 -581 442 166 777 152 -1120 509 -565 832 -522 68 -450 862 -72 -410 -357 -386 -1377 -45 539 -193 -284 -487 -208 -298 -6 651 -94 -41 470 457 -335 664 226 -919 -272 -38 582 406 -67 228 -427 1477 973 -719 1280 962 288 -288 672 693 227 94 335 137 -664 -274 -299 817 -56 -1205 68 -629 -439 -48 -17 96 -343 -99 1152 -71 -1127 34 -429 -985 118 90 -225 -367 884 -33 -435 -430 -1024 -175 -258 -658 -18 -286 -146 47 -181 -139 -252 539 263 -21 297 519 742 170 143 -513 528 2 536 395 -266 -465 169 792 46]
[-66 -532 826 -208 -895 -1014 758 224 761 309 -49 -349 -974 -270 13 418 379 -175 137 -225 -761 -131 -1243 -318 222 -317 -712 258 -818 237 -1229 642 -17 623 -555 -101 635 1206 -165 -137 -71 201 602 -487 216 -1348 -503 -1282 -289 -478 42 176 -937 6 66 183 -955 434 -338 -475 -120 711 1922 647 374 -1636 -585 -4 -792 -682 -502 -99 1315 818 100 74 192 -699 422 433 -551 -1171 -239 -394 -5 561 773 -133 339 -287 -646 460 389 -517 1015 110 -401 -962 -144 96 589 -1037 -241 1276 -159 -991 -259 123 -171 279 98 283 -210 145 -645 795 -540 -372 -299 -357 178]
[231 -746 -753 -649 -230 651 780 -741 702 -1249 501 35 -265 832 -276 1344 -806 -414 -570 368 478 -900 -571 -739 -1107 -349 321 -1567 717 2045 -592 346 -742 719 -1216 -348 -152 -47 1719 627 -1591 1611 544 682 -890 -183 48 -1316 -397 492 -831 1096 -457 -219 136 -561 229 676 -593 -1319 -500 -695 690 -518 -798 434 718 -193 -598 -701 -92 494 -1003 -536 -898 -847 -428 -575 419 -508 709 246 -779 812 -319 -775 351 290 -156 -643 132 -230 -703 -634 332 1048 401 -532 -15 773 931 -461 -956 1150 542 1237 445 -122 627 113 836 -594 -362 340 656 373 -1391 -275 87 90 5]
[-206 691 -841 222 -190 -281 -397 318 687 85 -74 -209 -259 357 -588 12 -489 844 363 -918 153 1203 720 247 -9 -673 651 -363 390 -75 -756 -430 -351 616 354 -146 40 230 217 -646 -113 -1214 644 88 197 -390 -1261 1273 -606 599 129 154 -879 -434 738 -27 502 -520 697 460 254 -150 -50 777 53 -926 100 758 466 -271 34 -417 1147 59 1105 758 14 -775 -96 493 -392 -367 -293 -796 -608 -247 -1364 634 387 363 -906 107 -989 -356 -422 -634 -1117 177 1038 -688 -633 632 382 306 83 -1263 -18 160 113 -693 793 -110 1103 -553 793 594 -212 -888 -306 544 -531]
[480 623 219 -1007 16 -495 -190 -519 -44 571 84 -72 -709 1879 893 -325 -9 34 -137 272 -83 -155 -699 -1227 -1035 298 -542 -939 659 1122 -529 938 -641 -552 -483 -752 546 359 1128 -1045 -1195 51 -711 495 36 665 741 580 -170 71 -107 -17 319 -261 1041 25 -542 266 130 -566 -131 512 -49 -370 -1327 126 -1664 791 253 368 91 -93 -220 -453 -351 819 -815 812 -412 -141 -336 -681 -464 -968 553 288 441 -1031 677 -46 -226 137 173 -207 -835 229 943 -268 -103 53 -627 -880 28 1670 953 378 615 288 -967 344 -415 -134 -207 -293 135 1402 564 -670 1280 323 133]
[-809 -1123 -98 -757 1670 -684 287 -67 -26 919 -226 924 4 862 -168 -1066 1335 -554 1188 406 -523 935 -1116 -1011 -710 724 283 426 -1104 656 762 -734 -60 -637 -927 -977 1294 -387 -67 -330 -904 313 -493 -221 209 64 450 349 15 -1305 -388 -135 -273 -803 -1437 -1013 -976 -328 -187 214 -1079 332 279 -683 170 632 1060 -794 89 822 -323 -203 207 -385 -627 -573 -693 24 -155 -786 -426 -250 -331 -203 199 1099 1190 -1347 828 -1509 179 32 491 320 643 1657 901 -1020 -82 1538 -363 -269 244 -87 247 -777 -564 507 249 416 -1287 106 -1353 -232 -18 -542 1281 -467 454 166 1901]
[-848 -820 -217 -615 -98 1186 659 24 -293 -1129 -547 340 -1201 -363 -513 21 47 19 -505 -317 -557 1059 267 -348 363 -614 -330 344 -113 599 -472 -407 1050 -130 765 293 -248 -573 61 734 28 666 858 -698 -183 -371 206 -84 -98 -1018 577 -266 17 -548 -1097 177 1095 -723 311 905 -193 -504 14 -932 -231 -762 392 -506 -1737 -29 423 -501 -467 598 135 -784 348 -756 1219 -116 -1062 594 -86 -576 -584 605 102 -462 -635 -787 405 -195 1020 -211 287 -937 255 -623 -339 -311 -158 -879 -402 465 673 239 -46 -119 835 -292 -364 -301 -153 -261 -434 -220 -414 220 -697 229 -491]
[49 293 75 466 -802 -148 364 582 528 -294 -350 288 158 -1395 139 -133 -602 837 366 1033 946 -207 -303 787 489 7 -724 550 -1326 -860 1558 -732 185 651 500 524 229 406 -894 -174 667 -179 -812 116 -813 -788 -392 -558 214 -275 329 -333 -207 -212 -505 315 -533 -1012 422 -526 399 -236 3 -300 1012 594 38 -253 -639 -428 -603 -834 -270 29 -282 -663 -345 176 921 30 777 883 577 732 629 360 -441 179 -235 -409 -73 246 640 -452 515 453 -4 356 508 356 471 -815 542 -247 -256 -85 -180 728 126 287 489 169 -300 -283 406 -175 455 -539 -471 -109 -257]
[-533 175 318 320 -229 39 1110 392 -234 278 -289 28 -329 -783 -1271 -431 431 425 662 493 -474 273 -375 384 299 -1019 71 -25 511 180 130 236 1062 -660 333 -306 -979 426 -1352 -338 157 664 263 165 416 158 427 -282 333 -388 1708 -565 186 -1085 -1455 -214 -42 944 -526 1929 80 -457 -858 -1180 -379 -383 225 402 -450 104 -315 294 -574 1365 827 -294 -403 1031 194 -384 -726 52 -433 492 -13 -504 -244 -41 -247 402 -250 714 1728 -362 -841 828 -221 805 255 -44 44 -465 1307 -377 214 -364 -1072 -77 349 -736 -895 -420 -207 -669 181 -382 1260 1 1492 354 -716]
[-16 -776 -219 809 641 15 -157 1668 383 181 557 883 334 279 380 -269 -101 229 571 569 755 2 -445 -549 -258 1390 -300 1012 -715 -1825 1318 208 354 472 -171 -176 937 384 -598 30 934 -470 -1036 -354 -411 1057 -401 368 249 613 -997 -231 248 955 956 74 529 -766 639 -1252 402 -215 153 1112 1048 -684 1018 -234 1161 143 -252 223 -236 -346 -1280 -46 133 -256 -756 324 107 -237 201 -8 932 230 155 59 1247 -99 99 -287 127 -9 247 634 249 -474 -258 -221 -736 -107 -623 -129 -1301 85 431 -555 -691 547 -657 456 -437 -123 -143 -661 -260 -81 -548 -454 607]
[-380 -1079 1359 -814 364 402 -11 537 -346 -1153 -571 457 -722 213 -643 173 584 -365 -427 28 151 674 167 80 -25 -106 86 -509 584 836 -747 -229 -574 -645 -482 -228 -469 -640 1129 -306 -875 -1063 7 -663 818 516 1284 391 107 -284 314 -300 -234 -1201 -367 -1324 -683 -487 0 -385 -1671 -473 -127 -245 -983 35 244 -10 -1701 1456 1189 -470 -512 -553 -333 -586 981 -377 773 -803 -398 -494 259 4 -11 1569 206 -1141 724 909 -452 96 522 -275 -148 -512 763 -1051 -51 -253 859 -554 110 448 1108 -405 -500 30 708 622 70 -489 -642 -977 -391 594 669 -550 917 -340 718]
[-674 118 -176 164 1901 168 1194 -709 1242 -571 -232 797 217 -408 756 -864 212 -785 1656 87 -316 -1076 719 -256 238 456 -119 428 -1547 696 -293 -64 377 326 754 -807 -310 438 536 -39 323 370 426 1480 -1476 43 117 -596 -380 -504 179 -359 -285 667 -633 316 -60 -696 -343 -357 -395 -462 197 -149 1310 282 -356 -919 -94 55 -155 -457 -288 -659 -679 -1731 473 770 -368 -488 378 -553 -12 364 -49 -81 125 812 403 -203 479 134 -120 850 671 1030 -120 -698 -439 938 -502 -95 1016 523 -85 340 -1068 78 31 503 -147 197 -837 174 -370 -639 456 523 -1435 -191 -153]
[-103 -521 1322 -453 100 824 -128 639 -242 -421 -107 231 -263 647 -208 29 -289 71 -639 262 -831 776 128 871 447 -606 363 1179 665 -189 24 -474 922 -272 1162 25 -97 -260 -124 -383 -497 1005 1515 11 1057 1296 -496 -490 265 -755 -429 287 299 649 -882 260 638 252 -1029 -205 -215 -536 -75 986 -715 -890 1204 277 192 -253 900 -1203 -288 381 -595 381 469 -862 -960 -336 866 1367 1671 -73 -607 654 312 71 -590 -464 -222 -287 21 -361 -303 710 -444 1023 -1472 -639 -212 682 -270 -2323 -289 409 -153 -174 1124 -561 -91 -524 -456 10 -500 -190 -1433 -274 190 -21 -185]
[849 491 -646 553 638 34 107 -112 -425 777 669 170 706 -15 -1078 -79 57 -591 174 258 -284 -464 745 421 -104 23 1854 -84 -868 -514 1447 -1037 885 840 159 -122 -6 -393 844 777 561 501 -690 -1010 101 195 -448 0 -54 -274 -1551 108 789 962 -338 566 462 150 353 19 116 -26 363 698 1148 177 608 7 927 -241 633 -217 -183 -122 85 895 -57 413 -434 -263 332 -878 -450 -433 -489 681 158 -779 -275 698 936 -559 -981 -1125 714 5 -547 -426 198 328 347 780 4 -1798 -650 59 236 1064 -454 59 411 -560 740 178 827 -1108 -1508 -13 -1246 -348 -35]
[918 425 232 -82 261 -228 1160 710 880 573 -119 -798 -417 -344 -609 834 -384 720 466 314 -760 -450 -639 692 405 352 997 284 -1347 -332 432 279 581 316 197 -418 -1270 713 731 -393 129 -918 -826 524 34 -304 -841 -153 775 -1304 -112 -103 167 664 -986 915 434 -84 -223 -657 446 -1470 636 1363 528 -920 596 -152 -708 -418 -465 -104 -100 -215 -805 -593 -653 83 357 -200 1130 486 1041 162 102 2 -140 -264 -259 -164 344 693 186 429 527 -163 -752 1305 188 183 1185 -234 1385 -239 -521 -186 -671 -782 488 -264 333 123 -1092 -690 -261 745 461 165 -554 -1431 -192]
[-14 -292 -441 531 -222 208 272 230 1048 660 -211 -933 374 -840 204 454 -780 -856 -327 9 1086 -370 -492 -1486 -927 296 193 -847 37 56 1006 1194 -313 1422 -505 1067 800 -595 -1 -96 481 137 -425 -456 -122 459 345 -288 -302 -193 -16 -156 -1386 -30 1006 -410 -277 -905 1404 392 508 -524 937 -263 587 -8 -773 666 -359 1962 -806 -60 -910 435 1773 70 -297 -41 861 502 -609 -407 -1462 75 848 -511 268 -1115 924 -264 -140 222 -965 226 -46 -1101 541 635 1932 114 295 -676 -402 1009 -611 -889 171 -50 -394 -224 1354 -59 414 797 556 623 650 -18 142 1134 -521]
[825 -202 66 -124 -119 -622 -41 153 999 -279 -434 -494 -308 663 119 529 902 -74 196 50 -555 -706 -249 -718 188 871 1165 -656 -335 450 404 405 246 -100 -643 -644 -690 -550 1459 -467 -38 -100 -288 -178 813 385 -122 107 -389 21 -317 -941 -543 74 -198 -790 -78 98 -370 702 -759 -90 748 431 1103 115 187 -392 -259 863 3 177 -804 -38 -354 -435 1258 668 -1003 -486 -296 -1031 -758 -1276 -290 340 -14 -1219 407 760 715 -37 -265 847 -559 386 424 863 1201 -633 712 -226 140 66 391 361 -370 -921 -291 161 -392 -703 1203 137 273 69 -626 1062 121 178 -300]
[645 -141 -1542 187 -572 429 1054 -702 -287 -180 271 726 1585 -403 -804 845 761 -55 -694 775 249 62 -599 -493 -27 116 186 -248 1247 -1 -642 -497 191 591 -1944 341 -406 630 516 605 -521 575 -494 194 -311 -600 522 -1404 -69 176 -879 334 -119 156 -64 -466 -18 373 456 -157 -398 -502 539 -658 170 -22 -130 522 97 -90 693 675 -566 -537 713 -1254 73 -383 600 -557 278 218 -1287 786 -485 -656 -631 -74 442 -382 -42 137 -370 -1003 83 521 490 64 796 536 1351 116 174 382 -92 537 -647 -273 537 396 933 -993 -376 148 1346 -413 -1019 -221 -123 98 584]
[111 484 636 224 335 -214 -663 78 -1058 224 -415 -129 -162 -55 -1136 -122 648 -296 734 -462 -1057 621 -339 695 87 -494 306 198 -785 520 -539 -445 147 183 920 -113 530 249 -456 -669 571 -1171 1200 103 -77 -839 238 98 -642 -274 686 -233 -395 -788 -947 -526 -973 -546 -320 1011 213 231 -84 -1500 -304 888 165 -107 -270 -88 -1086 711 573 175 1584 -127 -297 168 -949 50 -170 -528 44 181 -175 281 -199 232 6 -237 -543 611 14 -71 -250 174 -477 334 518 531 -220 30 1763 -408 600 -780 -1435 -99 61 -213 -232 621 -328 -649 -207 -86 1342 -66 983 -236 -269]
[-8 440 -235 -494 288 -369 -492 -1373 -536 1197 -20 -349 -507 -284 514 121 568 -1076 -318 -369 -88 -515 199 -874 182 -89 522 -1331 1255 967 -1149 -10 -52 -137 272 979 -22 -1030 -156 -139 -761 1033 1349 -855 196 776 -386 411 -75 -164 377 369 -39 -649 -590 84 1503 -215 361 252 431 -316 -1045 -808 -7 -443 -80 -509 -8 1084 56 470 820 490 566 1118 -108 197 196 110 -3 -646 -874 -585 1 -1156 204 -646 -1042 531 886 -979 -591 -715 2 -885 901 560 225 595 259 -1113 -920 183 283 420 56 -118 -522 -53 -605 -1692 1594 248 546 -754 -122 782 -264 42 -380]
[-852 -122 237 -205 15 387 836 -335 -64 -249 -233 -545 -361 529 388 -72 65 -296 520 -139 -542 -68 -677 -2 -430 265 824 -506 -271 288 238 -593 -385 -126 85 913 1070 -755 -303 1509 -420 1068 1235 -106 -228 297 141 762 -400 324 -501 -1163 -574 -674 -2226 -635 313 178 143 273 -1066 643 391 -1019 -96 -656 676 666 -283 318 936 -1139 431 -369 1223 597 -118 197 333 88 -509 -338 -733 332 -540 271 1171 -418 -505 -133 682 -513 565 101 -158 632 101 -1174 -648 -107 -71 -1301 -1566 -111 -455 -280 736 225 -7 -1195 -174 82 -1663 635 -133 -601 -931 -358 323 634 -234]
[-774 155 -813 -314 828 -823 -216 -67 102 1190 -1224 640 24 -1657 -117 -161 -1240 924 1307 187 -280 297 151 -246 389 -690 -366 -174 -966 -399 288 124 -291 -685 442 -70 436 668 -694 -687 768 -593 191 81 -923 93 -470 804 330 -263 1311 82 -860 479 -8 -441 529 -329 992 510 895 -250 -302 273 82 -175 733 -241 -120 340 -590 -559 583 833 310 1285 -994 -941 230 -344 -155 656 443 294 386 -17 -287 -183 4 -329 -68 94 123 429 636 -479 -418 229 1103 345 456 -481 1553 420 519 -574 189 401 703 -828 -583 -534 591 -972 629 -10 1119 -281 -1052 -736 -508]
[829 579 -292 4 44 -910 -224 30 225 -7 -110 -43 -839 -790 936 -278 -219 -769 -421 -221 -239 105 -708 -226 694 923 67 685 -36 384 -623 432 -458 322 -458 873 532 -404 -1893 114 560 557 -1405 -580 -722 -952 -765 -5 -16 884 757 18 53 812 398 360 -206 -445 426 -200 420 941 -329 -622 -519 255 -413 530 -315 771 -39 436 -780 386 774 -54 -185 -1188 359 337 -651 228 -23 -59 558 -547 -141 704 101 -488 -434 -139 -244 1555 72 -658 -183 560 -778 -689 -42 -680 -382 785 -93 627 454 -211 -1243 -336 -216 -101 -131 34 -1193 785 1166 -634 870 -273 -1031]
[-139 165 -208 -704 -182 744 6 -946 79 1152 -467 -351 397 -1 195 619 720 -1463 -277 329 122 -481 634 -466 163 -629 -416 -701 827 120 -911 1270 631 131 -6 -334 -1273 -309 -430 -320 -54 -576 139 93 -263 295 482 -188 364 -10 988 2 -181 103 256 -265 860 927 -776 162 1051 -321 -259 -491 232 -382 -19 -31 -136 1485 948 795 -215 716 141 -739 555 597 -353 834 -168 -860 152 412 89 -1087 -317 -234 -550 350 1387 911 -34 -391 603 -390 1041 368 -157 -169 -573 -514 217 -366 24 -113 520 -1421 -1014 197 -838 -93 359 66 -440 -423 471 852 266 -638 -628]
[643 -488 -116 -27 -74 -345 397 -283 53 -811 -583 1582 322 1015 731 292 1497 -146 338 245 -390 619 60 958 856 -117 -353 1617 -432 -744 -341 -661 52 -436 -178 -716 788 540 -372 87 83 -159 -1046 192 -713 -627 78 341 -260 -105 -403 -371 632 867 794 146 60 -1244 -1589 313 -641 231 -1283 -72 1191 532 -849 -24 1193 -834 26 181 885 183 -394 -748 1061 -33 -1092 480 -331 -262 413 -734 -551 498 -424 544 61 -263 -183 630 -290 -44 -804 52 96 -483 -1120 -313 -529 -8 272 -393 565 117 -81 -415 -1440 -259 -473 676 -903 -1420 -153 -151 -259 -356 -179 -463 1097]
[-393 1009 -203 649 -271 -177 -33 -547 697 30 -119 -37 711 433 285 -396 -1360 -499 -462 271 -28 -439 -233 496 -7 -203 -287 -435 -271 -100 -525 -443 -360 314 532 717 500 374 -41 1344 640 119 465 -16 -1203 -811 -563 287 -246 1664 68 339 -383 358 503 105 -86 1426 -137 -504 549 640 128 287 -192 579 151 746 112 -1280 385 -593 377 -156 468 424 188 -41 299 351 955 -261 231 524 -520 -1310 -693 1333 997 -135 -160 -811 29 173 688 1024 -637 173 -652 -520 -295 734 -447 862 806 329 1260 -187 977 -814 -197 498 -494 1420 -637 -202 -1052 -376 -840 -34 -1041]
[1068 -474 1201 478 24 908 237 553 -1084 253 152 -726 -41 1023 -180 -387 59 -555 -580 116 692 175 -148 -629 -379 -100 1501 -750 150 -748 586 540 80 508 -1883 -556 -645 -532 257 -755 907 154 779 -894 802 445 820 -926 382 -249 433 -397 -732 -899 -225 -799 -484 1025 4 182 -637 -691 2084 -292 -191 -524 396 123 59 835 -294 416 145 1325 1139 -1110 -326 436 -442 521 -782 -350 -186 441 127 274 -449 -878 447 45 223 929 -106 -401 -689 882 683 499 1231 -412 149 155 -49 -441 -305 -398 -470 -866 73 66 1164 560 -12 -407 929 59 209 874 997 998 404]
[339 -20 20 -13 -97 388 -841 324 -850 159 290 502 1239 736 -471 -554 -244 1362 813 -117 -1002 34 950 1435 379 758 250 454 412 -1482 1483 -497 68 -1254 322 890 312 -171 -315 -384 333 360 -531 -345 -192 1042 -33 553 320 -783 -418 -521 1536 -155 -122 -790 -172 397 -64 993 -931 206 -41 256 -914 -407 588 1043 60 531 -635 -474 -1094 -1111 -418 781 37 -20 -466 -228 -253 -56 49 373 404 1406 212 -701 293 825 137 -154 -1086 385 -1334 -554 -270 -191 -449 -418 -27 -141 412 -1246 -597 -392 -616 767 -21 -258 -681 -432 -55 -276 -984 -399 318 -139 1895 -1142 799]
[-457 -1113 1420 354 -281 -640 -515 898 219 478 604 271 243 744 61 480 993 192 64 639 -34 408 -1044 -859 -3 -112 195 980 290 -140 1201 1236 14 -890 -2221 -443 -10 659 -64 -622 -415 -68 533 84 831 -61 897 -330 842 108 99 -407 -447 -460 -206 -679 -215 531 -467 462 -965 -397 510 558 -312 -648 510 266 884 -11 -1171 916 625 1150 164 82 788 -60 -669 -636 -495 -1408 -244 160 295 -1 -405 -239 147 -279 -297 1212 336 537 -1031 911 960 1033 721 -492 444 271 638 -101 922 -522 -789 -599 -931 -1329 -656 143 -842 -656 -163 -29 128 1338 830 -170 1985]
[-1013 -760 -131 -307 667 506 -534 647 827 -468 587 63 -644 928 -147 376 1318 779 644 -1011 -219 1449 -912 152 -323 -8 -744 132 961 -212 -773 -927 -741 -1848 393 9 532 -484 332 -22 -1742 -15 2291 296 360 809 -158 1440 -534 170 -373 -1030 493 -1156 -1887 -20 789 290 -1375 743 -761 496 -2032 -649 450 -1250 1143 218 -159 -684 -125 140 1586 -525 -318 645 2 33 210 -664 -1148 926 220 -968 -446 611 809 -59 -292 -157 67 -176 790 -28 -487 -174 595 -352 -259 347 -456 -812 -1419 -164 -148 -995 -275 11 -75 -78 -721 740 -886 392 -431 -1146 -1304 430 317 -182 1035]
[476 16 -147 22 -148 -63 919 -226 82 847 -178 -742 -505 617 -206 669 338 -907 991 -172 -1279 -709 -909 1058 -1303 -415 -999 -556 137 301 -1684 274 -157 736 1353 -113 -191 119 150 908 428 1335 1016 786 597 -364 474 -1047 -904 -1686 925 269 1501 -311 -1617 351 -172 195 -851 930 700 1864 224 -777 308 771 59 325 -236 795 172 -440 -313 -665 388 -554 -602 448 -461 175 141 -44 -1135 -344 -166 135 1175 140 -1187 51 -237 -847 -390 -645 1125 475 -1149 -440 -1621 270 -842 -573 258 -512 -1265 507 -763 306 617 909 279 833 -651 37 -688 227 967 -1155 481 -3 -853]
[-312 114 -391 257 -374 354 -231 -433 -358 -511 989 -620 -568 -464 690 359 -94 -414 -1666 -550 732 -303 191 -103 -660 -30 -1272 237 -610 -525 -391 -76 421 1017 1165 719 93 408 -505 345 801 700 -1113 -955 737 -682 353 433 -261 189 -414 119 284 -12 1154 953 1416 -602 1116 -883 802 447 81 417 150 -210 -1470 -157 412 -586 471 -923 204 -782 -701 303 -473 -260 205 295 160 652 -226 -309 420 -748 144 147 229 -460 -300 -516 -431 30 811 -769 -836 -253 -998 -103 -391 -216 -1341 809 -76 937 820 -485 245 -61 -14 511 790 529 -413 135 -1661 120 -1164 115 -350]
[-713 123 -500 388 683 99 261 -419 -366 -964 70 -477 458 -772 -59 -241 289 579 -596 157 575 221 434 111 191 322 512 325 6 -467 734 -972 -537 367 845 -811 -445 -198 1351 -265 -599 -297 -378 -352 801 423 789 933 -223 286 -81 615 221 60 -659 -181 415 46 -187 -432 635 -778 -610 -268 510 1847 954 -58 -341 1311 395 306 -80 -501 -1037 -1379 724 561 124 89 -204 1813 -189 598 -433 -829 165 50 -135 -497 184 -150 116 232 -227 392 55 65 -314 521 -33 -614 -460 -108 308 579 815 203 1734 -830 -885 -816 -224 358 659 -857 -1517 1079 -1158 -481 605]
[-97 412 1305 331 -735 -648 753 623 -589 514 -216 -380 -309 -549 40 392 506 224 -701 -255 711 -334 586 997 671 120 1602 -413 -119 -1197 783 482 -527 558 -1268 151 -90 -487 -146 -565 -125 -175 -450 -233 971 55 148 227 906 158 1235 -985 -284 -194 -1228 -500 -827 399 -221 -505 -744 -421 28 -97 -53 289 -189 662 209 1950 -295 134 -667 -224 216 591 -388 1841 628 -157 835 478 -683 267 -182 -199 734 -624 136 -50 -644 -486 981 95 -1512 1167 600 1502 419 -1035 450 101 331 -906 886 -168 -36 775 338 -919 381 -743 -312 -695 178 -90 -481 852 819 438 431]
[449 -529 1194 1028 374 345 -855 580 1147 240 -59 1112 -94 1121 75 -165 -1349 310 -200 540 66 824 -198 -349 -837 -222 172 346 -833 1344 1327 -201 -750 579 -133 -124 1094 -1163 -1217 -204 -81 669 -545 -451 -1348 152 -575 160 -823 497 41 510 675 -203 1290 -617 -464 -1660 464 133 209 939 1264 491 364 -1132 684 262 373 414 -500 -1746 -677 -279 1403 991 -304 -886 150 177 -60 -300 -596 -560 -409 1203 -15 567 404 -787 14 -570 222 -260 -576 823 -297 -328 -682 -619 -560 808 604 -606 659 407 661 877 215 -1223 17 -420 -412 -457 962 -204 226 -1019 11 1072 -281]
[-839 382 -1435 -365 -308 16 96 289 -145 -44 152 411 36 -880 -723 1728 -325 378 126 -623 -323 -545 829 525 186 -85 484 -225 -974 -42 -1595 372 -98 135 726 801 300 762 271 -304 373 -138 712 702 -861 -744 -455 26 8 -177 146 198 -675 414 204 184 762 15 540 415 344 -1249 40 -250 279 -568 -914 458 206 -450 -506 -353 -948 40 -297 840 -268 -818 -524 -477 -322 1019 575 -692 112 -168 -926 677 1201 -110 -673 -121 -1545 225 488 -1031 -309 1383 1590 -93 681 -48 768 112 456 350 -311 -268 -370 -541 472 -749 737 -696 -839 239 21 486 -575 -331 -1312]
[809 -31 676 406 -203 -397 1088 1609 -352 166 1174 -1382 169 -294 -515 455 671 295 -267 -662 -182 -433 -372 375 -89 -425 469 188 -651 -1366 -156 840 488 736 -413 -994 -814 501 1169 -661 19 290 282 361 71 150 31 -1357 135 -42 -628 4 149 573 -46 588 -549 416 -63 -154 499 -365 172 526 -603 -499 53 98 248 -273 -1238 613 776 -142 -674 -694 223 1991 412 -336 821 264 -297 221 -29 -412 1181 -924 533 -89 -381 1213 394 -885 -559 262 410 1918 965 51 208 -536 358 -148 3 -837 -1137 662 -374 -255 488 498 -1255 -177 975 988 -1512 1090 -375 -64 458]
[-343 16 -903 -680 -58 -107 -74 -488 -1203 221 130 335 -592 713 -835 687 -38 -879 -358 326 375 99 -197 216 -736 -113 1629 -504 -96 798 706 -664 338 1081 -60 465 404 -411 616 872 67 529 -690 -332 678 -271 -111 1378 -437 -602 -1357 330 -5 -447 -989 -6 317 -426 582 -961 1079 -436 1123 -253 -105 180 453 -25 -646 160 650 -588 -190 -258 5 502 -1169 -1205 128 -537 449 0 442 627 -216 318 159 -706 -560 -1091 -113 -318 -504 -1492 955 1272 135 -164 659 1359 1030 643 -173 84 373 95 804 339 1362 237 760 -18 46 -986 675 -175 -198 8 -562 121 488]
[-610 -240 547 345 -643 -1051 -920 1122 192 -647 69 -127 -416 -378 -226 526 280 122 -293 205 380 752 460 -591 641 -232 304 189 979 -690 869 -61 236 -180 216 80 1652 -429 6 -1292 -727 197 796 -75 815 625 -688 295 -5 1001 -326 -288 -238 15 253 -946 -7 -361 929 464 -579 48 -747 279 -327 1071 149 378 461 1846 496 -194 121 -817 27 564 1160 501 333 -997 724 113 -1281 -353 -265 114 274 87 226 804 -385 137 311 -95 -678 334 335 1299 206 -1618 856 976 -398 -739 980 -637 -484 283 -47 -71 463 -571 372 593 413 -109 -297 397 197 352 -247]
[731 -317 -15 802 800 392 -706 692 168 35 -125 379 742 848 31 -617 388 -400 -582 292 640 312 40 -803 -492 459 -43 -675 702 -419 103 250 -404 -832 -397 -638 -531 339 400 -72 11 -490 -762 -1175 604 932 614 145 41 553 -170 754 13 -1049 305 -707 -328 233 926 -179 262 -354 -109 -159 -1439 348 91 287 -653 326 407 135 574 -9 494 -724 -292 -355 -457 670 -956 -44 183 692 155 526 -944 -144 920 307 110 372 468 -418 -456 -337 469 -16 538 333 223 -270 -63 1405 14 -654 -486 -106 22 823 -618 348 -411 -325 -349 405 401 740 496 -893 676]
[847 -42 674 353 -360 -136 -592 525 144 586 -142 -1089 -227 -131 -952 -652 -141 411 -16 309 262 -28 -87 -779 131 -41 1273 -1201 -1027 636 878 627 583 1064 -1075 -1457 -246 -199 328 -803 1248 -537 891 -84 -371 121 -260 -840 -299 100 -825 -1018 -652 70 -611 412 -1477 -173 853 1666 950 -146 1710 -61 -61 -128 450 1 241 7 -1195 288 -734 548 1289 -303 -834 124 -163 53 -270 -1002 -817 -165 -579 394 609 -920 373 102 -209 524 985 -110 -28 1766 747 1166 1419 371 229 1188 883 -67 29 -376 -375 7 526 597 1056 549 401 -62 1110 308 975 427 -221 1237 -710]
[-893 -647 -354 -105 884 502 -387 -183 530 1057 148 11 637 451 -171 416 -98 -39 206 870 377 -526 -103 -625 -1528 273 1595 -1049 -515 232 905 1089 -252 1233 335 -3 1510 -499 1912 283 118 -266 -418 -401 -1101 796 697 411 -280 -403 -244 -423 4 -31 -271 -630 297 -384 1355 -130 -371 -610 524 126 133 705 -57 585 144 1197 -58 44 -928 -146 -6 1103 -610 -203 -198 -537 -264 -274 -1426 -394 719 628 611 -1035 667 -165 1147 237 -421 8 -205 -1431 -43 -771 1155 -32 -355 -539 255 355 -7 -651 232 1325 -530 -582 310 -391 -8 -278 351 -669 363 -208 5 -73 -614]
[622 -349 1040 96 -924 -632 896 -412 928 -400 374 -917 766 354 216 9 550 927 -11 738 648 279 75 -334 909 -154 667 -109 -380 -812 569 -931 658 828 -1412 -344 -53 547 48 -58 356 -155 -49 -688 -686 -1124 144 -594 440 169 -636 -1501 202 -150 -135 1277 -1286 408 144 -1042 -1531 210 435 568 1071 15 -436 1179 479 -96 173 -443 322 118 253 -234 0 621 266 751 690 -1208 -1553 2 184 118 -596 -1305 525 1071 -56 1164 -84 121 -197 584 -396 239 -880 -837 784 -722 760 -246 -196 24 -592 641 -1189 -290 776 -879 -585 -228 1104 149 -602 -1107 109 -760 326]
[-429 -142 1266 515 -669 773 -68 41 -646 -132 197 -352 518 -1002 -39 521 -609 -193 -875 1376 868 47 -531 -19 -607 -842 -444 -337 1207 -423 290 -771 734 542 -1396 1074 937 -153 18 1017 1321 -338 1069 -609 -373 -230 -101 -630 747 762 21 -798 486 10 -350 569 -1213 436 -106 -342 -749 -511 588 -19 400 -560 32 869 -559 -193 -145 733 -331 614 471 6 -559 -54 1299 -687 1138 -322 -788 786 1450 -435 668 -35 966 291 -48 314 597 -801 -302 941 174 184 241 -238 646 549 137 303 -89 15 -505 325 878 121 2000 -156 -609 -270 1571 -90 -456 -117 -475 40 98]
[479 -1175 -175 1211 -71 -987 1042 687 482 -718 803 739 1191 -642 1 -64 -805 833 396 134 665 15 677 -157 740 230 -901 462 -1075 -2507 -52 639 365 549 273 274 137 833 -796 976 1332 -257 -890 -294 -539 -750 78 -768 672 24 1043 -740 -42 1153 1507 1212 -179 -48 -346 -597 -783 325 -81 1070 1274 287 -575 710 1264 -911 -206 143 -352 184 -187 517 -220 -144 -605 309 450 139 -678 -119 93 -712 -87 480 1551 -374 -905 227 1028 148 -108 -356 -1098 -38 -1200 -1546 -11 637 103 -927 -527 303 -566 414 -204 785 333 414 713 -107 -128 -924 -527 -748 -844 559 -396]
[-928 389 61 -793 -337 -473 -74 916 -307 -138 -834 -644 -513 -848 -38 -796 258 -95 -760 78 136 -922 -434 434 -176 -399 1122 -238 -628 746 -955 -165 -197 345 -339 252 -232 -266 453 412 226 -263 768 134 125 676 -43 -346 -101 145 214 -300 -789 -342 -211 -139 132 710 616 1280 73 -45 1196 502 166 -996 -249 -1460 -1040 80 -61 405 -301 1770 -672 -12 691 803 932 -763 -526 299 -46 -466 1080 757 1371 -971 -142 389 174 -241 400 1068 -523 -759 808 -163 2232 -59 -458 -14 -610 -101 -458 -501 591 298 765 246 634 -909 365 1115 -310 586 -234 873 -1066 1364 -342]
[-125 403 238 123 -276 -514 143 531 822 -700 -217 -575 245 -859 448 -139 145 643 -80 645 -285 -99 435 1634 479 -746 -1174 279 541 -1199 -843 -1562 91 451 594 1045 -247 -44 -1622 197 103 235 -774 -407 -731 -318 -119 -87 369 -258 137 -202 1222 -370 -781 1018 650 563 -343 -525 358 549 -1600 226 -67 593 844 333 -1014 771 469 307 348 -566 -573 55 -952 -526 541 229 682 223 -151 903 677 54 -744 277 -1445 299 273 89 -726 54 77 -974 -1630 17 -842 -232 693 -302 99 433 -1229 -200 -665 -286 792 -383 -69 809 -750 432 -533 345 495 -974 -135 -1741 277]
[-338 -342 625 434 545 260 827 -273 334 357 944 382 -1644 313 -959 291 -599 -639 -426 -460 -900 -134 -664 -1237 -35 476 559 412 -723 743 -130 223 1005 1242 296 110 741 303 -317 -125 -44 1194 578 -14 85 -1168 -337 -578 -363 25 -632 685 157 94 -1161 -369 797 -810 413 450 505 -833 -68 69 -127 -333 563 -896 29 -1146 -1037 -26 140 875 185 30 -29 -224 190 -341 431 -196 -399 284 -689 -590 339 -34 -604 -537 150 -180 645 -184 1319 262 -303 -154 -47 682 134 -261 -168 -337 472 -132 -6 -338 171 -2 119 200 559 143 625 -561 -98 64 -1003 545 -425]
[140 1138 -749 793 562 378 -204 287 641 359 277 -930 -557 -358 -176 344 -570 -230 -796 425 451 -518 -64 -1199 -868 1471 1102 -803 266 1015 94 -518 422 980 759 994 149 -719 924 1548 121 619 -1248 -770 292 -43 -411 800 -21 439 -48 642 -369 474 572 423 -445 -176 1009 -981 558 -393 -516 -333 -578 1463 -190 -245 -1339 844 601 153 -531 -398 120 447 -634 -973 615 -325 -230 627 155 -2 239 -159 -417 288 60 -78 60 -354 -591 -909 551 -660 -260 -893 1256 105 439 -488 -337 445 65 -99 381 246 -51 313 955 350 804 520 43 841 -1186 -55 -1092 -678 -1276]
[-424 -361 -177 197 -997 1209 412 -151 195 278 -170 286 743 890 198 -217 23 517 69 -1212 590 871 1193 -133 -334 -158 -968 54 1011 -569 1010 -113 -275 -1231 148 276 -638 43 38 -482 -940 -322 1022 580 1026 -266 527 -320 606 84 -1598 338 -63 -601 314 813 -1011 -190 -36 -383 -878 -376 212 -9 -115 -1490 -110 405 882 -1402 -71 -1665 1466 -694 656 5 814 31 -149 739 -323 514 700 -438 -681 1080 242 -77 852 -183 -1183 -718 -431 -368 500 310 288 185 -77 -5 189 529 422 -881 -177 74 -303 491 -565 485 776 -135 -290 -479 403 794 -1180 -283 20 948 1060]
[381 -124 -68 -751 8 -383 -18 -558 351 455 -696 182 -135 -296 601 -192 -570 -344 -354 -70 -478 528 -217 -738 -17 -203 -309 -419 -255 1269 -728 692 427 -321 -354 671 177 -94 -151 -437 -129 -785 -689 -226 -257 8 -349 -387 -79 -282 559 44 -580 215 580 504 -373 -287 574 667 -530 -427 291 30 -832 -197 -970 357 -1099 284 -196 130 121 474 625 302 -736 -1677 -1097 -116 -173 -141 570 -7 607 659 457 -140 971 61 -620 152 -36 204 -317 -1490 359 222 360 -78 364 -10 552 584 -22 -1101 -917 -349 -536 231 -205 -809 297 -282 -1005 1676 1816 -156 669 -273 -25]
[1657 -482 -117 -870 -643 600 1311 -1007 -718 218 -931 -128 873 647 1006 191 354 -119 429 -119 315 -69 -507 -699 -456 69 -1184 -440 377 -52 -258 1502 -793 -1303 -1641 -1302 -951 315 399 -716 16 -512 -668 -8 -1328 106 1013 -508 76 -113 -158 -23 -697 -340 1008 -262 -862 155 -14 -107 -716 -288 504 -651 -466 -257 -1883 1395 -177 348 534 -960 343 829 797 -1378 -472 524 -180 730 -724 -400 552 126 445 231 -329 -986 1267 -61 120 978 -31 92 -377 -692 898 186 90 733 688 -1019 966 1458 443 -348 -404 -977 -934 321 -550 215 -1627 -598 82 1226 914 -492 1534 -203 739]
[-575 34 495 670 19 937 -816 929 342 -156 -591 -1211 -4 -261 -20 -1121 97 -159 -383 952 565 362 -421 503 73 164 1365 695 240 -148 1238 -18 314 -447 1347 679 257 -267 552 249 -355 325 -435 -865 821 1695 193 935 -326 -630 -194 227 -857 -1110 -807 -1062 113 342 658 779 231 -554 1225 -70 -675 -473 772 -439 -1628 1947 873 -828 -189 629 267 -330 567 141 712 -233 -938 335 306 88 823 876 -544 -663 -1262 751 1355 -46 544 -611 -1534 -695 631 -601 928 -772 609 -684 -298 -683 -1373 -316 205 -259 922 -625 -222 -327 -182 809 -718 572 247 1043 618 249 447]
[662 -578 156 -200 -373 -766 1390 -370 -12 -167 772 973 346 -118 -797 628 524 -164 -1067 589 -748 415 -773 -554 -68 721 906 259 -1174 -633 742 285 616 -249 -154 1100 -835 152 495 -221 -331 84 -453 -1284 817 -1365 104 -670 106 -114 -1080 1391 59 -19 -209 -192 -289 -283 552 -1428 -551 -1584 309 1079 444 -1076 -915 -418 -115 -1638 -676 52 701 1394 355 -140 -66 -635 -1054 -652 -202 690 529 183 -1056 968 -339 -492 748 -18 -39 -500 862 218 1187 -1425 289 623 1175 803 2340 -155 -383 197 536 -526 -1436 -653 70 1265 -245 -891 477 -22 171 -641 -1591 878 -57 -87 814]
[-743 372 -695 -781 1004 -83 268 -137 49 -713 439 -165 330 -406 283 98 11 390 -9 324 -947 -334 183 754 -590 -688 -3 -720 -43 660 -701 -388 172 -377 182 307 -46 -387 239 -267 -139 218 338 486 -840 754 -277 416 -193 162 387 -1051 576 178 -1170 -432 1392 1295 -52 661 -79 -38 -1231 -146 -1349 524 383 918 -1096 -118 199 156 -555 -581 -574 108 -779 -50 -938 -1004 148 234 -134 315 181 -266 -97 -291 57 211 439 311 -304 649 -497 -914 -379 777 217 107 -231 -733 -255 581 487 41 -412 -22 742 -418 -492 -502 -732 722 -335 213 -435 42 -103 -908 -598]
[-1241 -234 943 822 -19 -105 -611 1624 -116 2 179 -388 -192 -508 -951 -45 343 308 226 -526 49 -600 -196 1020 348 -396 201 1649 -128 -115 59 -583 -95 138 650 893 93 532 -733 1090 102 839 650 792 640 -112 794 -710 411 -251 413 479 421 -521 -587 418 -17 -409 -213 1011 96 185 -72 288 284 -221 100 -1138 -703 -682 -825 -54 158 -65 -558 254 548 1590 1683 -567 404 19 -96 758 164 -450 867 164 -859 -59 -332 265 376 285 -503 251 -1145 282 -114 -634 -77 219 405 -910 -217 -570 -237 1540 795 -821 465 575 -191 399 611 -676 692 -121 -307 1016 183]
[-290 -32 137 192 -1054 -96 1478 297 1186 -240 133 751 610 -127 -282 382 -342 549 -104 590 34 629 139 -253 486 -125 -1143 -726 -778 -800 -627 460 566 925 389 -688 474 432 87 -739 -198 -950 -61 -959 -668 -511 -398 -145 364 78 -399 -979 -277 -753 465 -524 399 -165 367 -562 -555 -196 1054 606 240 -1872 -499 629 142 92 2 -258 590 627 622 523 -4 -462 19 641 -621 -883 -714 -409 -162 940 -273 160 1304 -37 -590 206 598 -883 570 -334 646 -671 862 -238 594 -92 117 1247 98 -887 -220 -977 151 -449 -12 -247 -1102 574 -1044 259 -284 712 492 194 -111]
[435 57 269 -33 449 10 732 -856 490 793 -963 787 -61 41 419 -2067 595 556 237 -166 996 1564 132 -888 769 558 -441 -411 -676 -1039 680 -597 23 -983 -874 -765 -501 -917 -212 -370 225 -765 -434 -2039 -351 -498 273 230 551 -358 146 -663 -290 227 80 512 -626 419 -108 -1002 -1180 290 182 151 988 -935 -356 -134 154 -29 137 -530 1345 651 385 -251 -751 491 1215 788 -980 -50 29 -1097 287 1279 -317 -1380 238 -240 156 -273 1057 730 211 -254 750 -915 608 103 101 -726 797 540 -30 -575 -122 204 -312 478 -526 -120 -28 -270 -110 188 -567 118 -91 77 876]
[-836 -467 259 515 -355 276 -939 862 173 -157 133 355 -369 -540 -483 -26 -160 629 -132 -465 -663 312 842 366 -678 -1277 -876 1796 -1026 138 387 770 1673 -164 2037 566 39 727 -954 -151 1362 -566 -639 -183 370 -330 -275 621 -403 -11 76 558 275 232 1438 225 607 -929 795 1706 789 247 13 924 133 -1200 -838 -11 235 -820 -426 -476 -43 1003 198 990 813 -31 -605 -324 -366 -805 303 -1115 -81 200 -609 981 300 -304 -241 666 -623 638 644 -1654 -1982 485 549 -675 -522 1314 1195 78 335 -811 -426 -938 -219 -1196 -543 960 1281 -407 -485 88 813 520 -232 53 -902]
[368 -1044 -205 649 -968 1038 -241 -438 871 -484 146 818 353 330 -155 -824 -1104 586 -204 -557 253 676 736 179 452 -907 -1062 446 1342 -1173 -163 203 -238 -849 237 745 -593 784 -1054 -1187 -440 -286 -483 65 -4 990 245 -395 328 -338 180 -239 656 -713 -378 -192 803 -173 -748 1125 -356 -136 -445 -90 -49 -1408 -91 602 491 -91 -153 -287 3 -398 105 -55 865 -376 771 478 -754 184 -476 -60 -539 167 -1104 -143 -288 -7 348 64 -478 -421 -73 42 60 -697 -858 -209 -169 521 -276 -426 -926 -165 457 -911 3 344 289 36 698 378 -354 -683 1120 -172 1589 805 120]
[-351 1561 -14 -34 1367 -355 820 872 -60 67 13 -423 -793 -1145 -625 -562 -582 -90 413 237 -518 34 -37 -406 322 -384 529 -1077 -791 445 230 -174 1135 290 541 -1492 -317 -393 432 -9 270 -559 415 552 -131 292 -289 501 455 171 334 -355 -201 1297 -579 670 50 -38 -214 100 600 -433 -1275 -63 -64 1073 952 -856 -565 -462 -806 1538 -194 -302 -1129 -832 -1256 1150 1295 -731 568 -212 627 173 747 -827 1 444 752 -210 104 128 1253 571 46 1086 -117 642 424 -196 -101 420 440 671 621 -502 -76 385 1420 31 454 985 -694 491 443 514 326 480 -979 -121 -899]
[-230 -441 82 -153 -282 -66 -863 185 66 -728 36 783 388 243 -245 -42 322 -129 -156 -515 -763 1104 -93 502 464 -694 -665 821 863 -827 -759 -92 528 -1072 35 356 396 559 -1739 -287 775 -469 -691 -323 -168 -647 508 189 -462 621 270 285 870 828 647 -513 385 727 -201 332 190 713 -536 264 179 -594 -647 947 7 -48 241 79 -841 -905 683 83 632 -9 220 -267 -1362 -400 -591 -301 -103 535 -884 98 -420 291 -549 -78 441 641 -149 -1056 -407 -45 -649 -661 -237 32 473 984 504 -138 322 -965 -593 -588 -1490 739 -190 27 -636 -192 667 -111 1000 -649 368]
[487 413 -552 439 -95 598 -1119 -182 464 -30 198 539 829 1280 -11 164 -1122 -322 -48 -30 325 21 172 55 -935 417 -1233 -566 125 -349 303 -207 -791 -344 -133 122 -50 151 -17 792 -665 -342 -829 582 -365 -301 494 566 -290 591 -885 620 1468 26 667 802 -451 282 -198 -729 497 378 -302 -530 -427 687 -131 1017 457 -323 167 -330 -462 -1622 429 165 -1088 126 -266 434 -513 -183 325 330 -167 964 -585 689 -51 -560 -249 -362 -94 -72 599 1074 292 -889 -1367 1039 -166 915 150 771 -145 -5 1206 192 -323 409 437 1201 -1139 522 -133 583 -140 48 -57 -511 115]
[1357 449 -208 -173 849 -1448 -291 107 226 -333 -789 1237 123 -554 178 147 -1244 1025 634 -369 -587 396 664 948 525 332 -674 306 -714 -581 -1076 -122 -486 -557 481 -948 42 1048 152 -598 -494 -1744 -631 547 -769 -191 -1685 211 -373 -407 266 -58 -254 159 585 -988 318 -513 -309 60 59 -169 284 999 -607 -412 -624 410 -693 -384 -95 -1541 -100 -447 193 208 -852 -1274 -1296 -847 975 1593 1573 -203 -436 1153 -406 66 134 326 -701 -157 265 239 97 4 296 1230 -38 672 637 778 1105 -173 -271 145 -259 -15 1371 672 -435 -927 -484 -779 -423 1874 609 473 -273 -799 416]
[911 -39 773 -546 467 -813 -331 53 -215 214 69 363 -377 688 428 -686 696 1007 286 -1191 -1372 933 451 542 834 555 -447 1276 7 -1316 -1045 -523 379 -831 -64 88 -66 -96 -928 -1419 -425 -1063 658 809 -147 147 -824 265 -119 -1075 -264 -289 495 260 -595 280 440 -330 -816 339 -609 500 -32 344 282 -1691 -598 229 388 -551 -305 -239 1188 -223 270 467 -57 80 -793 -846 884 488 920 -1196 -421 1319 296 -303 -756 -203 -426 404 496 -84 22 -566 420 1162 -253 -23 -676 411 339 -955 -434 -544 -729 -399 -474 1020 -553 152 157 -719 -108 257 223 642 198 -132 1069]
]
